2	0.00	14.56	862.09
	1014.73	0.00	14.47	874.14
	1014.75	0.00	14.47	880.13
	1014.76	0.00	14.44	889.15
	1014.77	0.00	14.44	899.17
	1014.78	0.00	14.43	904.18
	1014.79	0.00	14.42	907.19
	1014.80	0.00	14.40	908.21
	1014.81	0.00	14.29	928.21
	1014.83	0.00	14.30	937.22
	1014.84	0.00	14.31	935.19
	1014.85	0.00	14.25	941.23
	1014.86	0.00	14.18	943.28
	1014.87	0.00	14.17	946.30
	1014.88	0.00	14.15	948.32
	1014.90	0.00	14.10	945.34
	1014.91	0.00	14.15	917.34
	1014.92	0.00	14.15	920.35
	1014.93	0.00	14.14	922.36
	1014.94	0.00	14.10	944.36
	1014.95	0.00	14.17	919.36
	1014.97	0.00	14.14	941.36
	1014.98	0.00	14.21	919.36
	1014.99	0.00	14.14	924.33
	1015.00	0.00	14.23	911.34.65	825.00
	1020.64	0.00	14.61	818.01
	1020.65	0.00	14.60	813.01
	1020.66	0.00	14.59	815.01
	1020.68	0.00	14.57	816.02
	1020.69	0.00	14.56	818.03
	1020.70	0.00	14.56	826.05
	1020.71	0.00	14.55	834.07
	1020.72	0.00	14.53	839.08
	1020.73	0.00	14.51	845.10
	1020.75	0.00	14.49	847.11
	1020.76	0.00	14.48	854.12
	1020.77	0.00	14.43	844.12
	1020.78	0.00	14.43	857.14
	1020.79	0.00	14.42	867.16
	1020.80	0.00	14.37	871.19
	1020.82	0.00	14.34	875.21
	1020.83	0.00	14.32	876.22
	1020.84	0.00	14.26	872.23
	1020.85	0.00	14.25	872.24
	1020.86	0.00	14.23	879.27
	1020.87	0.00	14.20	886.30
	1020.89	0.00	14.18	887.32
	1020.90	0.00	14.16	887.33
	1020.91	0.00	14.14	890.35
	1020.92	0.00	14.05	916.38
	1020.93	0.00	14.01	919.41
	1020.94	0.00	13.98	914.42
	1020.96	0.00	13.97	918.43
	1020.97	0.00	13.97	922.42
	1020.98	0.00	13.96	924.43
	1020.99	0.00	13.97	928.44
	1021.00	0.00	13.97	931.44
	1021.01	0.00	13.98	930.44
	1021.03	0.00	13.97	932.44
	1021.04	0.00	13.95	931.45
	1021.05	0.00	13.93	933.45
	1021.06	0.00	13.93	935.46
	1021.07	0.00	13.91	934.47
	1021.08	0.00	13.91	934.47
	1021.09	0.00	13.87	929.48
	1021.11	0.00	13.85	932.48
	1021.12	0.00	13.82	930.49
	1021.13	0.00	13.81	938.50
	1021.14	0.00	13.78	938.52
	1021.15	0.00	13.76	940.52
	1021.16	0.00	13.74	941.53
	1021.18	0.00	13.68	936.56
	1021.19	0.00	13.67	942.57
	1021.20	0.00	13.61	931.58
	1021.21	0.00	13.58	933.60
	1021.22	0.00	13.54	937.62
	1021.23	0.00	13.51	937.64
	1021.25	0.00	13.50	938.64
	1021.26	0.00	13.48	943.66
	1021.27	0.00	13.46	943.67
	1021.28	0.00	13.44	943.68
	1021.29	0.00	13.44	944.68
	1029.31	0.00	13.66	899.51
	1029.33	0.00	13.65	896.51
	1029.34	0.00	13.65	899.51
	1029.35	0.00	13.64	896.52
	1029.36	0.00	13.64	896.52
	1029.37	0.00	13.65	900.51
	1029.38	0.00	13.64	901.52
	1029.40	0.00	13.65	898.52
	1029.41	0.00	13.63	901.52
	1029.42	0.00	13.64	899.52
	1029.43	0.00	13.63	897.52
	1029.44	0.00	13.63	896.51
	1029.45	0.00	13.64	895.50
	1029.47	0.00	13.58	886.51
	1029.48	0.00	13.65	899.51
	1029.49	0.00	13.63	899.51
	1029.50	0.00	13.63	902.52
	1029.51	0.00	13.63	899.51
	1029.52	0.00	13.64	900.51
	1029.54	0.00	13.65	898.51
	1029.55	0.00	13.64	898.50
	1029.56	0.00	13.65	900.51
	1029.57	0.00	13.63	896.51
	1029.58	0.00	13.65	899.51
	1029.59	0.00	13.62	897.51
	1029.60	0.00	13.62	894.51
	1029.62	0.00	13.63	896.51
	1029.63	0.00	13.63	896.51
	1029.64	0.00	13.64	896.51
	1029.65	0.00	13.65	899.50
	1029.66	0.00	13.65	896.51
	1029.68	0.00	13.63	897.51
	1029.69	0.00	13.63	897.51
	1029.70	0.00	13.64	898.51
	1029.71	0.00	13.63	895.51
	1029.72	0.00	13.64	898.51
	1029.73	0.00	13.63	896.51
	1029.74	0.00	13.65	893.48
	1029.76	0.00	13.62	891.51
	1029.77	0.00	13.64	894.50
	1029.78	0.00	13.62	894.51
	1029.79	0.00	13.65	892.50
	1029.80	0.00	13.64	898.51
	1029.81	0.00	13.64	894.51
	1029.82	0.00	13.65	896.50
	1029.84	0.00	13.67	896.47
	1029.85	0.00	13.65	896.50
	1029.86	0.00	13.64	895.50
	1029.87	0.00	13.64	894.51
	1029.88	0.00	13.63	894.50
	1029.90	0.00	13.63	891.52
	1029.91	0.00	13.65	894.51
	1029.92	0.00	13.64	893.51
	1029.93	0.00	13.63	891.51
	1029.94	0.00	13.63	893.51
	1029.95	0.00	13.66	892.51
	1029.96	0.00	13.65	892.51
	1029.98	0.00	18
	1032.37	0.00	13.32	919.68
	1032.38	0.00	13.30	921.68
	1032.39	0.00	13.31	920.67
	1032.40	0.00	13.32	921.68
	1032.42	0.00	13.32	921.68
	1032.43	0.00	13.33	913.65
	1032.44	0.00	13.34	916.65
	1032.45	0.00	13.33	916.65
	1032.46	0.00	13.35	917.65
	1032.47	0.00	13.35	918.65
	1032.48	0.00	13.38	923.65
	1032.50	0.00	13.37	916.65
	1032.51	0.00	13.32	908.65
	1032.52	0.00	13.37	919.65
	1032.53	0.00	13.37	919.65
	1032.54	0.00	13.37	919.65
	1032.56	0.00	13.37	918.65
	1032.57	0.00	13.34	910.65
	1032.58	0.00	13.35	911.64
	1032.59	0.00	13.35	912.64
	1032.60	0.00	13.38	914.64
	1032.61	0.00	13.38	915.64
	1032.63	0.00	13.37	913.64
	1032.64	0.00	13.37	913.64
	1032.65	0.00	13.39	915.63
	1032.66	0.00	13.38	916.64
	1032.67	0.00	13.37	916.64
	1032.68	0.00	13.37	915.64
	1032.69	0.00	13.37	911.62
	1032.71	0.00	13.35	913.65
	1032.72	0.00	13.36	916.65
	1032.73	0.00	13.36	917.65
	1032.74	0.00	13.36	915.65
	1032.75	0.00	13.38	917.64
	1032.76	0.00	13.37	916.65
	1032.78	0.00	13.36	916.66
	1032.79	0.00	13.36	919.65
	1032.80	0.00	13.36	917.65
	1032.81	0.00	13.37	918.65
	1032.82	0.00	13.36	917.64
	1032.83	0.00	13.35	917.65
	1032.84	0.00	13.34	918.65
	1032.86	0.00	13.35	920.65
	1032.87	0.00	13.36	919.65
	1032.88	0.00	13.35	918.66
	1032.89	0.00	13.34	916.66
	1032.90	0.00	13.35	921.67
	1032.91	0.00	13.34	923.67
	1032.93	0.00	13.33	919.67
	1032.94	0.00	13.33	919.67
	1032.95	0.00	13.32	919.68
	1032.96	0.00	13.32	919.68
	1032.97	0.00	13.32	918.68
	1032.98	0.00	13.36	920.65
	1033.00	0.00	13.35	920.66
	1033.01	0.00	13.34	917.67
	1033.02	0.00	13.37	918.66
	1033.03	0.37.80	0.00	13.57	897.56
	1037.81	0.00	13.56	898.56
	1037.83	0.00	13.55	894.55
	1037.84	0.00	13.55	888.53
	1037.85	0.00	13.57	894.53
	1037.86	0.00	13.56	892.54
	1037.87	0.00	13.55	892.55
	1037.88	0.00	13.55	893.54
	1037.90	0.00	13.56	896.54
	1037.91	0.00	13.57	897.54
	1037.92	0.00	13.56	897.54
	1037.93	0.00	13.57	897.54
	1037.94	0.00	13.57	897.54
	1037.95	0.00	13.55	899.55
	1037.97	0.00	13.55	896.55
	1037.98	0.00	13.56	898.55
	1037.99	0.00	13.56	901.55
	1038.00	0.00	13.55	899.55
	1038.01	0.00	13.57	902.55
	1038.02	0.00	13.50	894.56
	1038.04	0.00	13.50	894.56
	1038.05	0.00	13.52	895.56
	1038.06	0.00	13.51	896.56
	1038.07	0.00	13.51	896.56
	1038.08	0.00	13.53	897.56
	1038.09	0.00	13.53	897.56
	1038.10	0.00	13.53	897.56
	1038.12	0.00	13.51	897.56
	1038.13	0.00	13.50	899.57
	1038.14	0.00	13.51	900.57
	1038.15	0.00	13.50	899.57
	1038.16	0.00	13.50	900.58
	1038.18	0.00	13.49	900.58
	1038.19	0.00	13.48	899.58
	1038.20	0.00	13.48	897.58
	1038.21	0.00	13.45	892.58
	1038.22	0.00	13.44	893.58
	1038.23	0.00	13.46	896.58
	1038.24	0.00	13.48	898.58
	1038.26	0.00	13.47	898.58
	1038.27	0.00	13.47	897.58
	1038.28	0.00	13.48	899.57
	1038.29	0.00	13.46	896.58
	1038.30	0.00	13.47	899.58
	1038.31	0.00	13.46	897.59
	1038.33	0.00	13.48	902.59
	1038.34	0.00	13.45	901.60
	1038.35	0.00	13.46	902.59
	1038.36	0.00	13.46	901.59
	1038.37	0.00	13.46	903.60
	1038.39	0.00	13.45	901.59
	1038.40	0.00	13.46	901.58
	1038.41	0.00	13.45	902.59
	1038.42	0.00	13.43	902.60
	1038.43	0.00	13.43	902.60
	1038.44	0.00	13.42	904.62
	1038.45	0.00	13.42	902.61
	1038.47	0.00	13.
	1040.86	0.00	13.36	887.59
	1040.87	0.00	13.37	891.60
	1040.88	0.00	13.38	896.61
	1040.89	0.00	13.40	898.61
	1040.91	0.00	13.39	898.61
	1040.92	0.00	13.41	899.60
	1040.93	0.00	13.39	894.60
	1040.94	0.00	13.43	903.60
	1040.95	0.00	13.43	900.60
	1040.96	0.00	13.43	899.60
	1040.97	0.00	13.42	899.61
	1040.99	0.00	13.43	900.61
	1041.00	0.00	13.39	890.60
	1041.01	0.00	13.39	891.60
	1041.02	0.00	13.42	894.60
	1041.03	0.00	13.42	896.61
	1041.04	0.00	13.42	890.58
	1041.06	0.00	13.43	891.58
	1041.07	0.00	13.45	894.58
	1041.08	0.00	13.47	895.59
	1041.09	0.00	13.50	898.58
	1041.10	0.00	13.48	898.59
	1041.11	0.00	13.48	896.58
	1041.13	0.00	13.50	895.58
	1041.14	0.00	13.49	894.57
	1041.15	0.00	13.49	896.58
	1041.16	0.00	13.48	894.58
	1041.17	0.00	13.48	894.58
	1041.18	0.00	13.49	891.56
	1041.20	0.00	13.45	888.58
	1041.21	0.00	13.48	893.58
	1041.22	0.00	13.47	890.57
	1041.23	0.00	13.48	892.57
	1041.24	0.00	13.51	894.55
	1041.25	0.00	13.49	898.58
	1041.27	0.00	13.48	896.58
	1041.28	0.00	13.49	895.58
	1041.29	0.00	13.48	893.58
	1041.30	0.00	13.46	897.60
	1041.31	0.00	13.47	896.59
	1041.32	0.00	13.47	897.59
	1041.33	0.00	13.48	891.56
	1041.35	0.00	13.48	891.56
	1041.36	0.00	13.46	889.57
	1041.37	0.00	13.48	895.57
	1041.38	0.00	13.49	896.57
	1041.39	0.00	13.49	897.57
	1041.40	0.00	13.49	897.57
	1041.42	0.00	13.48	896.58
	1041.43	0.00	13.49	898.58
	1041.44	0.00	13.48	896.58
	1041.45	0.00	13.49	897.58
	1041.46	0.00	13.50	900.58
	1041.47	0.00	13.49	899.58
	1041.48	0.00	13.47	895.58
	1041.50	0.00	13.46	891.58
	1041.51	0.00	13.46	891.59
	1041.52	0.0000	0.00	13.54	908.55
	1054.01	0.00	13.51	904.56
	1054.02	0.00	13.55	908.55
	1054.03	0.00	13.55	909.56
	1054.04	0.00	13.52	906.56
	1054.06	0.00	13.52	906.56
	1054.07	0.00	13.51	907.56
	1054.08	0.00	13.53	904.56
	1054.09	0.00	13.53	906.56
	1054.10	0.00	13.54	906.56
	1054.11	0.00	13.54	906.56
	1054.13	0.00	13.54	905.55
	1054.14	0.00	13.54	905.55
	1054.15	0.00	13.54	906.56
	1054.16	0.00	13.55	908.55
	1054.17	0.00	13.56	906.54
	1054.18	0.00	13.55	909.56
	1054.19	0.00	13.51	899.56
	1054.21	0.00	13.54	907.55
	1054.22	1.00	13.53	908.56
	1054.23	1.00	13.54	908.56
	1054.24	1.00	13.54	907.57
	1054.25	1.00	13.52	905.57
	1054.27	1.00	13.53	908.57
	1054.28	1.00	13.53	905.56
	1054.29	1.00	13.53	908.57
	1054.30	1.00	13.53	908.57
	1054.31	1.00	13.52	908.57
	1054.32	1.00	13.53	908.57
	1054.33	1.00	13.53	908.57
	1054.35	1.00	13.53	908.57
	1054.36	1.00	13.54	908.56
	1054.37	1.00	13.54	907.56
	1054.38	1.00	13.54	907.56
	1054.39	1.00	13.53	908.57
	1054.40	1.00	13.52	906.57
	1054.42	1.00	13.53	908.57
	1054.43	1.00	13.53	908.57
	1054.44	1.00	13.53	902.56
	1054.45	1.00	13.56	906.55
	1054.46	1.00	13.57	907.54
	1054.47	1.00	13.58	907.53
	1054.49	1.00	13.58	907.53
	1054.50	1.00	13.58	906.53
	1054.51	1.00	13.58	906.53
	1054.52	1.00	13.58	908.53
	1054.53	1.00	13.57	905.53
	1054.54	1.00	13.58	907.53
	1054.56	1.00	13.56	908.54
	1054.57	1.00	13.58	906.53
	1054.58	0.00	13.57	908.53
	1054.59	0.00	13.61	908.49
	1054.60	0.00	13.57	906.52
	1054.61	0.00	13.58	906.51
	1054.63	0.00	13.57	907.52
	1054.64	0.00	13.58	908.52
	1054.65	0.00	13.55	906.54
	1054.66	0.00	13.58	
	1056.10	0.00	13.52	902.56
	1056.11	0.00	13.52	903.56
	1056.13	0.00	13.53	905.56
	1056.14	0.00	13.54	905.55
	1056.15	0.00	13.53	907.57
	1056.16	0.00	13.52	903.56
	1056.17	0.00	13.51	900.56
	1056.18	0.00	13.53	901.56
	1056.19	0.00	13.53	901.56
	1056.21	0.00	13.51	904.57
	1056.22	0.00	13.52	906.57
	1056.23	0.00	13.53	907.57
	1056.24	0.00	13.56	906.55
	1056.25	0.00	13.53	907.57
	1056.27	0.00	13.52	905.57
	1056.28	0.00	13.52	906.57
	1056.29	0.00	13.52	905.57
	1056.30	0.00	13.53	908.57
	1056.31	0.00	13.52	906.57
	1056.32	0.00	13.53	907.57
	1056.33	0.00	13.52	906.57
	1056.35	0.00	13.52	907.58
	1056.36	0.00	13.54	909.57
	1056.37	0.00	13.54	905.56
	1056.38	0.00	13.53	903.56
	1056.39	0.00	13.57	904.53
	1056.40	0.00	13.54	905.56
	1056.42	0.00	13.55	904.56
	1056.43	0.00	13.56	905.56
	1056.44	0.00	13.58	911.56
	1056.45	0.00	13.58	905.53
	1056.46	0.00	13.54	902.56
	1056.47	0.00	13.56	906.56
	1056.48	0.00	13.56	905.56
	1056.50	0.00	13.56	906.56
	1056.51	0.00	13.55	905.56
	1056.52	0.00	13.54	905.56
	1056.53	0.00	13.55	904.56
	1056.54	0.00	13.56	906.56
	1056.56	0.00	13.55	905.56
	1056.57	0.00	13.56	906.56
	1056.58	0.00	13.55	905.56
	1056.59	0.00	13.54	902.56
	1056.60	0.00	13.54	901.56
	1056.61	0.00	13.52	902.58
	1056.63	0.00	13.53	905.57
	1056.64	0.00	13.53	904.57
	1056.65	0.00	13.53	904.57
	1056.66	0.00	13.57	904.54
	1056.67	0.00	13.52	902.57
	1056.68	0.00	13.55	908.57
	1056.69	0.00	13.52	905.57
	1056.71	0.00	13.52	902.57
	1056.72	0.00	13.51	903.57
	1056.73	0.00	13.51	899.57
	1056.74	0.00	13.51	901.57
	1056.75	0.00	13.52	902.57
	1056.76	0.01073.57
	1058.28	0.00	16.31	1028.53
	1058.29	0.00	16.23	1002.53
	1058.30	0.00	16.16	978.53
	1058.31	0.00	16.02	934.54
	1058.32	0.00	15.83	885.55
	1058.33	0.00	15.40	819.54
	1058.35	0.00	15.26	790.57
	1058.36	0.00	15.16	771.60
	1058.37	0.00	15.11	774.62
	1058.38	0.00	15.05	758.63
	1058.39	0.00	15.06	759.64
	1058.41	0.00	15.09	763.63
	1058.42	0.00	15.07	768.63
	1058.43	0.00	15.09	772.63
	1058.44	0.00	15.12	775.63
	1058.45	0.00	15.11	776.63
	1058.46	0.00	15.11	776.64
	1058.47	0.00	15.10	778.64
	1058.49	0.00	15.12	778.64
	1058.50	0.00	15.10	778.64
	1058.51	0.00	15.12	777.64
	1058.52	0.00	15.10	779.64
	1058.53	0.00	15.09	771.63
	1058.54	0.00	15.11	771.63
	1058.56	0.00	15.10	769.63
	1058.57	0.00	15.10	769.63
	1058.58	0.00	15.10	772.64
	1058.59	0.00	15.09	772.64
	1058.60	0.00	15.09	772.64
	1058.61	0.00	15.11	772.64
	1058.63	0.00	15.12	773.64
	1058.64	0.00	15.10	773.64
	1058.65	0.00	15.13	773.63
	1058.66	0.00	15.06	757.64
	1058.67	0.00	15.07	763.64
	1058.68	0.00	15.05	768.65
	1058.70	0.00	15.04	770.65
	1058.71	0.00	15.07	769.65
	1058.72	0.00	15.07	773.65
	1058.73	0.00	15.08	775.65
	1058.74	0.00	15.07	776.65
	1058.75	0.00	14.98	748.65
	1058.77	0.00	15.02	777.65
	1058.78	0.00	15.01	773.65
	1058.79	0.00	15.03	783.66
	1058.80	0.00	15.04	773.66
	1058.81	0.00	15.08	797.65
	1058.82	0.00	15.08	798.65
	1058.83	0.00	15.06	781.66
	1058.85	0.00	15.04	781.67
	1058.86	0.00	15.05	783.67
	1058.87	0.00	15.03	783.68
	1058.88	0.00	15.04	785.68
	1058.89	0.00	15.04	785.68
	1058.90	0.00	15.03	786.69
	1058.92	0.00	14.89	789.77
	1058.93	0.00	14.29	802.95
	1058.94	0.00	12.23	958.33
	1058.95	0.00	10.96	1104.71
	1058.96	0.00	10.36	1236.01
	1058.97	0.00	10.07	1306.19
	1058.98	0.00	9.98	1335.27
	1059.00	0.00	10.09	1366.32
	1059.01	0.00	10.20	1369.34
	1059.02	0.00	10.36	1372.36
	1059.03	0.00	10.46	1376.39
	1059.04	0.00	10.62	1383.36
	1059.06	0.00	10.80	1368.28
	1059.07	0.00	11.04	1396.23
	1059.08	0.00	11.22	1377.17
	1059.09	0.00	11.39	1348.10
	1059.10	0.00	11.59	1312.02
	1059.11	0.00	11.74	1284.97
	1059.13	0.00	11.94	1250.90
	1059.14	0.00	12.12	1222.84
	1059.15	0.00	12.24	1199.81
	1059.16	0.00	12.32	1186.79
	1059.17	0.00	12.37	1154.76
	1059.18	0.00	12.50	1141.72
	1059.19	0.00	12.59	1119.72
	1059.21	0.00	12.70	1098.72
	1059.22	0.00	12.79	1082.70
	1059.23	0.00	12.89	1060.70
	1059.24	0.00	12.95	1054.69
	1059.25	0.00	13.04	1041.68
	1059.27	0.00	13.05	1039.69
	1059.28	0.00	13.15	1029.64
	1059.29	0.00	13.37	1005.68
	1059.30	0.00	13.44	999.66
	1059.31	0.00	13.58	1009.61
	1059.32	0.00	13.67	1008.60
	1059.33	0.00	13.81	1012.58
	1059.35	0.00	13.91	1017.55
	1059.36	0.00	14.13	1027.49
	1059.37	0.00	14.36	1028.41
	1059.38	0.00	14.56	1036.34
	1059.39	0.00	14.70	1039.23
	1059.41	0.00	14.94	1052.12
	1059.42	0.00	15.20	1064.93
	1059.43	0.00	15.75	1091.68
	1059.44	0.00	15.91	1096.66
	1059.45	0.00	16.01	1103.64
	1059.46	0.00	16.05	1097.64
	1059.47	0.00	16.08	1076.63
	1059.49	0.00	16.10	1053.62
	1059.50	0.00	16.16	1040.63
	1059.51	0.00	16.14	1013.63
	1059.52	0.00	16.17	1012.61
	1059.53	0.00	16.22	1026.57
	1059.55	0.00	16.21	1007.53
	1059.56	0.00	16.06	966.53
	1059.57	0.00	15.88	916.55
	1059.58	0.00	15.35	826.57
	1059.59	0.00	15.08	784.67
	1059.60	0.00	15.00	769.69
	1059.61	0.00	14.92	764.72
	1059.63	0.00	14.97	774.72
	1059.64	0.00	14.98	779.73
	1059.65	0.00	15.00	785.73
	1059.66	0.00	15.02	788.73
	1059.67	0.00	15.01	790.74
	1059.69	0.00	15.01	793.74
	1059.70	0.00	15.00	791.74
	1059.71	0.00	15.00	792.74
	1059.72	0.00	15.00	792.74
	1059.73	0.00	15.00	789.75
	1059.74	0.00	15.01	787.75
	1059.76	0.00	15.02	790.75
	1059.77	0.00	14.99	788.75
	1059.78	0.00	15.00	784.73
	1059.79	0.00	15.01	787.73
	1059.80	0.00	15.02	790.73
	1059.81	0.00	15.02	790.73
	1059.82	0.00	15.01	792.73
	1059.83	0.00	15.02	792.74
	1059.85	0.00	15.00	794.74
	1059.86	0.00	14.97	796.74
	1059.87	0.00	14.98	799.73
	1059.88	0.00	14.98	799.73
	1059.89	0.00	14.99	802.72
	1059.91	0.00	14.99	806.73
	1059.92	0.00	14.98	804.73
	1059.93	0.00	14.98	799.72
	1059.94	0.00	14.97	801.73
	1059.95	0.00	14.96	802.73
	1059.96	0.00	14.94	802.74
	1059.97	0.00	14.95	800.74
	1059.99	0.00	14.95	800.74
	1060.00	0.00	14.94	799.76
	1060.01	0.00	14.93	800.76
	1060.02	0.00	14.94	801.76
	1060.03	0.00	14.92	799.76
	1060.04	0.00	14.93	800.76
	1060.06	0.00	14.90	800.77
	1060.07	0.00	14.78	801.82
	1060.08	0.00	13.64	855.10
	1060.09	0.00	11.71	1025.59
	1060.10	0.00	10.52	1217.03
	1060.11	0.00	10.16	1291.24
	1060.13	0.00	10.08	1321.33
	1060.14	0.00	10.15	1316.36
	1060.15	0.00	10.34	1344.44
	1060.16	0.00	10.68	1328.46
	1060.17	0.00	10.97	1339.45
	1060.18	0.00	11.17	1350.41
	1060.20	0.00	11.38	1317.33
	1060.21	0.00	11.61	1280.27
	1060.22	0.00	11.78	1246.21
	1060.23	0.00	12.00	1215.14
	1060.24	0.00	12.18	1180.07
	1060.25	0.00	12.42	1147.99
	1060.27	0.00	12.66	1113.92
	1060.28	0.00	12.96	1072.86
	1060.29	0.00	13.10	1054.80
	1060.30	0.00	13.22	1035.74
	1060.31	0.00	13.37	1019.69
	1060.32	0.00	13.52	997.64
	1060.33	0.00	13.61	991.61
	1060.35	0.00	13.73	983.56
	1060.36	0.00	13.86	970.50
	1060.37	0.00	14.01	958.45
	1060.38	0.00	14.08	957.42
	1060.39	0.00	14.22	959.38
	1060.41	0.00	14.29	957.35
	1060.42	0.00	14.35	957.31
	1060.43	0.00	14.45	964.27
	1060.44	0.00	14.49	970.24
	1060.45	0.00	14.54	976.20
	1060.46	0.00	14.62	976.18
	1060.47	0.00	14.75	984.13
	1060.49	0.00	14.84	997.09
	1060.50	0.00	14.99	1007.00
	1060.51	0.00	15.14	1014.90
	1060.52	0.00	15.26	1026.83
	1060.53	0.00	15.55	1012.68
	1060.55	0.00	15.83	1039.64
	1060.56	0.00	15.94	1046.63
	1060.57	0.00	16.05	1053.62
	1060.58	0.00	16.04	1071.60
	1060.59	0.00	16.10	1062.59
	1060.60	0.00	16.18	1010.59
	1060.61	0.00	16.19	1025.61
	1060.63	0.00	16.15	1010.61
	1060.64	0.00	16.10	999.59
	1060.65	0.00	16.13	978.58
	1060.66	0.00	16.09	974.56
	1060.67	0.00	16.09	982.55
	1060.68	0.00	16.03	966.55
	1060.70	0.00	15.88	927.56
	1060.71	0.00	15.48	853.55
	1060.72	0.00	15.28	807.57
	1060.73	0.00	15.06	777.66
	1060.74	0.00	14.96	770.70
	1060.75	0.00	14.90	766.74
	1060.77	0.00	14.90	764.74
	1060.78	0.00	14.91	770.75
	1060.79	0.00	14.91	769.75
	1060.80	0.00	14.85	759.76
	1060.81	0.00	14.84	757.76
	1060.82	0.00	14.84	756.76
	1060.84	0.00	14.83	755.76
	1060.85	0.00	14.84	752.76
	1060.86	0.00	14.83	755.76
	1060.87	0.00	14.83	754.76
	1060.88	0.00	14.84	753.76
	1060.89	0.00	14.86	754.75
	1060.91	0.00	14.83	755.75
	1060.92	0.00	14.81	754.76
	1060.93	0.00	14.81	753.76
	1060.94	0.00	14.81	752.75
	1060.95	0.00	14.80	753.76
	1060.96	0.00	14.83	773.76
	1060.97	0.00	14.83	774.75
	1060.99	0.00	14.83	774.76
	1061.00	0.00	14.81	773.76
	1061.01	0.00	14.80	773.76
	1061.02	0.00	14.79	778.76
	1061.03	0.00	14.76	758.76
	1061.04	0.00	14.78	781.76
	1061.06	0.00	14.78	760.74
	1061.07	0.00	14.81	780.74
	1061.08	0.00	14.81	781.74
	1061.09	0.00	14.76	775.76
	1061.10	0.00	14.80	783.76
	1061.11	0.00	14.80	784.77
	1061.13	0.00	14.80	783.76
	1061.14	0.00	14.80	782.76
	1061.15	0.00	14.78	781.77
	1061.16	0.00	14.79	782.77
	1061.17	0.00	14.80	783.76
	1061.18	0.00	14.79	786.77
	1061.19	0.00	14.78	785.77
	1061.21	0.00	14.76	786.79
	1061.22	0.00	14.65	763.84
	1061.23	0.00	14.17	778.99
	1061.24	0.00	12.07	933.50
	1061.25	0.00	10.72	1094.88
	1061.27	0.00	10.35	1200.10
	1061.28	0.00	10.26	1226.23
	1061.29	0.00	10.35	1231.32
	1061.30	0.00	10.55	1248.37
	1061.31	0.00	10.80	1248.41
	1061.32	0.00	11.18	1254.39
	1061.33	0.00	11.50	1255.33
	1061.35	0.00	11.73	1233.23
	1061.36	0.00	12.03	1201.15
	1061.37	0.00	12.21	1177.11
	1061.38	0.00	12.43	1148.06
	1061.39	0.00	12.79	1109.99
	1061.40	0.00	12.98	1086.92
	1061.42	0.00	13.19	1067.83
	1061.43	0.00	13.39	1054.75
	1061.44	0.00	13.56	1041.67
	1061.45	0.00	13.77	1018.60
	1061.46	0.00	13.92	1009.53
	1061.47	0.00	14.16	990.44
	1061.49	0.00	14.34	987.35
	1061.50	0.00	14.51	977.24
	1061.51	0.00	14.56	976.20
	1061.52	0.00	14.66	965.14
	1061.53	0.00	14.72	963.08
	1061.54	0.00	14.78	955.03
	1061.56	0.00	14.83	943.98
	1061.57	0.00	14.94	921.97
	1061.58	0.00	14.98	921.93
	1061.59	0.00	15.03	920.90
	1061.60	0.00	15.07	920.86
	1061.61	0.00	15.12	922.83
	1061.63	0.00	15.41	944.76
	1061.64	0.00	15.46	951.77
	1061.65	0.00	15.67	960.66
	1061.66	0.00	15.76	965.63
	1061.67	0.00	15.84	980.64
	1061.68	0.00	15.92	993.64
	1061.69	0.00	16.01	1003.63
	1061.71	0.00	16.13	1015.61
	1061.72	0.00	16.17	1024.62
	1061.73	0.00	16.23	1026.61
	1061.74	0.00	16.29	1022.61
	1061.75	0.00	16.34	1021.58
	1061.77	0.00	16.29	1010.62
	1061.78	0.00	16.29	1002.60
	1061.79	0.00	16.28	978.59
	1061.80	0.00	16.22	964.58
	1061.81	0.00	16.20	961.56
	1061.82	0.00	16.13	954.55
	1061.83	0.00	16.27	926.55
	1061.85	0.00	16.12	885.56
	1061.86	0.00	15.93	839.57
	1061.87	0.00	15.40	772.62
	1061.88	0.00	15.00	767.67
	1061.89	0.00	14.88	761.75
	1061.91	0.00	14.85	763.78
	1061.92	0.00	14.84	760.78
	1061.93	0.00	14.82	759.79
	1061.94	0.00	14.83	764.80
	1061.95	0.00	14.84	765.80
	1061.96	0.00	14.79	758.81
	1061.97	0.00	14.78	756.81
	1061.99	0.00	14.99	732.81
	1062.00	0.00	14.99	731.81
	1062.01	0.00	14.97	727.81
	1062.02	0.00	14.73	745.81
	1062.03	0.00	14.71	739.81
	1062.04	0.00	14.71	737.80
	1062.06	0.00	14.94	719.80
	1062.07	0.00	14.71	741.80
	1062.08	0.00	14.95	723.80
	1062.09	0.00	14.72	744.80
	1062.10	0.00	14.96	724.80
	1062.11	0.00	14.96	724.80
	1062.13	0.00	14.74	744.79
	1062.14	0.00	14.74	748.80
	1062.15	0.00	14.96	725.80
	1062.16	0.00	14.96	726.80
	1062.17	0.00	14.95	728.80
	1062.18	0.00	14.70	750.80
	1062.19	0.00	14.73	750.79
	1062.21	0.00	14.78	754.77
	1062.22	0.00	14.77	757.76
	1062.23	0.00	14.78	763.77
	1062.24	0.00	14.78	759.76
	1062.25	0.00	14.75	755.77
	1062.26	0.00	14.75	760.78
	1062.28	0.00	14.74	760.79
	1062.29	0.00	14.75	764.79
	1062.30	0.00	14.74	761.79
	1062.31	0.00	14.74	761.79
	1062.32	0.00	14.75	763.79
	1062.33	0.00	14.77	760.78
	1062.34	0.00	14.78	762.79
	1062.36	0.00	14.76	762.79
	1062.37	0.00	14.77	763.79
	1062.38	0.00	14.65	764.86
	1062.39	0.00	14.13	776.04
	1062.40	0.00	12.09	931.54
	1062.42	0.00	10.92	1074.82
	1062.43	0.00	10.58	1131.99
	1062.44	0.00	10.69	1160.03
	1062.45	0.00	10.66	1174.09
	1062.46	0.00	10.79	1184.15
	1062.47	0.00	11.08	1190.21
	1062.48	0.00	11.38	1204.22
	1062.50	0.00	11.56	1233.26
	1062.51	0.00	11.69	1230.24
	1062.52	0.00	11.85	1222.19
	1062.53	0.00	12.00	1207.15
	1062.54	0.00	12.21	1193.08
	1062.55	0.00	12.46	1157.00
	1062.56	0.00	12.71	1131.93
	1062.58	0.00	13.12	1086.84
	1062.59	0.00	13.37	1075.76
	1062.60	0.00	13.53	1062.70
	1062.61	0.00	13.73	1046.59
	1062.62	0.00	13.98	1033.50
	1062.64	0.00	14.19	1028.41
	1062.65	0.00	14.39	1014.33
	1062.66	0.00	14.51	1005.25
	1062.67	0.00	14.61	1003.17
	1062.68	0.00	14.70	1004.11
	1062.69	0.00	14.76	993.04
	1062.71	0.00	14.82	988.98
	1062.72	0.00	14.89	983.94
	1062.73	0.00	14.92	980.90
	1062.74	0.00	14.99	975.85
	1062.75	0.00	15.01	973.83
	1062.76	0.00	15.02	965.82
	1062.78	0.00	15.05	967.79
	1062.79	0.00	15.15	973.72
	1062.80	0.00	15.27	957.70
	1062.81	0.00	15.31	959.67
	1062.82	0.00	15.58	987.67
	1062.83	0.00	15.63	991.68
	1062.84	0.00	15.77	1003.63
	1062.86	0.00	15.84	1010.63
	1062.87	0.00	15.95	1020.62
	1062.88	0.00	16.05	1030.61
	1062.89	0.00	16.12	1028.59
	1062.90	0.00	16.10	1025.62
	1062.92	0.00	16.13	1021.61
	1062.93	0.00	16.13	1019.61
	1062.94	0.00	16.15	1005.59
	1062.95	0.00	16.12	997.61
	1062.96	0.00	16.14	985.58
	1062.97	0.00	16.14	980.57
	1062.98	0.00	16.12	974.56
	1063.00	0.00	16.13	959.56
	1063.01	0.00	16.11	953.53
	1063.02	0.00	16.26	915.53
	1063.03	0.00	16.13	887.55
	1063.04	0.00	16.00	846.55
	1063.06	0.00	15.70	795.61
	1063.07	0.00	15.22	741.67
	1063.08	0.00	15.14	732.71
	1063.09	0.00	15.07	723.73
	1063.10	0.00	14.77	725.73
	1063.11	0.00	14.84	748.75
	1063.12	0.00	14.81	736.74
	1063.14	0.00	15.07	722.75
	1063.15	0.00	15.10	733.76
	1063.16	0.00	14.87	756.76
	1063.17	0.00	15.12	740.76
	1063.18	0.00	15.12	740.76
	1063.19	0.00	15.11	740.77
	1063.20	0.00	15.10	740.76
	1063.22	0.00	15.09	740.77
	1063.23	0.00	14.86	760.77
	1063.24	0.00	14.86	760.77
	1063.25	0.00	15.04	721.76
	1063.26	0.00	14.81	749.76
	1063.28	0.00	14.83	757.77
	1063.29	0.00	15.05	734.77
	1063.30	0.00	14.84	770.76
	1063.31	0.00	14.86	778.77
	1063.32	0.00	14.87	785.77
	1063.33	0.00	14.89	790.76
	1063.34	0.00	14.89	794.76
	1063.36	0.00	14.89	791.75
	1063.37	0.00	14.89	792.75
	1063.38	0.00	14.86	771.75
	1063.39	0.00	14.91	789.73
	1063.40	0.00	14.90	790.74
	1063.41	0.00	14.91	792.74
	1063.43	0.00	14.87	770.74
	1063.44	0.00	14.89	793.75
	1063.45	0.00	14.88	790.75
	1063.46	0.00	14.87	790.75
	1063.47	0.00	14.87	790.75
	1063.48	0.00	14.85	782.73
	1063.50	0.00	14.89	786.72
	1063.51	0.00	14.89	789.72
	1063.52	0.00	14.89	791.73
	1063.53	0.00	14.89	789.73
	1063.54	0.00	14.88	787.73
	1063.55	0.00	14.88	790.74
	1063.56	0.00	14.89	789.74
	1063.58	0.00	14.88	785.74
	1063.59	0.00	14.71	766.82
	1063.60	0.00	14.13	777.03
	1063.61	0.00	11.97	949.47
	1063.62	0.00	10.76	1097.79
	1063.63	0.00	10.28	1178.04
	1063.65	0.00	10.15	1250.19
	1063.66	0.00	10.14	1268.26
	1063.67	0.00	10.21	1262.32
	1063.68	0.00	10.57	1259.33
	1063.69	0.00	10.80	1258.35
	1063.70	0.00	10.94	1276.41
	1063.72	0.00	11.08	1303.44
	1063.73	0.00	11.22	1316.39
	1063.74	0.00	11.30	1312.36
	1063.75	0.00	11.40	1297.31
	1063.76	0.00	11.57	1291.26
	1063.78	0.00	11.67	1267.20
	1063.79	0.00	11.80	1223.13
	1063.80	0.00	11.99	1195.06
	1063.81	0.00	12.21	1169.97
	1063.82	0.00	12.35	1135.92
	1063.83	0.00	12.59	1112.88
	1063.84	0.00	12.75	1093.82
	1063.86	0.00	13.11	1054.76
	1063.87	0.00	13.22	1041.71
	1063.88	0.00	13.35	1027.66
	1063.89	0.00	13.50	1016.59
	1063.90	0.00	13.63	1002.52
	1063.91	0.00	13.81	992.46
	1063.93	0.00	14.00	976.41
	1063.94	0.00	14.19	968.32
	1063.95	0.00	14.31	966.28
	1063.96	0.00	14.41	969.22
	1063.97	0.00	14.42	968.21
	1063.98	0.00	14.47	978.20
	1064.00	0.00	14.53	980.17
	1064.01	0.00	14.56	986.16
	1064.02	0.00	14.60	990.15
	1064.03	0.00	14.65	986.13
	1064.04	0.00	14.71	1000.11
	1064.05	0.00	14.80	1007.07
	1064.07	0.00	14.89	1020.04
	1064.08	0.00	14.96	1025.00
	1064.09	0.00	15.12	1031.89
	1064.10	0.00	15.47	1059.82
	1064.11	0.00	15.67	1066.69
	1064.12	0.00	15.79	1061.65
	1064.14	0.00	15.89	1064.62
	1064.15	0.00	15.95	1058.62
	1064.16	0.00	15.97	1050.64
	1064.17	0.00	16.04	1040.62
	1064.18	0.00	16.16	1010.61
	1064.19	0.00	16.17	968.61
	1064.21	0.00	16.16	959.61
	1064.22	0.00	16.08	939.62
	1064.23	0.00	15.95	917.62
	1064.24	0.00	15.94	908.56
	1064.25	0.00	15.81	894.57
	1064.26	0.00	15.70	867.58
	1064.28	0.00	15.44	830.63
	1064.29	0.00	15.06	777.65
	1064.30	0.00	14.90	768.75
	1064.31	0.00	14.89	767.76
	1064.32	0.00	14.85	754.75
	1064.33	0.00	14.83	751.76
	1064.34	0.00	14.85	756.76
	1064.36	0.00	14.90	770.77
	1064.37	0.00	14.93	773.77
	1064.38	0.00	14.93	774.77
	1064.39	0.00	14.92	771.77
	1064.40	0.00	14.93	766.75
	1064.42	0.00	14.95	766.74
	1064.43	0.00	14.94	767.75
	1064.44	0.00	14.92	770.76
	1064.45	0.00	14.91	768.76
	1064.46	0.00	14.91	769.76
	1064.47	0.00	14.91	768.76
	1064.48	0.00	15.10	742.76
	1064.50	0.00	15.13	750.76
	1064.51	0.00	14.90	771.76
	1064.52	0.00	14.90	770.76
	1064.53	0.00	14.88	768.77
	1064.54	0.00	14.84	756.76
	1064.55	0.00	14.82	758.76
	1064.56	0.00	14.83	758.75
	1064.58	0.00	14.83	763.77
	1064.59	0.00	14.85	773.76
	1064.60	0.00	14.87	774.76
	1064.61	0.00	14.88	777.75
	1064.62	0.00	14.86	776.76
	1064.64	0.00	14.87	778.76
	1064.65	0.00	14.87	776.76
	1064.66	0.00	14.87	776.76
	1064.67	0.00	14.78	755.76
	1064.68	0.00	14.80	757.76
	1064.69	0.00	14.81	768.77
	1064.70	0.00	14.83	773.77
	1064.72	0.00	14.86	773.76
	1064.73	0.00	14.87	775.76
	1064.74	0.00	14.88	774.77
	1064.75	0.00	14.88	774.77
	1064.76	0.00	14.89	773.77
	1064.77	0.00	14.87	771.78
	1064.79	0.00	14.84	772.80
	1064.80	0.00	14.64	774.88
	1064.81	0.00	14.11	789.02
	1064.82	0.00	12.60	901.34
	1064.83	0.00	11.63	998.60
	1064.84	0.00	11.06	1076.80
	1064.85	0.00	10.90	1142.93
	1064.87	0.00	10.85	1167.03
	1064.88	0.00	10.96	1192.12
	1064.89	0.00	11.12	1199.16
	1064.90	0.00	11.28	1212.17
	1064.91	0.00	11.57	1241.15
	1064.93	0.00	11.82	1259.10
	1064.94	0.00	12.07	1236.00
	1064.95	0.00	12.32	1237.94
	1064.96	0.00	12.59	1221.89
	1064.97	0.00	12.82	1200.83
	1064.98	0.00	13.19	1165.76
	1064.99	0.00	13.31	1155.72
	1065.01	0.00	13.43	1146.66
	1065.02	0.00	13.56	1134.61
	1065.03	0.00	13.67	1122.57
	1065.04	0.00	13.72	1113.54
	1065.05	0.00	13.78	1105.50
	1065.06	0.00	13.82	1094.49
	1065.08	0.00	13.91	1081.46
	1065.09	0.00	14.01	1044.42
	1065.10	0.00	14.07	1027.40
	1065.11	0.00	14.13	1024.38
	1065.12	0.00	14.19	1017.36
	1065.14	0.00	14.30	1009.33
	1065.15	0.00	14.35	1009.30
	1065.16	0.00	14.43	1002.28
	1065.17	0.00	14.50	1009.24
	1065.18	0.00	14.56	1014.22
	1065.19	0.00	14.63	1018.17
	1065.20	0.00	14.69	1023.15
	1065.22	0.00	14.77	1025.12
	1065.23	0.00	14.84	1026.07
	1065.24	0.00	14.89	1033.03
	1065.25	0.00	14.97	1032.98
	1065.26	0.00	15.01	1032.96
	1065.28	0.00	15.06	1032.93
	1065.29	0.00	15.09	1022.91
	1065.30	0.00	15.10	1017.90
	1065.31	0.00	15.11	1006.89
	1065.32	0.00	15.12	1003.87
	1065.33	0.00	15.12	993.86
	1065.34	0.00	15.16	984.81
	1065.36	0.00	15.21	979.76
	1065.37	0.00	15.40	950.67
	1065.38	0.00	15.45	939.63
	1065.39	0.00	15.67	946.63
	1065.40	0.00	15.65	929.62
	1065.41	0.00	15.64	918.62
	1065.43	0.00	15.63	912.62
	1065.44	0.00	15.36	859.62
	1065.45	0.00	15.30	843.63
	1065.46	0.00	15.30	838.63
	1065.47	0.00	15.29	836.63
	1065.48	0.00	15.29	822.60
	1065.50	0.00	15.27	815.59
	1065.51	0.00	15.15	798.64
	1065.52	0.00	15.07	789.66
	1065.53	0.00	15.02	781.70
	1065.54	0.00	14.99	790.72
	1065.55	0.00	14.99	796.73
	1065.57	0.00	15.00	797.73
	1065.58	0.00	15.01	797.71
	1065.59	0.00	14.99	795.72
	1065.60	0.00	15.00	796.73
	1065.61	0.00	14.97	793.74
	1065.62	0.00	14.95	791.75
	1065.64	0.00	14.95	788.75
	1065.65	0.00	14.93	784.75
	1065.66	0.00	14.90	766.75
	1065.67	0.00	14.90	765.75
	1065.68	0.00	14.91	770.75
	1065.69	0.00	14.92	771.75
	1065.70	0.00	14.90	771.76
	1065.72	0.00	14.90	770.76
	1065.73	0.00	14.91	769.76
	1065.74	0.00	14.90	770.76
	1065.75	0.00	14.88	770.76
	1065.76	0.00	14.89	768.76
	1065.77	0.00	14.89	769.76
	1065.79	0.00	14.92	776.76
	1065.80	0.00	14.88	774.76
	1065.81	0.00	14.84	771.77
	1065.82	0.00	14.87	775.76
	1065.83	0.00	14.88	775.75
	1065.84	0.00	14.81	768.77
	1065.86	0.00	14.84	777.76
	1065.87	0.00	14.85	778.76
	1065.88	0.00	14.78	761.76
	1065.89	0.00	14.78	760.76
	1065.90	0.00	14.83	769.75
	1065.91	0.00	14.85	771.75
	1065.93	0.00	14.86	774.75
	1065.94	0.00	14.85	772.74
	1065.95	0.00	14.85	771.75
	1065.96	0.00	14.85	776.75
	1065.97	0.00	14.86	775.75
	1065.98	0.00	14.87	776.75
	1065.99	0.00	14.85	775.76
	1066.01	0.00	14.86	771.78
	1066.02	0.00	14.77	772.80
	1066.03	0.00	14.66	768.85
	1066.04	0.00	14.26	783.99
	1066.05	0.00	13.13	857.28
	1066.06	0.00	12.19	932.52
	1066.08	0.00	11.76	1010.66
	1066.09	0.00	11.47	1048.78
	1066.10	0.00	11.20	1094.88
	1066.11	0.00	11.13	1140.95
	1066.12	0.00	11.14	1161.01
	1066.13	0.00	11.19	1185.08
	1066.15	0.00	11.25	1206.11
	1066.16	0.00	11.35	1236.11
	1066.17	0.00	11.53	1289.11
	1066.18	0.00	11.55	1261.11
	1066.19	0.00	11.69	1290.05
	1066.20	0.00	11.78	1289.02
	1066.21	0.00	11.87	1268.98
	1066.23	0.00	12.00	1257.96
	1066.24	0.00	12.13	1234.93
	1066.25	0.00	12.28	1220.89
	1066.26	0.00	12.34	1205.86
	1066.27	0.00	12.42	1188.85
	1066.29	0.00	12.48	1175.82
	1066.30	0.00	12.58	1163.80
	1066.31	0.00	12.66	1149.78
	1066.32	0.00	12.69	1126.77
	1066.33	0.00	12.80	1136.76
	1066.34	0.00	12.88	1129.74
	1066.35	0.00	13.19	1102.71
	1066.37	0.00	13.06	1120.70
	1066.38	0.00	13.32	1075.66
	1066.39	0.00	13.38	1088.63
	1066.40	0.00	13.49	1064.60
	1066.41	0.00	13.57	1063.58
	1066.43	0.00	13.66	1059.55
	1066.44	0.00	13.76	1085.54
	1066.45	0.00	13.87	1084.50
	1066.46	0.00	13.98	1084.48
	1066.47	0.00	14.04	1079.46
	1066.48	0.00	14.14	1080.42
	1066.49	0.00	14.26	1077.38
	1066.51	0.00	14.43	1074.31
	1066.52	0.00	14.57	1070.27
	1066.53	0.00	14.69	1051.20
	1066.54	0.00	14.76	1043.15
	1066.55	0.00	14.85	1054.13
	1066.56	0.00	14.93	1053.09
	1066.58	0.00	14.97	1052.04
	1066.59	0.00	15.04	1060.00
	1066.60	0.00	15.10	1052.96
	1066.61	0.00	15.14	1048.92
	1066.62	0.00	15.18	1040.90
	1066.64	0.00	15.19	1028.87
	1066.65	0.00	15.18	1012.86
	1066.66	0.00	15.23	1007.81
	1066.67	0.00	15.24	991.76
	1066.68	0.00	15.28	965.69
	1066.69	0.00	15.27	947.67
	1066.70	0.00	15.31	914.62
	1066.72	0.00	15.37	873.63
	1066.73	0.00	15.35	858.63
	1066.74	0.00	15.31	837.62
	1066.75	0.00	15.28	821.61
	1066.76	0.00	15.23	811.61
	1066.78	0.00	15.11	796.65
	1066.79	0.00	14.99	778.70
	1066.80	0.00	14.90	776.77
	1066.81	0.00	14.90	781.79
	1066.82	0.00	14.90	785.80
	1066.83	0.00	14.90	787.81
	1066.84	0.00	14.88	786.82
	1066.86	0.00	14.88	786.82
	1066.87	0.00	14.88	786.82
	1066.88	0.00	14.82	768.81
	1066.89	0.00	14.80	763.82
	1066.90	0.00	14.81	764.82
	1066.91	0.00	14.81	765.82
	1066.93	0.00	14.81	765.82
	1066.94	0.00	14.80	763.82
	1066.95	0.00	14.80	763.83
	1066.96	0.00	14.79	763.83
	1066.97	0.00	14.79	764.83
	1066.98	0.00	14.73	744.82
	1067.00	0.00	14.73	745.82
	1067.01	0.00	14.72	743.82
	1067.02	0.00	14.73	748.83
	1067.03	0.00	14.76	757.83
	1067.04	0.00	14.79	763.83
	1067.05	0.00	14.79	764.83
	1067.06	0.00	14.78	765.84
	1067.08	0.00	14.78	768.84
	1067.09	0.00	14.79	767.84
	1067.10	0.00	14.77	771.84
	1067.11	0.00	14.78	770.84
	1067.12	0.00	14.77	767.84
	1067.13	0.00	14.76	761.83
	1067.15	0.00	14.76	769.83
	1067.16	0.00	14.77	772.83
	1067.17	0.00	14.77	772.83
	1067.18	0.00	14.81	773.82
	1067.19	0.00	14.81	774.83
	1067.20	0.00	14.80	772.83
	1067.21	0.00	14.80	772.83
	1067.23	0.00	14.79	773.83
	1067.24	0.00	14.81	773.83
	1067.25	0.00	14.79	772.83
	1067.26	0.00	14.79	770.82
	1067.27	0.00	14.80	772.82
	1067.29	0.00	14.83	775.81
	1067.30	0.00	14.82	777.82
	1067.31	0.00	14.82	777.82
	1067.32	0.00	14.82	778.83
	1067.33	0.00	14.80	778.84
	1067.34	0.00	14.77	779.85
	1067.35	0.00	14.71	772.89
	1067.37	0.00	14.58	775.93
	1067.38	0.00	14.08	794.10
	1067.39	0.00	13.06	867.30
	1067.40	0.00	12.53	908.48
	1067.41	0.00	12.14	952.63
	1067.42	0.00	11.93	1000.71
	1067.44	0.00	11.89	1022.75
	1067.45	0.00	11.80	1042.80
	1067.46	0.00	11.91	1054.83
	1067.47	0.00	12.00	1085.87
	1067.48	0.00	12.06	1108.90
	1067.49	0.00	12.19	1130.92
	1067.51	0.00	12.23	1141.95
	1067.52	0.00	12.23	1138.97
	1067.53	0.00	12.20	1135.98
	1067.54	0.00	12.21	1137.98
	1067.55	0.00	12.22	1140.98
	1067.56	0.00	12.30	1141.95
	1067.57	0.00	12.40	1135.91
	1067.59	0.00	12.48	1126.88
	1067.60	0.00	12.61	1118.82
	1067.61	0.00	12.79	1103.78
	1067.62	0.00	12.91	1087.74
	1067.63	0.00	13.21	1054.69
	1067.65	0.00	13.32	1046.66
	1067.66	0.00	13.44	1040.61
	1067.67	0.00	13.59	1027.58
	1067.68	0.00	13.69	1021.56
	1067.69	0.00	13.77	1020.52
	1067.70	0.00	13.87	1022.49
	1067.71	0.00	13.96	1018.45
	1067.73	0.00	14.09	1016.42
	1067.74	0.00	14.22	1012.39
	1067.75	0.00	14.27	1010.36
	1067.76	0.00	14.36	1009.33
	1067.77	0.00	14.42	1016.32
	1067.79	0.00	14.50	1023.30
	1067.80	0.00	14.58	1020.27
	1067.81	0.00	14.62	1036.24
	1067.82	0.00	14.69	1033.20
	1067.83	0.00	14.79	1035.15
	1067.84	0.00	14.90	1040.09
	1067.85	0.00	14.97	1052.05
	1067.87	0.00	15.06	1056.00
	1067.88	0.00	15.14	1048.93
	1067.89	0.00	15.20	1044.90
	1067.90	0.00	15.24	1038.87
	1067.91	0.00	15.35	1009.83
	1067.93	0.00	15.36	999.81
	1067.94	0.00	15.42	985.73
	1067.95	0.00	15.49	974.66
	1067.96	0.00	15.48	953.65
	1067.97	0.00	15.50	943.62
	1067.98	0.00	15.47	922.61
	1068.00	0.00	15.45	885.60
	1068.01	0.00	15.45	878.59
	1068.02	0.00	15.46	871.59
	1068.03	0.00	15.44	859.59
	1068.04	0.00	15.39	844.58
	1068.05	0.00	15.37	825.56
	1068.06	0.00	15.34	819.57
	1068.08	0.00	15.25	808.60
	1068.09	0.00	15.10	783.64
	1068.10	0.00	15.01	772.67
	1068.11	0.00	14.94	765.71
	1068.12	0.00	14.93	768.74
	1068.14	0.00	14.92	773.76
	1068.15	0.00	14.94	779.77
	1068.16	0.00	14.94	784.77
	1068.17	0.00	14.96	784.77
	1068.18	0.00	14.96	783.77
	1068.19	0.00	14.92	769.76
	1068.20	0.00	14.91	771.77
	1068.22	0.00	14.93	777.77
	1068.23	0.00	14.93	777.77
	1068.24	0.00	14.90	774.78
	1068.25	0.00	14.90	773.78
	1068.26	0.00	14.90	774.78
	1068.27	0.00	14.90	774.78
	1068.29	0.00	14.86	762.78
	1068.30	0.00	14.87	767.77
	1068.31	0.00	14.85	766.78
	1068.32	0.00	14.86	768.78
	1068.33	0.00	14.86	770.79
	1068.34	0.00	14.87	773.79
	1068.35	0.00	14.86	772.79
	1068.37	0.00	14.87	778.79
	1068.38	0.00	14.87	775.79
	1068.39	0.00	14.88	776.79
	1068.40	0.00	14.86	780.80
	1068.41	0.00	14.86	783.79
	1068.43	0.00	14.83	781.79
	1068.44	0.00	14.83	780.78
	1068.45	0.00	14.84	783.78
	1068.46	0.00	14.81	780.79
	1068.47	0.00	14.85	782.78
	1068.48	0.00	14.85	782.78
	1068.49	0.00	14.86	780.78
	1068.51	0.00	14.86	781.78
	1068.52	0.00	14.83	768.78
	1068.53	0.00	14.86	778.78
	1068.54	0.00	14.83	770.78
	1068.55	0.00	14.85	774.78
	1068.56	0.00	14.85	775.78
	1068.57	0.00	14.87	775.77
	1068.59	0.00	14.87	772.77
	1068.60	0.00	14.84	773.78
	1068.61	0.00	14.77	774.82
	1068.62	0.00	14.62	772.87
	1068.63	0.00	14.08	791.03
	1068.65	0.00	12.50	905.33
	1068.66	0.00	11.58	1013.61
	1068.67	0.00	11.12	1104.80
	1068.68	0.00	10.82	1160.92
	1068.69	0.00	10.64	1224.01
	1068.70	0.00	10.64	1244.07
	1068.71	0.00	10.62	1251.12
	1068.73	0.00	10.67	1279.16
	1068.74	0.00	10.74	1304.17
	1068.75	0.00	10.86	1344.14
	1068.76	0.00	10.96	1368.13
	1068.77	0.00	11.12	1380.10
	1068.78	0.00	11.28	1381.06
	1068.80	0.00	11.46	1385.02
	1068.81	0.00	11.62	1378.97
	1068.82	0.00	11.86	1357.91
	1068.83	0.00	12.07	1341.84
	1068.84	0.00	12.32	1313.78
	1068.85	0.00	12.56	1294.72
	1068.87	0.00	12.73	1274.66
	1068.88	0.00	12.88	1266.61
	1068.89	0.00	13.01	1260.60
	1068.90	0.00	13.05	1258.58
	1068.91	0.00	13.27	1233.59
	1068.92	0.00	13.11	1254.57
	1068.94	0.00	13.08	1254.60
	1068.95	0.00	13.09	1256.59
	1068.96	0.00	13.11	1255.59
	1068.97	0.00	13.12	1253.59
	1068.98	0.00	13.15	1255.58
	1068.99	0.00	13.37	1232.55
	1069.01	0.00	13.41	1219.55
	1069.02	0.00	13.50	1229.54
	1069.03	0.00	13.60	1223.51
	1069.04	0.00	13.71	1212.47
	1069.05	0.00	13.81	1208.43
	1069.06	0.00	13.88	1207.40
	1069.07	0.00	14.07	1195.34
	1069.09	0.00	14.19	1189.27
	1069.10	0.00	14.33	1187.22
	1069.11	0.00	14.43	1166.18
	1069.12	0.00	14.61	1176.12
	1069.13	0.00	14.79	1157.07
	1069.15	0.00	14.90	1155.01
	1069.16	0.00	14.98	1147.95
	1069.17	0.00	15.10	1138.86
	1069.18	0.00	15.16	1118.80
	1069.19	0.00	15.32	1083.70
	1069.20	0.00	15.35	1068.68
	1069.21	0.00	15.34	1037.66
	1069.23	0.00	15.36	1020.62
	1069.24	0.00	15.41	1013.59
	1069.25	0.00	15.42	994.59
	1069.26	0.00	15.44	982.57
	1069.27	0.00	15.42	963.57
	1069.29	0.00	15.39	936.58
	1069.30	0.00	15.33	910.59
	1069.31	0.00	15.42	881.59
	1069.32	0.00	15.28	844.61
	1069.33	0.00	15.29	837.59
	1069.34	0.00	15.19	803.61
	1069.36	0.00	15.14	803.63
	1069.37	0.00	15.03	773.67
	1069.38	0.00	15.06	794.68
	1069.39	0.00	15.06	799.69
	1069.40	0.00	15.07	805.70
	1069.41	0.00	15.10	813.70
	1069.43	0.00	15.09	808.70
	1069.44	0.00	15.08	810.71
	1069.45	0.00	15.07	809.71
	1069.46	0.00	15.06	805.71
	1069.47	0.00	15.02	799.72
	1069.48	0.00	15.01	798.72
	1069.50	0.00	15.02	791.71
	1069.51	0.00	15.00	788.72
	1069.52	0.00	14.99	787.72
	1069.53	0.00	14.96	785.72
	1069.54	0.00	14.97	781.71
	1069.55	0.00	14.97	782.71
	1069.56	0.00	14.98	782.71
	1069.58	0.00	14.97	784.71
	1069.59	0.00	14.98	789.72
	1069.60	0.00	14.97	786.72
	1069.61	0.00	14.96	785.72
	1069.62	0.00	14.97	788.72
	1069.63	0.00	14.96	792.73
	1069.65	0.00	14.93	788.72
	1069.66	0.00	14.95	788.72
	1069.67	0.00	14.96	791.72
	1069.68	0.00	14.96	791.72
	1069.69	0.00	14.96	792.73
	1069.70	0.00	14.99	792.72
	1069.71	0.00	14.98	792.72
	1069.73	0.00	14.99	792.72
	1069.74	0.00	14.96	792.72
	1069.75	0.00	14.98	791.72
	1069.76	0.00	14.95	790.72
	1069.77	0.00	14.98	792.72
	1069.79	0.00	14.98	793.71
	1069.80	0.00	14.95	784.71
	1069.81	0.00	14.93	782.72
	1069.82	0.00	14.82	783.77
	1069.83	0.00	14.57	765.81
	1069.84	0.00	13.59	822.96
	1069.85	0.00	12.03	988.27
	1069.86	0.00	11.13	1104.51
	1069.88	0.00	10.66	1176.72
	1069.89	0.00	10.45	1236.86
	1069.90	0.00	10.43	1266.00
	1069.91	0.00	10.42	1290.11
	1069.92	0.00	10.46	1305.14
	1069.94	0.00	10.55	1320.21
	1069.95	0.00	10.65	1332.25
	1069.96	0.00	10.83	1358.24
	1069.97	0.00	11.09	1375.20
	1069.98	0.00	11.27	1371.15
	1069.99	0.00	11.48	1365.08
	1070.01	0.00	11.64	1351.03
	1070.02	0.00	11.77	1324.98
	1070.03	0.00	11.97	1311.89
	1070.04	0.00	12.15	1286.85
	1070.05	0.00	12.34	1275.79
	1070.06	0.00	12.46	1250.76
	1070.07	0.00	12.60	1236.73
	1070.09	0.00	12.74	1225.69
	1070.10	0.00	12.88	1213.67
	1070.11	0.00	12.97	1208.65
	1070.12	0.00	13.25	1181.61
	1070.13	0.00	13.38