.00	14.77	825.94
	1085.81	0.00	14.75	825.94
	1085.82	0.00	14.76	827.94
	1085.84	0.00	14.75	827.95
	1085.85	0.00	14.76	827.94
	1085.86	0.00	14.73	821.95
	1085.87	0.00	14.75	821.92
	1085.88	0.00	14.80	830.93
	1085.89	0.00	14.79	833.94
	1085.91	0.00	14.74	838.96
	1085.92	0.00	14.65	842.99
	1085.93	0.00	14.63	846.02
	1085.94	0.00	14.53	855.04
	1085.95	0.00	14.50	860.05
	1085.96	0.00	14.44	861.07
	1085.97	0.00	14.46	859.04
	1085.99	0.00	14.44	864.06
	1086.00	0.00	14.41	866.08
	1086.01	0.00	14.36	869.11
	1086.02	0.00	14.29	874.14
	1086.03	0.00	14.24	881.16
	1086.05	0.00	14.14	891.20
	1086.06	0.00	13.95	894.26
	1086.07	0.00	13.83	910.31
	1086.08	0.00	13.35	973.38
	1086.09	0.00	13.10	1011.45
	1086.10	0.00	12.91	1051.52
	1086.11	0.00	12.73	1110.57
	1086.13	0.00	12.50	1156.64
	1086.14	0.00	12.28	1215.69
	1086.15	0.00	12.13	1264.73
	1086.16	0.00	12.02	1316.75
	1086.17	0.00	11.97	1350.77
	1086.18	0.00	11.89	1387.80
	1086.19	0.00	11.85	1419.80
	1086.21	0.00	11.82	1443.82
	1086.22	0.00	11.81	1455.80
	1086.23	0.00	11.87	1469.79
	1086.24	0.00	11.90	1472.78
	1086.25	0.00	11.95	1472.77
	1086.27	0.00	11.97	1466.301.66
	1086.46	0.00	12.49	1285.66
	1086.47	0.00	12.47	1261.64
	1086.49	0.00	12.52	1257.64
	1086.50	0.00	12.51	1246.64
	1086.51	0.00	12.51	1240.65
	1086.52	0.00	12.51	1236.66
	1086.53	0.00	12.52	1233.66
	1086.55	0.00	12.52	1234.67
	1086.56	0.00	12.53	1233.67
	1086.57	0.00	12.55	1229.67
	1086.58	0.00	12.55	1221.65
	1086.59	0.00	12.57	1214.66
	1086.60	0.00	12.65	1211.65
	1086.61	0.00	12.67	1207.65
	1086.63	0.00	12.70	1198.65
	1086.64	0.00	12.74	1188.65
	1086.65	0.00	12.79	1181.64
	1086.66	0.00	12.82	1169.63
	1086.67	0.00	12.81	1149.63
	1086.69	0.00	12.87	1142.63
	1086.70	0.00	12.89	1136.63
	1086.71	0.00	12.92	1131.63
	1086.72	0.00	12.95	1131.63
	1086.73	0.00	12.97	1129.63
	1086.74	0.00	13.01	1127.60
	1086.75	0.00	12.98	1121.62
	1086.77	0.00	13.20	1103.63
	1086.78	0.00	13.24	1103.62
	1086.79	0.00	13.25	1101.62
	1086.80	0.00	13.31	1100.60
	1086.81	0.00	13.34	1103.60
	1086.82	0.00	13.36	1096.60
	1086.84	0.00	13.40	1093.58
	1086.85	0.00	13.45	1086.57
	1086.86	0.00	13.49	1085.57
	1086.87	0.00	13.51	1082.57
	1086.88	0.00	13.53	1083.57
	1086.90	0.00	13.53	1079.57
	1086.91	0.00	13.50	1074.58
	1086.92	0.00	13.57	1082.53
	1086.93	0.00	13.59	1083.53
	1086.94	0.00	13.60	1084.53
	1086.95	0.00	13.61	1080.52
	1086.96	0.00	13.64	1084.52
	1086.98	0.00	13.75	1117.52
	1086.99	0.00	13.63	1083.51
	1087.00	0.00	13.66	1083.50
	1087.01	0.00	13.66	1081.50
	1087.02	0.00	13.66	1081.50
	1087.04	0.00	13.69	1080.49
	1087.05	0.00	13.69	1075.49
	1087.06	0.00	13.72	1073.48
	1087.07	0.00	13.73	1075.48
	1087.08	0.00	13.77	1071.47
	1087.09	0.00	13.78	1068.46
	1087.17.38	0.00	14.20	1009.30
	1087.40	0.00	14.18	1007.30
	1087.41	0.00	14.19	1004.29
	1087.42	0.00	14.20	1008.28
	1087.43	0.00	14.18	1010.29
	1087.44	0.00	14.19	1008.29
	1087.45	0.00	14.22	1008.28
	1087.47	0.00	14.22	1008.28
	1087.48	0.00	14.25	1007.27
	1087.49	0.00	14.24	1005.28
	1087.50	0.00	14.26	1004.28
	1087.51	0.00	14.27	977.28
	1087.52	0.00	14.32	971.24
	1087.54	0.00	14.34	970.24
	1087.55	0.00	14.34	964.24
	1087.56	0.00	14.32	958.23
	1087.57	0.00	14.36	955.22
	1087.58	0.00	14.39	955.20
	1087.59	0.00	14.41	947.18
	1087.60	0.00	14.45	940.16
	1087.62	0.00	14.49	936.15
	1087.63	0.00	14.55	933.10
	1087.64	0.00	14.61	930.06
	1087.65	0.00	14.63	923.05
	1087.66	0.00	14.67	921.01
	1087.68	0.00	14.73	917.96
	1087.69	0.00	14.77	918.92
	1087.70	0.00	14.79	910.88
	1087.71	0.00	14.86	916.84
	1087.72	0.00	14.92	914.80
	1087.73	0.00	14.95	913.76
	1087.75	0.00	14.94	912.78
	1087.76	0.00	14.86	912.84
	1087.77	0.00	14.83	912.87
	1087.78	0.00	14.77	909.90
	1087.79	0.00	14.75	910.92
	1087.80	0.00	14.75	909.93
	1087.81	0.00	14.71	910.95
	1087.83	0.00	14.68	914.97
	1087.84	0.00	14.63	915.99
	1087.85	0.00	14.58	906.01
	1087.86	0.00	14.59	920.03
	1087.87	0.00	14.55	922.05
	1087.89	0.00	14.51	924.07
	1087.90	0.00	14.47	925.08
	1087.91	0.00	14.47	931.09
	1087.92	0.00	14.44	927.09
	1087.93	0.00	14.40	930.11
	1087.94	0.00	14.36	919.11
	1087.95	0.00	14.31	919.12
	1087.97	0.00	14.32	922.13
	1087.98	0.00	14.31	923.14
	1087.99	0.00	14.30	921.15
	1088.00	0.00	14.27	922.16
	1088.01	0.00	14.25	920.18
	1088.02	0.00	14.22	919.19
	1088.04	0.00	14.20	919.20
	1088.08
	1088.34	0.00	13.82	960.40
	1088.35	0.00	13.79	967.41
	1088.36	0.00	13.73	972.45
	1088.37	0.00	13.66	978.47
	1088.38	0.00	13.62	988.51
	1088.40	0.00	13.56	1000.54
	1088.41	0.00	13.49	1005.56
	1088.42	0.00	13.45	1010.58
	1088.43	0.00	13.37	1022.60
	1088.44	0.00	13.32	1031.62
	1088.45	0.00	13.28	1039.63
	1088.46	0.00	13.24	1038.63
	1088.48	0.00	13.22	1044.63
	1088.49	0.00	13.19	1052.64
	1088.50	0.00	12.91	1082.67
	1088.51	0.00	12.90	1109.69
	1088.52	0.00	12.84	1116.70
	1088.54	0.00	12.78	1127.72
	1088.55	0.00	12.74	1135.74
	1088.56	0.00	12.68	1142.76
	1088.57	0.00	12.64	1154.77
	1088.58	0.00	12.58	1163.79
	1088.59	0.00	12.59	1164.79
	1088.60	0.00	12.52	1164.77
	1088.62	0.00	12.46	1179.79
	1088.63	0.00	12.43	1191.80
	1088.64	0.00	12.39	1196.82
	1088.65	0.00	12.35	1205.84
	1088.66	0.00	12.31	1209.86
	1088.68	0.00	12.29	1221.88
	1088.69	0.00	12.22	1224.90
	1088.70	0.00	12.17	1230.91
	1088.71	0.00	12.15	1239.92
	1088.72	0.00	12.13	1245.92
	1088.73	0.00	12.10	1237.91
	1088.75	0.00	12.14	1246.90
	1088.76	0.00	12.14	1245.90
	1088.77	0.00	12.15	1251.91
	1088.78	0.00	12.14	1252.92
	1088.79	0.00	12.14	1256.92
	1088.80	0.00	12.12	1263.92
	1088.81	0.00	12.13	1266.92
	1088.83	0.00	12.14	1274.92
	1088.84	0.00	12.12	1277.93
	1088.85	0.00	12.11	1271.92
	1088.86	0.00	12.14	1276.90
	1088.87	0.00	12.15	1275.90
	1088.89	0.00	12.13	1273.91
	1088.90	0.00	12.16	1274.90
	1088.91	0.00	12.19	1272.89
	1088.92	0.00	12.19	1267.89
	1088.93	0.00	12.23	1267.87
	1088.94	0.00	12.28	1260.87
	1088.95	0.00	12.28	1245.85
	1088.97	0.00	12.36	1233.82
	1088.98	0.00	12.42	1227.82
	1088.99	0.00	12.46	1219.80
	1089.00	0.00	12.54	1206.79
	1089.01	0.00	12.62	1191.78
	1089.03	0.00	12.66	1182.77
	1089.04	0.00	12.69	1179.77
	1089.05	0.00	12.78	1172.76
	1089.06	0.00	12.76	1162.75
	1089.07	0.00	12.84	1154.73
	1089.08	0.00	12.89	1145.72
	1089.09	0.00	12.92	1138.71
	1089.11	0.00	13.01	1125.69
	1089.12	0.00	13.05	1109.68
	1089.13	0.00	13.25	1080.68
	1089.14	0.00	13.27	1077.67
	1089.15	0.00	13.30	1077.66
	1089.17	0.00	13.30	1053.66
	1089.18	0.00	13.33	1050.65
	1089.19	0.00	13.33	1044.64
	1089.20	0.00	13.35	1040.64
	1089.21	0.00	13.37	1035.61
	1089.22	0.00	13.35	1032.64
	1089.23	0.00	13.36	1027.63
	1089.25	0.00	13.37	1024.63
	1089.26	0.00	13.37	1021.63
	1089.27	0.00	13.41	1014.62
	1089.28	0.00	13.40	1009.62
	1089.29	0.00	13.43	1007.61
	1089.30	0.00	13.44	1001.61
	1089.31	0.00	13.46	995.60
	1089.33	0.00	13.47	993.60
	1089.34	0.00	13.46	989.60
	1089.35	0.00	13.47	986.59
	1089.36	0.00	13.54	977.58
	1089.37	0.00	13.56	978.58
	1089.39	0.00	13.58	976.57
	1089.40	0.00	13.58	975.56
	1089.41	0.00	13.60	971.55
	1089.42	0.00	13.62	969.53
	1089.43	0.00	13.66	969.52
	1089.44	0.00	13.67	961.51
	1089.45	0.00	13.70	959.49
	1089.47	0.00	13.77	950.45
	1089.48	0.00	13.87	941.42
	1089.49	0.00	13.92	931.39
	1089.50	0.00	13.97	920.36
	1089.51	0.00	14.00	907.30
	1089.52	0.00	14.07	894.27
	1089.54	0.00	14.14	884.22
	1089.55	0.00	14.19	874.19
	1089.56	0.00	14.25	856.16
	1089.57	0.00	14.32	852.12
	1089.58	0.00	14.33	846.11
	1089.59	0.00	14.33	834.10
	1089.61	0.00	14.38	841.09
	1089.62	0.00	14.40	838.09
	1089.63	0.00	14.42	839.09
	114.13	913.33
	1089.84	0.00	14.12	907.31
	1089.85	0.00	14.07	911.35
	1089.86	0.00	14.01	916.39
	1089.87	0.00	13.95	917.43
	1089.89	0.00	13.91	923.45
	1089.90	0.00	13.84	928.47
	1089.91	0.00	13.79	924.47
	1089.92	0.00	13.78	927.47
	1089.93	0.00	13.75	928.48
	1089.94	0.00	13.74	935.49
	1089.95	0.00	13.73	937.50
	1089.97	0.00	13.71	937.50
	1089.98	0.00	13.71	939.50
	1089.99	0.00	13.69	940.51
	1090.00	0.00	13.67	942.52
	1090.01	0.00	13.67	943.52
	1090.02	0.00	13.64	945.53
	1090.04	0.00	13.61	937.52
	1090.05	0.00	13.60	947.53
	1090.06	0.00	13.60	948.54
	1090.07	0.00	13.59	951.55
	1090.08	0.00	13.60	953.56
	1090.09	0.00	13.61	953.56
	1090.10	0.00	13.62	954.56
	1090.12	0.00	13.63	956.56
	1090.13	0.00	13.63	949.56
	1090.14	0.00	13.63	952.56
	1090.15	0.00	13.63	959.57
	1090.16	0.00	13.64	959.57
	1090.17	0.00	13.61	960.59
	1090.19	0.00	13.59	963.60
	1090.20	0.00	13.60	964.60
	1090.21	0.00	13.58	964.61
	1090.22	0.00	13.56	964.62
	1090.23	0.00	13.55	957.60
	1090.24	0.00	13.57	962.60
	1090.26	0.00	13.57	963.61
	1090.27	0.00	13.58	966.61
	1090.28	0.00	13.55	966.63
	1090.29	0.00	13.54	968.63
	1090.30	0.00	13.54	970.63
	1090.31	0.00	13.54	970.64
	1090.33	0.00	13.56	971.63
	1090.34	0.00	13.50	966.65
	1090.35	0.00	13.50	972.66
	1090.36	0.00	13.50	972.66
	1090.37	0.00	13.50	975.66
	1090.38	0.00	13.48	972.67
	1090.40	0.00	13.48	972.67
	1090.41	0.00	13.48	975.67
	1090.42	0.00	13.47	972.67
	1090.43	0.00	13.48	976.67
	1090.44	0.00	13.45	967.67
	1090.45	0.00	13.46	971.68
	1090.46	0.00	13.45	973.68
	1090.48	0.00	13.45	973.68
	1090.49	0.00	13.44	972.68
9	0.00	12.58	1043.84
	1090.70	0.00	12.48	1045.84
	1090.71	0.00	12.44	1056.84
	1090.72	0.00	12.42	1058.79
	1090.73	0.00	12.37	1063.78
	1090.74	0.00	12.32	1065.79
	1090.76	0.00	12.28	1070.79
	1090.77	0.00	12.23	1072.79
	1090.78	0.00	12.19	1074.79
	1090.79	0.00	12.16	1078.80
	1090.80	0.00	12.16	1070.76
	1090.81	0.00	12.15	1073.77
	1090.83	0.00	12.12	1077.79
	1090.84	0.00	12.13	1078.79
	1090.85	0.00	12.12	1081.80
	1090.86	0.00	12.12	1084.80
	1090.87	0.00	12.12	1083.81
	1090.88	0.00	12.12	1072.78
	1090.90	0.00	12.15	1075.78
	1090.91	0.00	12.19	1076.79
	1090.92	0.00	12.20	1079.80
	1090.93	0.00	12.24	1081.80
	1090.94	0.00	12.23	1083.80
	1090.95	0.00	12.25	1084.80
	1090.96	0.00	12.22	1072.79
	1090.98	0.00	12.27	1078.77
	1090.99	0.00	12.29	1076.78
	1091.00	0.00	12.30	1076.78
	1091.01	0.00	12.35	1075.78
	1091.02	0.00	12.38	1073.78
	1091.04	0.00	12.43	1070.77
	1091.05	0.00	12.45	1065.79
	1091.06	0.00	12.51	1059.78
	1091.07	0.00	12.55	1058.78
	1091.08	0.00	12.57	1055.79
	1091.09	0.00	12.59	1055.79
	1091.10	0.00	12.59	1054.78
	1091.12	0.00	12.60	1050.78
	1091.13	0.00	12.62	1045.79
	1091.14	0.00	12.66	1046.78
	1091.15	0.00	12.69	1042.78
	1091.16	0.00	12.72	1040.77
	1091.18	0.00	12.77	1038.76
	1091.19	0.00	12.81	1032.76
	1091.20	0.00	12.86	1034.74
	1091.21	0.00	12.89	1031.74
	1091.22	0.00	12.92	1030.73
	1091.23	0.00	13.14	1008.73
	1091.25	0.00	13.14	1005.73
	1091.26	0.00	13.16	1003.73
	1091.27	0.00	13.16	1004.72
	1091.28	0.00	13.16	1004.72
	1091.29	0.00	13.17	1003.72
	1091.30	0.00	13.18	1002.72
	1091.31	0.00	13.20	1003.72
	1091.33	0.00	13.18	10	985.62
	1092.00	0.00	13.56	984.63
	1092.01	0.00	13.56	985.63
	1092.02	0.00	13.54	986.64
	1092.04	0.00	13.53	985.64
	1092.05	0.00	13.52	985.64
	1092.06	0.00	13.52	986.64
	1092.07	0.00	13.49	988.65
	1092.08	0.00	13.46	986.66
	1092.09	0.00	13.50	990.62
	1092.10	0.00	13.48	991.63
	1092.12	0.00	13.48	995.63
	1092.13	0.00	13.46	997.64
	1092.14	0.00	13.45	997.64
	1092.15	0.00	13.43	998.65
	1092.16	0.00	13.44	1003.65
	1092.17	0.00	13.42	1004.65
	1092.19	0.00	13.43	1003.65
	1092.20	0.00	13.45	997.60
	1092.21	0.00	13.44	1002.62
	1092.22	0.00	13.43	1001.64
	1092.23	0.00	13.43	1001.65
	1092.24	0.00	13.43	999.67
	1092.26	0.00	13.45	1000.66
	1092.27	0.00	13.45	1001.66
	1092.28	0.00	13.44	990.64
	1092.29	0.00	13.45	992.64
	1092.30	0.00	13.41	984.64
	1092.31	0.00	13.49	1001.64
	1092.32	0.00	13.46	995.64
	1092.34	0.00	13.46	992.64
	1092.35	0.00	13.47	993.64
	1092.36	0.00	13.48	991.64
	1092.37	0.00	13.49	992.64
	1092.38	0.00	13.50	986.63
	1092.40	0.00	13.45	972.62
	1092.41	0.00	13.50	972.60
	1092.42	0.00	13.50	966.60
	1092.43	0.00	13.52	967.61
	1092.44	0.00	13.54	968.61
	1092.45	0.00	13.53	969.62
	1092.46	0.00	13.53	967.63
	1092.48	0.00	13.50	964.64
	1092.49	0.00	13.50	967.65
	1092.50	0.00	13.48	972.66
	1092.51	0.00	13.44	963.67
	1092.52	0.00	13.45	964.65
	1092.53	0.00	13.45	967.66
	1092.55	0.00	13.42	969.68
	1092.56	0.00	13.43	973.68
	1092.57	0.00	13.43	969.68
	1092.58	0.00	13.44	971.68
	1092.59	0.00	13.42	969.69
	1092.60	0.00	13.42	969.69
	1092.62	0.00	13.41	970.69
	1092.63	0.00	13.42	969.69
	1092.64	0.00	13.41	962.67
	1092.80	0.00	13.44	977.62
	1109.81	0.061
	1109.77	0.00	13.44	975.61
	1109.78	0.00	13.43	975.62
	1109.79	0.00	13.44	976.62
	1109.80	0.00	13.44	977.62
	1109.81	0.061
	1109.77	0.00	13.44	975.61
	1109.78	0.00	13.43	975.62
	1109.79	0.00	13.44	976.62
	1109.80	0.00	13.44	977.62
	1109.81	0.00	13.44	975.61
	1109.82	0.00	13.44	970.59
	1109.83	0.00	13.44	972.60
	1109.85	0.00	13.46	973.60
	1109.86	0.00	13.45	974.60
	1109.87	0.00	13.45	975.60
	1109.88	0.00	13.45	975.60
	1109.89	0.00	13.44	973.60
	1109.90	0.00	13.45	977.61
	1109.92	0.00	13.42	970.61
	1109.93	0.00	13.43	974.61
	1109.94	0.00	13.43	973.61
	1109.95	0.00	13.44	973.61
	1109.96	0.00	13.43	973.61
	1109.97	0.00	13.44	973.61
	1109.98	0.00	13.42	969.62
	1110.00	0.00	13.45	973.60
	1110.01	0.00	13.44	974.61
	1110.02	0.00	13.43	973.61
	1110.03	0.00	13.40	966.61
	1110.04	0.00	13.41	968.61
	1110.05	0.00	13.42	969.61
	1110.07	0.00	13.43	971.61
	1110.08	0.00	13.43	969.61
	1110.09	0.00	13.44	970.61
	1110.10	0.00	13.44	973.61
	1110.11	0.00	13.43	972.61
	1110.12	0.00	13.44	973.61
	1110.14	0.00	13.44	972.60
	1110.15	0.00	13.43	969.61
	1110.16	0.00	13.43	973.62
	1110.17	0.00	13.42	972.62
	1110.18	0.00	13.42	971.63
	1110.19	0.00	13.43	970.63
	1110.20	0.00	13.41	972.63
	1110.22	0.00	13.42	970.63
	1110.23	0.00	13.43	972.63
	1110.24	0.00	13.42	969.61
	1110.25	0.00	13.43	971.61
	1110.26	0.00	13.44	970.62
	1110.28	0.00	13.43	969.62
	1110.29	0.00	05	0.00	13.61	951.54
	1111.06	0.00	13.61	951.54
	1111.07	0.00	13.61	949.54
	1111.09	0.00	13.60	950.54
	1111.10	0.00	13.57	941.54
	1111.11	0.00	13.62	943.53
	1111.12	0.00	13.62	945.53
	1111.13	0.00	13.62	946.53
	1111.15	0.00	13.64	949.52
	1111.16	0.00	13.63	948.53
	1111.17	0.00	13.63	949.53
	1111.18	0.00	13.66	948.50
	1111.19	0.00	13.64	945.51
	1111.20	0.00	13.64	949.53
	1111.21	0.00	13.63	947.53
	1111.23	0.00	13.61	944.54
	1111.24	0.00	13.63	946.54
	1111.25	0.00	13.61	945.55
	1111.26	0.00	13.62	947.54
	1111.27	0.00	13.63	946.54
	1111.28	0.00	13.64	948.53
	1111.30	0.00	13.63	947.53
	1111.31	0.00	13.64	949.53
	1111.32	0.00	13.63	947.54
	1111.33	0.00	13.62	946.54
	1111.34	0.00	13.63	947.54
	1111.35	0.00	13.63	948.54
	1111.36	0.00	13.62	948.54
	1111.38	0.00	13.60	947.55
	1111.39	0.00	13.65	946.50
	1111.40	0.00	13.68	950.49
	1111.41	0.00	13.67	948.50
	1111.42	0.00	13.65	949.51
	1111.44	0.00	13.66	948.51
	1111.45	0.00	13.64	947.51
	1111.46	0.00	13.67	953.51
	1111.47	0.00	13.65	952.52
	1111.48	0.00	13.65	949.51
	1111.49	0.00	13.68	945.46
	1111.50	0.00	13.68	946.48
	1111.52	0.00	13.68	952.49
	1111.53	0.00	13.66	948.50
	1111.54	0.00	13.66	947.51
	1111.55	0.00	13.64	947.53
	1111.56	0.00	13.63	948.52
	1111.57	0.00	13.63	946.53
	1111.59	0.00	13.61	933.50
	1111.60	0.00	13.63	938.50
	1111.61	0.00	13.63	943.51
	1111.62	0.00	13.62	945.52
	1111.63	0.00	13.63	944.52
	1111.64	0.00	13.65	944.50
	1111.66	0.00	13.62	946.53
	1111.67	0.00	13.64	948.52
	1111.68	0.00	13.59	937.52
	1111.69	0.00	13.60	934.50
	1111.70	0.00	13.61	939.51
	1111.71	0.00	13.64	
	1111.82	0.00	13.62	946.53
	1111.83	0.00	13.63	945.52
	1111.84	0.00	13.62	947.53
	1111.85	0.00	13.63	949.53
	1111.86	0.00	13.63	949.53
	1111.88	0.00	13.63	949.53
	1111.89	0.00	13.62	941.51
	1111.90	0.00	13.65	946.50
	1111.91	0.00	13.64	945.51
	1111.92	0.00	13.65	948.51
	1111.93	0.00	13.64	946.51
	1111.95	0.00	13.64	948.52
	1111.96	0.00	13.63	945.52
	1111.97	0.00	13.64	948.52
	1111.98	0.00	13.61	941.52
	1111.99	0.00	13.61	942.52
	1112.00	0.00	13.62	943.52
	1112.02	0.00	13.62	943.52
	1112.03	0.00	13.63	946.52
	1112.04	0.00	13.64	946.52
	1112.05	0.00	13.61	944.53
	1112.06	0.00	13.63	946.52
	1112.07	0.00	13.64	948.52
	1112.08	0.00	13.61	943.53
	1112.10	0.00	13.59	941.53
	1112.11	0.00	13.61	946.53
	1112.12	0.00	13.60	943.53
	1112.13	0.00	13.60	945.53
	1112.14	0.00	13.61	946.53
	1112.16	0.00	13.60	945.53
	1112.17	0.00	13.61	948.53
	1112.18	0.00	13.63	945.50
	1112.19	0.00	13.60	945.53
	1112.20	0.00	13.60	946.54
	1112.21	0.00	13.60	949.54
	1112.22	0.00	13.59	948.55
	1112.24	0.00	13.58	947.55
	1112.25	0.00	13.58	948.55
	1112.26	0.00	13.59	949.55
	1112.27	0.00	13.58	947.55
	1112.28	0.00	13.60	949.54
	1112.29	0.00	13.59	947.54
	1112.31	0.00	13.60	950.54
	1112.32	0.00	13.60	950.54
	1112.33	0.00	13.60	949.55
	1112.34	0.00	13.59	950.55
	1112.35	0.00	13.60	951.55
	1112.36	0.00	13.59	950.55
	1112.38	0.00	13.57	946.55
	1112.39	0.00	13.60	946.53
	1112.40	0.00	13.63	949.51
	1112.41	0.00	13.62	948.51
	1112.42	0.00	13.62	951.52
	1112.43	0.00	13.63	953.52
	1112.44	0.00	13.62	952.53
	1112.46	0.00	13.62	952.52
	1112.47	0.00	13.61	951.53
	1112.48	0.00	13.62	951.53
	1112.49	0.00	13.66	949.46
	1112.50	0.00	13.63	949.48
	1112.51	0.00	13.63	949.50
	1112.53	0.00	13.61	950.51
	1112.54	0.00	13.60	947.53
	1112.55	0.00	13.60	946.53
	1112.56	0.00	13.61	950.53
	1112.57	0.00	13.61	951.53
	1112.58	0.00	13.60	952.54
	1112.60	0.00	13.57	938.51
	1112.61	0.00	13.60	944.51
	1112.62	0.00	13.61	946.52
	1112.63	0.00	13.59	946.52
	1112.64	0.00	13.58	944.53
	1112.65	0.00	13.60	946.53
	1112.67	0.00	13.61	950.53
	1112.68	0.00	13.61	949.53
	1112.69	0.00	13.60	950.53
	1112.70	0.00	13.57	946.54
	1112.71	0.00	13.55	936.52
	1112.72	0.00	13.56	938.52
	1112.73	0.00	13.60	946.51
	1112.75	0.00	13.59	950.53
	1112.76	0.00	13.60	950.53
	1112.77	0.00	13.60	952.53
	1112.78	0.00	13.60	953.54
	1112.79	0.00	13.56	944.54
	1112.81	0.00	13.56	943.53
	1112.82	0.00	13.57	944.53
	1112.83	0.00	13.59	948.53
	1112.84	0.00	13.59	949.54
	1112.85	0.00	13.59	950.54
	1112.86	0.00	13.59	950.54
	1112.88	0.00	13.60	951.54
	1112.89	0.00	13.60	952.53
	1112.90	0.00	13.58	952.55
	1112.91	0.00	13.57	945.53
	1112.92	0.00	13.59	948.53
	1112.93	0.00	13.58	952.54
	1112.94	0.00	13.60	952.53
	1112.95	0.00	13.60	951.53
	1112.97	0.00	13.60	951.54
	1112.98	0.00	13.61	952.52
	1112.99	0.00	13.59	953.54
	1113.00	0.00	13.59	955.54
	1113.01	0.00	13.56	946.54
	1113.03	0.00	13.57	949.54
	1113.04	0.00	13.56	950.54
	1113.05	0.00	13.58	955.54
	1113.06	0.00	13.57	949.54
	1113.07	0.00	13.60	951.54
	1113.08	0.00	13.58	950.54
	1113.09	0.00	13.58	955.55
	1113.11	0.00	13.56	950.55
	1113.12	0.00	13.55	945.55
	1113.13	0.00	13.57	950.54
	1113.14	0.00	13.53	939.55
	1113.15	0.00	13.58	950.54
	1113.16	0.00	13.58	951.54
	1113.18	0.00	13.57	950.55
	1113.19	0.00	13.59	951.53
	1113.20	0.00	13.55	951.54
	1113.21	0.00	13.57	950.55
	1113.22	0.00	13.56	954.56
	1113.23	0.00	13.55	953.57
	1113.25	0.00	13.54	952.57
	1113.26	0.00	13.56	952.57
	1113.27	0.00	13.55	954.57
	1113.28	0.00	13.56	953.57
	1113.29	0.00	13.57	956.56
	1113.30	0.00	13.58	953.55
	1113.31	0.00	13.57	952.56
	1113.33	0.00	13.58	954.56
	1113.34	0.00	13.57	952.56
	1113.35	0.00	13.56	957.57
	1113.36	0.00	13.56	954.57
	1113.37	0.00	13.55	953.57
	1113.38	0.00	13.57	953.54
	1113.40	0.00	13.61	956.52
	1113.41	0.00	13.60	956.53
	1113.42	0.00	13.60	956.53
	1113.43	0.00	13.59	958.53
	1113.44	0.00	13.59	956.54
	1113.45	0.00	13.58	954.54
	1113.47	0.00	13.57	956.54
	1113.48	0.00	13.58	958.54
	1113.49	0.00	13.62	953.48
	1113.50	0.00	13.60	951.49
	1113.51	0.00	13.59	953.51
	1113.52	0.00	13.58	954.53
	1113.54	0.00	13.58	955.54
	1113.55	0.00	13.58	956.54
	1113.56	0.00	13.58	953.55
	1113.57	0.00	13.57	956.55
	1113.58	0.00	13.56	954.55
	1113.59	0.00	13.54	944.53
	1113.61	0.00	13.55	948.53
	1113.62	0.00	13.55	949.54
	1113.63	0.00	13.56	952.54
	1113.64	0.00	13.55	952.55
	1113.65	0.00	13.56	951.55
	1113.66	0.00	13.57	953.55
	1113.68	0.00	13.57	954.55
	1113.69	0.00	13.56	953.56
	1113.70	0.00	13.53	944.55
	1113.71	0.00	13.55	946.53
	1113.72	0.00	13.55	948.53
	1113.73	0.00	13.56	951.55
	1113.75	0.00	13.57	954.54
	1113.76	0.00	13.58	954.54
	1113.77	0.00	13.57	956.55
	1113.78	0.00	13.57	956.55
	1113.79	0.00	13.56	955.56
	1113.80	0.00	13.57	958.56
	1113.81	0.00	13.52	947.55
	1113.83	0.00	13.56	952.54
	1113.84	0.00	13.55	953.55
	1113.85	0.00	13.56	955.55
	1113.86	0.00	13.56	954.55
	1113.87	0.00	13.55	955.56
	1113.88	0.00	13.55	953.55
	1113.90	0.00	13.54	951.56
	1113.91	1.00	13.55	954.56
	1113.92	1.00	13.56	957.56
	1113.93	1.00	13.56	950.53
	1113.94	1.00	13.55	952.54
	1113.95	1.00	13.57	956.54
	1113.96	1.00	13.57	955.54
	1113.98	1.00	13.58	956.54
	1113.99	1.00	13.58	957.54
	1114.00	1.00	13.58	959.55
	1114.01	1.00	13.57	956.55
	1114.02	1.00	13.58	958.55
	1114.04	1.00	13.57	951.52
	1114.05	1.00	13.56	955.55
	1114.06	1.00	13.56	954.55
	1114.07	1.00	13.55	952.55
	1114.08	1.00	13.56	955.55
	1114.09	1.00	13.57	956.55
	1114.10	1.00	13.57	955.55
	1114.12	1.00	13.58	961.55
	1114.13	1.00	13.56	956.55
	1114.14	1.00	13.53	948.55
	1114.15	1.00	13.54	952.55
	1114.16	1.00	13.54	952.55
	1114.17	0.00	13.56	952.55
	1114.19	0.00	13.57	954.54
	1114.20	0.00	13.53	943.55
	1114.21	0.00	13.57	956.55
	1114.22	0.00	13.57	955.55
	1114.23	0.00	13.59	956.52
	1114.24	0.00	13.59	957.53
	1114.26	0.00	13.56	954.54
	1114.27	0.00	13.57	958.55
	1114.28	0.00	13.56	957.55
	1114.29	0.00	13.57	956.55
	1114.30	0.00	13.56	960.57
	1114.31	0.00	13.55	959.57
	1114.33	0.00	13.54	957.57
	1114.34	0.00	13.53	957.58
	1114.35	0.00	13.55	958.57
	1114.36	0.00	13.57	954.55
	1114.37	0.00	13.54	955.56
	1114.38	0.00	13.58	956.54
	1114.40	0.00	13.54	955.56
	1114.41	0.00	13.55	957.56
	1114.42	0.00	13.54	956.57
	1114.43	0.00	13.56	960.57
	1114.44	0.00	13.55	958.57
	1114.45	0.00	13.56	960.57
	1114.46	0.00	13.57	955.53
	1114.48	0.00	13.60	957.52
	1114.49	0.00	13.60	961.52
	1114.50	0.00	13.60	962.53
	1114.51	0.00	13.58	959.54
	1114.52	0.00	13.58	959.54
	1114.53	0.00	13.59	960.54
	1114.55	0.00	13.57	959.55
	1114.56	0.00	13.57	959.55
	1114.57	0.00	13.60	956.49
	1114.58	0.00	13.60	957.50
	1114.59	0.00	13.58	958.52
	1114.60	0.00	13.57	958.53
	1114.61	0.00	13.57	957.54
	1114.63	0.00	13.56	959.55
	1114.64	0.00	13.55	959.56
	1114.65	0.00	13.55	960.56
	1114.66	0.00	13.52	947.54
	1114.67	0.00	13.53	952.54
	1114.69	0.00	13.52	952.55
	1114.70	0.00	13.53	954.55
	1114.71	0.00	13.53	956.55
	1114.72	0.00	13.53	958.56
	1114.73	0.00	13.52	955.56
	1114.74	0.00	13.52	958.57
	1114.76	0.00	13.52	960.57
	1114.77	0.00	13.51	960.57
	1114.78	0.00	13.47	952.56
	1114.79	0.00	13.49	951.54
	1114.80	0.00	13.49	956.56
	1114.81	0.00	13.48	959.57
	1114.82	0.00	13.50	962.57
	1114.83	0.00	13.50	960.57
	1114.85	0.00	13.51	966.58
	1114.86	0.00	13.49	965.58
	1114.87	0.00	13.48	962.58
	1114.88	0.00	13.51	965.56
	1114.89	0.00	13.44	956.59
	1114.91	0.00	13.48	959.57
	1114.92	0.00	13.48	959.57
	1114.93	0.00	13.51	962.57
	1114.94	0.00	13.52	961.57
	1114.95	0.00	13.52	962.57
	1114.96	0.00	13.53	959.57
	1114.97	0.00	13.53	961.57
	1114.99	0.00	13.54	961.56
	1115.00	0.00	13.54	963.57
	1115.01	0.00	13.52	960.57
	1115.02	0.00	13.54	955.54
	1115.03	0.00	13.54	958.55
	1115.04	0.00	13.54	960.55
	1115.06	0.00	13.55	962.55
	1115.07	0.00	13.56	963.55
	1115.08	0.00	13.55	962.55
	1115.09	0.00	13.56	964.55
	1115.10	0.00	13.56	962.55
	1115.11	0.00	13.56	962.54
	1115.13	0.00	13.58	961.54
	1115.14	0.00	13.54	955.54
	1115.15	0.00	13.55	960.55
	1115.16	0.00	13.55	960.55
	1115.17	0.00	13.56	959.54
	1115.18	0.00	13.58	960.54
	1115.19	0.00	13.57	958.55
	1115.21	0.00	13.57	961.54
	1115.22	0.00	13.58	958.54
	1115.23	0.00	13.57	956.54
	1115.24	0.00	13.57	950.52
	1115.25	0.00	13.57	952.53
	1115.27	0.00	13.57	952.53
	1115.28	0.00	13.58	954.53
	1115.29	0.00	13.58	953.53
	1115.30	0.00	13.57	955.54
	1115.31	0.00	13.59	956.53
	1115.32	0.00	13.60	958.53
	1115.33	0.00	13.59	958.54
	1115.35	0.00	13.60	955.51
	1115.36	0.00	13.60	955.51
	1115.37	0.00	13.59	955.53
	1115.38	0.00	13.61	953.53
	1115.39	0.00	13.58	953.55
	1115.40	0.00	13.62	955.53
	1115.42	0.00	13.61	956.54
	1115.43	0.00	13.60	952.54
	1115.44	0.00	13.60	953.54
	1115.45	0.00	13.61	953.54
	1115.46	0.00	13.61	954.54
	1115.47	0.00	13.61	955.54
	1115.49	0.00	13.62	954.53
	1115.50	0.00	13.61	956.54
	1115.51	0.00	13.62	953.52
	1115.52	0.00	13.61	951.52
	1115.53	0.00	13.61	951.52
	1115.54	0.00	13.62	952.53
	1115.56	0.00	13.62	954.53
	1115.57	0.00	13.63	952.53
	1115.58	0.00	13.63	953.53
	1115.59	0.00	13.61	954.55
	1115.60	0.00	13.59	944.53
	1115.61	0.00	13.60	947.54
	1115.63	0.00	13.66	951.48
	1115.64	0.00	13.67	953.49
	1115.65	0.00	13.67	954.49
	1115.66	0.00	13.68	956.49
	1115.67	0.00	13.68	952.49
	1115.68	0.00	13.68	952.50
	1115.69	0.00	13.69	952.49
	1115.71	0.00	13.69	950.49
	1115.72	0.00	13.70	951.49
	1115.73	0.00	13.73	944.43
	1115.74	0.00	13.75	944.43
	1115.75	0.00	13.72	945.46
	1115.76	0.00	13.71	947.47
	1115.78	0.00	13.73	946.47
	1115.79	0.00	13.74	947.48
	1115.80	0.00	13.73	944.49
	1115.81	0.00	13.73	949.49
	1115.82	0.00	13.69	935.48
	1115.83	0.00	13.71	945.49
	1115.84	0.00	13.72	947.49
	1115.86	0.00	13.72	947.49
	1115.87	0.00	13.73	946.49
	1115.88	0.00	13.73	946.49
	1115.89	0.00	13.73	944.48
	1115.90	0.00	13.74	943.48
	1115.92	0.00	13.73	947.48
	1115.93	0.00	13.75	945.48
	1115.94	0.00	13.74	945.49
	1115.95	0.00	13.74	947.47
	1115.96	0.00	13.72	934.46
	1115.97	0.00	13.70	937.47
	1115.98	0.00	13.72	939.47
	1116.00	0.00	13.72	941.48
	1116.01	0.00	13.71	942.48
	1116.02	0.00	13.73	941.48
	1116.03	0.00	13.73	941.48
	1116.04	0.00	13.74	942.48
	1116.05	0.00	13.75	942.47
	1116.06	0.00	13.72	943.49
	1116.08	0.00	13.68	926.47
	1116.09	0.00	13.72	935.47
	1116.10	0.00	13.73	935.46
	1116.11	0.00	13.72	941.48
	1116.12	0.00	13.72	943.48
	1116.14	0.00	13.74	942.48
	1116.15	0.00	13.73	942.48
	1116.16	0.00	13.75	944.47
	1116.17	0.00	13.73	943.48
	1116.18	0.00	13.73	943.48
	1116.19	0.00	13.74	943.48
	1116.20	0.00	13.75	942.47
	1116.22	0.00	13.72	934.47
	1116.23	0.00	13.74	940.47
	1116.24	0.00	13.76	940.47
	1116.25	0.00	13.74	940.47
	1116.26	0.00	13.76	941.46
	1116.27	0.00	13.76	943.47
	1116.29	0.00	13.76	943.47
	1116.30	0.00	13.76	943.47
	1116.31	0.00	13.76	941.47
	1116.32	0.00	13.75	942.47
	1116.33	0.00	13.78	941.46
	1116.34	0.00	13.76	941.47
	1116.36	0.00	13.77	943.47
	1116.37	0.00	13.75	941.48
	1116.38	0.00	13.75	936.46
	1116.39	0.00	13.75	936.46
	1116.40	0.00	13.74	937.47
	1116.41	0.00	13.74	935.46
	1116.43	0.00	13.75	935.46
	1116.44	0.00	13.74	935.47
	1116.45	0.00	13.75	938.47
	1116.46	0.00	13.76	944.47
	1116.47	0.00	13.75	943.48
	1116.48	0.00	13.76	945.48
	1116.50	0.00	13.75	944.48
	1116.51	0.00	13.75	947.48
	1116.52	0.00	13.74	946.48
	1116.53	0.00	13.72	940.48
	1116.54	0.00	13.72	944.48
	1116.55	0.00	13.74	949.48
	1116.56	0.00	13.71	948.50
	1116.58	0.00	13.72	945.47
	1116.59	0.00	13.73	944.47
	1116.60	0.00	13.72	947.48
	1116.61	0.00	13.72	948.48
	1116.62	0.00	13.72	945.47
	1116.64	0.00	13.72	944.48
	1116.65	0.00	13.72	947.48
	1116.66	0.00	13.74	950.48
	1116.67	0.00	13.75	948.48
	1116.68	0.00	13.74	947.48
	1116.69	0.00	13.74	950.48
	1116.70	0.00	13.75	949.48
	1116.72	0.00	13.75	949.48
	1116.73	0.00	13.75	942.47
	1116.74	0.00	13.77	944.45
	1116.75	0.00	13.78	946.45
	1116.76	0.00	13.79	948.45
	1116.77	0.00	13.78	948.46
	1116.79	0.00	13.79	946.45
	1116.80	0.00	13.82	950.44
	1116.81	0.00	13.81	947.44
	1116.82	0.00	13.84	947.43
	1116.83	0.00	13.85	941.42
	1116.84	0.00	13.89	943.41
	1116.85	0.00	13.91	941.40
	1116.87	0.00	13.94	938.39
	1116.88	0.00	14.01	934.36
	1116.89	0.00	14.03	931.34
	1116.90	0.00	14.10	926.32
	1116.91	0.00	14.10	917.30
	1116.92	0.00	14.16	910.30
	1116.94	0.00	14.20	908.27
	1116.95	0.00	14.25	907.24
	1116.96	0.00	14.29	903.23
	1116.97	0.00	14.40	900.18
	1116.98	0.00	14.43	899.16
	1116.99	0.00	14.45	899.15
	1117.01	0.00	14.48	899.13
	1117.02	0.00	14.50	896.11
	1117.03	0.00	14.53	894.09
	1117.04	0.00	14.53	884.07
	1117.05	0.00	14.54	883.06
	1117.06	0.00	14.57	883.05
	1117.07	0.00	14.60	877.03
	1117.09	0.00	14.61	870.02
	1117.10	0.00	14.69	845.01
	1117.11	0.00	14.70	840.00
	1117.12	0.00	14.68	835.00
	1117.13	0.00	14.56	849.00
	1117.15	0.00	14.62	823.00
	1117.16	0.00	14.64	819.99
	1117.17	0.00	14.61	819.00
	1117.18	0.00	14.62	815.99
	1117.19	0.00	14.60	809.98
	1117.20	0.00	14.59	809.99
	1117.21	0.00	14.57	808.00
	1117.23	0.00	14.57	808.00
	1117.24	0.00	14.58	809.00
	1117.25	0.00	14.58	807.00
	1117.26	0.00	14.60	804.00
	1117.27	0.00	14.60	804.00
	1117.28	0.00	14.60	804.00
	1117.30	0.00	14.62	802.98
	1117.31	0.00	14.62	802.98
	1117.32	0.00	14.63	803.98
	1117.33	0.00	14.62	805.99
	1117.34	0.00	14.63	807.99
	1117.35	0.00	14.64	808.99
	1117.37	0.00	14.65	810.99
	1117.38	0.00	14.65	804.97
	1117.39	0.00	14.68	808.96
	1117.40	0.00	14.68	808.96
	1117.41	0.00	14.69	810.97
	1117.42	0.00	14.70	812.97
	1117.43	0.00	14.68	812.98
	1117.45	0.00	14.71	815.97
	1117.46	0.00	14.70	813.97
	1117.47	0.00	14.70	813.97
	1117.48	0.00	14.70	813.97
	1117.49	0.00	14.69	813.98
	1117.50	0.00	14.68	806.97
	1117.52	0.00	14.70	816.98
	1117.53	0.00	14.69	813.98
	1117.54	0.00	14.79	811.90
	1117.55	0.00	14.77	810.91
	1117.56	0.00	14.78	812.91
	1117.57	0.00	14.78	816.92
	1117.59	0.00	14.74	810.93
	1117.60	0.00	14.67	804.96
	1117.61	0.00	14.48	812.01
	1117.62	0.00	14.02	839.19
	1117.63	0.00	13.11	910.38
	1117.64	0.00	12.56	948.51
	1117.66	0.00	12.34	980.56
	1117.67	0.00	12.18	1027.62
	1117.68	0.00	12.11	1040.65
	1117.69	0.00	12.07	1045.67
	1117.70	0.00	12.01	1080.71
	1117.71	0.00	11.88	1108.78
	1117.72	0.00	11.78	1142.84
	1117.74	0.00	11.68	1169.88
	1117.75	0.00	11.63	1190.91
	1117.76	0.00	11.63	1247.94
	1117.77	0.00	11.66	1276.94
	1117.78	0.00	11.72	1299.95
	1117.80	0.00	11.84	1315.92
	1117.81	0.00	12.01	1333.88
	1117.82	0.00	12.18	1331.83
	1117.83	0.00	12.37	1325.78
	1117.84	0.00	12.59	1318.71
	1117.85	0.00	12.81	1306.67
	1117.86	0.00	12.99	1294.63
	1117.88	0.00	13.19	1284.58
	1117.89	0.00	13.47	1255.54
	1117.90	0.00	13.53	1244.53
	1117.91	0.00	13.61	1235.50
	1117.92	0.00	13.69	1226.48
	1117.93	0.00	13.75	1216.46
	1117.95	0.00	13.80	1211.45
	1117.96	0.00	13.89	1198.44
	1117.97	0.00	13.95	1187.43
	1117.98	0.00	13.99	1176.41
	1117.99	0.00	14.07	1173.40
	1118.01	0.00	14.13	1166.39
	1118.02	0.00	14.22	1175.35
	1118.03	0.00	14.29	1184.33
	1118.04	0.00	14.34	1186.29
	1118.05	0.00	14.44	1189.25
	1118.06	0.00	14.57	1177.20
	1118.07	0.00	14.67	1182.16
	1118.09	0.00	14.76	1184.12
	1118.10	0.00	14.86	1172.08
	1118.11	0.00	14.96	1170.01
	1118.12	0.00	15.04	1167.96
	1118.13	0.00	15.14	1151.91
	1118.15	0.00	15.30	1102.78
	1118.16	0.00	15.40	1087.67
	1118.17	0.00	15.44	1065.62
	1118.18	0.00	15.46	1044.61
	1118.19	0.00	15.50	1015.58
	1118.20	0.00	15.58	978.59
	1118.21	0.00	15.58	956.58
	1118.23	0.00	15.55	949.59
	1118.24	0.00	15.50	930.60
	1118.25	0.00	15.67	936.61
	1118.26	0.00	15.66	917.61
	1118.27	0.00	15.68	898.58
	1118.28	0.00	15.64	869.58
	1118.30	0.00	15.44	824.62
	1118.31	0.00	15.13	788.64
	1118.32	0.00	15.13	806.64
	1118.33	0.00	15.14	809.65
	1118.34	0.00	15.08	795.65
	1118.35	0.00	15.14	809.64
	1118.36	0.00	15.12	808.67
	1118.38	0.00	15.13	807.67
	1118.39	0.00	15.13	807.67
	1118.40	0.00	15.14	788.67
	1118.41	0.00	15.11	786.68
	1118.42	0.00	15.11	785.68
	1118.44	0.00	15.10	782.68
	1118.45	0.00	15.10	783.68
	1118.46	0.00	15.10	782.68
	1118.4715.07	779.68
	1118.57	0.00	15.05	781.69
	1118.58	0.00	15.11	803.68
	1118.60	0.00	15.08	786.68
	1118.61	0.00	15.08	786.68
	1118.62	0.00	15.09	787.68
	1118.63	0.00	15.06	788.69
	1118.64	0.00	15.03	781.68
	1118.66	0.00	15.06	791.69
	1118.67	0.00	15.04	786.69
	1118.68	0.00	15.09	786.65
	1118.69	0.00	15.09	789.66
	1118.70	0.00	15.07	778.66
	1118.71	0.00	15.12	787.66
	1118.72	0.00	15.10	787.67
	1118.74	0.00	15.00	790.71
	1118.75	0.00	14.82	785.81
	1118.76	0.00	14.29	808.99
	1118.77	0.00	12.82	944.32
	1118.78	0.00	11.81	1051.56
	1118.79	0.00	11.31	1128.71
	1118.81	0.00	11.06	1174.86
	1118.82	0.00	10.91	1239.95
	1118.83	0.00	10.79	1284.02
	1118.84	0.00	10.81	1302.05
	1118.85	0.00	10.86	1358.09
	1118.86	0.00	10.95	1381.09
	1118.88	0.00	11.07	1400.07
	1118.89	0.00	11.23	1407.03
	1118.90	0.00	11.39	1398.99
	1118.91	0.00	11.62	1394.96
	1118.92	0.00	11.90	1382.89
	1118.93	0.00	12.20	1366.82
	1118.95	0.00	12.44	1354.78
	1118.96	0.00	12.71	1330.71
	1118.97	0.00	12.92	1315.65
	1118.98	0.00	13.18	1297.58
	1118.99	0.00	13.51	1271.49
	1119.00	0.00	13.62	1263.48
	1119.02	0.00	13.74	1272.43
	1119.03	0.00	13.81	1265.40
	1119.04	0.00	13.91	1262.36
	1119.05	0.00	13.96	1261.34
	1119.06	0.00	14.02	1259.32
	1119.07	0.00	14.07	1265.31
	1119.08	0.00	14.14	1257.31
	1119.10	0.00	14.19	1261.30
	1119.11	0.00	14.29	1267.26
	1119.12	0.00	14.41	1268.22
	1119.13	0.00	14.42	1270.22
	1119.14	0.00	14.49	1274.20
	1119.16	0.00	14.56	1270.17
	1119.17	0.00	14.62	1270.15
	1119.18	0.00	14.72	1269.11
	1119.19	0.00	14.78	1269.06
	1119.20	0.00	14.91	1271.98
	1119.21	0.00	15.01	1260.90
	1119.22	0.00	15.11	1236.84
	1119.24	0.00	15.17	1213.80
	1119.25	0.00	15.25	1184.76
	1119.26	0.00	15.33	1163.70
	1119.27	0.00	15.41	1125.68
	1119.28	0.00	15.44	1093.64
	1119.30	0.00	15.51	1065.59
	1119.31	0.00	15.60	1023.59
	1119.32	0.00	15.59	1001.58
	1119.33	0.00	15.58	979.58
	1119.34	0.00	15.62	959.55
	1119.35	0.00	15.56	934.58
	1119.37	0.00	15.50	913.58
	1119.38	0.00	15.47	892.58
	1119.39	0.00	15.44	869.56
	1119.40	0.00	15.31	820.58
	1119.41	0.00	15.09	801.69
	1119.42	0.00	15.05	814.73
	1119.44	0.00	14.99	803.77
	1119.45	0.00	14.96	788.78
	1119.46	0.00	14.95	796.77
	1119.47	0.00	14.92	777.78
	1119.48	0.00	14.93	778.78
	1119.49	0.00	14.95	785.78
	1119.51	0.00	14.95	785.78
	1119.52	0.00	14.95	783.78
	1119.53	0.00	14.96	785.78
	1119.54	0.00	14.94	780.78
	1119.55	0.00	14.93	782.79
	1119.56	0.00	14.93	778.79
	1119.57	0.00	14.93	778.79
	1119.59	0.00	14.92	779.79
	1119.60	0.00	14.94	780.79
	1119.61	0.00	14.93	778.79
	1119.62	0.00	14.92	780.79
	1119.63	0.00	14.93	781.79
	1119.64	0.00	14.95	781.79
	1119.66	0.00	14.95	781.79
	1119.67	0.00	14.94	781.79
	1119.68	0.00	14.95	781.79
	1119.69	0.00	14.96	781.78
	1119.70	0.00	14.98	780.75
	1119.71	0.00	14.94	782.78
	1119.72	0.00	14.93	783.78
	1119.74	0.00	14.93	780.79
	1119.75	0.00	14.90	782.79
	1119.76	0.00	14.91	781.79
	1119.77	0.00	14.91	784.79
	1119.78	0.00	14.91	783.79
	1119.80	0.00	14.92	784.78
	1119.81	0.00	14.93	786.78
	1119.82	0.00	14.87	784.81
	1119.83	0.00	14.86	801.83
	1119.84	0.00	14.68	809.86
	1119.85	0.00	14.31	832.01
	1119.86	0.00	12.90	945.25
	1119.88	0.00	12.19	1020.42
	1119.89	0.00	11.80	1070.54
	1119.90	0.00	11.60	1102.62
	1119.91	0.00	11.53	1155.69
	1119.92	0.00	11.60	1172.77
	1119.93	0.00	11.69	1203.83
	1119.94	0.00	11.55	1228.93
	1119.96	0.00	11.62	1271.97
	1119.97	0.00	11.70	1305.98
	1119.98	0.00	11.83	1318.97
	1119.99	0.00	11.97	1310.94
	1120.00	0.00	12.16	1294.92
	1120.02	0.00	12.32	1264.89
	1120.03	0.00	12.48	1237.86
	1120.04	0.00	12.64	1212.82
	1120.05	0.00	12.79	1192.77
	1120.06	0.00	12.93	1168.75
	1120.07	0.00	13.04	1151.72
	1120.09	0.00	13.36	1112.68
	1120.10	0.00	13.46	1081.65
	1120.11	0.00	13.55	1073.63
	1120.12	0.00	13.63	1063.57
	1120.13	0.00	13.74	1058.53
	1120.14	0.00	13.86	1058.50
	1120.16	0.00	13.97	1046.45
	1120.17	0.00	14.05	1041.42
	1120.18	0.00	14.16	1038.38
	1120.19	0.00	14.26	1033.35
	1120.20	0.00	14.33	1031.32
	1120.21	0.00	14.46	1039.29
	1120.23	0.00	14.61	1047.23
	1120.24	0.00	14.64	1041.21
	1120.25	0.00	14.76	1057.18
	1120.26	0.00	14.84	1068.14
	1120.27	0.00	14.91	1074.10
	1120.28	0.00	15.02	1079.05
	1120.30	0.00	15.10	1075.00
	1120.31	0.00	15.17	1079.94
	1120.32	0.00	15.26	1080.89
	1120.33	0.00	15.32	1076.85
	1120.34	0.00	15.36	1065.82
	1120.35	0.00	15.42	1061.78
	1120.37	0.00	15.49	1054.70
	1120.38	0.00	15.56	1038.63
	1120.39	0.00	15.59	1024.61
	1120.40	0.00	15.82	1023.58
	1120.41	0.00	15.83	1015.58
	1120.42	0.00	15.88	966.59
	1120.44	0.00	15.68	931.57
	1120.45	0.00	15.65	921.58
	1120.46	0.00	15.63	912.59
	1120.47	0.00	15.61	898.58
	1120.48	0.00	15.61	885.55
	1120.49	0.00	15.51	855.55
	1120.51	0.00	15.37	826.57
	1120.52	0.00	15.21	788.60
	1120.53	0.00	15.13	770.63
	1120.54	0.00	15.13	773.64
	1120.55	0.00	15.06	770.67
	1120.56	0.00	15.00	759.68
	1120.58	0.00	14.99	762.68
	1120.59	0.00	14.95	750.69
	1120.60	0.00	14.96	758.70
	1120.61	0.00	14.96	756.70
	1120.62	0.00	14.95	754.70
	1120.63	0.00	14.93	753.71
	1120.65	0.00	14.93	753.71
	1120.66	0.00	14.95	753.71
	1120.67	0.00	14.94	751.71
	1120.68	0.00	14.96	751.70
	1120.69	0.00	14.94	748.70
	1120.70	0.00	14.93	748.71
	1120.71	0.00	14.91	748.72
	1120.73	0.00	14.89	748.72
	1120.74	0.00	14.90	750.72
	1120.75	0.00	14.89	750.73
	1120.76	0.00	14.87	742.72
	1120.77	0.00	14.91	751.72
	1120.78	0.00	14.90	749.72
	1120.80	0.00	14.90	750.72
	1120.81	0.00	14.90	749.72
	1120.82	0.00	14.88	753.72
	1120.83	0.00	14.90	752.72
	1120.84	0.00	14.90	754.72
	1120.85	0.00	14.92	753.72
	1120.87	0.00	14.87	744.72
	1120.88	0.00	14.92	757.72
	1120.89	0.00	14.92	757.72
	1120.90	0.00	14.92	757.72
	1120.91	0.00	14.92	758.72
	1120.92	0.00	14.91	759.72
	1120.93	0.00	14.93	759.72
	1120.95	0.00	14.90	771.72
	1120.96	0.00	14.94	775.71
	1120.97	0.00	14.90	782.74
	1120.98	0.00	14.80	766.79
	1120.99	0.00	14.26	775.97
	1121.00	0.00	12.73	888.30
	1121.02	0.00	11.81	1002.60
	1121.03	0.00	11.13	1096.80
	1121.04	0.00	10.89	1151.95
	1121.05	0.00	10.69	1214.02
	1121.06	0.00	10.51	1257.11
	1121.07	0.00	10.49	1287.14
	1121.09	0.00	10.49	1309.20
	1121.10	0.00	10.51	1331.19
	1121.11	0.00	10.57	1362.24
	1121.12	0.00	10.63	1371.21
	1121.13	0.00	10.73	1374.19
	1121.14	0.00	10.85	1373.18
	1121.16	0.00	10.96	1369.17
	1121.17	0.00	11.11	1356.14
	1121.18	0.00	11.29	1338.09
	1121.19	0.00	11.47	1312.04
	1121.20	0.00	11.68	1289.99
	1121.21	0.00	11.89	1262.93
	1121.23	0.00	12.08	1243.89
	1121.24	0.00	12.34	1228.83
	1121.25	0.00	12.53	1217.78
	1121.26	0.00	12.69	1198.75
	1121.27	0.00	12.87	1186.73
	1121.29	0.00	12.93	1172.71
	1121.30	0.00	13.07	1169.69
	1121.31	0.00	13.30	1141.67
	1121.32	0.00	13.36	1139.66
	1121.33	0.00	13.45	1132.62
	1121.34	0.00	13.48	1137.63
	1121.35	0.00	13.54	1140.61
	1121.37	0.00	13.60	1145.60
	1121.38	0.00	13.66	1142.58
	1121.39	0.00	13.76	1138.57
	1121.40	0.00	13.86	1132.53
	1121.41	0.00	14.09	1137.47
	1121.42	0.00	14.25	1135.39
	1121.44	0.00	14.47	1139.30
	1121.45	0.00	14.67	1130.20
	1121.46	0.00	14.85	1133.13
	1121.47	0.00	14.99	1130.02
	1121.48	0.00	15.16	1099.93
	1121.50	0.00	15.25	1093.87
	1121.51	0.00	15.28	1086.84
	1121.52	0.00	15.33	1074.81
	1121.53	0.00	15.39	1060.75
	1121.54	0.00	15.52	1017.69
	1121.55	0.00	15.52	1033.62
	1121.56	0.00	15.51	1009.60
	1121.57	0.00	15.65	974.57
	1121.59	0.00	15.61	949.58
	1121.60	0.00	15.59	932.58
	1121.61	0.00	15.61	909.57
	1121.62	0.00	15.58	901.58
	1121.63	0.00	15.59	892.57
	1121.65	0.00	15.59	882.55
	1121.66	0.00	15.54	865.55
	1121.67	0.00	15.39	832.57
	1121.68	0.00	15.20	788.60
	1121.69	0.00	15.09	769.62
	1121.70	0.00	15.06	769.64
	1121.72	0.00	15.03	771.67
	1121.73	0.00	14.99	761.67
	1121.74	0.00	15.00	769.67
	1121.75	0.00	15.02	776.68
	1121.76	0.00	15.04	781.68
	1121.77	0.00	15.05	778.68
	1121.78	0.00	15.05	776.68
	1121.80	0.00	15.06	779.67
	1121.81	0.00	15.07	775.67
	1121.82	0.00	15.03	773.68
	1121.83	0.00	15.02	771.68
	1121.84	0.00	15.03	769.68
	1121.85	0.00	15.01	769.69
	1121.87	0.00	14.99	761.69
	1121.88	0.00	15.02	770.69
	1121.89	0.00	15.03	768.69
	1121.90	0.00	15.02	767.69
	1121.91	0.00	15.04	770.69
	1121.92	0.00	15.03	764.69
	1121.94	0.00	15.05	789.69
	1121.95	0.00	15.03	789.69
	1121.96	0.00	15.01	771.69
	1121.97	0.00	15.04	795.69
	1121.98	0.00	15.04	794.69
	1121.99	0.00	15.05	796.69
	1122.01	0.00	15.05	797.68
	1122.02	0.00	15.07	796.67
	1122.03	0.00	15.05	797.68
	1122.04	0.00	15.05	798.68
	1122.05	0.00	15.07	798.68
	1122.06	0.00	15.07	798.68
	1122.07	0.00	15.06	780.68
	1122.09	0.00	15.05	797.68
	1122.10	0.00	15.04	799.69
	1122.11	0.00	14.98	797.72
	1122.12	0.00	14.87	768.74
	1122.13	0.00	14.60	776.83
	1122.14	0.00	13.25	873.12
	1122.16	0.00	12.20	971.33
	1122.17	0.00	11.72	1059.45
	1122.18	0.00	11.48	1096.57
	1122.19	0.00	11.37	1148.69
	1122.20	0.00	11.37	1157.79
	1122.21	0.00	11.48	1190.86
	1122.23	0.00	11.41	1233.95
	1122.24	0.00	11.41	1276.00
	1122.25	0.00	11.44	1318.03
	1122.26	0.00	11.44	1361.05
	1122.27	0.00	11.44	1366.06
	1122.28	0.00	11.54	1369.01
	1122.30	0.00	11.68	1366.96
	1122.31	0.00	11.87	1353.90
	1122.32	0.00	12.09	1334.83
	1122.33	0.00	12.34	1311.76
	1122.34	0.00	12.54	1286.69
	1122.35	0.00	12.74	1260.64
	1122.36	0.00	12.92	1233.58
	1122.38	0.00	13.11	1208.54
	1122.39	0.00	13.38	1173.52
	1122.40	0.00	13.44	1166.48
	1122.41	0.00	13.52	1160.47
	1122.42	0.00	13.58	1156.43
	1122.44	0.00	13.59	1152.47
	1122.45	0.00	13.65	1144.46
	1122.46	0.00	13.69	1145.45
	1122.47	0.00	13.76	1142.43
	1122.48	0.00	13.86	1139.40
	1122.49	0.00	13.93	1139.36
	1122.51	0.00	14.02	1145.34
	1122.52	0.00	14.10	1148.31
	1122.53	0.00	14.18	1147.29
	1122.54	0.00	14.31	1149.24
	1122.55	0.00	14.40	1153.22
	1122.56	0.00	14.51	1147.18
	1122.57	0.00	14.66	1147.15
	1122.59	0.00	14.80	1146.09
	1122.60	0.00	14.92	1134.03
	1122.61	0.00	15.02	1122.96
	1122.62	0.00	15.18	1128.90
	1122.63	0.00	15.27	1109.85
	1122.65	0.00	15.34	1101.80
	1122.66	0.00	15.45	1084.70
	1122.67	0.00	15.63	1049.63
	1122.68	0.00	15.70	1034.58
	1122.69	0.00	15.73	1016.55
	1122.70	0.00	15.70	1006.58
	1122.71	0.00	15.71	982.58
	1122.73	0.00	15.73	971.55
	1122.74	0.00	15.70	956.57
	1122.75	0.00	15.70	933.56
	1122.76	0.00	15.71	927.56
	1122.77	0.00	15.72	919.54
	1122.79	0.00	15.64	899.55
	1122.80	0.00	15.53	858.54
	1122.81	0.00	15.36	820.56
	1122.82	0.00	15.17	786.61
	1122.83	0.00	15.03	762.66
	1122.84	0.00	14.97	759.68
	1122.85	0.00	14.97	762.69
	1122.87	0.00	14.95	756.69
	1122.88	0.00	14.95	756.69
	1122.89	0.00	14.95	756.69
	1122.90	0.00	14.94	757.70
	1122.91	0.00	14.95	758.70
	1122.93	0.00	14.94	757.70
	1122.94	0.00	14.90	746.70
	1122.95	0.00	14.91	748.70
	1122.96	0.00	14.91	748.70
	1122.97	0.00	14.87	735.70
	1122.98	0.00	14.90	742.70
	1122.99	0.00	14.90	746.70
	1123.01	0.00	14.90	748.70
	1123.02	0.00	14.93	746.69
	1123.03	0.00	14.95	745.70
	1123.04	0.00	14.93	747.69
	1123.05	0.00	14.92	747.70
	1123.06	0.00	14.93	746.69
	1123.08	0.00	14.91	746.70
	1123.09	0.00	14.91	746.70
	1123.10	0.00	14.91	746.70
	1123.11	0.00	14.91	747.69
	1123.12	0.00	14.91	747.69
	1123.13	0.00	14.93	748.68
	1123.15	0.00	14.92	748.68
	1123.16	0.00	14.92	749.68
	1123.17	0.00	14.89	746.69
	1123.18	0.00	14.91	749.69
	1123.19	0.00	14.89	750.69
	1123.20	0.00	14.88	747.70
	1123.21	0.00	14.90	748.69
	1123.23	0.00	14.84	750.72
	1123.24	0.00	14.79	739.76
	1123.25	0.00	14.49	750.83
	1123.26	0.00	13.26	817.12
	1123.27	0.00	11.92	935.42
	1123.28	0.00	11.21	1017.61
	1123.30	0.00	10.98	1090.70
	1123.31	0.00	10.78	1129.82
	1123.32	0.00	10.73	1170.91
	1123.33	0.00	10.66	1203.01
	1123.34	0.00	10.72	1228.08
	1123.35	0.00	10.65	1267.13
	1123.36	0.00	10.58	1296.21
	1123.38	0.00	10.54	1326.23
	1123.39	0.00	10.56	1367.24
	1123.40	0.00	10.56	1364.23
	1123.41	0.00	10.59	1396.23
	1123.42	0.00	10.64	1397.17
	1123.44	0.00	10.69	1399.14
	1123.45	0.00	10.81	1381.08
	1123.46	0.00	10.93	1365.03
	1123.47	0.00	11.04	1350.98
	1123.48	0.00	11.21	1331.91
	1123.49	0.00	11.34	1326.87
	1123.51	0.00	11.51	1308.82
	1123.52	0.00	11.65	1296.78
	1123.53	0.00	11.78	1291.74
	1123.54	0.00	11.88	1282.75
	1123.55	0.00	11.98	1276.73
	1123.56	0.00	12.15	1279.71
	1123.57	0.00	12.27	1277.71
	1123.59	0.00	12.43	1274.65
	1123.60	0.00	12.58	1270.65
	1123.61	0.00	12.81	1251.62
	1123.62	0.00	12.97	1238.59
	1123.63	0.00	13.20	1224.53
	1123.65	0.00	13.39	1217.46
	1123.66	0.00	13.67	1192.47
	1123.67	0.00	13.84	1192.41
	1123.68	0.00	14.03	1185.34
	1123.69	0.00	14.18	1178.28
	1123.70	0.00	14.33	1167.24
	1123.72	0.00	14.53	1157.18
	1123.73	0.00	14.69	1155.13
	1123.74	0.00	14.85	1150.07
	1123.75	0.00	15.03	1155.95
	1123.76	0.00	15.22	1163.84
	1123.77	0.00	15.40	1160.72
	1123.79	0.00	15.50	1138.68
	1123.80	0.00	15.63	1126.60
	1123.81	0.00	15.75	1094.59
	1123.82	0.00	15.79	1078.57
	1123.83	0.00	15.96	1070.58
	1123.84	0.00	16.01	1065.57
	1123.85	0.00	16.01	1051.59
	1123.87	0.00	16.05	1045.57
	1123.88	0.00	16.03	1034.60
	1123.89	0.00	16.05	1027.59
	1123.90	0.00	16.10	1023.57
	1123.91	0.00	16.07	1010.57
	1123.93	0.00	16.05	998.57
	1123.94	0.00	16.01	950.54
	1123.95	0.00	15.90	923.55
	1123.96	0.00	15.72	876.55
	1123.97	0.00	15.32	814.56
	1123.98	0.00	15.18	780.59
	1124.00	0.00	15.04	763.66
	1124.01	0.00	14.91	757.71
	1124.02	0.00	14.86	748.73
	1124.03	0.00	14.80	742.74
	1124.04	0.00	14.83	745.73
	1124.05	0.00	14.81	743.74
	1124.06	0.00	14.83	745.74
	1124.08	0.00	14.83	745.74
	1124.09	0.00	14.81	747.75
	1124.10	0.00	14.82	746.75
	1124.11	0.00	14.82	746.75
	1124.12	0.00	14.77	738.75
	1124.13	0.00	14.78	739.75
	1124.15	0.00	14.78	740.75
	1124.16	0.00	14.80	741.75
	1124.17	0.00	14.79	737.75
	1124.18	0.00	14.80	740.75
	1124.19	0.00	14.81	742.75
	1124.20	0.00	14.82	742.74
	1124.21	0.00	14.79	736.75
	1124.23	0.00	14.84	741.74
	1124.24	0.00	14.84	742.74
	1124.25	0.00	14.82	742.74
	1124.26	0.00	14.83	743.74
	1124.27	0.00	14.83	745.74
	1124.29	0.00	14.76	736.75
	1124.30	0.00	14.78	740.75
	1124.31	0.00	14.80	742.74
	1124.32	0.00	14.80	744.75
	1124.33	0.00	14.81	746.75
	1124.34	0.00	14.81	746.75
	1124.35	0.00	14.85	765.74
	1124.37	0.00	14.82	746.74
	1124.38	0.00	14.82	746.74
	1124.39	0.00	14.82	746.74
	1124.40	0.00	14.83	765.74
	1124.41	0.00	14.79	746.75
	1124.42	0.00	14.81	746.75
	1124.44	0.00	14.82	748.74
	1124.45	0.00	14.82	745.74
	1124.46	0.00	14.82	745.74
	1124.47	0.00	14.80	744.75
	1124.48	0.00	14.80	744.75
	1124.49	0.00	14.79	766.77
	1124.51	0.00	14.45	754.87
	1124.52	0.00	12.80	850.13
	1124.53	0.00	11.09	1051.50
	1124.54	0.00	10.19	1188.84
	1124.55	0.00	9.95	1235.02
	1124.56	0.00	9.97	1257.10
	1124.57	0.00	10.06	1263.14
	1124.59	0.00	10.15	1289.23
	1124.60	0.00	10.34	1295.30
	1124.61	0.00	10.47	1316.35
	1124.62	0.00	10.56	1346.37
	1124.63	0.00	10.69	1365.33
	1124.64	0.00	10.88	1395.28
	1124.66	0.00	11.08	1393.25
	1124.67	0.00	11.24	1389.19
	1124.68	0.00	11.39	1376.14
	1124.69	0.00	11.50	1350.11
	1124.70	0.00	11.59	1325.06
	1124.71	0.00	11.70	1305.02
	1124.73	0.00	11.75	1282.98
	1124.74	0.00	11.87	1233.93
	1124.75	0.00	12.09	1206.85
	1124.76	0.00	12.31	1175.81
	1124.77	0.00	12.51	1140.77
	1124.79	0.00	12.68	1118.72
	1124.80	0.00	12.80	1094.69
	1124.81	0.00	12.91	1083.69
	1124.82	0.00	13.28	1048.66
	1124.83	0.00	13.37	1041.62
	1124.84	0.00	13.50	1032.56
	1124.85	0.00	13.61	1024.53
	1124.87	0.00	13.78	1023.47
	1124.88	0.00	13.91	1025.42
	1124.89	0.00	14.05	1026.36
	1124.90	0.00	14.20	1030.32
	1124.91	0.00	14.30	1023.27
	1124.92	0.00	14.45	1025.25
	1124.94	0.00	14.59	1035.20
	1124.95	0.00	14.71	1049.16
	1124.96	0.00	14.85	1062.11
	1124.97	0.00	15.00	1072.02
	1124.98	0.00	15.26	1101.87
	1125.00	0.00	15.38	1105.78
	1125.01	0.00	15.50	1111.70
	1125.02	0.00	15.64	1108.63
	1125.03	0.00	15.94	1100.61
	1125.04	0.00	15.99	1084.61
	1125.05	0.00	16.07	1083.60
	1125.06	0.00	16.07	1061.59
	1125.08	0.00	16.11	1047.59
	1125.09	0.00	16.13	1039.57
	1125.10	0.00	16.03	1024.58
	1125.11	0.00	16.10	988.55
	1125.12	0.00	16.09	992.55
	1125.14	0.00	16.07	992.54
	1125.15	0.00	15.74	930.54
	1125.16	0.00	15.55	881.56
	1125.17	0.00	15.30	818.58
	1125.18	0.00	15.08	773.64
	1125.19	0.00	15.03	761.66
	1125.20	0.00	14.88	757.73
	1125.22	0.00	14.78	731.72
	1125.23	0.00	14.79	735.73
	1125.24	0.00	14.77	739.74
	1125.25	0.00	14.80	740.74
	1125.26	0.00	14.81	744.74
	1125.27	0.00	14.83	744.74
	1125.29	0.00	14.83	743.74
	1125.30	0.00	14.82	742.74
	1125.31	0.00	14.78	739.75
	1125.32	0.00	14.82	742.74
	1125.33	0.00	14.83	739.74
	1125.34	0.00	14.81	738.75
	1125.35	0.00	14.79	738.75
	1125.37	0.00	14.77	730.74
	1125.38	0.00	14.79	733.74
	1125.39	0.00	14.79	735.74
	1125.40	0.00	14.81	736.73
	1125.41	0.00	14.79	735.74
	1125.43	0.00	14.80	737.74
	1125.44	0.00	14.80	737.74
	1125.45	0.00	14.79	739.74
	1125.46	0.00	14.79	740.74
	1125.47	0.00	14.81	741.73
	1125.48	0.00	14.81	741.73
	1125.49	0.00	14.82	741.71
	1125.51	0.00	14.83	743.71
	1125.52	0.00	14.86	749.71
	1125.53	0.00	14.83	746.72
	1125.54	0.00	14.83	746.72
	1125.55	0.00	14.85	767.72
	1125.56	0.00	14.82	765.73
	1125.57	0.00	14.81	748.73
	1125.59	0.00	14.83	768.72
	1125.60	0.00	14.84	745.71
	1125.61	0.00	14.85	745.70
	1125.62	0.00	14.85	747.71
	1125.63	0.00	14.86	767.72
	1125.65	0.00	14.72	751.77
	1125.66	0.00	14.36	757.90
	1125.67	0.00	12.26	897.28
	1125.68	0.00	10.34	1132.76
	1125.69	0.00	9.69	1291.12
	1125.70	0.00	9.58	1343.25
	1125.71	0.00	9.64	1349.33
	1125.73	0.00	9.79	1369.41
	1125.74	0.00	9.98	1357.45
	1125.75	0.00	10.25	1355.46
	1125.76	0.00	10.46	1372.47
	1125.77	0.00	10.74	1374.42
	1125.79	0.00	11.05	1387.32
	1125.80	0.00	11.30	1360.24
	1125.81	0.00	11.50	1330.19
	1125.82	0.00	11.73	1269.11
	1125.83	0.00	11.99	1228.05
	1125.84	0.00	12.29	1182.96
	1125.85	0.00	12.47	1160.90
	1125.87	0.00	12.75	1119.81
	1125.88	0.00	12.97	1097.76
	1125.89	0.00	13.32	1062.68
	1125.90	0.00	13.48	1043.61
	1125.91	0.00	13.71	1031.53
	1125.92	0.00	13.92	1008.45
	1125.94	0.00	14.10	1001.38
	1125.95	0.00	14.33	984.26
	1125.96	0.00	14.42	973.22
	1125.97	0.00	14.49	971.19
	1125.98	0.00	14.54	965.15
	1126.00	0.00	14.63	965.09
	1126.01	0.00	14.72	961.05
	1126.02	0.00	14.77	973.03
	1126.03	0.00	14.83	978.01
	1126.04	0.00	14.88	988.99
	1126.05	0.00	14.94	993.97
	1126.06	0.00	14.99	1003.96
	1126.08	0.00	15.15	1017.86
	1126.09	0.00	15.32	1028.73
	1126.10	0.00	15.50	1013.67
	1126.11	0.00	15.57	1024.64
	1126.12	0.00	15.63	1027.61
	1126.13	0.00	15.81	1043.63
	1126.15	0.00	15.79	1049.60
	1126.16	0.00	15.83	1041.59
	1126.17	0.00	15.92	1007.59
	1126.18	0.00	15.94	1000.60
	1126.19	0.00	15.95	980.61
	1126.20	0.00	16.00	991.57
	1126.22	0.00	15.99	969.58
	1126.23	0.00	16.07	982.56
	1126.24	0.00	16.06	998.57
	1126.25	0.00	16.06	989.53
	1126.26	0.00	15.75	936.54
	1126.28	0.00	15.59	886.55
	1126.29	0.00	15.36	828.57
	1126.30	0.00	15.11	770.60
	1126.31	0.00	14.98	762.67
	1126.32	0.00	14.93	744.69
	1126.33	0.00	14.78	710.68
	1126.34	0.00	14.82	716.68
	1126.35	0.00	14.84	725.69
	1126.37	0.00	14.85	731.69
	1126.38	0.00	14.86	737.69
	1126.39	0.00	14.90	750.70
	1126.40	0.00	14.93	756.70
	1126.41	0.00	14.93	756.70
	1126.43	0.00	14.91	757.70
	1126.44	0.00	14.91	757.70
	1126.45	0.00	14.89	743.69
	1126.46	0.00	14.85	742.70
	1126.47	0.00	14.86	740.70
	1126.48	0.00	14.87	738.69
	1126.50	0.00	14.86	739.70
	1126.51	0.00	14.87	741.70
	1126.52	0.00	14.88	744.70
	1126.53	0.00	14.89	747.70
	1126.54	0.00	14.89	747.70
	1126.55	0.00	14.88	749.70
	1126.56	0.00	14.88	749.69
	1126.58	0.00	14.90	751.69
	1126.59	0.00	14.90	754.69
	1126.60	0.00	14.92	774.69
	1126.61	0.00	14.94	775.68
	1126.62	0.00	14.94	775.68
	1126.63	0.00	14.93	776.68
	1126.65	0.00	14.93	782.68
	1126.66	0.00	14.93	785.68
	1126.67	0.00	14.92	785.69
	1126.68	0.00	14.92	787.69
	1126.69	0.00	14.93	786.68
	1126.70	0.00	14.95	787.67
	1126.71	0.00	14.93	790.69
	1126.73	0.00	14.89	792.72
	1126.74	0.00	14.67	787.82
	1126.75	0.00	12.84	850.20
	1126.76	0.00	10.54	1159.85
	1126.77	0.00	9.53	1356.30
	1126.79	0.00	9.39	1418.47
	1126.80	0.00	9.60	1396.47
	1126.81	0.00	9.85	1432.52
	1126.82	0.00	10.13	1400.56
	1126.83	0.00	10.51	1387.57
	1126.84	0.00	10.81	1416.52
	1126.85	0.00	11.15	1433.44
	1126.87	0.00	11.43	1435.31
	1126.88	0.00	11.66	1393.23
	1126.89	0.00	11.92	1366.16
	1126.90	0.00	12.01	1343.10
	1126.91	0.00	12.16	1324.04
	1126.93	0.00	12.33	1304.97
	1126.94	0.00	12.61	1285.91
	1126.95	0.00	12.88	1256.80
	1126.96	0.00	13.29	1215.70
	1126.97	0.00	13.48	1199.61
	1126.98	0.00	13.67	1187.53
	1126.99	0.00	13.85	1176.43
	1127.01	0.00	14.06	1139.30
	1127.02	0.00	14.30	1138.21
	1127.03	0.00	14.47	1121.14
	1127.04	0.00	14.57	1117.10
	1127.05	0.00	14.64	1108.06
	1127.06	0.00	14.70	1102.02
	1127.08	0.00	14.78	1097.98
	1127.09	0.00	14.80	1090.96
	1127.10	0.00	14.84	1090.95
	1127.11	0.00	14.92	1093.90
	1127.12	0.00	14.92	1087.91
	1127.14	0.00	14.95	1104.90
	1127.15	0.00	15.03	1105.83
	1127.16	0.00	15.07	1112.81
	1127.17	0.00	15.11	1121.80
	1127.18	0.00	15.13	1120.79
	1127.19	0.00	15.21	1117.74
	1127.20	0.00	15.29	1084.68
	1127.22	0.00	15.33	1083.66
	1127.23	0.00	15.34	1075.67
	1127.24	0.00	15.40	1070.63
	1127.25	0.00	15.45	1051.61
	1127.26	0.00	15.48	1047.61
	1127.28	0.00	15.50	1035.60
	1127.29	0.00	15.49	1020.61
	1127.30	0.00	15.54	1005.57
	1127.31	0.00	15.77	1031.58
	1127.32	0.00	15.80	1019.57
	1127.33	0.00	15.80	1010.57
	1127.34	0.00	15.84	1011.57
	1127.36	0.00	15.90	977.56
	1127.37	0.00	15.87	949.56
	1127.38	0.00	15.65	912.54
	1127.39	0.00	15.50	881.56
	1127.40	0.00	15.32	835.58
	1127.41	0.00	15.13	794.62
	1127.43	0.00	14.99	772.68
	1127.44	0.00	14.92	762.71
	1127.45	0.00	14.86	745.72
	1127.46	0.00	14.86	749.73
	1127.47	0.00	14.89	755.72
	1127.48	0.00	14.94	764.72
	1127.50	0.00	14.95	766.72
	1127.51	0.00	15.18	746.72
	1127.52	0.00	15.15	742.72
	1127.53	0.00	15.15	743.72
	1127.54	0.00	14.91	761.72
	1127.55	0.00	14.91	761.72
	1127.57	0.00	14.90	757.73
	1127.58	0.00	14.88	752.73
	1127.59	0.00	14.89	755.73
	1127.60	0.00	14.91	748.70
	1127.61	0.00	14.88	750.71
	1127.62	0.00	14.89	749.71
	1127.63	0.00	14.89	751.72
	1127.65	0.00	14.89	751.72
	1127.66	0.00	14.89	752.72
	1127.67	0.00	14.87	752.72
	1127.68	0.00	14.87	755.72
	1127.69	0.00	14.88	774.73
	1127.70	0.00	14.88	773.71
	1127.72	0.00	14.87	766.71
	1127.73	0.00	14.86	766.71
	1127.74	0.00	14.86	772.71
	1127.75	0.00	14.87	770.71
	1127.76	0.00	14.88	769.70
	1127.77	0.00	14.88	770.70
	1127.79	0.00	14.88	770.70
	1127.80	0.00	14.88	769.71
	1127.81	0.00	14.88	772.71
	1127.82	0.00	14.88	772.71
	1127.83	0.00	14.87	774.72
	1127.84	0.00	14.87	775.72
	1127.86	0.00	14.91	777.70
	1127.87	0.00	14.88	760.68
	1127.88	0.00	14.95	780.69
	1127.89	0.00	14.93	781.70
	1127.90	0.00	14.81	785.76
	1127.91	0.00	14.56	789.83
	1127.93	0.00	12.57	902.28
	1127.94	0.00	10.67	1123.76
	1127.95	0.00	9.96	1278.07
	1127.96	0.00	9.83	1307.23
	1127.97	0.00	10.02	1313.32
	1127.98	0.00	10.14	1341.40
	1128.00	0.00	10.44	1307.51
	1128.01	0.00	10.61	1319.57
	1128.02	0.00	10.90	1340.56
	1128.03	0.00	11.08	1351.48
	1128.04	0.00	11.28	1335.42
	1128.05	0.00	11.47	1316.35
	1128.06	0.00	11.71	1279.25
	1128.08	0.00	12.01	1243.15
	1128.09	0.00	12.28	1235.04
	1128.10	0.00	12.57	1214.95
	1128.11	0.00	13.02	1171.86
	1128.12	0.00	13.18	1160.77
	1128.13	0.00	13.36	1131.68
	1128.15	0.00	13.48	1114.61
	1128.16	0.00	13.62	1102.55
	1128.17	0.00	13.78	1084.49
	1128.18	0.00	13.93	1065.41
	1128.19	0.00	14.12	1050.33
	1128.20	0.00	14.25	1036.26
	1128.22	0.00	14.45	1005.21
	1128.23	0.00	14.52	1003.17
	1128.24	0.00	14.59	993.12
	1128.25	0.00	14.62	996.10
	1128.26	0.00	14.68	999.07
	1128.27	0.00	14.71	1002.06
	1128.29	0.00	14.74	1009.04
	1128.30	0.00	14.78	1024.03
	1128.31	0.00	14.78	1060.02
	1128.32	0.00	14.81	1070.01
	1128.33	0.00	14.86	1080.99
	1128.34	0.00	14.91	1092.98
	1128.36	0.00	14.96	1104.96
	1128.37	0.00	15.01	1108.92
	1128.38	0.00	15.13	1086.87
	1128.39	0.00	15.33	1078.71
	1128.40	0.00	15.39	1069.67
	1128.42	0.00	15.47	1057.60
	1128.43	0.00	15.58	1016.59
	1128.44	0.00	15.60	1005.60
	1128.45	0.00	15.82	998.58
	1128.46	0.00	15.85	985.57
	1128.47	0.00	15.88	983.57
	1128.48	0.00	15.87	974.57
	1128.50	0.00	15.89	970.57
	1128.51	0.00	15.86	961.59
	1128.52	0.00	15.88	937.56
	1128.53	0.00	15.80	915.57
	1128.54	0.00	15.71	886.56
	1128.55	0.00	15.28	829.62
	1128.56	0.00	15.15	795.62
	1128.58	0.00	14.96	769.69
	1128.59	0.00	14.90	762.73
	1128.60	0.00	14.80	746.75
	1128.61	0.00	14.76	733.75
	1128.62	0.00	14.77	742.76
	1128.64	0.00	14.81	743.76
	1128.65	0.00	14.79	745.77
	1128.66	0.00	14.82	752.77
	1128.67	0.00	14.83	750.77
	1128.68	0.00	14.81	747.77
	1128.69	0.00	14.73	735.78
	1128.70	0.00	14.81	744.75
	1128.72	0.00	14.80	742.75
	1128.73	0.00	14.80	742.75
	1128.74	0.00	14.81	741.75
	1128.75	0.00	14.79	740.75
	1128.76	0.00	14.79	739.75
	1128.77	0.00	14.79	740.75
	1128.79	0.00	15.02	719.75
	1128.80	0.00	14.77	739.76
	1128.81	0.00	14.77	738.76
	1128.82	0.00	15.01	719.76
	1128.83	0.00	14.77	739.76
	1128.84	0.00	14.77	734.74
	1128.85	0.00	14.79	743.75
	1128.87	0.00	14.80	742.74
	1128.88	0.00	14.78	740.71
	1128.89	0.00	14.78	743.72
	1128.90	0.00	14.77	745.72
	1128.91	0.00	14.81	749.71
	1128.93	0.00	14.83	750.70
	1128.94	0.00	14.82	751.71
	1128.95	0.00	14.81	754.72
	1128.96	0.00	14.81	754.72
	1128.97	0.00	14.80	753.73
	1128.98	0.00	14.81	755.73
	1128.99	0.00	14.82	755.72
	1129.01	0.00	14.83	754.71
	1129.02	0.00	14.82	756.72
	1129.03	0.00	14.77	745.73
	1129.04	0.00	14.78	748.73
	1129.05	0.00	14.77	745.74
	1129.06	0.00	14.71	757.81
	1129.07	0.00	14.16	756.98
	1129.09	0.00	11.69	952.56
	1129.10	0.00	10.01	1186.04
	1129.11	0.00	9.55	1291.35
	1129.12	0.00	9.61	1331.50
	1129.13	0.00	9.75	1321.52
	1129.15	0.00	10.03	1315.51
	1129.16	0.00	10.33	1271.56
	1129.17	0.00	10.68	1273.55
	1129.18	0.00	11.00	1298.51
	1129.19	0.00	11.35	1291.40
	1129.20	0.00	11.68	1267.30
	1129.22	0.00	11.92	1236.21
	1129.23	0.00	12.09	1216.14
	1129.24	0.00	12.37	1185.05
	1129.25	0.00	12.68	1148.95
	1129.26	0.00	13.08	1106.84
	1129.27	0.00	13.34	1093.75
	1129.29	0.00	13.56	1079.66
	1129.30	0.00	13.78	1082.55
	1129.31	0.00	14.04	1042.45
	1129.32	0.00	14.31	1033.30
	1129.33	0.00	14.52	1019.22
	1129.34	0.00	14.60	1011.17
	1129.35	0.00	14.66	998.12
	1129.37	0.00	14.71	993.08
	1129.38	0.00	14.73	982.06
	1129.39	0.00	14.75	979.04
	1129.40	0.00	14.76	978.02
	1129.41	0.00	14.77	967.00
	1129.42	0.00	14.87	941.99
	1129.44	0.00	14.87	936.99
	1129.45	0.00	14.86	926.98
	1129.46	0.00	14.90	926.97
	1129.47	0.00	14.91	922.96
	1129.48	0.00	14.94	926.95
	1129.50	0.00	14.95	926.94
	1129.51	0.00	14.97	928.94
	1129.52	0.00	14.96	923.94
	1129.53	0.00	15.02	940.93
	1129.54	0.00	15.07	949.91
	1129.55	0.00	15.15	958.86
	1129.56	0.00	15.28	963.76
	1129.58	0.00	15.58	993.72
	1129.59	0.00	15.72	996.63
	1129.60	0.00	15.78	1003.66
	1129.61	0.00	15.88	1001.61
	1129.62	0.00	15.93	1001.63
	1129.63	0.00	16.01	998.63
	1129.65	0.00	16.10	995.60
	1129.66	0.00	16.09	988.60
	1129.67	0.00	16.08	987.64
	1129.68	0.00	16.09	962.63
	1129.69	0.00	16.06	952.64
	1129.70	0.00	15.99	940.64
	1129.71	0.00	15.95	935.65
	1129.73	0.00	15.86	920.63
	1129.74	0.00	15.78	904.63
	1129.75	0.00	15.96	869.61
	1129.76	0.00	15.90	842.60
	1129.77	0.00	15.58	837.62
	1129.79	0.00	15.42	810.65
	1129.80	0.00	14.84	758.77
	1129.81	0.00	14.78	752.81
	1129.82	0.00	14.87	784.80
	1129.83	0.00	14.84	780.81
	1129.84	0.00	14.86	785.81
	1129.85	0.00	14.89	792.81
	1129.87	0.00	14.89	791.81
	1129.88	0.00	14.90	792.80
	1129.89	0.00	14.89	793.81
	1129.90	0.00	14.88	789.81
	1129.91	0.00	14.89	789.80
	1129.92	0.00	14.88	786.80
	1129.94	0.00	14.85	782.81
	1129.95	0.00	14.85	782.81
	1129.96	0.00	14.85	781.81
	1129.97	0.00	14.85	781.81
	1129.98	0.00	14.83	781.82
	1129.99	0.00	14.83	781.82
	1130.01	0.00	14.82	783.82
	1130.02	0.00	14.82	782.82
	1130.03	0.00	14.81	780.82
	1130.04	0.00	14.81	780.82
	1130.05	0.00	14.81	779.82
	1130.06	0.00	14.82	779.81
	1130.07	0.00	14.81	777.81
	1130.09	0.00	14.82	777.80
	1130.10	0.00	14.82	776.80
	1130.11	0.00	14.82	776.80
	1130.12	0.00	14.82	776.79
	1130.13	0.00	14.77	763.80
	1130.14	0.00	14.81	778.80
	1130.16	0.00	14.81	777.80
	1130.17	0.00	14.82	776.80
	1130.18	0.00	14.79	777.81
	1130.19	0.00	15.06	762.81
	1130.20	0.00	15.02	758.81
	1130.21	0.00	15.03	755.81
	1130.22	0.00	14.80	778.81
	1130.24	0.00	14.81	776.81
	1130.25	0.00	14.79	781.82
	1130.26	0.00	14.79	794.85
	1130.27	0.00	14.67	793.87
	1130.28	0.00	14.64	821.92
	1130.30	0.00	14.59	847.99
	1130.31	0.00	14.54	870.05
	1130.32	0.00	14.53	889.10
	1130.33	0.00	14.52	894.11
	1130.34	0.00	14.53	895.12
	1130.35	0.00	14.54	895.12
	1130.36	0.00	14.56	897.12
	1130.38	0.00	14.52	889.11
	1130.39	0.00	14.53	890.10
	1130.40	0.00	14.52	884.10
	1130.41	0.00	14.56	882.06
	11301007.84
	1131.74	0.00	11.87	1027.79
	1131.75	0.00	11.91	1033.78
	1131.76	0.00	12.01	1031.76
	1131.77	0.00	12.08	1031.76
	1131.79	0.00	12.14	1028.74
	1131.80	0.00	12.20	1026.75
	1131.81	0.00	12.23	1019.75
	1131.82	0.00	12.2