.57
	944.82	0.00	13.33	932.54
	944.83	0.00	13.33	931.53
	944.84	0.00	13.32	931.54
	944.86	0.00	13.31	932.56
	944.87	0.00	13.30	933.57
	944.88	0.00	13.29	931.58
	944.89	0.00	13.27	930.58
	944.90	0.00	13.29	933.58
	944.91	0.00	13.29	933.58
	944.92	0.00	13.30	934.58
	944.94	0.00	13.28	932.59
	944.95	0.00	13.28	923.56
	944.96	0.00	13.28	926.56
	944.97	0.00	13.29	925.56
	944.98	0.00	13.30	927.56
	945.00	0.00	13.30	929.57
	945.01	0.00	13.30	929.6
	945.21	0.00	13.37	925.57
	945.22	0.00	13.39	920.54
	945.24	0.00	13.39	925.55
	945.25	0.00	13.39	925.55
	945.26	0.00	13.39	926.55
	945.27	0.00	13.41	924.55
	945.28	0.00	13.40	923.55
	945.29	0.00	13.41	924.55
	945.31	0.00	13.42	926.55
	945.32	0.00	13.41	918.53
	945.33	0.00	13.41	913.52
	945.34	0.00	13.45	922.52
	945.35	0.00	13.46	922.52
	945.36	0.00	13.46	922.52
	945.38	0.00	13.48	920.52
	945.39	0.00	13.48	921.52
	945.40	0.00	13.47	918.52
	945.41	0.00	13.47	921.52
	945.42	0.00	13.48	922.52
	945.43	0.00	13.48	922.52
	945.45	0.00	13.43	915.52
	945.46	0.00	13.45	916.52
	945.47	0.00	13.46	918.52
	945.48	0.00	13.45	917.52
	945.49	0.00	13.47	920.52
	945.50	0.00	13.46	918.52
	945.52	0.00	13.46	921.52
	945.53	0.00	13.46	921.52
	945.54	0.00	13.46	920.52
	945.55	0.00	13.42	912.52
	945.56	0.00	13.44	915.53
	945.57	0.00	13.46	917.52
	945.59	0.00	13.45	915.52
	945.60	0.00	13.45	919.52
	945.61	0.00	13.46	920.52
	945.62	0.00	13.46	922.52
	945.63	0.00	13.47	918.52
	945.64	0.00	13.46	917.52
	945.65	0.00	13.47	919.52
	945.67	0.00	13.47	917.51
	945.68	0.00	13.46	919.52
	945.69	0.00	13.47	920.52
	945.70	0.00	13.47	919.52
	945.71	0.00	13.47	919.52
	945.72	0.00	13.49	919.51
	945.73	0.00	13.50	920.50
	945.75	0.00	13.47	920.52
	945.76	0.00	13.47	917.52
	945.77	0.00	13.48	920.51
	945.78	0.00	13.51	918.48
	945.79	0.00	13.49	922.51
	945.80	0.00	13.46	915.52
	945.82	0.00	13.46	918.52
	945.83	0.00	13.45	916.53
	945.84	0.00	13.45	917.53
	945.85	0.00	13.45	919.53
	945.86	0.00	13.46	918.53
	945.87	0.00	13.46	920.53
	945.89	0.00	13.44	915.54
	945.90	0.00	1.45	920.53
	946.10	0.00	13.45	920.53
	946.12	0.00	13.45	920.53
	946.13	0.00	13.45	920.53
	946.14	0.00	13.45	921.53
	946.15	0.00	13.44	920.53
	946.16	0.00	13.43	920.54
	946.17	0.00	13.43	921.54
	946.19	0.00	13.42	920.54
	946.20	0.00	13.43	923.54
	946.21	0.00	13.41	922.55
	946.22	0.00	13.42	923.54
	946.23	0.00	13.41	923.55
	946.24	0.00	13.41	920.55
	946.26	0.00	13.42	923.54
	946.27	0.00	13.43	923.53
	946.28	0.00	13.42	921.53
	946.29	0.00	13.43	922.53
	946.30	0.00	13.42	921.53
	946.31	0.00	13.40	921.54
	946.32	0.00	13.42	925.54
	946.34	0.00	13.42	923.54
	946.35	0.00	13.42	923.54
	946.36	0.00	13.41	922.55
	946.37	0.00	13.41	924.55
	946.38	0.00	13.41	925.55
	946.39	0.00	13.41	924.55
	946.41	0.00	13.42	925.55
	946.42	0.00	13.42	926.55
	946.43	0.00	13.42	926.55
	946.44	0.00	13.40	927.56
	946.45	0.00	13.39	923.54
	946.46	0.00	13.41	925.52
	946.47	0.00	13.42	929.52
	946.49	0.00	13.42	931.53
	946.50	0.00	13.43	930.53
	946.51	0.00	13.43	929.52
	946.52	0.00	13.43	930.52
	946.53	0.00	13.44	931.52
	946.54	0.00	13.43	930.52
	946.55	0.00	13.45	928.52
	946.57	0.00	13.44	928.52
	946.58	0.00	13.44	928.52
	946.59	0.00	13.44	928.52
	946.60	0.00	13.43	929.53
	946.61	0.00	13.43	930.53
	946.63	0.00	13.43	931.53
	946.64	0.00	13.41	925.52
	946.65	0.00	13.44	925.49
	946.66	0.00	13.45	926.49
	946.67	0.00	13.42	926.50
	946.68	0.00	13.43	926.51
	946.70	0.00	13.43	928.52
	946.71	0.00	13.43	928.52
	946.72	0.00	13.42	926.53
	946.73	0.00	13.43	928.53
	946.74	0.00	13.42	928.54
	946.75	0.00	13.42	929.54
	946.76	0.00	13.42	928.54
	946.78	0.00	13.38	917.52
	946.8	0.00	13.42	926.53
	947.00	0.00	13.42	925.53
	947.01	0.00	13.43	928.53
	947.02	0.00	13.40	926.54
	947.03	0.00	13.40	927.54
	947.04	0.00	13.39	927.55
	947.05	0.00	13.39	930.55
	947.07	0.00	13.37	922.55
	947.08	0.00	13.37	925.54
	947.09	0.00	13.38	925.54
	947.10	0.00	13.38	929.55
	947.11	0.00	13.38	929.55
	947.12	0.00	13.37	929.56
	947.13	0.00	13.39	930.55
	947.15	0.00	13.39	930.55
	947.16	0.00	13.39	927.55
	947.17	0.00	13.39	929.55
	947.18	0.00	13.40	929.55
	947.19	0.00	13.38	922.54
	947.20	0.00	13.40	924.53
	947.22	0.00	13.39	926.53
	947.23	0.00	13.40	928.53
	947.24	0.00	13.41	929.53
	947.25	0.00	13.41	930.53
	947.26	0.00	13.40	927.54
	947.27	0.00	13.40	930.54
	947.28	0.00	13.39	929.55
	947.30	0.00	13.38	926.55
	947.31	0.00	13.35	923.56
	947.32	0.00	13.36	925.55
	947.33	0.00	13.38	924.55
	947.34	0.00	13.37	927.55
	947.35	0.00	13.38	925.55
	947.36	0.00	13.38	928.55
	947.38	0.00	13.38	927.55
	947.39	0.00	13.38	928.55
	947.40	0.00	13.37	927.55
	947.41	0.00	13.34	920.55
	947.42	0.00	13.34	922.55
	947.44	0.00	13.34	924.56
	947.45	0.00	13.35	926.56
	947.46	0.00	13.37	930.56
	947.47	0.00	13.36	928.56
	947.48	0.00	13.37	930.56
	947.49	0.00	13.37	931.55
	947.51	0.00	13.37	929.55
	947.52	0.00	13.35	928.57
	947.53	0.00	13.34	929.58
	947.54	0.00	13.34	929.58
	947.55	0.00	13.34	929.58
	947.56	0.00	13.34	930.59
	947.57	0.00	13.34	931.58
	947.59	0.00	13.34	931.59
	947.60	0.00	13.33	931.59
	947.61	0.00	13.34	929.58
	947.62	0.00	13.34	932.57
	947.63	0.00	13.34	932.57
	947.64	0.00	13.35	934.58
	947.66	0.00	13.34	932.58
	947.67	0.00	13.33	932.
	948.07	0.00	13.45	922.52
	948.08	0.00	13.46	922.52
	948.09	0.00	13.46	922.52
	948.11	0.00	13.45	923.52
	948.12	0.00	13.45	923.52
	948.13	0.00	13.45	922.52
	948.14	0.00	13.44	910.50
	948.15	0.00	13.44	915.51
	948.16	0.00	13.48	921.50
	948.17	0.00	13.45	921.51
	948.19	0.00	13.46	919.51
	948.20	0.00	13.48	921.51
	948.21	0.00	13.48	920.51
	948.22	0.00	13.48	923.52
	948.23	0.00	13.48	923.52
	948.25	0.00	13.47	922.52
	948.26	0.00	13.45	925.53
	948.27	0.00	13.44	923.53
	948.28	0.00	13.43	918.52
	948.29	0.00	13.44	922.52
	948.30	0.00	13.43	923.53
	948.32	0.00	13.44	924.53
	948.33	0.00	13.45	926.53
	948.34	0.00	13.44	925.53
	948.35	0.00	13.44	927.54
	948.36	0.00	13.44	923.53
	948.37	0.00	13.45	924.53
	948.38	0.00	13.45	924.53
	948.40	0.00	13.46	918.49
	948.41	0.00	13.46	920.50
	948.42	0.00	13.44	918.51
	948.43	0.00	13.46	922.51
	948.44	0.00	13.46	922.51
	948.45	0.00	13.44	923.52
	948.47	0.00	13.45	924.52
	948.48	0.00	13.42	919.52
	948.49	0.00	13.46	926.52
	948.50	0.00	13.45	926.53
	948.51	0.00	13.41	919.53
	948.52	0.00	13.41	919.53
	948.53	0.00	13.44	920.51
	948.55	0.00	13.43	923.53
	948.56	0.00	13.44	924.53
	948.57	0.00	13.43	922.53
	948.58	0.00	13.44	924.53
	948.59	0.00	13.42	923.54
	948.60	0.00	13.43	923.53
	948.61	0.00	13.43	923.53
	948.63	0.00	13.39	916.53
	948.64	0.00	13.40	919.53
	948.65	0.00	13.41	921.53
	948.66	0.00	13.42	922.53
	948.67	0.00	13.42	923.53
	948.68	0.00	13.42	924.53
	948.70	0.00	13.42	923.53
	948.71	0.00	13.43	923.53
	948.72	0.00	13.42	924.53
	948.73	0.00	13.43	925.53
	948.74	0.00	13.40	923.54
	948.75	0.00	130	924.52
	949.16	0.00	13.39	925.53
	949.17	0.00	13.36	927.55
	949.18	0.00	13.37	926.56
	949.19	0.00	13.36	927.56
	949.21	0.00	13.35	925.56
	949.22	0.00	13.36	928.57
	949.23	0.00	13.34	920.55
	949.24	0.00	13.33	918.55
	949.25	0.00	13.34	921.55
	949.26	0.00	13.35	923.55
	949.27	0.00	13.36	925.55
	949.29	0.00	13.35	924.56
	949.30	0.00	13.37	925.55
	949.31	0.00	13.36	925.56
	949.32	0.00	13.36	925.55
	949.33	0.00	13.36	927.56
	949.34	0.00	13.36	927.56
	949.36	0.00	13.34	912.54
	949.37	0.00	13.36	918.53
	949.38	0.00	13.37	922.54
	949.39	0.00	13.36	917.54
	949.40	0.00	13.40	924.54
	949.41	0.00	13.40	923.54
	949.42	0.00	13.40	923.54
	949.44	0.00	13.40	927.54
	949.45	0.00	13.40	927.54
	949.46	0.00	13.40	924.54
	949.47	0.00	13.38	917.53
	949.48	0.00	13.41	920.51
	949.49	0.00	13.41	924.52
	949.51	0.00	13.43	924.52
	949.52	0.00	13.42	924.52
	949.53	0.00	13.42	926.52
	949.54	0.00	13.44	923.51
	949.55	0.00	13.45	926.51
	949.56	0.00	13.45	926.51
	949.58	0.00	13.45	928.50
	949.59	0.00	13.46	930.50
	949.60	0.00	13.45	930.49
	949.61	0.00	13.45	928.48
	949.62	0.00	13.43	929.47
	949.63	0.00	13.43	931.47
	949.65	0.00	13.43	934.48
	949.66	0.00	13.42	929.47
	949.67	0.00	13.44	937.47
	949.68	0.00	13.44	935.47
	949.69	0.00	13.44	935.47
	949.70	0.00	13.43	936.47
	949.71	0.00	13.43	938.47
	949.73	0.00	13.42	939.47
	949.74	0.00	13.41	939.48
	949.75	0.00	13.41	940.48
	949.76	0.00	13.42	937.46
	949.77	0.00	13.35	930.48
	949.78	0.00	13.38	937.48
	949.79	0.00	13.38	938.48
	949.81	0.00	13.38	939.48
	949.82	0.00	13.38	939.48
	949.83	0.00	13.39	941.48
	949.840.49
	949.95	0.00	13.37	931.49
	949.96	0.00	13.38	933.49
	949.97	0.00	13.39	935.49
	949.98	0.00	13.38	934.49
	949.99	0.00	13.39	936.49
	950.00	0.00	13.41	936.47
	950.01	0.00	13.41	934.47
	950.03	0.00	13.37	930.50
	950.04	0.00	13.37	932.50
	950.05	0.00	13.38	932.50
	950.06	0.00	13.37	930.51
	950.07	0.00	13.37	930.51
	950.08	0.00	13.36	929.52
	950.09	0.00	13.36	930.52
	950.11	0.00	13.37	931.52
	950.12	0.00	13.36	930.52
	950.13	0.00	13.39	931.50
	950.14	0.00	13.36	932.52
	950.15	0.00	13.39	931.50
	950.16	0.00	13.39	931.50
	950.18	0.00	13.41	931.50
	950.19	0.00	13.41	932.50
	950.20	0.00	13.40	932.51
	950.21	0.00	13.42	933.49
	950.22	0.00	13.46	928.46
	950.23	0.00	13.52	931.44
	950.25	0.00	13.56	929.44
	950.26	0.00	13.59	928.44
	950.27	0.00	13.55	922.45
	950.28	0.00	13.59	927.44
	950.29	0.00	13.58	927.44
	950.30	0.00	13.59	930.45
	950.32	0.00	13.59	929.46
	950.33	0.00	13.60	924.41
	950.34	0.00	13.61	923.40
	950.35	0.00	13.59	925.43
	950.36	0.00	13.58	926.44
	950.37	0.00	13.56	925.46
	950.38	0.00	13.56	926.46
	950.40	0.00	13.57	927.46
	950.41	0.00	13.55	928.47
	950.42	0.00	13.55	929.47
	950.43	0.00	13.54	919.43
	950.44	0.00	13.53	924.46
	950.45	0.00	13.53	926.46
	950.47	0.00	13.52	928.46
	950.48	0.00	13.53	926.47
	950.49	0.00	13.53	929.47
	950.50	0.00	13.52	931.48
	950.51	0.00	13.51	931.48
	950.52	0.00	13.48	918.46
	950.53	0.00	13.51	925.46
	950.55	0.00	13.52	929.47
	950.56	0.00	13.53	932.47
	950.57	0.00	13.53	930.48
	950.58	0.00	13.53	930.48
	950.59	0.00	13.52	934.48
	950.60	0.00	13.50	933.49
	950.62	0.00	13.49	928.49
	950.63	0.00	13.51	929.48
	950.64	0.00	13.51	932.48
	950.65	0.00	13.50	933.49
	950.66	0.00	13.51	932.49
	950.67	0.00	13.53	933.49
	950.69	0.00	13.52	934.49
	950.70	0.00	13.51	935.49
	950.71	0.00	13.50	935.50
	950.72	0.00	13.51	935.49
	950.73	0.00	13.51	930.47
	950.74	0.00	13.52	934.47
	950.76	0.00	13.51	933.48
	950.77	0.00	13.53	935.48
	950.78	0.00	13.52	935.48
	950.79	0.00	13.51	935.48
	950.80	0.00	13.52	935.48
	950.81	0.00	13.54	935.47
	950.82	0.00	13.52	934.49
	950.84	0.00	13.51	932.48
	950.85	0.00	13.51	930.48
	950.86	0.00	13.51	933.49
	950.87	0.00	13.52	932.48
	950.88	0.00	13.52	929.48
	950.89	0.00	13.53	929.48
	950.90	0.00	13.53	931.48
	950.92	0.00	13.52	930.48
	950.93	0.00	13.49	925.49
	950.94	0.00	13.51	926.48
	950.95	0.00	13.52	928.48
	950.96	0.00	13.51	928.48
	950.97	0.00	13.53	930.48
	950.99	0.00	13.54	929.48
	951.00	0.00	13.53	930.49
	951.01	0.00	13.52	929.48
	951.02	0.00	13.54	930.47
	951.03	0.00	13.52	928.48
	951.04	0.00	13.51	928.49
	951.05	0.00	13.51	931.50
	951.07	0.00	13.51	930.50
	951.08	0.00	13.49	930.50
	951.09	0.00	13.47	928.51
	951.10	0.00	13.50	931.50
	951.11	0.00	13.51	928.51
	951.12	0.00	13.50	933.51
	951.14	0.00	13.51	931.50
	951.15	0.00	13.50	930.50
	951.16	0.00	13.49	930.50
	951.17	0.00	13.51	931.50
	951.18	0.00	13.49	930.51
	951.19	0.00	13.50	933.51
	951.21	0.00	13.49	931.51
	951.22	0.00	13.49	932.52
	951.23	0.00	13.50	935.51
	951.24	0.00	13.49	929.50
	951.25	0.00	13.53	932.47
	951.26	0.00	13.56	933.44
	951.28	0.00	13.55	935.46
	951.29	0.00	13.54	938.48
	951.30	0.00	13.53	934.48
	951.31	0.00	13.53	934.48
	951.32	0.00	13.55	933.45
	951.33	0.00	13.53	932.48
	951.34	0.00	13.54	934.48
	951.36	0.00	13.53	934.48
	951.37	0.00	13.52	933.48
	951.38	0.00	13.51	934.49
	951.39	0.00	13.54	931.46
	951.40	0.00	13.55	929.44
	951.41	0.00	13.53	928.45
	951.43	0.00	13.52	930.47
	951.44	0.00	13.53	929.47
	951.45	0.00	13.53	931.48
	951.46	0.00	13.50	929.49
	951.47	0.00	13.51	931.49
	951.48	0.00	13.50	931.50
	951.49	0.00	13.49	923.47
	951.51	0.00	13.47	921.48
	951.52	0.00	13.49	925.48
	951.53	0.00	13.48	924.48
	951.54	0.00	13.48	925.49
	951.55	0.00	13.52	927.47
	951.56	0.00	13.52	927.49
	951.520.00	13.20	927.60
	982.29	0.00	13.22	929.60
	982.31	0.00	13.21	927.61
	982.32	0.9	930.61
	982.27	0.00	13.18	927.61
	982.28	0.00	13.20	927.60
	982.29	0.00	13.22	929.60
	982.31	0.00	13.21	927.61
	982.32	0.00	13.22	926.61
	982.33	0.00	13.24	928.61
	982.34	0.00	13.22	926.61
	982.35	0.00	13.22	926.61
	982.36	0.00	13.22	928.62
	982.38	0.00	13.22	928.62
	982.39	0.00	13.22	924.60
	982.40	0.00	13.27	928.57
	982.41	0.00	13.27	928.57
	982.42	0.00	13.26	929.58
	982.43	0.00	13.26	924.58
	982.45	0.00	13.27	929.58
	982.46	0.00	13.27	928.58
	982.47	0.00	13.27	929.57
	982.48	0.00	13.27	930.59
	982.49	0.00	13.30	921.53
	982.50	0.00	13.28	921.54
	982.51	0.00	13.27	923.56
	982.53	0.00	13.27	923.57
	982.54	0.00	13.27	921.58
	982.55	0.00	13.26	921.59
	982.56	0.00	13.27	923.59
	982.57	0.00	13.25	921.60
	982.58	0.00	13.22	910.58
	982.59	0.00	13.23	911.57
	982.61	0.00	13.25	916.58
	982.62	0.00	13.24	916.59
	982.63	0.00	13.22	910.58
	982.64	0.00	13.25	918.58
	982.65	0.00	13.26	915.58
	982.66	0.00	13.30	917.57
	982.68	0.00	13.29	917.58
	982.69	0.00	13.30	916.57
	982.70	0.00	13.33	913.57
	982.71	0.003.39	911.54
	983.12	0.00	13.39	914.55
	983.13	0.00	13.39	911.55
	983.14	0.00	13.38	909.55
	983.15	0.00	13.39	913.55
	983.16	0.00	13.39	912.56
	983.17	0.00	13.40	913.55
	983.19	0.00	13.40	913.55
	983.20	0.00	13.38	907.55
	983.21	0.00	13.38	906.54
	983.22	0.00	13.32	895.55
	983.23	0.00	13.38	908.55
	983.24	0.00	13.38	908.55
	983.26	0.00	13.39	910.55
	983.27	0.00	13.41	909.55
	983.28	0.00	13.40	907.55
	983.29	0.00	13.42	910.54
	983.30	0.00	13.42	910.54
	983.31	0.00	13.42	909.54
	983.32	0.00	13.43	910.53
	983.34	0.00	13.44	909.53
	983.35	0.00	13.41	901.53
	983.36	0.00	13.41	901.54
	983.37	0.00	13.41	905.53
	983.38	0.00	13.41	906.53
	983.39	0.00	13.44	908.53
	983.41	0.00	13.45	908.52
	983.42	0.00	13.45	907.53
	983.43	0.00	13.44	909.53
	983.44	0.00	13.43	907.53
	983.45	0.00	13.45	909.52
	983.46	0.00	13.45	910.51
	983.47	0.00	13.46	910.52
	983.49	0.00	13.43	907.53
	983.50	0.00	13.41	905.54
	983.51	0.00	13.43	908.54
	983.52	0.00	13.43	910.55
	983.53	0.00	13.41	906.55
	983.54	0.00	13.41	906.55
	983.56	0.00	13.42	909.55
	983.57	0.00	13.41	908.56
	983.58	0.00	13.43	909.56
	983.59	0.00	13.41	909.56
	983.60	0.00	13.41	908.56
	983.61	0.00	13.42	908.55
	983.63	0.00	13.43	908.54
	983.64	0.00	13.43	908.54
	983.65	0.00	13.42	909.55
	983.66	0.00	13.43	910.55
	983.67	0.00	13.42	908.55
	983.68	0.00	13.41	910.55
	983.70	0.00	13.43	910.55
	983.71	0.00	13.42	910.56
	983.72	0.00	13.40	910.56
	983.73	0.00	13.41	911.56
	983.74	0.00	13.37	905.57
	983.75	0.00	13.44	908.51
	983.76	0.00	13.45	909.51
	983.78	0.00	13.43	912.53
	983.79	0.00	13.44	913.52
	983.80	0.00	13.45	912.52
	983.81	0.00	13.44	913.52
	983.82	0.00	13.44	909.53
	983.83	0.00	13.43	910.53
	983.84	0.00	13.43	910.53
	983.86	0.00	13.44	911.53
	983.87	0.00	13.43	912.53
	983.88	0.00	13.43	913.53
	983.89	0.00	13.43	912.53
	983.90	0.00	13.45	905.51
	983.91	0.00	13.46	905.48
	983.93	0.00	13.46	904.48
	983.94	0.00	13.43	906.50
	983.95	0.00	13.45	907.50
	983.96	0.00	13.44	907.51
	983.97	0.00	13.42	908.52
	983.98	0.00	13.42	909.53
	984.00	0.00	13.43	906.53
	984.01	0.00	13.38	900.54
	984.02	0.00	13.41	908.54
	984.03	0.00	13.42	910.54
	984.04	0.00	13.42	910.54
	984.05	0.00	13.40	908.55
	984.07	0.00	13.42	910.54
	984.08	0.00	13.39	904.55
	984.09	0.00	13.38	895.52
	984.10	0.00	13.38	897.53
	984.11	0.00	13.40	902.53
	984.12	0.00	13.40	902.53
	984.13	0.00	13.40	905.54
	984.15	0.00	13.41	904.53
	984.16	0.00	13.41	901.54
	984.17	0.00	13.42	904.54
	984.18	0.00	13.43	905.54
	984.19	0.00	13.42	904.54
	984.20	0.00	13.40	905.54
	984.22	0.00	13.42	907.54
	984.23	0.00	13.42	905.54
	984.24	0.00	13.38	893.52
	984.25	0.00	13.38	898.53
	984.26	0.00	13.39	903.54
	984.27	0.00	13.41	905.53
	984.28	0.00	13.41	905.53
	984.30	0.00	13.42	906.53
	984.31	0.00	13.42	905.54
	984.32	0.00	13.42	906.54
	984.33	0.00	13.42	906.54
	984.34	0.00	13.40	907.55
	984.35	0.00	13.39	907.55
	984.37	0.00	13.38	908.56
	984.38	0.00	13.39	909.56
	984.39	0.00	13.37	901.54
	984.40	0.00	13.39	905.54
	984.41	0.00	13.39	905.54
	984.42	0.00	13.40	907.54
	984.44	0.00	13.39	908.55
	984.45	0.00	13.39	908.55
	984.46	0.00	13.40	907.55
	984.47	0.00	13.40	910.55
	984.48	0.00	13.41	910.00	13.40	911.54
	984.60	0.00	13.40	908.54
	984.61	0.00	13.41	909.54
	984.62	0.00	13.41	909.54
	984.63	0.00	13.43	910.52
	984.64	0.00	13.42	911.54
	984.66	0.00	13.42	911.54
	984.67	0.00	13.37	903.55
	984.68	0.00	13.39	906.54
	984.69	0.00	13.40	907.54
	984.70	0.00	13.40	908.54
	984.71	0.00	13.39	907.55
	984.72	0.00	13.39	909.54
	984.74	0.00	13.40	909.55
	984.75	0.00	13.40	909.55
	984.76	0.00	13.40	908.54
	984.77	0.00	13.40	909.54
	984.78	0.00	13.41	909.54
	984.79	0.00	13.40	908.54
	984.81	0.00	13.41	910.54
	984.82	0.00	13.40	908.54
	984.83	0.00	13.40	907.54
	984.84	0.00	13.40	909.54
	984.85	0.00	13.41	909.55
	984.86	0.00	13.40	909.54
	984.88	0.00	13.40	908.54
	984.89	0.00	13.40	909.54
	984.90	0.00	13.37	901.54
	984.91	0.00	13.38	903.54
	984.92	0.00	13.39	905.54
	984.93	0.00	13.40	907.54
	984.94	0.00	13.40	907.54
	984.96	0.00	13.40	906.55
	984.97	0.00	13.37	900.54
	984.98	0.00	13.40	907.54
	984.99	0.00	13.40	908.54
	985.00	0.00	13.40	907.54
	985.01	0.00	13.40	908.54
	985.03	0.00	13.40	905.54
	985.04	0.00	13.40	908.54
	985.05	0.00	13.40	908.54
	985.06	0.00	13.41	905.54
	985.07	0.00	13.41	906.54
	985.08	0.00	13.42	907.54
	985.09	0.00	13.42	907.54
	985.11	0.00	13.41	908.54
	985.12	0.00	13.43	906.52
	985.13	0.00	13.43	909.52
	985.14	0.00	13.41	906.53
	985.15	0.00	13.41	907.54
	985.16	0.00	13.39	907.55
	985.18	0.00	13.40	911.55
	985.19	0.00	13.39	908.55
	985.20	0.00	13.38	904.56
	985.21	0.00	13.38	908.56
	985.22	0.00	13.38	908.56
	985.23	0.00	13.39	910.56
	985.25	0.00	13.39	907.56
	985.26	0.00	13.39	908.56
	985.27	0.00	13.38	908.57	985.67	0.00	13.42	908.49
	985.69	0.00	13.41	908.50
	985.70	0.00	13.41	909.51
	985.71	0.00	13.41	913.52
	985.72	0.00	13.40	911.53
	985.73	0.00	13.40	912.53
	985.74	0.00	13.39	912.54
	985.75	0.00	13.39	912.54
	985.77	0.00	13.36	904.54
	985.78	0.00	13.39	912.54
	985.79	0.00	13.39	911.54
	985.80	0.00	13.39	911.54
	985.81	0.00	13.39	911.54
	985.82	0.00	13.39	912.55
	985.84	0.00	13.38	911.55
	985.85	0.00	13.38	910.55
	985.86	0.00	13.38	912.55
	985.87	0.00	13.33	901.56
	985.88	0.00	13.38	913.56
	985.89	0.00	13.35	904.55
	985.91	0.00	13.35	900.53
	985.92	0.00	13.35	903.54
	985.93	0.00	13.36	905.54
	985.94	0.00	13.35	905.54
	985.95	0.00	13.35	907.55
	985.96	0.00	13.37	907.54
	985.97	0.00	13.36	910.55
	985.99	0.00	13.36	909.55
	986.00	0.00	13.35	905.55
	986.01	0.00	13.37	908.55
	986.02	0.00	13.38	910.55
	986.03	0.00	13.36	912.56
	986.04	0.00	13.37	910.55
	986.05	0.00	13.36	910.56
	986.07	0.00	13.35	912.57
	986.08	0.00	13.36	910.55
	986.09	0.00	13.32	898.54
	986.10	0.00	13.34	901.53
	986.11	0.00	13.38	907.52
	986.13	0.00	13.37	909.54
	986.14	0.00	13.36	910.55
	986.15	0.00	13.35	906.54
	986.16	0.00	13.35	904.54
	986.17	0.00	13.35	906.54
	986.18	0.00	13.37	909.54
	986.19	0.00	13.36	910.55
	986.21	0.00	13.37	911.55
	986.22	0.00	13.37	912.55
	986.23	0.00	13.38	914.55
	986.24	0.00	13.37	912.55
	986.25	0.00	13.37	912.55
	986.26	0.00	13.36	910.55
	986.28	0.00	13.37	913.54
	986.29	0.00	13.38	913.55
	986.30	0.00	13.36	913.55
	986.31	0.00	13.36	912.55
	986.32	0.00	13.36	912.55
	986.33	0.00	13.35	911.55
	986.34	0.00	13.36	912.55
	986.36	0.00	13.36	913.55
	986.37	0.00	13.36	912.55
	986.38	0.00	13.36	913.56
	986.39	0.00	13.36	914.55
	986.40	0.00	13.36	914.55
	986.41	0.00	13.36	913.55
	986.43	0.00	13.36	914.55
	986.44	0.00	13.35	914.55
	986.45	0.00	13.34	910.54
	986.46	0.00	13.34	909.54
	986.47	0.00	13.32	905.54
	986.48	0.00	13.33	905.54
	986.50	0.00	13.32	906.54
	986.51	0.00	13.30	902.54
	986.52	0.00	13.31	904.54
	986.53	0.00	13.33	908.54
	986.54	0.00	13.34	913.55
	986.55	0.00	13.34	908.54
	986.56	0.00	13.32	905.54
	986.58	0.00	13.30	903.56
	986.59	0.00	13.34	915.56
	986.60	0.00	13.29	901.56
	986.61	0.00	13.32	903.54
	986.62	0.00	13.34	910.54
	986.63	0.00	13.32	905.54
	986.65	0.00	13.30	901.55
	986.66	0.00	13.31	902.54
	986.67	0.00	13.28	902.56
	986.68	0.00	13.30	900.54
	986.69	0.00	13.32	906.54
	986.70	0.00	13.32	909.55
	986.72	0.00	13.30	903.54
	986.73	0.00	13.26	899.56
	986.74	0.00	13.29	904.55
	986.75	0.00	13.28	906.57
	986.76	0.00	13.26	902.57
	986.77	0.00	13.29	902.55
	986.78	0.00	13.30	905.54
	986.80	0.00	13.31	908.55
	986.81	0.00	13.32	908.55
	986.82	0.00	13.33	912.55
	986.83	0.00	13.33	913.55
	986.84	0.00	13.35	915.54
	986.85	0.00	13.33	913.56
	986.86	0.00	13.30	909.57
	986.88	0.00	13.32	915.57
	986.89	0.00	13.33	916.57
	986.90	0.00	13.33	914.56
	986.91	0.00	13.32	916.57
	986.92	0.00	13.34	913.56
	986.94	0.00	13.32	914.57
	986.95	0.00	13.32	914.57
	986.96	0.00	13.32	914.57
	986.97	0.00	13.34	912.57
	986.98	1.00	13.32	915.57
	986.99	1.00	13.33	915.57
	987.00	1.00	13.33	916.57
	987.02	1.00	13.33	916.57
	987.03	1.00	13.34	920.57
	987.04	1.00	13.33	917.58
	987.05	1.00	13.29	910.58
	987.06	1.00	13.33	917.57
	987.07	1.00	13.31	911.57
	987.09	1.00	13.33	918.57
	987.10	1.00	13.33	916.57
	987.11	1.00	13.33	914.57
	987.12	1.00	13.34	917.57
	987.13	1.00	13.35	918.57
	987.14	1.00	13.33	916.57
	987.16	1.00	13.31	911.57
	987.17	1.00	13.33	912.55
	987.18	1.00	13.33	914.56
	987.19	1.00	13.35	916.56
	987.20	1.00	13.33	916.56
	987.21	1.00	13.33	916.56
	987.22	1.00	13.34	913.55
	987.24	1.00	13.34	911.55
	987.25	0.00	13.34	914.55
	987.26	0.00	13.34	913.55
	987.27	0.00	13.34	914.55
	987.28	0.00	13.35	919.56
	987.29	0.00	13.35	918.56
	987.30	0.00	13.37	922.56
	987.32	0.00	13.36	918.56
	987.33	0.00	13.36	920.56
	987.34	0.00	13.36	920.56
	987.35	0.00	13.38	919.56
	987.36	0.00	13.38	918.56
	987.38	0.00	13.36	919.56
	987.39	0.00	13.35	919.56
	987.40	0.00	13.35	914.55
	987.41	0.00	13.34	918.56
	987.42	0.00	13.34	914.56
	987.43	0.00	13.33	916.56
	987.45	0.00	13.34	918.56
	987.46	0.00	13.32	917.58
	987.47	0.00	13.33	918.57
	987.48	0.00	13.33	918.56
	987.49	0.00	13.32	918.57
	987.50	0.00	13.32	917.57
	987.51	0.00	13.32	916.57
	987.53	0.00	13.29	911.57
	987.54	0.00	13.32	918.57
	987.55	0.00	13.32	917.57
	987.56	0.00	13.33	918.56
	987.57	0.00	13.32	917.57
	987.58	0.00	13.34	921.57
	987.59	0.00	13.33	919.57
	987.61	0.00	13.32	918.57
	987.62	0.00	13.31	918.58
	987.63	0.00	13.33	922.58
	987.64	0.00	13.32	919.58
	987.65	0.00	13.32	920.58
	987.66	0.00	13.31	918.58
	987.68	0.00	13.32	920.58
	987.69	0.00	13.26	906.58
	987.70	0.00	13.33	920.58
	987.71	0.00	13.32	920.58
	987.72	0.00	13.32	920.58
	987.73	0.00	13.31	920.59
	987.75	0.00	13.32	920.58
	987.76	0.00	13.32	920.58
	987.77	0.00	13.32	920.58
	987.78	0.00	13.32	920.58
	987.79	0.00	13.33	921.58
	987.80	0.00	13.30	921.59
	987.81	0.00	13.31	920.59
	987.83	0.00	13.31	920.59
	987.84	0.00	13.30	921.60
	987.85	0.00	13.30	921.59
	987.86	0.00	13.30	915.57
	987.87	0.00	13.30	916.57
	987.88	0.00	13.30	917.58
	987.90	0.00	13.29	915.58
	987.91	0.00	13.27	915.59
	987.92	0.00	13.30	915.57
	987.93	0.00	13.31	917.57
	987.94	0.00	13.31	920.57
	987.95	0.00	13.31	920.58
	987.97	0.00	13.31	920.58
	987.98	0.00	13.32	921.58
	987.99	0.00	13.30	920.58
	988.00	0.00	13.31	920.58
	988.01	0.00	13.31	919.58
	988.02	0.00	13.32	920.57
	988.03	0.00	13.31	920.58
	988.05	0.00	13.32	921.58
	988.06	0.00	13.31	920.58
	988.07	0.00	13.31	919.58
	988.08	0.00	13.32	922.58
	988.09	0.00	13.31	919.58
	988.10	0.00	13.31	919.58
	988.11	0.00	13.34	921.56
	988.13	0.00	13.28	914.58
	988.14	0.00	13.28	914.58
	988.15	0.00	13.29	915.58
	988.16	0.00	13.30	918.58
	988.17	0.00	13.30	917.58
	988.19	0.00	13.30	918.58
	988.20	0.00	13.32	919.58
	988.21	0.00	13.31	919.58
	988.22	0.00	13.31	920.58
	988.23	0.00	13.30	917.58
	988.24	0.00	13.32	919.58
	988.26	0.00	13.31	919.58
	988.27	0.00	13.31	919.58
	988.28	0.00	13.31	919.58
	988.29	0.00	13.31	921.59
	988.30	0.00	13.26	912.58
	988.31	0.00	13.26	911.59
	988.32	0.00	13.27	911.58
	988.34	0.00	13.29	914.57
	988.35	0.00	13.28	917.58
	988.36	0.00	13.29	917.59
	988.37	0.00	13.28	916.59
	988.38	0.00	13.29	916.58
	988.39	0.00	13.27	917.59
	988.41	0.00	13.27	912.59
	988.42	0.00	13.30	917.58
	988.43	0.00	188.73	0.00	13.28	917.60
	988.74	0.00	13.25	908.60
	988.75	0.00	13.28	917.60
	988.76	0.00	13.27	914.60
	988.78	0.00	13.28	917.60
	988.79	0.00	13.29	918.60
	988.80	0.00	13.27	919.61
	988.81	0.00	13.27	916.61
	988.82	0.00	13.27	916.61
	988.83	0.00	13.28	916.60
	988.84	0.00	13.27	914.60
	988.86	0.00	13.29	919.59
	988.87	0.00	13.27	917.59
	988.88	0.00	13.28	917.60
	988.89	0.00	13.27	918.60
	988.90	0.00	13.31	919.60
	988.91	0.00	13.27	918.60
	988.92	0.00	13.30	915.59
	988.94	0.00	13.29	916.59
	988.95	0.00	13.31	914.58
	988.96	0.00	13.33	912.58
	988.97	0.00	13.33	914.57
	988.98	0.00	13.34	913.57
	989.00	0.00	13.34	915.57
	989.01	0.00	13.36	913.58
	989.02	0.00	13.36	912.57
	989.03	0.00	13.39	912.56
	989.04	0.00	13.39	908.55
	989.05	0.00	13.39	910.56
	989.07	0.00	13.40	909.55
	989.08	0.00	13.40	910.55
	989.09	0.00	13.41	910.55
	989.10	0.00	13.43	909.54
	989.11	0.00	13.45	910.53
	989.12	0.00	13.38	895.54
	989.13	0.00	13.44	907.53
	989.15	0.00	13.46	903.52
	989.16	0.00	13.52	903.47
	989.17	0.00	13.48	903.50
	989.18	0.00	13.53	903.48
	989.19	0.00	13.55	904.46
	989.20	0.00	13.54	903.46
	989.22	0.00	13.56	904.45
	989.23	0.00	13.58	902.45
	989.24	0.00	13.58	903.45
	989.25	0.00	13.60	901.45
	989.26	0.00	13.62	900.44
	989.27	0.00	13.62	897.44
	989.28	0.00	13.62	899.44
	989.30	0.00	13.61	897.44
	989.31	0.00	13.62	899.44
	989.32	0.00	13.63	898.44
	989.33	0.00	13.64	898.44
	989.34	0.00	13.64	897.44
	989.35	0.00	13.66	895.43
	989.37	0.00	13.66	897.43
	989.38	0.00	13.66	896.43
	989.39	0.00	13.65	897.44
	989.40	0.00	13.66	897.43
	989.41	0.00	13.66	00	13.69	892.39
	990.32	0.00	13.71	889.37
	990.33	0.00	13.75	887.36
	990.34	0.00	13.82	877.30
	990.35	0.00	13.87	868.29
	990.36	0.00	13.96	864.25
	990.37	0.00	14.05	859.20
	990.39	0.00	14.16	850.18
	990.40	0.00	14.24	846.13
	990.41	0.00	14.29	845.12
	990.42	0.00	14.32	843.09
	990.43	0.00	14.36	841.07
	990.44	0.00	14.36	837.06
	990.45	0.00	14.40	834.03
	990.47	0.00	14.49	813.02
	990.48	0.00	14.52	812.00
	990.49	0.00	14.52	813.00
	990.50	0.00	14.54	813.99
	990.51	0.00	14.55	809.98
	990.52	0.00	14.55	813.98
	990.53	0.00	14.57	813.97
	990.55	0.00	14.57	813.97
	990.56	0.00	14.57	812.96
	990.57	0.00	14.60	815.96
	990.58	0.00	14.61	818.96
	990.59	0.00	14.62	816.95
	990.60	0.00	14.63	818.95
	990.62	0.00	14.63	819.95
	990.63	0.00	14.62	820.96
	990.64	0.00	14.64	824.95
	990.65	0.00	14.63	820.95
	990.66	0.00	14.65	824.95
	990.67	0.00	14.64	823.95
	990.69	0.00	14.64	823.95
	990.70	0.00	14.62	816.95
	990.71	0.00	14.65	825.95
	990.72	0.00	14.66	824.95
	990.73	0.00	14.66	823.95
	990.74	0.00	14.65	822.95
	990.76	0.00	14.65	826.95
	990.77	0.00	14.68	825.94
	990.78	0.00	14.68	825.94
	990.79	0.00	14.69	827.94
	990.80	0.00	14.68	827.94
	990.81	0.00	14.69	829.94
	990.83	0.00	14.69	823.94
	990.84	0.00	14.68	822.94
	990.85	0.00	14.67	824.94
	990.86	0.00	14.70	824.93
	990.87	0.00	14.68	823.94
	990.88	0.00	14.67	821.93
	990.90	0.00	14.69	822.92
	990.91	0.00	14.69	822.92
	990.92	0.00	14.68	820.93
	990.93	0.00	14.70	818.91
	990.94	0.00	14.69	819.92
	990.95	0.00	14.68	817.92
	990.96	0.00	14.69	817.92
	990.98	0.00	14.68	816.92
	990.99	0.00	14.70	816.91
62	800.93
	991.50	0.00	14.63	802.93
	991.51	0.00	14.61	798.93
	991.52	0.00	14.60	799.94
	991.53	0.00	14.60	800.94
	991.54	0.00	14.60	798.94
	991.55	0.00	14.61	800.94
	991.57	0.00	14.60	798.94
	991.58	0.00	14.62	799.93
	991.59	0.00	14.62	801.93
	991.60	0.00	14.61	799.93
	991.61	0.00	14.63	802.93
	991.62	0.00	14.63	798.93
	991.64	0.00	14.62	799.93
	991.65	0.00	14.62	799.93
	991.66	0.00	14.61	802.94
	991.67	0.00	14.63	803.93
	991.68	0.00	14.63	802.93
	991.69	0.00	14.62	802.94
	991.70	0.00	14.63	800.95
	991.72	0.00	14.57	799.96
	991.73	0.00	14.23	810.04
	991.74	0.00	13.24	868.28
	991.75	0.00	12.45	935.44
	991.76	0.00	11.81	1006.55
	991.77	0.00	11.38	1067.64
	991.78	0.00	11.07	1122.72
	991.80	0.00	10.92	1172.78
	991.81	0.00	10.82	1203.82
	991.82	0.00	10.76	1237.87
	991.83	0.00	10.77	1288.91
	991.84	0.00	10.75	1335.92
	991.85	0.00	10.88	1379.89
	991.87	0.00	11.01	1401.85
	991.88	0.00	11.22	1419.81
	991.89	0.00	11.52	1432.74
	991.90	0.00	11.81	1430.69
	991.91	0.00	12.08	1428.62
	991.92	0.00	12.34	1432.55
	991.94	0.00	12.54	1431.50
	991.95	0.00	12.78	1425.46
	991.96	0.00	12.95	1418.43
	991.97	0.00	13.12	1415.36
	991.98	0.00	13.44	1392.31
	991.99	0.00	13.52	1393.27
	992.01	0.00	13.59	1398.24
	992.02	0.00	13.70	1404.20
	992.03	0.00	13.79	1403.18
	992.04	0.00	13.86	1402.14
	992.05	0.00	13.90	1406.12
	992.06	0.00	13.99	1407.08
	992.08	0.00	14.03	1417.07
	992.09	0.00	14.06	1417.06
	992.10	0.00	14.11	1414.06
	992.11	0.00	14.12	1415.06
	992.12	0.00	14.13	1419.05
	992.13	0.00	14.13	1420.05
	992.15	0.00	14.13	1423.05
	992.16	0.00	14.12	1418.0514.83	802.84
	992.66	0.00	14.82	801.84
	992.67	0.00	14.81	798.84
	992.68	0.00	14.79	797.85
	992.69	0.00	14.77	798.86
	992.70	0.00	14.77	799.86
	992.71	0.00	14.73	785.85
	992.72	0.00	14.74	793.85
	992.74	0.00	14.75	795.85
	992.75	0.00	14.72	775.86
	992.76	0.00	14.75	794.85
	992.77	0.00	14.75	797.85
	992.78	0.00	14.73	797.86
	992.79	0.00	14.74	798.86
	992.80	0.00	14.75	798.85
	992.82	0.00	14.74	797.85
	992.83	0.00	14.75	798.85
	992.84	0.00	14.74	795.85
	992.85	0.00	14.75	795.84
	992.86	0.00	14.76	796.84
	992.88	0.00	14.78	796.82
	992.89	0.00	14.79	796.81
	992.90	0.00	14.80	796.81
	992.91	0.00	14.80	797.81
	992.92	0.00	14.80	798.81
	992.93	0.00	14.80	794.80
	992.95	0.00	14.81	792.80
	992.96	0.00	14.80	794.81
	992.97	0.00	14.80	796.81
	992.98	0.00	14.85	797.78
	992.99	0.00	14.83	798.78
	993.00	0.00	14.81	797.80
	993.01	0.00	14.69	791.86
	993.03	0.00	14.37	782.93
	993.04	0.00	13.27	857.13
	993.05	0.00	12.22	949.34
	993.06	0.00	11.91	1013.44
	993.07	0.00	11.82	1032.51
	993.08	0.00	11.67	1055.58
	993.09	0.00	11.49	1081.66
	993.11	0.00	11.30	1119.76
	993.12	0.00	11.28	1160.90
	993.13	0.00	11.25	1202.99
	993.14	0.00	11.15	1242.07
	993.15	0.00	11.09	1282.12
	993.16	0.00	11.09	1311.15
	993.18	0.00	11.09	1328.19
	993.19	0.00	11.11	1325.17
	993.20	0.00	11.19	1314.13
	993.21	0.00	11.33	1302.07
	993.22	0.00	11.51	1271.99
	993.23	0.00	11.71	1252.92
	993.25	0.00	11.92	1248.86
	993.26	0.00	12.16	1224.77
	993.27	0.00	12.42	1196.71
	993.28	0.00	12.71	1168.63
	993.29	0.00	12.92	1148.61
	993.30	0.00	13.11	1132.57
	993.32	0.00	13.44	1105.52
	993.33	0.00	13.57	1095.48
	993.34	0.00	13.76	1090.44
	993.35	0.00	13.89	1085.41
	993.36	0.00	14.04	1075.36
	993.37	0.00	14.19	1071.31
	993.39	0.00	14.34	1071.25
	993.40	0.00	14.51	1071.20
	993.41	0.00	14.59	1064.18
	993.42	0.00	14.72	1084.13
	993.43	0.00	14.82	1090.08
	993.44	0.00	14.94	1072.03
	993.46	0.00	15.04	1079.99
	993.47	0.00	15.14	1084.94
	993.48	0.00	15.20	1081.89
	993.49	0.00	15.39	1080.74
	993.50	0.00	15.45	1075.69
	993.51	0.00	15.56	1042.66
	993.53	0.00	15.66	1029.58
	993.54	0.00	15.66	1013.58
	993.55	0.00	15.69	1004.56
	993.56	0.00	15.66	985.57
	993.57	0.00	15.67	972.55
	993.58	0.00	15.85	973.55
	993.59	0.00	15.66	930.56
	993.61	0.00	15.66	930.56
	993.62	0.00	15.65	911.53
	993.63	0.00	15.58	890.54
	993.64	0.00	15.48	861.55
	993.65	0.00	15.22	816.62
	993.66	0.00	14.98	783.72
	993.68	0.00	14.79	765.79
	993.69	0.00	14.70	759.84
	993.70	0.00	14.74	779.83
	993.71	0.00	14.75	782.83
	993.72	0.00	14.79	794.84
	993.73	0.00	14.81	795.83
	993.75	0.00	14.82	797.83
	993.76	0.00	14.80	792.83
	993.77	0.00	14.81	790.82
	993.78	0.00	14.78	788.84
	993.79	0.00	14.75	787.85
	993.80	0.00	14.75	785.85
	993.82	0.00	14.76	784.84
	993.83	0.00	14.75	783.84
	993.84	0.00	14.74	780.84
	993.85	0.00	14.74	782.84
	993.86	0.00	14.75	783.84
	993.87	0.00	14.74	782.84
	993.88	0.00	14.74	781.84
	993.90	0.00	14.76	783.83
	993.91	0.00	14.78	783.83
	993.92	0.00	14.78	783.83
	993.93	0.00	14.80	785.81
	993.94	0.00	14.86	785.76
	993.95	0.00	14.82	786.78
	993.97	0.00	14.84	787.77
	993.98	0.00	14.84	788.77
	993.99	0.00	14.83	788.77
	994.00	0.00	14.82	790.78
	994.01	0.00	14.81	782.78
	994.02	0.00	14.82	788.78
	994.03	0.00	14.81	788.79
	994.05	0.00	14.82	788.78
	994.06	0.00	14.79	788.80
	994.07	0.00	14.73	784.84
	994.08	0.00	14.54	782.88
	994.09	0.00	13.99	784.05
	994.10	0.00	12.61	890.32
	994.11	0.00	11.81	1003.50
	994.13	0.00	11.36	1066.62
	994.14	0.00	11.19	1099.70
	994.15	0.00	11.08	1130.76
	994.16	0.00	11.10	1166.83
	994.17	0.00	11.11	1192.90
	994.19	0.00	11.28	1204.94
	994.20	0.00	11.33	1235.96
	994.21	0.00	11.46	1266.96
	994.22	0.00	11.61	1306.97
	994.23	0.00	11.76	1305.94
	994.24	0.00	11.95	1288.88
	994.25	0.00	12.11	1262.83
	994.27	0.00	12.34	1241.78
	994.28	0.00	12.54	1217.74
	994.29	0.00	12.79	1183.70
	994.30	0.00	12.94	1146.66
	994.31	0.00	13.08	1131.61
	994.32	0.00	13.25	1122.56
	994.34	0.00	13.53	1090.54
	994.35	0.00	13.61	1084.50
	994.36	0.00	13.70	1075.47
	994.37	0.00	13.83	1067.43
	994.38	0.00	13.89	1056.40
	994.40	0.00	14.04	1060.37
	994.41	0.00	14.16	1058.34
	994.42	0.00	14.21	1055.32
	994.43	0.00	14.33	1050.29
	994.44	0.00	14.39	1052.27
	994.45	0.00	14.50	1048.24
	994.46	0.00	14.60	1051.22
	994.48	0.00	14.75	1057.16
	994.49	0.00	14.80	1063.15
	994.50	0.00	14.83	1070.12
	994.51	0.00	14.92	1077.08
	994.52	0.00	14.99	1078.05
	994.53	0.00	15.09	1079.99
	994.54	0.00	15.19	1081.92
	994.56	0.00	15.26	1083.89
	994.57	0.00	15.36	1083.80
	994.58	0.00	15.46	1079.73
	994.59	0.00	15.52	1065.66
	994.60	0.00	15.66	1037.62
	994.62	0.00	15.68	1023.59
	994.63	0.00	15.71	1015.58
	994.64	0.00	15.87	1012.59
	994.65	0.00	15.92	994.56
	994.66	0.00	15.69	945.56
	994.67	0.00	15.90	961.56
	994.69	0.00	15.87	951.56
	994.70	0.00	15.64	913.56
	994.71	0.00	15.63	908.56
	994.72	0.00	15.56	882.55
	994.73	0.00	15.39	833.54
	994.74	0.00	15.22	802.61
	994.76	0.00	15.01	765.65
	994.77	0.00	14.91	767.71
	994.78	0.00	14.79	769.76
	994.79	0.00	14.82	778.77
	994.80	0.00	14.87	794.78
	994.81	0.00	14.88	798.79
	994.82	0.00	14.90	804.79
	994.84	0.00	14.90	805.79
	994.85	0.00	14.88	802.80
	994.86	0.00	14.86	798.80
	994.87	0.00	14.85	796.80
	994.88	0.00	14.84	794.80
	994.89	0.00	14.82	790.81
	994.91	0.00	14.83	790.81
	994.92	0.00	14.81	789.81
	994.93	0.00	14.77	778.81
	994.94	0.00	14.78	779.80
	994.95	0.00	14.77	778.81
	994.96	0.00	14.80	781.81
	994.97	0.00	14.79	779.81
	994.98	0.00	14.77	779.81
	995.00	0.00	14.80	782.81
	995.01	0.00	14.78	786.82
	995.02	0.00	14.79	787.82
	995.03	0.00	14.78	790.82
	995.04	0.00	14.78	792.82
	995.05	0.00	14.78	793.82
	995.07	0.00	14.77	792.83
	995.08	0.00	14.74	784.83
	995.09	0.00	14.77	793.82
	995.10	0.00	14.78	792.82
	995.11	0.00	14.80	794.81
	995.13	0.00	14.78	793.82
	995.14	0.00	14.83	793.82
	995.15	0.00	14.81	788.82
	995.16	0.00	14.81	788.82
	995.17	0.00	14.81	787.82
	995.18	0.00	14.80	786.82
	995.19	0.00	14.82	786.82
	995.21	0.00	14.82	785.82
	995.22	0.00	14.80	786.82
	995.23	0.00	14.74	786.85
	995.24	0.00	14.64	777.88
	995.25	0.00	14.15	797.02
	995.26	0.00	12.77	877.30
	995.28	0.00	11.88	993.52
	995.29	0.00	11.48	1056.62
	995.30	0.00	11.21	1095.72
	995.31	0.00	11.27	1150.81
	995.32	0.00	11.27	1170.87
	995.33	0.00	11.30	1196.92
	995.34	0.00	11.46	1221.88
	995.36	0.00	11.68	1278.85
	995.37	0.00	11.79	1294.85
	995.38	0.00	11.94	1293.83
	995.39	0.00	12.04	1275.81
	995.40	0.00	12.22	1249.78
	995.41	0.00	12.39	1234.75
	995.43	0.00	12.60	1202.73
	995.44	0.00	12.73	1169.65
	995.45	0.00	12.97	1159.61
	995.46	0.00	13.13	1147.55
	995.47	0.00	13.48	1121.49
	995.48	0.00	13.59	1107.44
	995.50	0.00	13.77	1106.40
	995.51	0.00	13.93	1094.35
	995.52	0.00	14.07	1087.31
	995.53	0.00	14.13	1074.27
	995.54	0.00	14.27	1054.22
	995.55	0.00	14.38	1051.21
	995.57	0.00	14.50	1044.18
	995.58	0.00	14.62	1043.16
	995.59	0.00	14.69	1046.13
	995.60	0.00	14.79	1049.09
	995.61	0.00	14.86	1057.07
	995.62	0.00	14.91	1053.03
	995.64	0.00	15.01	1068.01
	995.65	0.00	15.12	1074.96
	995.66	0.00	15.21	1073.90
	995.67	0.00	15.26	1077.85
	995.68	0.00	15.29	1069.83
	995.69	0.00	15.37	1045.85
	995.71	0.00	15.39	1042.85
	995.72	0.00	15.40	1037.82
	995.73	0.00	15.44	1034.78
	995.74	0.00	15.50	1025.72
	995.75	0.00	15.52	1018.69
	995.76	0.00	15.57	1007.66
	995.78	0.00	15.63	996.61
	995.79	0.00	15.58	974.63
	995.80	0.00	15.60	968.62
	995.81	0.00	15.62	940.59
	995.82	0.00	15.60	931.60
	995.83	0.00	15.57	926.60
	995.84	0.00	15.56	916.60
	995.86	0.00	15.58	913.60
	995.87	0.00	15.56	900.59
	995.88	0.00	15.59	902.59
	995.89	0.00	15.60	895.57
	995.90	0.00	15.62	887.54
	995.91	0.00	15.53	864.53
	995.93	0.00	15.38	825.54
	995.94	0.00	15.26	793.56
	995.95	0.00	15.10	764.60
	995.96	0.00	15.00	755.64
	995.97	0.00	14.91	752.68
	995.98	0.00	14.93	757.68
	996.00	0.00	14.95	765.69
	996.01	0.00	14.97	773.69
	996.02	0.00	15.00	775.69
	996.03	0.00	14.98	778.70
	996.04	0.00	14.96	768.70
	996.05	0.00	14.99	777.70
	996.07	0.00	14.97	771.70
	996.08	0.00	14.97	772.70
	996.09	0.00	14.95	771.71
	996.10	0.00	14.97	771.70
	996.11	0.00	14.96	770.70
	996.12	0.00	14.94	768.71
	996.13	0.00	14.94	768.71
	996.15	0.00	14.94	767.71
	996.16	0.00	14.94	767.71
	996.17	0.00	14.94	767.71
	996.18	0.00	14.91	757.70
	996.19	0.00	14.93	763.70
	996.20	0.00	14.93	765.70
	996.22	0.00	14.94	770.70
	996.23	0.00	14.94	765.70
	996.24	0.00	14.94	764.70
	996.25	0.00	14.93	766.70
	996.26	0.00	14.94	769.70
	996.27	0.00	14.98	788.70
	996.28	0.00	14.95	770.70
	996.30	0.00	14.99	792.69
	996.31	0.00	14.99	791.69
	996.32	0.00	14.97	794.70
	996.33	0.00	14.99	791.69
	996.34	0.00	14.98	790.69
	996.35	0.00	14.97	787.69
	996.36	0.00	14.98	789.69
	996.38	0.00	15.00	794.69
	996.39	0.00	14.97	788.69
	996.40	0.00	14.96	789.70
	996.41	0.00	14.89	768.73
	996.42	0.00	14.80	769.75
	996.43	0.00	14.35	781.87
	996.45	0.00	12.94	876.18
	996.46	0.00	11.77	1022.47
	996.47	0.00	11.24	1097.67
	996.48	0.00	11.14	1163.80
	996.49	0.00	11.17	1185.91
	996.50	0.00	11.22	1194.94
	996.52	0.00	11.31	1216.00
	996.53	0.00	11.43	1244.03
	996.54	0.00	11.45	1254.05
	996.55	0.00	11.50	1257.01
	996.56	0.00	11.61	1253.97
	996.57	0.00	11.65	1247.94
	996.59	0.00	11.72	1237.91
	996.60	0.00	11.88	1227.86
	996.61	0.00	12.00	1213.82
	996.62	0.00	12.15	1185.76
	996.63	0.00	12.35	1170.72
	996.64	0.00	12.58	1154.63
	996.66	0.00	12.78	1150.60
	996.67	0.00	12.96	1107.58
	996.68	0.00	13.31	1079.51
	996.69	0.00	13.47	1074.46
	996.70	0.00	13.62	1092.42
	996.71	0.00	13.76	1088.37
	996.72	0.00	13.88	1077.33
	996.74	0.00	13.97	1054.32
	996.75	0.00	14.08	1071.28
	996.76	0.00	14.25	1064.23
	996.77	0.00	14.38	1066.17
	996.78	0.00	14.48	1064.14
	996.79	0.00	14.61	1065.11
	996.81	0.00	14.73	1070.07
	996.82	0.00	14.78	1081.04
	996.83	0.00	14.89	1084.99
	996.84	0.00	14.98	1086.93
	996.85	0.00	15.10	1092.87
	996.86	0.00	15.14	1064.84
	996.88	0.00	15.21	1078.81
	996.89	0.00	15.25	1078.79
	996.90	0.00	15.31	1079.75
	996.91	0.00	15.38	1074.69
	996.92	0.00	15.42	1064.65
	996.93	0.00	15.53	1040.64
	996.95	0.00	15.56	1025.60
	996.96	0.00	15.55	1013.61
	996.97	0.00	15.58	1011.59
	996.98	0.00	15.59	1000.58
	996.99	0.00	15.59	989.58
	997.00	0.00	15.57	970.58
	997.02	0.00	15.58	961.57
	997.03	0.00	15.55	941.56
	997.04	0.00	15.58	946.57
	997.05	0.00	15.59	936.56
	997.06	0.00	15.62	942.55
	997.07	0.00	15.64	937.54
	997.09	0.00	15.60	905.54
	997.10	0.00	15.61	897.52
	997.11	0.00	15.54	873.53
	997.12	0.00	15.47	854.54
	997.13	0.00	15.41	833.53
	997.14	0.00	15.29	804.53
	997.15	0.00	15.13	775.58
	997.17	0.00	15.03	762.62
	997.18	0.00	15.03	759.64
	997.19	0.00	15.03	765.66
	997.20	0.00	15.03	774.67
	997.21	0.00	15.08	800.67
	997.22	0.00	15.09	802.67
	997.23	0.00	15.08	804.68
	997.25	0.00	15.07	801.68
	997.26	0.00	15.05	800.69
	997.27	0.00	15.05	798.69
	997.28	0.00	15.05	799.69
	997.29	0.00	15.01	793.70
	997.30	0.00	15.02	794.70
	997.32	0.00	15.03	793.69
	997.33	0.00	15.02	795.70
	997.34	0.00	15.01	791.70
	997.35	0.00	15.00	790.70
	997.36	0.00	14.99	788.70
	997.37	0.00	14.97	790.71
	997.39	0.00	14.98	780.70
	997.40	0.00	14.98	784.70
	997.41	0.00	14.98	783.70
	997.42	0.00	14.98	785.69
	997.43	0.00	14.97	766.69
	997.44	0.00	14.99	788.69
	997.46	0.00	15.00	790.69
	997.47	0.00	14.96	792.70
	997.48	0.00	14.92	774.71
	997.49	0.00	14.91	779.72
	997.50	0.00	14.94	793.71
	997.51	0.00	14.93	796.71
	997.52	0.00	14.93	795.71
	997.54	0.00	14.94	795.71
	997.55	0.00	14.92	796.72
	997.56	0.00	14.93	795.72
	997.57	0.00	14.92	796.72
	997.58	0.00	14.92	793.72
	997.59	0.00	14.91	795.72
	997.60	0.00	14.89	786.72
	997.62	0.00	14.93	796.71
	997.63	0.00	14.83	773.74
	997.64	0.00	14.75	759.77
	997.65	0.00	14.54	769.85
	997.66	0.00	13.51	837.06
	997.67	0.00	12.26	936.38
	997.69	0.00	11.83	1011.55
	997.70	0.00	11.58	1049.63
	997.71	0.00	11.44	1077.70
	997.72	0.00	11.39	1114.79
	997.73	0.00	11.45	1125.87
	997.74	0.00	11.45	1151.93
	997.76	0.00	11.36	1188.98
	997.77	0.00	11.33	1219.04
	997.78	0.00	11.31	1269.07
	997.79	0.00	11.31	1288.09
	997.80	0.00	11.29	1301.10
	997.81	0.00	11.38	1327.08
	997.83	0.00	11.44	1321.06
	997.84	0.00	11.51	1318.03
	997.85	0.00	11.61	1303.98
	997.86	0.00	11.76	1291.93
	997.87	0.00	11.91	1269.87
	997.88	0.00	12.04	1255.82
	997.90	0.00	12.25	1238.77
	997.91	0.00	12.43	1235.71
	997.92	0.00	12.60	1226.65
	997.93	0.00	12.85	1208.61
	997.94	0.00	13.08	1200.54
	997.95	0.00	13.42	1166.49
	997.97	0.00	13.58	1174.44
	997.98	0.00	13.72	1176.38
	997.99	0.00	13.84	1179.32
	998.00	0.00	13.98	1181.26
	998.01	0.00	14.12	1179.19
	998.02	0.00	14.19	1181.18
	998.03	0.00	14.32	1185.14
	998.05	0.00	14.42	1182.10
	998.06	0.00	14.48	1190.08
	998.07	0.00	14.57	1184.05
	998.08	0.00	14.68	1173.03
	998.09	0.00	14.72	1169.02
	998.10	0.00	14.76	1171.99
	998.12	0.00	14.85	1162.95
	998.13	0.00	14.89	1158.92
	998.14	0.00	14.95	1145.89
	998.15	0.00	15.04	1138.85
	998.16	0.00	15.18	1131.73
	998.17	0.00	15.26	1128.70
	998.19	0.00	15.35	1119.63
	998.20	0.00	15.51	1106.58
	998.21	0.00	15.53	1093.58
	998.22	0.00	15.54	1085.58
	998.23	0.00	15.58	1078.57
	998.24	0.00	15.60	1068.58
	998.26	0.00	15.62	1052.56
	998.27	0.00	15.61	1041.57
	998.28	0.00	15.70	1014.56
	998.29	0.00	15.71	1009.56
	998.30	0.00	15.74	1003.55
	998.31	0.00	15.90	1011.58
	998.33	0.00	15.97	1031.58
	998.34	0.00	16.00	1023.57
	998.35	0.00	16.02	1027.56
	998.36	0.00	16.03	995.52
	998.37	0.00	16.01	986.52
	998.38	0.00	15.74	934.51
	998.40	0.00	15.64	908.54
	998.41	0.00	15.49	856.54
	998.42	0.00	15.33	818.55
	998.43	0.00	15.20	781.57
	998.44	0.00	15.08	759.62
	998.45	0.00	14.97	757.66
	998.47	0.00	14.94	758.69
	998.48	0.00	14.92	756.70
	998.49	0.00	14.96	770.71
	998.50	0.00	14.98	773.71
	998.51	0.00	14.98	770.70
	998.52	0.00	14.98	770.71
	998.53	0.00	14.95	767.71
	998.55	0.00	14.96	768.71
	998.56	0.00	14.95	767.71
	998.57	0.00	14.95	767.71
	998.58	0.00	14.95	765.72
	998.59	0.00	14.93	765.72
	998.60	0.00	14.93	766.72
	998.62	0.00	14.93	764.72
	998.63	0.00	14.93	764.72
	998.64	0.00	14.93	764.72
	998.65	0.00	14.92	763.72
	998.66	0.00	14.92	762.72
	998.67	0.00	14.92	762.72
	998.68	0.00	14.87	749.72
	998.70	0.00	14.95	780.72
	998.71	0.00	14.96	782.72
	998.72	0.00	14.96	784.72
	998.73	0.00	14.91	769.71
	998.74	0.00	14.90	772.71
	998.75	0.00	14.89	776.72
	998.77	0.00	14.90	775.71
	998.78	0.00	14.90	774.71
	998.79	0.00	14.88	775.71
	998.80	0.00	14.92	780.71
	998.81	0.00	14.90	780.71
	998.82	0.00	14.92	780.71
	998.84	0.00	14.95	781.69
	998.85	0.00	14.97	779.68
	998.86	0.00	14.97	780.68
	998.87	0.00	14.97	782.69
	998.88	0.00	14.95	783.69
	998.89	0.00	14.97	782.68
	998.90	0.00	14.94	782.69
	998.92	0.00	14.95	783.68
	998.93	0.00	14.95	783.68
	998.94	0.00	14.95	783.68
	998.95	0.00	14.96	784.68
	998.96	0.00	14.96	785.69
	998.97	0.00	14.96	784.69
	998.98	0.00	14.98	786.69
	999.00	0.00	14.76	768.77
	999.01	0.00	13.54	825.05
	999.02	0.00	11.39	1027.49
	999.03	0.00	10.18	1195.91
	999.04	0.00	9.85	1301.16
	999.05	0.00	9.73	1339.26
	999.07	0.00	9.79	1353.27
	999.08	0.00	9.94	1365.27
	999.09	0.00	10.10	1368.29
	999.10	0.00	10.19	1374.35
	999.11	0.00	10.30	1375.36
	999.12	0.00	10.51	1423.35
	999.14	0.00	10.75	1430.29
	999.15	0.00	11.07	1432.20
	999.16	0.00	11.36	1423.15
	999.17	0.00	11.60	1405.06
	999.18	0.00	11.81	1373.98
	999.19	0.00	12.05	1343.91
	999.21	0.00	12.26	1313.83
	999.22	0.00	12.50	1278.79
	999.23	0.00	12.67	1262.71
	999.24	0.00	12.83	1240.66
	999.25	0.00	13.04	1216.61
	999.26	0.00	13.40	1176.55
	999.28	0.00	13.56	1162.47
	999.29	0.00	13.69	1154.42
	999.30	0.00	13.90	1135.35
	999.31	0.00	14.06	1136.28
	999.32	0.00	14.16	1118.21
	999.33	0.00	14.34	1108.14
	999.34	0.00	14.46	1106.10
	999.36	0.00	14.57	1097.04
	999.37	0.00	14.71	1094.01
	999.38	0.00	14.74	1084.98
	999.39	0.00	14.81	1081.95
	999.40	0.00	14.84	1084.94
	999.41	0.00	14.88	1092.92
	999.43	0.00	14.93	1092.89
	999.44	0.00	14.96	1096.87
	999.45	0.00	15.01	1102.84
	999.46	0.00	15.08	1098.77
	999.47	0.00	15.14	1108.74
	999.48	0.00	15.20	1120.71
	999.50	0.00	15.25	1131.69
	999.51	0.00	15.31	1148.67
	999.52	0.00	15.38	1140.61
	999.53	0.00	15.48	1139.61
	999.54	0.00	15.53	1134.58
	999.55	0.00	15.54	1119.60
	999.57	0.00	15.54	1083.57
	999.58	0.00	15.59	1078.56
	999.59	0.00	15.87	1055.56
	999.60	0.00	15.90	1037.57
	999.61	0.00	15.97	1025.54
	999.62	0.00	15.95	1002.54
	999.64	0.00	15.88	1011.55
	999.65	0.00	15.99	983.55
	999.66	0.00	16.01	976.53
	999.67	0.00	15.98	944.52
	999.68	0.00	15.91	933.53
	999.69	0.00	15.82	913.53
	999.71	0.00	15.43	848.54
	999.72	0.00	15.25	808.57
	999.73	0.00	15.02	777.67
	999.74	0.00	14.86	760.76
	999.75	0.00	14.77	756.79
	999.76	0.00	14.73	747.79
	999.78	0.00	14.79	761.79
	999.79	0.00	14.83	769.79
	999.80	0.00	14.85	770.79
	999.81	0.00	14.84	768.79
	999.82	0.00	14.84	766.79
	999.83	0.00	14.79	757.80
	999.84	0.00	14.80	760.80
	999.86	0.00	14.80	760.80
	999.87	0.00	14.79	758.80
	999.88	0.00	14.78	757.80
	999.89	0.00	14.77	754.80
	999.90	0.00	14.79	754.79
	999.91	0.00	14.79	756.79
	999.92	0.00	14.80	761.80
	999.94	0.00	14.76	755.80
	999.95	0.00	14.75	754.80
	999.96	0.00	14.77	755.79
	999.97	0.00	14.71	743.80
	999.98	0.00	14.76	755.80
	999.99	0.00	14.78	774.80
	1000.01	0.00	14.79	776.80
	1000.02	0.00	14.80	780.80
	1000.03	0.00	14.79	777.80
	1000.04	0.00	14.81	778.79
	1000.05	0.00	14.83	779.78
	1000.06	0.00	14.81	775.77
	1000.08	0.00	14.88	782.74
	1000.09	0.00	14.93	782.70
	1000.10	0.00	14.93	782.70
	1000.11	0.00	14.92	784.70
	1000.12	0.00	14.85	768.71
	1000.13	0.00	14.87	781.72
	1000.14	0.00	14.87	781.72
	1000.16	0.00	14.90	781.70
	1000.17	0.00	14.90	782.70
	1000.18	0.00	14.89	779.71
	1000.19	0.00	14.89	783.72
	1000.20	0.00	14.89	783.72
	1000.21	0.00	14.79	785.77
	1000.22	0.00	14.39	770.91
	1000.24	0.00	12.65	884.25
	1000.25	0.00	10.86	1079.67
	1000.26	0.00	10.09	1214.96
	1000.27	0.00	9.97	1288.11
	1000.28	0.00	9.99	1307.18
	1000.29	0.00	10.06	1337.26
	1000.31	0.00	10.15	1357.35
	1000.32	0.00	10.33	1332.43
	1000.33	0.00	10.50	1352.48
	1000.34	0.00	10.61	1417.50
	1000.35	0.00	10.74	1444.50
	1000.37	0.00	10.80	1446.50
	1000.38	0.00	10.82	1444.48
	1000.39	0.00	10.85	1437.46
	1000.40	0.00	10.92	1423.40
	1000.41	0.00	11.03	1395.32
	1000.42	0.00	11.23	1374.20
	1000.44	0.00	11.45	1346.06
	1000.45	0.00	11.64	1312.02
	1000.46	0.00	11.83	1281.94
	1000.47	0.00	12.05	1250.87
	1000.48	0.00	12.25	1227.81
	1000.49	0.00	12.51	1204.74
	1000.51	0.00	12.75	1176.67
	1000.52	0.00	12.94	1155.62
	1000.53	0.00	13.35	1112.55
	1000.54	0.00	13.48	1103.51
	1000.55	0.00	13.62	1093.47
	1000.56	0.00	13.77	1085.40
	1000.58	0.00	13.84	1078.37
	1000.59	0.00	13.94	1080.32
	1000.60	0.00	13.99	1085.30
	1000.61	0.00	14.07	1085.28
	1000.62	0.00	14.14	1082.25
	1000.63	0.00	14.30	1071.21
	1000.65	0.00	14.37	1072.19
	1000.66	0.00	14.45	1064.18
	1000.67	0.00	14.51	1056.18
	1000.68	0.00	14.60	1074.17
	1000.69	0.00	14.64	1086.16
	1000.70	0.00	14.71	1098.14
	1000.72	0.00	14.83	1117.10
	1000.73	0.00	14.99	1128.00
	1000.74	0.00	15.25	1148.82
	1000.75	0.00	15.46	1122.67
	1000.76	0.00	15.56	1120.61
	1000.77	0.00	15.60	1112.60
	1000.78	0.00	15.87	1116.59
	1000.80	0.00	15.94	1100.57
	1000.81	0.00	15.95	1078.57
	1000.82	0.00	15.99	1067.58
	1000.83	0.00	16.00	1050.56
	1000.84	0.00	16.03	1043.56
	1000.86	0.00	16.02	1038.55
	1000.87	0.00	16.08	998.55
	1000.88	0.00	16.01	976.55
	1000.89	0.00	15.97	960.54
	1000.90	0.00	15.82	916.54
	1000.91	0.00	15.34	836.57
	1000.93	0.00	15.11	784.62
	1000.94	0.00	15.02	767.66
	1000.95	0.00	14.91	754.70
	1000.96	0.00	14.80	734.69
	1000.97	0.00	14.77	735.71
	1000.98	0.00	14.79	735.70
	1001.00	0.00	14.81	739.71
	1001.01	0.00	14.90	765.71
	1001.02	0.00	14.89	767.71
	1001.03	0.00	14.87	749.71
	1001.04	0.00	14.86	749.72
	1001.05	0.00	14.87	748.72
	1001.07	0.00	14.88	753.72
	1001.08	0.00	14.87	751.72
	1001.09	0.00	14.88	750.72
	1001.10	0.00	14.88	753.72
	1001.11	0.00	14.85	741.72
	1001.12	0.00	14.86	744.72
	1001.14	0.00	14.86	748.72
	1001.15	0.00	14.87	750.72
	1001.16	0.00	14.87	770.72
	1001.17	0.00	14.89	773.72
	1001.18	0.00	14.88	772.72
	1001.19	0.00	14.88	773.72
	1001.20	0.00	14.91	776.71
	1001.22	0.00	14.88	781.72
	1001.23	0.00	14.89	780.71
	1001.24	0.00	14.90	781.70
	1001.25	0.00	14.91	781.69
	1001.26	0.00	14.91	781.69
	1001.27	0.00	14.92	783.69
	1001.28	0.00	14.90	786.70
	1001.30	0.00	14.90	786.70
	1001.31	0.00	14.90	787.70
	1001.32	0.00	14.86	780.70
	1001.33	0.00	14.86	780.70
	1001.34	0.00	14.88	781.69
	1001.35	0.00	14.88	778.69
	1001.37	0.00	14.87	778.70
	1001.38	0.00	14.84	771.70
	1001.39	0.00	14.78	784.76
	1001.40	0.00	14.48	794.88
	1001.41	0.00	12.82	871.28
	1001.42	0.00	11.21	1029.70
	1001.44	0.00	10.51	1167.96
	1001.45	0.00	10.38	1205.08
	1001.46	0.00	10.43	1208.17
	1001.47	0.00	10.52	1218.26
	1001.48	0.00	10.66	1255.32
	1001.49	0.00	10.94	1274.35
	1001.51	0.00	11.01	1292.45
	1001.52	0.00	11.18	1308.43
	1001.53	0.00	11.33	1324.40
	1001.54	0.00	11.39	1296.37
	1001.55	0.00	11.50	1310.33
	1001.56	0.00	11.68	1297.27
	1001.58	0.00	11.92	1270.18
	1001.59	0.00	12.10	1254.08
	1001.60	0.00	12.33	1225.99
	1001.61	0.00	12.56	1195.90
	1001.62	0.00	12.81	1171.82
	1001.63	0.00	13.13	1118.73
	1001.65	0.00	13.39	1115.63
	1001.66	0.00	13.55	1104.55
	1001.67	0.00	13.68	1088.50
	1001.68	0.00	13.84	1072.43
	1001.69	0.00	14.00	1058.33
	1001.70	0.00	14.15	1046.27
	1001.72	0.00	14.26	1035.22
	1001.73	0.00	14.41	1017.17
	1001.74	0.00	14.46	1011.13
	1001.75	0.00	14.55	984.10
	1001.76	0.00	14.58	985.08
	1001.77	0.00	14.60	984.06
	1001.79	0.00	14.64	984.05
	1001.80	0.00	14.66	982.05
	1001.81	0.00	14.70	993.05
	1001.82	0.00	14.72	997.05
	1001.83	0.00	14.79	1015.02
	1001.84	0.00	14.86	1027.00
	1001.86	0.00	15.00	1039.93
	1001.87	0.00	15.08	1045.89
	1001.88	0.00	15.20	1046.81
	1001.89	0.00	15.62	1080.64
	1001.90	0.00	15.76	1088.66
	1001.91	0.00	15.88	1098.62
	1001.92	0.00	15.97	1095.61
	1001.94	0.00	16.03	1090.62
	1001.95	0.00	16.15	1058.60
	1001.96	0.00	16.01	1061.62
	1001.97	0.00	16.05	1046.59
	1001.98	0.00	15.96	1001.61
	1002.00	0.00	15.93	1014.61
	1002.01	0.00	15.89	973.59
	1002.02	0.00	16.02	949.56
	1002.03	0.00	15.98	940.55
	1002.04	0.00	15.90	924.54
	1002.05	0.00	15.81	888.55
	1002.07	0.00	15.59	845.60
	1002.08	0.00	15.05	775.65
	1002.09	0.00	14.92	763.70
	1002.10	0.00	14.85	758.75
	1002.11	0.00	14.80	743.74
	1002.12	0.00	14.81	744.74
	1002.14	0.00	14.84	753.75
	1002.15	0.00	14.90	767.75
	1002.16	0.00	14.91	772.76
	1002.17	0.00	14.91	775.75
	1002.18	0.00	14.92	776.75
	1002.19	0.00	14.92	776.75
	1002.21	0.00	14.88	767.75
	1002.22	0.00	14.90	770.75
	1002.23	0.00	14.89	770.75
	1002.24	0.00	14.91	773.75
	1002.25	0.00	14.92	776.75
	1002.26	0.00	14.91	773.75
	1002.27	0.00	14.90	771.75
	1002.29	0.00	14.91	774.75
	1002.30	0.00	14.90	780.75
	1002.31	0.00	14.88	778.75
	1002.32	0.00	14.87	780.75
	1002.33	0.00	14.86	780.76
	1002.34	0.00	14.87	783.75
	1002.35	0.00	14.85	775.74
	1002.37	0.00	14.87	781.74
	1002.38	0.00	14.90	803.74
	1002.39	0.00	14.91	805.74
	1002.40	0.00	14.89	782.73
	1002.41	0.00	14.88	781.73
	1002.42	0.00	14.87	780.74
	1002.44	0.00	14.89	779.73
	1002.45	0.00	14.91	779.72
	1002.46	0.00	14.89	778.73
	1002.47	0.00	14.85	768.73
	1002.48	0.00	14.84	769.73
	1002.49	0.00	14.85	772.73
	1002.51	0.00	14.85	772.73
	1002.52	0.00	14.90	774.70
	1002.53	0.00	14.89	775.71
	1002.54	0.00	14.86	774.73
	1002.55	0.00	14.84	774.74
	1002.56	0.00	14.84	776.75
	1002.58	0.00	14.83	774.75
	1002.59	0.00	14.83	773.75
	1002.60	0.00	14.73	776.82
	1002.61	0.00	14.28	788.98
	1002.62	0.00	12.56	908.34
	1002.63	0.00	11.39	1026.67
	1002.65	0.00	10.83	1014.78
	1002.66	0.00	11.05	1071.87
	1002.67	0.00	10.89	1095.97
	1002.68	0.00	10.87	1139.05
	1002.69	0.00	10.92	1154.17
	1002.70	0.00	11.03	1197.29
	1002.72	0.00	11.09	1211.38
	1002.73	0.00	11.25	1260.43
	1002.74	0.00	11.33	1259.40
	1002.75	0.00	11.40	1254.37
	1002.76	0.00	11.56	1238.31
	1002.77	0.00	11.81	1213.22
	1002.78	0.00	12.06	1186.14
	1002.80	0.00	12.38	1158.04
	1002.81	0.00	12.62	1137.95
	1002.82	0.00	13.03	1087.87
	1002.83	0.00	13.19	1071.77
	1002.84	0.00	13.43	1069.66
	1002.85	0.00	13.64	1058.58
	1002.87	0.00	13.87	1038.48
	1002.88	0.00	14.10	1023.39
	1002.89	0.00	14.33	1013.28
	1002.90	0.00	14.48	1002.19
	1002.91	0.00	14.60	991.13
	1002.92	0.00	14.65	980.09
	1002.94	0.00	14.74	977.04
	1002.95	0.00	14.71	962.03
	1002.96	0.00	14.79	961.97
	1002.97	0.00	14.86	959.92
	1002.98	0.00	14.90	956.90
	1002.99	0.00	14.96	955.87
	1003.01	0.00	14.97	959.86
	1003.02	0.00	15.09	943.83
	1003.03	0.00	15.10	943.83
	1003.04	0.00	15.13	950.81
	1003.05	0.00	15.15	960.82
	1003.06	0.00	15.19	970.81
	1003.08	0.00	15.18	998.77
	1003.09	0.00	15.28	1003.70
	1003.10	0.00	15.55	1027.67
	1003.11	0.00	15.63	1030.64
	1003.12	0.00	15.73	1033.61
	1003.13	0.00	15.83	1029.61
	1003.15	0.00	15.95	1002.61
	1003.16	0.00	15.90	1022.60
	1003.17	0.00	15.89	1003.60
	1003.18	0.00	16.02	977.59
	1003.19	0.00	16.06	979.57
	1003.20	0.00	16.05	944.58
	1003.22	0.00	16.05	938.57
	1003.23	0.00	16.05	942.54
	1003.24	0.00	16.04	939.53
	1003.25	0.00	15.96	925.54
	1003.26	0.00	15.87	895.55
	1003.27	0.00	15.59	833.56
	1003.28	0.00	14.98	764.67
	1003.30	0.00	14.83	746.73
	1003.31	0.00	14.77	740.77
	1003.32	0.00	14.72	733.78
	1003.33	0.00	14.72	741.80
	1003.34	0.00	14.74	745.80
	1003.35	0.00	14.77	752.80
	1003.37	0.00	14.77	753.81
	1003.38	0.00	14.76	754.82
	1003.39	0.00	14.75	752.82
	1003.40	0.00	14.70	738.81
	1003.41	0.00	14.71	740.81
	1003.42	0.00	14.72	746.82
	1003.44	0.00	14.74	749.82
	1003.45	0.00	14.72	748.83
	1003.46	0.00	14.72	749.83
	1003.47	0.00	14.71	751.83
	1003.48	0.00	14.72	753.83
	1003.49	0.00	14.71	751.83
	1003.51	0.00	14.72	752.83
	1003.52	0.00	14.74	753.82
	1003.53	0.00	14.74	757.83
	1003.54	0.00	14.75	755.82
	1003.55	0.00	14.72	751.83
	1003.56	0.00	14.76	752.80
	1003.58	0.00	14.74	758.81
	1003.59	0.00	14.72	760.81
	1003.60	0.00	14.71	759.81
	1003.61	0.00	14.71	761.81
	1003.62	0.00	14.73	763.80
	1003.63	0.00	14.75	765.79
	1003.64	0.00	14.76	764.79
	1003.66	0.00	14.78	766.78
	1003.67	0.00	14.78	770.78
	1003.68	0.00	14.79	768.78
	1003.69	0.00	14.77	768.78
	1003.70	0.00	14.77	766.78
	1003.71	0.00	14.77	767.78
	1003.72	0.00	14.77	767.78
	1003.74	0.00	14.76	759.76
	1003.75	0.00	14.78	763.76
	1003.76	0.00	14.78	766.77
	1003.77	0.00	14.78	767.77
	1003.78	0.00	14.75	765.82
	1003.79	0.00	14.30	775.96
	1003.81	0.00	12.37	905.44
	1003.82	0.00	10.57	1120.87
	1003.83	0.00	10.00	1222.13
	1003.84	0.00	10.05	1266.23
	1003.85	0.00	10.13	1270.28
	1003.86	0.00	10.31	1281.35
	1003.88	0.00	10.61	1268.39
	1003.89	0.00	10.96	1267.40
	1003.90	0.00	11.22	1283.41
	1003.91	0.00	11.46	1278.34
	1003.92	0.00	11.76	1250.25
	1003.94	0.00	11.94	1231.18
	1003.95	0.00	12.13	1215.14
	1003.96	0.00	12.37	1188.06
	1003.97	0.00	12.61	1160.98
	1003.98	0.00	13.04	1121.87
	1003.99	0.00	13.20	1106.80
	1004.01	0.00	13.36	1085.71
	1004.02	0.00	13.55	1078.64
	1004.03	0.00	13.77	1064.57
	1004.04	0.00	13.95	1046.48
	1004.05	0.00	14.13	1033.39
	1004.06	0.00	14.32	1018.32
	1004.08	0.00	14.44	1001.25
	1004.09	0.00	14.54	990.18
	1004.10	0.00	14.63	977.09
	1004.11	0.00	14.72	971.05
	1004.12	0.00	14.76	969.01
	1004.13	0.00	14.78	956.98
	1004.15	0.00	14.81	953.95
	1004.16	0.00	14.83	945.94
	1004.17	0.00	14.93	920.93
	1004.18	0.00	14.93	920.92
	1004.19	0.00	14.92	916.92
	1004.20	0.00	14.96	916.90
	1004.22	0.00	15.00	917.87
	1004.23	0.00	15.05	916.83
	1004.24	0.00	15.10	919.81
	1004.25	0.00	15.40	954.80
	1004.26	0.00	15.45	964.80
	1004.27	0.00	15.53	974.77
	1004.28	0.00	15.66	984.71
	1004.30	0.00	15.75	987.68
	1004.31	0.00	15.98	1005.61
	1004.32	0.00	16.10	1016.60
	1004.33	0.00	16.15	1018.60
	1004.34	0.00	16.22	1020.59
	1004.35	0.00	16.25	1015.61
	1004.37	0.00	16.30	1009.59
	1004.38	0.00	16.28	1000.60
	1004.39	0.00	16.24	964.61
	1004.40	0.00	16.19	952.62
	1004.41	0.00	16.08	931.62
	1004.42	0.00	15.95	916.63
	1004.44	0.00	15.88	897.63
	1004.45	0.00	15.74	878.64
	1004.46	0.00	15.69	878.64
	1004.47	0.00	15.64	867.63
	1004.48	0.00	15.87	838.59
	1004.49	0.00	15.76	826.62
	1004.51	0.00	15.47	829.63
	1004.52	0.00	15.11	787.64
	1004.53	0.00	15.01	762.64
	1004.54	0.00	14.94	758.69
	1004.55	0.00	14.88	763.76
	1004.56	0.00	14.95	779.76
	1004.58	0.00	14.95	772.74
	1004.59	0.00	14.94	776.75
	1004.60	0.00	14.95	779.75
	1004.61	0.00	14.95	782.75
	1004.62	0.00	14.95	783.75
	1004.63	0.00	14.95	782.75
	1004.64	0.00	14.92	784.76
	1004.66	0.00	14.87	769.76
	1004.67	0.00	14.89	768.74
	1004.68	0.00	14.87	769.76
	1004.69	0.00	14.86	764.75
	1004.70	0.00	14.86	765.75
	1004.71	0.00	14.86	765.75
	1004.73	0.00	14.89	771.75
	1004.74	0.00	14.88	776.76
	1004.75	0.00	14.89	779.76
	1004.76	0.00	14.89	776.75
	1004.77	0.00	14.88	778.75
	1004.78	0.00	14.89	773.73
	1004.79	0.00	14.88	771.73
	1004.81	0.00	14.89	773.73
	1004.82	0.00	14.88	775.74
	1004.83	0.00	14.92	795.73
	1004.84	0.00	14.90	776.73
	1004.85	0.00	14.88	776.74
	1004.86	0.00	14.87	775.75
	1004.88	0.00	14.86	776.76
	1004.89	0.00	14.85	775.76
	1004.90	0.00	14.86	773.76
	1004.91	0.00	14.84	773.76
	1004.92	0.00	14.84	775.77
	1004.93	0.00	14.85	774.77
	1004.95	0.00	14.82	775.77
	1004.96	0.00	14.83	773.77
	1004.97	0.00	14.84	775.77
	1004.98	0.00	14.83	777.77
	1004.99	0.00	14.81	772.78
	1005.00	0.00	14.82	774.78
	1005.02	0.00	14.76	760.78
	1005.03	0.00	14.78	763.79
	1005.04	0.00	14.77	762.80
	1005.05	0.00	14.75	783.81
	1005.06	0.00	14.62	802.90
	1005.07	0.00	14.33	831.04
	1005.08	0.00	14.14	848.14
	1005.10	0.00	14.05	862.21
	1005.11	0.00	14.04	867.24
	1005.12	0.00	14.04	872.27
	1005.13	0.00	14.06	874.28
	1005.14	0.00	14.10	879.28
	1005.15	0.00	14.13	884.27
	1005.17	0.00	14.15	888.26
	1005.18	0.00	14.17	893.26
	1005.19	0.00	14.16	894.27
	1005.20	0.00	14.18	898.27
	1005.21	0.00	14.16	903.29
	1005.22	0.00	14.13	902.29
	1005.24	0.00	14.09	907.31
	1005.25	0.00	14.07	911.33
	1005.26	0.00	13.96	939.35
	1005.27	0.00	13.94	943.36
	1005.28	0.00	13.87	947.39
	1005.29	0.00	13.80	952.42
	1005.30	0.00	13.78	955.44
	1005.32	0.00	13.74	962.46
	1005.33	0.00	13.72	964.47
	1005.34	0.00	13.69	968.49
	1005.35	0.00	13.68	969.49
	1005.36	0.00	13.65	969.49
	1005.38	0.00	13.64	973.49
	1005.39	0.00	13.62	971.49
	1005.40	0.00	13.61	978.50.00	15.00	833.73
	1012.37	0.00	14.98	827.73
	1012.39	0.00	14.96	816.73
	1012.40	0.00	14.96	811.72
	1012.41	0.00	14.94	810.73
	1012.42	0.00	14.93	807.73
	1012.43	0.00	14.95	808.72
	1012.44	0.00	14.94	809.73
	1012.46	0.00	14.95	811.73
	1012.47	0.00	14.95	812.73
	1012.48	0.00	14.95	813.74
	1012.49	0.00	14.95	812.75
	1012.50	0.00	14.95	816.76
	1012.51	0.00	14.93	813.76
	1012.53	0.00	14.92	812.77
	1012.54	0.00	14.88	798.76
	1012.55	0.00	14.84	789.76
	1012.56	0.00	14.89	800.76
	1012.57	0.00	14.89	802.77
	1012.58	0.00	14.88	801.77
	1012.59	0.00	14.90	806.77
	1012.61	0.00	14.89	806.78
	1012.62	0.00	14.91	806.78
	1012.63	0.00	14.92	809.78
	1012.64	0.00	14.91	808.78
	1012.65	0.00	14.91	807.78
	1012.66	0.00	14.91	809.79
	1012.68	0.00	14.92	809.78
	1012.69	0.00	14.91	810.79
	1012.70	0.00	14.92	812.79
	1012.71	0.00	14.92	813.78
	1012.72	0.00	14.85	794.78
	1012.73	0.00	14.87	798.78
	1012.75	0.00	14.88	807.78
	1012.76	0.00	14.89	804.78
	1012.77	0.00	14.89	801.78
	1012.78	0.00	14.89	800.78
	1012.79	0.00	14.91	810.78
	1012.80	0.00	14.92	811.78
	1012.82	0.00	14.91	810.78
	1012.83	0.00	14.93	809.77
	1012.84	0.00	14.92	812.78
	1012.85	0.00	14.92	812.79
	1012.86	0.00	14.92	812.79
	1012.87	0.00	14.94	815.78
	1012.89	0.00	14.93	815.79
	1012.90	0.00	14.93	815.79
	1012.91	0.00	14.89	804.79
	1012.92	0.00	14.91	809.79
	1012.93	0.00	14.91	810.80
	1012.94	0.00	14.91	812.80
	1012.96	0.00	14.91	813.80
	1012.97	0.00	14.91	813.80
	1012.98	0.00	14.91	813.80
	1012.99	0.00	14.91	814.80
	1013.00	0.00	14.91	812.80
	1013.01	0.00	14.91	812.80
	1013.02	0.00	14.90	814.81
	1013.04	0.00	14.92	814.80
	1013.05	0.00	14.91	814.80
	1013.06	0.00	14.91	813.80
	1013.07	0.00	14.93	813.79
	1013.08	0.00	14.92	815.80
	1013.09	0.00	14.91	811.80
	1013.10	0.00	14.91	809.79
	1013.12	0.00	14.92	810.79
	1013.13	0.00	14.94	814.78
	1013.14	0.00	14.94	813.78
	1013.15	0.00	14.93	814.79
	1013.16	0.00	14.94	813.79
	1013.17	0.00	14.95	815.79
	1013.19	0.00	14.91	816.80
	1013.20	0.00	14.84	818.85
	1013.21	0.00	14.77	822.91
	1013.22	0.00	14.55	836.02
	1013.23	0.00	14.34	828.10
	1013.24	0.00	14.20	852.21
	1013.26	0.00	14.10	868.26
	1013.27	0.00	14.02	883.32
	1013.28	0.00	13.90	900.36
	1013.29	0.00	13.85	909.38
	1013.30	0.00	13.81	933.43
	1013.31	0.00	13.75	942.47
	1013.33	0.00	13.66	950.51
	1013.34	0.00	13.30	979.55
	1013.35	0.00	13.16	979.59
	1013.36	0.00	13.04	1016.64
	1013.37	0.00	12.88	1022.68
	1013.38	0.00	12.78	1040.70
	1013.40	0.00	12.65	1058.74
	1013.41	0.00	12.47	1070.78
	1013.42	0.00	12.38	1099.83
	1013.43	0.00	12.23	1119.85
	1013.44	0.00	12.12	1138.89
	1013.45	0.00	12.02	1161.90
	1013.47	0.00	11.92	1175.94
	1013.48	0.00	11.81	1185.97
	1013.49	0.00	11.78	1194.98
	1013.50	0.00	11.73	1202.00
	1013.51	0.00	11.72	1207.00
	1013.52	0.00	11.73	1202.99
	1013.53	0.00	11.77	1198.99
	1013.55	0.00	11.85	1189.97
	1013.56	0.00	11.93	1203.97
	1013.57	0.00	11.99	1197.95
	1013.58	0.00	12.04	1187.95
	1013.59	0.00	12.13	1178.93
	1013.60	0.00	12.15	1179.91
	1013.62	0.00	12.16	1174.91
	1013.63	0.00	12.22	1176.87
	1013.64	0.00	12.27	1166.86
	1013.65	0.00	12.33	1168.85
	1013.66	0.00	12.38	1170.84
	1013.67	0.00	12.44	1169.84
	1013.69	0.00	12.51	1169.83
	1013.70	0.00	12.55	1172.82
	1013.71	0.00	12.61	1169.81
	1013.72	0.00	12.65	1172.81
	1013.73	0.00	12.71	1174.78
	1013.74	0.00	12.75	1183.78
	1013.76	0.00	12.78	1180.77
	1013.77	0.00	12.79	1180.78
	1013.78	0.00	12.81	1177.77
	1013.79	0.00	12.79	1174.78
	1013.80	0.00	12.80	1180.77
	1013.82	0.00	12.79	1175.77
	1013.83	0.00	12.82	1172.78
	1013.84	0.00	12.86	1166.79
	1013.85	0.00	12.88	1163.78
	1013.86	0.00	13.08	1137.78
	1013.87	0.00	13.08	1133.79
	1013.88	0.00	12.92	1152.78
	1013.90	0.00	12.91	1149.78
	1013.91	0.00	12.92	1149.78
	1013.92	0.00	13.10	1132.79
	1013.93	0.00	13.08	1132.79
	1013.94	0.00	13.10	1128.75
	1013.95	0.00	13.07	1133.77
	1013.97	0.00	13.09	1139.77
	1013.98	0.00	13.08	1141.77
	1013.99	0.00	13.07	1136.77
	1014.00	0.00	12.90	1162.77
	1014.01	0.00	12.89	1157.77
	1014.02	0.00	13.07	1140.77
	1014.04	0.00	13.10	1137.76
	1014.05	0.00	13.12	1137.75
	1014.06	0.00	12.92	1155.76
	1014.07	0.00	12.89	1152.77
	1014.08	0.00	12.90	1149.77
	1014.09	0.00	12.92	1134.75
	1014.11	0.00	13.15	1095.72
	1014.12	0.00	13.22	1069.68
	1014.13	0.00	13.30	1041.63
	1014.14	0.00	13.42	1013.58
	1014.15	0.00	13.60	963.52
	1014.16	0.00	13.71	938.45
	1014.17	0.00	13.87	923.40
	1014.19	0.00	14.09	900.32
	1014.20	0.00	14.23	886.23
	1014.21	0.00	14.37	874.17
	1014.22	0.00	14.38	873.13
	1014.23	0.00	14.47	866.07
	1014.25	0.00	14.51	858.02
	1014.26	0.00	14.56	860.00
	1014.27	0.00	14.60	861.99
	1014.28	0.00	14.60	856.98
	1014.29	0.00	14.62	854.97
	1014.30	0.00	14.60	847.97
	1014.32	0.00	14.60	843.96
	1014.33	0.00	14.62	850.96
	1014.34	0.