7.00
	1177.97	0.00	7.10	780.00
	1177.98	0.00	7.11	777.00
	1177.99	0.00	7.12	773.00
	1178.00	0.00	7.14	775.00
	1178.02	0.00	7.15	774.00
	1178.03	0.00	7.19	776.00
	1178.04	0.00	7.21	775.00
	1178.05	0.00	7.20	775.00
	1178.06	0.00	7.20	775.00
	1178.07	0.00	7.23	775.00
	1178.08	0.00	7.25	775.00
	1178.09	0.00	7.30	770.00
	1178.11	0.00	7.57	719.00
	1178.12	0.00	7.64	721.00
	1178.13	0.00	7.62	720.00
	1178.14	0.00	7.36	773.00
	1178.15	0.00	7.36	776.00
	1178.17	0.00	7.39	780.00
	1178.18	0.00	7.39	779.00
	1178.19	0.00	7.39	780.00
	1178.20	0.00	7.41	779.00
	1178.21	0.00	7.41	776.00
	1178.22	0.00	7.41	776.00
	1178.23	0.00	7.42	775.00
	1178.25	0.00	7.67	723.00
	1178.26	0.00	7.66	723.00
	1178.27	0.00	7.37	774.00
	1178.28	0.00	7.35	774.00
	1178.29	0.00	7.33	774.00
	1178.30	0.00	7.32	776.00
	1178.31	0.00	7.31	778.00
	1178.33	0.00	7.28	782.00
	1178.34	0.00	7.26	789.00
	1178.35	0.00	7.26	793.00
	1178.36	0.00	7.23	796.00
	1178.37	0.00	7.24	797.00
	1178.39	0.00	7.26	797.00
	1178.40	0.00	7.27	796.00
	1178.41	0.00	7.24	795.00
	1178.42	0.00	7.27	794.00
	1178.43	0.00	7.26	793.00
	1178.44	0.00	7.25	794.00
	1178.45	0.00	7.26	794.00
	1178.47	0.00	7.31	800.00
	1178.48	0.00	7.32	798.00
	1178.49	0.00	7.32	798.00
	1178.50	0.00	7.31	794.00
	1178.51	0.00	7.38	795.00
	1178.52	0.00	7.39	792.00
	1178.54	0.00	7.43	789.00
	1178.55	0.00	7.45	787.00
	1178.56	0.00	7.74	731.00
	1178.57	0.00	7.71	725.00
	1178.58	0.00	7.70	722.00
	1178.59	0.00	7.70	720.00
	1178.60	0.00	7.71	718.00
	1178.62	0.00	7.71	713.00
	1178.63	0.00	7.72	709.00
	1178.64	0.00	7.75	707.00
	1178.65	0.00	7.76	707.00
	1178.66	0.00	7.76	706.00
	1178.68	0.00	7.75	706.00
	1178.69	0.00	7.71	708.00
	1178.70	0.00	7.72	713.00
	1178.71	0.00	7.66	718.00
	1178.72	0.00	7.35	772.00
	1178.73	0.00	7.29	775.00
	1178.74	0.00	7.31	778.00
	1178.76	0.00	7.29	782.00
	1178.77	0.00	7.30	787.00
	1178.78	0.00	7.28	789.00
	1178.79	0.00	7.28	792.00
	1178.80	0.00	7.25	792.00
	1178.81	0.00	7.27	800.00
	1178.82	0.00	7.23	797.00
	1178.84	0.00	7.26	797.00
	1178.85	0.00	7.28	797.00
	1178.86	0.00	7.29	796.00
	1178.87	0.00	7.28	801.00
	1178.88	0.00	7.23	809.00
	1178.90	0.00	7.21	817.00
	1178.91	0.00	7.20	831.00
	1178.92	0.00	7.20	844.00
	1178.93	0.00	7.16	849.00
	1178.94	0.00	7.12	849.00
	1178.95	0.00	7.13	849.00
	1178.96	0.00	7.12	848.00
	1178.98	0.00	7.15	850.00
	1178.99	0.00	7.16	846.00
	1179.00	0.00	7.17	844.00
	1179.01	0.00	7.19	841.00
	1179.02	0.00	7.22	835.00
	1179.03	0.00	7.22	828.00
	1179.05	0.00	7.23	823.00
	1179.06	0.00	7.22	815.00
	1179.07	0.00	7.20	807.00
	1179.08	0.00	7.25	798.00
	1179.09	0.00	7.26	785.00
	1179.10	0.00	7.54	716.00
	1179.11	0.00	7.56	696.00
	1179.13	0.00	7.61	665.00
	1179.14	0.00	7.65	630.00
	1179.15	0.00	6.66	546.00
	1179.16	0.00	6.62	514.00
	1179.17	0.00	6.55	486.00
	1179.19	0.00	6.52	462.00
	1179.20	0.00	6.51	440.00
	1179.21	0.00	6.51	419.00
	1179.22	0.00	5.77	304.00
	1179.23	0.00	5.80	295.00
	1179.24	0.00	5.79	285.00
	1179.25	0.00	5.81	277.00
	1179.27	0.00	5.85	274.00
	1179.28	0.00	5.91	222.00
	1179.29	0.00	5.92	220.00
	1179.30	0.00	5.92	220.00
	1179.31	0.00	6.22	169.00
	1179.32	0.00	6.23	169.00
	1179.33	0.00	6.21	168.00
	1179.35	0.00	6.27	169.00
	1179.36	0.00	6.29	170.00
	1179.37	0.00	6.29	170.00
	1179.38	0.00	6.29	170.00
	1179.39	0.00	6.29	170.00
	1179.41	0.00	6.29	170.00
	1179.42	0.00	6.31	170.00
	1179.43	0.00	6.31	170.00
	1179.44	0.00	6.31	170.00
	1179.45	0.00	6.31	170.00
	1179.46	0.00	6.28	170.00
	1179.47	0.00	6.29	170.00
	1179.49	0.00	6.29	170.00
	1179.50	0.00	6.29	170.00
	1179.51	0.00	6.29	170.00
	1179.52	0.00	6.30	169.00
	1179.53	0.00	6.25	168.00
	1179.54	0.00	6.26	168.00
	1179.55	0.00	6.25	167.00
	1179.57	0.00	6.30	169.00
	1179.58	0.00	6.30	169.00
	1179.59	0.00	6.37	172.00
	1179.60	0.00	6.34	171.00
	1179.61	0.00	6.37	172.00
	1179.62	0.00	6.38	172.00
	1179.64	0.00	6.07	222.00
	1179.65	0.00	6.39	172.00
	1179.66	0.00	6.07	222.00
	1179.67	0.00	6.06	224.00
	1179.68	0.00	6.06	224.00
	1179.69	0.00	6.07	226.00
	1179.70	0.00	6.01	277.00
	1179.72	0.00	6.00	280.00
	1179.73	0.00	5.99	283.00
	1179.74	0.00	5.97	287.00
	1179.75	0.00	5.94	291.00
	1179.76	0.00	5.97	299.00
	1179.77	0.00	5.94	305.00
	1179.79	0.00	5.95	309.00
	1179.80	0.00	5.92	315.00
	1179.81	0.00	5.90	327.00
	1179.82	0.00	5.88	339.00
	1179.83	0.00	5.85	351.00
	1179.84	0.00	5.84	366.00
	1179.85	0.00	5.83	380.00
	1179.87	0.00	5.82	394.00
	1179.88	0.00	5.81	405.00
	1179.89	0.00	5.82	413.00
	1179.90	0.00	5.84	419.00
	1179.91	0.00	5.82	423.00
	1179.92	0.00	5.85	427.00
	1179.94	0.00	5.78	428.00
	1179.95	0.00	5.78	428.00
	1179.96	0.00	5.78	426.00
	1179.97	0.00	5.79	423.00
	1179.98	0.00	5.80	422.00
	1179.99	0.00	5.80	420.00
	1180.00	0.00	5.80	419.00
	1180.02	0.00	5.80	420.00
	1180.03	0.00	5.61	474.00
	1180.04	0.00	5.56	481.00
	1180.05	0.00	5.52	495.00
	1180.06	0.00	6.26	553.00
	1180.07	0.00	6.26	563.00
	1180.08	0.00	6.23	569.00
	1180.09	0.00	6.16	572.00
	1180.11	0.00	5.42	527.00
	1180.12	0.00	5.39	532.00
	1180.13	0.00	5.41	537.00
	1180.14	0.00	5.40	541.00
	1180.15	0.00	5.40	542.00
	1180.17	0.00	5.40	542.00
	1180.18	0.00	5.41	544.00
	1180.19	0.00	5.18	595.00
	1180.20	0.00	5.19	595.00
	1180.21	0.00	5.19	595.00
	1180.22	0.00	5.19	597.00
	1180.23	0.00	5.20	598.00
	1180.24	0.00	5.49	647.00
	1180.26	0.00	5.50	649.00
	1180.27	0.00	5.52	650.00
	1180.28	0.00	5.52	650.00
	1180.29	0.00	5.54	649.00
	1180.30	0.00	5.54	649.00
	1180.31	0.00	5.54	650.00
	1180.32	0.00	5.53	652.00
	1180.34	0.00	5.51	652.00
	1180.35	0.00	5.51	654.00
	1180.36	0.00	5.49	656.00
	1180.37	0.00	5.47	665.00
	1180.38	0.00	5.46	669.00
	1180.39	0.00	5.44	675.00
	1180.41	0.00	5.44	683.00
	1180.42	0.00	5.40	689.00
	1180.43	0.00	5.39	692.00
	1180.44	0.00	5.40	690.00
	1180.45	0.00	5.39	689.00
	1180.46	0.00	5.11	636.00
	1180.48	0.00	5.11	639.00
	1180.49	0.00	5.10	641.00
	1180.50	0.00	5.10	642.00
	1180.51	0.00	5.11	642.00
	1180.52	0.00	5.11	642.00
	1180.53	0.00	5.11	641.00
	1180.55	0.00	5.11	640.00
	1180.56	0.00	5.11	641.00
	1180.57	0.00	5.11	644.00
	1180.58	0.00	5.09	645.00
	1180.59	0.00	5.10	644.00
	1180.60	0.00	5.10	642.00
	1180.61	0.00	5.12	635.00
	1180.63	0.00	5.12	620.00
	1180.64	0.00	5.13	606.00
	1180.65	0.00	5.19	588.00
	1180.66	0.00	5.21	569.00
	1180.67	0.00	5.45	505.00
	1180.68	0.00	5.49	486.00
	1180.69	0.00	5.53	464.00
	1180.71	0.00	5.58	444.00
	1180.72	0.00	5.60	431.00
	1180.73	0.00	5.60	418.00
	1180.74	0.00	5.82	353.00
	1180.75	0.00	5.83	346.00
	1180.76	0.00	5.85	337.00
	1180.78	0.00	5.86	330.00
	1180.79	0.00	5.85	325.00
	1180.80	0.00	5.87	321.00
	1180.81	0.00	5.89	319.00
	1180.82	0.00	5.89	316.00
	1180.83	0.00	5.88	313.00
	1180.84	0.00	5.87	312.00
	1180.86	0.00	5.96	315.00
	1180.87	0.00	5.97	317.00
	1180.88	0.00	5.97	316.00
	1180.89	0.00	5.96	315.00
	1180.90	0.00	5.96	314.00
	1180.91	0.00	5.98	315.00
	1180.93	0.00	5.97	314.00
	1180.94	0.00	5.97	314.00
	1180.95	0.00	5.95	313.00
	1180.96	0.00	5.97	313.00
	1180.97	0.00	5.97	313.00
	1180.98	0.00	5.97	313.00
	1180.99	0.00	5.97	313.00
	1181.01	0.00	5.97	313.00
	1181.02	0.00	5.99	315.00
	1181.03	0.00	6.00	315.00
	1181.04	0.00	5.99	315.00
	1181.05	0.00	6.00	314.00
	1181.06	0.00	5.99	315.00
	1181.07	0.00	6.00	315.00
	1181.09	0.00	6.01	316.00
	1181.10	0.00	6.03	319.00
	1181.11	0.00	5.95	318.00
	1181.12	0.00	5.95	320.00
	1181.13	0.00	5.95	321.00
	1181.14	0.00	5.92	323.00
	1181.16	0.00	5.91	326.00
	1181.17	0.00	5.91	327.00
	1181.18	0.00	5.91	328.00
	1181.19	0.00	5.91	328.00
	1181.20	0.00	5.93	328.00
	1181.21	0.00	5.93	330.00
	1181.22	0.00	5.94	329.00
	1181.24	0.00	5.94	328.00
	1181.25	0.00	5.94	326.00
	1181.26	0.00	5.94	326.00
	1181.27	0.00	5.94	329.00
	1181.28	0.00	5.91	329.00
	1181.29	0.00	5.92	329.00
	1181.31	0.00	5.86	328.00
	1181.32	0.00	5.86	329.00
	1181.33	0.00	5.87	329.00
	1181.34	0.00	5.86	330.00
	1181.35	0.00	5.85	332.00
	1181.36	0.00	5.85	333.00
	1181.37	0.00	5.85	334.00
	1181.39	0.00	5.84	336.00
	1181.40	0.00	5.83	337.00
	1181.41	0.00	5.86	338.00
	1181.42	0.00	5.83	339.00
	1181.43	0.00	5.85	339.00
	1181.44	0.00	5.85	340.00
	1181.45	0.00	5.82	340.00
	1181.47	0.00	5.84	341.00
	1181.48	0.00	5.82	342.00
	1181.49	0.00	5.83	344.00
	1181.50	0.00	5.83	347.00
	1181.51	0.00	5.84	347.00
	1181.52	0.00	5.82	349.00
	1181.54	0.00	5.80	352.00
	1181.55	0.00	5.80	357.00
	1181.56	0.00	5.77	361.00
	1181.57	0.00	5.76	367.00
	1181.58	0.00	5.74	374.00
	1181.59	0.00	5.74	380.00
	1181.60	0.00	5.74	390.00
	1181.62	0.00	5.73	398.00
	1181.63	0.00	5.54	459.00
	1181.64	0.00	5.54	472.00
	1181.65	0.00	5.51	483.00
	1181.66	0.00	5.49	495.00
	1181.67	0.00	5.84	563.00
	1181.69	0.00	5.82	574.00
	1181.70	0.00	5.83	587.00
	1181.71	0.00	5.85	600.00
	1181.72	0.00	5.87	611.00
	1181.73	0.00	5.67	667.00
	1181.74	0.00	5.66	672.00
	1181.76	0.00	5.67	678.00
	1181.77	0.00	5.67	684.00
	1181.78	0.00	5.68	685.00
	1181.79	0.00	5.69	686.00
	1181.80	0.00	5.68	692.00
	1181.81	0.00	5.67	690.00
	1181.82	0.00	5.69	690.00
	1181.84	0.00	5.68	692.00
	1181.85	0.00	5.66	692.00
	1181.86	0.00	5.66	692.00
	1181.87	0.00	5.66	691.00
	1181.88	0.00	5.65	695.00
	1181.89	0.00	5.64	694.00
	1181.90	0.00	5.64	697.00
	1181.92	0.00	5.63	696.00
	1181.93	0.00	5.62	693.00
	1181.94	0.00	5.64	691.00
	1181.95	0.00	5.68	688.00
	1181.96	0.00	5.67	687.00
	1181.97	0.00	5.67	683.00
	1181.98	0.00	5.67	683.00
	1182.00	0.00	5.67	679.00
	1182.01	0.00	5.64	686.00
	1182.02	0.00	5.65	687.00
	1182.03	0.00	5.66	683.00
	1182.04	0.00	5.64	681.00
	1182.05	0.00	5.64	682.00
	1182.06	0.00	5.64	678.00
	1182.08	0.00	5.63	675.00
	1182.09	0.00	5.64	674.00
	1182.10	0.00	5.64	674.00
	1182.11	0.00	5.63	675.00
	1182.12	0.00	5.63	674.00
	1182.13	0.00	5.62	674.00
	1182.15	0.00	5.60	673.00
	1182.16	0.00	5.59	673.00
	1182.17	0.00	5.59	672.00
	1182.18	0.00	5.59	672.00
	1182.19	0.00	5.57	669.00
	1182.20	0.00	5.56	671.00
	1182.21	0.00	5.56	670.00
	1182.23	0.00	5.56	671.00
	1182.24	0.00	5.56	670.00
	1182.25	0.00	5.56	671.00
	1182.26	0.00	5.56	670.00
	1182.27	0.00	5.55	670.00
	1182.28	0.00	5.54	668.00
	1182.30	0.00	5.52	667.00
	1182.31	0.00	5.50	665.00
	1182.32	0.00	5.49	665.00
	1182.33	0.00	5.48	659.00
	1182.34	0.00	5.47	653.00
	1182.35	0.00	5.18	603.00
	1182.36	0.00	5.18	604.00
	1182.38	0.00	5.19	602.00
	1182.39	0.00	5.19	600.00
	1182.40	0.00	5.18	601.00
	1182.41	0.00	5.18	604.00
	1182.42	0.00	5.17	602.00
	1182.43	0.00	5.18	601.00
	1182.44	0.00	5.20	597.00
	1182.45	0.00	5.20	597.00
	1182.47	0.00	5.19	593.00
	1182.48	0.00	5.21	592.00
	1182.49	0.00	5.19	588.00
	1182.50	0.00	5.21	587.00
	1182.51	0.00	5.22	586.00
	1182.53	0.00	5.16	585.00
	1182.54	0.00	5.16	588.00
	1182.55	0.00	5.17	587.00
	1182.56	0.00	5.18	578.00
	1182.57	0.00	5.41	522.00
	1182.58	0.00	5.43	516.00
	1182.59	0.00	5.44	510.00
	1182.60	0.00	5.45	502.00
	1182.62	0.00	5.46	495.00
	1182.63	0.00	5.48	491.00
	1182.64	0.00	5.49	487.00
	1182.65	0.00	5.48	480.00
	1182.66	0.00	5.50	478.00
	1182.67	0.00	5.49	474.00
	1182.69	0.00	5.49	471.00
	1182.70	0.00	5.49	470.00
	1182.71	0.00	5.49	470.00
	1182.72	0.00	5.49	469.00
	1182.73	0.00	5.49	469.00
	1182.74	0.00	5.50	466.00
	1182.75	0.00	5.49	469.00
	1182.77	0.00	5.48	469.00
	1182.78	0.00	5.47	469.00
	1182.79	0.00	5.47	470.00
	1182.80	0.00	5.50	472.00
	1182.81	0.00	5.51	472.00
	1182.82	0.00	5.51	472.00
	1182.83	0.00	5.51	475.00
	1182.85	0.00	5.51	475.00
	1182.86	0.00	5.51	475.00
	1182.87	0.00	5.51	475.00
	1182.88	0.00	5.50	473.00
	1182.89	0.00	5.50	472.00
	1182.90	0.00	5.51	469.00
	1182.92	0.00	5.49	469.00
	1182.93	0.00	5.50	468.00
	1182.94	0.00	5.50	464.00
	1182.95	0.00	5.52	463.00
	1182.96	0.00	5.59	464.00
	1182.97	0.00	5.60	461.00
	1182.98	0.00	5.61	457.00
	1183.00	0.00	5.59	463.00
	1183.01	0.00	5.58	463.00
	1183.02	0.00	5.61	458.00
	1183.03	0.00	5.60	455.00
	1183.04	0.00	5.62	451.00
	1183.05	0.00	5.63	445.00
	1183.06	0.00	5.65	439.00
	1183.08	0.00	5.64	434.00
	1183.09	0.00	5.67	430.00
	1183.10	0.00	5.69	426.00
	1183.11	0.00	5.69	422.00
	1183.12	0.00	5.69	419.00
	1183.13	0.00	5.70	415.00
	1183.15	0.00	5.72	411.00
	1183.16	0.00	5.72	408.00
	1183.17	0.00	5.73	406.00
	1183.18	0.00	5.93	353.00
	1183.19	0.00	5.72	401.00
	1183.20	0.00	5.87	350.00
	1183.21	0.00	5.87	351.00
	1183.22	0.00	5.88	386.00
	1192.18	0.00	5.68	386.00
	1192.20	0.00	5.88	336.0015	0.00	5.89	335.00
	1192.16	0.00	5.68	385.00
	1192.17	0.00	5.68	386.00
	1192.18	0.00	5.68	386.00
	1192.20	0.00	5.88	336.00
	1192.21	0.00	5.88	336.00
	1192.22	0.00	5.87	336.00
	1192.23	0.00	5.95	339.00
	1192.24	0.00	5.95	340.00
	1192.25	0.00	5.96	339.00
	1192.26	0.00	5.75	390.00
	1192.28	0.00	5.76	391.00
	1192.29	0.00	5.76	392.00
	1192.30	0.00	5.76	391.00
	1192.31	0.00	5.76	391.00
	1192.32	0.00	5.75	388.00
	1192.33	0.00	5.76	388.00
	1192.34	0.00	5.76	389.00
	1192.36	0.00	5.76	388.00
	1192.37	0.00	5.97	338.00
	1192.38	0.00	5.76	388.00
	1192.39	0.00	5.96	338.00
	1192.40	0.00	5.76	388.00
	1192.42	0.00	5.76	389.00
	1192.43	0.00	5.76	389.00
	1192.44	0.00	5.76	388.00
	1192.45	0.00	5.76	388.00
	1192.46	0.00	5.76	389.00
	1192.47	0.00	5.76	388.00
	1192.48	0.00	5.76	388.00
	1192.50	0.00	5.76	389.00
	1192.51	0.00	5.76	388.00
	1192.52	0.00	5.77	387.00
	1192.53	0.00	5.78	390.00
	1192.54	0.00	5.79	387.00
	1192.55	0.00	5.79	386.00
	1192.56	0.00	5.78	386.00
	1192.58	0.00	5.99	335.00
	1192.59	0.00	5.78	385.00
	1192.60	0.00	5.73	385.00
	1192.61	0.00	5.73	383.00
	1192.62	0.00	5.73	382.00
	1192.63	0.00	5.94	332.00
	1192.65	0.00	5.93	334.00
	1192.66	0.00	5.93	334.00
	1192.67	0.00	5.93	334.00
	1192.68	0.00	5.92	335.00
	1192.69	0.00	5.92	335.00
	1192.70	0.00	5.93	334.00
	1192.71	0.00	5.94	335.00
	1192.73	0.00	5.93	333.00
	1192.74	0.00	5.94	334.00
	1192.75	0.00	5.93	334.00
	1192.76	0.00	5.75	386.00
	1192.77	0.00	5.92	336.00
	1192.78	0.00	5.92	335.00
	1192.80	0.00	5.72	385.00
	1192.81	0.00	5.73	385.00
	1192.82	0.00	5.72	383.00
	1192.83	0.00	5.67	384.00
	1192.84	0.00	5.86	334.00
	1192.85	0.00	5.88	335.00
	1192.86	0.00	5.86	335.00
	1192.88	0.00	5.86	335.00
	1192.89	0.00	5.86	334.00
	1192.90	0.00	5.86	334.00
	1192.91	0.00	5.88	335.00
	1192.92	0.00	5.87	335.00
	1192.93	0.00	5.86	335.00
	1192.94	0.00	5.86	335.00
	1192.96	0.00	5.87	334.00
	1192.97	0.00	5.86	335.00
	1192.98	0.00	5.87	334.00
	1192.99	0.00	5.87	335.00
	1193.00	0.00	5.87	335.00
	1193.02	0.00	5.87	335.00
	1193.03	0.00	5.87	335.00
	1193.04	0.00	5.87	335.00
	1193.05	0.00	5.86	335.00
	1193.06	0.00	5.85	334.00
	1193.07	0.00	5.87	333.00
	1193.08	0.00	5.86	335.00
	1193.09	0.00	5.85	335.00
	1193.11	0.00	5.85	336.00
	1193.12	0.00	5.91	338.00
	1193.13	0.00	5.91	337.00
	1193.14	0.00	5.91	336.00
	1193.15	0.00	5.90	335.00
	1193.16	0.00	5.89	337.00
	1193.18	0.00	5.90	337.00
	1193.19	0.00	5.90	337.00
	1193.20	0.00	5.90	337.00
	1193.21	0.00	5.92	338.00
	1193.22	0.00	5.91	340.00
	1193.23	0.00	5.90	340.00
	1193.24	0.00	5.89	340.00
	1193.26	0.00	5.91	339.00
	1193.27	0.00	5.91	339.00
	1193.28	0.00	5.91	338.00
	1193.29	0.00	5.92	338.00
	1193.30	0.00	5.91	338.00
	1193.31	0.00	5.88	337.00
	1193.32	0.00	5.90	338.00
	1193.34	0.00	5.90	338.00
	1193.35	0.00	5.89	339.00
	1193.36	0.00	5.89	340.00
	1193.37	0.00	5.90	341.00
	1193.38	0.00	5.90	341.00
	1193.40	0.00	5.90	342.00
	1193.41	0.00	5.89	341.00
	1193.42	0.00	5.87	345.00
	1193.43	0.00	5.64	398.00
	1193.44	0.00	5.66	400.00
	1193.45	0.00	5.67	398.00
	1193.46	0.00	5.90	346.00
	1193.48	0.00	5.96	347.00
	1193.49	0.00	5.97	342.00
	1193.50	0.00	5.97	339.00
	1193.51	0.00	5.95	335.00
	1193.52	0.00	5.98	333.00
	1193.53	0.00	5.99	335.00
	1193.54	0.00	5.98	332.00
	1193.56	0.00	5.99	333.00
	1193.57	0.00	5.99	333.00
	1193.58	0.00	6.00	333.00
	1193.59	0.00	5.98	333.00
	1193.60	0.00	5.98	333.00
	1193.61	0.00	5.98	333.00
	1193.63	0.00	5.99	333.00
	1193.64	0.00	5.98	333.00
	1193.65	0.00	5.98	333.00
	1193.66	0.00	5.99	333.00
	1193.67	0.00	5.99	332.00
	1193.68	0.00	5.99	333.00
	1193.69	0.00	5.99	333.00
	1193.71	0.00	5.98	333.00
	1193.72	0.00	5.99	334.00
	1193.73	0.00	5.98	334.00
	1193.74	0.00	5.99	335.00
	1193.75	0.00	5.98	336.00
	1193.76	0.00	5.97	337.00
	1193.78	0.00	5.99	336.00
	1193.79	0.00	5.98	338.00
	1193.80	0.00	5.97	339.00
	1193.81	0.00	5.97	338.00
	1193.82	0.00	5.98	340.00
	1193.83	0.00	5.99	341.00
	1193.84	0.00	6.00	341.00
	1193.86	0.00	6.00	342.00
	1193.87	0.00	5.78	394.00
	1193.88	0.00	5.74	393.00
	1193.89	0.00	5.71	396.00
	1193.90	0.00	5.72	396.00
	1193.91	0.00	5.71	399.00
	1193.93	0.00	5.71	399.00
	1193.94	0.00	5.71	398.00
	1193.95	0.00	5.70	399.00
	1193.96	0.00	5.69	402.00
	1193.97	0.00	5.68	404.00
	1193.98	0.00	5.69	406.00
	1193.99	0.00	5.68	407.00
	1194.01	0.00	5.68	408.00
	1194.02	0.00	5.68	410.00
	1194.03	0.00	5.68	411.00
	1194.04	0.00	5.67	411.00
	1194.05	0.00	5.69	411.00
	1194.06	0.00	5.69	411.00
	1194.07	0.00	5.69	410.00
	1194.09	0.00	5.70	409.00
	1194.10	0.00	5.69	412.00
	1194.11	0.00	5.68	415.00
	1194.12	0.00	5.67	413.00
	1194.13	0.00	5.68	416.00
	1194.14	0.00	5.67	415.00
	1194.16	0.00	5.67	415.00
	1194.17	0.00	5.68	415.00
	1194.18	0.00	5.62	413.00
	1194.19	0.00	5.61	414.00
	1194.20	0.00	5.61	414.00
	1194.21	0.00	5.61	414.00
	1194.22	0.00	5.62	412.00
	1194.23	0.00	5.62	411.00
	1194.25	0.00	5.63	409.00
	1194.26	0.00	5.63	409.00
	1194.27	0.00	5.63	408.00
	1194.28	0.00	5.63	408.00
	1194.29	0.00	5.64	409.00
	1194.31	0.00	5.65	408.00
	1194.32	0.00	5.64	408.00
	1194.33	0.00	5.63	409.00
	1194.34	0.00	5.63	408.00
	1194.35	0.00	5.63	408.00
	1194.36	0.00	5.63	408.00
	1194.37	0.00	5.64	407.00
	1194.39	0.00	5.63	408.00
	1194.40	0.00	5.64	407.00
	1194.41	0.00	5.64	407.00
	1194.42	0.00	5.64	406.00
	1194.43	0.00	5.64	407.00
	1194.44	0.00	5.62	405.00
	1194.45	0.00	5.64	406.00
	1194.47	0.00	5.64	405.00
	1194.48	0.00	5.65	404.00
	1194.49	0.00	5.64	405.00
	1194.50	0.00	5.61	406.00
	1194.51	0.00	5.63	406.00
	1194.52	0.00	5.63	406.00
	1194.54	0.00	5.63	406.00
	1194.55	0.00	5.62	405.00
	1194.56	0.00	5.63	405.00
	1194.57	0.00	5.63	404.00
	1194.58	0.00	5.63	404.00
	1194.59	0.00	5.61	404.00
	1194.60	0.00	5.63	404.00
	1194.61	0.00	5.62	405.00
	1194.63	0.00	5.62	405.00
	1194.64	0.00	5.62	405.00
	1194.65	0.00	5.62	406.00
	1194.66	0.00	5.62	406.00
	1194.67	0.00	5.61	407.00
	1194.69	0.00	5.62	407.00
	1194.70	0.00	5.63	408.00
	1194.71	0.00	5.63	408.00
	1194.72	0.00	5.63	409.00
	1194.73	0.00	5.61	409.00
	1194.74	0.00	5.61	409.00
	1194.76	0.00	5.62	410.00
	1194.77	0.00	5.61	409.00
	1194.78	0.00	5.61	411.00
	1194.79	0.00	5.61	412.00
	1194.80	0.00	5.61	412.00
	1194.81	0.00	5.61	413.00
	1194.82	0.00	5.61	413.00
	1194.84	0.00	5.62	414.00
	1194.85	0.00	5.60	414.00
	1194.86	0.00	5.61	412.00
	1194.87	0.00	5.61	414.00
	1194.88	0.00	5.60	415.00
	1194.89	0.00	5.59	414.00
	1194.91	0.00	5.59	416.00
	1194.92	0.00	5.60	417.00
	1194.93	0.00	5.59	417.00
	1194.94	0.00	5.60	417.00
	1194.95	0.00	5.60	418.00
	1194.96	0.00	5.61	418.00
	1194.97	0.00	5.63	420.00
	1194.99	0.00	5.63	421.00
	1195.00	0.00	5.63	420.00
	1195.01	0.00	5.65	420.00
	1195.02	0.00	5.63	418.00
	1195.03	0.00	5.63	420.00
	1195.04	0.00	5.62	423.00
	1195.06	0.00	5.62	422.00
	1195.07	0.00	5.62	423.00
	1195.08	0.00	5.62	424.00
	1195.09	0.00	5.62	424.00
	1195.10	0.00	5.62	424.00
	1195.11	0.00	5.62	424.00
	1195.12	0.00	5.62	424.00
	1195.14	0.00	5.61	424.00
	1195.15	0.00	5.62	424.00
	1195.16	0.00	5.62	423.00
	1195.17	0.00	5.62	423.00
	1195.18	0.00	5.62	423.00
	1195.19	0.00	5.61	424.00
	1195.20	0.00	5.62	423.00
	1195.22	0.00	5.63	421.00
	1195.23	0.00	5.60	420.00
	1195.24	0.00	5.63	420.00
	1195.25	0.00	5.61	421.00
	1195.26	0.00	5.61	422.00
	1195.28	0.00	5.62	420.00
	1195.29	0.00	5.62	421.00
	1195.30	0.00	5.61	421.00
	1195.31	0.00	5.62	419.00
	1195.32	0.00	5.61	418.00
	1195.33	0.00	5.61	419.00
	1195.34	0.00	5.65	419.00
	1195.36	0.00	5.63	418.00
	1195.37	0.00	5.59	416.00
	1195.38	0.00	5.61	417.00
	1195.39	0.00	5.69	419.00
	1195.40	0.00	5.70	417.00
	1195.41	0.00	5.71	415.00
	1195.42	0.00	5.71	416.00
	1195.44	0.00	5.72	413.00
	1195.45	0.00	5.91	362.00
	1195.46	0.00	5.72	413.00
	1195.47	0.00	5.69	418.00
	1195.48	0.00	5.69	417.00
	1195.49	0.00	5.70	416.00
	1195.51	0.00	5.71	415.00
	1195.52	0.00	5.70	413.00
	1195.53	0.00	5.71	415.00
	1195.54	0.00	5.69	415.00
	1195.55	0.00	5.70	415.00
	1195.56	0.00	5.70	414.00
	1195.57	0.00	5.71	414.00
	1195.58	0.00	5.70	414.00
	1195.60	0.00	5.70	414.00
	1195.61	0.00	5.72	412.00
	1195.62	0.00	5.70	415.00
	1195.63	0.00	5.72	415.00
	1195.64	0.00	5.71	414.00
	1195.66	0.00	5.70	414.00
	1195.67	0.00	5.71	414.00
	1195.68	0.00	5.71	414.00
	1195.69	0.00	5.71	414.00
	1195.70	0.00	5.70	414.00
	1195.71	0.00	5.71	412.00
	1195.72	0.00	5.71	412.00
	1195.74	0.00	5.71	412.00
	1195.75	0.00	5.71	412.00
	1195.76	0.00	5.70	413.00
	1195.77	0.00	5.71	412.00
	1195.78	0.00	5.72	411.00
	1195.79	0.00	5.72	411.00
	1195.81	0.00	5.72	411.00
	1195.82	0.00	5.71	411.00
	1195.83	0.00	5.71	411.00
	1195.84	0.00	5.73	411.00
	1195.85	0.00	5.73	412.00
	1195.86	0.00	5.75	412.00
	1195.87	0.00	5.74	410.00
	1195.89	0.00	5.73	410.00
	1195.90	0.00	5.74	408.00
	1195.91	0.00	5.67	408.00
	1195.92	0.00	5.67	407.00
	1195.93	0.00	5.67	406.00
	1195.94	0.00	5.68	404.00
	1195.95	0.00	5.68	404.00
	1195.97	0.00	5.68	402.00
	1195.98	0.00	5.68	402.00
	1195.99	0.00	5.70	402.00
	1196.00	0.00	5.69	402.00
	1196.01	0.00	5.69	398.00
	1196.02	0.00	5.71	398.00
	1196.04	0.00	5.72	398.00
	1196.05	0.00	5.71	399.00
	1196.06	0.00	5.72	397.00
	1196.07	0.00	5.72	397.00
	1196.08	0.00	5.91	346.00
	1196.09	1.00	5.91	345.00
	1196.10	1.00	5.92	344.00
	1196.11	1.00	5.92	344.00
	1196.13	1.00	5.72	397.00
	1196.14	1.00	5.70	395.00
	1196.15	1.00	5.72	396.00
	1196.16	1.00	5.91	345.00
	1196.17	1.00	5.73	393.00
	1196.19	1.00	5.73	393.00
	1196.20	1.00	5.92	341.00
	1196.21	1.00	5.92	342.00
	1196.22	1.00	5.92	341.00
	1196.23	1.00	5.92	339.00
	1196.24	1.00	5.92	339.00
	1196.26	1.00	5.92	338.00
	1196.27	1.00	5.92	337.00
	1196.28	1.00	5.92	337.00
	1196.29	1.00	5.87	335.00
	1196.30	1.00	5.89	336.00
	1196.31	1.00	5.87	335.00
	1196.32	1.00	5.87	334.00
	1196.34	1.00	5.87	334.00
	1196.35	1.00	5.88	334.00
	1196.36	0.00	5.87	334.00
	1196.37	0.00	5.86	335.00
	1196.38	0.00	5.87	333.00
	1196.39	0.00	5.87	334.00
	1196.40	0.00	5.87	334.00
	1196.42	0.00	5.87	333.00
	1196.43	0.00	5.88	333.00
	1196.44	0.00	5.87	333.00
	1196.45	0.00	5.88	333.00
	1196.46	0.00	5.86	334.00
	1196.47	0.00	5.87	334.00
	1196.48	0.00	5.85	334.00
	1196.50	0.00	5.87	333.00
	1196.51	0.00	5.86	334.00
	1196.52	0.00	5.87	333.00
	1196.53	0.00	5.87	333.00
	1196.54	0.00	5.87	333.00
	1196.56	0.00	5.87	333.00
	1196.57	0.00	5.88	333.00
	1196.58	0.00	5.87	333.00
	1196.59	0.00	5.87	333.00
	1196.60	0.00	5.87	333.00
	1196.61	0.00	5.87	334.00
	1196.62	0.00	5.88	335.00
	1196.64	0.00	5.87	333.00
	1196.65	0.00	5.87	333.00
	1196.66	0.00	5.87	333.00
	1196.67	0.00	5.88	333.00
	1196.68	0.00	5.87	334.00
	1196.69	0.00	5.87	333.00
	1196.70	0.00	5.87	332.00
	1196.72	0.00	5.87	334.00
	1196.73	0.00	5.86	334.00
	1196.74	0.00	5.87	335.00
	1196.75	0.00	5.86	335.00
	1196.76	0.00	5.86	335.00
	1196.77	0.00	5.86	336.00
	1196.79	0.00	5.86	335.00
	1196.80	0.00	5.86	336.00
	1196.81	0.00	5.86	336.00
	1196.82	0.00	5.83	335.00
	1196.83	0.00	5.86	337.00
	1196.84	0.00	5.86	336.00
	1196.85	0.00	5.84	336.00
	1196.87	0.00	5.84	336.00
	1196.88	0.00	5.84	337.00
	1196.89	0.00	5.84	336.00
	1196.90	0.00	5.86	338.00
	1196.91	0.00	5.91	338.00
	1196.92	0.00	5.91	339.00
	1196.94	0.00	5.91	340.00
	1196.95	0.00	5.90	340.00
	1196.96	0.00	5.90	341.00
	1196.97	0.00	5.91	341.00
	1196.98	0.00	5.90	343.00
	1196.99	0.00	5.90	343.00
	1197.00	0.00	5.91	343.00
	1197.02	0.00	5.89	345.00
	1197.03	0.00	5.88	345.00
	1197.04	0.00	5.89	345.00
	1197.05	0.00	5.89	345.00
	1197.06	0.00	5.88	347.00
	1197.07	0.00	5.89	347.00
	1197.08	0.00	5.71	398.00
	1197.10	0.00	5.69	400.00
	1197.11	0.00	5.69	400.00
	1197.12	0.00	5.68	402.00
	1197.13	0.00	5.68	404.00
	1197.14	0.00	5.67	407.00
	1197.16	0.00	5.67	407.00
	1197.17	0.00	5.66	408.00
	1197.18	0.00	5.68	411.00
	1197.19	0.00	5.65	410.00
	1197.20	0.00	5.66	412.00
	1197.21	0.00	5.65	411.00
	1197.22	0.00	5.65	411.00
	1197.23	0.00	5.64	411.00
	1197.25	0.00	5.65	411.00
	1197.26	0.00	5.61	410.00
	1197.27	0.00	5.65	412.00
	1197.28	0.00	5.65	411.00
	1197.29	0.00	5.64	415.00
	1197.30	0.00	5.64	413.00
	1197.32	0.00	5.66	414.00
	1197.33	0.00	5.64	413.00
	1197.34	0.00	5.64	410.00
	1197.35	0.00	5.69	411.00
	1197.36	0.00	5.72	412.00
	1197.37	0.00	5.92	358.00
	1197.39	0.00	5.92	358.00
	1197.40	0.00	5.71	412.00
	1197.41	0.00	5.72	412.00
	1197.42	0.00	5.73	411.00
	1197.43	0.00	5.73	410.00
	1197.44	0.00	5.72	410.00
	1197.45	0.00	5.72	409.00
	1197.46	0.00	5.72	409.00
	1197.48	0.00	5.73	408.00
	1197.49	0.00	5.72	408.00
	1197.50	0.00	5.73	407.00
	1197.51	0.00	5.73	407.00
	1197.52	0.00	5.72	408.00
	1197.54	0.00	5.72	409.00
	1197.55	0.00	5.73	409.00
	1197.56	0.00	5.72	408.00
	1197.57	0.00	5.72	408.00
	1197.58	0.00	5.73	406.00
	1197.59	0.00	5.73	405.00
	1197.60	0.00	5.74	404.00
	1197.61	0.00	5.73	403.00
	1197.63	0.00	5.74	402.00
	1197.64	0.00	5.74	402.00
	1197.65	0.00	5.75	401.00
	1197.66	0.00	5.74	400.00
	1197.67	0.00	5.75	398.00
	1197.68	0.00	5.75	397.00
	1197.70	0.00	5.76	397.00
	1197.71	0.00	5.77	397.00
	1197.72	0.00	5.74	394.00
	1197.73	0.00	5.78	393.00
	1197.74	0.00	5.79	392.00
	1197.75	0.00	5.98	341.00
	1197.76	0.00	5.91	338.00
	1197.78	0.00	5.91	337.00
	1197.79	0.00	5.92	336.00
	1197.80	0.00	5.92	336.00
	1197.81	0.00	5.94	336.00
	1197.82	0.00	5.92	336.00
	1197.83	0.00	5.92	336.00
	1197.84	0.00	5.92	337.00
	1197.86	0.00	5.92	336.00
	1197.87	0.00	5.92	335.00
	1197.88	0.00	5.94	335.00
	1197.89	0.00	5.92	335.00
	1197.90	0.00	5.92	335.00
	1197.92	0.00	5.92	335.00
	1197.93	0.00	5.94	334.00
	1197.94	0.00	5.94	334.00
	1197.95	0.00	5.94	334.00
	1197.96	0.00	5.95	333.00
	1197.97	0.00	5.96	332.00
	1197.98	0.00	5.94	332.00
	1198.00	0.00	5.93	336.00
	1198.01	0.00	5.95	335.00
	1198.02	0.00	5.92	334.00
	1198.03	0.00	5.93	334.00
	1198.04	0.00	5.92	333.00
	1198.05	0.00	5.85	332.00
	1198.06	0.00	5.87	333.00
	1198.07	0.00	5.87	333.00
	1198.09	0.00	5.87	333.00
	187	333.00
	1198.20	0.00	5.87	333.00
	1198.21	0.00	5.87	333.00
	1198.22	0.00	5.87	332.00
	1198.24	0.00	5.87	331.00
	1198.25	0.00	5.87	331.00
	1198.26	0.00	5.87	331.00
	1198.27	0.00	5.85	330.00
	1198.28	0.00	5.87	328.00
	1198.29	0.00	5.87	327.00
	1198.31	0.00	5.86	326.00
	1198.32	0.00	5.88	326.00
	1198.33	0.00	5.86	324.00
	1198.34	0.00	5.88	322.00
	1198.35	0.00	5.87	322.00
	1198.36	0.00	5.89	321.00
	1198.37	0.00	5.87	321.00
	1198.39	0.00	5.87	320.00
	1198.40	0.00	5.88	320.00
	1198.41	0.00	5.89	318.00
	1198.42	0.00	5.88	318.00
	1198.43	0.00	5.89	317.00
	1198.44	0.00	5.89	316.00
	1198.45	0.00	5.89	315.00
	1198.47	0.00	5.89	316.00
	1198.48	0.00	5.90	316.00
	1198.49	0.00	5.88	314.00
	1198.50	0.00	5.88	314.00
	1198.51	0.00	5.88	314.00
	1198.53	0.00	5.88	313.00
	1198.54	0.00	5.89	314.00
	1198.55	0.00	5.88	312.00
	1198.56	0.00	5.90	313.00
	1198.57	0.00	5.90	313.00
	1198.58	0.00	5.88	312.00
	1198.59	0.00	5.88	312.00
	1198.61	0.00	5.89	311.00
	1198.62	0.00	5.89	311.00
	1198.63	0.00	5.88	311.00
	1198.64	0.00	5.89	311.00
	1198.65	0.00	5.88	312.00
	1198.66	0.00	5.88	313.00
	1198.68	0.00	5.91	314.00
	1198.69	0.00	5.88	313.00
	1198.70	0.00	5.88	313.00
	1198.71	0.00	5.92	314.00
	1198.72	0.00	5.94	315.00
	1198.73	0.00	5.95	315.00
	1198.75	0.00	5.95	315.00
	1198.76	0.00	5.96	316.00
	1198.77	0.00	5.95	315.00
	1198.78	0.00	5.95	316.00
	1198.79	0.00	5.95	317.00
	1198.80	0.00	5.94	318.00
	1198.81	0.00	5.92	316.00
	1198.83	0.00	5.93	317.00
	1198.84	0.00	5.93	317.00
	1198.85	0.00	5.93	317.00
	1198.86	0.00	5.93	318.00
	1198.87	0.00	5.93	318.00
	1198.88	0.00	5.93	317.00
	1198.90	0.00	5.91	316.00
	1198.91	0.00	5.93	317.00
	1198.92	0.00	5.92	318.00
	1198.93	0.00	5.89	317.00
	1198.94	0.00	5.94	318.00
	1198.95	0.00	5.98	320.00
	1198.96	0.00	6.01	321.00
	1198.98	0.00	6.00	321.00
	1198.99	0.00	6.02	321.00
	1199.00	0.00	6.01	322.00
	1199.01	0.00	6.00	320.00
	1199.02	0.00	6.00	321.00
	1199.03	0.00	6.00	322.00
	1199.05	0.00	6.00	323.00
	1199.06	0.00	5.99	324.00
	1199.07	0.00	6.00	324.00
	1199.08	0.00	6.00	324.00
	1199.09	0.00	6.00	325.00
	1199.10	0.00	6.00	325.00
	1199.11	0.00	6.00	326.00
	1199.13	0.00	5.99	327.00
	1199.14	0.00	5.99	327.00
	1199.15	0.00	5.99	330.00
	1199.16	0.00	5.99	331.00
	1199.17	0.00	6.00	331.00
	1199.18	0.00	6.00	333.00
	1199.19	0.00	5.98	333.00
	1199.21	0.00	5.97	333.00
	1199.22	0.00	6.00	335.00
	1199.23	0.00	5.93	334.00
	1199.24	0.00	5.93	335.00
	1199.25	0.00	5.93	334.00
	1199.26	0.00	5.93	334.00
	1199.28	0.00	5.93	334.00
	1199.29	0.00	5.94	333.00
	1199.30	0.00	5.94	333.00
	1199.31	0.00	5.93	334.00
	1199.32	0.00	5.95	334.00
	1199.33	0.00	5.93	334.00
	1199.34	0.00	5.94	333.00
	1199.36	0.00	5.96	335.00
	1199.37	0.00	5.95	334.00
	1199.38	0.00	5.97	337.00
	1199.39	0.00	5.97	336.00
	1199.40	0.00	5.97	337.00
	1199.41	0.00	5.97	336.00
	1199.43	0.00	5.95	340.00
	1199.44	0.00	5.96	340.00
	1199.45	0.00	5.95	339.00
	1199.46	0.00	5.96	340.00
	1199.47	0.00	5.88	340.00
	1199.48	0.00	5.88	342.00
	1199.50	0.00	5.90	343.00
	1199.51	0.00	5.90	344.00
	1199.52	0.00	5.90	343.00
	1199.53	0.00	5.91	338.00
	1199.54	0.00	5.94	330.00
	1199.55	0.00	5.96	320.00
	1199.56	0.00	5.98	304.00
	1199.58	0.00	6.03	282.00
	1199.59	0.00	6.09	226.00
	1199.60	0.00	6.40	175.00
	1199.61	0.00	6.40	175.00
	1199.62	0.00	6.43	175.00
	1199.63	0.00	6.43	175.00
	1199.65	0.00	6.39	173.00
	1199.66	0.00	6.39	172.00
	1199.67	0.00	6.39	172.00
	1199.68	0.00	6.43	172.00
	1199.69	0.00	6.45	172.00
	1199.70	0.00	6.44	171.00
	1199.71	0.00	6.42	171.00
	1199.73	0.00	6.44	171.00
	1199.74	0.00	6.45	171.00
	1199.75	0.00	6.43	170.00
	1199.76	0.00	6.45	171.00
	1199.77	0.00	6.46	171.00
	1199.78	0.00	6.45	170.00
	1199.80	0.00	6.44	170.00
	1199.81	0.00	6.44	170.00
	1199.82	0.00	6.44	170.00
	1199.83	0.00	6.42	169.00
	1199.84	0.00	6.42	169.00
	1199.85	0.00	6.44	169.00
	1199.86	0.00	6.47	170.00
	1199.88	0.00	6.47	170.00
	1199.89	0.00	6.49	171.00
	1199.90	0.00	6.49	171.00
	1199.91	0.00	6.51	171.00
	1199.92	0.00	6.49	171.00
	1199.93	0.00	6.47	170.00
	1199.94	0.00	6.48	171.00
	1199.96	0.00	6.51	171.00
	1199.97	0.00	6.48	171.00
	1199.98	0.00	6.47	170.00
	1199.99	0.00	6.48	170.00
	1200.00	0.00	6.47	170.00
	1200.02	0.00	6.45	170.00
	1200.03	0.00	6.45	170.00
	1200.04	0.00	6.42	169.00
	1200.05	0.00	6.43	169.00
	1200.06	0.00	6.43	169.00
	1200.07	0.00	6.42	168.00
	1200.08	0.00	6.37	167.00
	1200.10	0.00	6.48	171.00
	1200.11	0.00	6.46	171.00
	1200.12	0.00	6.46	171.00
	1200.13	0.00	6.15	228.00
	1200.14	0.00	6.00	298.00
	1200.15	0.00	5.50	394.00
	1200.16	0.00	5.39	429.00
	1200.18	0.00	5.32	460.00
	1200.19	0.00	5.10	557.00
	1200.20	0.00	4.96	632.00
	1200.21	0.00	4.88	718.00
	1200.22	0.00	4.78	806.00
	1200.23	0.00	4.71	887.00
	1200.25	0.00	4.67	945.00
	1200.26	0.00	4.66	983.00
	1200.27	0.00	4.65	1010.00
	1200.28	0.00	4.64	1015.00
	1200.29	0.00	4.65	1024.00
	1200.30	0.00	4.63	1029.00
	1200.31	0.00	4.65	1022.00
	1200.33	0.00	4.66	1003.00
	1200.34	0.00	4.70	971.00
	1200.35	0.00	4.74	932.00
	1200.36	0.00	4.78	896.00
	1200.37	0.00	4.83	868.00
	1200.39	0.00	4.87	831.00
	1200.40	0.00	4.90	803.00
	1200.41	0.00	4.95	775.00
	1200.42	0.00	5.00	749.00
	1200.43	0.00	5.04	713.00
	1200.44	0.00	5.10	684.00
	1200.45	0.00	5.13	665.00
	1200.46	0.00	5.18	643.00
	1200.48	0.00	5.22	626.00
	1200.49	0.00	5.25	619.00
	1200.50	0.00	5.26	607.00
	1200.51	0.00	5.25	592.00
	1200.52	0.00	5.49	534.00
	1200.53	0.00	5.51	530.00
	1200.55	0.00	5.52	528.00
	1200.56	0.00	5.52	521.00
	1200.57	0.00	5.55	519.00
	1200.58	0.00	5.55	507.00
	1200.59	0.00	5.61	488.00
	1200.60	0.00	5.64	472.00
	1200.61	0.00	5.70	448.00
	1200.63	0.00	5.75	425.00
	1200.64	0.00	5.78	412.00
	1200.65	0.00	6.01	345.00
	1200.66	0.00	6.99	388.00
	1200.67	0.00	7.17	379.00
	1200.68	0.00	7.39	382.00
	1200.69	0.00	7.64	384.00
	1200.71	0.00	9.32	396.00
	1200.72	0.00	10.07	371.00
	1200.73	0.00	10.51	401.00
	1200.74	0.00	10.75	418.00
	1200.75	0.00	10.99	432.00
	1200.76	0.00	11.14	441.00
	1200.78	0.00	11.30	450.00
	1200.79	0.00	11.24	446.00
	1200.80	0.00	11.41	439.00
	1200.81	0.00	11.21	431.00
	1200.82	0.00	11.30	436.00
	1200.83	0.00	11.20	433.00
	1200.84	0.00	11.25	450.00
	1200.86	0.00	11.29	459.00
	1200.87	0.00	11.13	441.00
	1200.88	0.00	10.65	391.00
	1200.89	0.00	8.12	261.00
	1200.90	0.00	6.17	169.00
	1200.92	0.00	6.22	169.00
	1200.93	0.00	6.39	168.00
	1200.94	0.00	6.38	169.00
	1200.95	0.00	6.38	169.00
	1200.96	0.00	6.41	170.00
	1200.97	0.00	6.39	170.00
	1200.98	0.00	6.40	170.00
	1201.00	0.00	6.40	170.00
	1201.01	0.00	6.41	170.00
	1201.02	0.00	6.38	169.00
	1201.03	0.00	6.39	169.00
	1201.04	0.00	6.39	169.00
	1201.05	0.00	6.39	169.00
	1201.06	0.00	6.39	169.00
	1201.08	0.00	6.38	169.00
	1201.09	0.00	6.39	169.00
	1201.10	0.00	6.38	169.00
	1201.11	0.00	6.39	169.00
	1201.12	0.00	6.39	169.00
	1201.13	0.00	6.39	169.00
	1201.15	0.00	6.39	169.00
	1201.16	0.00	6.40	169.00
	1201.17	0.00	6.40	169.00
	1201.18	0.00	6.38	168.00
	1201.19	0.00	6.44	170.00
	1201.20	0.00	6.44	170.00
	1201.21	0.00	6.44	170.00
	1201.23	0.00	6.44	170.00
	1201.24	0.00	6.44	170.00
	1201.25	0.00	6.44	170.00
	1201.26	0.00	6.44	170.00
	1201.27	0.00	6.44	170.00
	1201.28	0.00	6.45	170.00
	1201.30	0.00	6.40	170.00
	1201.31	0.00	6.39	170.00
	1201.32	0.00	6.39	170.00
	1201.33	0.00	6.38	169.00
	1201.34	0.00	6.38	169.00
	1201.35	0.00	6.39	169.00
	1201.36	0.00	6.38	168.00
	1201.38	0.00	6.04	230.00
	1201.39	0.00	5.44	377.00
	1201.40	0.00	4.95	542.00
	1201.41	0.00	4.70	712.00
	1201.42	0.00	4.63	822.00
	1201.43	0.00	4.59	944.00
	1201.44	0.00	4.61	1006.00
	1201.46	0.00	4.62	1025.00
	1201.47	0.00	4.63	1042.00
	1201.48	0.00	4.64	1063.00
	1201.49	0.00	4.64	1079.00
	1201.50	0.00	4.62	1087.00
	1201.52	0.00	4.61	1095.00
	1201.53	0.00	4.60	1094.00
	1201.54	0.00	4.60	1084.00
	1201.55	0.00	4.64	1053.00
	1201.56	0.00	4.70	1000.00
	1201.57	0.00	4.76	940.00
	1201.58	0.00	4.86	869.00
	1201.60	0.00	4.95	794.00
	1201.61	0.00	5.10	701.00
	1201.62	0.00	5.39	591.00
	1201.63	0.00	5.51	533.00
	1201.64	0.00	5.58	482.00
	1201.65	0.00	5.69	439.00
	1201.67	0.00	5.73	410.00
	1201.68	0.00	6.00	343.00
	1201.69	0.00	6.04	323.00
	1201.70	0.00	6.08	313.00
	1201.71	0.00	6.11	306.00
	1201.72	0.00	6.11	297.00
	1201.73	0.00	6.13	292.00
	1201.75	0.00	6.53	188.00
	1201.76	0.00	6.54	188.00
	1201.77	0.00	6.54	188.00
	1201.78	0.00	6.53	189.00
	1201.79	0.00	6.53	189.00
	1201.80	0.00	6.54	190.00
	1201.81	0.00	6.52	190.00
	1201.83	0.00	7.67	246.00
	1201.84	0.00	7.72	250.00
	1201.85	0.00	9.38	316.00
	1201.86	0.00	9.54	328.00
	1201.87	0.00	9.74	338.00
	1201.89	0.00	9.92	349.00
	1201.90	0.00	10.09	357.00
	1201.91	0.00	10.20	359.00
	1201.92	0.00	10.37	366.00
	1201.93	0.00	10.48	368.00
	1201.94	0.00	10.38	354.00
	1201.95	0.00	10.32	351.00
	1201.97	0.00	10.17	342.00
	1201.98	0.00	10.03	338.00
	1201.99	0.00	9.93	340.00
	1202.00	0.00	9.96	348.00
	1202.01	0.00	9.96	350.00
	1202.02	0.00	8.64	288.00
	1202.04	0.00	8.14	252.00
	1202.05	0.00	6.35	173.00
	1202.06	0.00	6.35	173.00
	1202.07	0.00	6.48	172.00
	1202.08	0.00	6.46	172.00
	1202.09	0.00	6.46	172.00
	1202.10	0.00	6.45	171.00
	1202.11	0.00	6.44	171.00
	1202.13	0.00	6.45	171.00
	1202.14	0.00	6.48	172.00
	1202.15	0.00	6.46	172.00
	1202.16	0.00	6.48	172.00
	1202.17	0.00	6.48	172.00
	1202.19	0.00	6.48	172.00
	1202.20	0.00	6.48	172.00
	1202.21	0.00	6.46	172.00
	1202.22	0.00	6.46	172.00
	1202.23	0.00	6.48	172.00
	1202.24	0.00	6.46	171.00
	1202.25	0.00	6.46	171.00
	1202.27	0.00	6.42	171.00
	1202.28	0.00	6.41	171.00
	1202.29	0.00	6.41	171.00
	1202.30	0.00	6.42	171.00
	1202.31	0.00	6.42	171.00
	1202.32	0.00	6.42	171.00
	1202.33	0.00	6.42	171.00
	1202.35	0.00	6.41	171.00
	1202.36	0.00	6.41	171.00
	1202.37	0.00	6.41	171.00
	1202.38	0.00	6.41	171.00
	1202.39	0.00	6.42	171.00
	1202.40	0.00	6.41	171.00
	1202.42	0.00	6.42	172.00
	1202.43	0.00	6.42	172.00
	1202.44	0.00	6.43	172.00
	1202.45	0.00	6.43	172.00
	1202.46	0.00	6.43	172.00
	1202.47	0.00	6.43	172.00
	1202.48	0.00	6.42	172.00
	1202.50	0.00	6.15	229.00
	1202.51	0.00	5.54	370.00
	1202.52	0.00	5.03	524.00
	1202.53	0.00	4.75	700.00
	1202.54	0.00	4.66	827.00
	1202.55	0.00	4.64	932.00
	1202.57	0.00	4.64	982.00
	1202.58	0.00	4.64	1006.00
	1202.59	0.00	4.67	1021.00
	1202.60	0.00	4.68	1028.00
	1202.61	0.00	4.71	1026.00
	1202.62	0.00	4.73	1014.00
	1202.64	0.00	4.75	993.00
	1202.65	0.00	4.78	972.00
	1202.66	0.00	4.81	938.00
	1202.67	0.00	4.87	890.00
	1202.68	0.00	4.95	822.00
	1202.69	0.00	5.22	710.00
	1202.70	0.00	5.28	659.00
	1202.71	0.00	5.37	604.00
	1202.73	0.00	5.44	556.00
	1202.74	0.00	5.53	514.00
	1202.75	0.00	5.62	465.00
	1202.76	0.00	5.72	425.00
	1202.77	0.00	5.97	350.00
	1202.79	0.00	5.98	336.00
	1202.80	0.00	6.01	322.00
	1202.81	0.00	6.06	309.00
	1202.82	0.00	6.07	302.00
	1202.83	0.00	6.10	294.00
	1202.84	0.00	6.21	241.00
	1202.85	0.00	6.21	239.00
	1202.86	0.00	6.23	239.00
	1202.88	0.00	6.53	189.00
	1202.89	0.00	6.50	188.00
	1202.90	0.00	6.55	190.00
	1202.91	0.00	6.67	195.00
	1202.92	0.00	6.66	196.00
	1202.93	0.00	6.70	197.00
	1202.95	0.00	6.67	197.00
	1202.96	0.00	6.67	198.00
	1202.97	0.00	6.70	200.00
	1202.98	0.00	9.11	309.00
	1202.99	0.00	8.80	268.00
	1203.00	0.00	8.86	270.00
	1203.01	0.00	9.08	278.00
	1203.03	0.00	9.46	290.00
	1203.04	0.00	9.76	300.00
	1203.05	0.00	9.77	300.00
	1203.06	0.00	9.88	303.00
	1203.07	0.00	9.95	305.00
	1203.08	0.00	9.74	294.00
	1203.09	0.00	9.43	281.00
	1203.11	0.00	9.94	321.00
	1203.12	0.00	9.80	323.00
	1203.13	0.00	9.70	322.00
	1203.14	0.00	9.48	307.00
	1203.15	0.00	7.59	228.00
	1203.17	0.00	6.39	175.00
	1203.18	0.00	6.42	174.00
	1203.19	0.00	6.53	173.00
	1203.20	0.00	6.51	174.00
	1203.21	0.00	6.54	174.00
	1203.22	0.00	6.52	174.00
	1203.23	0.00	6.55	174.00
	1203.25	0.00	6.55	174.00
	1203.26	0.00	6.55	174.00
	1203.27	0.00	6.56	174.00
	1203.28	0.00	6.56	174.00
	1203.29	0.00	6.54	173.00
	1203.30	0.00	6.54	173.00
	1203.31	0.00	6.55	173.00
	1203.32	0.00	6.48	172.00
	1203.34	0.00	6.48	172.00
	1203.35	0.00	6.48	172.00
	1203.36	0.00	6.48	172.00
	1203.37	0.00	6.48	172.00
	1203.38	0.00	6.46	172.00
	1203.40	0.00	6.45	171.00
	1203.41	0.00	6.48	172.00
	1203.42	0.00	6.46	171.00
	1203.43	0.00	6.46	171.00
	1203.44	0.00	6.50	172.00
	1203.45	0.00	6.49	173.00
	1203.46	0.00	6.49	173.00
	1203.48	0.00	6.49	173.00
	1203.49	0.00	6.49	173.00
	1203.50	0.00	6.49	173.00
	1203.51	0.00	6.50	173.00
	1203.52	0.00	6.50	173.00
	1203.53	0.00	6.41	172.00
	1203.55	0.00	6.41	172.00
	1203.56	0.00	6.41	172.00
	1203.57	0.00	6.39	172.00
	1203.58	0.00	6.41	172.00
	1203.59	0.00	6.39	172.00
	1203.60	0.00	6.41	172.00
	1203.61	0.00	6.43	173.00
	1203.63	0.00	6.43	172.00
	1203.64	0.00	6.14	234.00
	1203.65	0.00	5.42	393.00
	1203.66	0.00	4.90	555.00
	1203.67	0.00	4.68	736.00
	1203.68	0.00	4.59	891.00
	1203.69	0.00	4.57	996.00
	1203.71	0.00	4.61	1030.00
	1203.72	0.00	4.63	1030.00
	1203.73	0.00	4.69	1011.00
	1203.74	0.00	4.71	1005.00
	1203.75	0.00	4.72	1000.00
	1203.77	0.00	4.71	1000.00
	1203.78	0.00	4.71	1003.00
	1203.79	0.00	4.71	1000.00
	1203.80	0.00	4.74	974.00
	1203.81	0.00	4.81	917.00
	1203.82	0.00	4.92	842.00
	1203.83	0.00	5.01	770.00
	1203.85	0.00	5.29	657.00
	1203.86	0.00	5.37	594.00
	1203.87	0.00	5.47	542.00
	1203.88	0.00	5.57	495.00
	1203.89	0.00	5.64	454.00
	1203.90	0.00	5.72	415.00
	1203.91	0.00	5.93	356.00
	1203.93	0.00	5.96	340.00
	1203.94	0.00	6.01	330.00
	1203.95	0.00	6.03	320.00
	1203.96	0.00	6.05	308.00
	1203.97	0.00	6.08	303.00
	1203.98	0.00	6.12	298.00
	1203.99	0.00	6.11	294.00
	1204.01	0.00	6.14	294.00
	1204.02	0.00	6.14	294.00
	1204.03	0.00	6.11	294.00
	1204.04	0.00	6.13	290.00
	1204.05	0.00	6.42	241.00
	1204.06	0.00	6.44	242.00
	1204.07	0.00	6.55	193.00
	1204.09	0.00	7.41	247.00
	1204.10	0.00	7.43	251.00
	1204.11	0.00	7.45	253.00
	1204.12	0.00	8.91	303.00
	1204.13	0.00	8.97	305.00
	1204.15	0.00	8.66	264.00
	1204.16	0.00	8.84	271.00
	1204.17	0.00	9.10	280.00
	1204.18	0.00	9.24	285.00
	1204.19	0.00	9.40	290.00
	1204.20	0.00	9.65	297.00
	1204.21	0.00	9.74	299.00
	1204.22	0.00	9.58	290.00
	1204.24	0.00	9.45	285.00
	1204.25	0.00	10.02	325.00
	1204.26	0.00	9.86	329.00
	1204.27	0.00	9.73	332.00
	1204.28	0.00	9.81	341.00
	1204.29	0.00	9.56	322.00
	1204.31	0.00	7.82	241.00
	1204.32	0.00	6.31	173.00
	1204.33	0.00	6.37	173.00
	1204.34	0.00	6.48	172.00
	1204.35	0.00	6.47	173.00
	1204.36	0.00	6.49	173.00
	1204.38	0.00	6.45	172.00
	1204.39	0.00	6.46	173.00
	1204.40	0.00	6.46	173.00
	1204.41	0.00	6.49	173.00
	1204.42	0.00	6.47	173.00
	1204.43	0.00	6.47	173.00
	1204.44	0.00	6.50	173.00
	1204.45	0.00	6.47	173.00
	1204.47	0.00	6.49	173.00
	1204.48	0.00	6.49	173.00
	1204.49	0.00	6.49	173.00
	1204.50	0.00	6.49	173.00
	1204.51	0.00	6.50	173.00
	1204.53	0.00	6.50	173.00
	1204.54	0.00	6.50	173.00
	1204.55	0.00	6.50	173.00
	1204.56	0.00	6.50	173.00
	1204.57	0.00	6.52	174.00
	1204.58	0.00	6.54	174.00
	1204.59	0.00	6.54	173.00
	1204.60	0.00	6.47	173.00
	1204.62	0.00	6.47	173.00
	1204.63	0.00	6.47	173.00
	1204.64	0.00	6.45	172.00
	1204.65	0.00	6.46	173.00
	1204.66	0.00	6.45	172.00
	1204.67	0.00	6.43	172.00
	1204.69	0.00	6.43	172.00
	1204.70	0.00	6.45	172.00
	1204.71	0.00	6.45	173.00
	1204.72	0.00	6.47	173.00
	1204.73	0.00	6.47	173.00
	1204.74	0.00	6.49	173.00
	1204.76	0.00	6.49	173.00
	1204.77	0.00	6.13	238.00
	1204.78	0.00	5.39	412.00
	1204.79	0.00	4.87	626.00
	1204.80	0.00	4.73	778.00
	1204.81	0.00	4.66	926.00
	1204.82	0.00	4.65	998.00
	1204.84	0.00	4.68	1016.00
	1204.85	0.00	4.74	999.00
	1204.86	0.00	4.80	997.00
	1204.87	0.00	4.82	995.00
	1204.88	0.00	4.84	986.00
	1204.89	0.00	4.84	979.00
	1204.91	0.00	4.84	977.00
	1204.92	0.00	4.84	967.00
	1204.93	0.00	4.88	938.00
	1204.94	0.00	4.94	883.00
	1204.95	0.00	5.14	776.00
	1204.96	0.00	5.21	721.00
	1204.97	0.00	5.28	670.00
	1204.99	0.00	5.31	621.00
	1205.00	0.00	5.39	579.00
	1205.01	0.00	5.45	543.00
	1205.02	0.00	5.51	508.00
	1205.03	0.00	5.55	485.00
	1205.04	0.00	5.62	453.00
	1205.06	0.00	5.68	425.00
	1205.07	0.00	5.71	399.00
	1205.08	0.00	5.94	335.00
	1205.09	0.00	5.97	324.00
	1205.10	0.00	6.02	314.00
	1205.11	0.00	6.05	309.00
	1205.13	0.00	6.05	306.00
	1205.14	0.00	6.07	304.00
	1205.15	0.00	6.08	303.00
	1205.16	0.00	6.10	304.00
	1205.17	0.00	6.10	305.00
	1205.18	0.00	6.14	305.00
	1205.19	0.00	6.14	303.00
	1205.20	0.00	6.41	246.00
	1205.22	0.00	6.40	243.00
	1205.23	0.00	6.50	192.00
	1205.24	0.00	8.37	249.00
	1205.25	0.00	8.54	256.00
	1205.26	0.00	8.61	261.00
	1205.27	0.00	8.89	271.00
	1205.29	0.00	9.95	334.00
	1205.30	0.00	10.16	343.00
	1205.31	0.00	9.93	310.00
	1205.32	0.00	10.15	318.00
	1205.33	0.00	10.33	324.00
	1205.34	0.00	10.59	334.00
	1205.35	0.00	10.60	332.00
	1205.37	0.00	10.41	322.00
	1205.38	0.00	9.78	295.00
	1205.39	0.00	9.98	326.00
	1205.40	0.00	9.61	312.00
	1205.41	0.00	9.36	306.00
	1205.42	0.00	7.77	243.00
	1205.44	0.00	6.24	172.00
	1205.45	0.00	6.29	173.00
	1205.46	0.00	6.35	173.00
	1205.47	0.00	6.42	173.00
	1205.48	0.00	6.38	172.00
	1205.49	0.00	6.41	172.00
	1205.51	0.00	6.39	172.00
	1205.52	0.00	6.39	172.00
	1205.53	0.00	6.39	172.00
	1205.54	0.00	6.42	172.00
	1205.55	0.00	6.40	171.00
	1205.56	0.00	6.40	171.00
	1205.57	0.00	6.39	170.00
	1205.58	0.00	6.35	168.00
	1205.60	0.00	6.35	168.00
	1205.61	0.00	6.50	173.00
	1205.62	0.00	6.53	173.00
	1205.63	0.00	6.50	173.00
	1205.64	0.00	6.50	173.00
	1205.65	0.00	6.50	173.00
	1205.67	0.00	6.50	173.00
	1205.68	0.00	6.48	172.00
	1205.69	0.00	6.48	172.00
	1205.70	0.00	6.45	171.00
	1205.71	0.00	6.49	173.00
	1205.72	0.00	6.49	173.00
	1205.73	0.00	6.47	173.00
	1205.75	0.00	6.50	173.00
	1205.76	0.00	6.50	174.00
	1205.77	0.00	6.50	174.00
	1205.78	0.00	6.50	174.00
	1205.79	0.00	6.48	174.00
	1205.81	0.00	6.48	174.00
	1205.82	0.00	6.48	174.00
	1205.83	0.00	6.47	174.00
	1205.84	0.00	6.47	174.00
	1205.85	0.00	6.48	174.00
	1205.86	0.00	6.48	174.00
	1205.87	0.00	6.50	174.00
	1205.88	0.00	6.43	172.00
	1205.90	0.00	6.43	172.00
	1205.91	0.00	6.42	172.00
	1205.92	0.00	6.12	225.00
	1205.93	0.00	6.00	301.00
	1205.94	0.00	5.14	480.00
	1205.95	0.00	4.74	691.00
	1205.96	0.00	4.62	829.00
	1205.98	0.00	4.64	931.00
	1205.99	0.00	4.68	965.00
	1206.00	0.00	4.74	977.00
	1206.01	0.00	4.81	965.00
	1206.02	0.00	4.87	949.00
	1206.04	0.00	4.93	925.00
	1206.05	0.00	5.13	848.00
	1206.06	0.00	5.17	819.00
	1206.07	0.00	5.20	796.00
	1206.08	0.00	5.21	777.00
	1206.09	0.00	5.25	750.00
	1206.10	0.00	5.25	711.00
	1206.11	0.00	5.32	670.00
	1206.13	0.00	5.37	630.00
	1206.14	0.00	5.43	581.00
	1206.15	0.00	5.47	545.00
	1206.16	0.00	5.53	506.00
	1206.17	0.00	5.57	475.00
	1206.18	0.00	5.61	444.00
	1206.20	0.00	5.64	420.00
	1206.21	0.00	5.69	397.00
	1206.22	0.00	5.70	384.00
	1206.23	0.00	5.71	372.00
	1206.24	0.00	7.53	366.00
	1206.25	0.00	7.64	362.00
	1206.26	0.00	7.98	365.00
	1206.28	0.00	8.21	365.00
	1206.29	0.00	8.51	312.00
	1206.30	0.00	9.33	276.00
	1206.31	0.00	9.45	281.00
	1206.32	0.00	10.38	341.00
	1206.33	0.00	10.55	350.00
	1206.34	0.00	10.77	361.00
	1206.36	0.00	10.85	365.00
	1206.37	0.00	11.10	379.00
	1206.38	0.00	11.25	387.00
	1206.39	0.00	11.36	392.00
	1206.40	0.00	11.72	413.00
	1206.42	0.00	11.80	417.00
	1206.43	0.00	12.08	430.00
	1206.44	0.00	12.30	441.00
	1206.45	0.00	12.39	446.00
	1206.46	0.00	12.08	402.00
	1206.47	0.00	12.24	409.00
	1206.48	0.00	12.37	416.00
	1206.50	0.00	12.44	418.00
	1206.51	0.00	12.38	415.00
	1206.52	0.00	12.22	405.00
	1206.53	0.00	11.90	386.00
	1206.54	0.00	11.33	357.00
	1206.55	0.00	10.48	317.00
	1206.56	0.00	9.56	277.00
	1206.58	0.00	8.63	242.00
	1206.59	0.00	6.24	173.00
	1206.60	0.00	6.26	173.00
	1206.61	0.00	6.29	172.00
	1206.62	0.00	6.37	172.00
	1206.63	0.00	6.37	172.00
	1206.65	0.00	6.41	173.00
	1206.66	0.00	6.42	173.00
	1206.67	0.00	6.42	173.00
	1206.68	0.00	6.42	173.00
	1206.69	0.00	6.45	173.00
	1206.70	0.00	6.42	172.00
	1206.71	0.00	6.45	173.00
	1206.73	0.00	6.43	172.00
	1206.74	0.00	6.42	172.00
	1206.75	0.00	6.41	172.00
	1206.76	0.00	6.42	172.00
	1206.77	0.00	6.40	171.00
	1206.79	0.00	6.40	171.00
	1206.80	0.00	6.40	171.00
	1206.81	0.00	6.40	171.00
	1206.82	0.00	6.37	170.00
	1206.83	0.00	6.36	169.00
	1206.84	0.00	6.47	173.00
	1206.85	0.00	6.46	173.00
	1206.86	0.00	6.46	173.00
	1206.88	0.00	6.46	173.00
	1206.89	0.00	6.46	173.00
	1206.90	0.00	6.46	173.00
	1206.91	0.00	6.46	173.00
	1206.92	0.00	6.46	173.00
	1206.93	0.00	6.43	172.00
	1206.94	0.00	6.46	173.00
	1206.96	0.00	6.46	173.00
	1206.97	0.00	6.47	173.00
	1206.98	0.00	6.47	173.00
	1206.99	0.00	6.46	173.00
	1207.00	0.00	6.46	173.00
	1207.02	0.00	6.46	173.00
	1207.03	0.00	6.50	173.00
	1207.04	0.00	6.19	223.00
	1207.05	0.00	6.16	232.00
	1207.06	0.00	5.97	312.00
	1207.07	0.00	5.27	481.00
	1207.08	0.00	5.14	557.00
	1207.10	0.00	5.08	624.00
	1207.11	0.00	5.05	667.00
	1207.12	0.00	5.04	704.00
	1207.13	0.00	5.04	717.00
	1207.14	0.00	5.07	724.00
	1207.15	0.00	5.04	733.00
	1207.16	0.00	5.23	690.00
	1207.18	0.00	5.24	689.00
	1207.19	0.00	5.24	677.00
	1207.20	0.00	5.27	661.00
	1207.21	0.00	5.30	643.00
	1207.22	0.00	5.35	623.00
	1207.23	0.00	5.37	600.00
	1207.25	0.00	5.40	576.00
	1207.26	0.00	5.48	552.00
	1207.27	0.00	5.53	525.00
	1207.28	0.00	5.58	503.00
	1207.29	0.00	5.63	473.00
	1207.30	0.00	5.69	451.00
	1207.31	0.00	6.39	474.00
	1207.32	0.00	5.79	410.00
	1207.34	0.00	6.03	345.00
	1207.35	0.00	6.08	334.00
	1207.36	0.00	6.80	377.00
	1207.37	0.00	6.87	369.00
	1207.38	0.00	6.90	364.00
	1207.40	0.00	6.91	363.00
	1207.41	0.00	6.93	359.00
	1207.42	0.00	6.91	354.00
	1207.43	0.00	7.24	301.00
	1207.44	0.00	7.05	357.00
	1207.45	0.00	7.04	355.00
	1207.46	0.00	7.16	306.00
	1207.47	0.00	7.51	255.00
	1207.49	0.00	7.51	256.00
	1207.50	0.00	7.42	252.00
	1207.51	0.00	7.49	256.00
	1207.52	0.00	7.47	256.00
	1207.53	0.00	7.45	255.00
	1207.54	0.00	7.44	254.00
	1207.56	0.00	7.41	254.00
	1207.57	0.00	7.37	250.00
	1207.58	0.00	8.24	249.00
	1207.59	0.00	8.42	255.00
	1207.60	0.00	8.51	257.00
	1207.61	0.00	8.65	262.00
	1207.62	0.00	8.72	263.00
	1207.64	0.00	8.78	264.00
	1207.65	0.00	8.88	267.00
	1207.66	0.00	9.09	274.00
	1207.67	0.00	9.15	276.00
	1207.68	0.00	9.18	278.00
	1207.69	0.00	9.28	281.00
	1207.70	0.00	9.32	281.00
	1207.72	0.00	9.30	280.00
	1207.73	0.00	9.26	277.00
	1207.74	0.00	9.10	271.00
	1207.75	0.00	8.84	260.00
	1207.76	0.00	8.64	252.00
	1207.77	0.00	9.11	289.00
	1207.79	0.00	8.93	285.00
	1207.80	0.00	7.47	235.00
	1207.81	0.00	7.46	230.00
	1207.82	0.00	6.29	174.00
	1207.83	0.00	6.30	174.00
	1207.84	0.00	6.31	173.00
	1207.85	0.00	6.38	174.00
	1207.87	0.00	6.38	173.00
	1207.88	0.00	6.42	174.00
	1207.89	0.00	6.40	174.00
	1207.90	0.00	6.41	173.00
	1207.91	0.00	6.41	173.00
	1207.92	0.00	6.39	173.00
	1207.94	0.00	6.39	173.00
	1207.95	0.00	6.41	173.00
	1207.96	0.00	6.42	172.00
	1207.97	0.00	6.42	172.00
	1207.98	0.00	6.42	172.00
	1207.99	0.00	6.41	171.00
	1208.00	0.00	6.39	170.00
	1208.02	0.00	6.42	171.00
	1208.03	0.00	6.51	174.00
	1208.04	0.00	6.51	174.00
	1208.05	0.00	6.51	174.00
	1208.06	0.00	6.51	174.00
	1208.07	0.00	6.50	174.00
	1208.08	0.00	6.50	174.00
	1208.10	0.00	6.50	174.00
	1208.11	0.00	6.50	174.00
	1208.12	0.00	6.50	174.00
	1208.13	0.00	6.50	174.00
	1208.14	0.00	6.51	175.00
	1208.16	0.00	6.52	175.00
	1208.17	0.00	6.50	174.00
	1208.18	0.00	6.53	175.00
	1208.19	0.00	6.52	175.00
	1208.20	0.00	6.48	174.00
	1208.21	0.00	6.50	174.00
	1208.22	0.00	6.48	174.00
	1208.23	0.00	6.53	175.00
	1208.25	0.00	6.50	174.00
	1208.26	0.00	6.51	174.00
	1208.27	0.00	6.22	227.00
	1208.28	0.00	6.08	298.00
	1208.29	0.00	5.44	426.00
	1208.30	0.00	5.21	509.00
	1208.31	0.00	4.97	638.00
	1208.33	0.00	4.91	712.00
	1208.34	0.00	4.86	774.00
	1208.35	0.00	4.82	822.00
	1208.36	0.00	4.81	849.00
	1208.37	0.00	4.83	861.00
	1208.39	0.00	4.83	870.00
	1208.40	0.00	4.83	873.00
	1208.41	0.00	4.82	881.00
	1208.42	0.00	4.82	885.00
	1208.43	0.00	4.81	889.00
	1208.44	0.00	4.82	888.00
	1208.45	0.00	4.81	885.00
	1208.47	0.00	4.84	877.00
	1208.48	0.00	4.85	859.00
	1208.49	0.00	4.88	836.00
	1208.50	0.00	4.92	818.00
	1208.51	0.00	4.93	799.00
	1208.52	0.00	4.98	779.00
	1208.54	0.00	5.01	756.00
	1208.55	0.00	4.99	737.00
	1208.56	0.00	5.01	717.00
	1208.57	0.00	5.05	696.00
	1208.58	0.00	5.11	673.00
	1208.59	0.00	5.37	601.00
	1208.60	0.00	5.69	638.00
	1208.61	0.00	5.70	629.00
	1208.63	0.00	5.74	620.00
	1208.64	0.00	5.76	612.00
	1208.65	0.00	5.78	601.00
	1208.66	0.00	5.83	585.00
	1208.67	0.00	5.85	566.00
	1208.68	0.00	5.91	543.00
	1208.69	0.00	5.64	472.00
	1208.71	0.00	5.71	446.00
	1208.72	0.00	5.96	378.00
	1208.73	0.00	5.97	363.00
	1208.74	0.00	6.00	353.00
	1208.75	0.00	6.04	345.00
	1208.76	0.00	6.06	335.00
	1208.78	0.00	6.09	330.00
	1208.79	0.00	6.10	319.00
	1208.80	0.00	6.83	363.00
	1208.81	0.00	6.85	355.00
	1208.82	0.00	6.91	353.00
	1208.83	0.00	7.05	299.00
	1208.84	0.00	7.38	250.00
	1208.86	0.00	7.37	250.00
	1208.87	0.00	7.38	251.00
	1208.88	0.00	7.29	245.00
	1208.89	0.00	6.54	196.00
	1208.90	0.00	6.53	195.00
	1208.91	0.00	6.52	195.00
	1208.93	0.00	6.51	195.00
	1208.94	0.00	6.49	193.00
	1208.95	0.00	6.43	192.00
	1208.96	0.00	6.45	191.00
	1208.97	0.00	6.45	191.00
	1208.98	0.00	6.43	191.00
	1208.99	0.00	6.42	190.00
	1209.01	0.00	6.41	189.00
	1209.02	0.00	6.38	187.00
	1209.03	0.00	6.33	184.00
	1209.04	0.00	7.43	234.00
	1209.05	0.00	7.56	240.00
	1209.06	0.00	7.61	244.00
	1209.07	0.00	7.67	245.00
	1209.09	0.00	7.46	231.00
	1209.10	0.00	6.26	174.00
	1209.11	0.00	6.25	172.00
	1209.12	0.00	6.28	171.00
	1209.13	0.00	6.40	171.00
	1209.14	0.00	6.50	174.00
	1209.16	0.00	6.51	174.00
	1209.17	0.00	6.50	174.00
	1209.18	0.00	6.50	174.00
	1209.19	0.00	6.50	174.00
	1209.20	0.00	6.49	173.00
	1209.21	0.00	6.51	174.00
	1209.22	0.00	6.54	174.00
	1209.24	0.00	6.49	173.00
	1209.25	0.00	6.50	173.00
	1209.26	0.00	6.50	174.00
	1209.27	0.00	6.51	174.00
	1209.28	0.00	6.52	174.00
	1209.29	0.00	6.50	174.00
	1209.31	0.00	6.52	174.00
	1209.32	0.00	6.51	174.00
	1209.33	0.00	6.53	175.00
	1209.34	0.00	6.53	175.00
	1209.35	0.00	6.52	175.00
	1209.36	0.00	6.53	175.00
	1209.37	0.00	6.53	175.00
	1209.39	0.00	6.55	175.00
	1209.40	0.00	6.56	175.00
	1209.41	0.00	6.48	174.00
	1209.42	0.00	6.48	174.00
	1209.43	0.00	6.47	173.00
	1209.44	0.00	6.50	174.00
	1209.45	0.00	6.51	174.00
	1209.47	0.00	6.47	173.00
	1209.48	0.00	6.52	175.00
	1209.49	0.00	6.50	174.00
	1209.50	0.00	6.52	175.00
	1209.51	0.00	6.51	174.00
	1209.53	0.00	6.51	174.00
	1209.54	0.00	6.20	225.00
	1209.55	0.00	6.15	232.00
	1209.56	0.00	6.04	296.00
	1209.57	0.00	5.53	387.00
	1209.58	0.00	5.37	444.00
	1209.59	0.00	5.24	501.00
	1209.61	0.00	5.21	541.00
	1209.62	0.00	5.04	640.00
	1209.63	0.00	4.99	685.00
	1209.64	0.00	4.99	720.00
	1209.65	0.00	4.99	749.00
	1209.66	0.00	4.99	757.00
	1209.67	0.00	4.97	774.00
	1209.69	0.00	4.98	773.00
	1209.70	0.00	5.01	762.00
	1209.71	0.00	5.04	748.00
	1209.72	0.00	5.07	735.00
	1209.73	0.00	5.08	719.00
	1209.74	0.00	5.37	755.00
	1209.76	0.00	5.12	689.00
	1209.77	0.00	5.66	668.00
	1209.78	0.00	5.70	650.00
	1209.79	0.00	5.72	636.00
	1209.80	0.00	5.77	617.00
	1209.81	0.00	5.82	596.00
	1209.82	0.00	5.85	579.00
	1209.83	0.00	5.89	563.00
	1209.85	0.00	6.09	506.00
	1209.86	0.00	6.09	496.00
	1209.87	0.00	6.12	490.00
	1209.88	0.00	6.10	479.00
	1209.89	0.00	5.82	421.00
	1209.90	0.00	5.86	410.00
	1209.92	0.00	5.87	403.00
	1209.93	0.00	5.88	392.00
	1209.94	0.00	5.92	386.00
	1209.95	0.00	5.92	378.00
	1209.96	0.00	5.94	372.00
	1209.97	0.00	5.97	366.00
	1209.98	0.00	5.97	362.00
	1210.00	0.00	5.97	354.00
	1210.01	0.00	5.98	347.00
	1210.02	0.00	6.02	342.00
	1210.03	0.00	6.02	337.00
	1210.04	0.00	6.02	329.00
	1210.05	0.00	6.05	324.00
	1210.06	0.00	6.09	318.00
	1210.08	0.00	6.07	312.00
	1210.09	0.00	6.07	307.00
	1210.10	0.00	6.09	299.00
	1210.11	0.00	7.05	343.00
	1210.12	0.00	7.22	295.00
	1210.13	0.00	7.60	246.00
	1210.15	0.00	7.67	250.00
	1210.16	0.00	7.71	253.00
	1210.17	0.00	7.71	253.00
	1210.18	0.00	7.69	252.00
	1210.19	0.00	7.71	252.00
	1210.20	0.00	7.71	252.00
	1210.21	0.00	7.73	251.00
	1210.22	0.00	7.65	247.00
	1210.24	0.00	7.62	245.00
	1210.25	0.00	7.67	247.00
	1210.26	0.00	7.75	250.00
	1210.27	0.00	7.65	244.00
	1210.28	0.00	7.71	246.00
	1210.30	0.00	7.65	243.00
	1210.31	0.00	7.84	252.00
	1210.32	0.00	7.94	257.00
	1210.33	0.00	8.00	258.00
	1210.34	0.00	7.71	238.00
	1210.35	0.00	6.37	176.00
	1210.36	0.00	6.39	175.00
	1210.38	0.00	6.44	175.00
	1210.39	0.00	6.49	175.00
	1210.40	0.00	6.47	174.00
	1210.41	0.00	6.48	174.00
	1210.42	0.00	6.50	174.00
	1210.43	0.00	6.51	175.00
	1210.44	0.00	6.51	174.00
	1210.46	0.00	6.51	174.00
	1210.47	0.00	6.52	174.00
	1210.48	0.00	6.52	174.00
	1210.49	0.00	6.56	174.00
	1210.50	0.00	6.56	174.00
	1210.51	0.00	6.56	174.00
	1210.53	0.00	6.47	173.00
	1210.54	0.00	6.49	173.00
	1210.55	0.00	6.47	173.00
	1210.56	0.00	6.46	173.00
	1210.57	0.00	6.50	173.00
	1210.58	0.00	6.47	173.00
	1210.59	0.00	6.49	173.00
	1210.60	0.00	6.50	174.00
	1210.62	0.00	6.50	174.00
	1210.63	0.00	6.50	174.00
	1210.64	0.00	6.52	175.00
	1210.65	0.00	6.52	175.00
	1210.66	0.00	6.52	175.00
	1210.68	0.00	6.52	175.00
	1210.69	0.00	6.51	174.00
	1210.70	0.00	6.50	174.00
	1210.71	0.00	6.48	172.00
	1210.72	0.00	6.42	172.00
	1210.73	0.00	6.45	173.00
	1210.74	0.00	6.46	173.00
	1210.76	0.00	6.42	172.00
	1210.77	0.00	6.45	173.00
	1210.78	0.00	6.46	173.00
	1210.79	0.00	6.47	173.00
	1210.80	0.00	6.12	233.00
	1210.81	0.00	5.98	309.00
	1210.82	0.00	5.43	418.00
	1210.84	0.00	5.33	467.00
	1210.85	0.00	5.25	512.00
	1210.86	0.00	5.09	617.00
	1210.87	0.00	5.06	661.00
	1210.88	0.00	5.06	691.00
	1210.89	0.00	5.04	705.00
	1210.91	0.00	5.05	707.00
	1210.92	0.00	5.09	702.00
	1210.93	0.00	5.10	698.00
	1210.94	0.00	5.33	645.00
	1210.95	0.00	5.32	642.00
	1210.96	0.00	5.35	630.00
	1210.97	0.00	5.39	613.00
	1210.99	0.00	5.44	587.00
	1211.00	0.00	5.47	557.00
	1211.01	0.00	5.53	531.00
	1211.02	0.00	5.58	499.00
	1211.03	0.00	5.67	468.00
	1211.04	0.00	5.88	394.00
	1211.06	0.00	5.91	383.00
	1211.07	0.00	5.94	371.00
	1211.08	0.00	5.95	363.00
	1211.09	0.00	5.96	356.00
	1211.10	0.00	5.97	346.00
	1211.11	0.00	5.99	334.00
	1211.12	0.00	6.03	325.00
	1211.14	0.00	6.05	318.00
	1211.15	0.00	6.07	314.00
	1211.16	0.00	6.09	308.00
	1211.17	0.00	6.09	300.00
	1211.18	0.00	6.08	301.00
	1211.19	0.00	6.09	298.00
	1211.20	0.00	6.09	296.00
	1211.21	0.00	6.10	295.00
	1211.23	0.00	6.10	291.00
	1211.24	0.00	6.28	246.00
	1211.25	0.00	7.27	297.00
	1211.26	0.00	7.35	300.00
	1211.27	0.00	7.73	252.00
	1211.28	0.00	7.79	255.00
	1211.30	0.00	7.81	257.00
	1211.31	0.00	7.87	260.00
	1211.32	0.00	7.82	259.00
	1211.33	0.00	7.84	260.00
	1211.34	0.00	7.86	261.00
	1211.35	0.00	7.92	265.00
	1211.36	0.00	7.90	263.00
	1211.38	0.00	7.87	261.00
	1211.39	0.00	7.79	255.00
	1211.40	0.00	7.72	251.00
	1211.41	0.00	7.64	247.00
	1211.42	0.00	7.65	247.00
	1211.43	0.00	7.64	244.00
	1211.45	0.00	7.65	244.00
	1211.46	0.00	7.65	243.00
	1211.47	0.00	7.56	239.00
	1211.48	0.00	7.65	243.00
	1211.49	0.00	7.71	246.00
	1211.50	0.00	7.88	255.00
	1211.51	0.00	7.79	249.00
	1211.53	0.00	7.82	247.00
	1211.54	0.00	6.32	175.00
	1211.55	0.00	6.39	175.00
	1211.56	0.00	6.45	175.00
	1211.57	0.00	6.53	175.00
	1211.58	0.00	6.58	176.00
	1211.59	0.00	6.56	176.00
	1211.61	0.00	6.56	176.00
	1211.62	0.00	6.47	175.00
	1211.63	0.00	6.47	175.00
	1211.64	0.00	6.47	174.00
	1211.65	0.00	6.48	174.00
	1211.66	0.00	6.50	174.00
	1211.68	0.00	6.50	174.00
	1211.69	0.00	6.49	173.00
	1211.70	0.00	6.49	173.00
	1211.71	0.00	6.49	173.00
	1211.72	0.00	6.52	174.00
	1211.73	0.00	6.52	175.00
	1211.75	0.00	6.50	174.00
	1211.76	0.00	6.51	174.00
	1211.77	0.00	6.51	174.00
	1211.78	0.00	6.51	174.00
	1211.79	0.00	6.55	175.00
	1211.80	0.00	6.51	174.00
	1211.81	0.00	6.52	174.00
	1211.83	0.00	6.45	173.00
	1211.84	0.00	6.45	173.00
	1211.85	0.00	6.43	173.00
	1211.86	0.00	6.45	173.00
	1211.87	0.00	6.45	173.00
	1211.88	0.00	6.47	174.00
	1211.90	0.00	6.45	173.00
	1211.91	0.00	6.45	173.00
	1211.92	0.00	6.45	173.00
	1211.93	0.00	6.43	173.00
	1211.94	0.00	6.45	173.00
	1211.95	0.00	6.45	173.00
	1211.96	0.00	6.46	173.00
	1211.97	0.00	6.46	173.00
	1211.99	0.00	6.17	224.00
	1212.00	0.00	6.04	291.00
	1212.01	0.00	5.44	409.00
	1212.02	0.00	5.18	508.00
	1212.03	0.00	4.95	652.00
	1212.05	0.00	4.91	732.00
	1212.06	0.00	4.89	784.00
	1212.07	0.00	4.91	821.00
	1212.08	0.00	4.93	829.00
	1212.09	0.00	4.98	808.00
	1212.10	0.00	5.31	841.00
	1212.11	0.00	5.38	818.00
	1212.13	0.00	5.43	791.00
	1212.14	0.00	5.63	726.00
	1212.15	0.00	5.64	710.00
	1212.16	0.00	5.69	693.00
	1212.17	0.00	5.45	614.00
	1212.18	0.00	5.52	580.00
	1212.19	0.00	5.58	548.00
	1212.21	0.00	5.68	510.00
	1212.22	0.00	5.76	476.00
	1212.23	0.00	6.00	395.00
	1212.24	0.00	6.03	381.00
	1212.25	0.00	6.03	369.00
	1212.26	0.00	6.05	363.00
	1212.27	0.00	6.08	358.00
	1212.29	0.00	6.07	355.00
	1212.30	0.00	6.05	353.00
	1212.31	0.00	6.15	358.00
	1212.32	0.00	6.14	360.00
	1212.33	0.00	6.12	360.00
	1212.34	0.00	6.11	363.00
	1212.35	0.00	6.10	365.00
	1212.37	0.00	6.11	364.00
	1212.38	0.00	6.12	365.00
	1212.39	0.00	6.10	364.00
	1212.40	0.00	6.09	363.00
	1212.41	0.00	6.09	366.00
	1212.42	0.00	6.11	369.00
	1212.44	0.00	6.10	372.00
	1212.45	0.00	6.09	373.00
	1212.46	0.00	6.10	374.00
	1212.47	0.00	6.11	370.00
	1212.48	0.00	6.12	365.00
	1212.49	0.00	6.14	355.00
	1212.50	0.00	6.16	347.00
	1212.52	0.00	6.18	341.00
	1212.53	0.00	6.19	335.00
	1212.54	0.00	6.22	329.00
	1212.55	0.00	6.22	326.00
	1212.56	0.00	6.26	320.00
	1212.57	0.00	6.30	312.00
	1212.58	0.00	6.33	307.00
	1212.60	0.00	6.61	251.00
	1212.61	0.00	7.47	250.00
	1212.62	0.00	6.68	199.00
	1212.63	0.00	6.58	198.00
	1212.64	0.00	6.61	201.00
	1212.65	0.00	6.53	198.00
	1212.66	0.00	6.56	200.00
	1212.68	0.00	6.53	199.00
	1212.69	0.00	6.53	199.00
	1212.70	0.00	6.53	199.00
	1212.71	0.00	6.65	197.00
	1212.72	0.00	6.65	197.00
	1212.73	0.00	6.64	196.00
	1212.75	0.00	6.63	195.00
	1212.76	0.00	6.63	195.00
	1212.77	0.00	6.60	193.00
	1212.78	0.00	6.56	191.00
	1212.79	0.00	6.54	190.00
	1212.80	0.00	6.48	188.00
	1212.81	0.00	6.42	185.00
	1212.82	0.00	6.39	183.00
	1212.84	0.00	6.40	181.00
	1212.85	0.00	6.43	178.00
	1212.86	0.00	6.46	178.00
	1212.87	0.00	6.38	176.00
	1212.88	0.00	6.31	174.00
	1212.90	0.00	6.32	174.00
	1212.91	0.00	6.35	174.00
	1212.92	0.00	6.40	174.00
	1212.93	0.00	6.38	173.00
	1212.94	0.00	6.38	173.00
	1212.95	0.00	6.39	173.00
	1212.96	0.00	6.38	173.00
	1212.98	0.00	6.41	173.00
	1212.99	0.00	6.38	173.00
	1213.00	0.00	6.41	173.00
	1213.01	0.00	6.41	173.00
	1213.02	0.00	6.41	173.00
	1213.03	0.00	6.41	173.00
	1213.04	0.00	6.42	173.00
	1213.06	0.00	6.39	172.00
	1213.07	0.00	6.42	173.00
	1213.08	0.00	6.43	173.00
	1213.09	0.00	6.41	172.00
	1213.10	0.00	6.41	172.00
	1213.11	0.00	6.41	172.00
	1213.13	0.00	6.41	172.00
	1213.14	0.00	6.41	172.00
	1213.15	0.00	6.41	171.00
	1213.16	0.00	6.40	171.00
	1213.17	0.00	6.40	171.00
	1213.18	0.00	6.40	171.00
	1213.19	0.00	6.47	173.00
	1213.21	0.00	6.47	173.00
	1213.22	0.00	6.47	173.00
	1213.23	0.00	6.47	173.00
	1213.24	0.00	6.42	171.00
	1213.25	0.00	6.47	173.00
	1213.26	0.00	6.47	173.00
	1213.28	0.00	6.47	173.00
	1213.29	0.00	6.45	172.00
	1213.30	0.00	6.41	170.00
	1213.31	0.00	6.43	172.00
	1213.32	0.00	6.43	172.00
	1213.33	0.00	6.46	172.00
	1213.34	0.00	6.45	172.00
	1213.36	0.00	6.46	173.00
	1213.37	0.00	6.46	173.00
	1213.38	0.00	6.44	174.00
	1213.39	0.00	6.48	174.00
	1213.40	0.00	6.43	173.00
	1213.41	0.00	6.01	275.00
	1213.43	0.00	5.99	287.00
	1213.44	0.00	5.97	295.00
	1213.45	0.00	5.97	300.00
	1213.46	0.00	6.07	309.00
	1213.47	0.00	6.07	310.00
	1213.48	0.00	6.07	312.00
	1213.50	0.00	6.07	314.00
	1213.51	0.00	6.07	315.00
	1213.52	0.00	6.08	317.00
	1213.53	0.00	6.08	319.00
	1213.54	0.00	6.09	322.00
	1213.55	0.00	6.08	326.00
	1213.56	0.00	6.07	331.00
	1213.58	0.00	6.06	334.00
	1213.59	0.00	6.06	337.00
	1213.60	0.00	6.03	342.00
	1213.61	0.00	5.85	400.00
	1213.62	0.00	5.84	405.00
	1213.63	0.00	5.85	410.00
	1213.64	0.00	5.82	413.00
	1213.66	0.00	5.83	417.00
	1213.67	0.00	5.83	418.00
	1213.68	0.00	5.82	421.00
	1213.69	0.00	5.82	422.00
	1213.70	0.00	5.81	424.00
	1213.71	0.00	5.81	426.00
	1213.72	0.00	5.83	427.00
	1213.74	0.00	5.84	427.00
	1213.75	0.00	5.84	426.00
	1213.76	0.00	5.84	425.00
	1213.77	0.00	5.84	424.00
	1213.78	0.00	5.84	424.00
	1213.80	0.00	5.84	426.00
	1213.81	0.00	5.84	426.00
	1213.82	0.00	5.84	426.00
	1213.83	0.00	5.83	426.00
	1213.84	0.00	5.84	426.00
	1213.85	0.00	5.85	426.00
	1213.86	0.00	5.85	424.00
	1213.88	0.00	5.86	423.00
	1213.89	0.00	5.86	423.00
	1213.90	0.00	5.84	422.00
	1213.91	0.00	5.78	421.00
	1213.92	0.00	5.80	420.00
	1213.93	0.00	5.79	421.00
	1213.94	0.00	5.78	419.00
	1213.96	0.00	5.77	419.00
	1213.97	0.00	5.78	418.00
	1213.98	0.00	5.77	418.00
	1213.99	0.00	5.78	420.00
	1214.00	0.00	5.78	419.00
	1214.01	0.00	5.78	418.00
	1214.02	0.00	5.76	418.00
	1214.04	0.00	5.77	417.00
	1214.05	0.00	5.78	417.00
	1214.06	0.00	5.79	417.00
	1214.07	0.00	5.78	417.00
	1214.08	0.00	5.79	418.00
	1214.09	0.00	5.78	415.00
	1214.10	0.00	5.77	419.00
	1214.12	0.00	5.77	419.00
	1214.13	0.00	5.77	419.00
	1214.14	0.00	5.77	420.00
	1214.15	0.00	5.76	418.00
	1214.16	0.00	5.77	419.00
	1214.17	0.00	5.70	418.00
	1214.19	0.00	5.71	417.00
	1214.20	0.00	5.71	416.00
	1214.21	0.00	5.71	417.00
	1214.22	0.00	5.71	418.00
	1214.23	0.00	5.71	416.00
	1214.24	0.00	5.72	417.00
	1214.26	0.00	5.71	417.00
	1214.27	0.00	5.72	418.00
	1214.28	0.00	5.72	418.00
	1214.29	0.00	5.72	418.00
	1214.30	0.00	5.72	418.00
	1214.31	0.00	5.72	418.00
	1214.32	0.00	5.72	418.00
	1214.34	0.00	5.73	418.00
	1214.35	0.00	5.72	417.00
	1214.36	0.00	5.72	417.00
	1214.37	0.00	5.72	415.00
	1214.38	0.00	5.72	416.00
	1214.39	0.00	5.70	414.00
	1214.40	0.00	5.70	414.00
	1214.42	0.00	5.72	414.00
	1214.43	0.00	5.72	414.00
	1214.44	0.00	5.72	413.00
	1214.45	0.00	5.72	414.00
	1214.46	0.00	5.73	413.00
	1214.47	0.00	5.73	412.00
	1214.48	0.00	5.73	410.00
	1214.50	0.00	5.73	410.00
	1214.51	0.00	5.73	410.00
	1214.52	0.00	5.73	410.00
	1214.53	0.00	5.73	411.00
	1214.54	0.00	5.73	410.00
	1214.56	0.00	5.79	414.00
	1214.57	0.00	5.78	414.00
	1214.58	0.00	5.78	413.00
	1214.59	0.00	5.81	413.00
	1214.60	0.00	5.80	412.00
	1214.61	0.00	5.80	412.00
	1214.62	0.00	5.79	413.00
	1214.64	0.00	5.79	411.00
	1214.65	0.00	5.80	415.00
	1214.66	0.00	5.79	414.00
	1214.67	0.00	5.78	415.00
	1214.68	0.00	5.78	415.00
	1214.69	0.00	5.78	415.00
	1214.70	0.00	5.81	414.00
	1214.71	0.00	5.80	412.00
	1214.73	0.00	5.81	412.00
	1214.74	0.00	5.81	411.00
	1214.75	0.00	5.80	411.00
	1214.76	0.00	5.81	408.00
	1214.77	0.00	5.80	404.00
	1214.78	0.00	5.80	404.00
	1214.80	0.00	5.81	403.00
	1214.81	0.00	5.83	399.00
	1214.82	0.00	5.84	393.00
	1214.83	0.00	6.04	342.00
	1214.84	0.00	6.05	340.00
	1214.85	0.00	6.04	335.00
	1214.86	0.00	6.05	332.00
	1214.88	0.00	6.10	335.00
	1214.89	0.00	6.16	335.00
	1214.90	0.00	6.15	336.00
	1214.91	0.00	6.16	335.00
	1214.92	0.00	6.16	335.00
	1214.93	0.00	6.15	336.00
	1214.94	0.00	6.15	336.00
	1214.96	0.00	6.15	335.00
	1214.97	0.00	6.14	334.00
	1214.98	0.00	6.15	336.00
	1214.99	0.00	6.14	334.00
	1215.00	0.00	6.14	336.00
	1215.01	0.00	6.13	339.00
	1215.03	0.00	6.14	339.00
	1215.04	0.00	6.13	339.00
	1215.05	0.00	6.13	340.00
	1215.06	0.00	6.12	341.00
	1215.07	0.00	6.13	340.00
	1215.08	0.00	6.12	341.00
	1215.09	0.00	6.12	342.00
	1215.11	0.00	6.11	343.00
	1215.12	0.00	6.11	344.00
	1215.13	0.00	5.91	395.00
	1215.14	0.00	5.91	397.00
	1215.15	0.00	5.91	398.00
	1215.16	0.00	5.89	399.00
	1215.18	0.00	5.89	399.00
	1215.19	0.00	5.91	398.00
	1215.20	0.00	5.92	397.00
	1215.21	0.00	5.90	400.00
	1215.22	0.00	5.92	402.00
	1215.23	0.00	5.92	402.00
	1215.25	0.00	5.92	403.00
	1215.26	0.00	5.93	403.00
	1215.27	0.00	5.92	403.00
	1215.28	0.00	5.86	401.00
	1215.29	0.00	5.86	400.00
	1215.30	0.00	5.88	399.00
	1215.31	0.00	5.87	400.00
	1215.33	0.00	5.87	397.00
	1215.34	0.00	5.88	396.00
	1215.35	0.00	5.87	395.00
	1215.36	0.00	5.89	392.00
	1215.37	0.00	5.89	392.00
	1215.38	0.00	5.89	391.00
	1215.39	0.00	5.89	391.00
	1215.41	0.00	5.90	391.00
	1215.42	0.00	5.89	391.00
	1215.43	0.00	6.08	340.00
	1215.44	0.00	6.10	338.00
	1215.45	0.00	6.11	338.00
	1215.46	0.00	6.13	337.00
	1215.47	0.00	6.13	334.00
	1215.49	0.00	6.14	333.00
	1215.50	0.00	6.13	334.00
	1215.51	0.00	6.13	333.00
	1215.52	0.00	6.12	336.00
	1215.53	0.00	6.11	337.00
	1215.54	0.00	6.11	336.00
	1215.56	0.00	6.11	336.00
	1215.57	0.00	6.12	334.00
	1215.58	0.00	6.06	333.00
	1215.59	0.00	6.06	333.00
	1215.60	0.00	6.06	333.00
	1215.61	0.00	6.07	332.00
	1215.63	0.00	6.06	331.00
	1215.64	0.00	6.06	331.00
	1215.65	0.00	6.06	331.00
	1215.66	0.00	6.06	331.00
	1215.67	0.00	6.06	331.00
	1215.68	0.00	6.07	331.00
	1215.69	0.00	6.07	330.00
	1215.70	0.00	6.07	331.00
	1215.72	0.00	6.07	331.00
	1215.73	0.00	6.06	331.00
	1215.74	0.00	6.06	331.00
	1215.75	0.00	6.07	331.00
	1215.76	0.00	6.07	331.00
	1215.77	0.00	6.07	331.00
	1215.79	0.00	6.07	331.00
	1215.80	0.00	6.07	330.00
	1215.81	0.00	6.05	329.00
	1215.82	0.00	6.07	329.00
	1215.83	0.00	6.05	328.00
	1215.84	0.00	6.07	329.00
	1215.85	0.00	6.08	328.00
	1215.87	0.00	6.07	327.00
	1215.88	0.00	6.05	326.00
	1215.89	0.00	6.08	327.00
	1215.90	0.00	6.06	328.00
	1215.91	0.00	6.05	327.00
	1215.92	0.00	6.06	327.00
	1215.94	0.00	6.04	326.00
	1215.95	0.00	6.05	327.00
	1215.96	0.00	6.06	326.00
	1215.97	0.00	6.07	327.00
	1215.98	0.00	6.06	327.00
	1215.99	0.00	6.07	327.00
	1216.00	0.00	6.11	328.00
	1216.02	0.00	6.10	328.00
	1216.03	0.00	6.10	329.00
	1216.04	0.00	6.12	330.00
	1216.05	0.00	6.10	329.00
	1216.06	0.00	6.10	328.00
	1216.07	0.00	6.10	329.00
	1216.08	0.00	6.10	330.00
	1216.10	0.00	6.10	330.00
	1216.11	0.00	6.10	330.00
	1216.12	0.00	6.11	328.00
	1216.13	0.00	6.10	329.00
	1216.14	0.00	6.12	328.00
	1216.15	0.00	6.12	328.00
	1216.17	0.00	6.10	328.00
	1216.18	0.00	6.10	327.00
	1216.19	0.00	6.10	327.00
	1216.20	0.00	6.10	327.00
	1216.21	0.00	6.10	326.00
	1216.22	0.00	6.08	327.00
	1216.23	0.00	6.07	327.00
	1216.25	0.00	6.09	327.00
	1216.26	0.00	6.08	327.00
	1216.27	0.00	6.09	327.00
	1216.28	0.00	6.06	326.00
	1216.29	0.00	6.07	326.00
	1216.30	0.00	6.07	326.00
	1216.31	0.00	6.07	327.00
	1216.33	0.00	6.08	327.00
	1216.34	0.00	6.16	332.00
	1216.35	0.00	6.15	332.00
	1216.36	0.00	6.14	333.00
	1216.37	0.00	6.15	333.00
	1216.39	0.00	6.15	333.00
	1216.40	0.00	6.15	335.00
	1216.41	0.00	6.17	334.00
	1216.42	0.00	6.16	334.00
	1216.43	0.00	6.16	334.00
	1216.44	0.00	6.16	334.00
	1216.45	0.00	6.17	333.00
	1216.46	0.00	6.14	335.00
	1216.48	0.00	6.14	336.00
	1216.49	0.00	6.11	337.00
	1216.50	0.00	5.92	389.00
	1216.51	0.00	5.92	392.00
	1216.52	0.00	5.92	394.00
	1216.53	0.00	5.90	394.00
	1216.55	0.00	5.90	397.00
	1216.56	0.00	5.91	396.00
	1216.57	0.00	5.90	398.00
	1216.58	0.00	5.90	398.00
	1216.59	0.00	5.88	398.00
	1216.60	0.00	5.89	398.00
	1216.61	0.00	5.89	398.00
	1216.63	0.00	5.87	402.00
	1216.64	0.00	5.88	403.00
	1216.65	0.00	5.86	406.00
	1216.66	0.00	5.85	407.00
	1216.67	0.00	5.86	409.00
	1216.68	0.00	5.85	413.00
	1216.69	0.00	5.86	415.00
	1216.71	0.00	5.83	416.00
	1216.72	0.00	5.84	418.00
	1216.73	0.00	5.84	422.00
	1216.74	0.00	5.79	421.00
	1216.75	0.00	5.76	423.00
	1216.76	0.00	5.78	422.00
	1216.78	0.00	5.76	423.00
	1216.79	0.00	5.76	424.00
	1216.80	0.00	5.76	425.00
	1216.81	0.00	5.76	427.00
	1216.82	0.00	5.76	427.00
	1216.83	0.00	5.75	427.00
	1216.84	0.00	5.75	429.00
	1216.86	0.00	5.77	429.00
	1216.87	0.00	5.76	427.00
	1216.88	0.00	5.79	426.00
	1216.89	0.00	5.78	426.00
	1216.90	0.00	5.76	427.00
	1216.91	0.00	5.75	432.00
	1216.93	0.00	5.75	432.00
	1216.94	0.00	5.75	431.00
	1216.95	0.00	5.71	431.00
	1216.96	0.00	5.68	429.00
	1216.97	0.00	5.69	429.00
	1216.98	0.00	5.68	430.00
	1217.00	0.00	5.69	427.00
	1217.01	0.00	5.69	428.00
	1217.02	0.00	5.69	427.00
	1217.03	0.00	5.70	427.00
	1217.04	0.00	5.69	427.00
	1217.05	0.00	5.69	426.00
	1217.06	0.00	5.69	426.00
	1217.07	0.00	5.71	426.00
	1217.09	0.00	5.70	426.00
	1217.10	0.00	5.71	424.00
	1217.11	0.00	5.72	424.00
	1217.12	0.00	5.70	424.00
	1217.13	0.00	5.71	422.00
	1217.14	0.00	5.71	421.00
	1217.16	0.00	5.71	420.00
	1217.17	0.00	5.72	418.00
	1217.18	0.00	5.73	417.00
	1217.19	0.00	5.73	416.00
	1217.20	0.00	5.73	416.00
	1217.21	0.00	5.75	415.00
	1217.22	0.00	5.77	416.00
	1217.23	0.00	5.79	414.00
	1217.25	0.00	5.77	416.00
	1217.26	0.00	5.77	415.00
	1217.27	0.00	5.77	414.00
	1217.28	0.00	5.77	411.00
	1217.29	0.00	5.80	409.00
	1217.30	0.00	5.80	409.00
	1217.32	0.00	5.80	404.00
	1217.33	0.00	5.79	404.00
	1217.34	0.00	5.80	403.00
	1217.35	0.00	5.80	404.00
	1217.36	0.00	5.82	402.00
	1217.37	0.00	5.79	401.00
	1217.39	0.00	5.81	401.00
	1217.40	0.00	5.81	401.00
	1217.41	0.00	5.81	401.00
	1217.42	0.00	5.82	400.00
	1217.43	0.00	5.81	400.00
	1217.44	0.00	5.83	398.00
	1217.45	0.00	5.82	402.00
	1217.47	0.00	5.80	402.00
	1217.48	0.00	5.81	402.00
	1217.49	0.00	5.79	401.00
	1217.50	0.00	5.78	402.00
	1217.51	0.00	5.79	402.00
	1217.52	0.00	5.78	402.00
	1217.54	0.00	5.86	408.00
	1217.55	0.00	5.86	408.00
	1217.56	0.00	5.86	409.00
	1217.57	0.00	5.87	407.00
	1217.58	0.00	5.87	408.00
	1217.59	0.00	5.87	408.00
	1217.60	0.00	5.87	407.00
	1217.62	0.00	5.87	407.00
	1217.63	0.00	5.85	413.00
	1217.64	0.00	5.85	413.00
	1217.65	0.00	5.86	412.00
	1217.66	0.00	5.86	413.00
	1217.67	0.00	5.85	413.00
	1217.69	0.00	5.85	414.00
	1217.70	0.00	5.85	416.00
	1217.71	0.00	5.81	414.00
	1217.72	0.00	5.84	416.00
	1217.73	0.00	5.85	416.00
	1217.74	0.00	5.85	416.00
	1217.75	0.00	5.85	417.00
	1217.77	0.00	5.83	417.00
	1217.78	0.00	5.83	419.00
	1217.79	0.00	5.83	418.00
	1217.80	0.00	5.83	421.00
	1217.81	0.00	5.84	421.00
	1217.82	0.00	5.82	422.00
	1217.83	0.00	5.83	423.00
	1217.85	0.00	5.83	422.00
	1217.86	0.00	5.83	423.00
	1217.87	0.00	5.84	422.00
	1217.88	0.00	5.84	421.00
	1217.89	0.00	5.84	422.00
	1217.90	0.00	5.84	422.00
	1217.92	0.00	5.83	423.00
	1217.93	0.00	5.83	423.00
	1217.94	0.00	5.83	423.00
	1217.95	0.00	5.83	424.00
	1217.96	0.00	5.84	424.00
	1217.97	0.00	5.85	425.00
	1217.98	0.00	5.80	424.00
	1218.00	0.00	5.80	423.00
	1218.01	0.00	5.79	424.00
	1218.02	0.00	5.79	423.00
	1218.03	0.00	5.79	424.00
	1218.04	0.00	5.78	421.00
	1218.05	0.00	5.78	422.00
	1218.06	0.00	5.78	421.00
	1218.07	0.00	5.80	420.00
	1218.09	0.00	5.80	423.00
	1218.10	0.00	5.79	423.00
	1218.11	0.00	5.82	422.00
	1218.12	0.00	5.80	419.00
	1218.13	0.00	5.80	419.00
	1218.15	0.00	5.81	418.00
	1218.16	0.00	5.80	419.00
	1218.17	0.00	5.79	424.00
	1218.18	0.00	5.79	424.00
	1218.19	0.00	5.80	425.00
	1218.20	0.00	5.78	424.00
	1218.21	0.00	5.72	422.00
	1218.22	0.00	5.72	424.00
	1218.24	0.00	5.72	422.00
	1218.25	0.00	5.73	421.00
	1218.26	0.00	5.72	422.00
	1218.27	0.00	5.73	422.00
	1218.28	0.00	5.73	422.00
	1218.29	0.00	5.73	423.00
	1218.31	0.00	5.74	422.00
	1218.32	0.00	5.73	423.00
	1218.33	0.00	5.73	424.00
	1218.34	0.00	5.73	423.00
	1218.35	0.00	5.74	424.00
	1218.36	0.00	5.71	423.00
	1218.37	0.00	5.73	424.00
	1218.39	0.00	5.72	425.00
	1218.40	0.00	5.72	425.00
	1218.41	0.00	5.72	423.00
	1218.42	0.00	5.71	422.00
	1218.43	0.00	5.72	422.00
	1218.44	0.00	5.71	422.00
	1218.45	0.00	5.72	422.00
	1218.47	0.00	5.72	422.00
	1218.48	0.00	5.71	422.00
	1218.49	0.00	5.72	422.00
	1218.50	0.00	5.70	421.00
	1218.51	0.00	5.76	422.00
	1218.52	0.00	5.76	422.00
	1218.54	0.00	5.76	422.00
	1218.55	0.00	5.76	422.00
	1218.56	0.00	5.76	422.00
	1218.57	0.00	5.75	425.00
	1218.58	0.00	5.75	425.00
	1218.59	0.00	5.75	425.00
	1218.60	0.00	5.75	425.00
	1218.62	0.00	5.77	424.00
	1218.63	0.00	5.75	424.00
	1218.64	0.00	5.75	422.00
	1218.65	0.00	5.76	421.00
	1218.66	0.00	5.76	421.00
	1218.67	0.00	5.75	421.00
	1218.69	0.00	5.73	423.00
	1218.70	0.00	5.73	420.00
	1218.71	0.00	5.74	420.00
	1218.72	0.00	5.81	424.00
	1218.73	0.00	5.81	424.00
	1218.74	0.00	5.82	422.00
	1218.75	0.00	5.83	422.00
	1218.77	0.00	5.82	423.00
	1218.78	0.00	5.80	426.00
	1218.79	0.00	5.81	428.00
	1218.80	0.00	5.81	427.00
	1218.81	0.00	5.78	424.00
	1218.82	0.00	5.81	426.00
	1218.83	0.00	5.80	424.00
	1218.85	0.00	5.82	427.00
	1218.86	0.00	5.81	425.00
	1218.87	0.00	5.81	425.00
	1218.88	0.00	5.81	424.00
	1218.89	0.00	5.81	426.00
	1218.90	0.00	5.81	426.00
	1218.92	0.00	5.81	425.00
	1218.93	0.00	5.81	425.00
	1218.94	0.00	5.81	424.00
	1218.95	0.00	5.81	425.00
	1218.96	0.00	5.83	426.00
	1218.97	0.00	5.81	425.00
	1218.98	0.00	5.81	426.00
	1219.00	0.00	5.81	428.00
	1219.01	0.00	5.83	429.00
	1219.02	0.00	5.84	429.00
	1219.03	0.00	5.81	428.00
	1219.04	0.00	5.77	427.00
	1219.05	0.00	5.77	427.00
	1219.06	0.00	5.77	427.00
	1219.08	0.00	5.76	428.00
	1219.09	0.00	5.77	427.00
	1219.10	0.00	5.77	427.00
	1219.11	0.00	5.77	428.00
	1219.12	0.00	5.75	428.00
	1219.13	0.00	5.77	428.00
	1219.15	0.00	5.75	429.00
	1219.16	0.00	5.75	428.00
	1219.17	0.00	5.75	429.00
	1219.18	0.00	5.77	430.00
	1219.19	0.00	5.78	428.00
	1219.20	0.00	5.79	428.00
	1219.21	0.00	5.75	432.00
	1219.23	0.00	5.75	432.00
	1219.24	0.00	5.75	432.00
	1219.25	0.00	5.75	432.00
	1219.26	0.00	5.76	433.00
	1219.27	0.00	5.71	431.00
	1219.28	0.00	5.71	431.00
	1219.30	0.00	5.70	432.00
	1219.31	0.00	5.72	431.00
	1219.32	0.00	5.71	431.00
	1219.33	0.00	5.71	433.00
	1219.34	0.00	5.68	433.00
	1219.35	0.00	5.70	434.00
	1219.36	0.00	5.69	433.00
	1219.38	0.00	5.70	435.00
	1219.39	0.00	5.70	436.00
	1219.40	0.00	5.68	435.00
	1219.41	0.00	5.69	436.00
	1219.42	0.00	5.69	435.00
	1219.43	0.00	5.68	435.00
	1219.44	0.00	5.70	435.00
	1219.46	0.00	5.68	435.00
	1219.47	0.00	5.69	436.00
	1219.48	0.00	5.69	436.00
	1219.49	0.00	5.68	437.00
	1219.50	0.00	5.68	437.00
	1219.51	0.00	5.67	437.00
	1219.53	0.00	5.67	435.00
	1219.54	0.00	5.67	436.00
	1219.55	0.00	5.66	435.00
	1219.56	0.00	5.67	436.00
	1219.57	0.00	5.71	436.00
	1219.58	0.00	5.74	436.00
	1219.59	0.00	5.74	435.00
	1219.60	0.00	5.73	436.00
	1219.62	0.00	5.73	437.00
	1219.63	0.00	5.73	436.00
	1219.64	0.00	5.72	440.00
	1219.65	0.00	5.72	439.00
	1219.66	0.00	5.72	439.00
	1219.68	0.00	5.72	439.00
	1219.69	0.00	5.72	438.00
	1219.70	0.00	5.72	439.00
	1219.71	0.00	5.72	438.00
	1219.72	0.00	5.72	438.00
	1219.73	0.00	5.72	438.00
	1219.74	0.00	5.73	437.00
	1219.76	0.00	5.71	434.00
	1219.77	0.00	5.72	435.00
	1219.78	0.00	5.72	436.00
	1219.79	0.00	5.71	433.00
	1219.80	0.00	5.70	432.00
	1219.81	0.00	5.70	432.00
	1219.82	0.00	5.70	432.00
	1219.83	0.00	5.78	436.00
	1219.85	0.00	5.80	436.00
	1219.86	0.00	5.79	434.00
	1219.87	0.00	5.79	435.00
	1219.88	0.00	5.78	440.00
	1219.89	0.00	5.79	440.00
	1219.90	0.00	5.79	440.00
	1219.92	0.00	5.77	440.00
	1219.93	0.00	5.77	440.00
	1219.94	0.00	5.77	440.00
	1219.95	0.00	5.76	439.00
	1219.96	0.00	5.77	441.00
	1219.97	0.00	5.77	442.00
	1219.98	0.00	5.77	442.00
	1220.00	0.00	5.77	443.00
	1220.01	0.00	5.76	441.00
	1220.02	0.00	5.77	442.00
	1220.03	0.00	5.77	442.00
	1220.04	0.00	5.77	444.00
	1220.05	0.00	5.77	444.00
	1220.06	0.00	5.76	446.00
	1220.08	0.00	5.77	447.00
	1220.09	0.00	5.76	447.00
	1220.10	0.00	5.77	446.00
	1220.11	0.00	5.76	448.00
	1220.12	0.00	5.77	448.00
	1220.13	0.00	5.76	449.00
	1220.15	0.00	5.76	449.00
	1220.16	0.00	5.76	449.00
	1220.17	0.00	5.77	449.00
	1220.18	0.00	5.76	450.00
	1220.19	0.00	5.77	450.00
	1220.20	0.00	5.77	452.00
	1220.21	0.00	5.77	452.00
	1220.23	0.00	5.77	452.00
	1220.24	0.00	5.78	452.00
	1220.25	0.00	5.72	452.00
	1220.26	0.00	5.70	452.00
	1220.27	0.00	5.72	452.00
	1220.28	0.00	5.72	452.00
	1220.30	0.00	5.71	450.00
	1220.31	0.00	5.71	451.00
	1220.32	0.00	5.71	451.00
	1220.33	0.00	5.71	451.00
	1220.34	0.00	5.72	453.00
	1220.35	0.00	5.70	454.00
	1220.36	0.00	5.70	453.00
	1220.38	0.00	5.72	453.00
	1220.39	0.00	5.72	453.00
	1220.40	0.00	5.74	454.00
	1220.41	0.00	5.72	454.00
	1220.42	0.00	5.73	454.00
	1220.43	0.00	5.72	454.00
	1220.44	0.00	5.72	452.00
	1220.46	0.00	5.74	449.00
	1220.47	0.00	5.71	457.00
	1220.48	0.00	5.71	457.00
	1220.49	0.00	5.72	457.00
	1220.50	0.00	5.73	456.00
	1220.51	0.00	5.70	455.00
	1220.53	0.00	5.71	456.00
	1220.54	0.00	5.70	457.00
	1220.55	0.00	5.66	455.00
	1220.56	0.00	5.65	455.00
	1220.57	0.00	5.65	455.00
	1220.58	0.00	5.66	454.00
	1220.59	0.00	5.66	455.00
	1220.60	0.00	5.65	455.00
	1220.62	0.00	5.66	455.00
	1220.63	0.00	5.65	454.00
	1220.64	0.00	5.65	454.00
	1220.65	0.00	5.66	453.00
	1220.66	0.00	5.65	454.00
	1220.67	0.00	5.68	453.00
	1220.69	0.00	5.66	453.00
	1220.70	0.00	5.66	453.00
	1220.71	0.00	5.66	454.00
	1220.72	0.00	5.66	453.00
	1220.73	0.00	5.66	453.00
	1220.74	0.00	5.66	453.00
	1220.76	0.00	5.67	452.00
	1220.77	0.00	5.67	452.00
	1220.78	0.00	5.67	452.00
	1220.79	0.00	5.68	450.00
	1220.80	0.00	5.68	450.00
	1220.81	0.00	5.68	448.00
	1220.82	0.00	5.68	447.00
	1220.83	0.00	5.66	445.00
	1220.85	0.00	5.66	443.00
	1220.86	0.00	5.67	442.00
	1220.87	0.00	5.67	440.00
	1220.88	0.00	5.67	436.00
	1220.89	0.00	5.67	433.00
	1220.90	0.00	5.67	429.00
	1220.92	0.00	5.66	426.00
	1220.93	0.00	5.67	425.00
	1220.94	0.00	5.71	426.00
	1220.95	0.00	5.75	425.00
	1220.96	0.00	5.73	422.00
	1220.97	0.00	5.72	420.00
	1220.98	0.00	5.73	421.00
	1221.00	0.00	5.72	424.00
	1221.01	0.00	5.70	428.00
	1221.02	0.00	5.70	430.00
	1221.03	0.00	5.68	432.00
	1221.04	0.00	5.67	436.00
	1221.05	0.00	5.69	438.00
	1221.06	0.00	5.68	439.00
	1221.08	0.00	5.66	445.00
	1221.09	0.00	5.64	445.00
	1221.10	0.00	5.62	449.00
	1221.11	0.00	5.61	454.00
	1221.12	0.00	5.62	463.00
	1221.14	0.00	5.67	475.00
	1221.15	0.00	5.65	486.00
	1221.16	0.00	5.63	497.00
	1221.17	0.00	5.62	512.00
	1221.18	0.00	5.58	534.00
	1221.19	0.00	5.54	552.00
	1221.20	0.00	5.53	570.00
	1221.21	0.00	5.48	588.00
	1221.23	0.00	5.24	658.00
	1221.24	0.00	5.23	678.00
	1221.25	0.00	5.19	691.00
	1221.26	0.00	5.19	706.00
	1221.27	0.00	5.18	716.00
	1221.28	0.00	5.17	724.00
	1221.30	0.00	5.14	735.00
	1221.31	0.00	5.14	742.00
	1221.32	0.00	5.40	794.00
	1221.33	0.00	5.40	797.00
	1221.34	0.00	5.39	797.00
	1221.35	0.00	5.40	801.00
	1221.36	0.00	5.39	801.00
	1221.38	0.00	5.39	800.00
	1221.39	0.00	5.38	800.00
	1221.40	0.00	5.38	798.00
	1221.41	0.00	5.13	746.00
	1221.42	0.00	5.38	797.00
	1221.43	0.00	5.39	795.00
	1221.44	0.00	5.13	745.00
	1221.46	0.00	5.14	744.00
	1221.47	0.00	5.10	742.00
	1221.48	0.00	5.10	740.00
	1221.49	0.00	5.11	738.00
	1221.50	0.00	5.10	739.00
	1221.51	0.00	5.10	739.00
	1221.53	0.00	5.11	735.00
	1221.54	0.00	5.09	736.00
	1221.55	0.00	5.09	737.00
	1221.56	0.00	5.09	737.00
	1221.57	0.00	5.09	737.00
	1221.58	0.00	5.09	738.00
	1221.59	0.00	5.08	739.00
	1221.61	0.00	5.09	739.00
	1221.62	0.00	5.10	732.00
	1221.63	0.00	5.10	728.00
	1221.64	0.00	5.11	725.00
	1221.65	0.00	5.12	724.00
	1221.66	0.00	5.12	721.00
	1221.68	0.00	5.11	719.00
	1221.69	0.00	5.11	717.00
	1221.70	0.00	5.13	710.00
	1221.71	0.00	5.09	703.00
	1221.72	0.00	5.12	692.00
	1221.73	0.00	5.15	672.00
	1221.74	0.00	5.38	610.00
	1221.75	0.00	5.41	591.00
	1221.77	0.00	5.45	568.00
	1221.78	0.00	5.49	547.00
	1221.79	0.00	5.53	518.00
	1221.80	0.00	5.60	476.00
	1221.81	0.00	5.69	440.00
	1221.82	0.00	5.92	349.00
	1221.83	0.00	5.97	324.00
	1221.85	0.00	6.04	303.00
	1221.86	0.00	6.05	283.00
	1221.87	0.00	6.37	178.00
	1221.88	0.00	6.41	178.00
	1221.89	0.00	6.42	178.00
	1221.90	0.00	6.42	177.00
	1221.92	0.00	6.42	177.00
	1221.93	0.00	6.42	176.00
	1221.94	0.00	6.11	226.00
	1221.95	0.00	6.09	225.00
	1221.96	0.00	6.09	225.00
	1221.97	0.00	6.08	224.00
	1221.98	0.00	6.05	223.00
	1222.00	0.00	6.06	224.00
	1222.01	0.00	6.05	222.00
	1222.02	0.00	6.09	222.00
	1222.03	0.00	6.11	222.00
	1222.04	0.00	6.11	221.00
	1222.05	0.00	6.13	222.00
	1222.07	0.00	6.45	172.00
	1222.08	0.00	6.50	173.00
	1222.09	0.00	6.49	173.00
	1222.10	0.00	6.50	173.00
	1222.11	0.00	6.50	173.00
	1222.12	0.00	6.19	223.00
	1222.14	0.00	6.19	223.00
	1222.15	0.00	6.51	173.00
	1222.16	0.00	6.49	172.00
	1222.17	0.00	6.51	173.00
	1222.18	0.00	6.49	172.00
	1222.19	0.00	6.49	172.00
	1222.20	0.00	6.50	173.00
	1222.22	0.00	6.49	172.00
	1222.23	0.00	6.49	172.00
	1222.24	0.00	6.50	172.00
	1222.25	0.00	6.50	172.00
	1222.26	0.00	6.49	171.00
	1222.27	0.00	6.48	171.00
	1222.29	0.00	6.45	170.00
	1222.30	0.00	6.48	171.00
	1222.31	0.00	6.56	174.00
	1222.32	0.00	6.54	173.00
	1222.33	0.00	6.56	174.00
	1222.34	0.00	6.58	174.00
	1222.35	0.00	6.56	174.00
	1222.37	0.00	6.55	173.00
	1222.38	0.00	6.54	173.00
	1222.39	0.00	6.58	174.00
	1222.40	0.00	6.56	174.00
	1222.41	0.00	6.56	174.00
	1222.42	0.00	6.54	173.00
	1222.44	0.00	6.57	173.00
	1222.45	0.00	6.53	172.00
	1222.46	0.00	6.58	174.00
	1222.47	0.00	6.56	174.00
	1222.48	0.00	6.56	174.00
	1222.49	0.00	6.56	174.00
	1222.51	0.00	6.56	174.00
	1222.52	0.00	6.56	174.00
	1222.53	0.00	6.58	174.00
	1222.54	0.00	6.59	174.00
	1222.55	0.00	6.58	174.00
	1222.56	0.00	6.58	174.00
	1222.57	0.00	6.58	174.00
	1222.58	0.00	6.58	174.00
	1222.60	0.00	6.58	174.00
	1222.61	0.00	6.58	174.00
	1222.62	0.00	6.58	174.00
	1222.63	0.00	6.58	174.00
	1222.64	0.00	6.58	174.00
	1222.65	0.00	6.59	174.00
	1222.67	0.00	6.61	174.00
	1222.68	0.00	6.61	174.00
	1222.69	0.00	6.61	173.00
	1222.70	0.00	6.62	174.00
	1222.71	0.00	6.59	174.00
	1222.72	0.00	6.50	173.00
	1222.73	0.00	6.54	174.00
	1222.75	0.00	6.53	175.00
	1222.76	0.00	6.21	226.00
	1222.77	0.00	6.09	280.00
	1222.78	0.00	6.07	287.00
	1222.79	0.00	6.06	294.00
	1222.81	0.00	5.83	348.00
	1222.82	0.00	5.84	350.00
	1222.83	0.00	5.84	354.00
	1222.84	0.00	6.05	305.00
	1222.85	0.00	6.08	306.00
	1222.86	0.00	6.05	305.00
	1222.88	0.00	7.56	357.00
	1222.89	0.00	7.57	358.00
	1222.90	0.00	7.60	365.00
	1222.91	0.00	7.55	369.00
	1222.92	0.00	7.22	432.00
	1222.93	0.00	7.14	457.00
	1222.94	0.00	7.08	481.00
	1222.95	0.00	6.96	500.00
	1222.97	0.00	6.83	520.00
	1222.98	0.00	6.75	545.00
	1222.99	0.00	5.55	512.00
	1223.00	0.00	5.52	532.00
	1223.01	0.00	5.47	548.00
	1223.02	0.00	5.42	559.00
	1223.04	0.00	5.42	563.00
	1223.05	0.00	5.42	564.00
	1223.06	0.00	5.43	559.00
	1223.07	0.00	5.45	549.00
	1223.08	0.00	5.48	538.00
	1223.09	0.00	5.50	524.00
	1223.10	0.00	5.51	513.00
	1223.12	0.00	5.51	506.00
	1223.13	0.00	5.53	504.00
	1223.14	0.00	5.51	502.00
	1223.15	0.00	5.51	503.00
	1223.16	0.00	5.50	507.00
	1223.17	0.00	5.50	512.00
	1223.19	0.00	5.50	514.00
	1223.20	0.00	5.48	520.00
	1223.21	0.00	5.48	523.00
	1223.22	0.00	5.47	526.00
	1223.23	0.00	5.47	527.00
	1223.24	0.00	5.47	527.00
	1223.26	0.00	5.47	528.00
	1223.27	0.00	5.47	528.00
	1223.28	0.00	5.47	529.00
	1223.29	0.00	5.46	529.00
	1223.30	0.00	5.47	529.00
	1223.31	0.00	5.46	529.00
	1223.32	0.00	5.46	530.00
	1223.33	0.00	5.47	531.00
	1223.35	0.00	5.47	532.00
	1223.36	0.00	5.46	533.00
	1223.37	0.00	5.43	533.00
	1223.38	0.00	5.46	535.00
	1223.39	0.00	5.45	536.00
	1223.40	0.00	5.43	539.00
	1223.42	0.00	5.44	540.00
	1223.43	0.00	5.43	546.00
	1223.44	0.00	5.40	550.00
	1223.45	0.00	5.40	556.00
	1223.46	0.00	5.40	558.00
	1223.47	0.00	5.42	564.00
	1223.48	0.00	5.42	568.00
	1223.50	0.00	5.42	573.00
	1223.51	0.00	5.40	581.00
	1223.52	0.00	5.39	588.00
	1223.53	0.00	5.38	593.00
	1223.54	0.00	5.36	603.00
	1223.55	0.00	5.35	608.00
	1223.56	0.00	5.34	616.00
	1223.58	0.00	5.32	622.00
	1223.59	0.00	5.31	628.00
	1223.60	0.00	5.29	632.00
	1223.61	0.00	5.30	634.00
	1223.62	0.00	5.29	642.00
	1223.63	0.00	5.08	695.00
	1223.65	0.00	5.08	696.00
	1223.66	0.00	5.27	647.00
	1223.67	0.00	5.08	697.00
	1223.68	0.00	5.29	640.00
	1223.69	0.00	5.29	628.00
	1223.70	0.00	5.30	613.00
	1223.71	0.00	5.33	593.00
	1223.73	0.00	5.43	575.00
	1223.74	0.00	5.46	548.00
	1223.75	0.00	5.50	521.00
	1223.76	0.00	5.54	500.00
	1223.77	0.00	5.57	478.00
	1223.78	0.00	5.60	456.00
	1223.80	0.00	5.65	430.00
	1223.81	0.00	5.72	409.00
	1223.82	0.00	5.76	386.00
	1223.83	0.00	5.99	307.00
	1223.84	0.00	6.02	291.00
	1223.85	0.00	6.06	277.00
	1223.86	0.00	6.14	220.00
	1223.88	0.00	6.17	220.00
	1223.89	0.00	6.18	220.00
	1223.90	0.00	6.49	171.00
	1223.91	0.00	6.51	171.00
	1223.92	0.00	6.53	172.00
	1223.93	0.00	6.53	172.00
	1223.94	0.00	6.53	172.00
	1223.96	0.00	6.53	172.00
	1223.97	0.00	6.53	172.00
	1223.98	0.00	6.54	172.00
	1223.99	0.00	6.54	172.00
	1224.00	0.00	6.55	173.00
	1224.01	0.00	6.57	173.00
	1224.03	0.00	6.57	173.00
	1224.04	0.00	6.57	173.00
	1224.05	0.00	6.57	173.00
	1224.06	0.00	6.58	173.00
	1224.07	0.00	6.57	173.00
	1224.08	0.00	6.58	173.00
	1224.09	0.00	6.58	173.00
	1224.11	0.00	6.60	173.00
	1224.12	0.00	6.59	172.00
	1224.13	0.00	6.53	172.00
	1224.14	0.00	6.50	172.00
	1224.15	0.00	6.50	172.00
	1224.16	0.00	6.52	172.00
	1224.18	0.00	6.48	171.00
	1224.19	0.00	6.48	171.00
	1224.20	0.00	6.48	171.00
	1224.21	0.00	6.45	170.00
	1224.22	0.00	6.51	171.00
	1224.23	0.00	6.50	172.00
	1224.25	0.00	6.50	172.00
	1224.26	0.00	6.50	172.00
	1224.27	0.00	6.50	172.00
	1224.28	0.00	6.52	172.00
	1224.29	0.00	6.53	172.00
	1224.30	0.00	6.52	172.00
	1224.31	0.00	6.51	171.00
	1224.33	0.00	6.51	171.00
	1224.34	0.00	6.49	171.00
	1224.35	0.00	6.44	170.00
	1224.36	0.00	6.48	171.00
	1224.37	0.00	6.45	171.00
	1224.38	0.00	6.12	221.00
	1224.40	0.00	6.12	227.00
	1224.41	0.00	6.07	232.00
	1224.42	0.00	5.97	291.00
	1224.43	0.00	5.95	309.00
	1224.44	0.00	5.90	325.00
	1224.45	0.00	5.88	339.00
	1224.46	0.00	5.86	350.00
	1224.48	0.00	5.84	360.00
	1224.49	0.00	5.84	369.00
	1224.50	0.00	5.65	432.00
	1224.51	0.00	5.65	446.00
	1224.52	0.00	5.60	464.00
	1224.53	0.00	5.61	482.00
	1224.55	0.00	5.58	499.00
	1224.56	0.00	5.54	513.00
	1224.57	0.00	5.53	530.00
	1224.58	0.00	5.51	540.00
	1224.59	0.00	5.50	548.00
	1224.60	0.00	5.49	555.00
	1224.61	0.00	5.47	562.00
	1224.63	0.00	5.45	563.00
	1224.64	0.00	5.48	566.00
	1224.65	0.00	5