6	0.00	15.07	810.72
	1140.38	0.00	15.09	815.72
	1140.39	0.00	15.07	815.73
	1140.40	0.00	15.04	820.73
	1140.41	0.00	15.02	821.75
	1140.42	0.00	15.02	822.75
	1140.43	0.00	14.99	818.78
	1140.44	0.00	14.93	814.79
	1140.46	0.00	14.81	822.83
	1140.47	0.00	14.74	838.88
	1140.48	0.00	14.53	837.98
	1140.49	0.00	14.34	857.06
	1140.50	0.00	14.21	864.11
	1140.51	0.00	14.17	874.15
	1140.53	0.00	14.12	880.17
	1140.54	0.00	14.02	908.19
	1140.55	0.00	14.00	912.20
	1140.56	0.00	14.00	915.20
	1140.57	0.00	13.99	922.20
	1140.58	0.00	13.99	925.20
	1140.59	0.00	14.00	931.19
	1140.61	0.00	14.02	932.19
	1140.62	0.00	14.01	936.19
	1140.63	0.00	14.03	940.19
	1140.64	0.00	14.04	942.18
	1140.65	0.00	14.06	945.20
	1140.67	0.00	14.03	948.21
	1140.68	0.00	14.04	955.21
	1140.69	0.00	14.06	964.22
	1140.70	0.00	14.07	970.22
	1140.71	0.00	14.10	979.22
	1140.72	0.00	14.11	982.22
	1140.73	0.00	14.11	1013.22
	1140.75	0.00	14.10	1024.22
	1140.76	0.00	14.06	1022.23
	1140.77	0.00	14.08	1040.23
	1140.78	0.00	14.09	1049.23
	1140.79	0.00	14.12	1060.23
	1140.80	0.00	14.15	1072.24
	1140.82	0.00	14.19	1082.22
	1140.83	0.00	14.21	1092.22
14.20	814.27
	1141.87	0.00	14.20	818.27
	1141.89	0.00	14.20	818.27
	1141.90	0.00	14.16	809.27
	1141.91	0.00	14.16	812.28
	1141.92	0.00	14.19	815.27
	1141.93	0.00	14.19	821.28
	1141.94	0.00	14.20	819.28
	1141.96	0.00	14.17	820.29
	1141.97	0.00	14.17	819.29
	1141.98	0.00	14.17	821.29
	1141.99	0.00	14.18	819.27
	1142.00	0.00	14.14	816.29
	1142.01	0.00	14.13	813.29
	1142.03	0.00	14.12	810.29
	1142.04	0.00	14.09	807.29
	1142.05	0.00	13.97	778.30
	1142.06	0.00	13.94	776.31
	1142.07	0.00	13.96	775.29
	1142.08	0.00	13.96	775.29
	1142.09	0.00	13.97	775.29
	1142.11	0.00	13.94	772.30
	1142.12	0.00	13.93	773.30
	1142.13	0.00	13.93	772.31
	1142.14	0.00	13.91	774.32
	1142.15	0.00	13.97	770.26
	1142.17	0.00	14.01	775.24
	1142.18	0.00	14.00	778.25
	1142.19	0.00	13.99	779.26
	1142.20	0.00	13.99	778.27
	1142.21	0.00	13.99	778.27
	1142.22	0.00	13.99	778.27
	1142.23	0.00	13.99	780.28
	1142.25	0.00	14.03	789.28
	1142.26	0.00	14.21	819.25
	1142.27	0.00	14.22	824.26
	1142.28	0.00	14.23	827.26
	1142.29	0.00	14.25	831.26
	1142.30	0.00	14.33	830.19
	1142.32	0.00	14.34	835.20
	1142.33	0.00	14.32	839.23
	1142.34	0.00	14.29	833.24
	1142.35	0.00	14.32	844.25
	1142.36	0.00	14.34	846.25
	1142.37	0.00	14.34	847.25
	1142.39	0.00	14.35	852.25
	1142.40	0.00	14.32	839.22
	1142.41	0.00	14.32	843.23
	1142.42	0.00	14.34	847.23
	1142.43	0.00	14.34	850.24
	1142.44	0.00	14.40	853.21
	1142.45	0.00	14.36	856.24
	1142.47	0.00	14.36	858.25
	1142.48	0.00	14.31	844.23
	1142.49	0.00	14.33	853.23
	1142.50	0.00	14.33	861.24
	1142.51	0.00	14.36	866.23
	1142.52	0.00	14.34	866.25
	1142.54	0.00	14.31	868.25
	1142.55	0.00	14.31	868.25
	1142.56	0.00	14.28	865.25
	1142.57	0.00	14.25	851.23
	1142.58	0.00	14.20	839.23
	1142.59	0.00	14.23	842.21
	1142.61	0.00	14.18	820.18
	1142.62	0.00	14.20	817.17
	1142.63	0.00	14.20	813.17
	1142.64	0.00	14.25	810.16
	1142.65	0.00	14.28	802.14
	1142.66	0.00	14.35	805.12
	1142.68	0.00	14.42	803.09
	1142.69	0.00	14.48	796.08
	1142.70	0.00	14.52	788.04
	1142.71	0.00	14.58	787.02
	1142.72	0.00	14.60	791.00
	1142.73	0.00	14.61	791.98
	1142.75	0.00	14.63	792.98
	1142.76	0.00	14.64	794.98
	1142.77	0.00	14.65	795.97
	1142.78	0.00	14.65	795.97
	1142.79	0.00	14.66	796.97
	1142.80	0.00	14.65	795.97
	1142.81	0.00	14.66	793.96
	1142.83	0.00	14.67	793.96
	1142.84	0.00	14.68	795.96
	1142.85	0.00	14.70	794.96
	1142.86	0.00	14.71	794.96
	1142.87	0.00	14.74	798.95
	1142.88	0.00	14.73	796.94
	1142.90	0.00	14.72	797.94
	1142.91	0.00	14.77	797.91
	1142.92	0.00	14.71	792.93
	1142.93	0.00	14.74	799.93
	1142.94	0.00	14.74	797.93
	1142.95	0.00	14.76	798.92
	1142.97	0.00	14.75	799.93
	1142.98	0.00	14.77	800.92
	1142.99	0.00	14.77	800.92
	1143.00	0.00	14.74	792.92
	1143.01	0.00	14.75	796.92
	1143.02	0.00	14.76	798.92
	1143.04	0.00	14.76	797.92
	1143.05	0.00	14.77	800.91
	1143.06	0.00	14.78	799.91
	1143.07	0.00	14.77	797.91
	1143.08	0.00	14.78	799.91
	1143.09	0.00	14.79	799.90
	1143.10	0.00	14.79	798.90
	1143.12	0.00	14.79	801.91
	1143.13	0.00	14.78	801.92
	1143.14	0.00	14.78	800.91
	1143.15	0.00	14.79	801.91
	1143.16	0.00	14.77	800.92
	1143.17	0.00	14.78	802.91
	1143.19	0.00	14.77	800.91
	1143.20	0.00	
	1148.36	0.00	13.65	991.39
	1148.37	0.00	13.66	992.39
	1148.38	0.00	13.66	993.40
	1148.40	0.00	13.67	990.39
	1148.41	0.00	13.68	998.39
	1148.42	0.00	13.69	996.39
	1148.43	0.00	13.72	996.38
	1148.44	0.00	13.70	988.37
	1148.45	0.00	13.71	986.37
	1148.47	0.00	13.73	991.37
	1148.48	0.00	13.72	993.38
	1148.49	0.00	13.74	991.38
	1148.50	0.00	13.74	993.38
	1148.51	0.00	13.74	993.38
	1148.52	0.00	13.75	994.37
	1148.53	0.00	13.72	989.37
	1148.55	0.00	13.73	992.37
	1148.56	0.00	13.74	994.37
	1148.57	0.00	13.76	997.37
	1148.58	0.00	13.75	997.37
	1148.59	0.00	13.73	997.38
	1148.60	0.00	13.72	998.37
	1148.62	0.00	13.72	997.38
	1148.63	0.00	13.68	991.39
	1148.64	0.00	13.69	999.40
	1148.65	0.00	13.68	1002.40
	1148.66	0.00	13.68	1002.41
	1148.67	0.00	13.63	1001.42
	1148.69	0.00	13.65	1004.40
	1148.70	0.00	13.63	1005.41
	1148.71	0.00	13.61	1007.42
	1148.72	0.00	13.59	1008.43
	1148.73	0.00	13.56	1006.43
	1148.74	0.00	13.56	1009.41
	1148.76	0.00	13.60	1013.38
	1148.77	0.00	13.59	1015.39
	1148.78	0.00	13.57	1015.40
	1148.79	0.00	13.57	1018.41
	1148.80	0.00	13.55	1018.42
	1148.81	0.00	13.52	1017.41
	1148.82	0.00	13.51	1012.41
	1148.84	0.00	13.29	1038.43
	1148.85	0.00	13.29	1038.44
	1148.86	0.00	13.29	1037.44
	1148.87	0.00	13.27	1038.45
	1148.88	0.00	13.24	1028.44
	1148.90	0.00	13.23	1030.44
	1148.91	0.00	13.23	1033.45
	1148.92	0.00	13.23	1033.46
	1148.93	0.00	13.23	1038.46
	1148.94	0.00	13.24	1036.46
	1148.95	0.00	13.23	1038.47
	1148.96	0.00	13.23	1039.46
	1148.98	0.00	13.22	1042.47
	1148.99	0.00	13.20	1043.46
	1149.00	0.00	13.20	1058.44
	1149.01	54.97	0.00	14.86	813.87
	1154.98	0.00	14.84	816.87
	1155.00	0.00	14.86	819.88
	1155.01	0.00	14.85	809.86
	1155.02	0.00	14.87	815.85
	1155.03	0.00	14.86	818.86
	1155.04	0.00	14.88	819.85
	1155.06	0.00	14.88	819.85
	1155.07	0.00	14.89	816.85
	1155.08	0.00	14.89	817.85
	1155.09	0.00	14.91	819.84
	1155.10	0.00	14.86	809.85
	1155.11	0.00	14.91	817.85
	1155.13	0.00	14.93	810.81
	1155.14	0.00	14.96	809.80
	1155.15	0.00	14.93	814.82
	1155.16	0.00	14.92	814.82
	1155.17	0.00	14.92	814.83
	1155.18	0.00	14.90	816.84
	1155.19	0.00	14.89	816.84
	1155.21	0.00	14.91	812.84
	1155.22	0.00	14.91	813.85
	1155.23	0.00	14.90	816.86
	1155.24	0.00	14.89	816.86
	1155.25	0.00	14.83	798.86
	1155.26	0.00	14.84	808.87
	1155.28	0.00	14.84	810.88
	1155.29	0.00	14.83	812.88
	1155.30	0.00	14.83	814.89
	1155.31	0.00	14.82	815.89
	1155.32	0.00	14.82	815.89
	1155.33	0.00	14.78	798.88
	1155.34	0.00	14.77	800.88
	1155.36	0.00	14.78	806.89
	1155.37	0.00	14.83	815.89
	1155.38	0.00	14.83	816.89
	1155.39	0.00	14.83	819.90
	1155.40	0.00	14.84	818.90
	1155.42	0.00	14.80	823.92
	1155.43	0.00	14.78	826.93
	1155.44	0.00	14.73	830.95
	1155.45	0.00	14.67	829.96
	1155.46	0.00	14.56	842.02
	1155.47	0.00	14.40	865.05
	1155.48	0.00	14.41	849.08
	1155.50	0.00	14.28	880.11
	1155.51	0.00	14.17	887.13
	1155.52	0.00	14.11	896.15
	1155.53	0.00	14.06	905.18
	1155.54	0.00	13.98	911.19
	1155.55	0.00	13.92	925.20
	1155.57	0.00	13.90	934.21
	1155.58	0.00	13.86	942.23
	1155.59	0.00	13.81	977.24
	1155.60	0.00	13.81	986.24
	1155.61	0.00	13.51	1022.26
	1155.62	0.00	13.44	1040.28
	1155.64	0.00	114.97	796.75
	1159.41	0.00	14.93	777.74
	1159.43	0.00	14.97	788.74
	1159.44	0.00	14.98	796.74
	1159.45	0.00	14.99	798.74
	1159.46	0.00	15.00	800.74
	1159.47	0.00	15.01	800.74
	1159.48	0.00	15.00	797.74
	1159.50	0.00	15.02	803.74
	1159.51	0.00	15.02	799.74
	1159.52	0.00	15.01	792.73
	1159.53	0.00	15.03	796.73
	1159.54	0.00	15.04	800.73
	1159.55	0.00	15.02	800.73
	1159.56	0.00	15.05	802.73
	1159.58	0.00	15.05	801.73
	1159.59	0.00	15.04	802.74
	1159.60	0.00	15.02	803.74
	1159.61	0.00	15.03	804.74
	1159.62	0.00	15.03	796.73
	1159.63	0.00	15.02	797.73
	1159.65	0.00	15.03	801.73
	1159.66	0.00	15.05	801.73
	1159.67	0.00	15.02	802.74
	1159.68	0.00	15.02	802.74
	1159.69	0.00	15.03	805.74
	1159.70	0.00	15.03	804.74
	1159.71	0.00	15.02	803.74
	1159.73	0.00	15.03	802.74
	1159.74	0.00	15.05	801.74
	1159.75	0.00	15.04	798.74
	1159.76	0.00	15.04	803.74
	1159.77	0.00	15.05	802.74
	1159.79	0.00	15.04	803.74
	1159.80	0.00	15.02	802.74
	1159.81	0.00	15.04	802.74
	1159.82	0.00	15.04	805.74
	1159.83	0.00	15.04	803.74
	1159.84	0.00	15.03	801.74
	1159.85	0.00	15.03	801.74
	1159.87	0.00	15.02	802.74
	1159.88	0.00	15.04	801.75
	1159.89	0.00	15.04	802.75
	1159.90	0.00	15.03	804.75
	1159.91	0.00	15.02	806.75
	1159.92	0.00	15.05	805.75
	1159.94	0.00	15.05	805.75
	1159.95	0.00	15.05	806.75
	1159.96	0.00	15.05	808.75
	1159.97	0.00	15.05	806.75
	1159.98	0.00	15.06	808.75
	1159.99	0.00	15.03	799.75
	1160.01	0.00	15.02	803.75
	1160.02	0.00	15.03	805.75
	1160.03	0.00	15.02	806.75
	1160.04	0.00	15.06	805.74
	1160.05	0.00	15.04	806.75
	1160.06	0.00	15.02	806.75
	1160.07	0.00	15.04	807.75
	1160.09	0.00	15.03	808.75
	1160.10	0.00	15.03	808.75
	1160.11	0.00	15.03	808.75
	1160.12	0.00	15.01	797.75
	1160.13	0.00	15.00	800.75
	1160.14	0.00	15.02	804.75
	1160.16	0.00	15.02	805.75
	1160.17	0.00	15.02	804.75
	1160.18	0.00	15.02	805.75
	1160.19	0.00	15.02	804.75
	1160.20	0.00	15.02	805.75
	1160.21	0.00	15.03	805.75
	1160.22	0.00	15.02	806.75
	1160.24	0.00	15.01	808.75
	1160.25	0.00	15.02	807.75
	1160.26	0.00	15.04	806.75
	1160.27	0.00	15.02	807.75
	1160.28	0.00	15.04	806.75
	1160.30	0.00	15.03	807.75
	1160.31	0.00	15.04	806.75
	1160.32	0.00	15.04	806.75
	1160.33	0.00	15.02	807.75
	1160.34	0.00	15.02	807.75
	1160.35	0.00	15.02	806.76
	1160.36	0.00	15.02	808.76
	1160.38	0.00	15.03	808.75
	1160.39	0.00	15.01	807.75
	1160.40	0.00	15.02	804.75
	1160.41	0.00	15.04	806.75
	1160.42	0.00	15.03	804.75
	1160.43	0.00	15.04	805.76
	1160.44	0.00	15.03	806.76
	1160.46	0.00	15.01	807.76
	1160.47	0.00	15.03	807.76
	1160.48	0.00	15.01	807.76
	1160.49	0.00	15.01	806.76
	1160.50	0.00	15.00	807.77
	1160.52	0.00	15.01	806.77
	1160.53	0.00	15.02	805.76
	1160.54	0.00	15.01	807.76
	1160.55	0.00	15.00	808.77
	1160.56	0.00	15.01	807.77
	1160.57	0.00	15.00	807.77
	1160.58	0.00	15.01	807.77
	1160.60	0.00	15.01	805.77
	1160.61	0.00	15.03	807.76
	1160.62	0.00	15.02	806.76
	1160.63	0.00	15.01	807.76
	1160.64	0.00	15.03	807.76
	1160.65	0.00	15.01	807.77
	1160.67	0.00	15.03	806.77
	1160.68	0.00	15.01	807.77
	1160.69	0.00	15.03	808.76
	1160.70	0.00	15.03	808.76
	1160.71	0.00	15.05	807.76
	1160.72	0.00	15.05	807.76
	1160.73	0.00	15.05	807.76
	1160.75	0.00	15.05	807.76
	1160.76	0.00	15.04	809.76
	1160.77	0.00	15.03	806.77
	1160.78	0.00	15.05	806.77
	1160.79	0.00	15.03	807.77
	1160.81	0.00	15.04	808.77
	1160.82	0.00	15.05	806.77
	1160.83	0.00	15.03	807.77
	1160.84	0.00	15.05	807.77
	1160.85	0.00	15.03	806.78
	1160.86	0.00	15.04	808.77
	1160.88	0.00	15.02	808.78
	1160.89	0.00	15.02	808.78
	1160.90	0.00	15.03	808.78
	1160.91	0.00	15.03	808.78
	1160.92	0.00	15.01	807.78
	1160.93	0.00	15.00	809.79
	1160.94	0.00	15.01	809.79
	1160.95	0.00	15.00	808.79
	1160.97	0.00	15.01	808.79
	1160.98	0.00	15.01	808.79
	1160.99	0.00	15.01	807.79
	1161.00	0.00	14.98	807.80
	1161.01	0.00	15.00	807.80
	1161.03	0.00	15.01	806.79
	1161.04	0.00	15.02	806.78
	1161.05	0.00	15.01	807.78
	1161.06	0.00	15.00	807.77
	1161.07	0.00	14.99	808.77
	1161.08	0.00	14.99	808.77
	1161.09	0.00	14.97	807.78
	1161.11	0.00	15.00	806.77
	1161.12	0.00	15.01	806.76
	1161.13	0.00	15.02	806.75
	1161.14	0.00	15.04	807.74
	1161.15	0.00	15.26	786.74
	1161.16	0.00	15.02	806.75
	1161.18	0.00	15.03	806.74
	1161.19	0.00	15.03	806.74
	1161.20	0.00	15.03	806.74
	1161.21	0.00	15.26	785.74
	1161.22	0.00	15.03	805.74
	1161.23	0.00	15.24	784.74
	1161.25	0.00	15.25	782.74
	1161.26	0.00	15.25	783.74
	1161.27	0.00	15.25	783.74
	1161.28	0.00	15.25	783.74
	1161.29	0.00	15.24	780.74
	1161.30	0.00	15.25	782.74
	1161.31	0.00	15.24	781.74
	1161.33	0.00	15.24	781.74
	1161.34	0.00	15.24	780.74
	1161.35	0.00	15.23	781.74
	1161.36	0.00	15.24	781.74
	1161.37	0.00	15.24	780.74
	1161.38	0.00	15.25	782.74
062.49
	1166.85	0
	1166.80	0.00	12.80	1063.52
	1166.82	0.00	12.83	1066.51
	1166.83	0.00	12.85	1054.49
	1166.84	0.00	12.90	1062.49
	1166.85	0
	1166.80	0.00	12.80	1063.52
	1166.82	0.00	12.83	1066.51
	1166.83	0.00	12.85	1054.49
	1166.84	0.00	12.90	1062.49
	1166.85	0.00	12.91	1063.49
	1166.86	0.00	12.97	1060.48
	1166.87	0.00	13.01	1059.48
	1166.89	0.00	13.03	1058.47
	1166.90	0.00	13.08	1052.44
	1166.91	0.00	13.11	1051.44
	1166.92	0.00	13.15	1049.44
	1166.93	0.00	13.18	1053.44
	1166.94	0.00	13.23	1071.44
	1166.95	0.00	13.45	1045.42
	1166.97	0.00	13.49	1047.41
	1166.98	0.00	13.51	1050.40
	1166.99	0.00	13.51	1053.41
	1167.00	0.00	13.52	1056.41
	1167.01	0.00	13.50	1058.41
	1167.03	0.00	13.50	1059.41
	1167.171.53	0.00	12.95	1033.55
	1171.54	0.00	12.94	1035.55
	1171.55	0.00	12.94	1036.55
	1171.56	0.00	12.94	1035.55
	1171.58	0.00	12.94	1035.55
	1171.59	0.00	12.97	1041.54
	1171.60	0.00	12.96	1041.55
	1171.61	0.00	12.98	1041.54
	1171.62	0.00	12.98	1041.55
	1171.64	0.00	12.99	1041.55
	1171.65	0.00	12.97	1040.55
	1171.66	0.00	12.98	1041.55
	1171.67	0.00	12.95	1038.53
	1171.68	0.00	12.97	1038.53
	1171.69	0.00	12.98	1039.52
	1171.70	0.00	12.99	1040.53
	1171.72	0.00	12.98	1043.54
	1171.73	0.00	12.98	1041.54
	1171.74	0.00	13.00	1041.54
	1171.75	0.00	13.01	1043.52
	1171.76	0.00	13.01	1040.53
	1171.78	0.00	13.00	1040.54
	1171.79	0.00	13.00	1041.54
	1171.80	0.00	13.00	1042.54
	1171.81	0.00	12.97	1033.53
	1171.82	0.00	12.99	1034.53
	1171.83	0.00	12.99	1037.54
	1171.84	0.00	13.01	1037.53
	1171.86	0.00	13.01	1036.53
	1171.87	0.00	13.00	1034.53
	1171.88	0.00	13.02	1035.53
	1171.89	0.00	12.98	1027.53
	1171.90	0.00	12.98	1028.53
	1171.91	0.00	13.00	1032.53
	1171.93	0.00	13.00	1031.53
	1171.94	0.00	13.00	1032.53
	1171.95	0.00	13.01	1035.53
	1171.96	0.00	13.03	1034.53
	1171.97	0.00	13.02	1034.53
	1171.98	0.00	13.02	1036.53
	1172.00	0.00	13.03	1034.53
	1172.01	0.00	13.02	1035.54
	1172.02	0.00	13.02	1032.53
	1172.03	0.00	13.05	1036.51
	1172.04	0.00	13.04	1034.53
	1172.06	0.00	13.03	1036.53
	1172.07	0.00	13.02	1035.54
	1172.08	0.00	13.02	1036.55
	1172.09	0.00	13.01	1035.55
	1172.10	0.00	13.03	1035.55
	1172.11	0.00	13.03	1037.55
	1172.12	0.00	13.01	1034.56
	1172.14	0.00	13.02	1036.55
	1172.15	0.00	13.02	1036.55
	1172.16	0.00	13.04	1035.53
	1172.17	0.00	13.6	0.00	13.43	1000.48
	1176.17	0.00	13.43	996.47
	1176.18	0.00	13.45	1004.47
	1176.19	0.00	13.44	1006.48
	1176.20	0.00	13.46	1007.48
	1176.21	0.00	13.43	1004.49
	1176.22	0.00	13.44	1004.48
	1176.24	0.00	13.44	1004.49
	1176.25	0.00	13.44	998.46
	1176.26	0.00	13.44	997.46
	1176.27	0.00	13.42	995.47
	1176.28	0.00	13.44	997.46
	1176.30	0.00	13.45	1001.46
	1176.31	0.00	13.46	1005.47
	1176.32	0.00	13.44	1001.47
	1176.33	0.00	13.45	1003.47
	1176.34	0.00	13.43	1002.47
	1176.35	0.00	13.42	999.48
	1176.36	0.00	13.41	1001.48
	1176.38	0.00	13.42	1000.48
	1176.39	0.00	13.43	1001.48
	1176.40	0.00	13.37	994.49
	1176.41	0.00	13.37	995.49
	1176.42	0.00	13.40	998.49
	1176.43	0.00	13.38	995.49
	1176.44	0.00	13.38	994.49
	1176.46	0.00	13.39	995.49
	1176.47	0.00	13.40	993.47
	1176.48	0.00	13.39	997.49
	1176.49	0.00	13.40	995.49
	1176.50	0.00	13.40	993.49
	1176.52	0.00	13.39	992.49
	1176.53	0.00	13.17	1012.49
	1176.54	0.00	13.38	992.49
	1176.55	0.00	13.36	988.50
	1176.56	0.00	13.31	973.50
	1176.57	0.00	13.31	977.51
	1176.58	0.00	13.30	972.51
	1176.60	0.00	13.07	993.52
	1176.61	0.00	13.08	992.52
	1176.62	0.00	13.28	975.52
	1176.63	0.00	13.30	975.52
	1176.64	0.00	13.29	975.52
	1176.65	0.00	13.31	976.51
	1176.67	0.00	13.32	977.51
	1176.68	0.00	13.32	980.51
	1176.69	0.00	13.32	981.51
	1176.70	0.00	13.32	979.50
	1176.71	0.00	13.31	975.49
	1176.72	0.00	13.31	982.50
	1176.73	0.00	13.31	981.51
	1176.75	0.00	13.31	984.52
	1176.76	0.00	13.31	984.52
	1176.77	0.00	13.30	983.53
	1176.78	0.00	13.32	983.53
	1176.79	0.00	13.30	982.53
	1176.81	0.00	13.32	985.53
	117678.81	1.00	13.35	992.49
	1178.82	1.00	13.35	994.50
	1178.83	1.00	13.35	992.49
	1178.85	1.00	13.35	990.50
	1178.86	1.00	13.36	994.50
	1178.87	1.00	13.36	991.50
	1178.88	1.00	13.36	992.50
	1178.89	1.00	13.37	993.50
	1178.91	1.00	13.37	991.50
	1178.92	1.00	13.36	992.51
	1178.93	1.00	13.36	990.51
	1178.94	1.00	13.38	993.51
	1178.95	0.00	13.38	991.51
	1178.96	0.00	13.38	992.51
	1178.97	0.00	13.36	992.51
	1178.99	0.00	13.34	984.51
	1179.00	0.00	13.38	990.49
	1179.01	0.00	13.38	990.49
	1179.02	0.00	13.38	991.50
	1179.03	0.00	13.39	990.48
	1179.04	0.00	13.37	988.50
	1179.06	0.00	13.37	991.50
	1179.07	0.00	13.37	991.50
	1179.08	0.00	13.39	992.50
	1179.09	0.00	13.38	990.50
	1179.10	0.00	13.41	995.50
	1179.11	0.00	13.38	992.50
	1179.13	0.00	13.38	990.50
	1179.14	0.00	13.38	991.50
	1179.15	0.00	13.37	991.51
	1179.16	0.00	13.37	988.50
	1179.17	0.00	13.38	991.50
	1179.18	0.00	13.37	989.50
	1179.19	0.00	13.38	990.50
	1179.21	0.00	13.39	993.50
	1179.22	0.00	13.38	991.50
	1179.23	0.00	13.36	988.51
	1179.24	0.00	13.37	989.50
	1179.25	0.00	13.37	991.51
	1179.27	0.00	13.39	988.46
	1179.28	0.00	13.43	990.43
	1179.29	0.00	13.44	992.43
	1179.30	0.00	13.42	990.44
	1179.31	0.00	13.44	998.45
	1179.32	0.00	13.42	993.45
	1179.33	0.00	13.42	995.45
	1179.34	0.00	13.42	992.45
	1179.36	0.00	13.42	992.45
	1179.37	0.00	13.42	992.45
	1179.38	0.00	13.40	992.47
	1179.39	0.00	13.41	991.46
	1179.40	0.00	13.40	992.46
	1179.42	0.00	13.42	992.46
	1179.43	0.00	13.42	998.46
	1179.44	0.00	13.39	990.46
	1179.45	0.00	13.40	995.47
	1179.46	0.00	13.42	987.41
	1179.47	0.00	13.13.32	1004.48
	1181.00	0.00	13.31	1002.48
	1181.02	0.00	13.30	1002.49
	1181.03	0.00	13.10	1025.49
	1181.04	0.00	13.30	1003.50
	1181.05	0.00	13.28	1003.50
	1181.06	0.00	13.08	1025.50
	1181.07	0.00	13.10	1019.43
	1181.08	0.00	13.30	999.45
	1181.10	0.00	13.27	1003.50
	1181.11	0.00	13.27	998.46
	1181.12	0.00	13.28	1010.50
	1181.13	0.00	13.29	1008.50
	1181.14	0.00	13.08	1031.50
	1181.16	0.00	13.29	1012.50
	1181.17	0.00	13.28	1010.50
	1181.18	0.00	13.27	1009.50
	1181.19	0.00	13.08	1029.50
	1181.20	0.00	13.07	1028.50
	1181.21	0.00	13.06	1029.50
	1181.22	0.00	13.07	1025.46
	1181.24	0.00	13.08	1023.46
	1181.25	0.00	13.07	1025.46
	1181.26	0.00	13.07	1025.48
	1181.27	0.00	13.07	1027.47
	1181.28	0.00	13.08	1027.46
	1181.30	0.00	13.05	1025.49
	1181.31	0.00	13.05	1028.50
	1181.32	0.00	13.06	1031.51
	1181.33	0.00	13.05	1028.52
	1181.34	0.00	13.05	1029.52
	1181.35	0.00	13.05	1028.52
	1181.36	0.00	13.04	1027.52
	1181.38	0.00	13.05	1032.53
	1181.39	0.00	12.99	1011.50
	1181.40	0.00	13.00	1017.52
	1181.41	0.00	13.00	1018.52
	1181.42	0.00	13.22	1003.53
	1181.43	0.00	13.23	1004.53
	1181.45	0.00	13.21	1005.53
	1181.46	0.00	13.21	1006.53
	1181.47	0.00	13.21	1006.54
	1181.48	0.00	13.02	1031.54
	1181.49	0.00	13.21	1008.54
	1181.51	0.00	13.17	1002.54
	1181.52	0.00	13.18	1002.53
	1181.53	0.00	13.21	1009.53
	1181.54	0.00	13.20	1012.54
	1181.55	0.00	13.19	1005.54
	1181.56	0.00	13.21	1012.54
	1181.57	0.00	13.20	1013.55
	1181.59	0.00	13.22	1014.55
	1181.60	0.00	13.20	1010.54
	1181.61	0.00	13.20	1013.54
	1181.62	0.00	13.20	1015.55
	1181.63	0.00	13.21	1016.55
	114.92	779.76
	1182.95	0.00	14.89	772.75
	1182.96	0.00	14.90	774.75
	1182.97	0.00	14.89	775.76
	1182.98	0.00	14.90	775.75
	1183.00	0.00	14.89	771.75
	1183.01	0.00	14.89	772.75
	1183.02	0.00	14.88	770.75
	1183.03	0.00	14.88	770.75
	1183.04	0.00	14.89	773.75
	1183.05	0.00	14.88	770.75
	1183.07	0.00	14.85	763.75
	1183.08	0.00	14.84	760.75
	1183.09	0.00	14.83	763.75
	1183.10	0.00	14.85	766.75
	1183.11	0.00	14.84	764.75
	1183.12	0.00	14.84	764.75
	1183.14	0.00	14.83	744.74
	1183.15	0.00	14.83	766.75
	1183.16	0.00	14.81	766.75
	1183.17	0.00	14.82	768.75
	1183.18	0.00	14.82	767.75
	1183.19	0.00	14.77	759.75
	1183.20	0.00	14.79	762.74
	1183.22	0.00	14.79	761.74
	1183.23	0.00	14.79	761.74
	1183.24	0.00	14.81	762.73
	1183.25	0.00	14.81	766.74
	1183.26	0.00	14.80	763.74
	1183.28	0.00	14.82	769.74
	1183.29	0.00	14.83	770.74
	1183.30	0.00	14.82	768.74
	1183.31	0.00	14.82	769.74
	1183.32	0.00	14.81	766.74
	1183.33	0.00	14.83	771.74
	1183.34	0.00	14.82	769.74
	1183.36	0.00	14.83	770.74
	1183.37	0.00	14.76	775.78
	1183.38	0.00	14.52	779.85
	1183.39	0.00	13.21	830.99
	1183.40	0.00	11.39	1007.31
	1183.41	0.00	10.51	1120.52
	1183.43	0.00	10.39	1182.64
	1183.44	0.00	10.29	1209.75
	1183.45	0.00	10.11	1252.88
	1183.46	0.00	10.00	1276.97
	1183.47	0.00	10.05	1347.07
	1183.48	0.00	10.12	1367.14
	1183.50	0.00	10.14	1384.20
	1183.51	0.00	10.24	1430.27
	1183.52	0.00	10.32	1446.27
	1183.53	0.00	10.46	1453.26
	1183.54	0.00	10.61	1447.21
	1183.55	0.00	10.85	1442.16
	1183.56	0.00	11.06	1422.09
	1183.58	0.00	11.27	1388.04
	1183.59	0.00	11.57	1364.92
	1183.60	0.00	11.87	1331.85
	1183.61	0.00	12.17	1286.78
	1183.62	0.00	12.49	1252.71
	1183.64	0.00	12.80	1230.61
	1183.65	0.00	13.09	1202.53
	1183.66	0.00	13.56	1166.44
	1183.67	0.00	13.76	1146.39
	1183.68	0.00	13.97	1129.32
	1183.69	0.00	14.14	1116.27
	1183.71	0.00	14.27	1102.22
	1183.72	0.00	14.41	1084.18
	1183.73	0.00	14.48	1067.16
	1183.74	0.00	14.53	1056.15
	1183.75	0.00	14.56	1059.14
	1183.76	0.00	14.55	1060.14
	1183.78	0.00	14.58	1062.14
	1183.79	0.00	14.63	1065.11
	1183.80	0.00	14.68	1068.10
	1183.81	0.00	14.79	1077.07
	1183.82	0.00	14.90	1063.06
	1183.83	0.00	15.04	1082.02
	1183.85	0.00	15.16	1096.94
	1183.86	0.00	15.42	1112.74
	1183.87	0.00	15.53	1118.65
	1183.88	0.00	15.61	1125.63
	1183.89	0.00	15.69	1138.61
	1183.90	0.00	15.94	1160.59
	1183.92	0.00	16.14	1144.58
	1183.93	0.00	16.13	1129.58
	1183.94	0.00	16.17	1121.58
	1183.95	0.00	16.20	1110.57
	1183.96	0.00	16.23	1097.57
	1183.97	0.00	16.22	1089.58
	1183.99	0.00	16.24	1086.58
	1184.00	0.00	16.19	1051.61
	1184.01	0.00	16.18	1028.56
	1184.02	0.00	16.06	987.56
	1184.03	0.00	15.90	933.56
	1184.05	0.00	15.62	866.57
	1184.06	0.00	15.20	798.60
	1184.07	0.00	14.93	777.72
	1184.08	0.00	14.77	757.78
	1184.09	0.00	14.70	741.76
	1184.10	0.00	14.69	740.78
	1184.11	0.00	14.72	747.78
	1184.13	0.00	14.77	753.78
	1184.14	0.00	14.79	758.78
	1184.15	0.00	14.76	758.79
	1184.16	0.00	14.75	752.78
	1184.17	0.00	14.75	751.79
	1184.18	0.00	14.72	752.79
	1184.19	0.00	14.74	750.79
	1184.21	0.00	14.72	747.79
	1184.22	0.00	14.70	740.79
	1184.23	0.00	14.73	761.78
	1184.24	0.00	14.76	765.78
	1184.25	0.00	14.76	765.78
	1184.27	0.00	14.76	765.78
	1184.28	0.00	14.77	767.78
	1184.29	0.00	14.77	767.78
	1184.30	0.00	14.77	767.78
	1184.31	0.00	14.78	769.78
	1184.32	0.00	14.78	770.78
	1184.33	0.00	14.77	771.79
	1184.35	0.00	14.77	771.79
	1184.36	0.00	14.79	772.78
	1184.37	0.00	14.78	776.79
	1184.38	0.00	14.79	767.77
	1184.39	0.00	14.78	765.77
	1184.40	0.00	14.79	765.76
	1184.42	0.00	14.80	770.76
	1184.43	0.00	14.80	771.76
	1184.44	0.00	14.79	774.77
	1184.45	0.00	14.79	776.77
	1184.46	0.00	14.79	776.77
	1184.47	0.00	14.78	778.76
	1184.48	0.00	14.80	779.75
	1184.50	0.00	14.81	777.75
	1184.51	0.00	14.80	779.75
	1184.52	0.00	14.79	780.76
	1184.53	0.00	14.65	781.84
	1184.54	0.00	13.76	799.92
	1184.56	0.00	11.79	964.29
	1184.57	0.00	10.44	1179.64
	1184.58	0.00	9.91	1274.93
	1184.59	0.00	9.69	1325.16
	1184.60	0.00	9.61	1365.26
	1184.61	0.00	9.60	1407.34
	1184.62	0.00	9.73	1416.40
	1184.64	0.00	9.83	1419.47
	1184.65	0.00	9.98	1428.49
	1184.66	0.00	10.17	1462.50
	1184.67	0.00	10.41	1469.44
	1184.68	0.00	10.64	1462.36
	1184.69	0.00	10.81	1438.32
	1184.71	0.00	10.99	1410.24
	1184.72	0.00	11.20	1363.17
	1184.73	0.00	11.46	1320.08
	1184.74	0.00	11.75	1247.00
	1184.75	0.00	12.04	1208.90
	1184.76	0.00	12.36	1156.83
	1184.78	0.00	12.65	1127.74
	1184.79	0.00	12.86	1105.68
	1184.80	0.00	13.10	1073.63
	1184.81	0.00	13.46	1036.56
	1184.82	0.00	13.52	1026.54
	1184.83	0.00	13.61	1014.51
	1184.85	0.00	13.67	1007.50
	1184.86	0.00	13.69	1000.51
	1184.87	0.00	13.77	998.48
	1184.88	0.00	13.79	1006.47
	1184.89	0.00	13.86	1009.45
	1184.90	0.00	13.96	1017.42
	1184.92	0.00	14.06	1026.39
	1184.93	0.00	14.21	1034.35
	1184.94	0.00	14.34	1050.30
	1184.95	0.00	14.51	1058.29
	1184.96	0.00	14.62	1072.26
	1184.97	0.00	14.75	1090.22
	1184.99	0.00	14.91	1101.13
	1185.00	0.00	15.23	1123.94
	1185.01	0.00	15.49	1128.69
	1185.02	0.00	15.60	1122.64
	1185.03	0.00	15.68	1113.61
	1185.04	0.00	16.02	1096.61
	1185.06	0.00	16.08	1096.58
	1185.07	0.00	16.10	1077.58
	1185.08	0.00	16.05	1059.59
	1185.09	0.00	16.07	1047.58
	1185.10	0.00	16.07	1038.59
	1185.11	0.00	16.11	1015.58
	1185.13	0.00	16.11	1009.56
	1185.14	0.00	16.12	999.54
	1185.15	0.00	16.04	977.54
	1185.16	0.00	15.90	933.55
	1185.17	0.00	15.47	859.55
	1185.18	0.00	15.21	799.60
	1185.20	0.00	15.06	781.68
	1185.21	0.00	14.89	765.72
	1185.22	0.00	14.80	735.71
	1185.23	0.00	14.82	745.72
	1185.24	0.00	14.83	748.72
	1185.25	0.00	14.85	755.73
	1185.27	0.00	14.86	754.73
	1185.28	0.00	14.85	756.73
	1185.29	0.00	14.86	758.73
	1185.30	0.00	14.87	756.73
	1185.31	0.00	14.81	741.72
	1185.32	0.00	14.77	734.73
	1185.33	0.00	14.80	739.73
	1185.35	0.00	14.81	745.73
	1185.36	0.00	14.82	748.73
	1185.37	0.00	14.82	748.73
	1185.38	0.00	14.83	749.73
	1185.39	0.00	14.87	751.73
	1185.40	0.00	14.86	752.73
	1185.42	0.00	14.87	755.73
	1185.43	0.00	14.87	754.73
	1185.44	0.00	14.89	754.73
	1185.45	0.00	14.89	755.73
	1185.46	0.00	14.81	739.73
	1185.47	0.00	14.80	741.73
	1185.48	0.00	14.83	749.73
	1185.50	0.00	14.85	753.73
	1185.51	0.00	14.85	754.73
	1185.52	0.00	14.86	757.73
	1185.53	0.00	14.85	754.73
	1185.54	0.00	14.88	757.73
	1185.56	0.00	14.85	756.74
	1185.57	0.00	14.88	761.73
	1185.58	0.00	14.84	762.74
	1185.59	0.00	14.84	764.73
	1185.60	0.00	14.83	756.72
	1185.61	0.00	14.84	761.72
	1185.63	0.00	14.82	754.73
	1185.64	0.00	14.83	761.74
	1185.65	0.00	14.77	762.78
	1185.66	0.00	14.46	770.88
	1185.67	0.00	12.76	876.16
	1185.68	0.00	10.74	1104.58
	1185.69	0.00	9.98	1260.96
	1185.71	0.00	9.71	1325.20
	1185.72	0.00	9.66	1359.33
	1185.73	0.00	9.72	1396.44
	1185.74	0.00	9.83	1417.48
	1185.75	0.00	9.98	1415.50
	1185.76	0.00	10.22	1447.48
	1185.78	0.00	10.57	1464.36
	1185.79	0.00	10.96	1464.25
	1185.80	0.00	11.26	1467.19
	1185.81	0.00	11.47	1450.13
	1185.82	0.00	11.66	1428.05
	1185.83	0.00	11.83	1383.99
	1185.85	0.00	12.09	1373.91
	1185.86	0.00	12.40	1328.82
	1185.87	0.00	12.62	1305.73
	1185.88	0.00	12.81	1288.64
	1185.89	0.00	13.06	1265.55
	1185.90	0.00	13.45	1208.48
	1185.92	0.00	13.65	1199.42
	1185.93	0.00	13.77	1185.35
	1185.94	0.00	13.88	1167.32
	1185.95	0.00	13.95	1142.29
	1185.96	0.00	13.99	1121.28
	1185.97	0.00	14.03	1115.26
	1185.99	0.00	14.11	1105.24
	1186.00	0.00	14.16	1094.24
	1186.01	0.00	14.28	1094.21
	1186.02	0.00	14.37	1093.18
	1186.03	0.00	14.41	1098.17
	1186.04	0.00	14.45	1099.16
	1186.06	0.00	14.53	1107.15
	1186.07	0.00	14.57	1116.14
	1186.08	0.00	14.64	1122.12
	1186.09	0.00	14.73	1130.09
	1186.10	0.00	14.80	1136.07
	1186.11	0.00	14.97	1147.99
	1186.13	0.00	15.12	1152.90
	1186.14	0.00	15.30	1168.77
	1186.15	0.00	15.51	1145.66
	1186.16	0.00	15.58	1128.63
	1186.17	0.00	15.65	1122.61
	1186.18	0.00	15.93	1109.60
	1186.20	0.00	16.02	1091.57
	1186.21	0.00	15.94	1095.58
	1186.22	0.00	16.07	1058.57
	1186.23	0.00	16.05	1040.58
	1186.24	0.00	16.07	1029.56
	1186.25	0.00	16.07	1022.57
	1186.27	0.00	16.03	986.58
	1186.28	0.00	16.00	967.57
	1186.29	0.00	15.90	939.57
	1186.30	0.00	15.72	896.57
	1186.31	0.00	15.30	826.59
	1186.32	0.00	15.13	792.65
	1186.33	0.00	15.03	776.66
	1186.35	0.00	14.92	763.71
	1186.36	0.00	14.84	742.70
	1186.37	0.00	14.93	756.69
	1186.38	0.00	15.00	772.69
	1186.39	0.00	15.02	777.69
	1186.41	0.00	15.00	774.69
	1186.42	0.00	15.00	773.69
	1186.43	0.00	14.98	771.70
	1186.44	0.00	14.96	768.70
	1186.45	0.00	14.96	768.70
	1186.46	0.00	14.96	766.70
	1186.47	0.00	14.96	767.70
	1186.49	0.00	14.96	767.70
	1186.50	0.00	14.96	759.68
	1186.51	0.00	14.94	759.69
	1186.52	0.00	14.95	761.69
	1186.53	0.00	14.94	763.70
	1186.54	0.00	14.94	763.70
	1186.56	0.00	14.96	762.70
	1186.57	0.00	14.97	765.70
	1186.58	0.00	14.97	765.70
	1186.59	0.00	14.97	765.70
	1186.60	0.00	14.98	768.70
	1186.61	0.00	14.98	766.70
	1186.63	0.00	14.90	751.70
	1186.64	0.00	14.91	753.70
	1186.65	0.00	14.96	773.69
	1186.66	0.00	14.94	758.68
	1186.67	0.00	14.97	779.68
	1186.68	0.00	14.98	780.68
	1186.69	0.00	14.99	780.69
	1186.71	0.00	14.97	784.69
	1186.72	0.00	14.96	785.69
	1186.73	0.00	14.92	764.69
	1186.74	0.00	14.93	764.68
	1186.75	0.00	14.97	785.67
	1186.76	0.00	14.97	787.68
	1186.78	0.00	14.99	788.67
	1186.79	0.00	14.95	788.68
	1186.80	0.00	14.96	790.68
	1186.81	0.00	14.93	792.70
	1186.82	0.00	14.51	777.82
	1186.83	0.00	12.46	918.24
	1186.84	0.00	10.66	1134.64
	1186.86	0.00	10.03	1286.99
	1186.87	0.00	9.76	1349.22
	1186.88	0.00	9.74	1400.29
	1186.89	0.00	9.88	1411.33
	1186.90	0.00	10.07	1401.40
	1186.92	0.00	10.31	1413.44
	1186.93	0.00	10.46	1422.46
	1186.94	0.00	10.72	1441.40
	1186.95	0.00	11.00	1441.30
	1186.96	0.00	11.22	1415.23
	1186.97	0.00	11.42	1374.19
	1186.98	0.00	11.63	1339.12
	1187.00	0.00	11.93	1296.03
	1187.01	0.00	12.27	1243.93
	1187.02	0.00	12.57	1216.85
	1187.03	0.00	12.86	1182.73
	1187.04	0.00	13.15	1158.64
	1187.06	0.00	13.50	1111.54
	1187.07	0.00	13.69	1093.46
	1187.08	0.00	13.86	1074.39
	1187.09	0.00	14.09	1050.30
	1187.10	0.00	14.17	1037.28
	1187.11	0.00	14.31	1023.23
	1187.13	0.00	14.40	1007.20
	1187.14	0.00	14.48	987.17
	1187.15	0.00	14.53	987.15
	1187.16	0.00	14.57	986.12
	1187.17	0.00	14.61	1012.11
	1187.18	0.00	14.63	1016.10
	1187.19	0.00	14.69	1027.08
	1187.21	0.00	14.78	1038.04
	1187.22	0.00	14.85	1047.99
	1187.23	0.00	15.01	1058.87
	1187.24	0.00	15.15	1077.79
	1187.25	0.00	15.33	1084.65
	1187.27	0.00	15.46	1072.61
	1187.28	0.00	15.54	1074.58
	1187.29	0.00	15.56	1078.59
	1187.30	0.00	15.60	1068.58
	1187.31	0.00	15.91	1060.57
	1187.32	0.00	15.90	1052.59
	1187.34	0.00	15.89	1074.57
	1187.35	0.00	16.01	1044.57
	1187.36	0.00	15.92	1055.57
	1187.37	0.00	15.90	1045.56
	1187.38	0.00	15.91	1046.57
	1187.39	0.00	15.96	1013.57
	1187.41	0.00	15.91	993.56
	1187.42	0.00	15.61	934.56
	1187.43	0.00	15.50	874.56
	1187.44	0.00	15.29	826.59
	1187.45	0.00	15.16	789.61
	1187.46	0.00	15.01	767.67
	1187.47	0.00	14.88	751.73
	1187.49	0.00	14.76	732.74
	1187.50	0.00	14.81	742.74
	1187.51	0.00	14.87	756.74
	1187.52	0.00	14.91	764.75
	1187.53	0.00	14.91	762.75
	1187.55	0.00	14.88	760.76
	1187.56	0.00	14.88	759.76
	1187.57	0.00	14.86	758.77
	1187.58	0.00	14.80	741.77
	1187.59	0.00	14.86	758.77
	1187.60	0.00	14.86	758.77
	1187.61	0.00	14.84	757.78
	1187.63	0.00	14.83	759.78
	1187.64	0.00	14.86	780.78
	1187.65	0.00	14.82	759.79
	1187.66	0.00	14.82	759.79
	1187.67	0.00	14.82	758.79
	1187.68	0.00	14.84	781.79
	1187.69	0.00	14.81	764.79
	1187.71	0.00	14.80	784.79
	1187.72	0.00	14.82	778.76
	1187.73	0.00	14.86	786.75
	1187.74	0.00	14.88	790.74
	1187.75	0.00	14.91	792.72
	1187.77	0.00	14.95	795.70
	1187.78	0.00	14.96	793.69
	1187.79	0.00	14.97	797.69
	1187.80	0.00	14.95	795.70
	1187.81	0.00	14.95	794.70
	1187.82	0.00	14.94	793.70
	1187.83	0.00	14.93	792.71
	1187.85	0.00	14.92	790.71
	1187.86	0.00	14.92	791.71
	1187.87	0.00	14.92	790.71
	1187.88	0.00	14.93	788.71
	1187.89	0.00	14.91	785.71
	1187.90	0.00	14.88	781.72
	1187.92	0.00	14.77	784.78
	1187.93	0.00	14.48	783.91
	1187.94	0.00	13.02	853.20
	1187.95	0.00	11.26	1049.67
	1187.96	0.00	10.31	1188.06
	1187.97	0.00	10.00	1244.26
	1187.98	0.00	9.92	1276.35
	1188.00	0.00	9.93	1294.38
	1188.01	0.00	10.04	1313.41
	1188.02	0.00	10.24	1309.42
	1188.03	0.00	10.41	1302.44
	1188.04	0.00	10.65	1311.42
	1188.06	0.00	10.87	1349.37
	1188.07	0.00	11.13	1375.33
	1188.08	0.00	11.36	1383.27
	1188.09	0.00	11.51	1387.20
	1188.10	0.00	11.72	1374.13
	1188.11	0.00	11.96	1364.03
	1188.13	0.00	12.19	1341.97
	1188.14	0.00	12.44	1322.88
	1188.15	0.00	12.68	1300.80
	1188.16	0.00	12.90	1282.72
	1188.17	0.00	13.08	1272.65
	1188.18	0.00	13.39	1238.61
	1188.19	0.00	13.49	1220.56
	1188.21	0.00	13.56	1212.53
	1188.22	0.00	13.64	1202.49
	1188.23	0.00	13.68	1188.46
	1188.24	0.00	13.70	1170.44
	1188.25	0.00	13.75	1161.42
	1188.26	0.00	13.83	1148.38
	1188.28	0.00	13.87	1140.37
	1188.29	0.00	13.94	1137.35
	1188.30	0.00	13.98	1139.34
	1188.31	0.00	14.08	1138.32
	1188.32	0.00	14.12	1137.32
	1188.33	0.00	14.16	1138.32
	1188.35	0.00	14.22	1138.31
	1188.36	0.00	14.28	1142.31
	1188.37	0.00	14.31	1137.29
	1188.38	0.00	14.37	1140.27
	1188.39	0.00	14.46	1145.25
	1188.41	0.00	14.63	1144.22
	1188.42	0.00	14.74	1152.19
	1188.43	0.00	14.84	1160.15
	1188.44	0.00	15.09	1162.99
	1188.45	0.00	15.31	1171.82
	1188.46	0.00	15.54	1144.65
	1188.47	0.00	15.62	1140.62
	1188.49	0.00	15.67	1125.62
	1188.50	0.00	15.69	1094.60
	1188.51	0.00	15.94	1073.60
	1188.52	0.00	15.99	1049.57
	1188.53	0.00	16.01	1033.58
	1188.55	0.00	15.94	999.58
	1188.56	0.00	15.93	1001.60
	1188.57	0.00	15.92	987.59
	1188.58	0.00	15.91	968.56
	1188.59	0.00	15.84	917.56
	1188.60	0.00	15.62	867.59
	1188.61	0.00	15.18	811.65
	1188.63	0.00	15.06	777.68
	1188.64	0.00	14.94	772.73
	1188.65	0.00	14.81	746.74
	1188.66	0.00	14.84	752.74
	1188.67	0.00	14.87	761.75
	1188.68	0.00	14.89	785.76
	1188.70	0.00	14.89	769.76
	1188.71	0.00	14.88	767.77
	1188.72	0.00	14.89	786.77
	1188.73	0.00	14.88	784.77
	1188.74	0.00	14.88	781.77
	1188.75	0.00	14.86	776.77
	1188.77	0.00	14.86	776.77
	1188.78	0.00	14.86	775.77
	1188.79	0.00	14.85	775.78
	1188.80	0.00	14.86	779.78
	1188.81	0.00	14.83	776.78
	1188.82	0.00	14.83	753.78
	1188.83	0.00	14.85	771.78
	1188.85	0.00	14.84	772.78
	1188.86	0.00	14.86	773.78
	1188.87	0.00	14.84	774.78
	1188.88	0.00	14.86	773.78
	1188.89	0.00	14.83	772.78
	1188.90	0.00	14.81	762.78
	1188.92	0.00	14.82	762.76
	1188.93	0.00	14.83	766.75
	1188.94	0.00	14.86	769.74
	1188.95	0.00	14.88	774.75
	1188.96	0.00	14.86	772.75
	1188.97	0.00	14.84	773.75
	1188.99	0.00	14.82	771.75
	1189.00	0.00	14.81	774.76
	1189.01	0.00	14.80	775.76
	1189.02	0.00	14.81	776.75
	1189.03	0.00	14.81	777.75
	1189.04	0.00	14.80	774.75
	1189.06	0.00	14.84	778.75
	1189.07	0.00	14.79	776.77
	1189.08	0.00	14.63	772.84
	1189.09	0.00	14.24	792.92
	1189.10	0.00	12.31	944.31
	1189.11	0.00	10.97	1111.65
	1189.13	0.00	10.32	1222.92
	1189.14	0.00	10.13	1295.07
	1189.15	0.00	10.25	1315.12
	1189.16	0.00	10.54	1304.14
	1189.17	0.00	10.93	1303.17
	1189.18	0.00	11.35	1321.11
	1189.19	0.00	11.93	1318.00
	1189.21	0.00	12.35	1291.91
	1189.22	0.00	12.71	1248.84
	1189.23	0.00	13.02	1231.77
	1189.24	0.00	13.44	1183.69
	1189.25	0.00	13.60	1172.62
	1189.27	0.00	13.78	1153.57
	1189.28	0.00	13.96	1138.47
	1189.29	0.00	14.16	1120.38
	1189.30	0.00	14.35	1081.28
	1189.31	0.00	14.53	1071.20
	1189.32	0.00	14.75	1055.13
	1189.34	0.00	14.83	1049.07
	1189.35	0.00	14.92	1037.02
	1189.36	0.00	14.95	1035.99
	1189.37	0.00	15.00	1030.96
	1189.38	0.00	15.02	1023.94
	1189.39	0.00	15.25	1042.91
	1189.41	0.00	15.41	1023.87
	1189.42	0.00	15.49	1024.84
	1189.43	0.00	15.54	1027.82
	1189.44	0.00	15.56	1023.80
	1189.45	0.00	15.62	1024.77
	1189.46	0.00	15.64	1024.77
	1189.47	0.00	15.64	1021.77
	1189.49	0.00	15.69	1028.75
	1189.50	0.00	15.73	1031.74
	1189.51	0.00	15.75	1026.74
	1189.52	0.00	15.76	1025.74
	1189.53	0.00	15.82	1031.72
	1189.55	0.00	15.84	1032.71
	1189.56	0.00	15.87	1037.71
	1189.57	0.00	15.88	1029.69
	1189.58	0.00	15.95	1030.66
	1189.59	0.00	15.97	1021.63
	1189.60	0.00	15.98	1017.64
	1189.61	0.00	16.02	1011.61
	1189.63	0.00	16.02	1013.62
	1189.64	0.00	16.01	1005.62
	1189.65	0.00	16.02	1001.61
	1189.66	0.00	15.97	987.61
	1189.67	0.00	15.93	975.62
	1189.69	0.00	15.89	967.61
	1189.70	0.00	15.86	956.61
	1189.71	0.00	15.81	939.62
	1189.72	0.00	15.79	932.62
	1189.73	0.00	15.75	910.62
	1189.74	0.00	15.76	895.59
	1189.75	0.00	15.65	870.60
	1189.77	0.00	15.49	843.60
	1189.78	0.00	15.15	788.63
	1189.79	0.00	15.04	801.69
	1189.80	0.00	15.03	803.73
	1189.81	0.00	15.01	797.73
	1189.82	0.00	14.99	796.73
	1189.84	0.00	15.03	809.74
	1189.85	0.00	15.05	814.74
	1189.86	0.00	15.03	812.74
	1189.87	0.00	15.02	810.75
	1189.88	0.00	15.01	807.75
	1189.89	0.00	15.01	808.75
	1189.91	0.00	15.01	807.75
	1189.92	0.00	14.99	802.75
	1189.93	0.00	14.97	802.75
	1189.94	0.00	15.00	800.75
	1189.95	0.00	14.98	796.75
	1189.96	0.00	14.97	800.75
	1189.97	0.00	14.96	799.75
	1189.99	0.00	14.95	798.76
	1190.00	0.00	14.95	798.76
	1190.01	0.00	14.95	800.76
	1190.02	0.00	14.94	797.76
	1190.03	0.00	14.94	796.76
	1190.04	0.00	14.94	796.76
	1190.06	0.00	14.91	787.76
	1190.07	0.00	14.95	799.76
	1190.08	0.00	14.93	799.76
	1190.09	0.00	14.92	799.77
	1190.10	0.00	14.94	801.77
	1190.11	0.00	14.93	798.77
	1190.13	0.00	14.94	800.77
	1190.14	0.00	14.94	799.77
	1190.15	0.00	14.95	799.77
	1190.16	0.00	14.93	797.77
	1190.17	0.00	14.93	798.77
	1190.18	0.00	14.93	790.75
	1190.19	0.00	14.94	796.76
	1190.21	0.00	14.97	800.75
	1190.22	0.00	14.96	799.75
	1190.23	0.00	14.96	799.75
	1190.24	0.00	14.96	798.75
	1190.25	0.00	14.93	796.77
	1190.26	0.00	14.90	792.79
	1190.28	0.00	14.71	795.83
	1190.29	0.00	14.26	793.95
	1190.30	0.00	12.94	914.23
	1190.31	0.00	11.89	1015.46
	1190.32	0.00	11.27	1099.63
	1190.33	0.00	11.01	1150.76
	1190.35	0.00	10.82	1174.86
	1190.36	0.00	10.72	1222.96
	1190.37	0.00	10.70	1252.01
	1190.38	0.00	10.76	1263.01
	1190.39	0.00	10.74	1279.07
	1190.41	0.00	10.90	1328.09
	1190.42	0.00	11.03	1341.09
	1190.43	0.00	11.18	1346.07
	1190.44	0.00	11.33	1351.06
	1190.45	0.00	11.51	1356.05
	1190.46	0.00	11.60	1347.04
	1190.47	0.00	11.79	1342.03
	1190.49	0.00	11.80	1292.98
	1190.50	0.00	11.93	1269.96
	1190.51	0.00	12.07	1221.93
	1190.52	0.00	12.17	1190.91
	1190.53	0.00	12.29	1174.88
	1190.54	0.00	12.39	1152.86
	1190.56	0.00	12.48	1141.84
	1190.57	0.00	12.55	1140.81
	1190.58	0.00	12.63	1132.81
	1190.59	0.00	12.80	1126.75
	1190.60	0.00	12.86	1116.73
	1190.61	0.00	13.02	1110.72
	1190.63	0.00	13.10	1096.69
	1190.64	0.00	13.41	1080.66
	1190.65	0.00	13.49	1080.65
	1190.66	0.00	13.55	1076.63
	1190.67	0.00	13.60	1078.61
	1190.68	0.00	13.66	1080.60
	1190.69	0.00	13.74	1084.57
	1190.71	0.00	13.84	1081.56
	1190.72	0.00	13.97	1086.51
	1190.73	0.00	14.13	1081.46
	1190.74	0.00	14.26	1084.40
	1190.75	0.00	14.41	1084.33
	1190.77	0.00	14.54	1075.29
	1190.78	0.00	14.75	1077.23
	1190.79	0.00	14.87	1071.15
	1190.80	0.00	14.98	1077.11
	1190.81	0.00	15.09	1072.03
	1190.82	0.00	15.17	1073.98
	1190.84	0.00	15.26	1068.91
	1190.85	0.00	15.31	1057.85
	1190.86	0.00	15.44	1027.80
	1190.87	0.00	15.47	1015.76
	1190.88	0.00	15.46	998.73
	1190.89	0.00	15.48	980.68
	1190.91	0.00	15.47	956.64
	1190.92	0.00	15.44	933.64
	1190.93	0.00	15.40	908.63
	1190.94	0.00	15.40	888.63
	1190.95	0.00	15.32	864.64
	1190.96	0.00	15.27	854.65
	1190.97	0.00	15.21	820.65
	1190.99	0.00	15.17	810.66
	1191.00	0.00	15.06	790.68
	1191.01	0.00	15.01	783.72
	1191.02	0.00	15.01	807.75
	1191.03	0.00	15.06	819.75
	1191.05	0.00	15.06	826.75
	1191.06	0.00	15.08	826.75
	1191.07	0.00	15.08	830.75
	1191.08	0.00	15.05	826.76
	1191.09	0.00	15.04	822.76
	1191.10	0.00	15.03	820.76
	1191.11	0.00	15.01	818.77
	1191.13	0.00	15.01	819.77
	1191.14	0.00	15.00	815.77
	1191.15	0.00	15.03	814.77
	1191.16	0.00	15.02	812.77
	1191.17	0.00	15.01	809.77
	1191.18	0.00	15.01	809.77
	1191.20	0.00	15.01	809.77
	1191.21	0.00	15.01	808.77
	1191.22	0.00	14.99	809.77
	1191.23	0.00	14.99	809.77
	1191.24	0.00	14.98	807.77
	1191.25	0.00	14.99	808.77
	1191.27	0.00	14.99	808.77
	1191.28	0.00	14.98	810.77
	1191.29	0.00	15.00	811.77
	1191.30	0.00	14.97	811.78
	1191.31	0.00	14.95	810.78
	1191.32	0.00	14.94	812.78
	1191.33	0.00	14.94	805.76
	1191.35	0.00	14.95	810.76
	1191.36	0.00	14.97	813.75
	1191.37	0.00	14.97	816.76
	1191.38	0.00	14.97	812.76
	1191.39	0.00	14.98	812.76
	1191.41	0.00	14.97	812.77
	1191.42	0.00	14.97	813.76
	1191.43	0.00	14.97	812.76
	1191.44	0.00	14.97	812.76
	1191.45	0.00	15.00	805.73
	1191.46	0.00	15.01	805.73
	1191.47	0.00	14.99	797.73
	1191.49	0.00	15.02	806.73
	1191.50	0.00	14.99	802.74
	1191.51	0.00	14.96	804.76
	1191.52	0.00	14.92	800.79
	1191.53	0.00	14.82	797.81
	1191.54	0.00	14.52	808.88
	1191.56	0.00	13.50	880.07
	1191.57	0.00	12.92	928.22
	1191.58	0.00	12.47	969.36
	1191.59	0.00	12.20	995.44
	1191.60	0.00	12.12	1016.51
	1191.61	0.00	12.05	1017.57
	1191.63	0.00	12.13	1036.62
	1191.64	0.00	12.26	1072.68
	1191.65	0.00	12.41	1103.73
	1191.66	0.00	12.57	1127.76
	1191.67	0.00	12.53	1140.78
	1191.68	0.00	12.54	1141.80
	1191.69	0.00	12.56	1141.81
	1191.71	0.00	12.63	1138.81
	1191.72	0.00	12.76	1132.77
	1191.73	0.00	12.89	1125.74
	1191.74	0.00	13.08	1110.67
	1191.75	0.00	13.45	1088.61
	1191.77	0.00	13.58	1089.58
	1191.78	0.00	13.64	1081.55
	1191.79	0.00	13.83	1070.49
	1191.80	0.00	13.96	1060.44
	1191.81	0.00	14.08	1051.40
	1191.82	0.00	14.15	1033.35
	1191.83	0.00	14.30	1037.30
	1191.85	0.00	14.42	1039.24
	1191.86	0.00	14.51	1033.21
	1191.87	0.00	14.63	1029.17
	1191.88	0.00	14.70	1028.15
	1191.89	0.00	14.77	1022.12
	1191.91	0.00	14.85	1027.09
	1191.92	0.00	14.91	1030.05
	1191.93	0.00	14.96	1033.03
	1191.94	0.00	15.01	1042.01
	1191.95	0.00	15.08	1045.97
	1191.96	0.00	15.16	1049.92
	1191.97	0.00	15.20	1056.90
	1191.99	0.00	15.30	1039.88
	1192.00	0.00	15.38	1043.83
	1192.01	0.00	15.44	1045.81
	1192.02	0.00	15.47	1044.79
	1192.03	0.00	15.50	1042.77
	1192.05	0.00	15.52	1037.76
	1192.06	0.00	15.56	1042.73
	1192.07	0.00	15.56	1033.72
	1192.08	0.00	15.61	1027.67
	1192.09	0.00	15.65	1020.64
	1192.10	0.00	15.70	1012.61
	1192.12	0.00	15.67	998.62
	1192.13	0.00	15.65	984.62
	1192.14	0.00	15.66	979.60
	1192.15	0.00	15.64	962.61
	1192.16	0.00	15.64	955.59
	1192.17	0.00	15.63	945.59
	1192.19	0.00	15.60	935.60
	1192.20	0.00	15.59	914.60
	1192.21	0.00	15.60	902.59
	1192.22	0.00	15.59	900.59
	1192.23	0.00	15.56	887.59
	1192.25	0.00	15.51	872.59
	1192.26	0.00	15.43	853.59
	1192.27	0.00	15.34	826.58
	1192.28	0.00	15.21	801.62
	1192.29	0.00	15.05	786.70
	1192.30	0.00	14.99	781.73
	1192.31	0.00	15.01	788.75
	1192.33	0.00	15.05	794.74
	1192.34	0.00	15.06	799.74
	1192.35	0.00	15.08	808.75
	1192.36	0.00	15.09	811.75
	1192.37	0.00	15.08	809.75
	1192.38	0.00	15.07	806.75
	1192.40	0.00	15.10	814.75
	1192.41	0.00	15.04	804.75
	1192.42	0.00	15.05	797.75
	1192.43	0.00	15.03	792.75
	1192.44	0.00	15.02	789.75
	1192.45	0.00	15.00	781.74
	1192.46	0.00	14.98	777.73
	1192.48	0.00	14.99	777.74
	1192.49	0.00	15.00	780.74
	1192.50	0.00	14.98	778.75
	1192.51	0.00	14.97	777.75
	1192.52	0.00	14.96	779.75
	1192.54	0.00	14.96	783.75
	1192.55	0.00	14.97	781.75
	1192.56	0.00	14.93	769.75
	1192.57	0.00	14.91	768.75
	1192.58	0.00	14.92	779.76
	1192.59	0.00	14.88	777.76
	1192.60	0.00	14.91	779.76
	1192.61	0.00	14.92	782.76
	1192.63	0.00	14.93	785.77
	1192.64	0.00	14.92	782.77
	1192.65	0.00	14.89	784.78
	1192.66	0.00	14.89	783.78
	1192.67	0.00	14.88	781.78
	1192.69	0.00	14.83	766.78
	1192.70	0.00	14.84	768.78
	1192.71	0.00	14.79	757.78
	1192.72	0.00	14.82	764.78
	1192.73	0.00	14.85	778.78
	1192.74	0.00	14.89	778.78
	1192.76	0.00	14.90	778.78
	1192.77	0.00	14.89	778.79
	1192.78	0.00	14.90	778.78
	1192.79	0.00	14.89	779.80
	1192.80	0.00	14.82	776.84
	1192.81	0.00	14.60	770.87
	1192.82	0.00	13.84	820.00
	1192.84	0.00	12.58	922.29
	1192.85	0.00	11.67	1021.53
	1192.86	0.00	11.18	1112.72
	1192.87	0.00	10.75	1165.90
	1192.88	0.00	10.58	1205.01
	1192.89	0.00	10.50	1248.08
	1192.91	0.00	10.53	1260.13
	1192.92	0.00	10.64	1286.18
	1192.93	0.00	10.69	1296.19
	1192.94	0.00	10.83	1310.15
	1192.95	0.00	11.02	1336.15
	1192.96	0.00	11.22	1370.14
	1192.97	0.00	11.33	1365.12
	1192.99	0.00	11.42	1357.10
	1193.00	0.00	11.45	1345.08
	1193.01	0.00	11.55	1328.05
	1193.02	0.00	11.65	1311.02
	1193.03	0.00	11.76	1291.99
	1193.05	0.00	11.86	1266.94
	1193.06	0.00	12.01	1259.88
	1193.07	0.00	12.14	1244.83
	1193.08	0.00	12.25	1228.79
	1193.09	0.00	12.35	1220.76
	1193.10	0.00	12.39	1212.76
	1193.11	0.00	12.48	1202.73
	1193.13	0.00	12.57	1191.73
	1193.14	0.00	12.63	1187.74
	1193.15	0.00	12.71	1177.71
	1193.16	0.00	12.75	1173.70
	1193.17	0.00	12.78	1174.70
	1193.19	0.00	12.82	1178.70
	1193.20	0.00	12.93	1172.70
	1193.21	0.00	12.99	1177.71
	1193.22	0.00	12.99	1173.72
	1193.23	0.00	12.98	1178.72
	1193.24	0.00	13.03	1175.71
	1193.25	0.00	13.12	1172.67
	1193.27	0.00	13.18	1149.65
	1193.28	0.00	13.52	1148.64
	1193.29	0.00	13.66	1154.58
	1193.30	0.00	13.86	1150.54
	1193.31	0.00	14.03	1143.47
	1193.32	0.00	14.23	1134.37
	1193.34	0.00	14.43	1129.29
	1193.35	0.00	14.63	1118.20
	1193.36	0.00	14.87	1110.11
	1193.37	0.00	15.03	1088.02
	1193.38	0.00	15.17	1080.91
	1193.40	0.00	15.25	1073.84
	1193.41	0.00	15.35	1053.75
	1193.42	0.00	15.50	1019.69
	1193.43	0.00	15.53	1004.64
	1193.44	0.00	15.50	979.62
	1193.45	0.00	15.53	950.58
	1193.46	0.00	15.51	925.57
	1193.48	0.00	15.48	916.60
	1193.49	0.00	15.43	899.61
	1193.50	0.00	15.36	855.61
	1193.51	0.00	15.37	847.58
	1193.52	0.00	15.30	827.58
	1193.54	0.00	15.16	803.62
	1193.55	0.00	15.13	791.63
	1193.56	0.00	15.05	791.69
	1193.57	0.00	15.06	804.70
	1193.58	0.00	15.09	816.71
	1193.59	0.00	15.11	832.70
	1193.60	0.00	15.13	836.71
	1193.62	0.00	15.13	835.71
	1193.63	0.00	15.06	800.72
	1193.64	0.00	15.08	829.72
	1193.65	0.00	15.07	824.73
	1193.66	0.00	15.03	807.72
	1193.67	0.00	15.01	802.72
	1193.69	0.00	15.01	805.73
	1193.70	0.00	15.00	803.73
	1193.71	0.00	15.01	806.73
	1193.72	0.00	15.02	809.73
	1193.73	0.00	15.00	790.73
	1193.74	0.00	14.98	796.74
	1193.76	0.00	15.02	809.74
	1193.77	0.00	15.01	807.74
	1193.78	0.00	15.01	807.74
	1193.79	0.00	15.02	808.74
	1193.80	0.00	14.94	785.73
	1193.81	0.00	14.95	798.74
	1193.82	0.00	14.96	805.74
	1193.84	0.00	14.95	806.75
	1193.85	0.00	14.98	810.75
	1193.86	0.00	14.97	811.75
	1193.87	0.00	14.99	810.74
	1193.88	0.00	14.94	800.75
	1193.89	0.00	14.95	806.75
	1193.91	0.00	14.97	808.75
	1193.92	0.00	14.97	806.75
	1193.93	0.00	14.97	806.75
	1193.94	0.00	14.92	796.75
	1193.95	0.00	14.93	799.75
	1193.96	0.00	14.97	807.75
	1193.97	0.00	14.97	807.75
	1193.99	0.00	14.95	808.77
	1194.00	0.00	14.90	783.79
	1194.01	0.00	14.78	781.82
	1194.02	0.00	14.39	797.90
	1194.03	0.00	12.93	931.21
	1194.05	0.00	11.70	1063.48
	1194.06	0.00	11.08	1147.66
	1194.07	0.00	10.85	1206.75
	1194.08	0.00	10.71	1254.87
	1194.09	0.00	10.68	1289.96
	1194.10	0.00	10.78	1318.04
	1194.11	0.00	10.95	1331.12
	1194.13	0.00	11.11	1356.14
	1194.14	0.00	11.22	1375.16
	1194.15	0.00	11.25	1374.16
	1194.16	0.00	11.24	1352.16
	1194.17	0.00	11.32	1342.14
	1194.19	0.00	11.37	1325.12
	1194.20	0.00	11.45	1307.08
	1194.21	0.00	11.52	1284.05
	1194.22	0.00	11.64	1265.99
	1194.23	0.00	11.80	1248.92
	1194.24	0.00	11.95	1225.90
	1194.26	0.00	12.14	1207.84
	1194.27	0.00	12.22	1183.81
	1194.28	0.00	12.33	1178.80
	1194.29	0.00	12.38	1159.79
	1194.30	0.00	12.48	1157.77
	1194.31	0.00	12.49	1160.76
	1194.32	0.00	12.54	1148.76
	1194.34	0.00	12.61	1153.75
	1194.35	0.00	12.69	1155.74
	1194.36	0.00	12.77	1154.74
	1194.37	0.00	12.87	1144.71
	1194.38	0.00	12.97	1139.70
	1194.39	0.00	13.10	1132.69
	1194.41	0.00	13.18	1128.69
	1194.42	0.00	13.28	1125.69
	1194.43	0.00	13.50	1096.66
	1194.44	0.00	13.66	1103.61
	1194.45	0.00	13.79	1100.58
	1194.46	0.00	13.92	1093.54
	1194.48	0.00	14.07	1093.49
	1194.49	0.00	14.21	1085.42
	1194.50	0.00	14.39	1081.35
	1194.51	0.00	14.55	1079.29
	1194.52	0.00	14.73	1075.23
	1194.53	0.00	14.91	1075.14
	1194.55	0.00	15.02	1074.06
	1194.56	0.00	15.13	1072.99
	1194.57	0.00	15.24	1071.91
	1194.58	0.00	15.38	1045.87
	1194.59	0.00	15.41	1033.83
	1194.60	0.00	15.43	1019.78
	1194.62	0.00	15.44	997.73
	1194.63	0.00	15.41	968.70
	1194.64	0.00	15.38	945.68
	1194.65	0.00	15.32	920.69
	1194.66	0.00	15.26	896.69
	1194.68	0.00	15.20	874.69
	1194.69	0.00	15.13	835.69
	1194.70	0.00	15.05	817.71
	1194.71	0.00	14.99	803.73
	1194.72	0.00	14.89	796.75
	1194.73	0.00	14.90	815.76
	1194.74	0.00	14.85	801.76
	1194.76	0.00	14.93	820.76
	1194.77	0.00	14.99	834.76
	1194.78	0.00	14.97	.80	0.00	14.67	827.99
	1205.81	0.00	14.68	830.99
	1205.82	0.00	14.67	830.99
	1205.84	0.00	14.67	827.99
	1205.85	0.00	14.68	828.99
	1205.86	0.00	14.66	818.99
	1205.87	0.00	14.75	825.95
	1205.88	0.00	14.76	826.94
	1205.90	0.00	14.76	828.95
	1205.91	0.00	14.77	828.94
	1205.92	0.00	14.75	826.95
	1205.93	0.00	14.76	828.95
	1205.94	0.00	14.77	829.95
	1205.95	0.00	14.76	826.95
	1205.96	0.00	14.75	825.95
	1205.98	0.00	14.76	827.95
	1205.99	0.00	14.76	828.95
	1206.00	0.00	14.79	820.91
	1206.01	0.00	14.78	821.92
	1206.02	0.00	14.77	819.92
	1206.03	0.00	14.78	818.91
	1206.05	0.00	14.77	820.92
	1206.06	0.00	14.78	826.93
	1206.07	0.00	14.77	821.94
	1206.08	0.00	14.77	822.94
	1206.09	0.00	14.77	824.95
	1206.10	0.00	14.77	824.95
	1206.11	0.00	14.72	805.93
	1206.13	0.00	14.73	810.94
	1206.14	0.00	14.74	814.94
	1206.15	0.00	14.76	818.94
	1206.16	0.00	14.77	816.94
	1206.17	0.00	14.76	817.95
	1206.18	0.00	14.77	817.94
	1206.20	0.00	14.76	820.94
	1206.21	0.00	14.77	825.95
	1206.22	0.00	14.76	821.95
	1206.23	0.00	14.76	824.96
	1206.24	0.00	14.71	827.00
	1206.25	0.00	14.56	834.09
	1206.27	0.00	14.31	825.18
	1206.28	0.00	14.10	857.28
	1206.29	0.00	14.00	887.35
	1206.30	0.00	13.96	913.39
	1206.31	0.00	13.92	928.43
	1206.32	0.00	13.86	944.45
	1206.33	0.00	13.55	978.48
	1206.35	0.00	13.40	987.52
	1206.36	0.00	13.22	1005.55
	1206.37	0.00	13.06	1016.60
	1206.38	0.00	12.92	1037.64
	1206.39	0.00	12.82	1095.67
	1206.41	0.00	12.67	1093.70
	1206.42	0.00	12.57	1107.73
	1206.43	0.00	12.53	1140.74
	1206.44	0.00	12.49	1156.77
	1206.45	0.00	12.49	1176.78
	1206.46	0.00	12.46	1181.79
	1206.47	0.00	12.48	1203.79
	1206.49	0.00	12.53	1220.78
	1206.50	0.00	12.58	1232.78
	1206.51	0.00	12.62	1227.75
	1206.52	0.00	12.67	1231.73
	1206.53	0.00	12.73	1223.72
	1206.55	0.00	12.81	1215.70
	1206.56	0.00	12.92	1206.68
	1206.57	0.00	12.93	1192.66
	1206.58	0.00	13.04	1204.65
	1206.59	0.00	13.13	1189.63
	1206.60	0.00	13.21	1185.62
	1206.61	0.00	13.41	1155.61
	1206.63	0.00	13.44	1154.60
	1206.64	0.00	13.47	1153.59
	1206.65	0.00	13.46	1158.60
	1206.66	0.00	13.49	1159.58
	1206.67	0.00	13.53	1161.58
	1206.69	0.00	13.52	1158.58
	1206.70	0.00	13.56	1163.57
	1206.71	0.00	13.60	1165.56
	1206.72	0.00	13.62	1159.54
	1206.73	0.00	13.67	1159.53
	1206.74	0.00	13.70	1154.52
	1206.76	0.00	13.75	1151.51
	1206.77	0.00	13.79	1147.51
	1206.78	0.00	13.82	1147.49
	1206.79	0.00	13.85	1147.48
	1206.80	0.00	13.89	1147.47
	1206.81	0.00	13.92	1151.46
	1206.82	0.00	13.99	1151.43
	1206.84	0.00	14.02	1145.41
	1206.85	0.00	14.09	1146.38
	1206.86	0.00	14.14	1146.36
	1206.87	0.00	14.20	1143.31
	1206.88	0.00	14.24	1144.31
	1206.90	0.00	14.27	1141.30
	1206.91	0.00	14.31	1141.28
	1206.92	0.00	14.35	1137.27
	1206.93	0.00	14.38	1134.27
	1206.94	0.00	14.45	1125.26
	1206.95	0.00	14.48	1123.25
	1206.96	0.00	14.51	1122.25
	1206.98	0.00	14.53	1122.24
	1206.99	0.00	14.55	1120.22
	1207.00	0.00	14.57	1116.20
	1207.01	0.00	14.62	1109.17
	1207.02	0.00	14.67	1090.13
	1207.03	0.00	14.73	1071.08
	1207.05	0.00	14.72	1043.05
	1207.06	0.00	14.77	1017.02
	1207.07	0.00	14.81	970.97
	1207.08	0.00	14.84	950.91
	1207.09	0.00	14.87	929.88
	1207.10	0.00	14.93	889.86
21	0.00	14.98	844.79
	1207.22	0.00	15.01	850.79
	1207.23	0.00	15.01	850.79
	1207.24	0.00	15.01	853.81
	1207.26	0.00	14.99	846.81
	1207.27	0.00	14.96	846.82
	1207.28	0.00	14.93	824.81
	1207.29	0.00	14.91	827.82
	1207.30	0.00	14.93	831.82
	1207.31	0.00	14.92	831.83
	1207.32	0.00	14.93	833.83
	1207.34	0.00	14.93	831.82
	1207.35	0.00	14.92	834.84
	1207.36	0.00	14.85	814.83
	1207.37	0.00	14.90	824.83
	1207.38	0.00	14.89	830.84
	1207.40	0.00	14.90	830.84
	1207.41	0.00	14.91	831.84
	1207.42	0.00	14.91	831.84
	1207.43	0.00	14.90	831.85
	1207.44	0.00	14.87	825.84
	1207.45	0.00	14.89	826.84
	1207.46	0.00	14.90	831.85
	1207.48	0.00	14.88	830.85
	1207.49	0.00	14.90	831.85
	1207.50	0.00	14.91	830.85
	1207.51	0.00	14.90	828.85
	1207.52	0.00	14.93	832.84
	1207.53	0.00	14.91	823.83
	1207.55	0.00	14.90	828.84
	1207.56	0.00	14.92	823.85
	1207.57	0.00	14.89	823.86
	1207.58	0.00	14.83	834.92
	1207.59	0.00	14.78	845.96
	1207.60	0.00	14.72	852.99
	1207.61	0.00	14.66	865.03
	1207.63	0.00	14.39	884.11
	1207.64	0.00	14.19	907.22
	1207.65	0.00	14.09	923.27
	1207.66	0.00	14.07	934.29
	1207.67	0.00	14.03	940.30
	1207.69	0.00	13.94	967.31
	1207.70	0.00	13.92	971.31
	1207.71	0.00	13.88	971.33
	1207.72	0.00	13.80	970.34
	1207.73	0.00	13.77	981.36
	1207.74	0.00	13.70	989.38
	1207.75	0.00	13.39	1019.41
	1207.77	0.00	13.35	1025.42
	1207.78	0.00	13.32	1028.45
	1207.79	0.00	13.28	1028.46
	1207.80	0.00	13.25	1031.46
	1207.81	0.00	13.20	1032.49
	1207.82	0.00	13.16	1035.50
	1207.83	0.00	13.10	1040.54
	1207.85	0.00	13.05	1041.56
	1207.86	0.00	13.01	1050.57
	1207.87	0.00	12.95	1055.58
	1207.88	0.00	12.89	1063.60
	1207.89	0.00	12.87	1065.60
	1207.91	0.00	12.88	1091.58
	1207.92	0.00	12.83	1103.59
	1207.93	0.00	12.80	1112.60
	1207.94	0.00	12.80	1116.61
	1207.95	0.00	12.77	1124.61
	1207.96	0.00	12.78	1131.61
	1207.97	0.00	12.76	1130.59
	1207.99	0.00	12.80	1134.57
	1208.00	0.00	12.79	1142.57
	1208.01	0.00	12.77	1140.59
	1208.02	0.00	12.77	1143.59
	1208.03	0.00	12.77	1142.59
	1208.05	0.00	12.79	1140.60
	1208.06	0.00	12.79	1140.61
	1208.07	0.00	12.79	1140.62
	1208.08	0.00	12.82	1138.62
	1208.09	0.00	12.82	1137.62
	1208.10	0.00	12.83	1136.62
	1208.12	0.00	12.84	1134.62
	1208.13	0.00	12.84	1135.62
	1208.14	0.00	12.86	1130.57
	1208.15	0.00	12.86	1130.60
	1208.16	0.00	12.85	1129.61
	1208.17	0.00	12.86	1126.63
	1208.19	0.00	12.88	1125.63
	1208.20	0.00	12.90	1121.63
	1208.21	0.00	12.90	1122.63
	1208.22	0.00	12.90	1122.63
	1208.23	0.00	12.92	1121.63
	1208.24	0.00	12.93	1123.63
	1208.26	0.00	12.93	1107.60
	1208.27	0.00	12.94	1109.60
	1208.28	0.00	12.95	1114.61
	1208.29	0.00	12.97	1117.61
	1208.30	0.00	12.97	1117.61
	1208.31	0.00	12.96	1116.62
	1208.33	0.00	13.01	1121.60
	1208.34	0.00	13.01	1112.61
	1208.35	0.00	13.01	1112.60
	1208.36	0.00	13.03	1113.60
	1208.37	0.00	13.03	1113.60
	1208.38	0.00	13.03	1113.60
	1208.40	0.00	13.03	1100.58
	1208.41	0.00	13.03	1100.58
	1208.42	0.00	13.04	1100.57
	1208.43	0.00	13.04	1094.57
	1208.44	0.00	13.07	1098.56
	1208.45	0.00	13.09	1106.56
	1208.46	0.00	13.10	1112.57
	1208.48	0.00	13.10	1113.57
	1208.49	0.00	13.10	1121.58
	1208.50	0.00	13.10	1119.58
	1208.51	0.00	13.05	1116.58
	1208.52	0.00	13.06	1121.58
	1208.54	0.00	13.07	1124.59
	1208.55	0.00	13.04	1132.60
	1208.56	0.00	13.04	1128.60
	1208.57	0.00	13.03	1133.60
	1208.58	0.00	13.03	1135.60
	1208.59	0.00	13.04	1133.60
	1208.60	0.00	13.04	1129.57
	1208.62	0.00	13.04	1126.57
	1208.63	0.00	13.08	1128.57
	1208.64	0.00	13.08	1126.58
	1208.65	0.00	13.09	1125.57
	1208.66	0.00	13.05	1120.58
	1208.68	0.00	13.10	1123.58
	1208.69	0.00	13.08	1118.58
	1208.70	0.00	13.10	1118.58
	1208.71	0.00	13.10	1119.58
	1208.72	0.00	13.11	1118.58
	1208.73	0.00	13.12	1118.58
	1208.74	0.00	13.12	1116.57
	1208.76	0.00	13.12	1112.57
	1208.77	0.00	13.12	1105.57
	1208.78	0.00	13.32	1088.57
	1208.79	0.00	13.32	1084.57
	1208.80	0.00	13.36	1085.56
	1208.81	0.00	13.38	1084.56
	1208.83	0.00	13.39	1082.55
	1208.84	0.00	13.42	1077.54
	1208.85	0.00	13.43	1074.54
	1208.86	0.00	13.45	1072.54
	1208.87	0.00	13.46	1074.55
	1208.89	0.00	13.47	1068.54
	1208.90	0.00	13.47	1069.54
	1208.91	0.00	13.46	1070.55
	1208.92	0.00	13.49	1070.54
	1208.93	0.00	13.48	1067.53
	1208.94	0.00	13.48	1065.53
	1208.95	0.00	13.49	1068.54
	1208.97	0.00	13.50	1067.53
	1208.98	0.00	13.51	1070.54
	1208.99	0.00	13.50	1069.54
	1209.00	0.00	13.50	1070.55
	1209.01	0.00	13.55	1065.48
	1209.02	0.00	13.55	1066.48
	1209.04	0.00	13.57	1067.48
	1209.05	0.00	13.58	1067.48
	1209.06	0.00	13.58	1065.48
	1209.07	0.00	13.57	1064.48
	1209.08	0.00	13.56	1064.49
	1209.09	0.00	13.58	1059.45
	1209.11	0.00	13.58	1056.44
	1209.12	0.00	13.56	1057.47
	1209.13	0.00	13.55	1054.48
	1209.14	0.00	13.55	1052.49
	1209.15	0.00	13.54	1048.50
	1209.16	0.0.00	13.60	1039.49
	1209.27	0.00	13.59	1029.49
	1209.28	0.00	13.62	1028.46
	1209.29	0.00	13.68	1008.45
	1209.30	0.00	13.72	1007.44
	1209.32	0.00	13.75	1004.43
	1209.33	0.00	13.76	997.43
	1209.34	0.00	13.80	1002.43
	1209.35	0.00	13.79	1001.43
	1209.36	0.00	13.77	993.41
	1209.37	0.00	13.80	999.41
	1209.39	0.00	13.79	998.42
	1209.40	0.00	13.78	999.42
	1209.41	0.00	13.78	1000.43
	1209.42	0.00	13.78	998.43
	1209.43	0.00	13.77	997.43
	1209.44	0.0