
	1116.72	0.00	5.67	385.00
	1116.73	0.00	5.68	383.00
	1116.74	0.00	5.69	382.00
	1116.75	0.00	5.68	381.00
	1116.77	0.00	5.68	380.00
	1116.78	0.00	5.68	380.00
	1116.79	0.00	5.68	380.00
	1116.80	0.00	5.68	380.00
	1116.81	0.00	5.68	381.00
	1116.82	0.00	5.66	383.00
	1116.83	0.00	5.68	383.00
	1116.85	0.00	5.67	384.00
	1116.86	0.00	5.67	385.00
	1116.87	0.00	5.67	386.00
	1116.88	0.00	5.65	384.00
	1116.89	0.00	5.66	386.00
	1116.90	0.00	5.66	386.00
	1116.92	0.00	5.66	385.00
	1116.93	0.00	5.66	385.00
	1116.94	0.00	5.67	384.00
	1116.95	0.00	5.65	382.00
	1116.96	0.00	5.65	381.00
	1116.97	0.00	5.66	381.00
	1116.98	0.00	5.71	383.00
	1117.00	0.00	5.72	383.00
	1117.01	0.00	5.72	381.00
	1117.02	0.00	5.72	381.00
	1117.03	0.00	5.73	380.00
	1117.04	0.00	5.72	381.00
	1117.05	0.00	5.72	381.00
	1117.06	0.00	5.72	381.00
	1117.08	0.00	5.72	380.00
	1117.09	0.00	5.73	380.00
	1117.10	0.00	5.72	381.00
	1117.11	0.00	5.73	381.00
	1117.12	0.00	5.72	380.00
	1117.13	0.00	5.72	380.00
	1117.15	0.00	5.72	379.00
	1117.16	0.00	5.72	378.00
	1117.17	0.00	5.73	379.00
	1117.18	0.00	5.71	378.00
	1117.19	0.00	5.72	377.00
	1117.20	0.00	5.71	376.00
	1117.21	0.00	5.80	380.00
	1117.22	0.00	5.79	379.00
	1117.24	0.00	5.79	378.00
	1117.25	0.00	5.79	378.00
	1117.26	0.00	5.79	377.00
	1117.27	0.00	5.79	377.00
	1117.28	0.00	5.79	377.00
	1117.29	0.00	5.80	377.00
	1117.31	0.00	5.78	377.00
	1117.32	0.00	5.79	378.00
	1117.33	0.00	5.78	377.00
	1117.34	0.00	5.78	377.00
	1117.35	0.00	5.78	377.00
	1117.36	0.00	5.78	377.00
	1117.38	0.00	5.78	377.00
	1117.39	0.00	5.78	377.00
	1117.40	0.00	5.	1119.56	0.00	5.79	385.00
	1119.57	0.00	5.78	384.00
	1119.58	0.00	5.78	384.00
	1119.59	0.00	5.78	384.00
	1119.60	0.00	5.78	384.00
	1119.61	0.00	5.78	384.00
	1119.63	0.00	5.78	384.00
	1119.64	0.00	5.80	384.00
	1119.65	0.00	4.00
	1121.03	0.00	5.78	373.00
	1121.04	0.00	5.78	375.00
	1121.05	0.00	5.75	376.00
	1121.06	0.00	5.77	376.00
	1121.07	0.00	5.77	376.00
	1121.08	0.00	5.78	376.00
	1121.09	0.00	5.71	375.00
	1121.11	0.00	5.71	374.00
	1121.12	0.00	5.71	375.00
	1121.13	0.00	5.71	373.00
	1121.14	0.00	5.71	373.00
	1121.15	0.00	5.71	374.00
	1121.16	0.00	5.70	373.00
	1121.18	0.00	5.70	373.00
	1121.19	0.00	5.71	374.00
	1121.20	0.00	5.72	375.00
	1121.21	0.00	5.69	374.00
	1121.22	0.00	5.71	375.00
	1121.23	0.00	5.71	375.00
	1121.25	0.00	5.68	374.00
	1121.26	0.00	5.71	374.00
	1121.27	0.00	5.71	374.00
	1121.28	0.00	5.71	373.00
	1121.29	0.00	5.71	373.00
	1121.30	0.00	5.72	372.00
	1121.31	0.00	5.69	373.00
	1121.33	0.00	5.71	374.00
	1121.34	0.00	5.71	374.00
	1121.35	0.00	5.71	375.00
	1121.36	0.00	5.70	375.00
	1121.37	0.00	5.70	375.00
	1121.39	0.00	5.70	375.00
	1121.40	0.00	5.73	375.00
	1121.41	0.00	5.72	375.00
	1121.42	0.00	5.70	375.00
	1121.43	0.00	5.69	374.00
	1121.44	0.00	5.70	375.00
	1121.45	0.00	5.70	375.00
	1121.47	0.00	5.71	375.00
	1121.48	0.00	5.71	374.00
	1121.49	0.00	5.69	374.00
	1121.50	0.00	5.72	375.00
	1121.51	0.00	5.71	375.00
	1121.52	0.00	5.71	375.00
	1121.53	0.00	5.71	375.00
	1121.55	0.00	5.71	376.00
	1121.56	0.00	5.69	375.00
	1121.57	0.00	5.69	374.00
	1121.58	0.00	5.69	374.00
	1121.59	0.00	5.69	374.00
	1121.60	0.00	5.69	375.00
	1121.61	0.00	5.69	375.00
	1121.63	0.00	5.70	374.00
	1121.64	0.00	5.71	374.00
	1121.65	0.00	5.69	373.00
	1121.66	0.00	5.70	374.00
	1121.67	0.00	5.69	373.00
	1121.68	0.00	5.69	374.00
	1121.69	0.00	5.69	374.00
	1121.71	0.00	5.69	374.00
	1121.72	0.00	5.69	373.00
	1121.73	0.00	5.69	373.00
	1121.74	0.00	5.69	373.00
	1121.75	0.00	5.69	373.00
	1121.77	0.00	5.70	373.00
	1121.78	0.00	5.69	373.00
	1121.79	0.00	5.69	373.00
	1121.80	0.00	5.69	373.00
	1121.81	0.00	5.70	374.00
	1121.82	0.00	5.70	373.00
	1121.83	0.00	5.70	373.00
	1121.85	0.00	5.70	372.00
	1121.86	0.00	5.70	373.00
	1121.87	0.00	5.69	372.00
	1121.88	0.00	5.69	372.00
	1121.89	0.00	5.76	375.00
	1121.90	0.00	5.74	374.00
	1121.91	0.00	5.74	374.00
	1121.93	0.00	5.75	374.00
	1121.94	0.00	5.73	371.00
	1121.95	0.00	5.74	375.00
	1121.96	0.00	5.74	375.00
	1121.97	0.00	5.74	375.00
	1121.98	0.00	5.75	375.00
	1122.00	0.00	5.74	375.00
	1122.01	0.00	5.75	374.00
	1122.02	0.00	5.75	375.00
	1122.03	0.00	5.75	375.00
	1122.04	0.00	5.74	374.00
	1122.05	0.00	5.75	375.00
	1122.06	0.00	5.74	375.00
	1122.08	0.00	5.75	375.00
	1122.09	0.00	5.75	376.00
	1122.10	0.00	5.74	373.00
	1122.11	0.00	5.74	373.00
	1122.12	0.00	5.73	374.00
	1122.14	0.00	5.74	372.00
	1122.15	0.00	5.75	371.00
	1122.16	0.00	5.72	373.00
	1122.17	0.00	5.73	372.00
	1122.18	0.00	5.73	372.00
	1122.19	0.00	5.71	371.00
	1122.20	0.00	5.71	372.00
	1122.21	0.00	5.71	371.00
	1122.23	0.00	5.80	375.00
	1122.24	0.00	5.80	375.00
	1122.25	0.00	5.80	375.00
	1122.26	0.00	5.80	375.00
	1122.27	0.00	5.80	374.00
	1122.28	0.00	5.80	375.00
	1122.30	0.00	5.82	375.00
	1122.31	0.00	5.81	375.00
	1122.32	0.00	5.81	374.00
	1122.33	0.00	5.81	375.00
	1122.34	0.00	5.80	373.00
	1122.35	0.00	5.80	373.00
	1122.36	0.00	5.81	374.00
	1122.38	0.00	5.80	374.00
	1122.39	0.00	5.80	374.00
	1122.40	0.00	5.80	373.00
	1122.41	0.00	5.80	374.00
	1122.42	0.00	5.81	374.00
	1122.43	0.00	5.81	374.00
	1122.44	0.00	5.81	374.00
	1122.46	0.00	5.81	374.00
	1122.47	0.00	5.81	374.00
	1122.48	0.00	5.81	374.00
	1122.49	0.00	5.82	373.00
	1122.50	0.00	5.81	374.00
	1122.51	0.00	5.81	373.00
	1122.53	0.00	5.81	374.00
	1122.54	0.00	5.82	373.00
	1122.55	0.00	5.81	373.00
	1122.56	0.00	5.84	374.00
	1122.57	0.00	5.81	374.00
	1122.58	0.00	5.81	374.00
	1122.59	0.00	5.82	374.00
	1122.61	0.00	5.82	373.00
	1122.62	0.00	5.83	374.00
	1122.63	0.00	5.77	372.00
	1122.64	0.00	5.77	372.00
	1122.65	0.00	5.77	372.00
	1122.66	0.00	5.77	372.00
	1122.67	0.00	5.77	372.00
	1122.69	0.00	5.76	373.00
	1122.70	0.00	5.77	373.00
	1122.71	0.00	5.77	373.00
	1122.72	0.00	5.77	373.00
	1122.73	0.00	5.76	372.00
	1122.74	0.00	5.78	373.00
	1122.76	0.00	5.78	372.00
	1122.77	0.00	5.79	370.00
	1122.78	0.00	5.79	370.00
	1122.79	0.00	5.76	371.00
	1122.80	0.00	5.77	373.00
	1122.81	0.00	5.78	373.00
	1122.82	0.00	5.78	373.00
	1122.83	0.00	5.78	373.00
	1122.85	0.00	5.70	369.00
	1122.86	0.00	5.72	371.00
	1122.87	0.00	5.70	369.00
	1122.88	0.00	5.72	369.00
	1122.89	0.00	5.73	369.00
	1122.91	0.00	5.72	369.00
	1122.92	0.00	5.73	369.00
	1122.93	0.00	5.70	368.00
	1122.94	0.00	5.73	368.00
	1122.95	0.00	5.73	368.00
	1122.96	0.00	5.73	368.00
	1122.97	0.00	5.73	368.00
	1122.98	0.00	5.73	368.00
	1123.00	0.00	5.75	368.00
	1123.01	0.00	5.73	368.00
	1123.02	0.00	5.73	368.00
	1123.03	0.00	5.73	367.00
	1123.04	0.00	5.71	366.00
	1123.05	0.00	5.71	366.00
	1123.06	0.00	5.71	366.00
	1123.08	0.00	5.72	366.00
	1123.09	0.00	5.71	366.00
	1123.10	0.00	5.72	366.00
	1123.11	0.00	5.73	366.00
	1123.12	0.00	5.73	366.00
	1123.13	0.00	5.72	365.00
	1123.15	0.00	5.72	365.00
	1123.16	0.00	5.72	365.00
	1123.17	0.00	5.72	365.00
	112394.00
	1128.76	0.00	5.66	393.00
	1128.77	0.00	5.66	394.00
	1128.78	0.00	5.66	394.00
	1128.80	0.00	5.66	394.00
	1128.81	0.00	5.66	394.00
	1128.82	0.00	5.66	394.00
	1128.83	0.00	5.66	394.00
	1128.84	0.00	5.65	395.00
	1128.8	5.77	370.00
	1132.67	0.00	5.77	370.00
	1132.69	0.00	5.78	369.00
	1132.70	0.00	5.78	369.00
	1132.71	0.00	5.78	367.00
	1132.72	0.00	5.78	367.00
	1132.73	0.00	5.78	367.00
	1132.74	0.00	5.78	368.00
	1132.75	0.00	5.77	370.00
	1132.77	0.00	5.78	370.00
	1132.78	0.00	5.79	370.00
	1132.79	0.00	5.79	369.00
	1132.80	0.00	5.77	368.00
	1132.81	0.00	5.72	367.00
	1132.82	0.00	5.74	368.00
	1132.83	0.00	5.74	366.00
	1132.85	0.00	5.72	365.00
	1132.86	0.00	5.72	364.00
	1132.87	0.00	5.74	365.00
	1132.88	0.00	5.72	364.00
	1132.89	0.00	5.75	363.00
	1132.90	0.00	5.74	365.00
	1132.92	0.00	5.74	365.00
	1132.93	0.00	5.74	365.00
	1132.94	0.00	5.73	364.00
	1132.95	0.00	5.74	365.00
	1132.96	0.00	5.73	364.00
	1132.97	0.00	5.73	364.00
	1132.98	0.00	5.74	365.00
	1133.00	0.00	5.73	364.00
	1133.01	0.00	5.73	364.00
	1133.02	0.00	5.73	364.00
	1133.03	0.00	5.75	364.00
	1133.04	0.00	5.73	364.00
	1133.05	0.00	533.35	0.00	5.77	359.00
	1133.36	0.00	5.77	359.00
	1133.38	0.00	5.77	358.00
	1133.39	0.00	5.78	359.00
	1133.40	0.00	5.78	358.00
	1133.41	0.00	5.78	359.00
	1133.42	0.00	5.79	359.00
	1133.43	0.00	5.77	358.00
	1133.44	0.00	5.78	357.00
	1133.46	0.00	5.78	356.00
	1133.47	0.00	5.78	358.00
	1133.48	0.00	5.79	357.00
	1133.49	0.00	5.77	358.00
	1133.50	0.00	5.75	355.00
	1133.51	0.00	5.78	357.00
	1133.53	0.00	5.84	359.00
	1133.54	0.00	5.84	359.00
	1133.55	0.00	5.84	360.00
	1133.56	0.00	5.84	359.00
	1133.57	0.00	5.84	360.00
	1133.58	0.00	5.85	360.00
	1133.59	0.00	5.84	361.00
	1133.61	0.00	5.84	361.00
	1133.62	0.00	5.84	361.00
	1133.63	0.00	5.84	361.00
	1133.64	0.00	5.84	361.00
	1133.65	0.00	5.84	361.00
	1133.67	0.00	5.84	361.00
	1133.68	0.00	5.84	361.00
	1133.69	0.00	5.86	362.00
	1133.70	0.00	5.84	361.00
	1133.71	0.00	5.85	363.00
	1133.72	0.00	5.83	362.00
	1133.73	0.00	5.83	362.00
	1133.75	0.00	5.83	363.00
	1133.76	0.00	5.83	362.00
	1133.77	0.00	5.83	363.00
	1133.78	0.00	5.83	363.00
	1133.79	0.00	5.82	362.00
	1133.80	0.00	5.85	363.00
	1133.81	0.00	5.84	364.00
	1133.83	0.00	5.84	363.00
	1133.84	0.00	5.84	364.00
	1133.85	0.00	5.83	364.00
	1133.86	0.00	5.83	365.00
	1133.87	0.00	5.83	366.00
	1133.89	0.00	5.83	365.00
	1133.90	0.00	5.82	365.00
	1133.91	0.00	5.83	365.00
	1133.92	0.00	5.84	366.00
	1133.93	0.00	5.83	367.00
	1133.94	0.00	5.82	367.00
	1133.95	0.00	5.82	366.00
	1133.97	0.00	5.83	369.00
	1133.98	0.00	5.81	367.00
	1133.99	0.00	5.81	369.00
	1134.00	0.00	5.82	370.00
	1134.01	0.00	5.81	369.00
	1134.02	0.00	5.79	370.00
	1134.04	0.00	5.81	371.00
	1134.05	0.00	5.81	372.00
	1134.06	0.00	5.81	374.00
	1134.07	0.00	5.82	374.00
	1134.08	0.00	5.81	375.00
	1134.09	0.00	5.80	376.00
	1134.10	0.00	5.79	377.00
	1134.11	0.00	5.80	376.00
	1134.13	0.00	5.81	377.00
	1134.14	0.00	5.79	378.00
	1134.15	0.00	5.79	377.00
	1134.16	0.00	5.80	379.00
	1134.17	0.00	5.79	379.00
	1134.19	0.00	5.79	381.00
	1134.20	0.00	5.77	381.00
	1134.21	0.00	5.77	383.00
	1134.22	0.00	5.76	385.00
	1134.23	0.00	5.76	388.00
	1134.24	0.00	5.75	390.00
	1134.25	0.00	5.75	392.00
	1134.27	0.00	5.74	397.00
	1134.28	0.00	5.73	400.00
	1134.29	0.00	5.72	404.00
	1134.30	0.00	5.71	409.00
	1134.31	0.00	5.70	414.00
	1134.32	0.00	5.70	417.00
	1134.33	0.00	5.71	420.00
	1134.35	0.00	5.69	422.00
	1134.36	0.00	5.64	425.00
	1134.37	0.00	5.60	425.00
	1134.38	0.00	5.62	427.00
	1134.39	0.00	5.62	427.00
	1134.40	0.00	5.61	430.00
	1134.42	0.00	5.61	432.00
	1134.43	0.00	5.60	434.00
	1134.44	0.00	6.45	486.00
	1134.45	0.00	6.44	488.00
	1134.46	0.00	6.23	541.00
	1134.47	0.00	6.22	544.00
	1134.48	0.00	6.21	554.00
	1134.50	0.00	5.19	564.00
	1134.51	0.00	5.17	571.00
	1134.52	0.00	5.18	582.00
	1134.53	0.00	5.15	596.00
	1134.54	0.00	5.15	603.00
	1134.55	0.00	5.14	610.00
	1134.56	0.00	5.15	609.00
	1134.58	0.00	5.16	606.00
	1134.59	0.00	5.48	652.00
	1134.60	0.00	5.62	597.00
	1134.61	0.00	5.64	595.00
	1134.62	0.00	5.67	592.00
	1134.63	0.00	5.93	538.00
	1134.65	0.00	5.94	533.00
	1134.66	0.00	5.95	529.00
	1134.67	0.00	5.96	526.00
	1134.68	0.00	5.99	521.00
	1134.69	0.00	5.99	516.00
	1134.70	0.00	6.04	513.00
	1134.71	0.00	6.05	507.00
	1134.73	0.00	6.09	500.00
	1134.74	0.00	6.11	496.00
	1134.75	0.00	6.13	491.00
	1134.76	0.00	6.15	487.00
	1134.77	0.00	6.17	484.00
	1134.78	0.00	6.17	479.00
	1134.79	0.00	6.19	479.00
	1134.81	0.00	6.21	477.00
	1134.82	0.00	6.22	474.00
	1134.83	0.00	6.24	468.00
	1134.84	0.00	6.26	464.00
	1134.85	0.00	6.28	457.00
	1134.86	0.00	6.32	451.00
	1134.87	0.00	6.33	443.00
	1134.89	0.00	6.33	434.00
	1134.90	0.00	6.38	422.00
	1134.91	0.00	6.36	404.00
	1134.92	0.00	6.34	390.00
	1134.93	0.00	6.28	375.00
	1134.94	0.00	5.94	312.00
	1134.95	0.00	6.12	254.00
	1134.97	0.00	6.17	247.00
	1134.98	0.00	6.21	248.00
	1134.99	0.00	6.47	198.00
	1135.00	0.00	7.56	251.00
	1135.01	0.00	7.55	253.00
	1135.02	0.00	7.59	254.00
	1135.04	0.00	9.12	309.00
	1135.05	0.00	9.25	314.00
	1135.06	0.00	9.20	311.00
	1135.07	0.00	9.25	312.00
	1135.08	0.00	9.31	312.00
	1135.09	0.00	9.38	310.00
	1135.10	0.00	9.50	314.00
	1135.12	0.00	9.67	322.00
	1135.13	0.00	9.61	316.00
	1135.14	0.00	9.37	302.00
	1135.15	0.00	9.19	291.00
	1135.16	0.00	8.00	224.00
	1135.17	0.00	6.21	173.00
	1135.19	0.00	6.26	173.00
	1135.20	0.00	6.29	171.00
	1135.21	0.00	6.29	170.00
	1135.22	0.00	5.99	219.00
	1135.23	0.00	6.42	174.00
	1135.24	0.00	6.09	223.00
	1135.26	0.00	6.39	173.00
	1135.27	0.00	6.39	173.00
	1135.28	0.00	6.08	223.00
	1135.29	0.00	6.09	223.00
	1135.30	0.00	6.36	171.00
	1135.31	0.00	6.41	173.00
	1135.32	0.00	6.42	173.00
	1135.34	0.00	6.41	173.00
	1135.35	0.00	6.39	172.00
	1135.36	0.00	6.39	172.00
	1135.37	0.00	6.39	172.00
	1135.38	0.00	6.39	173.00
	1135.39	0.00	6.39	173.00
	1135.41	0.00	6.39	173.00
	1135.42	0.00	6.39	173.00
	1135.43	0.00	6.37	172.00
	1135.44	0.00	6.38	173.00
	1135.45	0.00	6.39	173.00
	1135.46	0.00	6.38	173.00
	1135.47	0.00	6.38	173.00
	1135.48	0.00	6.37	173.00
	1135.50	0.00	6.38	173.00
	1135.51	0.00	6.38	173.00
	1135.52	0.00	6.38	173.00
	1135.53	0.00	6.38	173.00
	1135.54	0.00	6.39	173.00
	1135.56	0.00	6.39	173.00
	1135.57	0.00	6.41	173.00
	1135.58	0.00	6.06	229.00
	1135.59	0.00	6.01	236.00
	1135.60	0.00	5.82	316.00
	1135.61	0.00	5.27	435.00
	1135.62	0.00	5.17	500.00
	1135.64	0.00	5.14	539.00
	1135.65	0.00	5.00	634.00
	1135.66	0.00	4.98	682.00
	1135.67	0.00	4.94	712.00
	1135.68	0.00	4.93	732.00
	1135.69	0.00	4.95	744.00
	1135.70	0.00	4.95	754.00
	1135.72	0.00	4.95	754.00
	1135.73	0.00	4.97	741.00
	1135.74	0.00	4.99	730.00
	1135.75	0.00	5.28	770.00
	1135.76	0.00	5.33	748.00
	1135.77	0.00	5.38	722.00
	1135.79	0.00	5.46	689.00
	1135.80	0.00	5.76	602.00
	1135.81	0.00	5.95	524.00
	1135.82	0.00	5.97	502.00
	1135.83	0.00	5.66	439.00
	1135.84	0.00	5.69	427.00
	1135.85	0.00	5.71	421.00
	1135.86	0.00	5.74	412.00
	1135.88	0.00	5.74	406.00
	1135.89	0.00	5.75	400.00
	1135.90	0.00	5.76	400.00
	1135.91	0.00	5.76	394.00
	1135.92	0.00	5.78	388.00
	1135.93	0.00	5.80	377.00
	1135.94	0.00	5.81	368.00
	1135.96	0.00	5.83	359.00
	1135.97	0.00	5.84	351.00
	1135.98	0.00	6.77	395.00
	1135.99	0.00	6.84	390.00
	1136.00	0.00	6.92	384.00
	1136.02	0.00	6.95	376.00
	1136.03	0.00	7.05	372.00
	1136.04	0.00	7.20	375.00
	1136.05	0.00	7.27	370.00
	1136.06	0.00	7.50	318.00
	1136.07	0.00	7.88	270.00
	1136.08	0.00	7.96	275.00
	1136.09	0.00	8.01	279.00
	1136.11	0.00	8.08	284.00
	1136.12	0.00	8.12	287.00
	1136.13	0.00	8.18	289.00
	1136.14	0.00	8.11	286.00
	1136.15	0.00	8.09	284.00
	1136.16	0.00	7.95	274.00
	1136.18	0.00	7.82	267.00
	1136.19	0.00	7.79	265.00
	1136.20	0.00	7.78	264.00
	1136.21	0.00	7.84	268.00
	1136.22	0.00	7.95	271.00
	1136.23	0.00	8.21	287.00
	1136.25	0.00	8.24	286.00
	1136.26	0.00	7.78	255.00
	1136.27	0.00	7.25	224.00
	1136.28	0.00	6.18	172.00
	1136.29	0.00	6.28	172.00
	1136.30	0.00	6.00	222.00
	1136.31	0.00	6.00	224.00
	1136.32	0.00	6.02	224.00
	1136.34	0.00	6.02	224.00
	1136.35	0.00	6.03	224.00
	1136.36	0.00	6.03	224.00
	1136.37	0.00	6.03	224.00
	1136.38	0.00	6.01	223.00
	1136.40	0.00	6.02	222.00
	1136.41	0.00	6.03	222.00
	1136.42	0.00	6.02	221.00
	1136.43	0.00	5.97	219.00
	1136.44	0.00	5.97	219.00
	1136.45	0.00	6.09	223.00
	1136.46	0.00	6.41	173.00
	1136.48	0.00	6.09	223.00
	1136.49	0.00	6.09	223.00
	1136.50	0.00	6.09	223.00
	1136.51	0.00	6.10	223.00
	1136.52	0.00	6.41	173.00
	1136.53	0.00	6.11	223.00
	1136.54	0.00	6.11	223.00
	1136.56	0.00	6.11	223.00
	1136.57	0.00	6.08	222.00
	1136.58	0.00	6.07	223.00
	1136.59	0.00	6.09	223.00
	1136.60	0.00	6.09	223.00
	1136.61	0.00	6.04	221.00
	1136.63	0.00	6.09	223.00
	1136.64	0.00	6.08	223.00
	1136.65	0.00	6.39	173.00
	1136.66	0.00	6.09	223.00
	1136.67	0.00	6.09	223.00
	1136.68	0.00	6.07	229.00
	1136.69	0.00	6.06	237.00
	1136.71	0.00	5.93	306.00
	1136.72	0.00	5.39	407.00
	1136.73	0.00	5.23	477.00
	1136.74	0.00	5.23	511.00
	1136.75	0.00	5.18	548.00
	1136.76	0.00	5.06	625.00
	1136.78	0.00	5.05	668.00
	1136.79	0.00	5.02	687.00
	1136.80	0.00	5.02	702.00
	1136.81	0.00	4.99	720.00
	1136.82	0.00	4.98	730.00
	1136.83	0.00	4.98	735.00
	1136.84	0.00	5.00	736.00
	1136.86	0.00	5.01	733.00
	1136.87	0.00	5.04	728.00
	1136.88	0.00	5.05	713.00
	1136.89	0.00	5.10	686.00
	1136.90	0.00	5.15	655.00
	1136.91	0.00	5.41	573.00
	1136.92	0.00	5.46	551.00
	1136.94	0.00	5.48	529.00
	1136.95	0.00	5.52	507.00
	1136.96	0.00	5.53	490.00
	1136.97	0.00	5.52	469.00
	1136.98	0.00	5.74	402.00
	1136.99	0.00	5.75	384.00
	1137.01	0.00	5.73	370.00
	1137.02	0.00	6.64	408.00
	1137.03	0.00	6.71	393.00
	1137.04	0.00	6.77	379.00
	1137.05	0.00	6.83	372.00
	1137.06	0.00	6.88	367.00
	1137.07	0.00	6.91	363.00
	1137.09	0.00	7.00	359.00
	1137.10	0.00	7.00	358.00
	1137.11	0.00	7.11	357.00
	1137.12	0.00	7.28	309.00
	1137.13	0.00	7.36	308.00
	1137.14	0.00	7.77	263.00
	1137.16	0.00	7.88	270.00
	1137.17	0.00	7.99	277.00
	1137.18	0.00	8.08	283.00
	1137.19	0.00	8.11	285.00
	1137.20	0.00	8.07	288.00
	1137.21	0.00	8.09	286.00
	1137.22	0.00	8.12	288.00
	1137.23	0.00	8.07	283.00
	1137.25	0.00	8.07	283.00
	1137.26	0.00	7.98	277.00
	1137.27	0.00	7.98	276.00
	1137.28	0.00	7.85	269.00
	1137.29	0.00	7.94	273.00
	1137.31	0.00	8.11	283.00
	1137.32	0.00	8.24	292.00
	1137.33	0.00	8.49	307.00
	1137.34	0.00	8.79	326.00
	1137.35	0.00	8.70	315.00
	1137.36	0.00	8.29	280.00
	1137.37	0.00	7.41	230.00
	1137.39	0.00	6.13	171.00
	1137.40	0.00	6.19	171.00
	1137.41	0.00	6.29	171.00
	1137.42	0.00	6.24	170.00
	1137.43	0.00	6.27	170.00
	1137.44	0.00	6.23	169.00
	1137.45	0.00	6.26	170.00
	1137.47	0.00	6.26	169.00
	1137.48	0.00	6.32	171.00
	1137.49	0.00	6.34	171.00
	1137.50	0.00	6.34	171.00
	1137.51	0.00	6.34	171.00
	1137.52	0.00	6.36	171.00
	1137.54	0.00	6.36	171.00
	1137.55	0.00	6.33	170.00
	1137.56	0.00	6.03	220.00
	1137.57	0.00	6.34	171.00
	1137.58	0.00	6.36	171.00
	1137.59	0.00	6.32	170.00
	1137.60	0.00	6.32	170.00
	1137.62	0.00	6.30	169.00
	1137.63	0.00	6.27	168.00
	1137.64	0.00	6.27	168.00
	1137.65	0.00	6.27	168.00
	1137.66	0.00	6.39	173.00
	1137.67	0.00	6.39	173.00
	1137.69	0.00	6.38	172.00
	1137.70	0.00	6.37	172.00
	1137.71	0.00	6.36	172.00
	1137.72	0.00	6.38	172.00
	1137.73	0.00	6.38	172.00
	1137.74	0.00	6.36	172.00
	1137.76	0.00	6.36	172.00
	1137.77	0.00	6.36	172.00
	1137.78	0.00	6.38	173.00
	1137.79	0.00	6.07	222.00
	1137.80	0.00	6.06	228.00
	1137.81	0.00	6.05	237.00
	1137.82	0.00	5.85	319.00
	1137.84	0.00	5.27	444.00
	1137.85	0.00	5.16	504.00
	1137.86	0.00	5.00	617.00
	1137.87	0.00	4.93	702.00
	1137.88	0.00	4.92	752.00
	1137.89	0.00	4.92	792.00
	1137.90	0.00	4.88	802.00
	1137.92	0.00	5.18	851.00
	1137.93	0.00	5.23	837.00
	1137.94	0.00	5.32	813.00
	1137.95	0.00	5.37	784.00
	1137.96	0.00	5.41	755.00
	1137.97	0.00	5.43	736.00
	1137.98	0.00	5.46	722.00
	1138.00	0.00	5.48	702.00
	1138.01	0.00	5.73	628.00
	1138.02	0.00	5.76	601.00
	1138.03	0.00	5.82	580.00
	1138.04	0.00	5.57	505.00
	1138.05	0.00	5.74	442.00
	1138.06	0.00	5.75	429.00
	1138.08	0.00	5.76	422.00
	1138.09	0.00	5.74	419.00
	1138.10	0.00	5.78	414.00
	1138.11	0.00	5.78	410.00
	1138.12	0.00	5.73	399.00
	1138.13	0.00	5.75	392.00
	1138.15	0.00	5.75	386.00
	1138.16	0.00	5.77	381.00
	1138.17	0.00	5.78	377.00
	1138.18	0.00	5.78	368.00
	1138.19	0.00	5.80	364.00
	1138.20	0.00	6.69	413.00
	1138.21	0.00	6.76	404.00
	1138.23	0.00	6.81	398.00
	1138.24	0.00	6.88	390.00
	1138.25	0.00	6.94	383.00
	1138.26	0.00	7.01	383.00
	1138.27	0.00	7.11	381.00
	1138.28	0.00	7.17	375.00
	1138.29	0.00	7.22	369.00
	1138.31	0.00	7.45	315.00
	1138.32	0.00	7.77	265.00
	1138.33	0.00	7.81	268.00
	1138.34	0.00	7.89	273.00
	1138.35	0.00	7.91	274.00
	1138.36	0.00	7.92	275.00
	1138.38	0.00	7.87	275.00
	1138.39	0.00	7.89	273.00
	1138.40	0.00	7.77	266.00
	1138.41	0.00	7.72	264.00
	1138.42	0.00	7.64	259.00
	1138.43	0.00	7.54	254.00
	1138.44	0.00	7.48	249.00
	1138.46	0.00	7.44	246.00
	1138.47	0.00	7.48	247.00
	1138.48	0.00	7.76	260.00
	1138.49	0.00	7.78	260.00
	1138.50	0.00	7.42	237.00
	1138.51	0.00	6.04	172.00
	1138.53	0.00	6.08	171.00
	1138.54	0.00	6.12	171.00
	1138.55	0.00	6.30	172.00
	1138.56	0.00	6.29	172.00
	1138.57	0.00	6.29	172.00
	1138.58	0.00	6.30	172.00
	1138.59	0.00	6.28	171.00
	1138.61	0.00	6.29	171.00
	1138.62	0.00	6.27	170.00
	1138.63	0.00	6.28	171.00
	1138.64	0.00	6.28	171.00
	1138.65	0.00	6.29	171.00
	1138.66	0.00	6.29	171.00
	1138.68	0.00	6.27	170.00
	1138.69	0.00	6.26	170.00
	1138.70	0.00	6.24	169.00
	1138.71	0.00	6.23	168.00
	1138.72	0.00	6.34	172.00
	1138.73	0.00	6.36	172.00
	1138.74	0.00	6.34	172.00
	1138.76	0.00	6.35	173.00
	1138.77	0.00	6.35	173.00
	1138.78	0.00	6.37	173.00
	1138.79	0.00	6.37	173.00
	1138.80	0.00	6.38	173.00
	1138.81	0.00	6.37	172.00
	1138.82	0.00	6.37	173.00
	1138.84	0.00	6.38	173.00
	1138.85	0.00	6.37	173.00
	1138.86	0.00	6.35	173.00
	1138.87	0.00	6.37	173.00
	1138.88	0.00	6.35	173.00
	1138.89	0.00	6.33	172.00
	1138.91	0.00	6.35	173.00
	1138.92	0.00	6.35	173.00
	1138.93	0.00	6.34	173.00
	1138.94	0.00	6.03	223.00
	1138.95	0.00	6.06	229.00
	1138.96	0.00	6.02	242.00
	1138.97	0.00	5.84	323.00
	1138.99	0.00	5.39	421.00
	1139.00	0.00	5.34	459.00
	1139.01	0.00	5.14	558.00
	1139.02	0.00	5.08	619.00
	1139.03	0.00	5.01	662.00
	1139.04	0.00	4.99	684.00
	1139.06	0.00	5.00	694.00
	1139.07	0.00	5.02	699.00
	1139.08	0.00	4.97	712.00
	1139.09	0.00	4.99	719.00
	1139.10	0.00	5.00	717.00
	1139.11	0.00	5.02	708.00
	1139.13	0.00	5.02	700.00
	1139.14	0.00	5.04	693.00
	1139.15	0.00	5.26	632.00
	1139.16	0.00	5.29	617.00
	1139.17	0.00	5.33	593.00
	1139.18	0.00	5.38	565.00
	1139.19	0.00	5.40	542.00
	1139.20	0.00	5.44	520.00
	1139.22	0.00	5.48	504.00
	1139.23	0.00	5.51	486.00
	1139.24	0.00	5.54	471.00
	1139.25	0.00	5.55	460.00
	1139.26	0.00	5.52	438.00
	1139.27	0.00	5.74	374.00
	1139.29	0.00	5.74	364.00
	1139.30	0.00	5.73	358.00
	1139.31	0.00	5.78	351.00
	1139.32	0.00	5.81	344.00
	1139.33	0.00	6.71	386.00
	1139.34	0.00	6.76	381.00
	1139.35	0.00	6.86	381.00
	1139.36	0.00	6.94	378.00
	1139.38	0.00	7.01	375.00
	1139.39	0.00	7.05	372.00
	1139.40	0.00	7.10	366.00
	1139.41	0.00	7.18	366.00
	1139.42	0.00	7.43	318.00
	1139.44	0.00	7.90	272.00
	1139.45	0.00	7.94	274.00
	1139.46	0.00	8.01	279.00
	1139.47	0.00	8.09	285.00
	1139.48	0.00	8.12	287.00
	1139.49	0.00	8.10	286.00
	1139.50	0.00	8.03	283.00
	1139.52	0.00	8.03	281.00
	1139.53	0.00	8.03	281.00
	1139.54	0.00	8.00	279.00
	1139.55	0.00	7.89	273.00
	1139.56	0.00	7.86	271.00
	1139.57	0.00	7.82	268.00
	1139.58	0.00	7.74	261.00
	1139.60	0.00	7.73	262.00
	1139.61	0.00	7.84	268.00
	1139.62	0.00	8.15	286.00
	1139.63	0.00	8.48	305.00
	1139.64	0.00	8.53	304.00
	1139.65	0.00	8.05	267.00
	1139.67	0.00	7.24	223.00
	1139.68	0.00	6.07	170.00
	1139.69	0.00	5.87	221.00
	1139.70	0.00	5.95	221.00
	1139.71	0.00	5.94	221.00
	1139.72	0.00	5.99	221.00
	1139.73	0.00	5.99	222.00
	1139.75	0.00	5.99	222.00
	1139.76	0.00	6.00	221.00
	1139.77	0.00	5.99	222.00
	1139.78	0.00	5.99	222.00
	1139.79	0.00	5.98	221.00
	1139.80	0.00	5.98	221.00
	1139.81	0.00	5.98	221.00
	1139.83	0.00	5.99	221.00
	1139.84	0.00	6.00	221.00
	1139.85	0.00	5.99	221.00
	1139.86	0.00	6.00	220.00
	1139.87	0.00	6.00	220.00
	1139.89	0.00	6.00	219.00
	1139.90	0.00	5.97	219.00
	1139.91	0.00	5.97	219.00
	1139.92	0.00	5.93	217.00
	1139.93	0.00	6.05	222.00
	1139.94	0.00	6.04	222.00
	1139.95	0.00	6.05	222.00
	1139.96	0.00	6.34	172.00
	1139.98	0.00	6.34	172.00
	1139.99	0.00	6.04	222.00
	1140.00	0.00	6.03	222.00
	1140.01	0.00	6.04	222.00
	1140.02	0.00	6.02	221.00
	1140.03	0.00	6.03	222.00
	1140.05	0.00	6.33	172.00
	1140.06	0.00	6.33	172.00
	1140.07	0.00	6.37	172.00
	1140.08	0.00	6.03	224.00
	1140.09	0.00	6.04	229.00
	1140.10	0.00	5.91	297.00
	1140.11	0.00	5.78	331.00
	1140.13	0.00	5.36	422.00
	1140.14	0.00	5.19	505.00
	1140.15	0.00	5.13	547.00
	1140.16	0.00	5.12	581.00
	1140.17	0.00	5.09	611.00
	1140.18	0.00	5.02	653.00
	1140.20	0.00	5.00	683.00
	1140.21	0.00	4.96	725.00
	1140.22	0.00	4.92	765.00
	1140.23	0.00	4.86	790.00
	1140.24	0.00	4.85	799.00
	1140.25	0.00	4.87	794.00
	1140.26	0.00	4.88	787.00
	1140.28	0.00	4.90	777.00
	1140.29	0.00	4.92	764.00
	1140.30	0.00	4.95	739.00
	1140.31	0.00	4.99	708.00
	1140.32	0.00	5.22	631.00
	1140.33	0.00	5.27	602.00
	1140.34	0.00	5.29	581.00
	1140.36	0.00	5.33	559.00
	1140.37	0.00	6.11	590.00
	1140.38	0.00	6.17	573.00
	1140.39	0.00	6.19	564.00
	1140.40	0.00	6.26	554.00
	1140.42	0.00	6.32	552.00
	1140.43	0.00	6.35	548.00
	1140.44	0.00	6.38	548.00
	1140.45	0.00	6.43	545.00
	1140.46	0.00	6.49	538.00
	1140.47	0.00	6.56	540.00
	1140.48	0.00	6.67	532.00
	1140.50	0.00	6.77	523.00
	1140.51	0.00	6.85	518.00
	1140.52	0.00	7.01	505.00
	1140.53	0.00	7.15	497.00
	1140.54	0.00	7.50	437.00
	1140.55	0.00	7.72	435.00
	1140.56	0.00	7.88	437.00
	1140.58	0.00	8.01	431.00
	1140.59	0.00	8.12	425.00
	1140.60	0.00	8.86	326.00
	1140.61	0.00	8.98	337.00
	1140.62	0.00	9.04	344.00
	1140.63	0.00	9.07	351.00
	1140.65	0.00	9.14	355.00
	1140.66	0.00	9.12	354.00
	1140.67	0.00	9.05	349.00
	1140.68	0.00	8.94	340.00
	1140.69	0.00	8.75	326.00
	1140.70	0.00	8.55	311.00
	1140.71	0.00	8.42	303.00
	1140.73	0.00	8.35	298.00
	1140.74	0.00	8.49	304.00
	1140.75	0.00	8.75	319.00
	1140.76	0.00	9.08	335.00
	1140.77	0.00	8.83	311.00
	1140.78	0.00	8.02	262.00
	1140.80	0.00	6.12	171.00
	1140.81	0.00	6.17	170.00
	1140.82	0.00	5.97	221.00
	1140.83	0.00	5.99	221.00
	1140.84	0.00	6.01	221.00
	1140.85	0.00	5.99	220.00
	1140.86	0.00	5.98	221.00
	1140.88	0.00	5.98	220.00
	1140.89	0.00	5.99	220.00
	1140.90	0.00	5.95	219.00
	1140.91	0.00	5.98	220.00
	1140.92	0.00	5.97	219.00
	1140.93	0.00	5.98	219.00
	1140.94	0.00	5.98	219.00
	1140.96	0.00	6.27	169.00
	1140.97	0.00	6.32	170.00
	1140.98	0.00	6.32	170.00
	1140.99	0.00	6.32	170.00
	1141.00	0.00	6.32	170.00
	1141.01	0.00	6.34	171.00
	1141.03	0.00	6.02	220.00
	1141.04	0.00	6.32	170.00
	1141.05	0.00	6.02	220.00
	1141.06	0.00	6.33	170.00
	1141.07	0.00	6.32	170.00
	1141.08	0.00	6.32	170.00
	1141.09	0.00	6.34	171.00
	1141.11	0.00	6.32	170.00
	1141.12	0.00	6.31	170.00
	1141.13	0.00	6.32	170.00
	1141.14	0.00	6.27	168.00
	1141.15	0.00	6.27	168.00
	1141.16	0.00	6.36	172.00
	1141.18	0.00	6.36	172.00
	1141.19	0.00	6.33	171.00
	1141.20	0.00	6.33	171.00
	1141.21	0.00	6.33	171.00
	1141.22	0.00	6.32	171.00
	1141.23	0.00	6.33	171.00
	1141.24	0.00	6.34	171.00
	1141.26	0.00	6.06	223.00
	1141.27	0.00	6.02	234.00
	1141.28	0.00	5.85	310.00
	1141.29	0.00	5.22	447.00
	1141.30	0.00	5.05	518.00
	1141.31	0.00	4.91	627.00
	1141.32	0.00	4.88	693.00
	1141.34	0.00	4.86	738.00
	1141.35	0.00	4.84	783.00
	1141.36	0.00	4.81	824.00
	1141.37	0.00	4.81	865.00
	1141.38	0.00	4.79	894.00
	1141.40	0.00	4.78	915.00
	1141.41	0.00	4.77	930.00
	1141.42	0.00	4.75	942.00
	1141.43	0.00	4.75	951.00
	1141.44	0.00	4.74	950.00
	1141.45	0.00	4.73	943.00
	1141.46	0.00	4.74	933.00
	1141.48	0.00	4.76	915.00
	1141.49	0.00	4.78	894.00
	1141.50	0.00	4.81	866.00
	1141.51	0.00	4.85	830.00
	1141.52	0.00	4.89	794.00
	1141.53	0.00	4.94	760.00
	1141.54	0.00	5.01	716.00
	1141.56	0.00	5.07	682.00
	1141.57	0.00	5.08	652.00
	1141.58	0.00	5.11	630.00
	1141.59	0.00	5.19	606.00
	1141.60	0.00	5.42	529.00
	1141.61	0.00	5.44	519.00
	1141.63	0.00	5.45	506.00
	1141.64	0.00	5.50	489.00
	1141.65	0.00	5.70	428.00
	1141.66	0.00	5.73	416.00
	1141.67	0.00	5.74	404.00
	1141.68	0.00	5.79	394.00
	1141.69	0.00	5.84	381.00
	1141.70	0.00	5.84	369.00
	1141.72	0.00	5.88	362.00
	1141.73	0.00	5.91	349.00
	1141.74	0.00	5.95	338.00
	1141.75	0.00	5.99	330.00
	1141.76	0.00	5.98	322.00
	1141.78	0.00	6.04	310.00
	1141.79	0.00	6.04	307.00
	1141.80	0.00	7.06	346.00
	1141.81	0.00	7.30	301.00
	1141.82	0.00	7.79	259.00
	1141.83	0.00	7.81	263.00
	1141.84	0.00	7.97	272.00
	1141.85	0.00	8.13	283.00
	1141.87	0.00	8.13	287.00
	1141.88	0.00	9.35	337.00
	1141.89	0.00	9.37	340.00
	1141.90	0.00	9.51	342.00
	1141.91	0.00	9.49	340.00
	1141.92	0.00	9.42	333.00
	1141.94	0.00	9.30	323.00
	1141.95	0.00	9.48	337.00
	1141.96	0.00	9.55	344.00
	1141.97	0.00	8.39	302.00
	1141.98	0.00	8.81	330.00
	1141.99	0.00	8.81	326.00
	1142.01	0.00	8.39	289.00
	1142.02	0.00	7.65	242.00
	1142.03	0.00	6.09	170.00
	1142.04	0.00	6.18	170.00
	1142.05	0.00	6.31	169.00
	1142.06	0.00	6.28	170.00
	1142.07	0.00	6.31	170.00
	1142.09	0.00	6.29	170.00
	1142.10	0.00	6.28	170.00
	1142.11	0.00	6.29	170.00
	1142.12	0.00	6.29	170.00
	1142.13	0.00	6.29	170.00
	1142.14	0.00	6.29	170.00
	1142.16	0.00	6.27	169.00
	1142.17	0.00	6.29	170.00
	1142.18	0.00	6.29	170.00
	1142.19	0.00	6.29	170.00
	1142.20	0.00	6.27	169.00
	1142.21	0.00	6.26	169.00
	1142.22	0.00	6.28	169.00
	1142.24	0.00	6.28	169.00
	1142.25	0.00	6.28	169.00
	1142.26	0.00	6.31	170.00
	1142.27	0.00	6.34	171.00
	1142.28	0.00	6.34	171.00
	1142.29	0.00	6.32	170.00
	1142.30	0.00	6.34	171.00
	1142.32	0.00	6.34	171.00
	1142.33	0.00	6.34	171.00
	1142.34	0.00	6.34	171.00
	1142.35	0.00	6.36	171.00
	1142.36	0.00	6.34	171.00
	1142.37	0.00	6.36	172.00
	1142.39	0.00	6.32	171.00
	1142.40	0.00	6.32	171.00
	1142.41	0.00	6.31	171.00
	1142.42	0.00	6.26	170.00
	1142.43	0.00	6.22	169.00
	1142.44	0.00	6.23	169.00
	1142.45	0.00	6.23	169.00
	1142.47	0.00	6.23	168.00
	1142.48	0.00	6.05	230.00
	1142.49	0.00	5.89	302.00
	1142.50	0.00	5.19	448.00
	1142.51	0.00	4.88	593.00
	1142.52	0.00	4.75	692.00
	1142.54	0.00	4.72	787.00
	1142.55	0.00	4.72	845.00
	1142.56	0.00	4.73	890.00
	1142.57	0.00	4.73	927.00
	1142.58	0.00	4.71	963.00
	1142.59	0.00	4.70	991.00
	1142.60	0.00	4.69	1003.00
	1142.62	0.00	4.70	1005.00
	1142.63	0.00	4.69	1013.00
	1142.64	0.00	4.68	1018.00
	1142.65	0.00	4.66	1016.00
	1142.66	0.00	4.68	998.00
	1142.68	0.00	4.70	971.00
	1142.69	0.00	4.73	931.00
	1142.70	0.00	4.78	880.00
	1142.71	0.00	4.86	820.00
	1142.72	0.00	4.95	753.00
	1142.73	0.00	5.08	678.00
	1142.74	0.00	5.33	583.00
	1142.76	0.00	5.40	536.00
	1142.77	0.00	5.45	501.00
	1142.78	0.00	5.52	459.00
	1142.79	0.00	5.59	430.00
	1142.80	0.00	5.64	404.00
	1142.81	0.00	6.76	388.00
	1142.82	0.00	6.83	373.00
	1142.84	0.00	6.90	364.00
	1142.85	0.00	6.95	350.00
	1142.86	0.00	6.99	341.00
	1142.87	0.00	7.50	239.00
	1142.88	0.00	7.55	242.00
	1142.89	0.00	7.49	240.00
	1142.91	0.00	6.45	191.00
	1142.92	0.00	6.50	193.00
	1142.93	0.00	6.52	194.00
	1142.94	0.00	6.55	196.00
	1142.95	0.00	6.57	198.00
	1142.96	0.00	6.58	200.00
	1142.97	0.00	6.54	201.00
	1142.99	0.00	6.57	201.00
	1143.00	0.00	8.27	249.00
	1143.01	0.00	8.41	256.00
	1143.02	0.00	8.45	256.00
	1143.03	0.00	8.65	260.00
	1143.04	0.00	8.61	261.00
	1143.06	0.00	8.67	262.00
	1143.07	0.00	9.40	309.00
	1143.08	0.00	9.31	305.00
	1143.09	0.00	9.37	314.00
	1143.10	0.00	9.36	317.00
	1143.11	0.00	9.57	335.00
	1143.12	0.00	8.41	292.00
	1143.14	0.00	8.24	275.00
	1143.15	0.00	7.82	247.00
	1143.16	0.00	7.38	222.00
	1143.17	0.00	6.24	172.00
	1143.18	0.00	6.43	173.00
	1143.19	0.00	6.41	173.00
	1143.20	0.00	6.42	173.00
	1143.22	0.00	6.42	173.00
	1143.23	0.00	6.43	173.00
	1143.24	0.00	6.34	171.00
	1143.25	0.00	6.33	171.00
	1143.26	0.00	6.34	171.00
	1143.27	0.00	6.34	171.00
	1143.29	0.00	6.34	171.00
	1143.30	0.00	6.34	171.00
	1143.31	0.00	6.33	171.00
	1143.32	0.00	6.33	171.00
	1143.33	0.00	6.34	171.00
	1143.34	0.00	6.34	171.00
	1143.35	0.00	6.33	171.00
	1143.37	0.00	6.33	171.00
	1143.38	0.00	6.34	171.00
	1143.39	0.00	6.33	171.00
	1143.40	0.00	6.34	171.00
	1143.41	0.00	6.34	171.00
	1143.42	0.00	6.34	171.00
	1143.44	0.00	6.37	172.00
	1143.45	0.00	6.36	172.00
	1143.46	0.00	6.36	172.00
	1143.47	0.00	6.37	172.00
	1143.48	0.00	6.34	172.00
	1143.49	0.00	6.34	172.00
	1143.50	0.00	6.34	172.00
	1143.52	0.00	6.34	172.00
	1143.53	0.00	6.34	172.00
	1143.54	0.00	6.34	172.00
	1143.55	0.00	6.32	171.00
	1143.56	0.00	6.36	172.00
	1143.57	0.00	6.34	172.00
	1143.58	0.00	6.34	171.00
	1143.60	0.00	6.34	171.00
	1143.61	0.00	6.04	222.00
	1143.62	0.00	6.00	235.00
	1143.63	0.00	5.31	406.00
	1143.64	0.00	4.82	624.00
	1143.66	0.00	4.63	786.00
	1143.67	0.00	4.57	934.00
	1143.68	0.00	4.59	1006.00
	1143.69	0.00	4.62	1024.00
	1143.70	0.00	4.63	1041.00
	1143.71	0.00	4.66	1047.00
	1143.72	0.00	4.67	1054.00
	1143.74	0.00	4.65	1060.00
	1143.75	0.00	4.64	1062.00
	1143.76	0.00	4.63	1065.00
	1143.77	0.00	4.62	1063.00
	1143.78	0.00	4.62	1055.00
	1143.79	0.00	4.62	1036.00
	1143.81	0.00	4.64	1020.00
	1143.82	0.00	4.65	996.00
	1143.83	0.00	4.66	973.00
	1143.84	0.00	4.66	951.00
	1143.85	0.00	4.68	926.00
	1143.86	0.00	4.68	896.00
	1143.88	0.00	4.69	868.00
	1143.89	0.00	4.71	842.00
	1143.90	0.00	4.73	815.00
	1143.91	0.00	4.76	787.00
	1143.92	0.00	4.78	761.00
	1143.93	0.00	4.81	738.00
	1143.94	0.00	4.87	699.00
	1143.96	0.00	5.63	716.00
	1143.97	0.00	5.74	683.00
	1143.98	0.00	6.09	613.00
	1143.99	0.00	6.24	593.00
	1144.00	0.00	6.42	571.00
	1144.01	0.00	6.66	551.00
	1144.03	0.00	6.97	527.00
	1144.04	0.00	7.28	490.00
	1144.05	0.00	7.74	421.00
	1144.06	0.00	8.00	418.00
	1144.07	0.00	8.70	320.00
	1144.08	0.00	9.99	379.00
	1144.09	0.00	10.22	395.00
	1144.10	0.00	10.36	405.00
	1144.12	0.00	10.47	409.00
	1144.13	0.00	10.65	412.00
	1144.14	0.00	10.59	398.00
	1144.15	0.00	10.45	379.00
	1144.16	0.00	10.33	362.00
	1144.18	0.00	10.31	359.00
	1144.19	0.00	10.14	352.00
	1144.20	0.00	10.06	356.00
	1144.21	0.00	10.18	370.00
	1144.22	0.00	8.91	312.00
	1144.23	0.00	8.31	269.00
	1144.25	0.00	7.54	228.00
	1144.26	0.00	6.34	173.00
	1144.27	0.00	6.39	172.00
	1144.28	0.00	6.42	173.00
	1144.29	0.00	6.42	173.00
	1144.30	0.00	6.39	172.00
	1144.31	0.00	6.41	172.00
	1144.33	0.00	6.41	172.00
	1144.34	0.00	6.42	173.00
	1144.35	0.00	6.39	172.00
	1144.36	0.00	6.42	173.00
	1144.37	0.00	6.42	173.00
	1144.38	0.00	6.43	173.00
	1144.39	0.00	6.42	173.00
	1144.41	0.00	6.42	173.00
	1144.42	0.00	6.39	172.00
	1144.43	0.00	6.43	173.00
	1144.44	0.00	6.43	173.00
	1144.45	0.00	6.42	173.00
	1144.46	0.00	6.42	173.00
	1144.47	0.00	6.43	173.00
	1144.49	0.00	6.43	173.00
	1144.50	0.00	6.43	173.00
	1144.51	0.00	6.42	173.00
	1144.52	0.00	6.43	173.00
	1144.53	0.00	6.43	173.00
	1144.55	0.00	6.36	172.00
	1144.56	0.00	6.37	173.00
	1144.57	0.00	6.33	172.00
	1144.58	0.00	6.33	172.00
	1144.59	0.00	6.33	172.00
	1144.60	0.00	6.34	172.00
	1144.61	0.00	6.32	171.00
	1144.63	0.00	6.34	172.00
	1144.64	0.00	6.34	173.00
	1144.65	0.00	6.35	173.00
	1144.66	0.00	6.37	173.00
	1144.67	0.00	6.37	173.00
	1144.68	0.00	6.38	173.00
	1144.69	0.00	6.37	172.00
	1144.71	0.00	6.29	172.00
	1144.72	0.00	6.30	172.00
	1144.73	0.00	6.01	230.00
	1144.74	0.00	5.38	391.00
	1144.75	0.00	4.84	592.00
	1144.76	0.00	4.64	758.00
	1144.78	0.00	4.57	909.00
	1144.79	0.00	4.59	965.00
	1144.80	0.00	4.66	964.00
	1144.81	0.00	4.71	955.00
	1144.82	0.00	4.79	926.00
	1144.83	0.00	4.82	920.00
	1144.84	0.00	4.86	906.00
	1144.86	0.00	4.90	880.00
	1144.87	0.00	5.10	799.00
	1144.88	0.00	5.12	775.00
	1144.89	0.00	5.16	750.00
	1144.90	0.00	5.21	722.00
	1144.91	0.00	5.25	688.00
	1144.93	0.00	5.28	657.00
	1144.94	0.00	5.31	631.00
	1144.95	0.00	5.35	605.00
	1144.96	0.00	5.38	582.00
	1144.97	0.00	5.43	561.00
	1144.98	0.00	5.42	545.00
	1144.99	0.00	5.45	531.00
	1145.01	0.00	5.46	513.00
	1145.02	0.00	5.51	492.00
	1145.03	0.00	5.53	471.00
	1145.04	0.00	5.62	451.00
	1145.05	0.00	5.66	424.00
	1145.06	0.00	5.89	351.00
	1145.07	0.00	5.92	341.00
	1145.08	0.00	5.96	328.00
	1145.10	0.00	5.99	318.00
	1145.11	0.00	6.02	305.00
	1145.12	0.00	6.05	297.00
	1145.13	0.00	6.15	242.00
	1145.14	0.00	6.15	242.00
	1145.15	0.00	6.17	240.00
	1145.17	0.00	6.47	191.00
	1145.18	0.00	6.42	190.00
	1145.19	0.00	6.43	191.00
	1145.20	0.00	6.42	191.00
	1145.21	0.00	6.43	192.00
	1145.22	0.00	6.42	192.00
	1145.23	0.00	6.42	193.00
	1145.25	0.00	8.07	242.00
	1145.26	0.00	8.18	246.00
	1145.27	0.00	8.36	251.00
	1145.28	0.00	8.53	256.00
	1145.29	0.00	8.57	258.00
	1145.30	0.00	8.73	262.00
	1145.32	0.00	8.73	260.00
	1145.33	0.00	8.80	262.00
	1145.34	0.00	8.75	258.00
	1145.35	0.00	8.66	253.00
	1145.36	0.00	9.63	317.00
	1145.37	0.00	9.61	324.00
	1145.38	0.00	9.50	322.00
	1145.40	0.00	7.97	259.00
	1145.41	0.00	7.57	231.00
	1145.42	0.00	6.28	173.00
	1145.43	0.00	6.31	173.00
	1145.44	0.00	6.41	172.00
	1145.45	0.00	6.41	173.00
	1145.46	0.00	6.42	173.00
	1145.48	0.00	6.39	173.00
	1145.49	0.00	6.41	173.00
	1145.50	0.00	6.41	173.00
	1145.51	0.00	6.41	173.00
	1145.52	0.00	6.39	172.00
	1145.54	0.00	6.41	173.00
	1145.55	0.00	6.42	173.00
	1145.56	0.00	6.42	173.00
	1145.57	0.00	6.42	173.00
	1145.58	0.00	6.42	173.00
	1145.59	0.00	6.43	173.00
	1145.60	0.00	6.42	173.00
	1145.62	0.00	6.43	173.00
	1145.63	0.00	6.42	173.00
	1145.64	0.00	6.42	173.00
	1145.65	0.00	6.43	173.00
	1145.66	0.00	6.43	173.00
	1145.67	0.00	6.45	173.00
	1145.68	0.00	6.43	173.00
	1145.70	0.00	6.46	174.00
	1145.71	0.00	6.42	172.00
	1145.72	0.00	6.36	172.00
	1145.73	0.00	6.37	172.00
	1145.74	0.00	6.36	172.00
	1145.75	0.00	6.36	172.00
	1145.77	0.00	6.34	171.00
	1145.78	0.00	6.37	172.00
	1145.79	0.00	6.38	173.00
	1145.80	0.00	6.38	173.00
	1145.81	0.00	6.38	173.00
	1145.82	0.00	6.34	172.00
	1145.83	0.00	6.38	173.00
	1145.85	0.00	6.38	173.00
	1145.86	0.00	6.39	173.00
	1145.87	0.00	6.39	172.00
	1145.88	0.00	6.05	231.00
	1145.89	0.00	5.88	313.00
	1145.90	0.00	5.13	495.00
	1145.92	0.00	4.74	714.00
	1145.93	0.00	4.63	865.00
	1145.94	0.00	4.63	939.00
	1145.95	0.00	4.69	952.00
	1145.96	0.00	4.73	945.00
	1145.97	0.00	4.79	929.00
	1145.98	0.00	4.81	926.00
	1146.00	0.00	4.84	926.00
	1146.01	0.00	4.87	911.00
	1146.02	0.00	4.88	896.00
	1146.03	0.00	4.91	870.00
	1146.04	0.00	5.09	800.00
	1146.05	0.00	5.14	759.00
	1146.06	0.00	5.22	707.00
	1146.08	0.00	5.29	657.00
	1146.09	0.00	5.36	610.00
	1146.10	0.00	5.41	576.00
	1146.11	0.00	5.46	543.00
	1146.12	0.00	5.49	513.00
	1146.13	0.00	5.54	488.00
	1146.15	0.00	5.57	462.00
	1146.16	0.00	5.58	444.00
	1146.17	0.00	5.60	437.00
	1146.18	0.00	5.60	418.00
	1146.19	0.00	5.63	403.00
	1146.20	0.00	5.84	340.00
	1146.21	0.00	5.85	334.00
	1146.22	0.00	5.86	326.00
	1146.24	0.00	5.87	319.00
	1146.25	0.00	5.88	315.00
	1146.26	0.00	5.89	309.00
	1146.27	0.00	5.90	306.00
	1146.28	0.00	5.91	298.00
	1146.30	0.00	5.94	291.00
	1146.31	0.00	5.99	238.00
	1146.32	0.00	6.33	187.00
	1146.33	0.00	6.36	188.00
	1146.34	0.00	6.37	189.00
	1146.35	0.00	6.39	190.00
	1146.36	0.00	6.37	189.00
	1146.38	0.00	6.36	190.00
	1146.39	0.00	8.16	244.00
	1146.40	0.00	8.41	252.00
	1146.41	0.00	8.49	254.00
	1146.42	0.00	8.69	261.00
	1146.43	0.00	8.87	267.00
	1146.44	0.00	8.87	267.00
	1146.46	0.00	9.08	273.00
	1146.47	0.00	9.12	273.00
	1146.48	0.00	9.07	271.00
	1146.49	0.00	8.88	263.00
	1146.50	0.00	8.64	254.00
	1146.51	0.00	8.40	245.00
	1146.53	0.00	9.14	291.00
	1146.54	0.00	9.10	296.00
	1146.55	0.00	7.57	242.00
	1146.56	0.00	7.50	230.00
	1146.57	0.00	6.20	172.00
	1146.58	0.00	6.23	172.00
	1146.59	0.00	6.28	171.00
	1146.61	0.00	6.31	169.00
	1146.62	0.00	6.28	169.00
	1146.63	0.00	6.41	173.00
	1146.64	0.00	6.41	173.00
	1146.65	0.00	6.41	173.00
	1146.66	0.00	6.41	173.00
	1146.68	0.00	6.41	173.00
	1146.69	0.00	6.41	173.00
	1146.70	0.00	6.39	172.00
	1146.71	0.00	6.41	172.00
	1146.72	0.00	6.41	172.00
	1146.73	0.00	6.41	173.00
	1146.74	0.00	6.41	173.00
	1146.76	0.00	6.42	173.00
	1146.77	0.00	6.41	173.00
	1146.78	0.00	6.39	173.00
	1146.79	0.00	6.38	172.00
	1146.80	0.00	6.43	173.00
	1146.81	0.00	6.41	173.00
	1146.82	0.00	6.39	173.00
	1146.84	0.00	6.39	173.00
	1146.85	0.00	6.41	173.00
	1146.86	0.00	6.39	173.00
	1146.87	0.00	6.39	173.00
	1146.88	0.00	6.38	173.00
	1146.89	0.00	6.39	173.00
	1146.91	0.00	6.39	173.00
	1146.92	0.00	6.39	173.00
	1146.93	0.00	6.42	174.00
	1146.94	0.00	6.39	173.00
	1146.95	0.00	6.42	174.00
	1146.96	0.00	6.39	173.00
	1146.97	0.00	6.42	174.00
	1146.99	0.00	6.42	174.00
	1147.00	0.00	6.43	174.00
	1147.01	0.00	6.39	173.00
	1147.02	0.00	6.42	173.00
	1147.03	0.00	6.41	172.00
	1147.04	0.00	6.36	172.00
	1147.06	0.00	6.37	172.00
	1147.07	0.00	6.32	170.00
	1147.08	0.00	6.33	171.00
	1147.09	0.00	6.36	171.00
	1147.10	0.00	6.02	236.00
	1147.11	0.00	5.17	448.00
	1147.13	0.00	4.72	657.00
	1147.14	0.00	4.55	843.00
	1147.15	0.00	4.51	1009.00
	1147.16	0.00	4.55	1074.00
	1147.17	0.00	4.59	1091.00
	1147.18	0.00	4.68	1070.00
	1147.19	0.00	4.76	1028.00
	1147.21	0.00	4.80	1000.00
	1147.22	0.00	4.87	956.00
	1147.23	0.00	4.93	911.00
	1147.24	0.00	5.12	828.00
	1147.25	0.00	5.14	799.00
	1147.26	0.00	5.15	767.00
	1147.28	0.00	5.21	732.00
	1147.29	0.00	5.26	692.00
	1147.30	0.00	5.34	639.00
	1147.31	0.00	5.40	595.00
	1147.32	0.00	5.48	544.00
	1147.33	0.00	5.53	507.00
	1147.34	0.00	5.58	477.00
	1147.36	0.00	5.64	452.00
	1147.37	0.00	5.66	435.00
	1147.38	0.00	5.66	432.00
	1147.39	0.00	5.67	424.00
	1147.40	0.00	6.88	471.00
	1147.41	0.00	6.91	465.00
	1147.42	0.00	7.04	463.00
	1147.44	0.00	7.33	409.00
	1147.45	0.00	7.36	404.00
	1147.46	0.00	7.51	405.00
	1147.47	0.00	7.59	401.00
	1147.48	0.00	7.70	397.00
	1147.49	0.00	7.79	395.00
	1147.51	0.00	7.89	390.00
	1147.52	0.00	8.03	391.00
	1147.53	0.00	8.10	388.00
	1147.54	0.00	8.13	385.00
	1147.55	0.00	8.04	377.00
	1147.56	0.00	8.08	376.00
	1147.57	0.00	8.12	376.00
	1147.59	0.00	8.09	370.00
	1147.60	0.00	8.12	370.00
	1147.61	0.00	8.18	369.00
	1147.62	0.00	8.17	368.00
	1147.63	0.00	8.12	366.00
	1147.64	0.00	8.87	420.00
	1147.66	0.00	8.04	365.00
	1147.67	0.00	7.99	363.00
	1147.68	0.00	7.88	359.00
	1147.69	0.00	7.92	357.00
	1147.70	0.00	7.87	354.00
	1147.71	0.00	8.28	303.00
	1147.72	0.00	8.21	300.00
	1147.74	0.00	8.35	246.00
	1147.75	0.00	8.25	242.00
	1147.76	0.00	8.24	241.00
	1147.77	0.00	8.22	240.00
	1147.78	0.00	8.19	239.00
	1147.79	0.00	8.19	239.00
	1147.80	0.00	8.08	235.00
	1147.82	0.00	8.06	234.00
	1147.83	0.00	8.13	236.00
	1147.84	0.00	8.09	234.00
	1147.85	0.00	8.03	233.00
	1147.86	0.00	7.97	230.00
	1147.87	0.00	6.20	179.00
	1147.89	0.00	7.98	230.00
	1147.90	0.00	6.16	230.00
	1147.91	0.00	6.17	232.00
	1147.92	0.00	6.17	233.00
	1147.93	0.00	6.17	233.00
	1147.94	0.00	6.18	233.00
	1147.95	0.00	6.17	233.00
	1147.97	0.00	6.17	233.00
	1147.98	0.00	6.15	231.00
	1147.99	0.00	6.18	232.00
	1148.00	0.00	6.17	230.00
	1148.01	0.00	6.25	180.00
	1148.02	0.00	6.24	179.00
	1148.04	0.00	6.16	230.00
	1148.05	0.00	6.15	229.00
	1148.06	0.00	6.16	229.00
	1148.07	0.00	6.18	230.00
	1148.08	0.00	6.19	231.00
	1148.09	0.00	6.17	231.00
	1148.10	0.00	6.15	231.00
	1148.11	0.00	6.16	232.00
	1148.13	0.00	6.27	238.00
	1148.14	0.00	6.27	239.00
	1148.15	0.00	6.25	239.00
	1148.16	0.00	6.27	240.00
	1148.17	0.00	6.26	239.00
	1148.19	0.00	6.27	240.00
	1148.20	0.00	6.26	239.00
	1148.21	0.00	6.27	239.00
	1148.22	0.00	6.27	238.00
	1148.23	0.00	6.28	238.00
	1148.24	0.00	6.28	237.00
	1148.25	0.00	6.29	235.00
	1148.27	0.00	6.29	234.00
	1148.28	0.00	6.29	232.00
	1148.29	0.00	6.29	231.00
	1148.30	0.00	6.31	231.00
	1148.31	0.00	6.28	230.00
	1148.32	0.00	6.37	180.00
	1148.33	0.00	6.39	180.00
	1148.35	0.00	6.39	180.00
	1148.36	0.00	6.39	180.00
	1148.37	0.00	6.39	180.00
	1148.38	0.00	6.39	180.00
	1148.39	0.00	6.37	180.00
	1148.40	0.00	6.40	180.00
	1148.42	0.00	6.39	180.00
	1148.43	0.00	6.39	180.00
	1148.44	0.00	6.40	180.00
	1148.45	0.00	6.40	180.00
	1148.46	0.00	6.41	180.00
	1148.47	0.00	6.43	180.00
	1148.48	0.00	6.34	179.00
	1148.50	0.00	6.33	179.00
	1148.51	0.00	6.33	179.00
	1148.52	0.00	8.09	229.00
	1148.53	0.00	8.07	228.00
	1148.54	0.00	8.12	230.00
	1148.55	0.00	8.11	229.00
	1148.56	0.00	8.12	229.00
	1148.58	0.00	8.09	228.00
	1148.59	0.00	8.14	231.00
	1148.60	0.00	8.15	231.00
	1148.61	0.00	8.16	232.00
	1148.62	0.00	8.11	230.00
	1148.63	0.00	8.15	231.00
	1148.65	0.00	8.23	233.00
	1148.66	0.00	8.25	233.00
	1148.67	0.00	8.25	232.00
	1148.68	0.00	8.20	231.00
	1148.69	0.00	8.01	227.00
	1148.70	0.00	8.04	228.00
	1148.71	0.00	8.06	229.00
	1148.73	0.00	8.11	230.00
	1148.74	0.00	8.09	230.00
	1148.75	0.00	8.06	229.00
	1148.76	0.00	8.02	228.00
	1148.77	0.00	8.00	227.00
	1148.78	0.00	8.06	229.00
	1148.80	0.00	8.03	228.00
	1148.81	0.00	8.06	229.00
	1148.82	0.00	8.09	230.00
	1148.83	0.00	8.09	230.00
	1148.84	0.00	8.09	230.00
	1148.85	0.00	8.01	227.00
	1148.86	0.00	8.04	228.00
	1148.88	0.00	8.08	229.00
	1148.89	0.00	8.05	229.00
	1148.90	0.00	8.09	230.00
	1148.91	0.00	8.08	229.00
	1148.92	0.00	8.08	230.00
	1148.93	0.00	8.14	231.00
	1148.94	0.00	8.12	230.00
	1148.96	0.00	8.09	229.00
	1148.97	0.00	8.08	229.00
	1148.98	0.00	8.08	229.00
	1148.99	0.00	8.20	232.00
	1149.00	0.00	8.15	231.00
	1149.01	0.00	8.12	230.00
	1149.03	0.00	7.87	279.00
	1149.04	0.00	7.89	281.00
	1149.05	0.00	7.83	281.00
	1149.06	0.00	6.21	232.00
	1149.07	0.00	6.20	232.00
	1149.08	0.00	6.21	234.00
	1149.09	0.00	5.94	286.00
	1149.11	0.00	5.95	286.00
	1149.12	0.00	5.94	288.00
	1149.13	0.00	5.94	290.00
	1149.14	0.00	5.93	291.00
	1149.15	0.00	5.92	291.00
	1149.16	0.00	5.90	290.00
	1149.18	0.00	5.90	291.00
	1149.19	0.00	5.91	290.00
	1149.20	0.00	5.92	292.00
	1149.21	0.00	5.92	292.00
	1149.22	0.00	5.91	292.00
	1149.23	0.00	5.92	292.00
	1149.25	0.00	5.90	291.00
	1149.26	0.00	5.91	291.00
	1149.27	0.00	5.88	289.00
	1149.28	0.00	5.98	292.00
	1149.29	0.00	6.00	293.00
	1149.30	0.00	6.00	293.00
	1149.31	0.00	6.00	293.00
	1149.32	0.00	6.00	294.00
	1149.34	0.00	5.98	295.00
	1149.35	0.00	5.99	298.00
	1149.36	0.00	5.98	298.00
	1149.37	0.00	5.98	298.00
	1149.38	0.00	5.97	298.00
	1149.39	0.00	5.97	301.00
	1149.41	0.00	5.98	301.00
	1149.42	0.00	5.98	302.00
	1149.43	0.00	5.98	304.00
	1149.44	0.00	5.97	306.00
	1149.45	0.00	5.98	306.00
	1149.46	0.00	5.97	309.00
	1149.47	0.00	5.97	311.00
	1149.49	0.00	5.96	312.00
	1149.50	0.00	5.96	314.00
	1149.51	0.00	5.95	316.00
	1149.52	0.00	5.96	317.00
	1149.53	0.00	5.93	318.00
	1149.54	0.00	5.95	319.00
	1149.56	0.00	5.76	371.00
	1149.57	0.00	5.76	371.00
	1149.58	0.00	5.74	374.00
	1149.59	0.00	5.74	374.00
	1149.60	0.00	5.73	373.00
	1149.61	0.00	5.74	375.00
	1149.63	0.00	5.74	375.00
	1149.64	0.00	5.75	376.00
	1149.65	0.00	5.74	377.00
	1149.66	0.00	5.74	378.00
	1149.67	0.00	5.74	379.00
	1149.68	0.00	5.75	377.00
	1149.69	0.00	5.74	379.00
	1149.71	0.00	5.74	379.00
	1149.72	0.00	5.73	380.00
	1149.73	0.00	5.73	378.00
	1149.74	0.00	5.74	380.00
	1149.75	0.00	5.75	380.00
	1149.76	0.00	5.74	380.00
	1149.78	0.00	5.69	378.00
	1149.79	0.00	5.68	378.00
	1149.80	0.00	5.68	377.00
	1149.81	0.00	5.69	375.00
	1149.82	0.00	5.69	375.00
	1149.83	0.00	5.70	373.00
	1149.84	0.00	5.71	372.00
	1149.85	0.00	5.70	373.00
	1149.87	0.00	5.71	373.00
	1149.88	0.00	5.70	370.00
	1149.89	0.00	5.90	319.00
	1149.90	0.00	5.90	317.00
	1149.91	0.00	5.94	318.00
	1149.93	0.00	5.93	316.00
	1149.94	0.00	5.94	313.00
	1149.95	0.00	5.94	311.00
	1149.96	0.00	5.97	309.00
	1149.97	0.00	5.94	311.00
	1149.98	0.00	5.95	311.00
	1149.99	0.00	5.95	310.00
	1150.01	0.00	5.88	309.00
	1150.02	0.00	5.91	308.00
	1150.03	0.00	5.87	310.00
	1150.04	0.00	5.85	309.00
	1150.05	0.00	5.87	309.00
	1150.06	0.00	5.87	310.00
	1150.07	0.00	5.85	309.00
	1150.09	0.00	5.86	309.00
	1150.10	0.00	5.86	310.00
	1150.11	0.00	5.88	310.00
	1150.12	0.00	5.86	310.00
	1150.13	0.00	5.87	310.00
	1150.14	0.00	5.85	313.00
	1150.16	0.00	5.85	313.00
	1150.17	0.00	5.85	314.00
	1150.18	0.00	5.85	315.00
	1150.19	0.00	5.86	317.00
	1150.20	0.00	5.86	317.00
	1150.21	0.00	5.86	318.00
	1150.22	0.00	5.83	319.00
	1150.24	0.00	5.83	321.00
	1150.25	0.00	5.84	321.00
	1150.26	0.00	5.84	322.00
	1150.27	0.00	5.82	323.00
	1150.28	0.00	5.81	324.00
	1150.29	0.00	5.82	325.00
	1150.31	0.00	5.64	377.00
	1150.32	0.00	5.63	380.00
	1150.33	0.00	5.63	380.00
	1150.34	0.00	5.68	383.00
	1150.35	0.00	5.70	384.00
	1150.36	0.00	5.68	383.00
	1150.37	0.00	5.68	385.00
	1150.39	0.00	5.67	388.00
	1150.40	0.00	5.67	388.00
	1150.41	0.00	5.68	388.00
	1150.42	0.00	5.67	387.00
	1150.43	0.00	5.68	385.00
	1150.44	0.00	5.68	386.00
	1150.45	0.00	5.69	385.00
	1150.47	0.00	5.69	384.00
	1150.48	0.00	5.68	381.00
	1150.49	0.00	5.89	329.00
	1150.50	0.00	5.89	329.00
	1150.51	0.00	5.88	325.00
	1150.53	0.00	5.89	326.00
	1150.54	0.00	5.89	324.00
	1150.55	0.00	5.87	324.00
	1150.56	0.00	5.86	323.00
	1150.57	0.00	5.97	327.00
	1150.58	0.00	5.97	326.00
	1150.59	0.00	5.97	326.00
	1150.61	0.00	5.97	326.00
	1150.62	0.00	5.97	326.00
	1150.63	0.00	5.97	325.00
	1150.64	0.00	5.98	324.00
	1150.65	0.00	5.98	324.00
	1150.66	0.00	5.99	323.00
	1150.67	0.00	5.96	324.00
	1150.69	0.00	5.96	325.00
	1150.70	0.00	5.96	323.00
	1150.71	0.00	5.96	324.00
	1150.72	0.00	5.96	324.00
	1150.73	0.00	5.97	324.00
	1150.74	0.00	5.97	325.00
	1150.76	0.00	5.99	326.00
	1150.77	0.00	5.98	325.00
	1150.78	0.00	5.97	325.00
	1150.79	0.00	5.98	325.00
	1150.80	0.00	5.97	325.00
	1150.81	0.00	5.98	326.00
	1150.82	0.00	5.99	326.00
	1150.84	0.00	5.99	329.00
	1150.85	0.00	6.00	329.00
	1150.86	0.00	6.01	328.00
	1150.87	0.00	5.96	327.00
	1150.88	0.00	5.94	327.00
	1150.89	0.00	5.93	328.00
	1150.91	0.00	5.93	328.00
	1150.92	0.00	5.93	328.00
	1150.93	0.00	5.92	331.00
	1150.94	0.00	5.92	331.00
	1150.95	0.00	5.93	331.00
	1150.96	0.00	5.92	331.00
	1150.97	0.00	5.92	331.00
	1150.99	0.00	5.92	332.00
	1151.00	0.00	5.93	333.00
	1151.01	0.00	5.93	333.00
	1151.02	0.00	5.93	332.00
	1151.03	0.00	5.74	382.00
	1151.04	0.00	5.71	388.00
	1151.06	0.00	5.71	388.00
	1151.07	0.00	5.71	391.00
	1151.08	0.00	5.69	391.00
	1151.09	0.00	5.70	395.00
	1151.10	0.00	5.68	397.00
	1151.11	0.00	5.64	397.00
	1151.13	0.00	5.64	399.00
	1151.14	0.00	5.62	397.00
	1151.15	0.00	5.62	397.00
	1151.16	0.00	5.62	399.00
	1151.17	0.00	5.62	400.00
	1151.18	0.00	5.62	401.00
	1151.19	0.00	5.61	402.00
	1151.21	0.00	5.61	403.00
	1151.22	0.00	5.63	402.00
	1151.23	0.00	5.61	403.00
	1151.24	0.00	5.61	403.00
	1151.25	0.00	5.61	403.00
	1151.26	0.00	5.61	403.00
	1151.28	0.00	5.62	403.00
	1151.29	0.00	5.61	403.00
	1151.30	0.00	5.63	406.00
	1151.31	0.00	5.61	403.00
	1151.32	0.00	5.62	403.00
	1151.33	0.00	5.60	402.00
	1151.34	0.00	5.60	402.00
	1151.35	0.00	5.60	403.00
	1151.37	0.00	5.60	402.00
	1151.38	0.00	5.60	403.00
	1151.39	0.00	5.59	401.00
	1151.40	0.00	5.59	402.00
	1151.41	0.00	5.60	401.00
	1151.43	0.00	5.59	402.00
	1151.44	0.00	5.66	405.00
	1151.45	0.00	5.66	405.00
	1151.46	0.00	5.65	403.00
	1151.47	0.00	5.63	406.00
	1151.48	0.00	5.63	410.00
	1151.49	0.00	5.63	410.00
	1151.51	0.00	5.64	412.00
	1151.52	0.00	5.63	411.00
	1151.53	0.00	5.63	413.00
	1151.54	0.00	5.62	415.00
	1151.55	0.00	5.64	413.00
	1151.56	0.00	5.62	414.00
	1151.57	0.00	5.61	412.00
	1151.59	0.00	5.61	413.00
	1151.60	0.00	5.62	413.00
	1151.61	0.00	5.63	412.00
	1151.62	0.00	5.63	412.00
	1151.63	0.00	5.61	413.00
	1151.64	0.00	5.60	411.00
	1151.66	0.00	5.60	408.00
	1151.67	0.00	5.69	415.00
	1151.68	0.00	5.70	415.00
	1151.69	0.00	5.69	415.00
	1151.70	0.00	5.70	414.00
	1151.71	0.00	5.70	413.00
	1151.72	0.00	5.70	413.00
	1151.74	0.00	5.68	417.00
	1151.75	0.00	5.69	417.00
	1151.76	0.00	5.69	416.00
	1151.77	0.00	5.69	416.00
	1151.78	0.00	5.69	413.00
	1151.79	0.00	5.68	414.00
	1151.81	0.00	5.68	415.00
	1151.82	0.00	5.68	415.00
	1151.83	0.00	5.68	414.00
	1151.84	0.00	5.68	415.00
	1151.85	0.00	5.69	414.00
	1151.86	0.00	5.69	413.00
	1151.88	0.00	5.69	412.00
	1151.89	0.00	5.69	412.00
	1151.90	0.00	5.68	412.00
	1151.91	0.00	5.69	413.00
	1151.92	0.00	5.69	411.00
	1151.93	0.00	5.70	412.00
	1151.94	0.00	5.70	412.00
	1151.95	0.00	5.69	413.00
	1151.97	0.00	5.69	414.00
	1151.98	0.00	5.70	415.00
	1151.99	0.00	5.70	415.00
	1152.00	0.00	5.70	416.00
	1152.01	0.00	5.64	416.00
	1152.02	0.00	5.64	415.00
	1152.04	0.00	5.64	416.00
	1152.05	0.00	5.64	416.00
	1152.06	0.00	5.64	416.00
	1152.07	0.00	5.63	417.00
	1152.08	0.00	5.64	418.00
	1152.09	0.00	5.63	418.00
	1152.10	0.00	5.64	418.00
	1152.12	0.00	5.66	418.00
	1152.13	0.00	5.65	420.00
	1152.14	0.00	5.64	425.00
	1152.15	0.00	5.64	424.00
	1152.16	0.00	5.61	425.00
	1152.17	0.00	5.57	425.00
	1152.19	0.00	5.56	425.00
	1152.20	0.00	5.57	426.00
	1152.21	0.00	5.55	427.00
	1152.22	0.00	5.55	428.00
	1152.23	0.00	5.55	427.00
	1152.24	0.00	5.56	428.00
	1152.25	0.00	5.55	430.00
	1152.27	0.00	5.55	432.00
	1152.28	0.00	5.55	432.00
	1152.29	0.00	5.55	432.00
	1152.30	0.00	5.55	434.00
	1152.31	0.00	5.55	434.00
	1152.32	0.00	5.55	434.00
	1152.33	0.00	5.55	436.00
	1152.35	0.00	5.53	437.00
	1152.36	0.00	5.53	437.00
	1152.37	0.00	5.53	439.00
	1152.38	0.00	5.51	440.00
	1152.39	0.00	5.53	441.00
	1152.41	0.00	5.52	444.00
	1152.42	0.00	5.51	443.00
	1152.43	0.00	5.51	444.00
	1152.44	0.00	5.52	446.00
	1152.45	0.00	5.56	447.00
	1152.46	0.00	5.56	446.00
	1152.47	0.00	5.56	447.00
	1152.48	0.00	5.56	446.00
	1152.50	0.00	5.56	448.00
	1152.51	0.00	5.55	450.00
	1152.52	0.00	5.55	451.00
	1152.53	0.00	5.54	449.00
	1152.54	0.00	5.54	448.00
	1152.56	0.00	5.55	450.00
	1152.57	0.00	5.55	448.00
	1152.58	0.00	5.55	448.00
	1152.59	0.00	5.55	447.00
	1152.60	0.00	5.54	448.00
	1152.61	0.00	5.54	448.00
	1152.62	0.00	5.53	447.00
	1152.64	0.00	5.53	448.00
	1152.65	0.00	5.51	446.00
	1152.66	0.00	5.53	447.00
	1152.67	0.00	5.62	451.00
	1152.68	0.00	5.62	449.00
	1152.69	0.00	5.62	448.00
	1152.70	0.00	5.61	451.00
	1152.72	0.00	5.61	451.00
	1152.73	0.00	5.60	448.00
	1152.74	0.00	5.61	449.00
	1152.75	0.00	5.61	449.00
	1152.76	0.00	5.61	448.00
	1152.77	0.00	5.61	448.00
	1152.79	0.00	5.61	448.00
	1152.80	0.00	5.61	449.00
	1152.81	0.00	5.62	447.00
	1152.82	0.00	5.62	447.00
	1152.83	0.00	5.62	446.00
	1152.84	0.00	5.62	445.00
	1152.85	0.00	5.63	442.00
	1152.87	0.00	5.64	443.00
	1152.88	0.00	5.64	442.00
	1152.89	0.00	5.63	441.00
	1152.90	0.00	5.64	440.00
	1152.91	0.00	5.66	440.00
	1152.92	0.00	5.59	437.00
	1152.93	0.00	5.59	436.00
	1152.95	0.00	5.60	433.00
	1152.96	0.00	5.60	435.00
	1152.97	0.00	5.61	433.00
	1152.98	0.00	5.61	430.00
	1152.99	0.00	5.64	431.00
	1153.00	0.00	5.63	429.00
	1153.02	0.00	5.62	427.00
	1153.03	0.00	5.65	426.00
	1153.04	0.00	5.64	429.00
	1153.05	0.00	5.62	428.00
	1153.06	0.00	5.64	427.00
	1153.07	0.00	5.63	425.00
	1153.08	0.00	5.63	423.00
	1153.10	0.00	5.57	422.00
	1153.11	0.00	5.59	422.00
	1153.12	0.00	5.59	420.00
	1153.13	0.00	5.58	418.00
	1153.14	0.00	5.58	416.00
	1153.15	0.00	5.59	416.00
	1153.17	0.00	5.61	416.00
	1153.18	0.00	5.59	414.00
	1153.19	0.00	5.58	414.00
	1153.20	0.00	5.60	413.00
	1153.21	0.00	5.58	413.00
	1153.22	0.00	5.59	414.00
	1153.23	0.00	5.59	414.00
	1153.25	0.00	5.60	413.00
	1153.26	0.00	5.58	413.00
	1153.27	0.00	5.58	413.00
	1153.28	0.00	5.59	411.00
	1153.29	0.00	5.59	411.00
	1153.30	0.00	5.59	411.00
	1153.31	0.00	5.60	410.00
	1153.33	0.00	5.60	410.00
	1153.34	0.00	5.61	409.00
	1153.35	0.00	5.61	409.00
	1153.36	0.00	5.62	409.00
	1153.37	0.00	5.66	410.00
	1153.38	0.00	5.67	409.00
	1153.40	0.00	5.66	407.00
	1153.41	0.00	5.65	411.00
	1153.42	0.00	5.66	409.00
	1153.43	0.00	5.66	409.00
	1153.44	0.00	5.65	408.00
	1153.45	0.00	5.65	406.00
	1153.46	0.00	5.68	406.00
	1153.48	0.00	5.67	406.00
	1153.49	0.00	5.67	405.00
	1153.50	0.00	5.66	403.00
	1153.51	0.00	5.67	398.00
	1153.52	0.00	5.66	401.00
	1153.53	0.00	5.67	399.00
	1153.55	0.00	5.67	399.00
	1153.56	0.00	5.66	397.00
	1153.57	0.00	5.66	396.00
	1153.58	0.00	5.71	397.00
	1153.59	0.00	5.75	399.00
	1153.60	0.00	5.76	397.00
	1153.61	0.00	5.73	399.00
	1153.63	0.00	5.74	402.00
	1153.64	0.00	5.75	401.00
	1153.65	0.00	5.75	399.00
	1153.66	0.00	5.75	398.00
	1153.67	0.00	5.75	396.00
	1153.68	0.00	5.75	397.00
	1153.69	0.00	5.75	396.00
	1153.71	0.00	5.75	396.00
	1153.72	0.00	5.74	397.00
	1153.73	0.00	5.75	397.00
	1153.74	0.00	5.74	398.00
	1153.75	0.00	5.74	398.00
	1153.77	0.00	5.76	400.00
	1153.78	0.00	5.75	399.00
	1153.79	0.00	5.74	398.00
	1153.80	0.00	5.74	398.00
	1153.81	0.00	5.74	398.00
	1153.82	0.00	5.76	401.00
	1153.83	0.00	5.75	400.00
	1153.85	0.00	5.74	400.00
	1153.86	0.00	5.75	401.00
	1153.87	0.00	5.76	401.00
	1153.88	0.00	5.76	402.00
	1153.89	0.00	5.69	400.00
	1153.90	0.00	5.69	401.00
	1153.91	0.00	5.69	402.00
	1153.93	0.00	5.69	403.00
	1153.94	0.00	5.69	404.00
	1153.95	0.00	5.68	405.00
	1153.96	0.00	5.67	404.00
	1153.97	0.00	5.70	407.00
	1153.98	0.00	5.68	407.00
	1154.00	0.00	5.71	408.00
	1154.01	0.00	5.70	407.00
	1154.02	0.00	5.66	413.00
	1154.03	0.00	5.66	415.00
	1154.04	0.00	5.67	415.00
	1154.05	0.00	5.61	415.00
	1154.06	0.00	5.60	414.00
	1154.08	0.00	5.61	413.00
	1154.09	0.00	5.61	414.00
	1154.10	0.00	5.61	413.00
	1154.11	0.00	5.61	414.00
	1154.12	0.00	5.60	415.00
	1154.13	0.00	5.61	416.00
	1154.15	0.00	5.61	417.00
	1154.16	0.00	5.60	417.00
	1154.17	0.00	5.59	419.00
	1154.18	0.00	5.59	419.00
	1154.19	0.00	5.60	419.00
	1154.20	0.00	5.58	419.00
	1154.21	0.00	5.59	420.00
	1154.23	0.00	5.59	422.00
	1154.24	0.00	5.59	424.00
	1154.25	0.00	5.58	425.00
	1154.26	0.00	5.58	425.00
	1154.27	0.00	5.55	426.00
	1154.28	0.00	5.56	425.00
	1154.30	0.00	5.56	426.00
	1154.31	0.00	5.56	426.00
	1154.32	0.00	5.57	427.00
	1154.33	0.00	5.56	429.00
	1154.34	0.00	5.56	429.00
	1154.35	0.00	5.61	431.00
	1154.36	0.00	5.62	432.00
	1154.38	0.00	5.61	432.00
	1154.39	0.00	5.61	433.00
	1154.40	0.00	5.60	438.00
	1154.41	0.00	5.60	437.00
	1154.42	0.00	5.60	438.00
	1154.43	0.00	5.59	438.00
	1154.44	0.00	5.60	438.00
	1154.46	0.00	5.59	437.00
	1154.47	0.00	5.60	437.00
	1154.48	0.00	5.60	434.00
	1154.49	0.00	5.59	433.00
	1154.50	0.00	5.59	435.00
	1154.51	0.00	5.58	434.00
	1154.53	0.00	5.58	432.00
	1154.54	0.00	5.67	437.00
	1154.55	0.00	5.67	435.00
	1154.56	0.00	5.66	436.00
	1154.57	0.00	5.67	434.00
	1154.58	0.00	5.66	437.00
	1154.59	0.00	5.67	441.00
	1154.61	0.00	5.66	439.00
	1154.62	0.00	5.66	439.00
	1154.63	0.00	5.68	442.00
	1154.64	0.00	5.68	441.00
	1154.65	0.00	5.69	440.00
	1154.66	0.00	5.69	438.00
	1154.68	0.00	5.69	436.00
	1154.69	0.00	5.71	437.00
	1154.70	0.00	5.71	435.00
	1154.71	0.00	5.72	433.00
	1154.72	0.00	5.71	431.00
	1154.73	0.00	5.71	429.00
	1154.74	0.00	5.72	427.00
	1154.76	0.00	5.73	423.00
	1154.77	0.00	5.74	423.00
	1154.78	0.00	5.74	422.00
	1154.79	0.00	5.74	418.00
	1154.80	0.00	5.75	416.00
	1154.81	0.00	5.77	414.00
	1154.82	0.00	5.79	413.00
	1154.84	0.00	5.72	409.00
	1154.85	0.00	5.72	407.00
	1154.86	0.00	5.73	405.00
	1154.87	0.00	5.73	402.00
	1154.88	0.00	5.92	352.00
	1154.89	0.00	5.73	402.00
	1154.91	0.00	5.92	352.00
	1154.92	0.00	5.95	354.00
	1154.93	0.00	5.96	352.00
	1154.94	0.00	5.96	350.00
	1154.95	0.00	5.96	352.00
	1154.96	0.00	5.95	354.00
	1154.97	0.00	5.95	353.00
	1154.99	0.00	5.96	351.00
	1155.00	0.00	5.96	353.00
	1155.01	0.00	5.96	351.00
	1155.02	0.00	5.97	350.00
	1155.03	0.00	5.89	349.00
	1155.04	0.00	5.89	348.00
	1155.06	0.00	5.90	348.00
	1155.07	0.00	5.89	350.00
	1155.08	0.00	5.88	350.00
	1155.09	0.00	5.89	350.00
	1155.10	0.00	5.89	350.00
	1155.11	0.00	5.89	349.00
	1155.13	0.00	5.89	348.00
	1155.14	0.00	5.89	348.00
	1155.15	0.00	5.89	346.00
	1155.16	0.00	5.90	346.00
	1155.17	0.00	5.88	345.00
	1155.18	0.00	5.91	346.00
	1155.19	0.00	5.88	346.00
	1155.20	0.00	5.88	347.00
	1155.22	0.00	5.88	348.00
	1155.23	0.00	5.88	347.00
	1155.24	0.00	5.87	344.00
	1155.25	0.00	5.86	343.00
	1155.26	0.00	5.89	340.00
	1155.27	0.00	5.93	341.00
	1155.29	0.00	5.94	338.00
	1155.30	0.00	5.96	334.00
	1155.31	0.00	5.95	334.00
	1155.32	0.00	5.97	330.00
	1155.33	0.00	5.97	327.00
	1155.34	0.00	5.99	324.00
	1155.35	0.00	6.01	321.00
	1155.36	0.00	6.00	320.00
	1155.38	0.00	6.01	315.00
	1155.39	0.00	6.02	317.00
	1155.40	0.00	6.00	314.00
	1155.41	0.00	6.07	317.00
	1155.42	0.00	6.11	316.00
	1155.43	0.00	6.09	313.00
	1155.44	0.00	6.10	311.00
	1155.46	0.00	6.09	309.00
	1155.47	0.00	6.08	306.00
	1155.48	0.00	6.08	305.00
	1155.49	0.00	6.10	305.00
	1155.50	0.00	6.10	304.00
	1155.52	0.00	6.06	302.00
	1155.53	0.00	6.06	302.00
	1155.54	0.00	6.06	300.00
	1155.55	0.00	6.07	299.00
	1155.56	0.00	6.07	298.00
	1155.57	0.00	6.09	296.00
	1155.58	0.00	6.08	295.00
	1155.60	0.00	6.08	294.00
	1155.61	0.00	6.10	293.00
	1155.62	0.00	6.11	293.00
	1155.63	0.00	6.11	292.00
	1155.64	0.00	6.11	292.00
	1155.65	0.00	6.11	291.00
	1155.67	0.00	6.11	290.00
	1155.68	0.00	6.12	290.00
	1155.69	0.00	6.13	238.00
	1155.70	0.00	6.11	238.00
	1155.71	0.00	6.13	237.00
	1155.72	0.00	6.13	237.00
	1155.73	0.00	6.12	238.00
	1155.75	0.00	6.06	288.00
	1155.76	0.00	6.04	287.00
	1155.77	0.00	6.04	287.00
	1155.78	0.00	6.06	286.00
	1155.79	0.00	6.08	287.00
	1155.80	0.00	6.09	288.00
	1155.81	0.00	6.08	286.00
	1155.83	0.00	6.17	236.00
	1155.84	0.00	6.15	235.00
	1155.85	0.00	6.14	239.00
	1155.86	0.00	6.13	239.00
	1155.87	0.00	6.13	239.00
	1155.89	0.00	6.13	238.00
	1155.90	0.00	6.04	238.00
	1155.91	0.00	6.03	238.00
	1155.92	0.00	6.01	237.00
	1155.93	0.00	6.01	237.00
	1155.94	0.00	5.95	287.00
	1155.95	0.00	5.95	287.00
	1155.96	0.00	5.93	289.00
	1155.98	0.00	5.92	289.00
	1155.99	0.00	5.92	290.00
	1156.00	0.00	5.90	292.00
	1156.01	0.00	5.91	291.00
	1156.02	0.00	5.90	291.00
	1156.04	0.00	5.91	290.00
	1156.05	0.00	5.90	289.00
	1156.06	0.00	5.90	289.00
	1156.07	0.00	5.91	288.00
	1156.08	0.00	5.91	287.00
	1156.09	0.00	5.91	287.00
	1156.10	0.00	5.89	286.00
	1156.12	0.00	5.98	237.00
	1156.13	0.00	5.98	236.00
	1156.14	0.00	5.97	233.00
	1156.15	0.00	5.96	233.00
	1156.16	0.00	5.98	233.00
	1156.17	0.00	6.00	230.00
	1156.19	0.00	5.99	229.00
	1156.20	0.00	6.01	228.00
	1156.21	0.00	6.01	228.00
	1156.22	0.00	6.01	228.00
	1156.23	0.00	6.02	227.00
	1156.24	0.00	6.02	225.00
	1156.25	0.00	6.04	225.00
	1156.27	0.00	6.06	224.00
	1156.28	0.00	6.04	222.00
	1156.29	0.00	6.36	172.00
	1156.30	0.00	6.12	224.00
	1156.31	0.00	6.46	174.00
	1156.32	0.00	6.44	174.00
	1156.33	0.00	6.48	174.00
	1156.35	0.00	6.47	173.00
	1156.36	0.00	6.49	173.00
	1156.37	0.00	6.46	172.00
	1156.38	0.00	6.46	172.00
	1156.39	0.00	6.46	172.00
	1156.40	0.00	6.45	171.00
	1156.42	0.00	6.45	171.00
	1156.43	0.00	6.43	170.00
	1156.44	0.00	6.38	168.00
	1156.45	0.00	6.50	173.00
	1156.46	0.00	6.51	173.00
	1156.47	0.00	6.50	173.00
	1156.48	0.00	6.50	173.00
	1156.50	0.00	6.50	173.00
	1156.51	0.00	6.50	173.00
	1156.52	0.00	6.51	173.00
	1156.53	0.00	6.49	172.00
	1156.54	0.00	6.49	172.00
	1156.55	0.00	6.50	172.00
	1156.57	0.00	6.49	172.00
	1156.58	0.00	6.49	172.00
	1156.59	0.00	6.49	172.00
	1156.60	0.00	6.49	172.00
	1156.61	0.00	6.46	171.00
	1156.62	0.00	6.49	173.00
	1156.64	0.00	6.49	173.00
	1156.65	0.00	6.46	172.00
	1156.66	0.00	6.49	173.00
	1156.67	0.00	6.49	173.00
	1156.68	0.00	6.49	173.00
	1156.69	0.00	6.49	173.00
	1156.70	0.00	6.49	173.00
	1156.72	0.00	6.49	173.00
	1156.73	0.00	6.50	173.00
	1156.74	0.00	6.49	173.00
	1156.75	0.00	6.51	173.00
	1156.76	0.00	6.51	173.00
	1156.77	0.00	6.50	173.00
	1156.79	0.00	6.51	173.00
	1156.80	0.00	6.50	17