
	1359.44	0.00	14.73	815.94
	1359.45	0.00	14.72	806.92
	1359.46	0.00	14.70	808.93
	1359.47	0.00	14.72	812.93
	1359.48	0.00	14.72	813.93
	1359.50	0.00	14.73	812.93
	1359.51	0.00	14.72	809.93
	1359.52	0.00	14.72	810.93
	1359.53	0.00	14.72	811.93
	1359.54	0.00	14.72	811.93
	1359.55	0.00	14.72	809.93
	1359.57	0.00	14.69	803.93
	1359.58	0.00	14.71	808.93
	1359.59	0.00	14.71	807.93
	1359.60	0.00	14.71	808.93
	1359.61	0.00	14.71	808.94
	1359.62	0.00	14.74	807.93
	1359.64	0.00	14.72	807.93
	1359.65	0.00	14.74	808.93
	1359.66	0.00	14.70	800.94
	1359.67	0.00	14.70	804.94
	1359.68	0.00	14.72	809.93
	1359.69	0.00	14.69	821.99
	1359.70	0.00	14.36	846.14
	1359.72	0.00	13.95	884.34
	1359.73	0.00	13.66	934.49
	1359.74	0.00	13.55	964.58
	1359.75	0.00	13.28	998.63
	1359.76	0.00	13.30	1006.63
	1359.77	0.00	13.24	1006.66
	1359.79	0.00	13.20	1012.68
	1359.80	0.00	13.16	1032.68
	1359.81	0.00	13.14	1034.68
	1359.82	0.00	13.35	1020.67
	1359.83	0.00	13.13	1043.67
	1359.84	0.00	13.15	1056.67
	1359.86	0.00	13.31	1061.68
	1359.87	0.00	13.30	1066.67
	1359.88	0.00	13.10	1096.67
	1359.89	0.00	13.06	1102.67
	1359.90	0.00	13.04	1107.68
	1359.92	0.00	13.06	1114.68
	1359.93	0.00	13.26	1095.68
	1359.94	0.00	13.09	1122.67
	1359.95	0.00	13.07	1129.67
	1359.96	0.00	13.04	1130.67
	1359.97	0.00	13.09	1135.62
	1359.98	0.00	13.08	1139.62
	1360.00	0.00	13.04	1145.64
	1360.01	0.00	13.04	1152.62
	1360.02	0.00	13.06	1157.63
	1360.03	0.00	13.05	1161.65
	1360.04	0.00	13.04	1165.66
	1360.05	0.00	13.02	1167.66
	1360.07	0.00	13.02	1169.67
	1360.08	0.00	13.03	1168.67
	1360.09	0.00	13.05	1164.66
	1360.10	0.00	13.23	1143.67
	1360.11	0.00	13.22	1133.66
	1360.12	0.00	13.22	1125.66
	1360.14	0.00	13.23	1125.66
	1360.15	0.00	13.25	1111.63
	1360.16	0.00	13.25	1103.64
	1360.17	0.00	13.26	1094.65
	1360.18	0.00	13.23	1083.67
	1360.19	0.00	13.27	1076.68
	1360.20	0.00	13.29	1067.68
	1360.22	0.00	13.29	1043.69
	1360.23	0.00	13.30	1035.69
	1360.24	0.00	13.32	1032.69
	1360.25	0.00	13.34	1028.69
	1360.26	0.00	13.36	1024.69
	1360.28	0.00	13.39	1026.70
	1360.29	0.00	13.47	1017.69
	1360.30	0.00	13.50	1015.69
	1360.31	0.00	13.50	999.69
	1360.32	0.00	13.56	1009.69
	1360.33	0.00	13.59	1004.68
	1360.35	0.00	13.57	993.68
	1360.36	0.00	13.60	1001.69
	1360.37	1361.14	0.00	13.69	957.60
	1361.15	0.00	13.67	956.60
	1361.16	0.00	13.68	956.60
	1361.17	0.00	13.68	957.60
	1361.18	0.00	13.69	955.60
	1361.19	0.00	13.68	950.60
	1361.20	0.00	13.69	953.60
	1361.22	0.00	13.67	948.60
	1361.23	0.00	13.69	947.58
	1361.24	0.00	13.70	950.58
	1361.25	0.00	13.70	950.58
	1361.26	0.00	13.72	951.56
	1361.27	0.00	13.70	951.58
	1361.29	0.00	13.70	951.58
	1361.30	0.00	13.71	950.58
	1361.31	0.00	13.71	950.58
	1361.32	0.00	13.72	953.58
	1361.33	0.00	13.72	952.58
	1361.34	0.00	13.71	953.59
	1361.35	0.00	13.72	952.58
	1361.37	0.00	13.69	944.59
	1361.38	0.00	13.69	945.59
	1361.39	0.00	13.70	946.59
	1361.40	0.00	13.70	947.59
	1361.41	0.00	13.70	947.59
	1361.43	0.00	13.72	946.58
	1361.44	0.00	13.72	946.58
	1361.45	0.00	13.73	946.58
	1361.46	0.00	13.72	944.59
	1361.47	0.00	13.78	942.58
	1361.48	0.00	13.78	941.58
	1361.50	0.00	13.80	936.58
	1361.51	0.00	13.81	937.57
	1361.52	0.00	13.82	938.57
	1361.53	0.00	13.82	936.57
	1361.54	0.00	13.82	936.57
	1361.55	0.00	13.83	937.57
	1361.56	0.00	13.83	935.57
	1361.57	0.00	13.83	935.57
	1361.59	0.00	13.81	927.56
	1361.60	0.00	13.79	929.56
	1361.61	0.00	13.81	931.57
	1361.62	0.00	13.83	929.56
	1361.63	0.00	13.82	931.56
	1361.65	0.00	13.83	933.56
	1361.66	0.00	13.83	934.57
	1361.67	0.00	13.85	935.56
	1361.68	0.00	13.84	937.56
	1361.69	0.00	13.85	937.56
	1361.70	0.00	13.84	936.56
	1361.71	0.00	13.86	936.54
	1361.73	0.00	13.84	934.55
	1361.74	0.00	13.83	935.56
	1361.75	0.00	13.83	934.57
	1361.76	0.00	13.80	935.57
	1361.77	0.00	13.77	931.58
	1361.79	0.00	13.77	937.59
	1361.80	0.00	13.75	935.59
	1361.81	0.00	13.74	934.60
	1361.82	0.00	13.72	937.60
	1361.83	0.00	13.70	937.61
	1361.84	0.00	13.68	936.61
	1361.85	0.00	13.70	939.61
	1361.87	0.00	13.69	937.61
	1361.88	0.00	13.69	940.61
	1361.89	0.00	13.68	944.62
	1361.90	0.00	13.67	942.62
	1361.91	0.00	13.68	944.62
	1361.93	0.00	13.67	947.63
	1361.94	0.00	13.65	943.63
	1361.95	0.00	13.65	943.63
	1361.96	0.00	13.66	945.63
	1361.97	0.00	13.66	945.63
	1361.98	0.00	13.70	943.58
	1361.99	0.00	13.71	944.57
	1362.01	0.00	13.72	943.56
	1362.02	0.00	13.72	946.57
	1362.03	0.00	13.72	947.57
	1362.04	0.00	13.72	946.57
	1362.05	0.00	13.71	945.58
	1362.06	0.00	13.70	945.59
	1362.07	0.00	13.72	947.58
	1362.09	0.00	13.72	944.58
	1362.10	0.00	13.67	942.59
	1362.11	0.00	13.73	940.54
	1362.12	0.00	13.74	940.54
	1362.13	0.00	13.72	939.55
	1362.15	0.00	13.70	938.57
	1362.16	0.00	13.70	940.58
	1362.17	0.00	13.67	932.59
	1362.18	0.00	13.70	938.59
	1362.19	0.00	13.69	940.60
	1362.20	0.00	13.71	939.58
	1362.21	0.00	13.69	939.60
	1362.23	0.00	13.65	924.58
	1362.24	0.00	13.67	928.58
	1362.25	0.00	13.67	931.59
	1362.26	0.00	13.69	934.58
	1362.27	0.00	13.68	934.60
	1362.28	0.00	13.69	935.60
	1362.30	0.00	13.67	937.61
	1362.31	0.00	13.67	938.61
	1362.32	0.00	13.66	935.61
	1362.33	0.00	13.65	929.59
	1362.34	0.00	13.66	933.60
	1362.35	0.00	13.71	938.57
	1362.37	0.00	13.69	941.60
	1362.38	0.00	13.68	941.61
	1362.39	0.00	13.68	940.61
	1362.40	0.00	13.68	941.61
	1362.41	0.00	13.66	941.62
	1362.42	0.00	13.67	944.62
	1362.44	0.00	13.63	934.62
	1362.45	0.00	13.64	939.61
	1362.46	0.00	13.64	938.61
	6	0.00	13.59	948.64
	1362.57	0.00	13.59	949.64
	1362.59	0.00	13.58	949.64
	1362.60	0.00	13.59	951.64
	1362.61	0.00	13.58	952.64
	1362.62	0.00	13.58	947.62
	1362.63	0.00	13.58	948.62
	1362.64	0.00	13.59	950.62
	1362.66	0.00	13.58	950.63
	1362.67	0.00	13.60	954.63
	1362.68	0.00	13.59	951.63
	1362.69	0.00	13.59	951.63
	1362.70	0.00	13.59	951.63
	1362.71	0.00	13.58	952.64
	1362.72	0.00	13.58	952.64
	1362.74	0.00	13.56	950.64
	1362.75	0.00	13.54	942.64
	1362.76	0.00	13.55	945.63
	1362.77	0.00	13.53	944.64
	1362.78	0.00	13.54	945.64
	1362.80	0.00	13.55	947.64
	1362.81	0.00	13.56	948.63
	1362.82	0.00	13.54	947.64
	1362.83	0.00	13.54	948.64
	1362.84	0.00	13.56	949.64
	1362.85	0.00	13.55	950.65
	1362.86	0.00	13.57	953.64
	1362.88	0.00	13.55	949.65
	1362.89	0.00	13.54	951.65
	1362.90	0.00	13.54	950.65
	1362.91	0.00	13.51	942.65
	1362.92	0.00	13.51	947.65
	1362.93	0.00	13.53	947.65
	1362.95	0.00	13.53	948.65
	1362.96	0.00	13.53	949.64
	1362.97	0.00	13.54	951.65
	1362.98	0.00	13.53	950.66
	1362.99	0.00	13.52	952.66
	1363.00	0.00	13.52	951.66
	1363.02	0.00	13.52	955.66
	1363.03	0.00	13.54	954.64
	1363.04	0.00	13.51	950.65
	1363.05	0.00	13.51	952.66
	1363.06	0.00	13.48	952.68
	1363.07	0.00	13.48	953.68
	1363.08	0.00	13.48	953.68
	1363.10	0.00	13.48	953.69
	1363.11	0.00	13.49	954.68
	1363.12	0.00	13.48	954.69
	1363.13	0.00	13.48	955.69
	1363.14	0.00	13.48	954.69
	1363.15	0.00	13.48	955.69
	1363.17	0.00	13.47	954.70
	1363.18	0.00	13.47	955.69
	1363.19	0.00	13.49	952.67
	1363.20	0.00	13.49	955.67
	1363.21	0.00	13.47	951.68
	1363.22	0.00	13.48	957.69
	1363.24	0.00	13.47	955.69
	1363.25	0.00	13.47	955.69
	1363.26	0.00	13.46	955.70
	1363.27	0.00	13.46	957.70
	1363.28	0.00	13.46	958.70
	1363.29	0.00	13.46	956.70
	1363.31	0.00	13.46	955.70
	1363.32	0.00	13.46	959.71
	1363.33	0.00	13.46	957.70
	1363.34	0.00	13.46	957.70
	1363.35	0.00	13.45	955.70
	1363.36	0.00	13.46	957.70
	1363.38	0.00	13.46	957.70
	1363.39	0.00	13.46	957.70
	1363.40	0.00	13.46	957.70
	1363.41	0.00	13.46	956.70
	1363.42	0.00	13.47	956.69
	1363.43	0.00	13.48	957.69
	1363.44	0.00	13.47	956.69
	1363.46	0.00	13.47	953.69
	1363.47	0.00	13.45	955.70
	1363.48	0.00	13.47	956.69
	1363.49	0.00	13.45	954.70
	1363.50	0.00	13.46	954.69
	1363.52	0.00	13.46	955.69
	1363.53	0.00	13.45	956.71
	1363.54	0.00	13.45	957.70
	1363.55	0.00	13.46	957.70
	1363.56	0.00	13.44	958.71
	1363.57	0.00	13.44	956.72
	1363.58	0.00	13.44	959.70
	1363.60	0.00	13.45	955.70
	1363.61	0.00	13.45	955.70
	1363.62	0.00	13.45	955.70
	1363.63	0.00	13.45	955.70
	1363.64	0.00	13.47	956.70
	1363.65	0.00	13.45	954.70
	1363.67	0.00	13.45	954.70
	1363.68	0.00	13.44	951.70
	1363.69	0.00	13.45	953.70
	1363.70	0.00	13.45	954.70
	1363.71	0.00	13.45	953.70
	1363.72	0.00	13.43	955.72
	1363.73	0.00	13.45	955.71
	1363.75	0.00	13.46	951.67
	1363.76	0.00	13.50	953.64
	1363.77	0.00	13.50	954.64
	1363.78	0.00	13.52	955.62
	1363.79	0.00	13.51	955.63
	1363.81	0.00	13.51	953.63
	1363.82	0.00	13.51	955.64
	1363.83	0.00	13.52	955.63
	1363.84	0.00	13.51	957.65
	1363.85	0.00	13.50	956.65
	1363.86	0.00	13.50	956.65
	1363.87	0.00	13.49	955.66
	1363.89	0.00	13.49	956.66
	1363.90	0.00	13.49	955.66
	1363.91	0.00	13.49	955.66
	1363.92	0.00	13.51	950.62
	1363.93	0.00	13.50	948.62
	1363.94	0.00	13.49	949.64
	1363.95	0.00	13.48	950.65
	1363.97	0.00	13.46	952.66
	1363.98	0.00	13.47	950.66
	1363.99	0.00	13.47	951.68
	1364.00	0.00	13.46	950.68
	1364.01	0.00	13.45	952.69
	1364.03	0.00	13.44	952.70
	1364.04	0.00	13.44	943.67
	1364.05	0.00	13.41	938.67
	1364.06	0.00	13.42	940.67
	1364.07	0.00	13.43	944.67
	1364.08	0.00	13.44	947.68
	1364.09	0.00	13.44	949.68
	1364.11	0.00	13.44	947.69
	1364.12	0.00	13.45	948.69
	1364.13	0.00	13.44	948.70
	1364.14	0.00	13.44	950.69
	1364.15	0.00	13.44	950.69
	1364.16	0.00	13.40	938.68
	1364.18	0.00	13.42	941.66
	1364.19	0.00	13.44	947.68
	1364.20	0.00	13.44	948.68
	1364.21	0.00	13.46	952.68
	1364.22	0.00	13.46	952.68
	1364.23	0.00	13.44	953.69
	1364.25	0.00	13.44	949.69
	1364.26	0.00	13.44	951.69
	1364.27	0.00	13.45	953.69
	1364.28	0.00	13.44	949.69
	1364.29	0.00	13.41	941.68
	1364.30	0.00	13.44	951.68
	1364.31	0.00	13.45	951.69
	1364.33	0.00	13.45	953.69
	1364.34	0.00	13.45	953.70
	1364.35	0.00	13.46	956.69
	1364.36	0.00	13.45	952.69
	1364.37	0.00	13.45	953.69
	1364.38	0.00	13.46	953.70
	1364.40	0.00	13.47	955.69
	1364.41	0.00	13.47	954.69
	1364.42	0.00	13.46	949.68
	1364.43	0.00	13.47	946.65
	1364.44	0.00	13.48	950.66
	1364.45	0.00	13.50	951.66
	1364.47	0.00	13.50	952.66
	1364.48	0.00	13.50	951.66
	1364.49	0.00	13.51	951.66
	1364.50	0.00	13.51	955.66
	1364.51	0.00	13.50	952.66
	1364.52	0.00	13.51	953.66
	1364.54	0.00	13.47	946.67
	1364.55	0.00	13.48	947.67
	1364.56	0.00	13.48	9	954.66
	1365.43	0.00	13.51	953.67
	1365.44	0.00	13.51	954.67
	1365.45	0.00	13.51	954.67
	1365.46	0.00	13.50	953.67
	1365.48	0.00	13.47	945.67
	1365.49	0.00	13.50	952.66
	1365.50	0.00	13.50	951.67
	1365.51	0.00	13.49	953.67
	1365.52	0.00	13.49	953.67
	1365.53	0.00	13.51	955.67
	1365.55	0.00	13.50	952.67
	1365.56	0.00	13.50	953.68
	1365.57	0.00	13.51	955.68
	1365.58	0.00	13.50	955.67
	1365.59	0.00	13.49	954.68
	1365.60	0.00	13.49	954.68
	1365.61	0.00	13.49	948.65
	1365.63	0.00	13.50	950.65
	1365.64	0.00	13.51	954.66
	1365.65	0.00	13.51	954.66
	1365.66	0.00	13.51	954.66
	1365.67	0.00	13.51	955.66
	1365.69	0.00	13.50	955.67
	1365.70	0.00	13.50	956.67
	1365.71	0.00	13.50	956.67
	1365.72	0.00	13.50	956.67
	1365.73	0.00	13.46	949.68
	1365.74	0.00	13.47	949.67
	1365.75	0.00	13.47	952.68
	1365.77	0.00	13.47	954.68
	1365.78	0.00	13.47	952.68
	1365.79	0.00	13.48	953.68
	1365.80	0.00	13.48	956.68
	1365.81	0.00	13.47	954.68
	1365.82	0.00	13.48	955.68
	1365.83	0.00	13.44	946.68
	1365.85	0.00	13.48	951.68
	1365.86	0.00	13.47	953.68
	1365.87	0.00	13.48	954.68
	1365.88	0.00	13.48	954.68
	1365.89	0.00	13.49	957.68
	1365.91	0.00	13.48	955.68
	1365.92	0.00	13.49	957.68
	1365.93	0.00	13.52	957.65
	1365.94	0.00	13.48	955.68
	1365.95	0.00	13.49	956.68
	1365.96	0.00	13.48	957.69
	1365.97	0.00	13.47	955.69
	1365.99	0.00	13.47	954.69
	1366.00	0.00	13.45	954.71
	1366.01	0.00	13.47	956.70
	1366.02	0.00	13.47	956.70
	1366.03	0.00	13.47	956.70
	1366.04	0.00	13.47	957.70
	1366.06	0.00	13.45	953.70
	1366.07	0.00	13.49	957.68
	1366.08	0.00	13.48	955.68
	13667
	1366.86	0.00	13.49	962.68
	1366.87	0.00	13.50	964.68
	1366.88	0.00	13.48	963.69
	1366.89	0.00	13.48	959.68
	1366.90	0.00	13.50	964.68
	1366.92	0.00	13.50	965.68
	1366.93	0.00	13.47	957.68
	1366.94	0.00	13.47	956.69
	1366.95	0.00	13.47	959.68
	1366.96	0.00	13.49	961.68
	1366.97	0.00	13.47	961.68
	1366.98	0.00	13.49	961.68
	1367.00	0.00	13.49	962.68
	1367.01	0.00	13.48	961.6971
	1387.57	0.00	13.41	935.72
	1387.58	34.70
	1387.53	0.00	13.42	935.71
	1387.54	0.00	13.40	933.72
	1387.56	0.00	13.41	934.71
	1387.57	0.00	13.41	935.72
	1387.58	34.70
	1387.53	0.00	13.42	935.71
	1387.54	0.00	13.40	933.72
	1387.56	0.00	13.41	934.71
	1387.57	0.00	13.41	935.72
	1387.58	0.00	13.41	938.72
	1387.59	0.00	13.36	927.73
	1387.60	0.00	13.39	933.72
	1387.61	0.00	13.39	932.72
	1387.63	0.00	13.38	931.72
	1387.64	0.00	13.40	932.71
	1387.65	0.00	13.39	932.72
	1387.66	0.00	13.40	933.72
	1387.67	0.00	13.40	933.72
	1387.68	0.00	13.40	934.72
	1387.69	0.00	13.42	933.70
	1387.71	0.00	13.39	934.72
	1387.72	0.00	13.40	934.72
	1387.73	0.00	13.40	934.72
	1387.74	0.00	13.41	933.71
	1387.75	0.00	13.37	926.72
	1387.76	0.00	13.38	929.72
	1387.78	0.00	13.39	931.72
	1387.79	0.00	13.40	933.72
	1387.80	0.00	13.40	933.72
	1387.81	0.00	13.40	935.73
	1387.82	0.00	13.40	934.72
	1387.83	0.00	13.40	933.72
	1387.85	0.00	13.39	936.73
	1387.86	0.00	13.41	937.72
	1387.87	0.00	13.42	935.71
	1387.88	0.00	13.40	933.72
	1387.89	0.00	13.37	932.74
	1387.90	0.00	13.35	929.74
	1387.92	0.00	13.38	933.74
	1387.93	0.00	13.37	933.74
	1387.94	0.00	13.37	936.74
	1387.95	0.00	13.37	934.74
	1387.96	0.00	13.36	933.75
	1387.97	0.00	13.37	935.75
	1387.98	0.00	13.36	934.75
	1388.00	0.00	13.37	935.75
	1388.01	0.00	13.35	932.75
	1388.02	0.00	13.35	932.75
	1388.03	0.00	13.38	935.74
	1388.04	0.00	13.37	935.74
	1388.06	0.00	13.38	936.73
	1388.07	0.00	13.38	933.73
	1388.08	0.00	13.37	934.74
	1388.09	0.00	13.37	936.74
	1388.10	0.00	13.37	936.74
	1388.11	0.00	13.37	936.74
	1388.13	0.00	13.37	935.75
	1388.14	0.00	13.36	934.75
	1388.15	0.00	13.37	936.74
	1388.16	0.00	13.36	937.75
	1388.17	0.00	13.36	938.75
	1388.18	0.00	13.37	938.75
	1388.19	0.00	13.37	938.75
	1388.21	0.00	13.37	936.72
	1388.22	0.00	13.43	938.67
	1388.23	0.00	13.44	939.67
	1388.24	0.00	13.42	936.68
	1388.25	0.00	13.41	941.69
	1388.26	0.00	13.41	935.68
	1388.28	0.00	13.44	940.68
	1388.29	0.00	13.43	942.69
	1388.30	0.00	13.42	939.69
	1388.31	0.00	13.40	938.70
	1388.32	0.00	13.41	939.70
	1388.33	0.00	13.41	940.70
	1388.34	0.00	13.41	941.70
	1388.36	0.00	13.41	940.70
	1388.37	0.00	13.45	938.65
	1388.38	0.00	13.42	933.66
	1388.39	0.00	13.38	934.69
	1388.40	0.00	13.37	936.72
	1388.41	0.00	13.39	937.72
	1388.43	0.00	13.38	936.73
	1388.44	0.00	13.38	938.74
	1388.45	0.00	13.36	938.74
	1388.46	0.00	13.36	938.74
	1388.47	0.00	13.36	938.74
	1388.48	0.00	13.32	923.72
	1388.50	0.00	13.33	930.74
	1388.51	0.00	13.33	926.72
	1388.52	0.00	13.34	932.74
	1388.53	0.00	13.36	938.74
	1388.54	0.00	13.32	922.71
	1388.55	0.00	13.33	922.70
	1388.56	0.00	13.35	927.72
	1388.58	0.00	13.33	923.71
	1388.59	0.00	13.33	927.72
	1388.60	0.00	13.35	930.72
	1388.61	0.00	13.35	933.73
	1388.62	0.00	13.38	934.73
	1388.64	0.00	13.38	933.73
	1388.65	0.00	13.36	936.73
	1388.66	0.00	13.37	935.73
	1388.67	0.00	13.37	936.74
	1388.68	0.00	13.37	937.73
	1388.69	0.00	13.36	937.74
	1388.70	0.00	13.37	937.73
	1388.72	0.00	13.33	926.72
	1388.73	0.00	13.35	929.71
	1388.74	0.00	13.37	936.71
	1388.75	0.00	13.36	936.72
	1388.76	0.00	13.37	937.73
	1388.77	0.00	13.37	939.72
	1388.79	0.00	13.37	941.72
	1388.80	0.00	13.37	937.73
	1388.81	0.00	13.37	940.73
	1388.82	0.00	13.37	942.73
	1388.83	0.00	13.36	940.74
	1388.84	0.00	13.36	940.74
	1388.86	0.00	13.36	934.70
	1388.87	0.00	13.35	936.73
	1388.88	0.00	13.35	937.73
	1388.89	0.00	13.36	939.73
	1388.90	0.00	13.34	941.74
	1388.91	0.00	13.35	940.73
	1388.93	0.00	13.34	940.74
	1388.94	0.00	13.35	942.74
	1388.95	0.00	13.34	940.74
	1388.96	0.00	13.34	938.74
	1388.97	0.00	13.34	940.74
	1388.98	0.00	13.35	940.74
	1389.00	0.00	13.36	941.74
	1389.01	0.00	13.34	943.75
	1389.02	0.00	13.34	941.76
	1389.03	0.00	13.34	943.75
	1389.04	0.00	13.34	935.72
	1389.05	0.00	13.35	939.72
	1389.06	0.00	13.34	938.73
	1389.08	0.00	13.35	938.72
	1389.09	0.00	13.35	938.72
	1389.10	0.00	13.35	938.72
	1389.11	0.00	13.36	941.72
	1389.12	0.00	13.35	941.73
	1389.13	0.00	13.35	941.73
	1389.15	0.00	13.36	942.73
	1389.16	0.00	13.36	943.73
	1389.17	0.00	13.36	943.73
	1389.18	0.00	13.35	943.74
	1389.19	0.00	13.31	932.73
	1389.20	0.00	13.31	934.74
	1389.21	0.00	13.32	934.73
	1389.23	0.00	13.33	937.73
	1389.24	0.00	13.33	938.74
	1389.25	0.00	13.34	939.74
	1389.26	0.00	13.35	938.73
	1389.27	0.00	13.34	939.74
	1389.29	0.00	13.35	942.74
	1389.30	0.00	13.34	941.74
	1389.31	0.00	13.35	940.73
	1389.32	0.00	13.35	941.73
	1389.33	0.00	13.36	942.73
	1389.34	0.00	13.32	932.74
	1389.35	0.00	13.32	935.74
	1389.37	0.00	13.33	937.75
	1389.38	0.00	13.34	938.73
	1389.39	0.00	13.35	938.73
	1389.40	0.00	13.34	940.74
	1389.41	0.00	13.35	941.73
	1389.42	0.00	13.35	939.74
	1389.44	0.00	13.35	937.73
	1389.45	0.00	13.36	939.73
	1389.46	0.00	13.36	938.72
	1389.47	0.00	13.36	938.72
	1389.48	0.00	13.34	938.73
	1389.49	0.00	13.36	938.72
	1389.51	0.00	13.36	938.72
	1389.52	0.00	13.35	938.73
	1389.53	0.00	13.34	938.74
	1389.54	0.00	13.33	938.75
	1389.55	0.00	13.34	939.75
	1389.56	0.00	13.34	939.75
	1389.57	0.00	13.33	939.76
	1389.59	0.00	13.33	939.76
	1389.60	0.00	13.33	938.75
	1389.61	0.00	13.33	940.76
	1389.62	0.00	13.34	939.75
	1389.63	0.00	13.34	941.76
	1389.64	0.00	13.33	939.76
	1389.66	0.00	13.34	941.76
	1389.67	0.00	13.34	940.75
	1389.68	0.00	13.35	941.74
	1389.69	0.00	13.34	937.74
	1389.70	0.00	13.34	938.74
	1389.71	0.00	13.34	939.75
	1389.73	0.00	13.32	938.76
	1389.74	0.00	13.34	939.75
	1389.75	0.00	13.33	940.76
	1389.76	0.00	13.34	941.76
	1389.77	0.00	13.34	941.76
	1389.78	0.00	13.34	937.74
	1389.80	0.00	13.31	934.76
	1389.81	0.00	13.32	934.76
	1389.82	0.00	13.40	938.67
	1389.83	0.00	13.40	937.67
	1389.84	0.00	13.41	940.68
	1389.85	0.00	13.40	941.69
	1389.86	0.00	13.41	944.68
	1389.88	0.00	13.39	940.70
	1389.89	0.00	13.41	942.68
	1389.90	0.00	13.41	942.69
	1389.91	0.00	13.40	942.70
	1389.92	0.00	13.39	941.70
	1389.94	0.00	13.39	943.71
	1389.95	0.00	13.39	942.71
	1389.96	0.00	13.408
	1390.06	0.00	13.37	937.70
	1390.07	0.00	13.36	938.71
	1390.09	0.00	13.35	938.72
	1390.10	0.00	13.36	936.73
	1390.11	0.00	13.35	936.74
	1390.12	0.00	13.36	938.73
	1390.13	0.00	13.34	938.75
	1390.14	0.00	13.35	935.73
	1390.16	0.00	13.35	937.74
	1390.17	0.00	13.34	938.74
	1390.18	0.00	13.36	938.73
	1390.19	0.00	13.30	924.72
	1390.20	0.00	13.30	924.72
	1390.21	0.00	13.31	924.71
	1390.22	0.00	13.29	922.72
	1390.24	0.00	13.30	922.72
	1390.25	0.00	13.29	922.72
	1390.26	0.00	13.32	928.72
	1390.27	0.00	13.32	931.73
	1390.28	0.00	13.34	934.72
	1390.30	0.00	13.35	934.73
	1390.31	0.00	13.35	935.73
	1390.32	0.00	13.34	936.73
	1390.33	0.00	13.33	937.75
	1390.34	0.00	13.31	931.74
	1390.35	0.00	13.36	936.73
	1390.36	0.00	13.33	936.74
	1390.38	0.00	13.34	937.74
	1390.39	0.00	13.32	924.71
	1390.40	0.00	13.35	933.71
	1390.41	0.00	13.35	936.72
	1390.42	0.00	13.36	938.72
	1390.43	0.00	13.36	939.72
	1390.44	0.00	13.37	940.72
	1390.46	0.00	13.37	937.72
	1390.47	0.00	13.36	939.72
	1390.48	0.00	13.36	938.73
	1390.49	0.00	13.37	940.73
	1390.50	0.00	13.36	940.73
	1390.52	0.00	13.36	939.74
	1390.53	0.00	13.33	930.72
	1390.54	0.00	13.36	934.72
	1390.55	0.00	13.35	933.72
	1390.56	1.00	13.35	932.72
	1390.57	1.00	13.36	937.73
	1390.58	1.00	13.37	937.72
	1390.60	1.00	13.37	939.73
	1390.61	1.00	13.36	938.73
	1390.62	1.00	13.35	936.73
	1390.63	1.00	13.37	939.73
	1390.64	1.00	13.37	941.74
	1390.66	1.00	13.37	933.70
	1390.67	1.00	13.38	932.70
	1390.68	1.00	13.36	934.71
	1390.69	1.00	13.38	935.71
	1390.70	1.00	13.38	936.71
	1390.71	1.00	13.38	936.71
	1390.72	1..71
	1390.92	0.00	13.38	933.71
	1390.93	0.00	13.40	935.70
	1390.94	0.00	13.40	936.71
	1390.96	0.00	13.39	935.71
	1390.97	0.00	13.39	935.71
	1390.98	0.00	13.39	935.71
	1390.99	0.00	13.37	926.70
	1391.00	0.00	13.40	934.71
	1391.01	0.00	13.38	932.71
	1391.03	0.00	13.40	935.70
	1391.04	0.00	13.40	933.71
	1391.05	0.00	13.39	932.70
	1391.06	0.00	13.40	934.70
	1391.07	0.00	13.40	935.70
	1391.08	0.00	13.42	935.69
	1391.09	0.00	13.41	934.70
	1391.11	0.00	13.42	936.70
	1391.12	0.00	13.43	934.69
	1391.13	0.00	13.45	934.67
	1391.14	0.00	13.43	931.69
	1391.15	0.00	13.42	931.70
	1391.17	0.00	13.42	932.70
	1391.18	0.00	13.41	934.71
	1391.19	0.00	13.41	932.71
	1391.20	0.00	13.42	932.71
	1391.21	0.00	13.42	932.71
	1391.22	0.00	13.42	930.71
	1391.24	0.00	13.42	930.71
	1391.25	0.00	13.44	931.69
	1391.26	0.00	13.45	933.69
	1391.27	0.00	13.44	931.69
	1391.28	0.00	13.45	929.69
	1391.29	0.00	13.44	930.70
	1391.31	0.00	13.43	931.70
	1391.32	0.00	13.45	929.69
	1391.33	0.00	13.46	933.69
	1391.34	0.00	13.46	929.69
	1391.35	0.00	13.46	930.69
	1391.36	0.00	13.45	930.69
	1391.38	0.00	13.46	930.69
	1391.39	0.00	13.45	930.70
	1391.40	0.00	13.44	929.71
	1391.41	0.00	13.45	931.70
	1391.42	0.00	13.49	928.64
	1391.43	0.00	13.52	929.62
	1391.44	0.00	13.52	928.61
	1391.46	0.00	13.54	932.61
	1391.47	0.00	13.52	931.62
	1391.48	0.00	13.53	931.63
	1391.49	0.00	13.52	930.63
	1391.50	0.00	13.51	930.64
	1391.51	0.00	13.51	931.64
	1391.53	0.00	13.51	929.64
	1391.54	0.00	13.51	931.64
	1391.55	0.00	13.52	930.63
	1391.56	0.00	13.52	931.64
	1391.57	0.00	13.51	930.64
	1391.58	1392.35	0.00	13.52	925.63
	1392.36	0.00	13.52	925.64
	1392.37	0.00	13.52	926.64
	1392.39	0.00	13.52	924.64
	1392.40	0.00	13.50	921.64
	1392.41	0.00	13.48	918.64
	1392.42	0.00	13.50	921.64
	1392.43	0.00	13.50	924.64
	1392.44	0.00	13.53	922.63
	1392.45	0.00	13.53	921.63
	1392.47	0.00	13.53	921.63
	1392.48	0.00	13.55	920.62
	1392.49	0.00	13.58	918.62
	1392.50	0.00	13.58	917.62
	1392.51	0.00	13.56	910.61
	1392.52	0.00	13.54	908.62
	1392.54	0.00	13.57	915.62
	1392.55	0.00	13.59	918.61
	1392.56	0.00	13.59	918.61
	1392.57	0.00	13.61	920.61
	1392.58	0.00	13.59	918.61
	1392.59	0.00	13.61	918.59
	1392.61	0.00	13.58	916.60
	1392.62	0.00	13.58	919.62
	1392.63	0.00	13.57	919.63
	1392.64	0.00	13.57	919.63
	1392.65	0.00	13.56	920.64
	1392.66	0.00	13.57	920.64
	1392.68	0.00	13.56	923.64
	1392.69	0.00	13.55	919.64
	1392.70	0.00	13.57	922.63
	1392.71	0.00	13.57	920.62
	1392.72	0.00	13.58	923.63
	1392.73	0.00	13.55	922.64
	1392.75	0.00	13.55	922.64
	1392.76	0.00	13.53	925.65
	1392.77	0.00	13.52	926.65
	1392.78	0.00	13.50	928.65
	1392.79	0.00	13.50	928.65
	1392.80	0.00	13.50	932.66
	1392.81	0.00	13.50	930.65
	1392.83	0.00	13.55	929.59
	1392.84	0.00	13.55	934.59
	1392.85	0.00	13.55	935.60
	1392.86	0.00	13.53	936.61
	1392.87	0.00	13.51	940.63
	1392.88	0.00	13.50	938.64
	1392.90	0.00	13.48	942.65
	1392.91	0.00	13.46	947.66
	1392.92	0.00	13.43	953.67
	1392.93	0.00	13.39	957.69
	1392.94	0.00	13.37	963.70
	1392.95	0.00	13.37	967.68
	1392.96	0.00	13.35	971.64
	1392.98	0.00	13.28	983.68
	1392.99	0.00	13.20	996.70
	1393.00	0.00	13.17	1006.70
	1393.01	0.00	5	823.04
	1393.21	0.00	14.67	828.04
	1393.22	0.00	14.65	826.05
	1393.23	0.00	14.65	826.05
	1393.25	0.00	14.64	824.05
	1393.26	0.00	14.63	827.06
	1393.27	0.00	14.61	827.06
	1393.28	0.00	14.60	821.06
	1393.29	0.00	14.61	818.05
	1393.30	0.00	14.62	822.05
	1393.31	0.00	14.63	824.05
	1393.33	0.00	14.63	825.05
	1393.34	0.00	14.65	824.05
	1393.35	0.00	14.65	826.05
	1393.36	0.00	14.67	826.04
	1393.37	0.00	14.67	826.04
	1393.38	0.00	14.67	826.04
	1393.40	0.00	14.66	824.04
	1393.41	0.00	14.67	819.02
	1393.42	0.00	14.68	819.02
	1393.43	0.00	14.69	822.02
	1393.44	0.00	14.70	824.02
	1393.45	0.00	14.70	825.02
	1393.46	0.00	14.72	824.02
	1393.48	0.00	14.72	825.02
	1393.49	0.00	14.71	827.02
	1393.50	0.00	14.68	818.02
	1393.51	0.00	14.69	821.02
	1393.52	0.00	14.69	822.02
	1393.53	0.00	14.70	824.02
	1393.55	0.00	14.72	824.02
	1393.56	0.00	14.72	826.01
	1393.57	0.00	14.73	825.01
	1393.58	0.00	14.73	827.01
	1393.59	0.00	14.73	826.02
	1393.60	0.00	14.66	815.03
	1393.61	0.00	14.65	811.03
	1393.63	0.00	14.54	812.06
	1393.64	0.00	14.07	838.23
	1393.65	0.00	13.27	895.38
	1393.66	0.00	12.97	928.49
	1393.67	0.00	12.69	982.62
	1393.69	0.00	12.52	1017.71
	1393.70	0.00	12.46	1054.77
	1393.71	0.00	12.28	1092.85
	1393.72	0.00	12.20	1121.88
	1393.73	0.00	12.09	1153.90
	1393.74	0.00	12.04	1181.92
	1393.76	0.00	11.98	1241.92
	1393.77	0.00	12.01	1270.92
	1393.78	0.00	12.06	1305.94
	1393.79	0.00	12.15	1322.91
	1393.80	0.00	12.32	1325.87
	1393.81	0.00	12.48	1325.84
	1393.82	0.00	12.63	1316.81
	1393.84	0.00	12.82	1310.74
	1393.85	0.00	12.95	1292.72
	1393.86	0.00	13.06	1282.69
	1393.87	0.00	13.13	1269.69
	1393.88	0.00	13.19	1260.67
	1393.90	0.00	13.39	1228.64
	1393.91	0.00	13.43	1220.62
	1393.92	0.00	13.44	1212.64
	1393.93	0.00	13.48	1206.64
	1393.94	0.00	13.56	1201.62
	1393.95	0.00	13.61	1190.60
	1393.96	0.00	13.71	1193.54
	1393.98	0.00	13.78	1185.55
	1393.99	0.00	13.86	1171.54
	1394.00	0.00	13.91	1152.52
	1394.01	0.00	13.93	1126.50
	1394.02	0.00	14.01	1126.50
	1394.03	0.00	14.09	1125.50
	1394.05	0.00	14.18	1123.49
	1394.06	0.00	14.31	1125.43
	1394.07	0.00	14.50	1126.35
	1394.08	0.00	14.64	1123.32
	1394.09	0.00	14.74	1122.28
	1394.10	0.00	14.88	1127.21
	1394.12	0.00	15.04	1108.12
	1394.13	0.00	15.13	1108.06
	1394.14	0.00	15.19	1109.02
	1394.15	0.00	15.26	1094.94
	1394.16	0.00	15.40	1080.80
	1394.17	0.00	15.45	1064.75
	1394.19	0.00	15.51	1050.69
	1394.20	0.00	15.59	1012.67
	1394.21	0.00	15.59	992.65
	1394.22	0.00	15.57	967.62
	1394.23	0.00	15.57	955.62
	1394.24	0.00	15.58	944.61
	1394.26	0.00	15.57	897.61
	1394.27	0.00	15.59	882.58
	1394.28	0.00	15.42	852.64
	1394.29	0.00	15.33	825.63
	1394.30	0.00	15.22	799.64
	1394.31	0.00	15.14	789.70
	1394.33	0.00	15.08	799.74
	1394.34	0.00	15.12	818.73
	1394.35	0.00	15.15	826.73
	1394.36	0.00	15.13	808.74
	1394.37	0.00	15.13	809.75
	1394.38	0.00	15.11	804.75
	1394.40	0.00	15.12	801.75
	1394.41	0.00	15.10	796.75
	1394.42	0.00	15.08	796.76
	1394.43	0.00	15.06	786.75
	1394.44	0.00	15.04	799.76
	1394.45	0.00	15.04	803.76
	1394.46	0.00	15.04	802.76
	1394.48	0.00	15.05	781.76
	1394.49	0.00	15.04	780.76
	1394.50	0.00	15.07	801.76
	1394.51	0.00	15.05	802.76
	1394.52	0.00	15.06	803.76
	1394.54	0.00	15.05	802.76
	1394.55	0.00	15.00	787.76
	1394.56	0.00	15.03	800.76
	1394.57	0.00	15.05	804.76
	1394.58	0.00	15.06	808.75
	1394.59	0.00	15.08	810.75
	1394.60	0.00	15.09	813.75
	1394.62	0.00	15.07	811.75
	1394.63	0.00	15.07	815.75
	1394.64	0.00	15.06	815.76
	1394.65	0.00	15.06	815.76
	1394.66	0.00	15.06	815.76
	1394.67	0.00	15.06	805.75
	1394.69	0.00	15.08	810.75
	1394.70	0.00	15.09	814.75
	1394.71	0.00	15.08	813.76
	1394.72	0.00	15.05	815.78
	1394.73	0.00	14.97	817.83
	1394.74	0.00	14.68	820.93
	1394.76	0.00	13.31	911.26
	1394.77	0.00	12.09	1028.58
	1394.78	0.00	11.49	1101.79
	1394.79	0.00	11.33	1132.89
	1394.80	0.00	11.36	1156.94
	1394.81	0.00	11.39	1202.06
	1394.82	0.00	11.53	1214.10
	1394.84	0.00	11.62	1250.08
	1394.85	0.00	11.67	1279.09
	1394.86	0.00	11.82	1312.09
	1394.87	0.00	11.95	1312.07
	1394.88	0.00	12.07	1296.04
	1394.89	0.00	12.26	1270.99
	1394.91	0.00	12.46	1243.95
	1394.92	0.00	12.64	1210.89
	1394.93	0.00	12.80	1193.84
	1394.94	0.00	12.97	1172.79
	1394.95	0.00	13.29	1136.72
	1394.96	0.00	13.44	1122.68
	1394.98	0.00	13.59	1105.63
	1394.99	0.00	13.69	1099.59
	1395.00	0.00	13.81	1092.56
	1395.01	0.00	13.93	1087.52
	1395.02	0.00	14.03	1084.48
	1395.04	0.00	14.14	1082.43
	1395.05	0.00	14.24	1087.39
	1395.06	0.00	14.32	1093.35
	1395.07	0.00	14.45	1092.31
	1395.08	0.00	14.53	1094.28
	1395.09	0.00	14.61	1093.25
	1395.10	0.00	14.64	1096.23
	1395.12	0.00	14.68	1101.21
	1395.13	0.00	14.76	1101.17
	1395.14	0.00	14.84	1104.13
	1395.15	0.00	14.91	1103.09
	1395.16	0.00	15.00	1085.05
	1395.17	0.00	15.07	1085.99
	1395.19	0.00	15.15	1083.94
	1395.20	0.00	15.17	1061.90
	1395.21	0.00	15.30	1077.84
	1395.22	0.00	15.35	1064.79
	1395.23	0.00	15.42	1052.73
	1395.25	0.00	15.48	1037.66
	1395.26	0.00	15.59	1003.63
	1395.27	0.00	15.63	977.58
	1395.28	0.00	15.64	962.58
	1395.29	0.00	15.65	948.56
	1395.30	0.00	15.65	937.57
	1395.31	0.00	15.61	917.58
	1395.32	0.00	15.64	893.55
	1395.34	0.00	15.62	879.55
	1395.35	0.00	15.57	864.55
	1395.36	0.00	15.49	844.56
	1395.37	0.00	15.30	807.60
	1395.38	0.00	15.24	792.63
	1395.40	0.00	15.13	781.68
	1395.41	0.00	15.10	781.71
	1395.42	0.00	15.06	771.71
	1395.43	0.00	15.08	785.71
	1395.44	0.00	15.13	794.72
	1395.45	0.00	15.14	792.72
	1395.46	0.00	15.11	793.72
	1395.48	0.00	15.13	791.72
	1395.49	0.00	15.09	781.70
	1395.50	0.00	15.08	779.71
	1395.51	0.00	15.05	778.72
	1395.52	0.00	15.06	777.72
	1395.53	0.00	15.05	773.72
	1395.55	0.00	15.04	774.73
	1395.56	0.00	15.06	771.72
	1395.57	0.00	15.06	771.72
	1395.58	0.00	15.08	771.72
	1395.59	0.00	15.06	771.72
	1395.60	0.00	15.08	772.72
	1395.61	0.00	15.05	773.72
	1395.63	0.00	15.04	773.73
	1395.64	0.00	15.03	775.73
	1395.65	0.00	15.00	763.72
	1395.66	0.00	15.00	763.72
	1395.67	0.00	15.04	769.71
	1395.69	0.00	15.01	772.72
	1395.70	0.00	15.07	772.70
	1395.71	0.00	15.06	776.72
	1395.72	0.00	15.04	775.72
	1395.73	0.00	15.04	775.72
	1395.74	0.00	15.05	776.72
	1395.76	0.00	15.02	778.72
	1395.77	0.00	15.02	779.73
	1395.78	0.00	14.92	759.75
	1395.79	0.00	14.87	762.78
	1395.80	0.00	14.51	780.89
	1395.81	0.00	13.20	871.17
	1395.82	0.00	12.11	972.42
	1395.83	0.00	11.57	1068.59
	1395.85	0.00	11.41	1102.69
	1395.86	0.00	11.24	1133.79
	1395.87	0.00	11.17	1156.90
	1395.88	0.00	11.17	1215.04
	1395.89	0.00	11.23	1235.07
	1395.91	0.00	11.19	1260.10
	1395.92	0.00	11.27	1298.13
	1395.93	0.00	11.38	1352.13
	1395.94	0.00	11.48	1365.09
	1395.95	0.00	11.56	1374.08
	1395.96	0.00	11.61	1370.05
	1395.98	0.00	11.71	1356.02
	1395.99	0.00	11.79	1340.98
	1396.00	0.00	11.85	1319.93
	1396.01	0.00	11.95	1308.88
	1396.02	0.00	12.09	1288.82
	1396.03	0.00	12.26	1267.79
	1396.05	0.00	12.43	1253.73
	1396.06	0.00	12.61	1238.70
	1396.07	0.00	12.73	1237.67
	1396.08	0.00	12.88	1235.66
	1396.09	0.00	13.00	1234.64
	1396.10	0.00	13.12	1223.63
	1396.11	0.00	13.38	1197.60
	1396.13	0.00	13.43	1184.58
	1396.14	0.00	13.56	1189.55
	1396.15	0.00	13.68	1178.52
	1396.16	0.00	13.78	1179.50
	1396.17	0.00	13.91	1167.46
	1396.19	0.00	14.01	1164.43
	1396.20	0.00	14.14	1163.38
	1396.21	0.00	14.27	1153.32
	1396.22	0.00	14.45	1144.23
	1396.23	0.00	14.56	1143.19
	1396.24	0.00	14.75	1129.12
	1396.26	0.00	14.89	1135.05
	1396.27	0.00	15.03	1124.99
	1396.28	0.00	15.17	1118.88
	1396.29	0.00	15.33	1097.78
	1396.30	0.00	15.40	1090.73
	1396.31	0.00	15.49	1069.65
	1396.33	0.00	15.53	1058.61
	1396.34	0.00	15.58	1045.57
	1396.35	0.00	15.69	1010.56
	1396.36	0.00	15.69	988.55
	1396.37	0.00	15.66	964.57
	1396.38	0.00	15.69	946.54
	1396.40	0.00	15.66	916.55
	1396.41	0.00	15.61	918.56
	1396.42	0.00	15.59	888.56
	1396.43	0.00	15.58	873.54
	1396.44	0.00	15.55	858.53
	1396.45	0.00	15.39	826.56
	1396.46	0.00	15.27	798.60
	1396.48	0.00	15.20	793.66
	1396.49	0.00	15.13	789.69
	1396.50	0.00	15.13	794.70
	1396.51	0.00	15.16	797.70
	1396.52	0.00	15.19	802.70
	1396.54	0.00	15.17	796.70
	1396.55	0.00	15.17	794.69
	1396.56	0.00	15.16	792.69
	1396.57	0.00	15.15	789.69
	1396.58	0.00	15.14	791.69
	1396.59	0.00	15.12	789.70
	1396.60	0.00	15.12	785.70
	1396.62	0.00	15.12	785.69
	1396.63	0.00	15.09	783.70
	1396.64	0.00	15.13	785.68
	1396.65	0.00	15.12	777.67
	1396.66	0.00	15.12	776.68
	1396.67	0.00	15.12	777.68
	1396.69	0.00	15.11	778.69
	1396.70	0.00	15.13	779.69
	1396.71	0.00	15.11	778.69
	1396.72	0.00	15.11	780.69
	1396.73	0.00	15.11	780.69
	1396.74	0.00	15.11	778.69
	1396.76	0.00	15.12	783.69
	1396.77	0.00	15.08	766.68
	1396.78	0.00	15.10	772.68
	1396.79	0.00	15.10	776.68
	1396.80	0.00	15.09	774.68
	1396.81	0.00	15.07	773.68
	1396.82	0.00	15.09	778.68
	1396.84	0.00	15.07	777.69
	1396.85	0.00	15.09	778.69
	1396.86	0.00	15.13	779.68
	1396.87	0.00	15.10	778.68
	1396.88	0.00	15.10	778.68
	1396.89	0.00	15.11	772.66
	1396.91	0.00	15.11	782.69
	1396.92	0.00	15.06	781.71
	1396.93	0.00	15.02	776.73
	1396.94	0.00	14.78	783.80
	1396.95	0.00	13.67	852.05
	1396.96	0.00	12.36	966.34
	1396.97	0.00	11.65	1081.58
	1396.99	0.00	11.27	1140.74
	1397.00	0.00	11.07	1181.90
	1397.01	0.00	11.05	1250.06
	1397.02	0.00	11.03	1272.16
	1397.03	0.00	11.10	1288.19
	1397.05	0.00	11.36	1350.17
	1397.06	0.00	11.54	1358.12
	1397.07	0.00	11.72	1357.07
	1397.08	0.00	11.82	1344.05
	1397.09	0.00	11.97	1316.01
	1397.10	0.00	12.14	1296.96
	1397.11	0.00	12.30	1267.92
	1397.13	0.00	12.50	1244.88
	1397.14	0.00	12.71	1225.80
	1397.15	0.00	13.04	1185.75
	1397.16	0.00	13.18	1170.69
	1397.17	0.00	13.32	1150.61
	1397.19	0.00	13.46	1144.55
	1397.20	0.00	13.59	1142.49
	1397.21	0.00	13.70	1136.49
	1397.22	0.00	13.74	1132.45
	1397.23	0.00	13.81	1130.42
	1397.24	0.00	13.88	1128.40
	1397.26	0.00	13.96	1126.37
	1397.27	0.00	14.03	1130.35
	1397.28	0.00	14.12	1132.32
	1397.29	0.00	14.23	1135.29
	1397.30	0.00	14.34	1140.27
	1397.31	0.00	14.40	1146.26
	1397.32	0.00	14.56	1147.22
	1397.34	0.00	14.71	1147.17
	1397.35	0.00	14.80	1143.11
	1397.36	0.00	14.89	1143.04
	1397.37	0.00	15.01	1140.98
	1397.38	0.00	15.11	1139.91
	1397.40	0.00	15.20	1123.81
	1397.41	0.00	15.29	1102.79
	1397.42	0.00	15.39	1092.72
	1397.43	0.00	15.50	1074.61
	1397.44	0.00	15.66	1059.59
	1397.45	0.00	15.65	1017.58
	1397.47	0.00	15.65	998.57
	1397.48	0.00	15.66	980.56
	1397.49	0.00	15.66	960.56
	1397.50	0.00	15.66	947.55
	1397.51	0.00	15.65	939.56
	1397.52	0.00	15.65	927.55
	1397.54	0.00	15.60	893.56
	1397.55	0.00	15.55	873.56
	1397.56	0.00	15.56	866.55
	1397.57	0.00	15.50	851.55
	1397.58	0.00	15.38	820.57
	1397.59	0.00	15.21	795.61
	1397.60	0.00	15.19	784.63
	1397.62	0.00	15.12	786.70
	1397.63	0.00	15.12	791.70
	1397.64	0.00	15.11	786.70
	1397.65	0.00	15.10	789.71
	1397.66	0.00	15.10	787.71
	1397.68	0.00	15.05	776.70
	1397.69	0.00	15.08	777.69
	1397.70	0.00	15.08	775.69
	1397.71	0.00	15.08	775.69
	1397.72	0.00	15.08	775.69
	1397.73	0.00	15.07	777.70
	1397.74	0.00	15.07	772.70
	1397.76	0.00	15.08	771.70
	1397.77	0.00	15.05	772.70
	1397.78	0.00	15.03	767.70
	1397.79	0.00	15.05	771.71
	1397.80	0.00	15.06	773.70
	1397.81	0.00	15.08	767.67
	1397.82	0.00	15.06	766.68
	1397.84	0.00	15.08	773.68
	1397.85	0.00	15.08	772.68
	1397.86	0.00	15.07	769.68
	1397.87	0.00	15.09	772.67
	1397.88	0.00	15.09	772.67
	1397.90	0.00	15.11	777.67
	1397.91	0.00	15.11	777.67
	1397.92	0.00	15.12	777.66
	1397.93	0.00	15.12	779.67
	1397.94	0.00	15.06	762.66
	1397.95	0.00	15.05	765.67
	1397.96	0.00	15.08	767.67
	1397.98	0.00	15.08	767.67
	1397.99	0.00	15.08	767.67
	1398.00	0.00	15.09	767.66
	1398.01	0.00	15.10	769.66
	1398.02	0.00	15.08	769.67
	1398.03	0.00	15.08	770.69
	1398.05	0.00	14.99	773.73
	1398.06	0.00	14.86	775.76
	1398.07	0.00	14.48	789.85
	1398.08	0.00	13.06	917.15
	1398.09	0.00	11.78	1046.43
	1398.10	0.00	11.32	1114.64
	1398.11	0.00	11.01	1188.82
	1398.13	0.00	10.92	1250.99
	1398.14	0.00	10.88	1292.10
	1398.15	0.00	10.81	1326.17
	1398.16	0.00	10.85	1375.21
	1398.17	0.00	10.96	1404.23
	1398.18	0.00	11.00	1418.21
	1398.20	0.00	11.05	1427.18
	1398.21	0.00	11.13	1423.13
	1398.22	0.00	11.22	1415.08
	1398.23	0.00	11.40	1401.04
	1398.24	0.00	11.59	1378.97
	1398.25	0.00	11.76	1364.91
	1398.27	0.00	11.94	1344.86
	1398.28	0.00	12.06	1329.81
	1398.29	0.00	12.20	1312.78
	1398.30	0.00	12.32	1290.75
	1398.31	0.00	12.48	1283.71
	1398.32	0.00	12.59	1272.69
	1398.34	0.00	12.74	1256.66
	1398.35	0.00	12.85	1253.64
	1398.36	0.00	12.85	1244.64
	1398.37	0.00	13.15	1229.64
	1398.38	0.00	13.21	1230.64
	1398.39	0.00	13.27	1231.63
	1398.41	0.00	13.29	1234.63
	1398.42	0.00	13.37	1234.61
	1398.43	0.00	13.46	1221.59
	1398.44	0.00	13.59	1218.55
	1398.45	0.00	13.72	1215.51
	1398.46	0.00	13.92	1214.44
	1398.48	0.00	14.13	1210.34
	1398.49	0.00	14.36	1199.24
	1398.50	0.00	14.58	1177.17
	1398.51	0.00	14.80	1164.08
	1398.52	0.00	14.96	1135.97
	1398.54	0.00	15.07	1132.91
	1398.55	0.00	15.18	1121.82
	1398.56	0.00	15.31	1090.75
	1398.57	0.00	15.41	1075.66
	1398.58	0.00	15.45	1064.62
	1398.59	0.00	15.52	1046.59
	1398.60	0.00	15.55	1034.58
	1398.62	0.00	15.63	998.58
	1398.63	0.00	15.71	986.54
	1398.64	0.00	15.68	970.55
	1398.65	0.00	15.67	954.56
	1398.66	0.00	15.66	950.57
	1398.67	0.00	15.63	938.58
	1398.69	0.00	15.63	931.57
	1398.70	0.00	15.60	910.55
	1398.71	0.00	15.55	875.56
	1398.72	0.00	15.49	854.55
	1398.73	0.00	15.37	829.57
	1398.74	0.00	15.26	802.60
	1398.76	0.00	15.20	785.61
	1398.77	0.00	15.11	780.66
	1398.78	0.00	15.09	780.69
	1398.79	0.00	15.00	757.69
	1398.80	0.00	15.02	767.69
	1398.81	0.00	15.05	774.69
	1398.82	0.00	15.05	776.70
	1398.84	0.00	15.05	777.70
	1398.85	0.00	15.05	777.70
	1398.86	0.00	15.04	773.70
	1398.87	0.00	15.04	773.70
	1398.88	0.00	15.04	774.70
	1398.89	0.00	15.03	771.70
	1398.91	0.00	15.03	772.70
	1398.92	0.00	15.03	771.70
	1398.93	0.00	15.00	764.70
	1398.94	0.00	15.02	764.69
	1398.95	0.00	15.03	769.69
	1398.96	0.00	15.03	768.69
	1398.98	0.00	15.03	767.69
	1398.99	0.00	15.02	770.69
	1399.00	0.00	15.06	775.69
	1399.01	0.00	15.06	775.69
	1399.02	0.00	15.06	775.69
	1399.03	0.00	15.05	774.69
	1399.05	0.00	15.05	774.69
	1399.06	0.00	15.05	774.69
	1399.07	0.00	15.05	776.69
	1399.08	0.00	15.04	775.69
	1399.09	0.00	15.03	776.69
	1399.10	0.00	15.03	777.69
	1399.11	0.00	15.03	777.68
	1399.13	0.00	15.04	776.67
	1399.14	0.00	15.03	772.67
	1399.15	0.00	15.03	773.68
	1399.16	0.00	14.97	776.71
	1399.17	0.00	14.92	769.76
	1399.18	0.00	14.64	775.83
	1399.20	0.00	13.45	850.05
	1399.21	0.00	12.02	981.36
	1399.22	0.00	11.19	1113.62
	1399.23	0.00	10.80	1185.82
	1399.24	0.00	10.64	1220.94
	1399.25	0.00	10.59	1272.06
	1399.27	0.00	10.69	1288.13
	1399.28	0.00	10.88	1291.21
	1399.29	0.00	11.03	1336.26
	1399.30	0.00	11.12	1361.26
	1399.31	0.00	11.20	1359.22
	1399.32	0.00	11.33	1371.18
	1399.33	0.00	11.42	1341.13
	1399.35	0.00	11.60	1334.07
	1399.36	0.00	11.83	1322.04
	1399.37	0.00	12.06	1296.95
	1399.38	0.00	12.29	1265.88
	1399.39	0.00	12.55	1240.80
	1399.41	0.00	12.75	1204.74
	1399.42	0.00	12.93	1179.67
	1399.43	0.00	13.25	1138.62
	1399.44	0.00	13.40	1121.56
	1399.45	0.00	13.47	1097.53
	1399.46	0.00	13.61	1096.51
	1399.48	0.00	13.70	1090.47
	1399.49	0.00	13.81	1089.43
	1399.50	0.00	13.90	1086.39
	1399.51	0.00	14.04	1079.34
	1399.52	0.00	14.19	1077.29
	1399.53	0.00	14.33	1076.27
	1399.55	0.00	14.42	1082.23
	1399.56	0.00	14.56	1086.19
	1399.57	0.00	14.65	1091.17
	1399.58	0.00	14.74	1096.13
	1399.59	0.00	14.84	1101.09
	1399.60	0.00	14.96	1096.99
	1399.62	0.00	15.10	1102.89
	1399.63	0.00	15.14	1095.87
	1399.64	0.00	15.24	1085.83
	1399.65	0.00	15.28	1085.79
	1399.66	0.00	15.42	1081.70
	1399.67	0.00	15.49	1074.63
	1399.69	0.00	15.55	1070.60
	1399.70	0.00	15.66	1043.60
	1399.71	0.00	15.69	1038.59
	1399.72	0.00	15.68	1020.59
	1399.73	0.00	15.74	1015.57
	1399.74	0.00	15.69	1001.58
	1399.76	0.00	15.71	993.57
	1399.77	0.00	15.71	985.58
	1399.78	0.00	15.93	996.57
	1399.79	0.00	15.94	995.58
	1399.80	0.00	15.95	988.57
	1399.81	0.00	15.95	985.58
	1399.82	0.00	15.94	961.57
	1399.84	0.00	15.96	957.55
	1399.85	0.00	15.74	924.55
	1399.86	0.00	15.69	904.54
	1399.87	0.00	15.53	864.56
	1399.88	0.00	15.41	829.56
	1399.90	0.00	15.29	796.58
	1399.91	0.00	15.22	785.60
	1399.92	0.00	15.19	784.62
	1399.93	0.00	15.12	767.63
	1399.94	0.00	15.16	775.63
	1399.95	0.00	15.18	784.64
	1399.96	0.00	15.19	787.64
	1399.98	0.00	15.19	786.64
	1399.99	0.00	15.19	787.64
	1400.00	0.00	15.19	785.64
	1400.01	0.00	15.19	787.64
	1400.02	0.00	15.18	787.65
	1400.03	0.00	15.17	785.65
	1400.05	0.00	15.17	785.65
	1400.06	0.00	15.18	787.65
	1400.07	0.00	15.16	782.65
	1400.08	0.00	15.16	782.65
	1400.09	0.00	15.17	784.65
	1400.10	0.00	15.14	781.65
	1400.12	0.00	15.15	780.65
	1400.13	0.00	15.13	782.66
	1400.14	0.00	15.12	781.66
	1400.15	0.00	15.13	782.66
	1400.16	0.00	15.15	775.64
	1400.17	0.00	15.16	781.65
	1400.19	0.00	15.18	782.65
	1400.20	0.00	15.16	786.65
	1400.21	0.00	15.17	786.64
	1400.22	0.00	15.17	789.65
	1400.23	0.00	15.17	788.65
	1400.24	0.00	15.17	788.65
	1400.26	0.00	15.16	790.65
	1400.27	0.00	15.17	789.65
	1400.28	0.00	15.15	790.65
	1400.29	0.00	15.16	784.62
	1400.30	0.00	15.17	782.62
	1400.31	0.00	15.15	785.63
	1400.32	0.00	15.16	788.63
	1400.34	0.00	15.14	786.64
	1400.35	0.00	15.16	787.63
	1400.36	0.00	15.14	785.64
	1400.37	0.00	15.15	784.64
	1400.38	0.00	15.15	785.64
	1400.39	0.00	15.15	781.63
	1400.41	0.00	15.15	785.63
	1400.42	0.00	15.14	785.64
	1400.43	0.00	15.07	789.69
	1400.44	0.00	14.52	806.85
	1400.45	0.00	12.35	973.22
	1400.46	0.00	10.63	1189.65
	1400.47	0.00	9.95	1287.01
	1400.49	0.00	9.89	1351.19
	1400.50	0.00	9.86	1380.25
	1400.51	0.00	9.97	1365.28
	1400.52	0.00	10.11	1380.32
	1400.53	0.00	10.24	1396.41
	1400.55	0.00	10.32	1405.45
	1400.56	0.00	10.32	1441.51
	1400.57	0.00	10.52	1485.50
	1400.58	0.00	10.72	1495.44
	1400.59	0.00	10.93	1496.33
	1400.60	0.00	11.10	1473.26
	1400.61	0.00	11.25	1450.17
	1400.63	0.00	11.51	1419.08
	1400.64	0.00	11.74	1383.99
	1400.65	0.00	11.98	1343.90
	1400.66	0.00	12.23	1305.82
	1400.67	0.00	12.50	1265.75
	1400.69	0.00	12.69	1241.67
	1400.70	0.00	13.15	1194.61
	1400.71	0.00	13.36	1185.55
	1400.72	0.00	13.52	1174.48
	1400.73	0.00	13.68	1160.42
	1400.74	0.00	13.82	1151.37
	1400.76	0.00	14.00	1140.27
	1400.77	0.00	14.09	1133.26
	1400.78	0.00	14.17	1139.24
	1400.79	0.00	14.25	1137.22
	1400.80	0.00	14.36	1136.18
	1400.81	0.00	14.39	1133.17
	1400.82	0.00	14.45	1140.15
	1400.84	0.00	14.44	1130.15
	1400.85	0.00	14.45	1129.15
	1400.86	0.00	14.46	1129.15
	1400.87	0.00	14.49	1133.15
	1400.88	0.00	14.61	1129.12
	1400.90	0.00	14.70	1119.12
	1400.91	0.00	14.76	1123.08
	1400.92	0.00	14.83	1116.07
	1400.93	0.00	14.97	1126.00
	1400.94	0.00	15.08	1124.92
	1400.95	0.00	15.18	1131.85
	1400.96	0.00	15.42	1128.65
	1400.98	0.00	15.56	1114.60
	1400.99	0.00	15.62	1108.60
	1401.00	0.00	15.74	1075.58
	1401.01	0.00	15.73	1064.59
	1401.02	0.00	15.76	1050.58
	1401.04	0.00	15.97	1063.58
	1401.05	0.00	16.01	1055.57
	1401.06	0.00	16.03	1044.57
	1401.07	0.00	16.00	1026.58
	1401.08	0.00	16.07	1033.57
	1401.09	0.00	16.03	1016.56
	1401.10	0.00	16.04	1015.55
	1401.12	0.00	15.99	986.55
	1401.13	0.00	15.81	960.54
	1401.14	0.00	15.66	926.57
	1401.15	0.00	15.55	881.56
	1401.16	0.00	15.35	828.57
	1401.18	0.00	15.21	793.60
	1401.19	0.00	15.12	777.65
	1401.20	0.00	15.06	786.69
	1401.21	0.00	15.05	777.69
	1401.22	0.00	15.11	792.69
	1401.23	0.00	15.16	793.67
	1401.24	0.00	15.11	793.70
	1401.26	0.00	15.10	789.70
	1401.27	0.00	15.09	787.70
	1401.28	0.00	15.06	787.71
	1401.29	0.00	15.05	780.70
	1401.30	0.00	15.07	783.70
	1401.31	0.00	15.06	783.70
	1401.33	0.00	15.05	777.70
	1401.34	0.00	15.06	780.70
	1401.35	0.00	15.06	782.71
	1401.36	0.00	15.07	786.71
	1401.37	0.00	15.06	782.71
	1401.38	0.00	15.04	779.71
	1401.40	0.00	15.04	779.71
	1401.41	0.00	15.05	781.71
	1401.42	0.00	15.03	776.71
	1401.43	0.00	15.04	779.71
	1401.44	0.00	15.04	774.69
	1401.45	0.00	15.03	773.68
	1401.46	0.00	15.03	776.69
	1401.48	0.00	15.01	785.68
	1401.49	0.00	15.00	786.69
	1401.50	0.00	15.00	786.69
	1401.51	0.00	15.03	789.68
	1401.52	0.00	15.02	790.68
	1401.53	0.00	15.03	789.68
	1401.55	0.00	15.02	787.68
	1401.56	0.00	14.96	771.68
	1401.57	0.00	15.04	788.67
	1401.58	0.00	14.96	767.67
	1401.59	0.00	14.96	770.68
	1401.60	0.00	14.95	772.69
	1401.61	0.00	14.97	772.68
	1401.63	0.00	14.94	768.69
	1401.64	0.00	14.98	778.69
	1401.65	0.00	14.99	778.68
	1401.66	0.00	15.01	784.68
	1401.67	0.00	15.01	779.68
	1401.68	0.00	15.01	780.68
	1401.70	0.00	15.02	783.68
	1401.71	0.00	14.85	784.77
	1401.72	0.00	14.40	803.87
	1401.73	0.00	12.27	964.26
	1401.74	0.00	10.92	1120.63
	1401.75	0.00	10.38	1195.93
	1401.77	0.00	10.29	1233.09
	1401.78	0.00	10.22	1286.24
	1401.79	0.00	10.17	1303.33
	1401.80	0.00	10.28	1298.35
	1401.81	0.00	10.40	1328.45
	1401.82	0.00	10.46	1336.49
	1401.84	0.00	10.51	1356.54
	1401.85	0.00	10.58	1379.55
	1401.86	0.00	10.69	1389.52
	1401.87	0.00	10.72	1397.51
	1401.88	0.00	10.76	1395.52
	1401.89	0.00	10.86	1384.45
	1401.91	0.00	10.99	1357.39
	1401.92	0.00	11.17	1330.31
	1401.93	0.00	11.42	1299.21
	1401.94	0.00	11.73	1263.10
	1401.95	0.00	11.97	1240.00
	1401.96	0.00	12.32	1219.90
	1401.98	0.00	12.64	1200.83
	1401.99	0.00	12.91	1190.73
	1402.00	0.00	13.36	1157.65
	1402.01	0.00	13.54	1156.56
	1402.02	0.00	13.75	1144.47
	1402.04	0.00	13.95	1128.38
	1402.05	0.00	14.13	1121.31
	1402.06	0.00	14.26	1109.26
	1402.07	0.00	14.32	1111.25
	1402.08	0.00	14.42	1111.21
	1402.09	0.00	14.54	1110.18
	1402.10	0.00	14.60	1104.18
	1402.12	0.00	14.63	1097.17
	1402.13	0.00	14.62	1092.17
	1402.14	0.00	14.65	1081.17
	1402.15	0.00	14.66	1078.17
	1402.16	0.00	14.64	1074.17
	1402.17	0.00	14.63	1068.17
	1402.19	0.00	14.72	1100.17
	1402.20	0.00	14.83	1110.12
	1402.21	0.00	14.97	1120.04
	1402.22	0.00	15.21	1110.89
	1402.23	0.00	15.38	1119.76
	1402.25	0.00	15.54	1116.65
	1402.26	0.00	15.68	1083.63
	1402.27	0.00	15.69	1061.62
	1402.28	0.00	15.92	1068.59
	1402.29	0.00	15.98	1047.57
	1402.30	0.00	16.03	1031.57
	1402.31	0.00	16.01	1014.58
	1402.33	0.00	16.01	1004.59
	1402.34	0.00	16.04	995.58
	1402.35	0.00	15.99	984.59
	1402.36	0.00	16.00	959.58
	1402.37	0.00	15.93	945.57
	1402.38	0.00	15.91	930.55
	1402.40	0.00	15.79	895.56
	1402.41	0.00	15.38	839.59
	1402.42	0.00	15.22	805.61
	1402.43	0.00	15.10	789.67
	1402.44	0.00	15.02	785.73
	1402.45	0.00	14.93	764.73
	1402.47	0.00	14.97	773.73
	1402.48	0.00	15.03	787.74
	1402.49	0.00	15.05	791.74
	1402.50	0.00	15.06	793.74
	1402.51	0.00	15.06	793.74
	1402.52	0.00	15.04	790.75
	1402.54	0.00	15.07	792.73
	1402.55	0.00	15.07	793.73
	1402.56	0.00	15.07	793.73
	1402.57	0.00	15.08	794.73
	1402.58	0.00	15.08	792.73
	1402.59	0.00	15.08	791.73
	1402.60	0.00	15.08	792.73
	1402.62	0.00	15.09	790.73
	1402.63	0.00	15.09	790.73
	1402.64	0.00	15.06	789.74
	1402.65	0.00	15.05	790.74
	1402.66	0.00	15.04	789.74
	1402.67	0.00	15.05	792.74
	1402.69	0.00	15.05	792.74
	1402.70	0.00	15.03	794.74
	1402.71	0.00	15.03	799.74
	1402.72	0.00	15.02	796.74
	1402.73	0.00	15.03	791.71
	1402.74	0.00	15.06	795.70
	1402.76	0.00	15.05	796.71
	1402.77	0.00	15.05	797.71
	1402.78	0.00	15.06	796.71
	1402.79	0.00	15.08	796.70
	1402.80	0.00	15.05	793.70
	1402.81	0.00	15.07	798.71
	1402.82	0.00	15.07	798.71
	1402.84	0.00	15.07	801.71
	1402.85	0.00	15.04	797.72
	1402.86	0.00	15.05	804.72
	1402.87	0.00	15.06	803.71
	1402.88	0.00	15.07	802.70
	1402.89	0.00	15.07	803.70
	1402.91	0.00	15.06	803.71
	1402.92	0.00	14.98	800.75
	1402.93	0.00	14.52	819.92
	1402.94	0.00	12.07	993.50
	1402.95	0.00	10.30	1231.05
	1402.96	0.00	9.67	1370.39
	1402.98	0.00	9.68	1430.47
	1402.99	0.00	9.73	1448.49
	1403.00	0.00	9.88	1483.50
	1403.01	0.00	10.04	1489.50
	1403.02	0.00	10.26	1500.53
	1403.03	0.00	10.44	1523.56
	1403.05	0.00	10.58	1539.50
	1403.06	0.00	10.73	1541.43
	1403.07	0.00	10.88	1529.42
	1403.08	0.00	10.98	1524.39
	1403.09	0.00	11.04	1508.35
	1403.10	0.00	11.11	1479.30
	1403.11	0.00	11.24	1443.23
	1403.13	0.00	11.38	1408.17
	1403.14	0.00	11.56	1363.08
	1403.15	0.00	11.82	1313.03
	1403.16	0.00	12.04	1278.95
	1403.17	0.00	12.30	1236.92
	1403.19	0.00	12.43	1226.87
	1403.20	0.00	12.63	1208.82
	1403.21	0.00	12.79	1200.78
	1403.22	0.00	13.06	1180.71
	1403.23	0.00	13.41	1157.66
	1403.24	0.00	13.58	1146.57
	1403.26	0.00	13.78	1152.49
	1403.27	0.00	13.96	1145.40
	1403.28	0.00	14.14	1149.33
	1403.29	0.00	14.31	1150.25
	1403.30	0.00	14.45	1146.21
	1403.31	0.00	14.56	1142.17
	1403.32	0.00	14.73	1137.12
	1403.34	0.00	14.79	1134.08
	1403.35	0.00	14.87	1128.04
	1403.36	0.00	14.89	1122.02
	1403.37	0.00	14.93	1118.01
	1403.38	0.00	14.99	1116.96
	1403.40	0.00	15.02	1123.96
	1403.41	0.00	15.10	1124.90
	1403.42	0.00	15.35	1108.72
	1403.43	0.00	15.45	1113.66
	1403.44	0.00	15.51	1111.63
	1403.45	0.00	15.59	1102.60
	1403.46	0.00	15.61	1087.59
	1403.48	0.00	15.95	1078.58
	1403.49	0.00	16.01	1064.58
	1403.50	0.00	16.06	1062.60
	1403.51	0.00	16.10	1046.59
	1403.52	0.00	16.12	1037.59
	1403.54	0.00	16.12	1022.60
	1403.55	0.00	16.16	1030.60
	1403.56	0.00	16.14	1016.61
	1403.57	0.00	16.09	1003.61
	1403.58	0.00	16.11	976.57
	1403.59	0.00	16.06	966.56
	1403.61	0.00	16.03	952.55
	1403.62	0.00	15.84	905.56
	1403.63	0.00	15.34	839.61
	1403.64	0.00	15.22	803.61
	1403.65	0.00	15.12	783.65
	1403.66	0.00	15.09	782.68
	1403.68	0.00	15.01	757.68
	1403.69	0.00	15.05	772.68
	1403.70	0.00	15.08	779.68
	1403.71	0.00	15.08	781.69
	1403.72	0.00	15.08	785.69
	1403.73	0.00	15.08	786.69
	1403.75	0.00	15.08	785.70
	1403.76	0.00	15.09	783.69
	1403.77	0.00	15.08	785.70
	1403.78	0.00	15.09	787.70
	1403.79	0.00	15.07	783.70
	1403.80	0.00	15.08	786.70
	1403.81	0.00	15.07	786.71
	1403.83	0.00	15.07	791.71
	1403.84	0.00	15.08	789.71
	1403.85	0.00	15.08	788.71
	1403.86	0.00	15.06	790.72
	1403.87	0.00	15.09	794.71
	1403.88	0.00	15.09	795.70
	1403.90	0.00	15.06	796.70
	1403.91	0.00	15.08	791.66
	1403.92	0.00	15.08	795.67
	1403.93	0.00	15.05	796.67
	1403.94	0.00	15.06	797.68
	1403.95	0.00	15.05	796.68
	1403.96	0.00	15.05	796.68
	1403.98	0.00	15.04	794.68
	1403.99	0.00	15.05	795.68
	1404.00	0.00	15.04	794.68
	1404.01	0.00	15.05	794.68
	1404.02	0.00	14.99	779.68
	1404.04	0.00	14.99	782.69
	1404.05	0.00	14.99	785.70
	1404.06	0.00	14.99	786.70
	1404.07	0.00	14.98	788.70
	1404.08	0.00	15.04	792.68
	1404.09	0.00	15.06	790.67
	1404.10	0.00	15.07	791.67
	1404.11	0.00	15.06	790.67
	1404.13	0.00	15.04	791.68
	1404.14	0.00	14.96	765.67
	1404.15	0.00	14.76	759.77
	1404.16	0.00	14.21	798.98
	1404.17	0.00	12.00	994.50
	1404.19	0.00	11.03	1107.79
	1404.20	0.00	10.77	1161.96
	1404.21	0.00	10.74	1177.04
	1404.22	0.00	10.69	1187.12
	1404.23	0.00	10.85	1204.20
	1404.24	0.00	10.81	1217.32
	1404.26	0.00	10.87	1245.43
	1404.27	0.00	10.92	1272.50
	1404.28	0.00	11.02	1305.52
	1404.29	0.00	11.08	1324.53
	1404.30	0.00	11.07	1334.52
	1404.31	0.00	11.10	1343.51
	1404.32	0.00	11.18	1342.47
	1404.34	0.00	11.30	1330.39
	1404.35	0.00	11.51	1305.27
	1404.36	0.00	11.73	1301.17
	1404.37	0.00	11.96	1272.09
	1404.38	0.00	12.19	1240.97
	1404.40	0.00	12.47	1216.91
	1404.41	0.00	12.73	1193.83
	1404.42	0.00	12.90	1180.78
	1404.43	0.00	13.25	1150.72
	1404.44	0.00	13.36	1142.66
	1404.45	0.00	13.50	1126.61
	1404.46	0.00	13.65	1108.57
	1404.48	0.00	13.72	1103.54
	1404.49	0.00	13.81	1087.49
	1404.50	0.00	13.93	1076.46
	1404.51	0.00	14.05	1056.38
	1404.52	0.00	14.18	1060.36
	1404.53	0.00	14.28	1051.33
	1404.55	0.00	14.32	1050.32
	1404.56	0.00	14.35	1050.32
	1404.57	0.00	14.41	1050.30
	1404.58	0.00	14.46	1046.28
	1404.59	0.00	14.49	1041.26
	1404.60	0.00	14.60	1030.23
	1404.62	0.00	14.68	1034.20
	1404.63	0.00	14.76	1050.16
	1404.64	0.00	14.92	1057.04
	1404.65	0.00	15.08	1064.93
	1404.66	0.00	15.22	1070.84
	1404.68	0.00	15.28	1054.77
	1404.69	0.00	15.43	1056.68
	1404.70	0.00	15.69	1063.64
	1404.71	0.00	15.86	1041.63
	1404.72	0.00	15.94	1028.62
	1404.73	0.00	16.00	1021.60
	1404.74	0.00	16.01	1005.60
	1404.76	0.00	16.02	1003.61
	1404.77	0.00	16.02	990.60
	1404.78	0.00	15.93	971.62
	1404.79	0.00	15.85	960.62
	1404.80	0.00	15.80	940.63
	1404.81	0.00	15.71	899.61
	1404.83	0.00	15.73	891.58
	1404.84	0.00	15.60	866.62
	1404.85	0.00	15.21	813.64
	1404.86	0.00	15.10	792.69
	1404.87	0.00	15.02	792.73
	1404.88	0.00	15.04	792.75
	1404.90	0.00	15.04	791.75
	1404.91	0.00	15.07	795.74
	1404.92	0.00	15.10	799.73
	1404.93	0.00	15.09	801.74
	1404.94	0.00	15.07	794.74
	1404.95	0.00	15.08	798.74
	1404.96	0.00	15.07	796.74
	1404.98	0.00	15.07	796.74
	1404.99	0.00	15.05	794.75
	1405.00	0.00	15.05	794.75
	1405.01	0.00	15.05	794.75
	1405.02	0.00	15.05	786.73
	1405.04	0.00	15.04	784.73
	1405.05	0.00	15.06	789.73
	1405.06	0.00	15.05	785.73
	1405.07	0.00	15.04	788.73
	1405.08	0.00	15.07	792.73
	1405.09	0.00	15.05	798.75
	1405.10	0.00	15.03	798.75
	1405.12	0.00	15.01	799.76
	1405.13	0.00	15.01	801.76
	1405.14	0.00	15.00	803.76
	1405.15	0.00	15.00	807.76
	1405.16	0.00	15.01	807.75
	1405.17	0.00	15.04	812.74
	1405.19	0.00	15.03	813.75
	1405.20	0.00	15.04	812.74
	1405.21	0.00	15.01	821.74
	1405.22	0.00	15.00	818.74
	1405.23	0.00	14.99	801.74
	1405.24	0.00	14.99	801.74
	1405.26	0.00	14.99	803.74
	1405.27	0.00	14.99	805.75
	1405.28	0.00	15.03	806.74
	1405.29	0.00	15.01	807.75
	1405.30	0.00	15.02	811.75
	1405.31	0.00	15.01	807.75
	1405.32	0.00	14.94	786.75
	1405.34	0.00	14.96	790.74
	1405.35	0.00	14.93	785.75
	1405.36	0.00	14.96	789.74
	1405.37	0.00	14.98	799.75
	1405.38	0.00	14.96	805.77
	1405.39	0.00	14.74	800.89
	1405.41	0.00	13.02	908.33
	1405.42	0.00	11.02	1129.81
	1405.43	0.00	10.21	1265.18
	1405.44	0.00	10.02	1307.39
	1405.45	0.00	10.04	1346.45
	1405.46	0.00	10.09	1355.50
	1405.47	0.00	10.26	1339.49
	1405.49	0.00	10.49	1348.46
	1405.50	0.00	10.66	1344.46
	1405.51	0.00	10.96	1351.43
	1405.52	0.00	11.34	1392.34
	1405.53	0.00	11.78	1394.25
	1405.55	0.00	12.08	1384.17
	1405.56	0.00	12.26	1367.11
	1405.57	0.00	12.47	1343.06
	1405.58	0.00	12.69	1322.99
	1405.59	0.00	13.06	1286.90
	1405.60	0.00	13.26	1267.79
	1405.62	0.00	13.43	1255.71
	1405.63	0.00	13.59	1242.64
	1405.64	0.00	13.69	1227.58
	1405.65	0.00	13.88	1203.53
	1405.66	0.00	14.05	1184.43
	1405.67	0.00	14.14	1162.36
	1405.69	0.00	14.33	1154.32
	1405.70	0.00	14.47	1128.26
	1405.71	0.00	14.59	1120.21
	1405.72	0.00	14.64	1109.19
	1405.73	0.00	14.69	1099.16
	1405.74	0.00	14.72	1094.13
	1405.76	0.00	14.74	1086.11
	1405.77	0.00	14.76	1082.10
	1405.78	0.00	14.76	1079.10
	1405.79	0.00	14.75	1078.11
	1405.80	0.00	14.74	1078.11
	1405.81	0.00	14.73	1080.10
	1405.83	0.00	14.74	1083.10
	1405.84	0.00	14.76	1083.09
	1405.85	0.00	14.77	1086.08
	1405.86	0.00	14.84	1087.06
	1405.87	0.00	14.88	1087.05
	1405.88	0.00	14.95	1064.02
	1405.90	0.00	15.03	1072.99
	1405.91	0.00	15.11	1076.93
	1405.92	0.00	15.26	1068.89
	1405.93	0.00	15.32	1057.83
	1405.94	0.00	15.40	1052.76
	1405.95	0.00	15.45	1047.72
	1405.96	0.00	15.52	1034.66
	1405.98	0.00	15.54	1013.65
	1405.99	0.00	15.79	1014.61
	1406.00	0.00	15.82	1005.60
	1406.01	0.00	15.90	1000.59
	1406.02	0.00	15.89	985.63
	1406.04	0.00	16.01	984.59
	1406.05	0.00	16.00	978.60
	1406.06	0.00	15.98	969.61
	1406.07	0.00	15.91	955.61
	1406.08	0.00	15.88	952.62
	1406.09	0.00	15.85	912.60
	1406.10	0.00	15.83	900.59
	1406.12	0.00	15.91	926.59
	1406.13	0.00	15.68	859.60
	1406.14	0.00	15.15	798.67
	1406.15	0.00	15.07	793.73
	1406.16	0.00	15.01	798.80
	1406.18	0.00	15.00	796.80
	1406.19	0.00	15.04	802.79
	1406.20	0.00	15.00	797.81
	1406.21	0.00	15.00	798.81
	1406.22	0.00	14.98	795.81
	1406.23	0.00	14.97	792.81
	1406.24	0.00	14.97	790.81
	1406.26	0.00	14.96	789.81
	1406.27	0.00	14.95	789.82
	1406.28	0.00	14.93	785.82
	1406.29	0.00	14.94	781.80
	1406.30	0.00	14.96	783.79
	1406.31	0.00	14.95	784.80
	1406.32	0.00	14.95	784.80
	1406.34	0.00	14.95	783.80
	1406.35	0.00	14.95	784.80
	1406.36	0.00	14.95	784.80
	1406.37	0.00	14.96	782.79
	1406.38	0.00	14.94	784.79
	1406.40	0.00	14.93	787.79
	1406.41	0.00	14.92	785.78
	1406.42	0.00	14.93	784.77
	1406.43	0.00	14.97	806.76
	1406.44	0.00	14.93	787.77
	1406.45	0.00	14.92	786.77
	1406.46	0.00	14.92	786.77
	1406.48	0.00	14.92	788.77
	1406.49	0.00	14.92	788.77
	1406.50	0.00	14.92	790.77
	1406.51	0.00	14.91	783.75
	1406.52	0.00	14.90	780.75
	1406.53	0.00	14.92	782.75
	1406.55	0.00	14.90	784.76
	1406.56	0.00	14.89	786.77
	1406.57	0.00	14.90	791.77
	1406.58	0.00	14.90	788.77
	1406.59	0.00	14.93	810.77
	1406.60	0.00	14.91	790.78
	1406.61	0.00	14.90	811.78
	1406.63	0.00	14.96	816.76
	1406.64	0.00	15.00	826.75
	1406.65	0.00	14.97	850.79
	1406.66	0.00	14.77	890.90
	1406.67	0.00	14.28	944.15
	1406.69	0.00	14.06	991.26
	1406.70	0.00	14.06	997.29
	1406.71	0.00	14.13	1008.30
	1406.72	0.00	14.11	1003.30
	1406.73	0.00	14.12	1001.28
	1406.74	0.00	14.14	1007.28
	1406.75	0.00	14.14	1012.29
	1406.77	0.00	14.13	1032.29
	1406.78	0.00	14.15	1014.28
	1406.79	0.00	14.06	1027.30
	1406.80	0.00	14.08	1038.31
	1406.81	0.00	14.01	1031.31
	1406.82	0.00	14.02	1041.32
	1406.83	0.00	14.03	1049.33
	1406.85	0.00	14.04	1058.33
	1406.86	0.00	14.03	1064.33
	1406.87	0.00	14.04	1069.33
	1406.88	0.00	13.99	1060.33
	1406.89	0.00	14.00	1065.34
	1406.91	0.00	14.00	1073.35
	1406.92	0.00	14.01	1074.35
	1406.93	0.00	14.01	1076.35
	1406.94	0.00	14.01	1080.35
	1406.95	0.00	14.01	1086.35
	1406.96	0.00	14.00	1084.33
	1406.98	0.00	14.02	1095.33
	1406.99	0.00	14.03	1099.33
	1407.00	0.00	14.04	1102.33
	1407.01	0.00	14.07.66	0.00	14.07	1066.33
	1407.67	0.00	14.08	1062.33
	1407.69	0.00	14.10	1065.33
	1407.70	0.00	14.09	1063.33
	1407.71	0.00	14.10	1060.34
	1407.72	0.00	14.11	1064.33
	1407.73	0.00	14.13	1060.33
	1407.75	0.00	14.13	1059.33
	1407.76	0.00	14.11	1057.34
	1407.77	0.00	14.08	1042.32
	1407.78	0.00	14.11	1050.33
	1407.79	0.00	14.12	1050.33
	1407.80	0.00	14.10	1044.34
	1407.81	0.00	14.11	1045.34
	1407.82	0.00	14.12	1027.35
	1407.84	0.00	14.09	1017.34
	1407.85	0.00	14.09	1022.35
	1407.86	0.00	14.09	1022.35
	1407.87	0.00	14.09	1022.36
	1407.88	0.00	14.10	1041.36
	1407.90	0.00	14.09	1022.36
	1407.91	0.00	14.09	1022.36
	1407.92	0.00	14.09	1022.36
	1407.93	0.00	14.09	1021.36
	1407.94	0.00	14.07	1016.36
	1407.95	0.00	14.09	1018.34
	1407.97	0.00	14.10	1021.34
	1407.98	0.00	14.10	1022.35
	1407.99	0.00	14.10	1022.35
	1408.00	0.00	14.10	1022.35
	1408.01	0.00	14.08	1022.36
	1408.02	0.00	14.10	1024.34
	1408.04	0.00	14.08	1030.36
	1408.05	0.00	14.07	1024.36
	1408.06	0.00	14.03	1043.36
	1408.07	0.00	14.05	1044.36
	1408.08	0.00	14.04	1044.37
	1408.09	0.00	14.04	1048.37
	1408.10	0.00	14.04	1046.37
	1408.12	0.00	14.03	1044.37
	1408.13	0.00	14.01	1036.37
	1408.14	0.00	14.02	1043.37
	1408.15	0.00	14.02	1044.37
	1408.16	0.00	14.03	1045.37
	1408.18	0.00	14.03	1045.37
	1408.19	0.00	14.04	1045.36
	1408.20	0.00	14.05	1044.37
	1408.21	0.00	14.04	1044.37
	1408.22	0.00	14.02	1043.37
	1408.23	0.00	14.04	1046.36
	1408.25	0.00	14.05	1044.34
	1408.26	0.00	14.06	1046.35
	1408.27	0.00	14.04	1047.36
	1408.28	0.00	14.03	1046.36
	1408.29	0.00	14.04	1049.36
	1408.30	0.00	14.037
	1414.69	0.00	14.06	1099.37
	1414.70	0.00	14.05	1098.37
	1414.71	0.00	14.06	1098.36
	1414.72	0.00	14.06	1097.37
	1414.73	0.00	14.07	1098.38
	1414.75	0.00	14.06	1097.38
	1414.76	0.00	14.06	1098.39
	1414.77	0.00	14.05	1099.39
	1414.78	0.00	14.03	1082.35
	1414.79	0.00	14.09	1098.35
	1414.81	0.00	14.09	1102.35
	1414.82	0.00	14.10	1100.35
	1414.83	0.00	14.09	1100.36
	1414.84	0.00	14.08	1099.36
	1414.85	0.00	14.08	1100.36
	1414.86	0.00	14.07	1099.36
	1414.88	0.00	14.10	1096.32
	1414.89	0.00	14.11	1095.32
	1414.90	0.00	14.10	1097.33
	1414.91	0.00	14.10	1098.34
	1414.92	0.00	14.10	1095.35
	1414.93	0.00	14.10	1096.35
	1414.94	0.00	14.11	1095.35
	1414.96	0.00	14.08	1082.33
	1414.97	0.00	14.10	1084.34
	1414.98	0.00	14.12	1085.34
	1414.99	0.00	14.12	1086.34
	1415.00	0.00	14.14	1084.34
	1415.02	0.00	14.13	1084.34
	1415.03	0.00	14.13	1082.34
	1415.04	0.00	14.11	1066.33
	1415.05	0.00	14.13	1073.33
	1415.06	0.00	14.17	1076.33
	1415.07	0.00	14.16	1075.34
	1415.08	0.00	14.17	1075.34
	1415.10	0.00	14.16	1073.34
	1415.11	0.00	14.15	1065.33
	1415.12	0.00	14.16	1067.34
	1415.13	0.00	14.17	1070.34
	1415.14	0.00	14.19	1070.33
	1415.15	0.00	14.19	1070.33
	1415.17	0.00	14.17	1062.32
	1415.18	0.00	14.22	1065.30
	1415.19	0.00	14.24	1069.29
	1415.20	0.00	14.25	1070.28
	1415.21	0.00	14.29	1066.27
	1415.22	0.00	14.33	1070.25
	1415.24	0.00	14.33	1066.25
	1415.25	0.00	14.36	1066.24
	1415.26	0.00	14.42	1068.22
	1415.27	0.00	14.50	1064.20
	1415.28	0.00	14.51	1063.19
	1415.29	0.00	14.52	1064.18
	1415.31	0.00	14.50	1053.18
	1415.32	0.00	14.53	1058.16
	1415.33	0.0.00	14.57	1064.13
	1415.44	0.00	14.55	1069.15
	1415.45	0.00	14.52	1068.15
	1415.46	0.00	14.53	1069.16
	1415.47	0.00	14.52	1068.17
	1415.48	0.00	14.52	1068.17
	1415.49	0.00	14.50	1061.17
	1415.50	0.00	14.52	1070.17
	1415.52	0.00	14.51	1063.15
	1415.53	0.00	14.55	1071.14
	1415.54	0.00	14.54	1070.15
	1415.55	0.00	14.54	1070.15
	1415.56	0.00	14.54	1069.15
	1415.57	0.00	14.53	1065.14
	1415.59	0.00	14.55	1063.12
	1415.60	0.00	14.49	1054.14
	1415.61	0.00	14.52	1062.15
	1415.62	0.00	14.51	1062.15
	1415.63	0.00	14.49	1064.16
	1415.65	0.00	14.47	1052.15
	1415.66	0.00	14.47	1058.15
	1415.67	0.00	14.46	1059.16
	1415.68	0.00	14.47	1058.16
	1415.69	0.00	14.46	1062.17
	1415.70	0.00	14.44	1066.17
	1415.71	0.00	14.41	1052.16
	1415.73	0.00	14.43	1057.16
	1415.74	0.00	14.43	1067.17
	1415.75	0.00	14.45	1065.17
	1415.76	0.00	14.44	1069.17
	1415.77	0.00	14.43	1070.18
	1415.78	0.00	14.39	1059.17
	1415.80	0.00	14.42	1067.18
	1415.81	0.00	14.43	1072.19
	1415.82	0.00	14.41	1067.20
	1415.83	0.00	14.43	1072.19
	1415.84	0.00	14.43	1076.19
	1415.85	0.00	14.44	1069.16
	1415.87	0.00	14.45	1078.17
	1415.88	0.00	14.46	1078.17
	1415.89	0.00	14.46	1079.17
	1415.90	0.00	14.44	1079.17
	1415.91	0.00	14.44	1081.18
	1415.92	0.00	14.44	1077.17
	1415.94	0.00	14.44	1080.17
	1415.95	0.00	14.43	1082.18
	1415.96	0.00	14.44	1083.18
	1415.97	0.00	14.43	1081.18
	1415.98	0.00	14.44	1085.18
	1415.99	0.00	14.42	1077.18
	1416.01	0.00	14.42	1078.18
	1416.02	0.00	14.44	1080.18
	1416.03	0.00	14.43	1081.18
	1416.04	0.00	14.45	1081.17
	1416.05	0.00	14.48	1077.14
	1416.06	0.00	14.46	1078.15
	1416.08	0.00	14.46	1071.17
	1416.09	0.00	14.47	1076.16
	1416.10	0.00	14.45	1075.17
	1416.11	0.00	14.45	1071.17
	1416.12	0.00	14.45	1070.16
	1416.13	0.00	14.43	1069.18
	1416.15	0.00	14.45	1071.18
	1416.16	0.00	14.44	1069.19
	1416.17	0.00	14.44	1069.19
	1416.18	0.00	14.42	1059.18
	1416.19	0.00	14.48	1064.16
	1416.20	0.00	14.48	1068.16
	1416.22	0.00	14.49	1068.16
	1416.23	0.00	14.48	1067.17
	1416.24	0.00	14.48	1068.17
	1416.25	0.00	14.49	1064.14
	1416.26	0.00	14.55	1081.13
	1416.27	0.00	14.48	1063.15
	1416.29	0.00	14.48	1062.17
	1416.30	0.00	14.48	1059.16
	1416.31	0.00	14.47	1063.17
	1416.32	0.00	14.46	1050.15
	1416.33	0.00	14.46	1054.16
	1416.34	0.00	14.48	1057.15
	1416.36	0.00	14.50	1059.16
	1416.37	0.00	14.48	1057.16
	1416.38	0.00	14.47	1053.17
	1416.39	0.00	14.45	1041.16
	1416.40	0.00	14.47	1048.16
	1416.41	0.00	14.48	1054.16
	1416.43	0.00	14.49	1054.16
	1416.44	0.00	14.50	1055.16
	1416.45	0.00	14.50	1056.16
	1416.46	0.00	14.47	1045.15
	1416.47	0.00	14.47	1051.17
	1416.48	0.00	14.49	1056.17
	1416.50	0.00	14.51	1054.17
	1416.51	0.00	14.53	1054.16
	1416.52	0.00	14.57	1054.15
	1416.53	0.00	14.59	1048.13
	1416.54	0.00	14.62	1048.12
	1416.55	0.00	14.65	1049.11
	1416.56	0.00	14.65	1044.11
	1416.58	0.00	14.67	1045.10
	1416.59	0.00	14.68	1046.10
	1416.60	0.00	14.68	1048.10
	1416.61	0.00	14.69	1046.10
	1416.62	0.0