0.00	5.64	435.00
	1255.23	0.00	5.63	435.00
	1255.25	0.00	5.63	435.00
	1255.26	0.00	5.64	434.00
	1255.27	0.00	5.64	435.00
	1255.28	0.00	5.64	434.00
	1255.29	0.00	5.64	435.00
	1255.30	0.00	5.64	434.00
	1255.31	0.00	5.65	434.00
	1255.33	0.00	5.65	433.00
	1255.34	0.00	5.65	433.00
	1255.35	0.00	5.69	432.00
	1255.36	0.00	5.68	433.00
	1255.37	0.00	5.67	431.00
	1255.38	0.00	5.69	431.00
	1255.40	0.00	5.68	433.00
	1255.41	0.00	5.68	436.00
	1255.42	0.00	5.68	437.00
	1255.43	0.00	5.69	434.00
	1255.44	0.00	5.69	434.00
	1255.45	0.00	5.69	435.00
	1255.46	0.00	5.69	435.00
	1255.48	0.00	5.67	434.00
	1255.49	0.00	5.68	433.00
	1255.50	0.00	5.69	431.00
	1255.51	0.00	5.69	430.00
	1255.52	0.00	5.69	428.00
	1255.53	0.00	5.69	432.00
	1255.54	0.00	5.69	430.00
	1255.56	0.00	5.68	429.00
	1255.57	0.00	5.68	429.00
	1255.58	0.00	5.65	426.00
	1255.59	0.00	5.70	427.00
	1255.60	0.00	5.76	430.00
	1255.61	0.	1256.11	0.00	5.75	420.00
	1256.12	0.00	5.76	420.00
	1256.13	0.00	5.76	418.00
	1256.14	0.00	5.74	422.00
	1256.15	0.00	5.73	425.00
	1256.17	0.00	5.73	424.00
	1256.18	0.00	5.73	424.00
	1256.19	0.00	5.73	425.00
	1256.20	0.00	5.74	426.00
	1256.21	0.00	5.72	425.00
	1256.22	0.00	5.73	424.00
	1256.23	0.00	5.72	422.00
	1256.25	0.00	5.73	424.00
	1256.26	0.00	5.68	423.00
	1256.27	0.00	5.68	423.00
	1256.28	0.00	5.68	423.00
	1256.29	0.00	5.66	422.00
	51.00
	1260.03	0.00	5.61	449.00
	1260.04	0.00	5.61	449.00
	1260.05	0.00	5.63	447.00
	1260.06	0.00	5.63	447.00
	1260.07	0.00	5.63	447.00
	1260.08	0.00	5.63	447.00
	1260.09	0.00	5.63	447.00
	1260.11	0.00	5.63	446.00
	1260.12	0.00	5.63	445.00
	1260.13	0.00	5.62	444.00
	1260.14	0.00	5.63	443.00
	1260.15	0.00	5.63	443.00
	1260.16	0.00	5.64	443.00
	1260.18	0.00	5.65	442.00
	1260.19	0.00	5.63	442.00
	1260.20	0.00	5.64	441.00
	1260.21	0.00	5.63	439.00
	1260.22	0.00	5.64	437.00
	1260.23	0.00	5.65	436.00
	1260.24	0.00	5.64	435.00
	1260.26	0.00	5.65	434.00
	1260.27	0.00	5.63	433.00
	1260.28	0.00	5.64	431.00
	1260.29	0.00	5.65	431.00
	1260.30	0.00	5.64	430.00
	1260.31	0.00	5.65	429.00
	1260.32	0.00	5.65	427.00
	1260.34	0.00	5.66	426.00
	1260.35	0.00	5.66	426.00
	1260.36	0.00	5.66	425.00
	1260.37	0.00	5.66	424.00
	1260.38	0.00	5.68	425.00
	1260.39	0.00	5.72	426.00
	1260.41	0.00	5.72	425.00	5.75	437.00
	1260.72	0.00	5.74	437.00
	1260.73	0.00	5.76	436.00
	1260.74	0.00	5.75	436.00
	1260.75	0.00	5.75	435.00
	1260.76	0.00	5.73	435.00
	1260.77	0.00	5.75	434.00
	1260.78	0.00	5.75	433.00
	1260.80	0.00	5.74	434.0	404.00
	1262.28	0.00	5.83	405.00
	1262.29	0.00	5.83	404.00
	1262.30	0.00	5.83	402.00
	1262.31	0.00	5.84	403.00
	1262.32	0.00	5.84	404.00
	1262.34	0.00	5.84	403.00
	1262.35	0.00	5.84	403.00
	1262.36	0.00	5.85	404.00
	1262.37	0.00	5.86	404.00
	1262.38	0.00	5.85	406.00
	1262.40	0.00	5.79	406.00
	1262.41	0.00	5.79	408.00
	1262.42	0.00	5.76	413.00
	1262.43	0.00	5.74	417.00
	1262.44	0.00	5.74	422.00
	1262.45	0.00	5.73	426.00
	1262.46	0.00	5.72	429.00
	1262.47	0.00	5.70	433.00
	1262.49	0.00	5.70	436.00
	1262.50	0.00	5.68	437.00
	1262.51	0.00	5.68	439.00
	1262.52	0.00	5.68	444.00
	1262.53	0.00	5.67	445.00
	1262.54	0.00	5.67	446.00
	1262.56	0.00	5.66	446.00
	1262.57	0.00	5.66	453.00
	1262.58	0.00	5.65	456.00
	1262.59	0.00	5.63	456.00
	1262.60	0.00	5.64	456.00
	1262.61	0.00	5.64	456.00
	1262.62	0.00	5.65	456.00
	1262.64	0.00	5.58	455.00
	1262.65	0.00	5.60	455.00
	1262.66	0.00	5.60	4	0.00	5.66	417.00
	1262.97	0.00	5.67	416.00
	1262.98	0.00	5.67	415.00
	1262.99	0.00	5.68	415.00
	1263.00	0.00	5.72	415.00
	1263.02	0.00	5.73	413.00
	1263.03	0.00	5.73	412.00
	1263.04	0.00	5.75	408.00
	1263.05	0.00	5.74	408.00
	1263.06	0.00	5.75	406.00
	1263.07	0.00	5.75	406.00
	1263.08	0.00	5.75	405.00
	1263.10	0.00	5.75	405.00
	1263.11	0.00	5.74	403.00
	1263.12	0.00	5.75	403.00
	1263.13	0.00	5.75	403.00
	1263.14	0.00	5.76	403.00
	1263.16	0.00	5.73	402.00
	1263.17	0.00	5.75	402.00
	1263.18	0.00	5.72	401.00
	1263.19	0.00	5.72	399.00
	1263.20	0.00	5.70	398.00
	1263.21	0.00	5.71	398.00
	1263.22	0.00	5.70	398.00
	1263.24	0.00	5.71	398.00
	1263.25	0.00	5.72	400.00
	1263.26	0.00	5.70	397.00
	1263.27	0.00	5.71	398.00
	1263.28	0.00	5.71	397.00
	1263.29	0.00	5.77	398.00
	1263.31	0.00	5.77	397.00
	1263.32	0.00	5.78	395.00
	1263.33	0.00	5.78	394.00
	1263.34	0.00	5.77	397.00
	1263.35	0.00	5.76	400.00
	1263.36	0.00	5.77	400.00
	1263.37	0.00	5.77	399.00
	1263.39	0.00	5.76	400.00
	1263.40	0.00	5.77	398.00
	1263.41	0.00	5.76	399.00
	1263.42	0.00	5.77	398.00
	1263.43	0.00	5.77	397.00
	1263.44	0.00	5.78	394.00
	1263.45	0.00	5.77	394.00
	1263.47	0.00	5.77	394.00
	1263.48	0.00	5.76	395.00
	1263.49	0.00	5.76	395.00
	1263.50	0.00	5.78	395.00
	1263.51	0.00	5.77	396.00
	1263.52	0.00	5.77	393.00
	1263.54	0.00	5.78	394.00
	1263.55	0.00	5.75	396.00
	1263.56	0.00	5.75	395.00
	1263.57	0.00	5.75	396.00
	1263.58	0.00	5.74	392.00
	1263.59	0.00	5.75	394.00
	1263.60	0.00	5.76	393.00
	1263.62	0.00	5.84	395.00
	1263.63	0.00	5.84	397.00
	1263.64	0.00	5.84	396.00
	1263.65	0.00	5.84	395.00
	1263.66	0.00	5.84	396.00
	1263.67	0.00	5.83	399.00
	1263.69	0.00	5.80	409.00
	1263.70	0.00	5.80	408.00
	1263.71	0.00	5.80	410.00
	1263.72	0.00	5.80	411.00
	1263.73	0.00	5.81	413.00
	1263.74	0.0	429.00
	1264.93	0.00	5.69	427.00
	1264.94	0.00	5.69	428.00
	1264.95	0.00	5.69	428.00
	1264.96	0.00	5.68	425.00
	1264.97	0.00	5.69	425.00
	1264.99	0.00	5.70	422.00
	1265.00	0.00	5.69	420.00
	1265.01	0.00	5.70	420.00
	1265.02	0.00	5.69	420.00
	1265.03	0.00	5.70	418.00
	1265.04	0.00	5.69	416.00
	1265.05	0.00	5.69	414.00
	1265.07	0.00	5.69	415.00
	1265.08	0.00	5.68	413.00
	1265.09	0.00	5.76	416.00
	1265.10	0.00	5.76	417.00
	1265.11	0.00	5.77	416.00
	1265.12	0.00	5.77	415.00
	1265.14	0.00	5.78	412.00
	1265.15	0.00	5.79	415.00
	1265.16	0.00	5.74	423.00
	1265.17	0.00	5.75	422.00
	1265.18	0.00	5.75	422.00
	1265.19	0.00	5.74	424.00
	1265.20	0.00	5.74	424.00
	1265.22	0.00	5.77	425.00
	1265.23	0.00	5.76	424.00
	1265.24	0.00	5.76	424.00
	1265.25	0.00	5.75	426.00
	1265.26	0.00	5.75	426.00
	1265.27	0.00	5.75	426.00
	1265.29	0.00	5.77	426.00
	1265.30	0.00	5.76	425.00
	1265.31	0.00	5.75	425.00
	1265.32	0.00	5.75	425.00
	1265.33	0.00	5.77	425.00
	1265.34	0.00	5.76	422.00
	1265.35	0.00	5.76	422.00
	1265.37	0.00	5.78	418.00
	1265.38	0.00	5.76	421.00
	1265.39	0.00	5.76	420.00
	1265.40	0.00	5.76	420.00
	1265.41	0.00	5.77	420.00
	1265.42	0.00	5.77	418.00
	1265.44	0.00	5.76	420.00
	1265.45	0.00	5.76	417.00
	1265.46	0.00	5.76	420.00
	1265.47	0.00	5.76	420.00
	1265.48	0.00	5.77	418.00
	1265.49	0.00	5.77	418.00
	1265.50	0.00	5.76	420.00
	1265.52	0.00	5.77	420.00
	1265.53	0.00	5.77	422.00
	1265.54	0.00	5.76	422.00
	1265.55	0.00	5.77	422.00
	1265.56	0.00	5.80	423.00
	1265.57	0.00	5.78	422.00
	1265.58	0.00	5.79	421.00
	1265.60	0.00	5.72	421.00
	1265.6176	425.00
	1267.18	0.00	5.76	426.00
	1267.20	0.00	5.75	426.00
	1267.21	0.00	5.75	428.00
	1267.22	0.00	5.75	428.00
	1267.23	0.00	5.75	428.00
	1267.24	0.00	5.75	428.00
	1267.25	0.00	5.75	427.00
	1267.27	0.00	5.76	430.00
	1267.28	0.00	5.75	427.00
	1267.29	0.00	5.75	427.00
	1267.30	0.00	5.75	427.00
	1267.31	0.00	5.75	428.00
	1267.32	0.00	5.75	428.00
	1267.34	0.00	5.75	428.00
	1267.35	0.00	5.75	428.00
	1267.36	0.00	5.74	429.00
	1267.37	0.00	5.75	429.00
	1267.38	0.00	5.75	430.00
	1267.39	0.00	5.74	431.00
	1267.40	0.00	5.74	433.00
	1267.42	0.00	5.73	435.00
	1267.43	0.00	5.75	433.00
	1267.44	0.00	5.75	434.00
	1267.45	0.00	5.76	435.00
	1267.46	0.00	5.74	435.00
	1267.47	0.00	5.68	435.00
	1267.48	0.00	5.68	435.00
	1267.50	0.00	5.68	435.00
	1267.51	0.00	5.68	435.00
	1267.52	0.00	5.68	436.00
	1267.53	0.00	5.68	435.00
	1267.54	0.00	5.69	434.00
	1267.55	0.00	5.69	435.00
	1267.57	0.00	5.68	434.00
	1267.58	0.00	5.68	434.00
	1267.59	0.00	5.68	434.00
	1267.60	0.00	5.68	434.00
	1267.61	0.00	5.69	435.00
	1267.62	0.00	5.69	435.00
	1267.64	0.00	5.68	435.00
	1267.65	0.00	5.69	436.00
	1267.66	0.00	5.69	437.00
	1267.67	0.00	5.70	434.00
	1267.68	0.00	5.70	434.00
	1267.69	0.00	5.66	441.00
	1267.70	0.00	5.67	441.00
	1267.72	0.00	5.68	441.00
	1267.73	0.00	5.68	441.00
	1267.74	0.00	5.66	440.00
	1267.75	0.00	5.67	439.00
	1267.76	0.00	5.63	438.00
	1267.77	0.00	5.62	438.00
	1267.78	0.00	5.61	438.00
	1267.80	0.00	5.61	438.00
	1267.81	0.00	5.61	438.00
	1267.82	0.00	5.62	437.00
	1267.83	0.00	5.62	435.00
	1267.84	0.00	5.63	434.00
	1267.85	0.00	5.63	435.00
	1267.	0.00	5.63	430.00
	1268.27	0.00	5.66	431.00
	1268.28	0.00	5.67	430.00
	1268.29	0.00	5.67	429.00
	1268.30	0.00	5.67	428.00
	1268.31	0.00	5.68	427.00
	1268.33	0.00	5.67	429.00
	1268.34	0.00	5.66	431.00
	1268.35	0.00	5.66	432.00
	1268.36	0.00	5.66	432.00
	1268.37	0.00	5.66	432.00
	1268.38	0.00	5.66	432.00
	1268.40	0.00	5.67	432.00
	1268.41	0.00	5.67	431.00
	1268.42	0.00	5.67	432.00
	1268.43	0.00	5.66	432.00
	1268.44	0.00	5.67	432.00
	1268.45	0.00	5.67	432.00
	1268.46	0.00	5.68	432.00
	1268.48	0.00	5.67	428.00
	1268.49	0.00	5.66	432.00
	1268.50	0.00	5.68	432.00
	1268.51	0.00	5.67	429.00
	1268.52	0.00	5.68	425.00
	1268.54	0.00	5.68	424.00
	1268.55	0.00	5.69	424.00
	1268.56	0.00	5.68	425.00
	1268.57	0.00	5.68	424.00
	1268.58	0.00	5.70	424.00
	1268.59	0.00	5.68	424.00
	1268.60	0.00	5.71	425.00
	1268.62	0.00	5.70	426.00
	1268.63	0.00	5.69	425.00
	1268.64	0.00	5.68	425.00
	1268.65	0.00	5.68	426.00
	1268.66	0.00	5.64	425.00
	1268.67	0.00	5.70	426.00
	1268.69	0.00	5.70	424.00
	1268.70	0.00	5.69	424.00
	1268.71	0.00	5.69	422.00
	1268.72	0.00	5.71	422.00
	1268.73	0.00	5.70	424.00
	1268.74	0.00	5.67	426.00
	1268.75	0.00	5.70	427.00
	1268.77	0.00	5.69	426.00
	1268.78	0.00	5.69	428.00
	1268.79	0.00	5.67	426.00
	1268.80	0.00	5.67	426.00
	1268.81	0.00	5.67	426.00
	1268.82	0.00	5.68	426.00
	1268.83	0.00	5.68	426.00
	1268.85	0.00	5.70	426.00
	1268.86	0.00	5.70	426.00
	1268.87	0.00	5.70	426.00
	1268.88	0.00	5.70	426.00
	1268.89	0.00	5.67	424.00
	1268.90	0.00	5.67	424.00
	1268.92	0.00	5.67	423.00
	1268.93	0.00	5.68	423.00
	1268.94	0.00	5.66	420.00
	1268.95	0.00	5.68	422.00
	1268.96	0.00	5.68	424.00
	1268.97	0.00	5.68	425.00
	1268.98	0.00	5.66	423.00
	1269.00	0.00	5.67	423.00
	1269.01	0.00	5.65	422.00
	1269.02	0.00	5.73	425.00
	1269.03	0.00	5.74	426.00
	1269.04	0.00	5.72	425.00
	1269.05	0.00	5.74	425.00
	1269.07	0.00	5.70	422.00
	1269.08	0.00	5.75	426.00
	1269.09	0.00	5.72	425.00
	1269.10	0.00	5.75	425.00
	1269.11	0.00	5.74	424.00
	1269.12	0.00	5.75	423.00
	1269.14	0.00	5.74	423.00
	1269.15	0.00	5.75	421.00
	1269.16	0.00	5.75	421.00
	1269.17	0.00	5.75	426.00
	1269.18	0.00	5.73	429.00
	1269.19	0.00	5.73	429.00
	1269.20	0.00	5.73	429.00
	1269.22	0.00	5.73	429.00
	1269.23	0.00	5.73	430.00
	1269.24	0.00	5.72	431.00
	1269.25	0.00	5.71	430.00
	1269.26	0.00	5.72	431.00
	1269.27	0.00	5.72	431.00
	1269.29	0.00	5.71	432.00
	1269.30	0.00	5.72	432.00
	1269.31	0.00	5.72	431.00
	1269.32	0.00	5.72	431.00
	1269.33	0.00	5.73	431.00
	1269.34	0.00	5.73	429.00
	1269.35	0.00	5.72	432.00
	1269.36	0.00	5.74	432.00
	1269.38	0.00	5.73	430.00
	1269.39	0.00	5.73	430.00
	1269.40	0.00	5.73	430.00
	1269.41	0.00	5.73	430.00
	1269.42	0.00	5.73	430.00
	1269.44	0.00	5.73	430.00
	1269.45	0.00	5.73	429.00
	1269.46	0.00	5.73	429.00
	1269.47	0.00	5.73	427.00
	1269.48	0.00	5.74	426.00
	1269.49	0.00	5.73	427.00
	1269.50	0.00	5.73	427.00
	1269.52	0.00	5.74	426.00
	1269.53	0.00	5.76	428.00
	1269.54	0.00	5.75	430.00
	1269.55	0.00	5.77	429.00
	1269.56	0.00	5.74	429.00
	1269.57	0.00	5.69	428.00
	1269.58	0.00	5.69	428.00
	1269.60	0.00	5.69	428.00
	1269.61	0.00	5.69	428.00
	1269.62	0.00	5.68	428.00
	1269.63	0.00	5	414.00
	1270.23	0.00	5.68	413.00
	1270.24	0.00	5.69	414.00
	1270.25	0.00	5.69	413.00
	1270.26	0.00	5.69	414.00
	1270.28	0.00	5.69	414.00
	1270.29	0.00	5.69	413.00
	1270.30	0.00	5.68	412.00
	1270.31	0.00	5.67	413.00
	12707.00
	1270.82	0.00	5.76	426.00
	1270.83	0.00	5.76	425.00
	1270.84	0.00	5.76	425.00
	1270.85	0.00	5.76	424.00
	1270.86	0.00	5.77	428.00
	1270.87	0.00	5.75	427.00
	1270.89	0.00	5.75	427.00
	1270.90	0.00	5.75	427.00
	1270.91	0.00	5.76	426.00
	1270.92	0.00	5.76	426.00
	1270.93	0.00	5.75	427.00
	1270.94	0.00	5.75	427.00
	1270.95	0.00	5.76	426.00
	1270.97	0.00	5.76	426.00
	1270.98	0.00	5.76	426.00
	1270.99	0.00	5.76	425.00
	1271.00	0.00	5.76	426.00
	1271.01	0.00	5.76	425.00
	1271.02	0.00	5.76	426.00
	1271.03	0.00	5.76	427.00
	1271.05	0.00	5.76	426.00
	1271.06	0.00	5.78	426.00
	1271.07	0.00	5.79	426.00
	1271.08	0.00	5.75	425.00
	1271.09	0.00	5.71	424.00
	1271.10	0.00	5.73	423.00
	1271.11	0.00	5.72	423.00
	1271.13	0.00	5.73	423.00
	1271.14	0.00	5.72	421.00
	1271.15	0.00	5.73	419.00
	1271.16	0.00	5.73	420.00
	1271.17	0.00	5.73	420.00
	1271.18	0.00	5.74	420.00
	1271.20	0.00	5.73	420.00
	1271.21	0.00	5.74	419.00
	1271.22	0.00	5.73	418.00
	1271.23	0.00	5.75	420.00
	1271.24	0.00	5.75	421.00
	1271.25	0.00	5.75	420.00
	1271.27	0.00	5.75	421.00
	1271.28	0.00	5.75	420.00
	1271.29	0.00	5.75	419.00
	1271.30	05	415.00
	1272.68	0.00	5.73	416.00
	1272.69	0.00	5.74	415.00
	1272.70	0.00	5.72	416.00
	1272.71	0.00	5.72	416.00
	1272.73	0.00	5.73	416.00
	1272.74	0.00	5.74	417.00
	1272.75	0.00	5.72	417.00
	1272.76	0.00	5.72	418.00
	1272.77	0.00	5.71	418.00
	1272.78	0.00	5.73	418.00
	1272.80	0.00	5.73	419.00
	1272.81	0.00	5.74	420.00
	1272.82	0.00	5.74	420.00
	1272.83	0.00	5.73	421.00
	1272.84	0.00	5.75	422.00
	1272.85	0.00	5.74	421.00
	1272.86	0.00	5.730
	1279.34	0.00	5.73	401.00
	1279.36	0.00	5.73	399.00
	1279.37	0.00	5.75	400.00
	1279.38	0.00	5.73	400.00
	1279.39	0.00	5.73	399.00
	1279.40	0.00	5.73	400.00
	1279.41	0.00	5.73	400.00
	1279.43	0.00	5.73	400.00
	1279.44	0.00	5.74	399.00
	1279.45	0.00	5.74	401.00
	1279.46	0.00	5.79	401.00
	1279.47	0.00	5.78	402.00
	1279.48	0.00	5.80	400.00
	1279.50	0.00	5.80	401.00
	1279.51	0.00	5.80	399.00
	1279.52	0.00	5.81	399.00
	1279.53	0.00	5.80	403.00
	1279.54	0.00	5.77	407.00
	1279.55	0.00	5.76	406.00
	1279.56	0.00	5.76	406.00
	1279.58	0.00	5.76	407.00
	1279.59	0.00	5.76	407.00
	1279.60	0.00	5.76	408.00
	1279.61	0.00	5.76	408.00
	1279.62	0.00	5.75	408.00
	1279.63	0.00	5.74	408.00
	1279.64	0.00	5.75	407.00
	1279.66	0.00	5.75	406.00
	1279.67	0.00	5.75	406.00
	1279.68	0.00	5.76	404.00
	1279.69	0.00	5.75	406.00
	1279.70	0.00	5.76	407.00
	1279.71	0.00	5.76	407.00
	1279.72	0.00	5.76	407.00
	1279.74	0.00	5.76	406.00
	1279.75	0.00	5.75	409.00
	1279.76	0.00	5.74	409.00
	1279.77	0.00	5.76	405.00
	1279.78	0.00	5.75	403.00
	1279.80	0.00	5.75	405.00
	1279.81	0.00	5.77	403.00
	1279.82	0.00	5.75	404.00
	1279.83	0.00	5.77	401.00
	1279.84	0.00	5.77	401.00
	1279.85	0.00	5.77	399.00
	1279.86	0.00	5.77	399.00
	1279.88	0.00	5.77	400.00
	1279.89	0.00	5.76	402.00
	1279.90	0.00	5.78	403.00
	1279.91	0.00	5.77	403.00
	1279.92	0.00	5.76	402.00
	1279.93	0.00	5.75	401.00
	1279.94	0.00	5.74	401.00
	1279.96	0.00	5.74	401.00
	1279.97	0.00	5.74	401.00
	1279.98	0.00	5.75	404.00
	1279.99	0.00	5.76	404.00
	1280.00	0.00	5.75	404.00
	1280.02	0.00	5.76	404.00
	1280.03	0.00	5.73	402.00
	1280.04	0.00	5.78	403.00
	1280.05	0.00	5.81	403.00
	1280.06	0.00	5.83	405.00
	1280.07	0.00	5.77	403.00
	1280.08	0.00	5.83	406.00
	1280.10	0.00	5.83	405.00
	1280.11	0.00	5.83	404.00
	1280.12	0.00	5.86	401.00
	1280.13	0.00	5.85	400.00
	1280.14	0.00	5.84	402.00
	1280.15	0.00	5.81	409.00
	1280.16	0.00	5.81	410.00
	1280.18	0.00	5.83	410.00
	1280.19	0.00	5.81	410.00
	1280.20	0.00	5.81	410.00
	1280.21	0.00	5.81	410.00
	1280.22	0.00	5.82	409.00
	1280.23	0.00	5.79	410.00
	1280.25	0.00	5.82	412.00
	1280.26	0.00	5.82	412.00
	1280.27	0.00	5.81	413.00
	1280.28	0.00	5.81	413.00
	1280.29	0.00	5.82	412.00
	1280.30	0.00	5.82	412.00
	1280.31	0.00	5.80	411.00
	1280.33	0.00	5.82	415.00
	1280.34	0.00	5.81	415.00
	1280.35	0.00	5.81	415.00
	1280.36	0.00	5.81	416.00
	1280.37	0.00	5.82	416.00
	1280.38	0.00	5.81	415.00
	1280.40	0.00	5.81	416.00
	1280.41	0.00	5.81	416.00
	1280.42	0.00	5.78	414.00
	1280.43	0.00	5.81	417.00
	1280.44	0.00	5.79	416.00
	1280.45	0.00	5.80	415.00
	1280.46	0.00	5.78	417.00
	1280.48	0.00	5.81	418.00
	1280.49	0.00	5.80	418.00
	1280.50	0.00	5.81	418.00
	1280.51	0.00	5.81	419.00
	1213.00
	1281.21	0.00	5.72	413.00
	1281.22	0.00	5.72	413.00
	1281.24	0.00	5.72	413.00
	1281.25	0.00	5.74	414.00
	1281.26	0.00	5.72	413.00
	1281.27	0.00	5.72	412.00
	1281.28	0.00	5.72	413.00
	1281.29	0.00	5.72	413.00
	1281.31	0.00	5.71	412.00
	1281.32	0.00	5.71	412.00
	1281.33	0.00	5.71	413.00
	1281.34	0.00	5.71	413.00
	1281.35	0.00	5.72	411.00
	1281.36	0.00	5.72	412.00
	1281.37	0.00	5.72	411.00
	1281.39	0.00	5.73	411.00
	1281.40	0.00	5.73	411.00
	1281.41	0.00	5.72	411.00
	1281.42	0.00	5.71	410.00
	1281.43	0.00	5.72	409.00
	1281.44	0.00	5.74	410.00
	1281.45	0.00	5.78	410.00
	1281.47	0.00	5.79	411.00
	1281.48	0.00	5.78	410.00
	1281.49	0.00	5.77	409.00
	1281.50	0.00	5.77	409.00
	1281.51	0.00	5.79	409.00
	1281.52	0.00	5.78	408.00
	1281.54	0.00	5.77	409.00
	1281.55	0.00	5.78	408.00
	1281.56	0.00	5.79	410.00
	1281.57	0.00	5.79	409.00
	1281.58	0.00	5.78	410.00
	1281.59	0.00	5.78	409.00
	1281.60	0.00	5.79	410.00
	1281.62	0.00	5.78	410.00
	1281.63	0.00	5.77	410.00
	1281.64	0.00	5.79	410.00
	1281.65	0.00	5.79	410.00
	1281.66	0.00	5.77	413.00
	1281.68	0.00	5.75	415.00
	1281.69	0.00	5.77	413.00
	1281.70	0.00	5.77	411.00
	1281.71	0.00	5.79	409.00
	1281.72	0.00	5.78	408.00
	1281.73	0.00	5.79	410.00
	1281.74	0.00	5.77	410.00
	1281.76	0.00	5.77	410.00
	1281.77	0.00	5.78	409.00
	1281.78	0.00	5.78	409.00
	1281.79	0.00	5.78	409.00
	1281.80	0.00	5.76	413.00
	1281.81	0.00	5.76	413.00
	1281.82	0.00	5.78	412.00
	1281.84	0.00	5.78	412.00
	1281.85	0.00	5.78	412.00
	1281.86	0.00	5.75	410.00
	1281.87	0.00	5.79	410.00
	1281.88	0.00	5.78	410.00
	1281.89	0.00	5.79	409.00
	1281.91	0.00	5.77	410.00
	1281.92	0.00	5.77	410.00
	1281.93	0.00	5.77	409.00
	1281.94	0.00	5.77	410.00
	1281.95	0.00	5.77	410.00
	1281.96	0.00	5.77	410.00
	1281.98	0.00	5.79	409.00
	1281.99	0.00	5.77	410.00
	1282.00	0.00	5.78	409.00
	1282.01	0.00	5.78	410.00
	1282.02	0.00	5.79	410.00
	1282.03	0.00	5.79	409.00
	1282.05	0.00	5.78	409.00
	1282.06	0.00	5.78	409.00
	1282.07	0.00	5.78	409.00
	1282.08	0.00	5.76	408.00
	1282.09	0.00	5.77	406.00
	1282.10	0.00	5.78	407.00
	1282.11	0.00	5.77	409.00
	1282.13	0.00	5.78	406.00
	1282.14	0.00	5.78	407.00
	1282.15	0.00	5.77	406.00
	1282.16	0.00	5.78	407.00
	1282.17	0.00	5.79	408.00
	1282.18	0.00	5.78	408.00
	1282.20	0.00	5.78	407.00
	1282.21	0.00	5.78	406.00
	1282.22	0.00	5.78	406.00
	1282.23	0.00	5.78	406.00
	1282.24	0.00	5.78	403.00
	1282.25	0.00	5.79	404.00
	1282.27	0.00	5.78	404.00
	1282.28	0.00	5.79	406.00
	1282.29	0.00	5.77	406.00
	1282.30	0.00	5.77	406.00
	1282.31	0.00	5.76	404.00
	1282.32	0.00	5.76	403.00
	1282.33	0.00	5.77	402.00
	1282.34	0.00	5.79	401.00
	1282.36	0.00	5.76	401.00
	1282.37	0.00	5.76	401.00
	1282.38	0.00	5.76	401.00
	1282.39	0.00	5.76	401.00
	1282.40	0.00	5.76	401.00
	1282.42	0.00	5.75	399.00
	1282.43	0.00	5.82	402.00
	1282.44	0.00	5.86	403.00
	1282.45	0.00	5.87	402.00
	1282.46	0.00	5.88	399.00
	1282.47	0.00	5.88	399.00
	1282.48	0.00	5.89	396.00
	1282.50	0.00	5.86	401.00
	1282.51	0.00	5.85	406.00
	1282.52	0.00	5.85	407.00
	1282.53	0.00	5.83	406.00
	1282.54	0.00	5.85	406.00
	1282.55	0.00	5.85	407.00
	1282.56	0.00	5.85	406.00
	1282.58	0.00	5.86	407.00
	1282.59	0.00	5.85	406.00
	1282.60	0.00	5.84	404.00
	1282.61	0.00	5.84	404.00
	1282.62	0.00	5.84	404.00
	1282.63	0.00	5.84	404.00
	1282.65	0.00	5.84	405.00
	1282.66	1.00	5.85	405.00
	1282.67	1.00	5.85	405.00
	1282.68	1.00	5.85	404.00
	1282.69	1.00	5.84	404.00
	1282.70	1.00	5.86	402.00
	1282.71	1.00	5.86	402.00
	1282.73	1.00	5.86	402.00
	1282.74	1.00	5.85	402.00
	1282.75	1.00	5.87	401.00
	1282.76	1.00	5.87	400.00
	1282.77	1.00	5.87	398.00
	1282.78	1.00	5.88	397.00
	1282.80	1.00	5.87	397.00
	1282.81	1.00	5.88	395.00
	1282.82	1.00	5.88	394.00
	1282.83	1.00	5.88	394.00
	1282.84	1.00	5.88	394.00
	1282.85	1.00	5.89	393.00
	1282.86	1.00	5.89	392.00
	1282.88	1.00	5.92	392.00
	1282.89	1.00	5.89	392.00
	1282.90	1.00	5.91	392.00
	1282.91	1.00	5.89	390.00
	1282.92	1.00	5.93	388.00
	1282.93	1.00	5.93	388.00
	1282.95	1.00	5.94	385.00
	1282.96	1.00	5.92	384.00
	1282.97	0.00	5.92	383.00
	1282.98	0.00	5.92	383.00
	1282.99	0.00	5.93	381.00
	1283.00	0.00	5.92	380.00
	1283.02	0.00	5.93	380.00
	1283.03	0.00	5.95	381.00
	1283.04	0.00	5.93	380.00
	1283.05	0.00	5.93	380.00
	1283.06	0.00	5.93	380.00
	1283.07	0.00	5.93	380.00
	1283.08	0.00	5.94	381.00
	1283.10	0.00	5.94	381.00
	1283.11	0.00	5.88	380.00
	1283.12	0.00	5.87	380.00
	1283.13	0.00	5.86	381.00
	1283.14	0.00	5.87	381.00
	1283.15	0.00	5.87	379.00
	1283.17	0.00	5.87	380.00
	1283.18	0.00	5.87	380.00
	1283.19	0.00	5.86	381.00
	1283.20	0.00	5.88	380.00
	1283.21	0.00	5.94	381.00
	1283.22	0.00	5.88	380.00
	1283.23	0.00	5.88	383.00
	1283.25	0.00	5.92	381.00
	1283.26	0.00	5.90	382.00
	1283.27	0.00	5.86	382.00
	1283.28	0.00	5.86	382.00
	1283.29	0.00	5.86	383.00
	1283.31	0.00	5.86	383.00
	1283.32	0.00	5.86	383.00
	1283.33	0.00	5.86	383.00
	1283.34	0.00	5.86	382.00
	1283.35	0.00	5.86	383.00
	1283.36	0.00	5.87	385.00
	1283.38	0.00	5.85	385.00
	1283.39	0.00	5.86	384.00
	1283.40	0.00	5.84	383.00
	1283.41	0.00	5.86	385.00
	1283.42	0.00	5.86	385.00
	1283.43	0.00	5.84	384.00
	1283.44	0.00	5.85	386.00
	1283.45	0.00	5.84	385.00
	1283.47	0.00	5.84	385.00
	1283.48	0.00	5.85	384.00
	1283.49	0.00	5.85	384.00
	1283.50	0.00	5.87	386.00
	1283.51	0.00	5.85	385.00
	1283.52	0.00	5.85	386.00
	1283.54	0.00	5.85	386.00
	1283.55	0.00	5.85	385.00
	1283.56	0.00	5.85	385.00
	1283.57	0.00	5.85	385.00
	1283.58	0.00	5.85	386.00
	1283.59	0.00	5.83	393.00
	1283.60	0.00	5.83	393.00
	1283.62	0.00	5.84	393.00
	1283.63	0.00	5.84	394.00
	1283.64	0.00	5.84	394.00
	1283.65	0.00	5.82	395.00
	1283.66	0.00	5.82	.00
	1284.26	0.00	5.79	407.00
	1284.27	0.00	5.79	405.00
	1284.28	0.00	5.79	409.00
	1284.30	0.00	5.79	409.00
	1284.31	0.00	5.77	408.00
	1284.32	0.00	5.77	408.00
	1284.33	0.00	5.78	409.00
	1284.34	0.00	5.79	409.00
	1284.35	0.00	5.77	408.00
	1284.36	0.00	5.76	406.00
	1284.38	0.00	5.78	407.00
	1284.39	0.00	5.77	406.00
	1284.40	0.00	5.78	408.00
	1284.41	0.00	5.77	407.00
	1284.42	0.00	5.85	410.00
	1284.43	0.00	5.85	408.00
	1284.45	0.00	5.85	409.00
	1284.46	0.00	5.85	408.00
	1284.47	0.00	5.84	409.00
	1284.48	0.00	5.86	407.00
	1284.49	0.00	5.86	406.00
	1284.50	0.00	5.85	406.00
	1284.51	0.00	5.83	415.00
	1284.53	0.00	5.83	415.00
	1284.54	0.00	5.84	415.00
	1284.55	0.00	5.83	414.00
	1284.56	0.00	5.84	414.00
	1284.57	0.00	5.82	413.00
	1284.58	0.00	5.84	415.00
	1284.59	0.00	5.84	415.00
	1284.61	0.00	5.84	415.00
	1284.62	0.00	5.83	413.00
	1284.63	0.00	5.86	413.00
	1284.64	0.00	5.84	416.00
	1284.65	0.00	5.84	416.00
	1284.67	0.00	5.83	414.00
	1284.68	0.00	5.84	413.00
	1284.69	0.00	5.83	415.00
	1284.70	0.00	5.84	416.00
	1284.71	0.00	5.83	417.00
	1284.72	0.00	5.82	416.00
	1284.73	0.00	5.83	416.00
	1284.75	0.00	5.84	418.00
	1284.76	0.00	5.82	419.00
	1284.77	0.00	5.84	420.00
	1284.78	0.00	5.82	419.00
	1284.79	0.00	5.81	419.00
	1284.80	0.00	5.83	421.00
	1284.81	0.00	5.82	421.00
	1284.83	0.00	5.83	419.00
	1284.84	0.00	5.82	419.00
	1284.85	0.00	5.82	419.00
	1284.86	0.00	5.81	422.00
	1284.87	0.00	5.83	421.00
	1284.88	0.00	5.84	423.00
	1284.90	0.00	5.84	423.00
	1284.91	0.00	5.83	422.00
	1284.92	0.00	5.77	421.00
	1284.93	0.00	5.76	422.00
	1284.94	0.00	5.77	422.00
	1284.95	0.00	5.78	422.00
	1284.96	0.00	5.77	422.00
	1284.97	0.00	5.78	420.00
	1284.99	0.00	5.77	423.00
	1285.00	0.00	5.77	423.00
	1285.01	0.00	5.78	423.00
	1285.02	0.00	5.76	423.00
	1285.03	0.00	5.77	423.00.67	435.00
	1285.54	0.00	5.65	445.00
	1285.55	0.00	5.62	456.00
	1285.56	0.00	5.58	469.00
	1285.57	0.00	5.55	489.00
	1285.59	0.00	5.51	506.00
	1285.60	0.00	5.49	525.00
	1285.61	0.00	5.46	551.00
	1285.62	0.00	5.21	626.00
	1285.63	0.00	5.16	651.00
	1285.64	0.00	5.11	680.00
	1285.66	0.00	5.08	699.00
	1285.67	0.00	5.05	715.00
	1285.68	0.00	5.02	734.00
	1285.69	0.00	5.00	744.00
	1285.70	0.00	4.99	754.00
	1285.71	0.00	4.98	755.00
	1285.72	0.00	5.00	756.00
	1285.73	0.00	4.99	749.00
	1285.75	0.00	5.01	741.00
	1285.76	0.00	5.03	725.00
	1285.77	0.00	5.07	701.00
	1285.78	0.00	5.12	682.00
	1285.79	0.00	5.17	664.00
	1285.81	0.00	5.41	587.00
	1285.82	0.00	5.42	573.00
	1285.83	0.00	5.46	560.00
	1285.84	0.00	5.50	547.00
	1285.85	0.00	5.54	534.00
	1285.86	0.00	5.85	573.00
	1285.87	0.00	5.92	572.00
	1285.89	0.00	5.95	569.00
	1285.90	0.00	5.97	565.00
	1285.91	0.00	5.98	564.00
	1285.92	0.00	5.99	557.00
	1285.93	0.00	6.04	552.00
	1285.94	0.00	6.05	542.00
	1285.95	0.00	6.06	528.00
	1285.97	0.00	6.12	504.00
	1285.98	0.00	6.12	483.00
	1285.99	0.00	6.31	415.00
	1286.00	0.00	6.01	345.00
	1286.01	0.00	6.15	333.00
	1286.02	0.00	7.15	371.00
	1286.04	0.00	7.30	360.00
	1286.05	0.00	7.61	309.00
	1286.06	0.00	8.06	263.00
	1286.07	0.00	8.02	265.00
	1286.08	0.00	8.00	266.00
	1286.09	0.00	7.96	262.00
	1286.10	0.00	7.91	261.00
	1286.11	0.00	7.89	259.00
	1286.13	0.00	7.86	257.00
	1286.14	0.00	9.27	305.00
	1286.15	0.00	9.37	307.00
	1286.16	0.00	9.43	308.00
	1286.17	0.00	9.54	310.00
	1286.18	0.00	9.55	309.00
	1286.20	0.00	9.78	317.00
	1286.21	0.00	9.74	316.00
	1286.22	0.00	9.75	315.00
	1286.23	0.00	9.72	310.00
	1286.24	0.00	9.28	283.00
	1286.25	0.00	6.51	175.00
	1286.27	0.00	6.53	175.00
	1286.28	0.00	6.57	175.00
	1286.29	0.00	6.63	174.00
	1286.30	0.00	6.68	174.00
	1286.31	0.00	6.63	174.00
	1286.32	0.00	6.66	174.00
	1286.34	0.00	6.68	174.00
	1286.35	0.00	6.65	173.00
	1286.36	0.00	6.64	173.00
	1286.37	0.00	6.65	173.00
	1286.38	0.00	6.65	173.00
	1286.39	0.00	6.65	173.00
	1286.41	0.00	6.65	173.00
	1286.42	0.00	6.65	173.00
	1286.43	0.00	6.65	173.00
	1286.44	0.00	6.64	173.00
	1286.45	0.00	6.67	173.00
	1286.46	0.00	6.65	173.00
	1286.47	0.00	6.65	173.00
	1286.49	0.00	6.65	173.00
	1286.50	0.00	6.65	173.00
	1286.51	0.00	6.67	173.00
	1286.52	0.00	6.69	174.00
	1286.53	0.00	6.70	173.00
	1286.54	0.00	6.61	173.00
	1286.56	0.00	6.59	172.00
	1286.57	0.00	6.62	173.00
	1286.58	0.00	6.61	173.00
	1286.59	0.00	6.59	172.00
	1286.60	0.00	6.60	172.00
	1286.61	0.00	6.60	172.00
	1286.63	0.00	6.61	173.00
	1286.64	0.00	6.61	173.00
	1286.65	0.00	6.62	173.00
	1286.66	0.00	6.62	173.00
	1286.67	0.00	6.64	173.00
	1286.68	0.00	6.29	230.00
	1286.69	0.00	6.05	311.00
	1286.71	0.00	5.52	422.00
	1286.72	0.00	5.22	539.00
	1286.73	0.00	5.12	610.00
	1286.74	0.00	5.06	665.00
	1286.75	0.00	5.02	722.00
	1286.76	0.00	4.98	770.00
	1286.77	0.00	4.94	798.00
	1286.79	0.00	4.96	813.00
	1286.80	0.00	4.95	818.00
	1286.81	0.00	4.97	813.00
	1286.82	0.00	5.02	793.00
	1286.83	0.00	5.05	767.00
	1286.84	0.00	5.10	736.00
	1286.85	0.00	5.34	657.00
	1286.87	0.00	5.38	624.00
	1286.88	0.00	5.45	592.00
	1286.89	0.00	5.51	560.00
	1286.90	0.00	5.58	525.00
	1286.91	0.00	5.65	500.00
	1286.92	0.00	5.69	475.00
	1286.94	0.00	5.74	453.00
	1286.95	0.00	5.98	386.00
	1286.96	0.00	6.00	376.00
	1286.97	0.00	6.03	370.00
	1286.98	0.00	6.05	362.00
	1286.99	0.00	6.06	354.00
	1287.01	0.00	6.09	350.00
	1287.02	0.00	6.09	346.00
	1287.03	0.00	6.10	342.00
	1287.04	0.00	6.10	339.00
	1287.05	0.00	6.11	337.00
	1287.06	0.00	6.11	332.00
	1287.07	0.00	6.13	332.00
	1287.08	0.00	6.13	328.00
	1287.10	0.00	6.13	320.00
	1287.11	0.00	6.90	367.00
	1287.12	0.00	6.89	363.00
	1287.13	0.00	6.93	356.00
	1287.14	0.00	7.27	303.00
	1287.15	0.00	8.20	350.00
	1287.17	0.00	8.49	305.00
	1287.18	0.00	8.55	311.00
	1287.19	0.00	8.54	312.00
	1287.20	0.00	7.88	259.00
	1287.21	0.00	7.98	265.00
	1287.22	0.00	8.01	267.00
	1287.23	0.00	7.98	265.00
	1287.25	0.00	7.94	262.00
	1287.26	0.00	7.87	260.00
	1287.27	0.00	7.91	261.00
	1287.28	0.00	9.28	307.00
	1287.29	0.00	9.37	307.00
	1287.30	0.00	9.38	308.00
	1287.31	0.00	9.36	304.00
	1287.33	0.00	9.36	305.00
	1287.34	0.00	9.42	311.00
	1287.35	0.00	8.15	269.00
	1287.36	0.00	8.38	282.00
	1287.37	0.00	8.23	270.00
	1287.39	0.00	7.93	248.00
	1287.40	0.00	6.30	169.00
	1287.41	0.00	6.48	174.00
	1287.42	0.00	6.59	174.00
	1287.43	0.00	6.66	175.00
	1287.44	0.00	6.64	175.00
	1287.45	0.00	6.62	174.00
	1287.46	0.00	6.63	174.00
	1287.48	0.00	6.65	174.00
	1287.49	0.00	6.62	173.00
	1287.50	0.00	6.63	174.00
	1287.51	0.00	6.63	174.00
	1287.52	0.00	6.65	174.00
	1287.53	0.00	6.65	174.00
	1287.55	0.00	6.63	174.00
	1287.56	0.00	6.63	174.00
	1287.57	0.00	6.63	174.00
	1287.58	0.00	6.63	174.00
	1287.59	0.00	6.63	174.00
	1287.60	0.00	6.62	174.00
	1287.61	0.00	6.63	174.00
	1287.63	0.00	6.64	175.00
	1287.64	0.00	6.66	175.00
	1287.65	0.00	6.66	175.00
	1287.66	0.00	6.66	175.00
	1287.67	0.00	6.66	175.00
	1287.68	0.00	6.66	175.00
	1287.70	0.00	6.67	175.00
	1287.71	0.00	6.69	175.00
	1287.72	0.00	6.59	174.00
	1287.73	0.00	6.59	174.00
	1287.74	0.00	6.59	174.00
	1287.75	0.00	6.58	173.00
	1287.76	0.00	6.58	173.00
	1287.78	0.00	6.60	173.00
	1287.79	0.00	6.57	172.00
	1287.80	0.00	6.62	174.00
	1287.81	0.00	6.31	228.00
	1287.82	0.00	6.15	295.00
	1287.83	0.00	5.61	395.00
	1287.84	0.00	5.42	472.00
	1287.86	0.00	5.30	526.00
	1287.87	0.00	5.09	645.00
	1287.88	0.00	5.04	706.00
	1287.89	0.00	5.02	742.00
	1287.90	0.00	4.99	776.00
	1287.92	0.00	5.00	787.00
	1287.93	0.00	4.96	799.00
	1287.94	0.00	4.98	799.00
	1287.95	0.00	4.98	793.00
	1287.96	0.00	5.01	781.00
	1287.97	0.00	5.04	766.00
	1287.98	0.00	5.07	750.00
	1288.00	0.00	5.09	732.00
	1288.01	0.00	5.13	702.00
	1288.02	0.00	5.20	671.00
	1288.03	0.00	5.46	584.00
	1288.04	0.00	5.51	561.00
	1288.05	0.00	5.57	535.00
	1288.06	0.00	5.63	506.00
	1288.08	0.00	5.67	485.00
	1288.09	0.00	5.85	423.00
	1288.10	0.00	5.87	417.00
	1288.11	0.00	5.90	407.00
	1288.12	0.00	5.92	394.00
	1288.13	0.00	5.95	380.00
	1288.14	0.00	5.98	371.00
	1288.16	0.00	6.01	358.00
	1288.17	0.00	6.02	348.00
	1288.18	0.00	6.08	341.00
	1288.19	0.00	6.11	332.00
	1288.20	0.00	6.10	325.00
	1288.21	0.00	6.10	314.00
	1288.22	0.00	6.11	309.00
	1288.24	0.00	6.14	302.00
	1288.25	0.00	7.18	351.00
	1288.26	0.00	7.64	302.00
	1288.27	0.00	7.87	254.00
	1288.28	0.00	7.97	259.00
	1288.29	0.00	8.01	263.00
	1288.31	0.00	8.05	265.00
	1288.32	0.00	7.96	263.00
	1288.33	0.00	7.96	262.00
	1288.34	0.00	7.92	260.00
	1288.35	0.00	7.92	260.00
	1288.36	0.00	7.86	256.00
	1288.37	0.00	7.86	254.00
	1288.39	0.00	7.85	253.00
	1288.40	0.00	7.77	249.00
	1288.41	0.00	7.79	249.00
	1288.42	0.00	7.78	247.00
	1288.43	0.00	7.74	244.00
	1288.44	0.00	8.11	264.00
	1288.45	0.00	8.48	283.00
	1288.47	0.00	8.67	294.00
	1288.48	0.00	8.58	285.00
	1288.49	0.00	8.28	261.00
	1288.50	0.00	6.44	174.00
	1288.51	0.00	6.48	174.00
	1288.52	0.00	6.56	174.00
	1288.54	0.00	6.63	174.00
	1288.55	0.00	6.61	174.00
	1288.56	0.00	6.62	174.00
	1288.57	0.00	6.62	174.00
	1288.58	0.00	6.63	174.00
	1288.59	0.00	6.63	174.00
	1288.60	0.00	6.63	174.00
	1288.62	0.00	6.65	174.00
	1288.63	0.00	6.63	174.00
	1288.64	0.00	6.66	174.00
	1288.65	0.00	6.65	174.00
	1288.66	0.00	6.65	174.00
	1288.67	0.00	6.65	174.00
	1288.69	0.00	6.65	174.00
	1288.70	0.00	6.66	174.00
	1288.71	0.00	6.66	174.00
	1288.72	0.00	6.66	174.00
	1288.73	0.00	6.68	174.00
	1288.74	0.00	6.69	174.00
	1288.76	0.00	6.60	173.00
	1288.77	0.00	6.60	173.00
	1288.78	0.00	6.60	173.00
	1288.79	0.00	6.60	173.00
	1288.80	0.00	6.60	173.00
	1288.81	0.00	6.60	173.00
	1288.82	0.00	6.65	173.00
	1288.84	0.00	6.59	172.00
	1288.85	0.00	6.59	172.00
	1288.86	0.00	6.57	172.00
	1288.87	0.00	6.63	174.00
	1288.88	0.00	6.65	174.00
	1288.89	0.00	6.62	174.00
	1288.90	0.00	6.63	174.00
	1288.92	0.00	6.31	226.00
	1288.93	0.00	6.23	241.00
	1288.94	0.00	5.61	386.00
	1288.95	0.00	5.37	469.00
	1288.96	0.00	5.09	586.00
	1288.97	0.00	5.00	677.00
	1288.98	0.00	4.92	772.00
	1289.00	0.00	4.89	830.00
	1289.01	0.00	4.88	868.00
	1289.02	0.00	4.88	889.00
	1289.03	0.00	4.90	889.00
	1289.04	0.00	4.90	885.00
	1289.06	0.00	5.17	925.00
	1289.07	0.00	5.20	911.00
	1289.08	0.00	5.25	888.00
	1289.09	0.00	5.28	875.00
	1289.10	0.00	5.30	857.00
	1289.11	0.00	5.37	834.00
	1289.12	0.00	5.43	798.00
	1289.14	0.00	5.52	755.00
	1289.15	0.00	5.62	705.00
	1289.16	0.00	5.91	626.00
	1289.17	0.00	6.00	596.00
	1289.18	0.00	6.01	570.00
	1289.19	0.00	6.25	508.00
	1289.20	0.00	6.26	499.00
	1289.21	0.00	6.29	493.00
	1289.23	0.00	6.32	488.00
	1289.24	0.00	6.33	480.00
	1289.25	0.00	6.37	471.00
	1289.26	0.00	6.39	464.00
	1289.27	0.00	6.38	453.00
	1289.28	0.00	6.44	445.00
	1289.30	0.00	6.47	436.00
	1289.31	0.00	6.48	427.00
	1289.32	0.00	6.48	417.00
	1289.33	0.00	6.49	406.00
	1289.34	0.00	6.20	339.00
	1289.35	0.00	6.91	380.00
	1289.36	0.00	6.97	371.00
	1289.38	0.00	7.07	364.00
	1289.39	0.00	7.11	360.00
	1289.40	0.00	7.27	306.00
	1289.41	0.00	7.63	257.00
	1289.42	0.00	7.53	252.00
	1289.43	0.00	6.73	201.00
	1289.44	0.00	7.82	252.00
	1289.46	0.00	7.81	254.00
	1289.47	0.00	7.79	253.00
	1289.48	0.00	7.71	249.00
	1289.49	0.00	7.69	246.00
	1289.50	0.00	7.72	247.00
	1289.51	0.00	7.75	247.00
	1289.53	0.00	7.87	252.00
	1289.54	0.00	7.97	256.00
	1289.55	0.00	7.91	251.00
	1289.56	0.00	7.99	255.00
	1289.57	0.00	8.04	257.00
	1289.58	0.00	8.13	261.00
	1289.59	0.00	8.01	253.00
	1289.61	0.00	7.87	241.00
	1289.62	0.00	6.53	177.00
	1289.63	0.00	6.54	176.00
	1289.64	0.00	6.56	175.00
	1289.65	0.00	6.61	174.00
	1289.66	0.00	6.61	176.00
	1289.68	0.00	6.60	175.00
	1289.69	0.00	6.63	176.00
	1289.70	0.00	6.65	176.00
	1289.71	0.00	6.63	175.00
	1289.72	0.00	6.64	175.00
	1289.73	0.00	6.67	175.00
	1289.74	0.00	6.69	175.00
	1289.76	0.00	6.69	175.00
	1289.77	0.00	6.70	175.00
	1289.78	0.00	6.69	175.00
	1289.79	0.00	6.69	175.00
	1289.80	0.00	6.70	175.00
	1289.81	0.00	6.69	175.00
	1289.82	0.00	6.69	175.00
	1289.84	0.00	6.70	175.00
	1289.85	0.00	6.70	175.00
	1289.86	0.00	6.75	176.00
	1289.87	0.00	6.71	174.00
	1289.88	0.00	6.66	175.00
	1289.89	0.00	6.63	174.00
	1289.91	0.00	6.62	174.00
	1289.92	0.00	6.63	174.00
	1289.93	0.00	6.63	174.00
	1289.94	0.00	6.62	174.00
	1289.95	0.00	6.62	174.00
	1289.96	0.00	6.63	174.00
	1289.97	0.00	6.61	173.00
	1289.99	0.00	6.66	175.00
	1290.00	0.00	6.69	175.00
	1290.01	0.00	6.62	174.00
	1290.02	0.00	6.63	174.00
	1290.03	0.00	6.63	174.00
	1290.04	0.00	6.66	174.00
	1290.06	0.00	6.58	173.00
	1290.07	0.00	6.65	174.00
	1290.08	0.00	6.28	235.00
	1290.09	0.00	6.05	316.00
	1290.10	0.00	5.43	445.00
	1290.11	0.00	5.39	487.00
	1290.13	0.00	5.16	615.00
	1290.14	0.00	5.06	698.00
	1290.15	0.00	4.99	757.00
	1290.16	0.00	4.98	794.00
	1290.17	0.00	4.97	805.00
	1290.18	0.00	4.98	812.00
	1290.19	0.00	4.98	810.00
	1290.20	0.00	5.01	798.00
	1290.22	0.00	5.06	767.00
	1290.23	0.00	5.13	731.00
	1290.24	0.00	5.39	654.00
	1290.25	0.00	5.42	630.00
	1290.26	0.00	5.45	607.00
	1290.27	0.00	5.49	579.00
	1290.29	0.00	5.55	543.00
	1290.30	0.00	5.64	517.00
	1290.31	0.00	5.70	486.00
	1290.32	0.00	5.77	456.00
	1290.33	0.00	5.98	390.00
	1290.34	0.00	6.03	374.00
	1290.35	0.00	6.04	368.00
	1290.36	0.00	6.07	361.00
	1290.38	0.00	6.08	355.00
	1290.39	0.00	6.11	348.00
	1290.40	0.00	6.11	345.00
	1290.41	0.00	6.13	340.00
	1290.42	0.00	6.13	334.00
	1290.44	0.00	6.14	330.00
	1290.45	0.00	6.17	323.00
	1290.46	0.00	6.20	319.00
	1290.47	0.00	6.22	311.00
	1290.48	0.00	6.23	307.00
	1290.49	0.00	6.24	304.00
	1290.50	0.00	6.26	297.00
	1290.52	0.00	6.29	297.00
	1290.53	0.00	6.55	243.00
	1290.54	0.00	6.59	191.00
	1290.55	0.00	6.78	199.00
	1290.56	0.00	6.77	199.00
	1290.57	0.00	6.76	200.00
	1290.58	0.00	6.75	200.00
	1290.60	0.00	6.77	201.00
	1290.61	0.00	6.78	202.00
	1290.62	0.00	6.78	201.00
	1290.63	0.00	6.76	201.00
	1290.64	0.00	6.76	200.00
	1290.65	0.00	6.75	200.00
	1290.66	0.00	6.72	198.00
	1290.68	0.00	6.71	197.00
	1290.69	0.00	6.71	197.00
	1290.70	0.00	6.75	197.00
	1290.71	0.00	6.76	197.00
	1290.72	0.00	6.70	194.00
	1290.73	0.00	6.63	191.00
	1290.75	0.00	7.76	243.00
	1290.76	0.00	7.77	243.00
	1290.77	0.00	8.00	254.00
	1290.78	0.00	7.89	246.00
	1290.79	0.00	7.67	230.00
	1290.80	0.00	6.54	177.00
	1290.81	0.00	6.56	176.00
	1290.82	0.00	6.57	175.00
	1290.84	0.00	6.68	176.00
	1290.85	0.00	6.64	175.00
	1290.86	0.00	6.66	175.00
	1290.87	0.00	6.67	175.00
	1290.88	0.00	6.69	175.00
	1290.90	0.00	6.70	175.00
	1290.91	0.00	6.70	175.00
	1290.92	0.00	6.73	175.00
	1290.93	0.00	6.63	174.00
	1290.94	0.00	6.63	174.00
	1290.95	0.00	6.65	174.00
	1290.96	0.00	6.65	174.00
	1290.98	0.00	6.65	174.00
	1290.99	0.00	6.62	173.00
	1291.00	0.00	6.62	173.00
	1291.01	0.00	6.65	174.00
	1291.02	0.00	6.65	174.00
	1291.03	0.00	6.62	173.00
	1291.04	0.00	6.66	175.00
	1291.06	0.00	6.66	175.00
	1291.07	0.00	6.66	175.00
	1291.08	0.00	6.66	175.00
	1291.09	0.00	6.66	175.00
	1291.10	0.00	6.67	175.00
	1291.11	0.00	6.67	175.00
	1291.13	0.00	6.67	175.00
	1291.14	0.00	6.66	174.00
	1291.15	0.00	6.61	174.00
	1291.16	0.00	6.61	174.00
	1291.17	0.00	6.61	174.00
	1291.18	0.00	6.57	173.00
	1291.19	0.00	6.61	174.00
	1291.21	0.00	6.61	174.00
	1291.22	0.00	6.61	174.00
	1291.23	0.00	6.61	174.00
	1291.24	0.00	6.60	173.00
	1291.25	0.00	6.69	174.00
	1291.26	0.00	6.29	234.00
	1291.28	0.00	6.08	312.00
	1291.29	0.00	5.60	409.00
	1291.30	0.00	5.43	468.00
	1291.31	0.00	5.22	575.00
	1291.32	0.00	5.10	647.00
	1291.33	0.00	5.08	695.00
	1291.34	0.00	5.04	732.00
	1291.36	0.00	5.01	755.00
	1291.37	0.00	4.97	782.00
	1291.38	0.00	4.96	803.00
	1291.39	0.00	4.93	817.00
	1291.40	0.00	4.91	824.00
	1291.41	0.00	4.91	834.00
	1291.43	0.00	4.91	836.00
	1291.44	0.00	4.91	837.00
	1291.45	0.00	4.92	832.00
	1291.46	0.00	4.94	822.00
	1291.47	0.00	4.96	800.00
	1291.48	0.00	5.02	772.00
	1291.49	0.00	5.06	743.00
	1291.51	0.00	5.10	715.00
	1291.52	0.00	5.14	691.00
	1291.53	0.00	5.16	674.00
	1291.54	0.00	5.19	657.00
	1291.55	0.00	5.21	642.00
	1291.56	0.00	5.44	580.00
	1291.57	0.00	5.47	567.00
	1291.59	0.00	5.48	555.00
	1291.60	0.00	5.52	545.00
	1291.61	0.00	5.54	527.00
	1291.62	0.00	5.56	516.00
	1291.63	0.00	5.57	501.00
	1291.64	0.00	5.61	485.00
	1291.66	0.00	5.61	469.00
	1291.67	0.00	6.51	492.00
	1291.68	0.00	6.63	472.00
	1291.69	0.00	7.11	413.00
	1291.70	0.00	7.31	410.00
	1291.71	0.00	7.34	399.00
	1291.72	0.00	7.56	395.00
	1291.74	0.00	7.70	393.00
	1291.75	0.00	8.20	339.00
	1291.76	0.00	8.55	294.00
	1291.77	0.00	8.61	300.00
	1291.78	0.00	8.67	304.00
	1291.79	0.00	8.75	309.00
	1291.80	0.00	8.79	313.00
	1291.82	0.00	8.86	316.00
	1291.83	0.00	8.85	315.00
	1291.84	0.00	8.86	314.00
	1291.85	0.00	8.81	311.00
	1291.86	0.00	8.73	304.00
	1291.87	0.00	8.52	290.00
	1291.89	0.00	8.34	276.00
	1291.90	0.00	8.24	270.00
	1291.91	0.00	8.11	262.00
	1291.92	0.00	8.31	273.00
	1291.93	0.00	8.55	286.00
	1291.94	0.00	8.80	299.00
	1291.95	0.00	8.79	293.00
	1291.97	0.00	8.32	261.00
	1291.98	0.00	7.69	226.00
	1291.99	0.00	6.50	174.00
	1292.00	0.00	6.59	175.00
	1292.01	0.00	6.59	175.00
	1292.02	0.00	6.60	175.00
	1292.04	0.00	6.62	175.00
	1292.05	0.00	6.63	175.00
	1292.06	0.00	6.64	175.00
	1292.07	0.00	6.67	175.00
	1292.08	0.00	6.65	174.00
	1292.09	0.00	6.62	173.00
	1292.10	0.00	6.57	173.00
	1292.11	0.00	6.58	173.00
	1292.13	0.00	6.58	173.00
	1292.14	0.00	6.60	173.00
	1292.15	0.00	6.60	173.00
	1292.16	0.00	6.59	172.00
	1292.17	0.00	6.57	172.00
	1292.19	0.00	6.66	174.00
	1292.20	0.00	6.60	172.00
	1292.21	0.00	6.62	174.00
	1292.22	0.00	6.62	174.00
	1292.23	0.00	6.62	174.00
	1292.24	0.00	6.62	174.00
	1292.25	0.00	6.63	174.00
	1292.27	0.00	6.63	174.00
	1292.28	0.00	6.63	174.00
	1292.29	0.00	6.58	173.00
	1292.30	0.00	6.57	173.00
	1292.31	0.00	6.57	173.00
	1292.32	0.00	6.57	173.00
	1292.33	0.00	6.55	173.00
	1292.35	0.00	6.59	174.00
	1292.36	0.00	6.61	174.00
	1292.37	0.00	6.58	173.00
	1292.38	0.00	6.58	173.00
	1292.39	0.00	6.58	173.00
	1292.40	0.00	6.58	173.00
	1292.42	0.00	6.58	173.00
	1292.43	0.00	6.29	223.00
	1292.44	0.00	6.23	237.00
	1292.45	0.00	5.54	389.00
	1292.46	0.00	5.25	482.00
	1292.47	0.00	5.03	594.00
	1292.48	0.00	4.91	697.00
	1292.50	0.00	4.83	792.00
	1292.51	0.00	4.82	853.00
	1292.52	0.00	4.82	886.00
	1292.53	0.00	4.80	918.00
	1292.54	0.00	4.80	931.00
	1292.55	0.00	4.76	955.00
	1292.56	0.00	4.76	969.00
	1292.58	0.00	4.75	973.00
	1292.59	0.00	4.74	977.00
	1292.60	0.00	4.72	979.00
	1292.61	0.00	4.72	977.00
	1292.62	0.00	4.75	965.00
	1292.64	0.00	4.76	942.00
	1292.65	0.00	4.80	912.00
	1292.66	0.00	4.83	879.00
	1292.67	0.00	4.87	843.00
	1292.68	0.00	4.92	814.00
	1292.69	0.00	4.97	782.00
	1292.70	0.00	5.00	751.00
	1292.71	0.00	5.05	721.00
	1292.73	0.00	5.09	692.00
	1292.74	0.00	5.13	664.00
	1292.75	0.00	5.19	636.00
	1292.76	0.00	5.44	568.00
	1292.77	0.00	5.48	545.00
	1292.78	0.00	5.49	532.00
	1292.80	0.00	5.53	515.00
	1292.81	0.00	5.55	500.00
	1292.82	0.00	5.60	484.00
	1292.83	0.00	5.63	469.00
	1292.84	0.00	5.67	447.00
	1292.85	0.00	5.71	427.00
	1292.86	0.00	5.75	407.00
	1292.88	0.00	6.87	397.00
	1292.89	0.00	7.06	399.00
	1292.90	0.00	7.16	395.00
	1292.91	0.00	7.28	389.00
	1292.92	0.00	7.47	385.00
	1292.93	0.00	7.94	333.00
	1292.94	0.00	8.02	330.00
	1292.96	0.00	8.38	283.00
	1292.97	0.00	8.40	287.00
	1292.98	0.00	8.44	291.00
	1292.99	0.00	8.48	295.00
	1293.00	0.00	9.80	348.00
	1293.02	0.00	9.86	350.00
	1293.03	0.00	9.91	350.00
	1293.04	0.00	9.92	347.00
	1293.05	0.00	9.82	335.00
	1293.06	0.00	9.85	333.00
	1293.07	0.00	9.86	332.00
	1293.08	0.00	9.93	336.00
	1293.09	0.00	10.06	343.00
	1293.11	0.00	9.95	343.00
	1293.12	0.00	10.20	366.00
	1293.13	0.00	9.36	340.00
	1293.14	0.00	9.40	337.00
	1293.15	0.00	8.88	292.00
	1293.16	0.00	8.12	247.00
	1293.18	0.00	6.51	174.00
	1293.19	0.00	6.57	173.00
	1293.20	0.00	6.68	173.00
	1293.21	0.00	6.66	174.00
	1293.22	0.00	6.67	173.00
	1293.23	0.00	6.68	174.00
	1293.25	0.00	6.69	174.00
	1293.26	0.00	6.69	174.00
	1293.27	0.00	6.69	174.00
	1293.28	0.00	6.71	174.00
	1293.29	0.00	6.73	174.00
	1293.30	0.00	6.65	173.00
	1293.31	0.00	6.64	173.00
	1293.33	0.00	6.64	173.00
	1293.34	0.00	6.64	173.00
	1293.35	0.00	6.64	173.00
	1293.36	0.00	6.64	173.00
	1293.37	0.00	6.63	172.00
	1293.38	0.00	6.63	172.00
	1293.39	0.00	6.60	172.00
	1293.41	0.00	6.63	172.00
	1293.42	0.00	6.65	174.00
	1293.43	0.00	6.66	174.00
	1293.44	0.00	6.66	174.00
	1293.45	0.00	6.66	174.00
	1293.46	0.00	6.65	174.00
	1293.47	0.00	6.65	174.00
	1293.49	0.00	6.65	174.00
	1293.50	0.00	6.66	174.00
	1293.51	0.00	6.61	173.00
	1293.52	0.00	6.58	173.00
	1293.53	0.00	6.60	173.00
	1293.55	0.00	6.60	173.00
	1293.56	0.00	6.60	173.00
	1293.57	0.00	6.60	173.00
	1293.58	0.00	6.58	173.00
	1293.59	0.00	6.62	174.00
	1293.60	0.00	6.60	173.00
	1293.61	0.00	6.62	174.00
	1293.63	0.00	6.62	174.00
	1293.64	0.00	6.60	173.00
	1293.65	0.00	6.61	173.00
	1293.66	0.00	6.62	174.00
	1293.67	0.00	6.61	173.00
	1293.68	0.00	6.63	174.00
	1293.69	0.00	6.30	233.00
	1293.71	0.00	5.43	412.00
	1293.72	0.00	5.02	558.00
	1293.73	0.00	4.78	721.00
	1293.74	0.00	4.66	877.00
	1293.75	0.00	4.68	945.00
	1293.76	0.00	4.71	963.00
	1293.78	0.00	4.77	948.00
	1293.79	0.00	4.82	937.00
	1293.80	0.00	4.85	936.00
	1293.81	0.00	4.89	923.00
	1293.82	0.00	4.90	911.00
	1293.83	0.00	4.91	900.00
	1293.84	0.00	4.95	882.00
	1293.86	0.00	5.00	848.00
	1293.87	0.00	5.21	763.00
	1293.88	0.00	5.25	722.00
	1293.89	0.00	5.30	676.00
	1293.90	0.00	5.37	635.00
	1293.91	0.00	5.43	595.00
	1293.93	0.00	5.50	565.00
	1293.94	0.00	5.54	531.00
	1293.95	0.00	5.56	500.00
	1293.96	0.00	5.63	468.00
	1293.97	0.00	5.67	444.00
	1293.98	0.00	5.74	415.00
	1293.99	0.00	6.07	353.00
	1294.01	0.00	6.10	337.00
	1294.02	0.00	6.11	324.00
	1294.03	0.00	6.15	314.00
	1294.04	0.00	6.18	306.00
	1294.05	0.00	6.18	300.00
	1294.06	0.00	6.51	241.00
	1294.07	0.00	6.24	289.00
	1294.09	0.00	6.64	189.00
	1294.10	0.00	6.66	190.00
	1294.11	0.00	6.66	190.00
	1294.12	0.00	6.72	193.00
	1294.13	0.00	6.74	194.00
	1294.14	0.00	6.76	195.00
	1294.15	0.00	6.78	196.00
	1294.17	0.00	6.79	197.00
	1294.18	0.00	6.79	197.00
	1294.19	0.00	6.81	198.00
	1294.20	0.00	6.77	198.00
	1294.21	0.00	6.79	199.00
	1294.22	0.00	6.80	200.00
	1294.23	0.00	6.75	199.00
	1294.25	0.00	9.24	299.00
	1294.26	0.00	9.31	302.00
	1294.27	0.00	9.45	306.00
	1294.28	0.00	8.81	261.00
	1294.29	0.00	8.89	262.00
	1294.30	0.00	9.00	265.00
	1294.31	0.00	9.05	264.00
	1294.33	0.00	9.80	312.00
	1294.34	0.00	8.93	257.00
	1294.35	0.00	9.73	307.00
	1294.36	0.00	9.57	302.00
	1294.37	0.00	9.64	311.00
	1294.39	0.00	8.37	268.00
	1294.40	0.00	8.51	267.00
	1294.41	0.00	8.04	246.00
	1294.42	0.00	7.65	224.00
	1294.43	0.00	6.50	173.00
	1294.44	0.00	6.53	173.00
	1294.45	0.00	6.67	172.00
	1294.47	0.00	6.70	173.00
	1294.48	0.00	6.70	173.00
	1294.49	0.00	6.70	173.00
	1294.50	0.00	6.70	173.00
	1294.51	0.00	6.69	174.00
	1294.52	0.00	6.69	174.00
	1294.53	0.00	6.71	174.00
	1294.55	0.00	6.71	174.00
	1294.56	0.00	6.71	174.00
	1294.57	0.00	6.69	174.00
	1294.58	0.00	6.67	173.00
	1294.59	0.00	6.70	173.00
	1294.60	0.00	6.61	172.00
	1294.61	0.00	6.60	172.00
	1294.63	0.00	6.60	172.00
	1294.64	0.00	6.60	172.00
	1294.65	0.00	6.59	172.00
	1294.66	0.00	6.61	173.00
	1294.67	0.00	6.62	173.00
	1294.69	0.00	6.60	173.00
	1294.70	0.00	6.60	173.00
	1294.71	0.00	6.60	173.00
	1294.72	0.00	6.63	174.00
	1294.73	0.00	6.63	174.00
	1294.74	0.00	6.62	174.00
	1294.75	0.00	6.62	174.00
	1294.77	0.00	6.62	174.00
	1294.78	0.00	6.63	174.00
	1294.79	0.00	6.63	174.00
	1294.80	0.00	6.63	174.00
	1294.81	0.00	6.62	174.00
	1294.82	0.00	6.62	174.00
	1294.83	0.00	6.62	174.00
	1294.84	0.00	6.62	174.00
	1294.86	0.00	6.62	174.00
	1294.87	0.00	6.63	174.00
	1294.88	0.00	6.62	173.00
	1294.89	0.00	6.61	173.00
	1294.90	0.00	6.64	173.00
	1294.92	0.00	6.18	291.00
	1294.93	0.00	5.37	444.00
	1294.94	0.00	4.99	597.00
	1294.95	0.00	4.73	799.00
	1294.96	0.00	4.64	931.00
	1294.97	0.00	4.68	971.00
	1294.98	0.00	4.73	970.00
	1295.00	0.00	4.76	990.00
	1295.01	0.00	4.79	1005.00
	1295.02	0.00	4.80	1018.00
	1295.03	0.00	4.80	1024.00
	1295.04	0.00	4.81	1031.00
	1295.05	0.00	4.79	1032.00
	1295.06	0.00	4.79	1032.00
	1295.08	0.00	4.79	1022.00
	1295.09	0.00	4.81	990.00
	1295.10	0.00	4.84	951.00
	1295.11	0.00	4.88	909.00
	1295.12	0.00	4.92	874.00
	1295.13	0.00	4.95	837.00
	1295.15	0.00	4.98	808.00
	1295.16	0.00	5.00	781.00
	1295.17	0.00	5.01	758.00
	1295.18	0.00	5.04	737.00
	1295.19	0.00	5.05	715.00
	1295.20	0.00	5.06	702.00
	1295.21	0.00	5.26	639.00
	1295.23	0.00	5.30	621.00
	1295.24	0.00	5.39	612.00
	1295.25	0.00	5.44	591.00
	1295.26	0.00	5.45	577.00
	1295.27	0.00	5.47	566.00
	1295.28	0.00	5.47	558.00
	1295.30	0.00	5.47	563.00
	1295.31	0.00	5.47	555.00
	1295.32	0.00	5.50	532.00
	1295.33	0.00	5.56	506.00
	1295.34	0.00	5.66	464.00
	1295.35	0.00	6.53	479.00
	1295.36	0.00	6.73	446.00
	1295.38	0.00	7.24	379.00
	1295.39	0.00	7.36	368.00
	1295.40	0.00	7.82	311.00
	1295.41	0.00	8.13	269.00
	1295.42	0.00	9.75	332.00
	1295.43	0.00	9.94	343.00
	1295.45	0.00	10.06	350.00
	1295.46	0.00	10.26	357.00
	1295.47	0.00	10.37	358.00
	1295.48	0.00	10.39	352.00
	1295.49	0.00	10.45	349.00
	1295.50	0.00	10.44	344.00
	1295.52	0.00	10.30	331.00
	1295.53	0.00	10.09	321.00
	1295.54	0.00	9.67	304.00
	1295.55	0.00	9.61	304.00
	1295.56	0.00	8.59	276.00
	1295.57	0.00	8.62	274.00
	1295.58	0.00	8.04	241.00
	1295.59	0.00	6.55	174.00
	1295.61	0.00	6.61	174.00
	1295.62	0.00	6.65	174.00
	1295.63	0.00	6.66	175.00
	1295.64	0.00	6.63	174.00
	1295.65	0.00	6.65	174.00
	1295.67	0.00	6.66	174.00
	1295.68	0.00	6.71	174.00
	1295.69	0.00	6.72	174.00
	1295.70	0.00	6.64	173.00
	1295.71	0.00	6.67	173.00
	1295.72	0.00	6.64	173.00
	1295.73	0.00	6.64	173.00
	1295.75	0.00	6.65	173.00
	1295.76	0.00	6.61	172.00
	1295.77	0.00	6.65	173.00
	1295.78	0.00	6.63	172.00
	1295.79	0.00	6.64	172.00
	1295.80	0.00	6.61	172.00
	1295.81	0.00	6.69	174.00
	1295.83	0.00	6.63	172.00
	1295.84	0.00	6.66	174.00
	1295.85	0.00	6.66	174.00
	1295.86	0.00	6.66	174.00
	1295.87	0.00	6.65	174.00
	1295.88	0.00	6.69	174.00
	1295.90	0.00	6.66	174.00
	1295.91	0.00	6.66	174.00
	1295.92	0.00	6.66	174.00
	1295.93	0.00	6.68	174.00
	1295.94	0.00	6.58	173.00
	1295.95	0.00	6.61	174.00
	1295.96	0.00	6.58	173.00
	1295.98	0.00	6.58	173.00
	1295.99	0.00	6.61	174.00
	1296.00	0.00	6.61	174.00
	1296.01	0.00	6.62	174.00
	1296.02	0.00	6.62	174.00
	1296.03	0.00	6.62	174.00
	1296.05	0.00	6.63	174.00
	1296.06	0.00	6.33	226.00
	1296.07	0.00	5.62	379.00
	1296.08	0.00	5.07	534.00
	1296.09	0.00	4.75	749.00
	1296.10	0.00	4.67	869.00
	1296.11	0.00	4.69	931.00
	1296.13	0.00	4.74	960.00
	1296.14	0.00	4.80	966.00
	1296.15	0.00	4.89	960.00
	1296.16	0.00	4.95	953.00
	1296.17	0.00	4.99	932.00
	1296.18	0.00	5.04	906.00
	1296.19	0.00	5.23	825.00
	1296.21	0.00	5.27	796.00
	1296.22	0.00	5.31	761.00
	1296.23	0.00	5.36	722.00
	1296.24	0.00	5.38	691.00
	1296.25	0.00	5.43	663.00
	1296.26	0.00	5.48	630.00
	1296.28	0.00	5.53	598.00
	1296.29	0.00	5.59	557.00
	1296.30	0.00	5.66	519.00
	1296.31	0.00	5.73	488.00
	1296.32	0.00	5.81	458.00
	1296.33	0.00	5.84	437.00
	1296.34	0.00	5.85	422.00
	1296.35	0.00	5.87	415.00
	1296.37	0.00	5.87	408.00
	1296.38	0.00	6.10	351.00
	1296.39	0.00	6.10	345.00
	1296.40	0.00	6.14	337.00
	1296.41	0.00	6.13	331.00
	1296.42	0.00	6.15	323.00
	1296.44	0.00	6.15	317.00
	1296.45	0.00	6.31	321.00
	1296.46	0.00	6.33	313.00
	1296.47	0.00	6.36	310.00
	1296.48	0.00	6.38	310.00
	1296.49	0.00	6.38	308.00
	1296.50	0.00	6.38	306.00
	1296.52	0.00	6.67	254.00
	1296.53	0.00	6.69	253.00
	1296.54	0.00	6.66	251.00
	1296.55	0.00	6.68	253.00
	1296.56	0.00	6.69	249.00
	1296.57	0.00	6.84	200.00
	1296.58	0.00	6.82	201.00
	1296.60	0.00	8.78	261.00
	1296.61	0.00	8.99	270.00
	1296.62	0.00	9.28	281.00
	1296.63	0.00	9.75	298.00
	1296.64	0.00	10.07	309.00
	1296.65	0.00	10.26	316.00
	1296.67	0.00	10.44	322.00
	1296.68	0.00	10.59	326.00
	1296.69	0.00	10.59	323.00
	1296.70	0.00	10.49	315.00
	1296.71	0.00	10.22	302.00
	1296.72	0.00	9.99	291.00
	1296.73	0.00	10.38	328.00
	1296.75	0.00	10.18	325.00
	1296.76	0.00	10.19	329.00
	1296.77	0.00	9.95	317.00
	1296.78	0.00	7.96	236.00
	1296.79	0.00	6.55	174.00
	1296.80	0.00	6.58	174.00
	1296.82	0.00	6.72	175.00
	1296.83	0.00	6.75	174.00
	1296.84	0.00	6.73	174.00
	1296.85	0.00	6.77	175.00
	1296.86	0.00	6.74	175.00
	1296.87	0.00	6.77	175.00
	1296.89	0.00	6.73	174.00
	1296.90	0.00	6.65	173.00
	1296.91	0.00	6.68	174.00
	1296.92	0.00	6.65	173.00
	1296.93	0.00	6.65	173.00
	1296.94	0.00	6.65	173.00
	1296.95	0.00	6.65	173.00
	1296.96	0.00	6.67	173.00
	1296.98	0.00	6.68	174.00
	1296.99	0.00	6.69	174.00
	1297.00	0.00	6.65	174.00
	1297.01	0.00	6.66	174.00
	1297.02	0.00	6.68	174.00
	1297.04	0.00	6.68	174.00
	1297.05	0.00	6.69	174.00
	1297.06	0.00	6.68	174.00
	1297.07	0.00	6.69	174.00
	1297.08	0.00	6.68	174.00
	1297.09	0.00	6.68	174.00
	1297.10	0.00	6.68	174.00
	1297.12	0.00	6.62	173.00
	1297.13	0.00	6.61	173.00
	1297.14	0.00	6.61	173.00
	1297.15	0.00	6.61	173.00
	1297.16	0.00	6.61	173.00
	1297.17	0.00	6.61	173.00
	1297.18	0.00	6.60	173.00
	1297.20	0.00	6.61	173.00
	1297.21	0.00	6.61	173.00
	1297.22	0.00	6.63	174.00
	1297.23	0.00	6.63	174.00
	1297.24	0.00	6.65	174.00
	1297.25	0.00	6.65	174.00
	1297.27	0.00	6.71	174.00
	1297.28	0.00	6.20	291.00
	1297.29	0.00	5.47	422.00
	1297.30	0.00	5.09	579.00
	1297.31	0.00	4.96	670.00
	1297.32	0.00	4.86	762.00
	1297.33	0.00	4.81	843.00
	1297.35	0.00	4.81	887.00
	1297.36	0.00	4.82	908.00
	1297.37	0.00	4.83	925.00
	1297.38	0.00	4.86	951.00
	1297.39	0.00	4.88	946.00
	1297.40	0.00	4.89	944.00
	1297.42	0.00	4.90	941.00
	1297.43	0.00	4.91	927.00
	1297.44	0.00	5.10	853.00
	1297.45	0.00	5.14	820.00
	1297.46	0.00	5.20	780.00
	1297.47	0.00	5.26	737.00
	1297.48	0.00	5.31	694.00
	1297.50	0.00	5.36	667.00
	1297.51	0.00	5.41	633.00
	1297.52	0.00	5.46	603.00
	1297.53	0.00	5.50	574.00
	1297.54	0.00	5.53	551.00
	1297.55	0.00	5.57	525.00
	1297.56	0.00	5.57	506.00
	1297.58	0.00	5.61	488.00
	1297.59	0.00	5.63	475.00
	1297.60	0.00	5.66	449.00
	1297.61	0.00	5.71	428.00
	1297.62	0.00	5.71	417.00
	1297.63	0.00	5.77	400.00
	1297.65	0.00	5.81	383.00
	1297.66	0.00	5.80	376.00
	1297.67	0.00	5.81	372.00
	1297.68	0.00	5.82	367.00
	1297.69	0.00	5.84	366.00
	1297.70	0.00	5.84	359.00
	1297.71	0.00	5.83	356.00
	1297.73	0.00	7.37	307.00
	1297.74	0.00	7.43	305.00
	1297.75	0.00	7.47	301.00
	1297.76	0.00	7.57	298.00
	1297.77	0.00	7.78	247.00
	1297.78	0.00	7.88	254.00
	1297.80	0.00	9.41	310.00
	1297.81	0.00	9.56	317.00
	1297.82	0.00	9.72	325.00
	1297.83	0.00	9.86	333.00
	1297.84	0.00	9.93	331.00
	1297.85	0.00	10.01	331.00
	1297.86	0.00	9.92	322.00
	1297.88	0.00	9.92	317.00
	1297.89	0.00	9.89	313.00
	1297.90	0.00	9.01	257.00
	1297.91	0.00	8.58	242.00
	1297.92	0.00	8.37	234.00
	1297.93	0.00	9.13	279.00
	1297.94	0.00	7.97	242.00
	1297.96	0.00	8.29	257.00
	1297.97	0.00	8.19	249.00
	1297.98	0.00	6.57	175.00
	1297.99	0.00	6.58	174.00
	1298.00	0.00	6.63	175.00
	1298.01	0.00	6.66	174.00
	1298.03	0.00	6.69	175.00
	1298.04	0.00	6.68	174.00
	1298.05	0.00	6.66	174.00
	1298.06	0.00	6.68	174.00
	1298.07	0.00	6.68	174.00
	1298.08	0.00	6.69	174.00
	1298.09	0.00	6.69	174.00
	1298.11	0.00	6.68	174.00
	1298.12	0.00	6.69	174.00
	1298.13	0.00	6.69	174.00
	1298.14	0.00	6.69	174.00
	1298.15	0.00	6.72	174.00
	1298.16	0.00	6.73	174.00
	1298.18	0.00	6.73	174.00
	1298.19	0.00	6.73	174.00
	1298.20	0.00	6.64	173.00
	1298.21	0.00	6.64	173.00
	1298.22	0.00	6.64	173.00
	1298.23	0.00	6.63	172.00
	1298.25	0.00	6.64	173.00
	1298.26	0.00	6.64	173.00
	1298.27	0.00	6.65	173.00
	1298.28	0.00	6.65	173.00
	1298.29	0.00	6.61	172.00
	1298.30	0.00	6.63	174.00
	1298.31	0.00	6.66	174.00
	1298.32	0.00	6.66	174.00
	1298.34	0.00	6.66	174.00
	1298.35	0.00	6.65	174.00
	1298.36	0.00	6.68	174.00
	1298.37	0.00	6.68	174.00
	1298.38	0.00	6.67	173.00
	1298.40	0.00	6.61	173.00
	1298.41	0.00	6.62	173.00
	1298.42	0.00	6.62	173.00
	1298.43	0.00	6.60	173.00
	1298.44	0.00	6.60	173.00
	1298.45	0.00	6.61	173.00
	1298.46	0.00	6.61	173.00
	1298.48	0.00	6.61	173.00
	1298.49	0.00	6.62	173.00
	1298.50	0.00	6.61	173.00
	1298.51	0.00	6.62	173.00
	1298.52	0.00	6.67	173.00
	1298.53	0.00	6.24	283.00
	1298.54	0.00	5.38	436.00
	1298.56	0.00	4.92	628.00
	1298.57	0.00	4.69	804.00
	1298.58	0.00	4.62	945.00
	1298.59	0.00	4.60	1022.00
	1298.60	0.00	4.65	1052.00
	1298.61	0.00	4.71	1048.00
	1298.63	0.00	4.79	1028.00
	1298.64	0.00	4.87	1018.00
	1298.65	0.00	4.90	999.00
	1298.66	0.00	4.91	983.00
	1298.67	0.00	4.95	953.00
	1298.68	0.00	5.00	911.00
	1298.69	0.00	5.20	826.00
	1298.71	0.00	5.22	800.00
	1298.72	0.00	5.26	765.00
	1298.73	0.00	5.29	731.00
	1298.74	0.00	5.34	702.00
	1298.75	0.00	5.40	668.00
	1298.76	0.00	5.44	640.00
	1298.78	0.00	5.49	610.00
	1298.79	0.00	5.54	579.00
	1298.80	0.00	5.57	564.00
	1298.81	0.00	5.61	544.00
	1298.82	0.00	5.62	536.00
	1298.83	0.00	5.63	526.00
	1298.84	0.00	5.65	519.00
	1298.85	0.00	5.66	512.00
	1298.87	0.00	5.65	503.00
	1298.88	0.00	5.66	492.00
	1298.89	0.00	5.68	484.00
	1298.90	0.00	5.69	472.00
	1298.91	0.00	5.70	468.00
	1298.92	0.00	5.73	454.00
	1298.94	0.00	5.74	447.00
	1298.95	0.00	5.76	434.00
	1298.96	0.00	5.79	424.00
	1298.97	0.00	5.81	411.00
	1298.98	0.00	5.84	396.00
	1298.99	0.00	5.89	386.00
	1299.01	0.00	7.67	384.00
	1299.02	0.00	6.24	329.00
	1299.03	0.00	7.67	375.00
	1299.04	0.00	7.70	369.00
	1299.05	0.00	7.73	364.00
	1299.06	0.00	7.79	361.00
	1299.07	0.00	7.84	358.00
	1299.08	0.00	8.21	307.00
	1299.10	0.00	8.27	306.00
	1299.11	0.00	8.29	305.00
	1299.12	0.00	8.23	300.00
	1299.13	0.00	8.30	300.00
	1299.14	0.00	8.31	300.00
	1299.15	0.00	8.31	300.00
	1299.17	0.00	8.33	302.00
	1299.18	0.00	8.21	296.00
	1299.19	0.00	8.26	298.00
	1299.20	0.00	8.56	248.00
	1299.21	0.00	8.47	246.00
	1299.22	0.00	8.53	248.00
	1299.23	0.00	8.39	245.00
	1299.25	0.00	8.50	245.00
	1299.26	0.00	8.44	243.00
	1299.27	0.00	8.48	243.00
	1299.28	0.00	6.70	191.00
	1299.29	0.00	6.69	191.00
	1299.30	0.00	6.68	190.00
	1299.31	0.00	6.54	240.00
	1299.33	0.00	6.55	243.00
	1299.34	0.00	6.53	246.00
	1299.35	0.00	6.51	247.00
	1299.36	0.00	6.51	250.00
	1299.37	0.00	6.54	253.00
	1299.38	0.00	6.47	254.00
	1299.40	0.00	6.44	254.00
	1299.41	0.00	6.44	254.00
	1299.42	0.00	6.43	254.00
	1299.43	0.00	6.44	254.00
	1299.44	0.00	6.17	307.00
	1299.45	0.00	6.16	309.00
	1299.46	0.00	5.95	360.00
	1299.48	0.00	5.94	361.00
	1299.49	0.00	5.93	362.00
	1299.50	0.00	5.96	364.00
	1299.51	0.00	5.93	366.00
	1299.52	0.00	5.92	368.00
	1299.53	0.00	5.91	372.00
	1299.55	0.00	5.93	375.00
	1299.56	0.00	5.93	374.00
	1299.57	0.00	5.93	374.00
	1299.58	0.00	5.93	373.00
	1299.59	0.00	5.92	375.00
	1299.60	0.00	5.92	376.00
	1299.61	0.00	5.92	376.00
	1299.63	0.00	5.93	376.00
	1299.64	0.00	5.93	375.00
	1299.65	0.00	5.92	375.00
	1299.66	0.00	5.92	377.00
	1299.67	0.00	5.90	377.00
	1299.68	0.00	5.92	377.00
	1299.69	0.00	5.90	376.00
	1299.71	0.00	5.83	376.00
	1299.72	0.00	5.83	376.00
	1299.73	0.00	5.88	375.00
	1299.74	0.00	5.83	376.00
	1299.75	0.00	5.85	376.00
	1299.77	0.00	5.85	372.00
	1299.78	0.00	5.85	371.00
	1299.79	0.00	5.86	369.00
	1299.80	0.00	5.87	367.00
	1299.81	0.00	5.87	366.00
	1299.82	0.00	5.86	365.00
	1299.83	0.00	5.86	364.00
	1299.85	0.00	5.87	363.00
	1299.86	0.00	5.88	361.00
	1299.87	0.00	6.10	311.00
	1299.88	0.00	5.87	362.00
	1299.89	0.00	5.89	360.00
	1299.90	0.00	5.89	361.00
	1299.91	0.00	5.89	361.00
	1299.93	0.00	5.89	361.00
	1299.94	0.00	5.90	362.00
	1299.95	0.00	5.89	364.00
	1299.96	0.00	5.86	363.00
	1299.97	0.00	5.87	364.00
	1299.98	0.00	5.88	364.00
	1300.00	0.00	5.88	364.00
	1300.01	0.00	5.90	364.00
	1300.02	0.00	5.91	364.00
	1300.03	0.00	5.90	363.00
	1300.04	0.00	5.88	362.00
	1300.05	0.00	5.90	362.00
	1300.06	0.00	5.86	361.00
	1300.08	0.00	5.87	360.00
	1300.09	0.00	5.88	359.00
	1300.10	0.00	5.87	360.00
	1300.11	0.00	5.87	360.00
	1300.12	0.00	5.87	360.00
	1300.13	0.00	5.87	360.00
	1300.15	0.00	5.87	360.00
	1300.16	0.00	5.88	360.00
	1300.17	0.00	5.88	359.00
	1300.18	0.00	5.87	358.00
	1300.19	0.00	5.87	358.00
	1300.20	0.00	5.86	356.00
	1300.21	0.00	5.88	357.00
	1300.23	0.00	5.89	356.00
	1300.24	0.00	5.89	357.00
	1300.25	0.00	5.88	357.00
	1300.26	0.00	5.89	358.00
	1300.27	0.00	5.88	356.00
	1300.28	0.00	5.87	357.00
	1300.30	0.00	5.87	357.00
	1300.31	0.00	5.87	357.00
	1300.32	0.00	5.85	358.00
	1300.33	0.00	5.87	359.00
	1300.34	0.00	5.86	360.00
	1300.35	0.00	5.87	360.00
	1300.36	0.00	5.86	361.00
	1300.38	0.00	5.86	361.00
	1300.39	0.00	5.86	361.00
	1300.40	0.00	5.86	362.00
	1300.41	0.00	5.86	362.00
	1300.42	0.00	5.86	362.00
	1300.43	0.00	5.86	363.00
	1300.45	0.00	5.84	363.00
	1300.46	0.00	5.84	363.00
	1300.47	0.00	5.83	362.00
	1300.48	0.00	5.84	363.00
	1300.49	0.00	5.83	362.00
	1300.50	0.00	5.83	362.00
	1300.52	0.00	5.83	363.00
	1300.53	0.00	5.82	364.00
	1300.54	0.00	5.83	362.00
	1300.55	0.00	5.83	363.00
	1300.56	0.00	5.83	363.00
	1300.57	0.00	5.83	363.00
	1300.58	0.00	5.90	365.00
	1300.60	0.00	5.88	364.00
	1300.61	0.00	5.89	364.00
	1300.62	0.00	5.90	363.00
	1300.63	0.00	5.91	362.00
	1300.64	0.00	5.90	361.00
	1300.65	0.00	5.90	362.00
	1300.67	0.00	5.89	365.00
	1300.68	0.00	5.89	364.00
	1300.69	0.00	5.88	363.00
	1300.70	0.00	5.88	362.00
	1300.71	0.00	5.88	364.00
	1300.72	0.00	5.88	363.00
	1300.73	0.00	5.89	364.00
	1300.75	0.00	5.90	364.00
	1300.76	0.00	5.90	363.00
	1300.77	0.00	5.88	362.00
	1300.78	0.00	5.89	362.00
	1300.79	0.00	5.90	360.00
	1300.80	0.00	5.89	358.00
	1300.81	0.00	5.89	358.00
	1300.83	0.00	5.88	359.00
	1300.84	0.00	5.89	361.00
	1300.85	0.00	5.87	361.00
	1300.86	0.00	5.88	360.00
	1300.87	0.00	5.86	360.00
	1300.89	0.00	5.94	363.00
	1300.90	0.00	5.96	362.00
	1300.91	0.00	5.96	362.00
	1300.92	0.00	5.96	362.00
	1300.93	0.00	5.96	362.00
	1300.94	0.00	5.97	359.00
	1300.95	0.00	5.94	364.00
	1300.97	0.00	5.95	362.00
	1300.98	0.00	5.95	366.00
	1300.99	0.00	5.91	364.00
	1301.00	0.00	5.95	366.00
	1301.01	0.00	5.95	366.00
	1301.02	0.00	5.95	366.00
	1301.04	0.00	5.95	366.00
	1301.05	0.00	5.95	366.00
	1301.06	0.00	5.95	366.00
	1301.07	0.00	5.93	366.00
	1301.08	0.00	5.95	367.00
	1301.09	0.00	5.94	368.00
	1301.10	0.00	5.96	368.00
	1301.12	0.00	5.97	368.00
	1301.13	0.00	5.94	370.00
	1301.14	0.00	5.92	369.00
	1301.15	0.00	5.94	372.00
	1301.16	0.00	5.95	371.00
	1301.17	0.00	5.95	371.00
	1301.19	0.00	5.95	371.00
	1301.20	0.00	5.94	372.00
	1301.21	0.00	5.94	373.00
	1301.22	0.00	5.92	373.00
	1301.23	0.00	5.93	373.00
	1301.24	0.00	5.94	375.00
	1301.26	0.00	5.93	375.00
	1301.27	0.00	5.94	375.00
	1301.28	0.00	5.93	377.00
	1301.29	0.00	5.93	378.00
	1301.30	0.00	5.93	378.00
	1301.31	0.00	5.92	379.00
	1301.32	0.00	5.94	379.00
	1301.34	0.00	5.95	379.00
	1301.35	0.00	5.90	377.00
	1301.36	0.00	5.87	380.00
	1301.37	0.00	5.85	380.00
	1301.38	0.00	5.86	379.00
	1301.39	0.00	5.87	378.00
	1301.40	0.00	5.87	378.00
	1301.42	0.00	5.85	379.00
	1301.43	0.00	5.86	380.00
	1301.44	0.00	5.86	379.00
	1301.45	0.00	5.87	379.00
	1301.46	0.00	5.87	378.00
	1301.47	0.00	5.87	379.00
	1301.48	0.00	5.88	378.00
	1301.50	0.00	5.90	378.00
	1301.51	0.00	5.90	375.00
	1301.52	0.00	5.90	375.00
	1301.53	0.00	5.89	374.00
	1301.54	0.00	5.89	373.00
	1301.56	0.00	5.87	377.00
	1301.57	0.00	5.89	376.00
	1301.58	0.00	5.89	377.00
	1301.59	0.00	5.89	375.00
	1301.60	0.00	5.85	372.00
	1301.61	0.00	5.83	373.00
	1301.62	0.00	5.82	373.00
	1301.64	0.00	5.82	372.00
	1301.65	0.00	5.80	372.00
	1301.66	0.00	5.82	371.00
	1301.67	0.00	5.84	369.00
	1301.68	0.00	5.82	373.00
	1301.69	0.00	5.82	374.00
	1301.70	0.00	5.82	374.00
	1301.72	0.00	5.83	375.00
	1301.73	0.00	5.82	378.00
	1301.74	0.00	5.81	379.00
	1301.75	0.00	5.84	381.00
	1301.76	0.00	5.81	382.00
	1301.77	0.00	5.81	383.00
	1301.79	0.00	5.80	386.00
	1301.80	0.00	5.80	389.00
	1301.81	0.00	5.80	393.00
	1301.82	0.00	5.79	398.00
	1301.83	0.00	5.78	401.00
	1301.84	0.00	5.77	405.00
	1301.85	0.00	5.78	409.00
	1301.87	0.00	5.74	414.00
	1301.88	0.00	5.74	415.00
	1301.89	0.00	5.75	418.00
	1301.90	0.00	5.75	423.00
	1301.91	0.00	5.74	429.00
	1301.92	0.00	5.73	433.00
	1301.94	0.00	5.72	438.00
	1301.95	0.00	5.71	444.00
	1301.96	0.00	5.70	450.00
	1301.97	0.00	5.70	453.00
	1301.98	0.00	5.69	457.00
	1301.99	0.00	5.68	459.00
	1302.00	0.00	5.68	461.00
	1302.02	0.00	5.67	464.00
	1302.03	0.00	5.67	467.00
	1302.04	0.00	5.66	469.00
	1302.05	0.00	5.66	470.00
	1302.06	0.00	5.67	473.00
	1302.07	0.00	5.69	471.00
	1302.08	0.00	5.69	472.00
	1302.10	0.00	5.69	472.00
	1302.11	0.00	5.70	474.00
	1302.12	0.00	5.68	477.00
	1302.13	0.00	5.67	477.00
	1302.14	0.00	5.67	476.00
	1302.15	0.00	5.69	477.00
	1302.17	0.00	5.69	477.00
	1302.18	0.00	5.68	478.00
	1302.19	0.00	5.68	478.00
	1302.20	0.00	5.68	480.00
	1302.21	0.00	5.68	480.00
	1302.22	0.00	5.66	481.00
	1302.23	0.00	5.67	483.00
	1302.25	0.00	5.66	484.00
	1302.26	0.00	5.65	487.00
	1302.27	0.00	5.64	490.00
	1302.28	0.00	5.64	494.00
	1302.29	0.00	5.62	495.00
	1302.30	0.00	5.61	497.00
	1302.32	0.00	5.61	503.00
	1302.33	0.00	5.62	504.00
	1302.34	0.00	5.60	505.00
	1302.35	0.00	5.60	508.00
	1302.36	0.00	5.59	510.00
	1302.37	0.00	5.59	512.00
	1302.38	0.00	5.58	513.00
	1302.40	0.00	5.57	515.00
	1302.41	0.00	5.56	515.00
	1302.42	0.00	5.64	520.00
	1302.43	0.00	5.63	521.00
	1302.44	0.00	5.63	522.00
	1302.45	0.00	5.64	523.00
	1302.46	0.00	5.60	526.00
	1302.48	0.00	5.60	527.00
	1302.49	0.00	5.59	530.00
	1302.50	0.00	5.59	532.00
	1302.51	0.00	5.59	535.00
	1302.52	0.00	5.57	539.00
	1302.53	0.00	5.59	542.00
	1302.55	0.00	5.55	542.00
	1302.56	0.00	5.57	545.00
	1302.57	0.00	5.57	548.00
	1302.58	0.00	5.57	548.00
	1302.59	0.00	5.57	549.00
	1302.60	0.00	5.56	550.00
	1302.61	0.00	5.58	551.00
	1302.63	0.00	5.55	553.00
	1302.64	0.00	5.56	553.00
	1302.65	0.00	5.57	555.00
	1302.66	0.00	5.56	556.00
	1302.67	0.00	5.54	555.00
	1302.68	0.00	5.56	556.00
	1302.69	0.00	5.54	554.00
	1302.71	0.00	5.53	555.00
	1302.72	0.00	5.52	557.00
	1302.73	0.00	5.56	559.00
	1302.74	0.00	5.54	561.00
	1302.75	0.00	5.53	562.00
	1302.76	0.00	5.54	565.00
	1302.78	0.00	5.46	564.00
	1302.79	0.00	5.49	564.00
	1302.80	0.00	5.49	566.00
	1302.81	0.00	5.48	566.00
	1302.82	0.00	5.47	565.00
	1302.83	0.00	5.47	569.00
	1302.84	0.00	5.45	569.00
	1302.86	0.00	5.45	571.00
	1302.87	0.00	5.46	574.00
	1302.88	0.00	5.47	576.00
	1302.89	0.00	5.47	576.00
	1302.90	0.00	5.47	577.00
	1302.91	0.00	5.48	579.00
	1302.93	0.00	5.45	579.00
	1302.94	0.00	5.47	580.00
	1302.95	0.00	5.46	583.00
	1302.96	0.00	5.44	585.00
	1302.97	0.00	5.43	592.00
	1302.98	0.00	5.43	595.00
	1302.99	0.00	5.42	595.00
	1303.01	0.00	5.44	597.00
	1303.02	0.00	5.38	597.00
	1303.03	0.00	5.40	597.00
	1303.04	0.00	5.40	597.00
	1303.05	0.00	5.40	597.00
	1303.06	0.00	5.40	597.00
	1303.07	0.00	5.40	597.00
	1303.09	0.00	5.40	597.00
	1303.10	0.00	5.40	596.00
	1303.11	0.00	5.40	594.00
	1303.12	0.00	5.41	594.00
	1303.13	0.00	5.40	596.00
	1303.14	0.00	5.39	595.00
	1303.16	0.00	5.40	596.00
	1303.17	0.00	5.40	595.00
	1303.18	0.00	5.40	596.00
	1303.19	0.00	5.40	596.00
	1303.20	0.00	5.40	596.00
	1303.21	0.00	5.41	596.00
	1303.22	0.00	5.40	598.00
	1303.23	0.00	5.38	595.00
	1303.25	0.00	5.41	598.00
	1303.26	0.00	5.40	599.00
	1303.27	0.00	5.40	599.00
	1303.28	0.00	5.40	598.00
	1303.29	0.00	5.41	600.00
	1303.31	0.00	5.40	603.00
	1303.32	0.00	5.39	605.00
	1303.33	0.00	5.39	606.00
	1303.34	0.00	5.39	606.00
	1303.35	0.00	5.39	606.00
	1303.36	0.00	5.39	606.00
	1303.37	0.00	5.40	609.00
	1303.39	0.00	5.39	611.00
	1303.40	0.00	5.40	612.00
	1303.41	0.00	5.39	613.00
	1303.42	0.00	5.40	616.00
	1303.43	0.00	5.41	620.00
	1303.44	0.00	5.39	621.00
	1303.45	0.00	5.41	623.00
	1303.46	0.00	5.40	622.00
	1303.48	0.00	5.41	622.00
	1303.49	0.00	5.41	622.00
	1303.50	0.00	5.39	620.00
	1303.51	0.00	5.42	618.00
	1303.52	0.00	5.40	618.00
	1303.53	0.00	5.40	618.00
	1303.55	0.00	5.41	615.00
	1303.56	0.00	5.41	613.00
	1303.57	0.00	5.41	609.00
	1303.58	0.00	5.41	606.00
	1303.59	0.00	5.42	603.00
	1303.60	0.00	5.42	600.00
	1303.61	0.00	5.41	601.00
	1303.63	0.00	5.41	601.00
	1303.64	0.00	5.39	596.00
	1303.65	0.00	5.41	595.00
	1303.66	0.00	5.39	594.00
	1303.67	0.00	5.40	591.00
	1303.68	0.00	5.40	589.00
	1303.70	0.00	5.48	593.00
	1303.71	0.00	5.47	593.00
	1303.72	0.00	5.48	593.00
	1303.73	0.00	5.48	591.00
	1303.74	0.00	5.48	590.00
	1303.75	0.00	5.47	589.00
	1303.76	0.00	5.47	595.00
	1303.78	0.00	5.46	596.00
	1303.79	0.00	5.47	597.00
	1303.80	0.00	5.46	599.00
	1303.81	0.00	5.45	597.00
	1303.82	0.00	5.47	601.00
	1303.83	0.00	5.48	602.00
	1303.84	0.00	5.47	604.00
	1303.86	0.00	5.47	605.00
	1303.87	0.00	5.49	607.00
	1303.88	0.00	5.48	609.00
	1303.89	0.00	5.47	612.00
	1303.90	0.00	5.48	616.00
	1303.91	0.00	5.47	618.00
	1303.93	0.00	5.45	619.00
	1303.94	0.00	5.46	623.00
	1303.95	0.00	5.47	626.00
	1303.96	0.00	5.45	626.00
	1303.97	0.00	5.46	628.00
	1303.98	0.00	5.47	626.00
	1303.99	0.00	5.47	625.00
	1304.01	0.00	5.49	622.00
	1304.02	0.00	5.49	619.00
	1304.03	0.00	5.46	615.00
	1304.04	0.00	5.45	613.00
	1304.05	0.00	5.45	610.00
	1304.06	0.00	5.46	608.00
	1304.07	0.00	5.47	605.00
	1304.09	0.00	5.47	603.00
	1304.10	0.00	5.46	598.00
	1304.11	0.00	5.47	594.00
	1304.12	0.00	5.51	590.00
	1304.13	0.00	5.51	585.00
	1304.14	0.00	5.52	578.00
	1304.16	0.00	5.53	569.00
	1304.17	0.00	5.53	565.00
	1304.18	0.00	5.55	558.00
	1304.19	0.00	5.57	552.00
	1304.20	0.00	5.58	547.00
	1304.21	0.00	5.59	540.00
	1304.22	0.00	5.58	535.00
	1304.24	0.00	5.55	527.00
	1304.25	0.00	5.56	523.00
	1304.26	0.00	5.56	514.00
	1304.27	0.00	5.64	506.00
	1304.28	0.00	5.63	502.00
	1304.29	0.00	5.59	495.00
	1304.30	0.00	5.59	491.00
	1304.31	0.00	5.60	485.00
	1304.33	0.00	5.62	480.00
	1304.34	0.00	5.63	476.00
	1304.35	0.00	5.61	467.00
	1304.36	0.00	5.64	467.00
	1304.37	0.00	5.65	463.00
	1304.39	0.00	5.63	462.00
	1304.40	0.00	5.63	460.00
	1304.41	0.00	5.67	459.00
	1304.42	0.00	5.66	453.00
	1304.43	0.00	5.66	452.00
	1304.44	0.00	5.66	449.00
	1304.45	0.00	5.67	447.00
	1304.47	0.00	5.68	443.00
	1304.48	0.00	5.68	441.00
	1304.49	0.00	5.69	439.00
	1304.50	0.00	5.69	438.00
	1304.51	0.00	5.69	437.00
	1304.52	0.00	5.69	437.00
	1304.54	0.00	5.69	435.00
	1304.55	0.00	5.69	436.00
	1304.56	0.00	5.68	434.00
	1304.57	0.00	5.70	436.00
	1304.58	0.00	5.71	435.00
	1304.59	0.00	5.69	435.00
	1304.60	0.00	5.69	436.00
	1304.61	0.00	5.66	435.00
	1304.63	0.00	5.69	436.00
	1304.64	0.00	5.70	436.00
	1304.65	0.00	5.69	436.00
	1304.66	0.00	5.70	433.00
	1304.67	0.00	5.70	434.00
	1304.69	0.00	5.68	433.00
	1304.70	0.00	5.69	431.00
	1304.71	0.00	5.74	431.00
	1304.72	0.00	5.75	430.00
	1304.73	0.00	5.75	431.00
	1304.74	0.00	5.75	431.00
	1304.76	0.00	5.76	430.00
	1304.77	0.00	5.76	429.00
	1304.78	0.00	5.76	428.00
	1304.79	0.00	5.75	430.00
	1304.80	0.00	5.74	428.00
	1304.81	0.00	5.74	427.00
	1304.82	0.00	5.74	429.00
	1304.83	0.00	5.74	428.00
	1304.85	0.00	5.72	427.00
	1304.86	0.00	5.74	429.00
	1304.87	0.00	5.72	428.00
	1304.88	0.00	5.72	429.00
	1304.89	0.00	5.72	430.00
	1304.90	0.00	5.72	431.00
	1304.92	0.00	5.71	431.00
	1304.93	0.00	5.70	435.00
	1304.94	0.00	5.70	437.00
	1304.95	0.00	5.68	437.00
	1304.96	0.00	5.68	436.00
	1304.97	0.00	5.67	438.00
	1304.98	0.00	5.69	440.00
	1305.00	0.00	5.69	444.00
	1305.01	0.00	5.75	449.00
	1305.02	0.00	5.75	449.00
	1305.03	0.00	5.76	448.00
	1305.04	0.00	5.74	451.00
	1305.06	0.00	5.75	451.00
	1305.07	0.00	5.75	451.00
	1305.08	0.00	5.73	460.00
	1305.09	0.00	5.73	460.00
	1305.10	0.00	5.71	460.00
	1305.11	0.00	5.71	461.00
	1305.12	0.00	5.71	462.00
	1305.14	0.00	5.71	463.00
	1305.15	0.00	5.71	464.00
	1305.16	0.00	5.71	464.00
	1305.17	0.00	5.70	467.00
	1305.18	0.00	5.70	468.00
	1305.19	0.00	5.71	467.00
	1305.20	0.00	5.69	469.00
	1305.22	0.00	5.70	469.00
	1305.23	0.00	5.68	469.00
	1305.24	0.00	5.70	473.00
	1305.25	0.00	5.68	478.00
	1305.26	0.00	5.66	483.00
	1305.27	0.00	5.65	493.00
	1305.29	0.00	5.63	497.00
	1305.30	0.00	5.62	504.00
	1305.31	0.00	5.62	509.00
	1305.32	0.00	5.60	512.00
	1305.33	0.00	5.54	517.00
	1305.34	0.00	5.54	520.00
	1305.35	0.00	5.53	525.00
	1305.37	0.00	5.53	527.00
	1305.38	0.00	5.52	532.00
	1305.39	0.00	5.52	534.00
	1305.40	0.00	5.52	535.00
	1305.41	0.00	5.52	536.00
	1305.42	0.00	5.51	538.00
	1305.44	0.00	5.51	539.00
	1305.45	0.00	5.51	541.00
	1305.46	0.00	5.51	541.00
	1305.47	0.00	5.51	541.00
	1305.48	0.00	5.49	541.00
	1305.49	0.00	5.49	540.00
	1305.50	0.00	5.49	541.00
	1305.52	0.00	5.50	542.00
	1305.53	0.00	5.50	544.00
	1305.54	0.00	5.49	546.00
	1305.55	0.00	5.49	546.00
	1305.56	0.00	5.42	546.00
	1305.57	0.00	5.44	546.00
	1305.58	0.00	5.43	545.00
	1305.60	0.00	5.43	545.00
	1305.61	0.00	5.44	544.00
	1305.62	0.00	5.44	543.00
	1305.63	0.00	5.44	545.00
	1305.64	0.00	5.44	544.00
	1305.65	0.00	5.43	544.00
	1305.67	0.00	5.44	544.00
	1305.68	0.00	5.44	544.00
	1305.69	0.00	5.44	545.00
	1305.70	0.00	5.43	543.00
	1305.71	0.00	5.43	543.00
	1305.72	0.00	5.44	543.00
	1305.73	0.00	5.43	543.00
	1305.75	0.00	5.43	543.00
	1305.76	0.00	5.43	543.00
	1305.77	0.00	5.43	543.00
	1305.78	0.00	5.43	543.00
	1305.79	0.00	5.43	544.00
	1305.80	0.00	5.43	544.00
	1305.82	0.00	5.41	542.00
	1305.83	0.00	5.43	544.00
	1305.84	0.00	5.44	543.00
	1305.85	0.00	5.44	543.00
	1305.86	0.00	5.48	545.00
	1305.87	0.00	5.48	544.00
	1305.89	0.00	5.48	544.00
	1305.90	0.00	5.46	544.00
	1305.91	0.00	5.46	548.00
	1305.92	0.00	5.46	545.00
	1305.93	0.00	5.46	545.00
	1305.94	0.00	5.47	547.00
	1305.95	0.00	5.46	545.00
	1305.97	0.00	5.46	545.00
	1305.98	0.00	5.46	545.00
	1305.99	0.00	5.46	544.00
	1306.00	0.00	5.48	545.00
	1306.01	0.00	5.46	545.00
	1306.02	0.00	5.47	541.00
	1306.04	0.00	5.45	544.00
	1306.05	0.00	5.46	544.00
	1306.06	0.00	5.45	543.00
	1306.07	0.00	5.46	542.00
	1306.08	0.00	5.54	546.00
	1306.09	0.00	5.54	544.00
	1306.10	0.00	5.54	544.00
	1306.12	0.00	5.51	553.00
	1306.13	0.00	5.51	553.00
	1306.14	0.00	5.51	552.00
	1306.15	0.00	5.50	552.00
	1306.16	0.00	5.51	554.00
	1306.17	0.00	5.51	554.00
	1306.18	0.00	5.52	553.00
	1306.20	0.00	5.52	553.00
	1306.21	0.00	5.49	552.00
	1306.22	0.00	5.51	557.00
	1306.23	0.00	5.51	557.00
	1306.24	0.00	5.52	557.00
	1306.25	0.00	5.51	559.00
	1306.27	0.00	5.50	558.00
	1306.28	0.00	5.51	558.00
	1306.29	0.00	5.51	559.00
	1306.30	0.00	5.54	557.00
	1306.31	0.00	5.52	558.00
	1306.32	0.00	5.52	560.00
	1306.33	0.00	5.53	560.00
	1306.35	0.00	5.53	560.00
	1306.36	0.00	5.48	559.00
	1306.37	0.00	5.47	559.00
	1306.38	0.00	5.50	559.00
	1306.39	0.00	5.50	559.00
	1306.40	0.00	5.49	560.00
	1306.42	0.00	5.48	558.00
	1306.43	0.00	5.49	557.00
	1306.44	0.00	5.51	557.00
	1306.45	0.00	5.48	556.00
	1306.46	0.00	5.48	556.00
	1306.47	0.00	5.50	551.00
	1306.48	0.00	5.48	556.00
	1306.50	0.00	5.49	557.00
	1306.51	0.00	5.48	557.00
	1306.52	0.00	5.48	556.00
	1306.53	0.00	5.48	555.00
	1306.54	0.00	5.42	554.00
	1306.55	0.00	5.42	554.00
	1306.56	0.00	5.43	553.00
	1306.58	0.00	5.43	551.00
	1306.59	0.00	5.44	551.00
	1306.60	0.00	5.44	551.00
	1306.61	0.00	5.44	551.00
	1306.62	0.00	5.44	551.00
	1306.63	0.00	5.44	551.00
	1306.65	0.00	5.42	550.00
	1306.66	0.00	5.43	553.00
	1306.67	0.00	5.44	553.00
	1306.68	0.00	5.43	551.00
	1306.69	0.00	5.44	552.00
	1306.70	0.00	5.40	551.00
	1306.71	0.00	5.42	552.00
	1306.72	0.00	5.42	552.00
	1306.74	0.00	5.42	553.00
	1306.75	0.00	5.42	555.00
	1306.76	0.00	5.40	556.00
	1306.77	0.00	5.40	557.00
	1306.78	0.00	5.41	562.00
	1306.80	0.00	5.44	567.00
	1306.81	0.00	5.42	570.00
	1306.82	0.00	5.43	577.00
	1306.83	0.00	5.41	584.00
	1306.84	0.00	5.39	595.00
	1306.85	0.00	5.38	607.00
	1306.86	0.00	5.36	619.00
	1306.88	0.00	5.34	634.00
	1306.89	0.00	5.32	645.00
	1306.90	0.00	5.30	658.00
	1306.91	0.00	5.10	722.00
	1306.92	0.00	5.09	738.00
	1306.93	0.00	5.06	751.00
	1306.94	0.00	5.04	768.00
	1306.95	0.00	5.02	779.00
	1306.97	0.00	5.00	795.00
	1306.98	0.00	4.97	807.00
	1306.99	0.00	4.95	813.00
	1307.00	0.00	4.93	816.00
	1307.01	0.00	5.00	824.00
	1307.02	0.00	5.00	825.00
	1307.04	0.00	5.00	822.00
	1307.05	0.00	5.00	823.00
	1307.06	0.00	5.00	824.00
	1307.07	0.00	5.00	820.00
	1307.08	0.00	5.00	813.00
	1307.09	0.00	5.01	810.00
	1307.10	0.00	5.02	807.00
	1307.12	0.00	5.02	808.00
	1307.13	0.00	5.02	809.00
	1307.14	0.00	5.02	811.00
	1307.15	0.00	5.00	817.00
	1307.16	0.00	4.99	815.00
	1307.17	0.00	4.99	813.00
	1307.19	0.00	5.00	813.00
	1307.20	0.00	5.01	809.00
	1307.21	0.00	5.01	807.00
	1307.22	0.00	5.01	805.00
	1307.23	0.00	5.01	801.00
	1307.24	0.00	5.03	795.00
	1307.25	0.00	5.04	788.00
	1307.27	0.00	5.04	776.00
	1307.28	0.00	5.07	756.00
	1307.29	0.00	5.12	734.00
	1307.30	0.00	5.36	653.00
	1307.31	0.00	5.41	619.00
	1307.32	0.00	5.50	578.00
	1307.33	0.00	5.54	533.00
	1307.35	0.00	5.65	481.00
	1307.36	0.00	5.77	429.00
	1307.37	0.00	5.91	372.00
	1307.38	0.00	6.51	240.00
	1307.39	0.00	6.68	177.00
	1307.40	0.00	6.71	177.00
	1307.42	0.00	6.75	177.00
	1307.43	0.00	6.62	175.00
	1307.44	0.00	6.59	174.00
	1307.45	0.00	6.59	174.00
	1307.46	0.00	6.62	174.00
	1307.47	0.00	6.62	174.00
	1307.48	0.00	6.61	174.00
	1307.50	0.00	6.63	174.00
	1307.51	0.00	6.64	173.00
	1307.52	0.00	6.65	173.00
	1307.53	0.00	6.67	173.00
	1307.54	0.00	6.68	173.00
	1307.55	0.00	6.68	173.00
	1307.57	0.00	6.65	173.00
	1307.58	0.00	6.68	173.00
	1307.59	0.00	6.68	173.00
	1307.60	0.00	6.71	173.00
	1307.61	0.00	6.68	173.00
	1307.62	0.00	6.70	173.00
	1307.64	0.00	6.70	173.00
	1307.65	0.00	6.67	172.00
	1307.66	0.00	6.71	174.00
	1307.67	0.00	6.72	174.00
	1307.68	0.00	6.69	174.00
	1307.69	0.00	6.72	174.00
	1307.70	0.00	6.71	174.00
	1307.72	0.00	6.73	174.00
	1307.73	0.00	6.72	174.00
	1307.74	0.00	6.73	174.00
	1307.75	0.00	6.72	173.00
	1307.76	0.00	6.63	172.00
	1307.77	0.00	6.63	172.00
	1307.79	0.00	6.64	172.00
	1307.80	0.00	6.64	172.00
	1307.81	0.00	6.64	172.00
	1307.82	0.00	6.64	172.00
	1307.83	0.00	6.63	172.00
	1307.84	0.00	6.63	172.00
	1307.85	0.00	6.63	172.00
	1307.87	0.00	6.63	172.00
	1307.88	0.00	6.63	172.00
	1307.89	0.00	6.63	172.00
	1307.90	0.00	6.64	172.00
	1307.91	0.00	6.63	172.00
	1307.92	0.00	6.60	172.00
	1307.94	0.00	6.57	172.00
	1307.95	0.00	6.58	173.00
	1307.96	0.00	6.59	174.00
	1307.97	0.00	6.61	176.00
	1307.98	0.00	6.58	176.00
	1307.99	0.00	6.59	177.00
	1308.01	0.00	6.58	177.00
	1308.02	0.00	6.45	227.00
	1308.03	0.00	6.43	233.00
	1308.04	0.00	6.41	239.00
	1308.05	0.00	6.14	297.00
	1308.06	0.00	7.67	355.00
	1308.07	0.00	7.40	410.00
	1308.08	0.00	7.30	417.00
	1308.10	0.00	7.27	430.00
	1308.11	0.00	7.29	446.00
	1308.12	0.00	7.23	455.00
	1308.13	0.00	7.22	470.00
	1308.14	0.00	7.14	485.00
	1308.15	0.00	7.00	498.00
	1308.17	0.00	6.97	511.00
	1308.18	0.00	6.92	522.00
	1308.19	0.00	6.88	531.00
	1308.20	0.00	6.86	535.00
	1308.21	0.00	6.84	540.00
	1308.22	0.00	6.82	545.00
	1308.23	0.00	6.84	551.00
	1308.25	0.00	6.82	552.00
	1308.26	0.00	6.81	555.00
	1308.27	0.00	6.79	555.00
	1308.28	0.00	6.78	552.00
	1308.29	0.00	6.79	549.00
	1308.30	0.00	6.78	549.00
	1308.31	0.00	5.58	496.00
	1308.33	0.00	5.56	490.00
	1308.34	0.00	5.57	486.00
	1308.35	0.00	5.62	486.00
	1308.36	0.00	5.68	488.00
	1308.37	0.00	5.67	483.00
	1308.38	0.00	5.67	483.00
	1308.40	0.00	5.67	484.00
	1308.41	0.00	5.65	490.00
	1308.42	0.00	5.66	495.00
	1308.43	0.00	5.64	498.00
	1308.44	0.00	5.63	504.00
	1308.45	0.00	5.61	512.00
	1308.46	0.00	5.57	513.00
	1308.48	0.00	5.62	519.00
	1308.49	0.00	5.61	522.00
	1308.50	0.00	5.58	527.00
	1308.51	0.00	5.59	528.00
	1308.52	0.00	5.56	534.00
	1308.53	0.00	5.58	537.00
	1308.55	0.00	5.60	540.00
	1308.56	0.00	5.57	542.00
	1308.57	0.00	5.56	546.00
	1308.58	0.00	5.56	550.00
	1308.59	0.00	5.56	555.00
	1308.60	0.00	5.56	562.00
	1308.61	0.00	5.54	565.00
	1308.63	0.00	5.54	569.00
	1308.64	0.00	5.53	577.00
	1308.65	0.00	5.52	584.00
	1308.66	0.00	5.52	589.00
	1308.67	0.00	5.52	595.00
	1308.68	0.00	5.52	599.00
	1308.69	0.00	5.45	603.00
	1308.70	0.00	5.45	609.00
	1308.72	0.00	5.43	616.00
	1308.73	0.00	5.42	622.00
	1308.74	0.00	5.40	628.00
	1308.75	0.00	5.39	635.00
	1308.76	0.00	5.38	641.00
	1308.7	0.00	5.47	544.00
	1308.98	0.00	5.51	518.00
	1308.99	0.00	5.55	492.00
	1309.00	0.00	5.60	468.00
	1309.02	0.00	5.68	444.00
	1309.03	0.00	5.71	426.00
	1309.04	0.00	5.72	402.00
	1309.05	0.00	5.77	383.00
	1309.06	0.00	5.81	360.00	6.58	170.00
	1309.37	0.00	6.56	169.00
	1309.38	0.00	6.60	169.00
	1309.39	0.00	6.70	173.00
	1309.41	0.00	6.70	173.00
	1309.42	0.00	6.68	173.00
	1309.43	0.00	6.70	173.00
	1309.44	0.00	6.70	173.00
	1309.45	0.00	6.69	172.00
	1309.46	0.00	6.68	173.00
	1309.47	0.00	6.68	173.00
	1309.49	0.00	6.68	173.00
	1309.50	0.00	6.68	173.00
	1309.51	0.00	6.70	173.00
	1309.52	0.00	6.70	173.00
	1309.53	0.00	6.71	173.00
	1309.54	0.00	6.68	173.00
	1309.56	0.00	6.68	173.00
	1309.57	0.00	6.70	173.00
	1309.58	0.00	6.71	173.00
	1309.59	0.00	6.75	174.00
	1309.60	0.00	6.74	173.00
	1309.61	0.00	6.63	172.00
	1309.62	0.00	6.64	172.00
	1309.64	0.00	6.64	172.00
	1309.65	0.00	6.64	172.00
	1309.66	0.00	6.64	172.00
	1309.67	0.00	6.64	172.00
	1309.68	0.00	6.63	171.00
	1309.69	0.00	6.65	173.00
	1309.70	0.00	6.67	173.00
	1309.72	0.00	6.67	173.00
	1309.73	0.00	6.68	173.00
	1309.74	0.00	6.68	173.00
	1309.75	0.00	6.68	173.00
	1309.76	0.00	6.69	172.00
	1309.77	0.00	6.58	171.00
	1309.79	0.00	6.58	171.00
	1309.80	0.00	6.58	171.00
	1309.81	0.00	6.58	171.00
	1309.82	0.00	6.58	171.00
	1309.83	0.00	6.59	171.00
	1309.84	0.00	6.59	171.00
	1309.85	0.00	6.59	171.00
	1309.86	0.00	6.60	171.00
	1309.88	0.00	6.60	171.00
	1309.89	0.00	6.26	222.00
	1309.90	0.00	6.24	226.00
	1309.91	0.00	6.14	281.00
	1309.92	0.00	6.10	292.00
	1309.94	0.00	6.09	305.00
	1309.95	0.0
	1310.05	0.00	5.24	623.00
	1310.06	0.00	5.19	656.00
	1310.07	0.00	5.14	695.00
	1310.09	0.00	5.09	735.00
	1310.10	0.00	5.04	769.00
	1310.11	0.00	5.25	851.00
	1310.12	0.00	5.25	880.00
	1310.13	0.00	5.24	902.00
	1310.14	0.00	5.24	915.00
	1310.16	0.00	5.26	920.00
	1310.17	0.00	5.26	921.00
	1310.18	0.00	5.26	924.00
	1310.19	0.00	5.26	917.00
	1310.20	0.00	5.26	914.00
	1310.21	0.00	5.27	909.00
	1310.22	0.00	5.25	901.00
	1310.24	0.00	5.26	893.00
	1310.25	0.00	5.26	884.00
	1310.26	0.00	5.27	872.00
	1310.27	0.00	5.28	865.00
	1310.28	0.00	5.28	857.00
	1310.29	0.00	5.28	852.00
	1310.31	0.00	5.28	848.00
	1310.32	0.00	5.29	841.00
	1310.33	0.00	5.31	838.00
	1310.34	0.00	5.31	836.00
	1310.35	0.00	5.31	832.00
	1310.36	0.00	5.32	830.00
	1310.37	0.00	5.33	829.00
	1310.39	0.00	5.34	825.00
	1310.40	0.00	5.34	825.00
	1310.41	0.00	5.34	820.00
	1310.42	0.00	5.36	818.00
	1310.43	0.00	5.34	816.00
	1310.44	0.00	5.34	815.00
	1310.45	0.00	5.36	813.00
	1310.47	0.00	5.36	811.00
	1310.48	0.00	5.36	806.00
	1310.49	0.00	5.11	749.00
	1310.50	0.00	5.12	745.00
	1310.51	0.00	5.11	747.00
	1310.52	0.00	5.12	742.00
	1310.54	0.00	5.12	743.00
	1310.55	0.00	5.10	740.00
	1310.56	0.00	5.11	739.00
	1310.57	0.00	5.11	732.00
	1310.58	0.00	5.20	732.00
	1310.59	0.00	5.23	727.00
	1310.60	0.00	5.22	720.00
	1310.61	0.00	5.22	728.00
	1310.63	0.00	5.22	726.00
	1310.64	0.00	5.22	726.00
	1310.65	0.00	5.21	726.00
	1310.66	0.00	5.22	731.00
	1310.67	0.00	5.22	730.00
	1310.68	0.00	5.22	726.00
	1310.70	0.00	5.24	720.00
	1310.71	0.00	5.25	714.00
	1310.72	0.00	5.27	710.00
	1310.73	0.00	5.27	703.00
	1310.74	0.00	5.49	652.00
	1310.75	0.00	5.50	649.00
	1310.77	0.00	5.51	643.00
	1310.78	0.00	5.52	634.00
	1310.79	0.00	5.54	623.00
	1310.80	0.00	5.55	611.00
	1310.81	0.00	5.57	598.00
	1310.82	0.00	5.58	583.00
	1310.83	0.00	5.60	567.00
	1310.84	0.00	5.62	554.00
	1310.86	0.00	5.66	541.00
	1310.87	0.00	5.67	532.00
	1310.88	0.00	5.68	520.00
	1310.89	0.00	5.72	512.00
	1310.90	0.00	5.65	506.00
	1310.91	0.00	5.67	501.00
	1310.93	0.00	5.66	500.00
	1310.94	0.00	5.67	498.00
	1310.95	0.00	5.67	495.00
	1310.96	0.00	5.69	491.00
	1310.97	0.00	5.69	487.00
	1310.98	0.00	5.71	477.00
	1311.00	0.00	5.73	469.00
	1311.01	0.00	5.75	458.00
	1311.02	0.00	5.79	447.00
	1311.03	0.00	5.82	432.00
	1311.04	0.00	5.86	425.00
	1311.05	0.00	5.85	418.00
	1311.06	0.00	5.87	414.00
	1311.08	0.00	5.89	412.00
	1311.09	0.00	5.91	406.00
	1311.10	0.00	5.91	402.00
	1311.11	0.00	5.89	401.00
	1311.12	0.00	5.92	398.00
	1311.13	0.00	5.92	394.00
	1311.14	0.00	5.93	386.00
	1311.16	0.00	5.95	380.00
	1311.17	0.00	5.98	378.00
	1311.18	0.00	5.89	370.00
	1311.19	0.00	6.12	317.00
	1311.20	0.00	6.15	313.00
	1311.21	0.00	6.14	307.00
	1311.22	0.00	6.13	306.00
	1311.24	0.00	6.14	304.00
	1311.25	0.00	6.14	301.00
	1311.26	0.00	6.15	300.00
	1311.27	0.00	6.17	299.00
	1311.28	0.00	6.18	296.00
	1311.30	0.00	6.14	294.00
	1311.31	0.00	6.16	294.00
	1311.32	0.00	6.15	290.00
	1311.33	0.00	6.15	287.00
	1311.34	0.00	6.15	285.00
	1311.35	0.00	6.16	283.00
	1311.36	0.00	6.16	282.00
	1311.38	0.00	6.16	281.00
	1311.39	0.00	6.45	230.00
	1311.40	0.00	6.16	278.00
	1311.41	0.00	6.43	228.00
	1311.42	0.00	6.53	176.00
	1311.43	0.00	6.55	177.00
	1311.44	0.00	6.53	176.00
	1311.46	0.00	6.53	176.00
	1311.47	0.00	6.53	176.00
	1311.48	0.00	6.53	176.00
	1311.49	0.00	6.54	176.00
	1311.50	0.00	6.49	175.00
	1311.51	0.00	6.49	175.00
	1311.53	0.00	6.62	178.00
	1311.54	0.00	6.66	178.00
	1311.55	0.00	6.62	178.00
	1311.56	0.00	6.59	177.00
	1311.57	0.00	6.62	178.00
	1311.58	0.00	6.63	178.00
	1311.59	0.00	6.59	177.00
	1311.61	0.00	6.62	177.00
	1311.62	0.00	6.60	178.00
	1311.63	0.00	6.60	178.00
	1311.64	0.00	6.62	178.00
	1311.65	0.00	6.62	178.00
	1311.66	0.00	6.59	177.00
	1311.68	0.00	6.61	177.00
	1311.69	0.00	6.58	176.00
	1311.70	0.00	6.56	175.00
	1311.71	0.00	6.46	225.00
	1311.72	0.00	6.49	226.00
	1311.73	0.00	6.59	230.00
	1311.75	0.00	6.57	230.00
	1311.76	0.00	6.57	231.00
	1311.77	0.00	6.60	232.00
	1311.78	0.00	6.60	234.00
	1311.79	0.00	6.57	235.00
	1311.80	0.00	6.57	236.00
	1311.81	0.00	6.59	238.00
	1311.82	0.00	6.56	239.00
	1311.84	0.00	6.56	241.00
	1311.85	0.00	6.27	293.00
	1311.86	0.00	6.27	294.00
	1311.87	0.00	6.27	295.00
	1311.88	0.00	6.27	296.00
	1311.89	0.00	6.57	246.00
	1311.91	0.00	6.30	297.00
	1311.92	0.00	6.27	297.00
	1311.93	0.00	6.28	297.00
	1311.94	0.00	6.26	300.00
	1311.95	0.00	6.27	299.00
	1311.96	0.00	6.26	300.00
	1311.97	0.00	6.29	300.00
	1311.99	0.00	6.27	300.00
	1312.00	0.00	6.28	302.00
	1312.01	0.00	6.25	301.00
	1312.02	0.00	6.26	305.00
	1312.03	0.00	6.27	307.00
	1312.04	0.00	6.05	361.00
	1312.06	0.00	6.04	365.00
	1312.07	0.00	6.02	366.00
	1312.08	0.00	6.03	371.00
	1312.09	0.00	6.02	370.00
	1312.10	0.00	6.02	372.00
	1312.11	0.00	5.92	371.00
	1312.12	0.00	5.96	372.00
	1312.14	0.00	5.92	370.00
	1312.15	0.00	5.92	372.00
	1312.16	0.00	5.91	373.00
	1312.17	0.00	5.92	372.00
	1312.18	0.00	5.93	371.00
	1312.19	0.00	5.94	371.00
	1312.20	0.00	5.93	372.00
	1312.22	0.00	5.94	373.00
	1312.23	0.00	5.93	372.00
	1312.24	0.00	5.93	375.00
	1312.25	0.00	5.93	374.00
	1312.26	0.00	5.93	373.00
	1312.28	0.00	5.94	373.00
	1312.29	0.00	5.93	372.00
	1312.30	0.00	5.94	371.00
	1312.31	0.00	5.95	370.00
	1312.32	0.00	5.94	372.00
	1312.33	0.00	5.95	369.00
	1312.34	0.00	5.94	368.00
	1312.36	0.00	5.95	369.00
	1312.37	0.00	5.95	369.00
	1312.38	0.00	5.96	368.00
	1312.39	0.00	5.96	368.00
	1312.40	0.00	5.96	369.00
	1312.41	0.00	5.94	372.00
	1312.43	0.00	5.94	373.00
	1312.44	0.00	5.93	376.00
	1312.45	0.00	5.93	376.00
	1312.46	0.00	5.94	379.00
	1312.47	0.00	5.92	382.00
	1312.48	0.00	5.90	390.00
	1312.49	0.00	5.89	392.00
	1312.51	0.00	5.88	394.00
	1312.52	0.00	5.88	397.00
	1312.53	0.00	5.88	398.00
	1312.54	0.00	5.88	400.00
	1312.55	0.00	5.87	403.00
	1312.56	0.00	5.88	404.00
	1312.57	0.00	5.86	406.00
	1312.59	0.00	5.79	408.00
	1312.60	0.00	5.78	413.00
	1312.61	0.00	5.78	415.00
	1312.62	0.00	5.76	418.00
	1312.63	0.00	5.77	419.00
	1312.65	0.00	5.76	422.00
	1312.66	0.00	5.74	425.00
	1312.67	0.00	5.75	427.00
	1312.68	0.00	5.74	429.00
	1312.69	0.00	5.75	428.00
	1312.70	0.00	5.72	433.00
	1312.71	0.00	5.73	434.00
	1312.72	0.00	5.72	437.00
	1312.74	0.00	5.71	439.00
	1312.75	0.00	5.71	442.00
	1312.76	0.00	5.72	444.00
	1312.77	0.00	5.70	444.00
	1312.78	0.00	5.71	446.00
	1312.79	0.00	5.72	448.00
	1312.81	0.00	5.70	448.00
	1312.82	0.00	5.71	450.00
	1312.83	0.00	5.70	451.00
	1312.84	0.00	5.70	452.00
	1312.85	0.00	5.69	454.00
	1312.86	0.00	5.69	455.00
	1312.88	0.00	5.69	454.00
	1312.89	0.00	5.69	455.00
	1312.90	0.00	5.69	457.00
	1312.91	0.00	5.69	457.00
	1312.92	0.00	5.69	456.00
	1312.93	0.00	5.69	456.00
	1312.94	0.00	5.69	457.00
	1312.96	0.00	5.69	457.00
	1312.97	0.00	5.69	457.00
	1312.98	0.00	5.69	457.00
	1312.99	0.00	5.69	457.00
	1313.00	0.00	5.69	457.00
	1313.01	0.00	5.70	456.00
	1313.03	0.00	5.69	455.00
	1313.04	0.00	5.69	454.00
	1313.05	0.00	5.70	452.00
	1313.06	0.00	5.70	451.00
	1313.07	0.00	5.71	448.00
	1313.08	0.00	5.71	446.00
	1313.09	0.00	5.71	446.00
	1313.10	0.00	5.72	444.00
	1313.12	0.00	5.72	442.00
	1313.13	0.00	5.72	437.00
	1313.14	0.00	5.73	434.00
	1313.15	0.00	5.76	429.00
	1313.16	0.00	5.82	426.00
	1313.18	0.00	5.82	420.00
	1313.19	0.00	5.81	417.00
	1313.20	0.00	5.81	410.00
	1313.21	0.00	5.83	408.00
	1313.22	0.00	5.87	403.00
	1313.23	0.00	5.90	398.00
	1313.25	0.00	5.92	392.00
	1313.26	0.00	5.93	389.00
	1313.27	0.00	5.92	384.00
	1313.28	0.00	5.94	379.00
	1313.29	0.00	5.98	373.00
	1313.30	0.00	5.98	368.00
	1313.31	0.00	6.23	314.00
	1313.33	0.00	6.22	314.00
	1313.34	0.00	6.22	311.00
	1313.35	0.00	6.22	309.00
	1313.36	0.00	6.25	308.00
	1313.37	0.00	6.24	306.00
	1313.38	0.00	6.21	303.00
	1313.39	0.00	6.21	302.00
	1313.41	0.00	6.21	302.00
	1313.42	0.00	6.20	297.00
	1313.43	0.00	6.20	296.00
	1313.44	0.00	6.21	295.00
	1313.45	0.00	6.45	246.00
	1313.46	0.00	6.45	246.00
	1313.47	0.00	6.43	245.00
	1313.49	0.00	6.56	249.00
	1313.50	0.00	6.53	247.00
	1313.51	0.00	6.54	247.00
	1313.52	0.00	6.56	247.00
	1313.53	0.00	6.56	248.00
	1313.54	0.00	6.56	248.00
	1313.56	0.00	6.55	247.00
	1313.57	0.00	6.55	249.00
	1313.58	0.00	6.55	249.00
	1313.59	0.00	6.53	251.00
	1313.60	0.00	6.54	251.00
	1313.61	0.00	6.55	252.00
	1313.63	0.00	6.54	253.00
	1313.64	0.00	6.55	253.00
	1313.65	0.00	6.53	252.00
	1313.66	0.00	6.27	305.00
	1313.67	0.00	6.27	306.00
	1313.68	0.00	6.54	256.00
	1313.69	0.00	6.56	256.00
	1313.70	0.00	6.28	307.00
	1313.72	0.00	6.29	307.00
	1313.73	0.00	6.29	307.00
	1313.74	0.00	6.28	306.00
	1313.75	0.00	6.25	305.00
	1313.76	0.00	6.24	306.00
	1313.77	0.00	6.23	306.00
	1313.79	0.00	6.21	306.00
	1313.80	0.00	6.21	307.00
	1313.81	0.00	6.20	309.00
	1313.82	0.00	5.98	359.00
	1313.83	0.00	5.97	359.00
	1313.84	0.00	6.20	310.00
	1313.85	0.00	6.20	311.00
	1313.87	0.00	5.99	361.00
	1313.88	0.00	5.98	361.00
	1313.89	0.00	5.98	367.00
	1313.90	0.00	5.98	369.00
	1313.91	0.00	5.96	372.00
	1313.93	0.00	5.97	376.00
	1313.94	0.00	5.96	379.00
	1313.95	0.00	5.94	384.00
	1313.96	0.00	5.92	397.00
	1313.97	0.00	5.91	403.00
	1313.98	0.00	5.89	406.00
	1313.99	0.00	5.88	406.00
	1314.01	0.00	5.87	412.00
	1314.02	0.00	5.86	412.00
	1314.03	0.00	5.88	414.00
	1314.04	0.00	5.84	414.00
	1314.05	0.00	5.79	414.00
	1314.06	0.00	5.79	414.00
	1314.07	0.00	5.79	414.00
	1314.09	0.00	5.78	413.00
	1314.10	0.00	5.78	413.00
	1314.11	0.00	5.79	412.00
	1314.12	0.00	5.81	407.00
	1314.13	0.00	5.79	408.00
	1314.14	0.00	5.80	407.00
	1314.16	0.00	5.80	407.00
	1314.17	0.00	5.82	403.00
	1314.18	0.00	5.83	404.00
	1314.19	0.00	5.83	402.00
	1314.20	0.00	5.82	403.00
	1314.21	0.00	5.82	402.00
	1314.22	0.00	5.82	400.00
	1314.24	0.00	5.82	399.00
	1314.25	0.00	5.84	397.00
	1314.26	0.00	5.84	395.00
	1314.27	0.00	5.85	393.00
	1314.28	0.00	5.86	390.00
	1314.29	0.00	5.84	388.00
	1314.31	0.00	5.86	387.00
	1314.32	0.00	5.87	385.00
	1314.33	0.00	5.87	384.00
	1314.34	0.00	5.85	382.00
	1314.35	0.00	5.88	382.00
	1314.36	0.00	5.85	38