037.21
	496.23	0.00	13.35	1033.21
	496.24	0.00	13.39	1029.22
	496.26	0.00	13.41	1024.24
	496.27	0.00	13.45	1016.24
	496.28	0.00	13.49	1001.24
	496.29	0.00	13.53	1002.25
	496.30	0.00	13.60	1002.25
	496.31	0.00	13.88	977.25
	496.33	0.00	13.67	994.25
	496.34	0.00	13.70	993.24
	496.35	0.00	13.97	967.24
	496.36	0.00	13.99	971.23
	496.37	0.00	14.03	971.22
	496.38	0.00	14.06	968.22
	496.40	0.00	14.08	959.21
	496.41	0.00	14.17	942.19
	496.42	0.00	14.18	942.20
	496.43	0.00	14.19	946.20
	496.44	0.00	14.19	943.20
	496.45	0.00	14.16	943.21
	496.46	0.00	14.16	946.21
	496.48	0.00	14.15	947.22
	496.49	0.00	14.16	948.22
	496.50	0.00	14.16	948.22
	496.51	0.00	14.16	948.22
	496.52	0.00	14.17	948.21
	496.53	0.00	14.18	948.21
	496.55	0.00	14.19	947.21
	496.56	0.00	14.18	945.21
	496.57	0.00	14.18	940.21
	496.58	0.00	14.18	941.21
	496.59	0.00	14.19	944.21
	496.60	0.00	14.21	945.20
	496.61	0.00	14.22	951.21
	496.63	0.00	14.21	951.22
	496.64	0.00	14.21	951.22
	496.65	0.00	14.22	955.22
	496.66	0.00	14.21	957.22
	496.67	0.00	14.18	958.24
	496.69	0.00	14.17	955.24
	496.70	0.00	14.14	956.25
	496.71	0.00	14.15	958.25
	496.72	0.00	14.14	957.25
	496.73	0.00	14.14	956.25
	496.74	0.00	14.07	948.26
	496.75	0.00	14.09	949.26
	496.77	0.00	14.09	953.26
	496.78	0.00	14.08	952.26
	496.79	0.00	14.08	954.27
	496.80	0.00	14.07	952.27
	496.81	0.00	14.05	948.26
	496.82	0.00	14.01	974.26
	496.83	0.00	13.99	974.26
	496.85	0.00	13.98	972.26
	496.86	0.00	13.97	975.26
	496.87	0.00	13.99	975.26
	496.88	0.00	14.00	977.26
	496.89	0.00	14.03	976.24
	496.90	0.00	14.09	975.22
	496.92	0.00	14.11	978.22
	496.93	0.00	14.15	978.20
	496.94	0.00	14.16	977.21
	496.95	0.00	14.20	978.20
	496.96	0.00	14.19	977.20
	496.97	0.00	14.20	976.20
	496.99	0.00	14.24	972.20
	497.00	0.00	14.27	972.20
	497.01	0.00	14.29	969.19
	497.02	0.00	14.31	966.19
	497.03	0.00	14.33	963.18
	497.04	0.00	14.33	959.18
	497.05	0.00	14.32	953.19
	497.07	0.00	14.35	949.17
	497.08	0.00	14.37	948.16
	497.09	0.00	14.39	943.15
	497.10	0.00	14.41	943.14
	497.11	0.00	14.42	938.13
	497.12	0.00	14.44	933.13
	497.14	0.00	14.45	931.12
	497.15	0.00	14.44	925.12
	497.16	0.00	14.42	920.12
	497.17	0.00	14.44	920.11
	497.18	0.00	14.42	919.11
	497.19	0.00	14.40	920.12
	497.20	0.00	14.39	916.12
	497.22	0.00	14.44	896.13
	497.23	0.00	14.41	896.14
	497.24	0.00	14.38	895.16
	497.25	0.00	14.34	889.16
	497.26	0.00	14.36	900.17
	497.27	0.00	14.34	898.18
	497.29	0.00	14.26	919.19
	497.30	0.00	14.31	901.20
	497.31	0.00	14.31	902.20
	497.32	0.00	14.30	899.20
	497.33	0.00	14.22	920.20
	497.34	0.00	14.26	900.21
	497.36	0.00	14.17	916.20
	497.37	0.00	14.13	920.23
	497.38	0.00	14.10	922.24
	497.39	0.00	14.04	928.26
	497.40	0.00	14.00	927.26
	497.41	0.00	13.97	932.25
	497.42	0.00	13.89	940.25
	497.44	0.00	13.82	951.26
	497.45	0.00	13.73	962.28
	497.46	0.00	13.62	967.33
	497.47	0.00	13.58	980.32
	497.48	0.00	13.53	991.33
	497.50	0.00	13.47	1004.33
	497.51	0.00	13.42	1016.34
	497.52	0.00	13.21	1052.35
	497.53	0.00	13.15	1053.35
	497.54	0.00	13.12	1066.35
	497.55	0.00	13.11	1075.35
	497.56	0.00	13.08	1073.34
	497.58	0.00	13.09	1091.33
	497.59	0.00	13.04	1119.34
	497.60	0.00	13.02	1134.32
	497.61	0.00	13.05	1142.31
	497.62	0.00	13.08	1148.31
	497.63	0.00	13.12	1156.26
	497.65	0.00	13.16	1161.26
	497.66	0.00	13.21	1162.23
	497.67	0.00	13.25	1169.22
	497.68	0.00	13.45	1147.22
	497.69	0.00	13.46	1157.22
	497.70	0.00	13.48	1157.20
	497.72	0.00	13.47	1148.19
	497.73	0.00	13.53	1161.18
	497.74	0.00	13.54	1167.16
	497.75	0.00	13.55	1173.12
	497.76	0.00	13.54	1173.11
	497.77	0.00	13.55	1177.08
	497.79	0.00	13.57	1177.07
	497.80	0.00	13.55	1162.03
	497.81	0.00	13.53	1161.02
	497.82	0.00	13.58	1169.01
	497.83	0.00	13.57	1171.01
	497.84	0.00	13.60	1174.01
	497.86	0.00	13.62	1177.01
	497.87	0.00	13.61	1183.01
	497.88	0.00	13.60	1179.00
	497.89	0.00	13.63	1175.99
	497.90	0.00	13.64	1174.99
	497.91	0.00	13.64	1175.00
	497.92	0.00	13.66	1171.99
	497.94	0.00	13.65	1160.98
	497.95	0.00	13.68	1169.98
	497.96	0.00	13.68	1162.98
	497.97	0.00	13.71	1165.99
	497.98	0.00	13.74	1164.99
	497.99	0.00	13.79	1158.99
	498.01	0.00	13.82	1155.97
	498.02	0.00	13.79	1137.99
	498.03	0.00	13.85	1137.99
	498.04	0.00	13.86	1122.99
	498.05	0.00	13.90	1119.98
	498.06	0.00	13.92	1114.98
	498.08	0.00	13.94	1104.98
	498.09	0.00	13.99	1101.99
	498.10	0.00	14.04	1093.99
	498.11	0.00	14.05	1083.00
	498.12	0.00	14.07	1073.01
	498.13	0.00	14.10	1068.02
	498.14	0.00	14.11	1060.03
	498.16	0.00	14.13	1055.04
	498.17	0.00	14.12	1049.05
	498.18	0.00	14.12	1037.06
	498.19	0.00	14.14	1011.07
	498.20	0.00	14.14	1007.08
	498.21	0.00	14.13	999.10
	498.23	0.00	14.12	994.12
	498.24	0.00	14.16	986.12
	498.25	0.00	14.17	982.13
	498.26	0.00	14.17	979.15
	498.27	0.00	14.19	972.14
	498.28	0.00	14.31	949.14
	498.30	0.00	14.33	942.14
	498.31	0.00	14.36	939.14
	498.32	0.00	14.34	936.15
	498.33	0.00	14.37	939.15
	498.34	0.00	14.37	937.15
	498.35	0.00	14.37	933.16
	498.36	0.00	14.37	933.16
	498.38	0.00	14.37	930.16
	498.39	0.00	14.37	925.16
	498.40	0.00	14.35	925.16
	498.41	0.00	14.36	924.16
	498.42	0.00	14.36	921.16
	498.44	0.00	14.38	917.17
	498.45	0.00	14.39	916.16
	498.46	0.00	14.37	913.16
	498.47	0.00	14.36	910.16
	498.48	0.00	14.33	902.16
	498.49	0.00	14.32	903.16
	498.50	0.00	14.33	906.16
	498.52	0.00	14.31	906.17
	498.53	0.00	14.28	906.17
	498.54	0.00	14.27	907.17
	498.55	0.00	14.25	907.18
	498.56	0.00	14.23	907.18
	498.57	0.00	14.20	908.19
	498.58	0.00	14.16	910.19
	498.60	0.00	14.12	912.20
	498.61	0.00	14.09	914.21
	498.62	0.00	14.05	919.21
	498.63	0.00	14.00	924.23
	498.64	0.00	13.95	925.25
	498.66	0.00	13.86	948.26
	498.67	0.00	13.82	949.27
	498.68	0.00	13.80	952.28
	498.69	0.00	13.77	955.30
	498.70	0.00	13.82	942.30
	498.71	0.00	13.79	940.31
	498.72	0.00	13.74	944.33
	498.74	0.00	13.68	966.33
	498.75	0.00	13.69	948.34
	498.76	0.00	13.61	961.33
	498.77	0.00	13.64	970.33
	498.78	0.00	13.65	966.33
	498.79	0.00	13.66	965.33
	498.80	0.00	13.66	965.32
	498.82	0.00	13.66	969.33
	498.83	0.00	13.68	966.33
	498.84	0.00	13.68	964.33
	498.85	0.00	13.69	963.33
	498.86	0.00	13.71	961.32
	498.88	0.00	13.70	955.31
	498.89	0.00	13.73	958.31
	498.90	0.00	13.73	959.32
	498.91	0.00	13.75	956.31
	498.92	0.00	13.77	959.30
	498.93	0.00	13.77	958.30
	498.94	0.00	13.84	936.29
	498.96	0.00	13.83	935.29
	498.97	0.00	13.85	934.29
	498.98	0.00	13.86	933.28
	498.99	0.00	13.84	931.29
	499.00	0.00	13.85	924.28
	499.01	0.00	13.90	927.28
	499.02	0.00	13.91	929.28
	499.04	0.00	13.93	926.28
	499.05	0.00	13.95	926.27
	499.06	0.00	13.97	926.27
	499.07	0.00	14.02	920.26
	499.08	0.00	14.04	919.26
	499.09	0.00	14.07	918.25
	499.11	0.00	14.11	916.24
	499.12	0.00	14.14	913.24
	499.13	0.00	14.16	913.23
	499.14	0.00	14.16	913.22
	499.15	0.00	14.18	915.22
	499.16	0.00	14.21	914.21
	499.17	0.00	14.23	913.20
	499.19	0.00	14.30	919.17
	499.20	0.00	14.32	913.16
	499.21	0.00	14.35	909.14
	499.22	0.00	14.42	913.11
	499.23	0.00	14.44	913.10
	499.25	0.00	14.45	913.10
	499.26	0.00	14.49	913.09
	499.27	0.00	14.51	905.08
	499.28	0.00	14.55	911.06
	499.29	0.00	14.58	907.05
	499.30	0.00	14.65	904.00
	499.31	0.00	14.73	909.97
	499.33	0.00	14.80	907.93
	499.34	0.00	14.84	908.91
	499.35	0.00	14.90	911.89
	499.36	0.00	14.93	916.89
	499.37	0.00	14.93	914.88
	499.38	0.00	14.96	917.87
	499.39	0.00	14.98	920.86
	499.41	0.00	14.99	922.85
	499.42	0.00	14.99	917.84
	499.43	0.00	15.04	924.83
	499.44	0.00	15.05	923.82
	499.45	0.00	15.07	925.81
	499.47	0.00	15.05	919.81
	499.48	0.00	15.08	915.80
	499.49	0.00	15.08	912.79
	499.50	0.00	15.08	913.79
	499.51	0.00	15.08	912.79
	499.52	0.00	15.09	912.78
	499.53	0.00	15.07	910.79
	499.55	0.00	15.07	905.78
	499.56	0.00	15.07	904.78
	499.57	0.00	15.03	907.79
	499.58	0.00	15.02	910.80
	499.59	0.00	15.00	915.82
	499.60	0.00	14.92	931.83
	499.61	0.00	14.84	933.85
	499.63	0.00	14.78	940.87
	499.64	0.00	14.62	940.94
	499.65	0.00	14.44	940.99
	499.66	0.00	14.24	951.06
	499.67	0.00	14.04	950.14
	499.68	0.00	13.94	944.17
	499.70	0.00	13.93	922.20
	499.71	0.00	13.91	921.21
	499.72	0.00	13.88	916.22
	499.73	0.00	13.88	912.22
	499.74	0.00	13.86	909.23
	499.75	0.00	13.84	905.23
	499.77	0.00	13.85	903.23
	499.78	0.00	13.84	902.23
	499.79	0.00	13.84	900.23
	499.80	0.00	13.87	898.22
	499.81	0.00	13.87	896.22
	499.82	0.00	13.87	898.23
	499.83	0.00	13.86	897.24
	499.85	0.00	13.89	894.24
	499.86	0.00	13.84	879.22
	499.87	0.00	13.83	878.23
	499.88	0.00	13.84	882.23
	499.89	0.00	13.83	882.24
	499.90	0.00	13.85	884.24
	499.92	0.00	13.83	881.23
	499.93	0.00	13.83	876.23
	499.94	0.00	13.79	880.24
	499.95	0.00	13.77	880.24
	499.96	0.00	13.77	884.25
	499.97	0.00	13.73	886.26
	499.98	0.00	13.68	883.26
	500.00	0.00	13.65	885.27
	500.01	0.00	13.63	888.28
	500.02	0.00	13.61	887.28
	500.03	0.00	13.61	891.28
	500.04	0.00	13.58	888.29
	500.05	0.00	13.58	896.29
	500.07	0.00	13.57	900.29
	500.08	0.00	13.55	901.29
	500.09	0.00	13.56	903.29
	500.10	0.00	13.53	903.29
	500.11	0.00	13.54	903.29
	500.12	0.00	13.55	904.29
	500.13	0.00	13.56	907.27
	500.15	0.00	13.50	927.29
	500.16	0.00	13.48	927.29
	500.17	0.00	13.52	910.30
	500.18	0.00	13.45	932.30
	500.19	0.00	13.46	936.31
	500.20	0.00	13.44	935.30
	500.22	0.00	13.43	939.30
	500.23	0.00	13.42	941.30
	500.24	0.00	13.40	943.31
	500.25	0.00	13.42	946.31
	500.26	0.00	13.36	934.30
	500.27	0.00	13.37	938.29
	500.29	0.00	13.33	937.30
	500.30	0.00	13.33	942.30
	500.31	0.00	13.09	962.31
	500.32	0.00	13.10	966.30
	500.33	0.00	13.10	973.31
	500.34	0.00	13.11	980.31
	500.36	0.00	13.08	983.32
	500.37	0.00	13.04	983.32
	500.38	0.00	13.04	987.32
	500.39	0.00	12.99	989.34
	500.40	0.00	12.96	991.36
	500.41	0.00	12.96	990.37
	500.42	0.00	12.92	997.38
	500.44	0.00	12.92	998.39
	500.45	0.00	12.93	997.39
	500.46	0.00	12.93	1000.40
	500.47	0.00	12.93	999.40
	500.48	0.00	12.93	999.40
	500.49	0.00	12.93	1003.40
	500.51	0.00	12.93	1004.40
	500.52	0.00	12.91	1001.40
	500.53	0.00	12.89	1001.40
	500.54	0.00	12.90	1003.40
	500.55	0.00	12.89	1004.39
	500.56	0.00	12.92	1007.39
	500.58	0.00	12.92	1007.39
	500.59	0.00	12.93	1009.40
	500.60	0.00	12.93	1006.39
	500.61	0.00	12.94	1011.39
	500.62	0.00	12.95	1009.39
	500.63	0.00	12.94	1009.40
	500.64	0.00	12.94	1009.40
	500.66	0.00	12.94	1012.40
	500.67	0.00	12.93	1013.41
	500.68	0.00	12.90	1011.39
	500.69	0.00	12.90	1016.39
	500.70	0.00	12.90	1016.39
	500.71	0.00	12.90	1017.39
	500.73	0.00	12.91	1019.39
	500.74	0.00	12.92	1016.39
	500.75	0.00	12.93	1017.39
	500.76	0.00	12.94	1015.39
	500.77	0.00	12.95	1018.38
	500.78	0.00	12.97	1017.38
	500.80	0.00	12.96	1015.38
	500.81	0.00	12.96	1016.38
	500.82	0.00	12.96	1017.38
	500.83	0.00	12.94	1011.37
	500.84	0.00	12.96	1016.37
	500.85	0.00	12.96	1018.37
	500.86	0.00	12.98	1015.37
	500.88	0.00	12.98	1015.37
	500.89	0.00	12.98	1017.37
	500.90	0.00	12.98	1018.37
	500.91	0.00	13.00	1017.36
	500.92	0.00	13.01	1018.36
	500.94	0.00	13.01	1017.36
	500.95	0.00	12.98	1013.37
	500.96	0.00	13.00	1018.36
	500.97	0.00	13.00	1020.36
	500.98	0.00	13.01	1022.36
	500.99	0.00	13.01	1023.36
	501.01	0.00	13.01	1025.36
	501.02	0.00	13.02	1025.36
	501.03	0.00	13.00	1022.36
	501.04	0.00	12.99	1027.36
	501.05	0.00	12.99	1027.36
	501.06	0.00	12.98	1026.36
	501.07	0.00	12.97	1028.38
	501.09	0.00	12.96	1031.38
	501.10	0.00	12.95	1028.39
	501.11	0.00	12.97	1029.38
	501.12	0.00	12.96	1029.39
	501.13	0.00	12.95	1024.38
	501.14	0.00	12.97	1031.39
	501.16	0.00	12.97	1032.39
	501.17	0.00	12.97	1031.39
	501.18	0.00	12.98	1028.37
	501.19	0.00	13.01	1030.37
	501.20	0.00	13.00	1029.37
	501.21	0.00	13.00	1029.37
	501.23	0.00	13.01	1030.36
	501.24	0.00	13.01	1029.37
	501.25	0.00	13.02	1029.37
	501.26	0.00	13.01	1028.37
	501.27	0.00	13.02	1029.37
	501.28	0.00	13.01	1024.36
	501.30	0.00	13.07	1028.31
	501.31	0.00	13.08	1029.30
	501.32	0.00	13.09	1026.30
	501.33	0.00	13.11	1025.29
	501.34	0.00	13.12	1024.30
	501.35	0.00	13.12	1028.31
	501.36	0.00	13.09	1023.32
	501.38	0.00	13.11	1020.32
	501.39	0.00	13.10	1021.32
	501.40	0.00	13.10	1019.31
	501.41	0.00	13.10	1016.31
	501.42	0.00	13.08	1014.32
	501.43	0.00	13.09	1016.32
	501.45	0.00	13.08	1015.33
	501.46	0.00	13.06	1008.34
	501.47	0.00	13.10	1015.35
	501.48	0.00	13.11	1016.34
	501.49	0.00	13.11	1015.35
	501.50	0.00	13.08	1000.32
	501.52	0.00	13.07	999.34
	501.53	0.00	13.13	1012.34
	501.54	0.00	13.10	999.32
	501.55	0.00	13.31	975.32
	501.56	0.00	13.32	976.32
	501.57	0.00	13.33	977.32
	501.58	0.00	13.35	980.32
	501.60	0.00	13.35	980.32
	501.61	0.00	13.35	980.32
	501.62	0.00	13.33	9747
	524.80	0.00	13.65	987.28
	524.81	0.00	13.66	987.27
	524.82	0.00	13.65	985.27
	524.83	0.00	13.64	987.27
	524.85	0.00	13.66	987.26
	524.86	0.00	13.64	988.28
	524.87	0.00	13.64	988.28
	524.88	0.00	13.64	989.28
	524.89	0.00	13.63	990.28
	524.90	0.00	13.63	990.28
	524.91	0.00	13.62	992.28
	524.93	0.00	13.63	994.28
	524.94	0.00	13.62	992.28
	524.95	0.00	13.61	993.28
	524.96	0.00	13.61	996.28
	524.97	0.00	13.61	995.28
	524.98	0.00	13.64	997.28
	525.00	0.00	13.60	996.28
	525.01	0.00	13.60	996.28
	525.02	0.00	13.60	1000.28
	525.03	0.00	13.60	998.27
	525.04	0.00	13.63	998.28
	525.05	0.00	13.58	998.29
	525.07	0.00	13.58	998.29
	525.08	0.00	13.57	998.29
	525.09	0.00	13.57	1001.30
	525.10	0.00	13.57	1000.29
	525.11	0.00	13.57	998.29
	525.12	0.00	13.58	999.29
	525.13	0.00	13.57	1000.29
	525.15	0.00	13.59	1001.28
	525.16	0.00	13.60	1002.29
	525.17	0.00	13.57	1000.29
	525.18	0.00	13.59	1000.28
	525.19	0.00	13.61	1000.26
	525.20	0.00	13.61	998.26
	525.22	0.00	13.61	997.25
	525.23	0.00	13.62	1000.25
	525.24	0.00	13.62	1000.25
	525.25	0.00	13.61	998.25
	525.26	0.00	13.61	999.25
	525.27	0.00	13.61	996.26
	525.29	0.00	13.61	1000.25
	525.30	0.00	13.61	998.25
	525.31	0.00	13.60	999.25
	525.32	0.00	13.60	998.25
	525.33	0.00	13.59	999.26
	525.34	0.00	13.60	999.25
	525.35	0.00	13.60	998.25
	525.37	0.00	13.60	999.25
	525.38	0.00	13.60	1000.26
	525.39	0.00	13.59	997.26
	525.40	0.00	13.60	998.26
	525.41	0.00	13.60	997.26
	525.42	0.00	13.60	994.26
	525.44	0.00	13.60	992.25
	525.45	0.00	13.58	984.23
	525.46	0.00	13.60	991.25
	525.47	0.00	13.60	994.26
	525.48	0.00	13.60	993.26
	525.49	0.00	13.60	994.25
	525.51	0.00	13.59	989.24
	525.52	0.00	13.61	987.24
	525.53	0.00	13.59	990.24
	525.54	0.00	13.59	989.24
	525.55	0.00	13.59	992.25
	525.56	0.00	13.57	989.26
	525.58	0.00	13.58	989.25
	525.59	0.00	13.57	988.25
	525.60	0.00	13.57	990.25
	525.61	0.00	13.57	989.25
	525.62	0.00	13.55	987.27
	525.63	0.00	13.55	987.27
	525.64	0.00	13.56	988.27
	525.66	0.00	13.56	988.27
	525.67	0.00	13.56	988.27
	525.68	0.00	13.56	988.27
	525.69	0.00	13.55	985.27
	525.70	0.00	13.54	987.28
	525.71	0.00	13.54	985.28
	525.72	0.00	13.55	987.28
	525.74	0.00	13.56	986.28
	525.75	0.00	13.55	984.28
	525.76	0.00	13.56	985.28
	525.77	0.00	13.55	983.28
	525.78	0.00	13.55	982.27
	525.79	0.00	13.54	978.28
	525.81	0.00	13.56	984.28
	525.82	0.00	13.56	982.28
	525.83	0.00	13.56	982.28
	525.84	0.00	13.52	972.28
	525.85	0.00	13.49	963.27
	525.86	0.00	13.52	966.27
	525.88	0.00	13.51	970.28
	525.89	0.00	13.55	977.28
	525.90	0.00	13.55	978.28
	525.91	0.00	13.53	969.27
	525.92	0.00	13.52	964.27
	525.93	0.00	13.51	962.27
	525.94	0.00	13.50	962.28
	525.96	0.00	13.50	963.28
	525.97	0.00	13.52	967.28
	525.98	0.00	13.51	964.28
	525.99	0.00	13.50	961.28
	526.00	0.00	13.49	960.28
	526.01	0.00	13.49	964.27
	526.03	0.00	13.50	966.28
	526.04	0.00	13.50	968.29
	526.05	0.00	13.49	968.29
	526.06	0.00	13.51	971.28
	526.07	0.00	13.50	967.30
	526.08	0.00	13.51	967.29
	526.09	0.00	13.52	969.29
	526.11	0.00	13.51	966.29
	526.12	0.00	13.54	969.29
	526.13	0.00	13.55	968.27
	526.14	0.00	13.54	970.29
	526.15	0.00	13.54	967.29
	526.16	0.00	13.54	968.29
	526.18	0.00	13.54	967.29
	526.19	0.00	13.54	966.29
	526.20	0.00	13.50	954.29
	526.21	0.00	13.54	965.29
	526.22	0.00	13.54	966.29
	526.23	0.00	13.55	968.29
	526.25	0.00	13.54	966.30
	526.26	0.00	13.54	965.29
	526.27	0.00	13.51	956.28
	526.28	0.00	13.52	958.28
	526.29	0.00	13.53	963.28
	526.30	0.00	13.54	956.26
	526.31	0.00	13.53	960.28
	526.33	0.00	13.51	954.28
	526.34	0.00	13.50	960.28
	526.35	0.00	13.54	963.28
	526.36	0.00	13.53	965.29
	526.37	0.00	13.52	967.29
	526.38	0.00	13.52	967.29
	526.40	0.00	13.53	968.29
	526.41	0.00	13.53	966.29
	526.42	0.00	13.54	968.29
	526.43	0.00	13.54	971.29
	526.44	0.00	13.53	966.30
	526.45	0.00	13.54	967.30
	526.47	0.00	13.55	968.29
	526.48	0.00	13.55	968.30
	526.49	0.00	13.54	971.30
	526.50	0.00	13.54	967.30
	526.51	0.00	13.54	964.30
	526.52	0.00	13.54	968.30
	526.53	0.00	13.57	972.30
	526.54	0.00	13.55	969.30
	526.56	0.00	13.54	970.30
	526.57	0.00	13.52	970.31
	526.58	0.00	13.52	963.29
	526.59	0.00	13.51	962.31
	526.60	0.00	13.50	963.31
	526.61	0.00	13.51	967.31
	526.63	0.00	13.50	962.30
	526.64	0.00	13.52	966.30
	526.65	0.00	13.52	966.30
	526.66	0.00	13.52	968.31
	526.67	0.00	13.52	969.31
	526.69	0.00	13.52	969.31
	526.70	0.00	13.49	964.32
	526.71	0.00	13.55	968.31
	526.72	0.00	13.52	970.31
	526.73	0.00	13.52	972.31
	526.74	0.00	13.52	970.31
	526.75	0.00	13.51	968.32
	526.77	0.00	13.53	970.31
	526.78	0.00	13.52	970.32
	526.79	0.00	13.52	970.32
	526.80	0.00	13.50	970.32
	526.81	0.00	13.50	971.32
	526.82	0.00	13.50	971.32
	526.84	0.00	13.50	974.32
	526.85	0.00	13.50	971.32
	526.86	0.00	13.51	972.32
	526.87	0.00	13.50	972.32
	526.88	0.00	13.51	975.32
	526.89	0.00	13.47	970.32
	526.90	0.00	13.47	968.31
	526.92	0.00	13.49	970.30
	526.93	0.00	13.49	972.30
	526.94	0.00	13.49	970.30
	526.95	0.00	13.49	972.30
	526.96	0.00	13.49	973.30
	526.97	0.00	13.49	973.30
	526.98	0.00	13.49	978.31
	527.00	0.00	13.49	975.31
	527.01	0.00	13.49	974.31
	527.02	0.00	13.50	975.30
	527.03	0.00	13.49	975.31
	527.04	0.00	13.49	976.31
	527.05	0.00	13.48	972.31
	527.07	0.00	13.49	975.31
	527.08	0.00	13.49	975.31
	527.09	0.00	13.50	974.30
	527.10	0.00	13.48	976.31
	527.11	0.00	13.48	975.31
	527.12	0.00	13.50	979.31
	527.14	0.00	13.49	978.31
	527.15	0.00	13.49	976.32
	527.16	0.00	13.50	976.31
	527.17	0.00	13.50	977.31
	527.18	0.00	13.46	970.31
	527.19	0.00	13.49	970.29
	527.21	0.00	13.47	971.31
	527.22	0.00	13.47	973.31
	527.23	0.00	13.46	970.31
	527.24	0.00	13.45	971.31
	527.25	0.00	13.46	971.31
	527.26	0.00	13.46	971.31
	527.28	0.00	13.47	973.31
	527.29	0.00	13.47	974.31
	527.30	0.00	13.49	980.31
	527.31	0.00	13.48	977.31
	527.32	0.00	13.47	975.31
	527.33	0.00	13.50	975.31
	527.34	0.00	13.48	975.31
	527.35	0.00	13.48	975.31
	527.37	0.00	13.49	975.30
	527.38	0.00	13.49	977.31
	527.39	0.00	13.50	973.31
	527.40	0.00	13.49	977.31
	527.41	0.00	13.47	968.31
	527.42	0.00	13.49	975.31
	527.44	0.00	13.49	974.31
	527.45	0.00	13.49	975.31
	527.46	0.00	13.46	970.31
	527.47	0.00	13.46	970.31
	527.48	0.00	13.45	969.31
	527.49	0.00	13.47	973.31
	527.51	0.00	13.47	973.31
	527.52	0.00	13.48	974.31
	527.53	0.00	13.47	974.31
	527.54	0.00	13.48	975.31
	527.55	0.00	13.51	975.31
	527.56	0.00	13.48	973.31
	527.58	0.00	13.48	975.31
	527.59	0.00	13.48	977.31
	527.60	0.00	13.49	974.31
	527.61	0.00	13.49	975.31
	527.62	0.00	13.49	974.31
	527.63	0.00	13.48	972.31
	527.64	0.00	13.50	975.30
	527.66	0.00	13.49	974.31
	527.67	0.00	13.48	973.32
	527.68	0.00	13.47	972.32
	527.69	0.00	13.47	974.33
	527.70	0.00	13.48	975.32
	527.71	0.00	13.47	975.33
	527.72	0.00	13.47	977.33
	527.74	0.00	13.47	974.33
	527.75	0.00	13.46	972.33
	527.76	0.00	13.48	974.32
	527.77	0.00	13.48	974.33
	527.78	0.00	13.47	975.33
	527.79	0.00	13.47	975.33
	527.81	0.00	13.45	971.34
	527.82	0.00	13.48	974.32
	527.83	0.00	13.49	978.33
	527.84	0.00	13.47	974.33
	527.85	0.00	13.49	976.32
	527.86	0.00	13.48	973.32
	527.88	0.00	13.46	971.32
	527.89	0.00	13.49	976.32
	527.90	0.00	13.49	976.32
	527.91	0.00	13.47	973.33
	527.92	0.00	13.47	975.33
	527.93	0.00	13.48	975.32
	527.95	0.00	13.47	978.32
	527.96	0.00	13.48	974.32
	527.97	0.00	13.48	974.32
	527.98	0.00	13.48	976.33
	527.99	0.00	13.47	976.34
	528.00	0.00	13.48	976.33
	528.02	0.00	13.48	976.33
	528.03	0.00	13.45	970.33
	528.04	0.00	13.53	976.27
	528.05	0.00	13.55	977.26
	528.06	0.00	13.54	976.26
	528.07	0.00	13.54	976.26
	528.08	0.00	13.55	979.26
	528.10	0.00	13.55	977.26
	528.11	0.00	13.53	978.27
	528.12	0.00	13.53	978.27
	528.13	0.00	13.54	979.27
	528.14	0.00	13.54	980.27
	528.15	0.00	13.56	979.25
	528.16	0.00	13.54	979.28
	528.18	0.00	13.53	981.28
	528.19	0.00	13.53	978.28
	528.20	0.00	13.51	979.29
	528.21	0.00	13.52	980.28
	528.22	0.00	13.54	982.28
	528.23	0.00	13.51	980.29
	528.25	0.00	13.52	981.29
	528.26	0.00	13.52	978.29
	528.27	0.00	13.52	982.29
	528.28	0.00	13.53	977.26
	528.29	0.00	13.52	974.25
	528.30	0.00	13.52	973.25
	528.32	0.00	13.51	973.26
	528.33	0.00	13.51	975.27
	528.34	0.00	13.50	976.28
	528.35	0.00	13.50	974.27
	528.36	0.00	13.51	974.26
	528.37	0.00	13.51	976.27
	528.39	0.00	13.49	973.28
	528.40	0.00	13.51	978.28
	528.41	0.00	13.49	976.29
	528.42	0.00	13.49	975.29
	528.43	0.00	13.50	974.29
	528.44	0.00	13.49	976.29
	528.45	1.00	13.49	976.29
	528.47	1.00	13.51	974.29
	528.48	1.00	13.52	976.29
	528.49	1.00	13.50	974.30
	528.50	1.00	13.50	974.30
	528.51	1.00	13.50	976.30
	528.52	1.00	13.49	974.30
	528.53	1.00	13.50	974.30
	528.55	1.00	13.50	974.30
	528.56	1.00	13.49	972.30
	528.57	1.00	13.50	976.30
	528.58	1.00	13.49	976.31
	528.59	1.00	13.50	975.31
	528.60	1.00	13.46	960.28
	528.62	1.00	13.49	976.31
	528.63	1.00	13.49	977.31
	528.64	1.00	13.50	974.30
	528.65	1.00	13.51	977.30
	528.66	1.00	13.50	976.31
	528.67	1.00	13.46	961.29
	528.69	1.00	13.45	957.29
	528.70	1.00	13.46	962.29
	528.71	1.00	13.47	966.29
	528.72	1.00	13.46	967.30
	528.73	1.00	13.42	952.29
	528.74	1.00	13.47	965.29
	528.76	1.00	13.46	968.30
	528.77	0.00	13.48	969.30
	528.78	0.00	13.47	970.30
	528.79	0.00	13.48	973.30
	528.80	0.00	13.49	971.30
	528.81	0.00	13.49	971.30
	528.82	0.00	13.49	974.31
	528.84	0.00	13.49	970.31
	528.85	0.00	13.48	972.31
	528.86	0.00	13.48	972.31
	528.87	0.00	13.50	974.30
	528.88	0.00	13.48	973.31
	528.89	0.00	13.47	973.32
	528.91	0.00	13.49	976.31
	528.92	0.00	13.49	973.31
	528.93	0.00	13.50	974.30
	528.94	0.00	13.49	973.31
	528.95	0.00	13.47	972.31
	528.96	0.00	13.50	979.31
	528.97	0.00	13.48	974.31
	528.99	0.00	13.48	974.31
	529.00	0.00	13.45	964.30
	529.01	0.00	13.44	962.30
	529.02	0.00	13.47	966.29
	529.03	0.00	13.47	969.30
	529.04	0.00	13.49	971.30
	529.05	0.00	13.49	972.30
	529.07	0.00	13.48	974.30
	529.08	0.00	13.48	970.30
	529.09	0.00	13.49	973.30
	529.10	0.00	13.50	978.31
	529.11	0.00	13.47	976.32
	529.13	0.00	13.49	975.30
	529.14	0.00	13.49	976.30
	529.15	0.00	13.48	976.31
	529.16	0.00	13.49	978.31
	529.17	0.00	13.51	976.31
	529.18	0.00	13.50	978.31
	529.20	0.00	13.49	977.31
	529.21	0.00	13.47	979.32
	529.22	0.00	13.48	978.31
	529.23	0.00	13.49	977.31
	529.24	0.00	13.43	969.32
	529.25	0.00	13.47	977.32
	529.26	0.00	13.48	980.32
	529.28	0.00	13.47	977.32
	529.29	0.00	13.44	970.32
	529.30	0.00	13.46	974.31
	529.31	0.00	13.48	976.31
	529.32	0.00	13.47	977.32
	529.33	0.00	13.47	977.32
	529.34	0.00	13.46	979.33
	529.36	0.00	13.46	980.32
	529.37	0.00	13.47	982.32
	529.38	0.00	13.46	981.32
	529.39	0.00	13.45	979.32
	529.40	0.00	13.47	978.31
	529.41	0.00	13.46	983.33
	529.43	0.00	13.45	980.33
	529.44	0.00	13.44	977.33
	529.45	0.00	13.45	979.33
	529.46	0.00	13.44	978.33
	529.47	0.00	13.43	976.33
	529.48	0.00	13.46	983.33
	529.50	0.00	13.45	979.33
	529.51	0.00	13.44	981.33
	529.52	0.00	13.43	974.32
	529.53	0.00	13.42	970.31
	529.54	0.00	13.45	975.32
	529.55	0.00	13.44	976.32
	529.56	0.00	13.46	979.32
	529.58	0.00	13.46	977.31
	529.59	0.00	13.45	976.32
	529.60	0.00	13.45	977.32
	529.61	0.00	13.45	976.32
	529.62	0.00	13.46	977.32
	529.63	0.00	13.45	976.32
	529.65	0.00	13.46	978.32
	529.66	0.00	13.45	976.32
	529.67	0.00	13.46	978.32
	529.68	0.00	13.45	976.32
	529.69	0.00	13.47	977.30
	529.70	0.00	13.47	977.32
	529.72	0.00	13.41	967.32
	529.73	0.00	13.43	967.32
	529.74	0.00	13.43	970.32
	529.75	0.00	13.43	969.32
	529.76	0.00	13.44	972.32
	529.77	0.00	13.46	972.31
	529.78	0.00	13.44	974.32
	529.80	0.00	13.44	974.32
	529.81	0.00	13.46	972.31
	529.82	0.00	13.45	971.32
	529.83	0.00	13.47	972.32
	529.84	0.00	13.45	972.32
	529.85	0.00	13.46	974.32
	529.86	0.00	13.48	973.30
	529.88	0.00	13.43	966.31
	529.89	0.00	13.48	975.31
	529.90	0.00	13.46	974.32
	529.91	0.00	13.46	975.32
	529.92	0.00	13.47	976.31
	529.94	0.00	13.43	967.31
	529.95	0.00	13.44	968.32
	529.96	0.00	13.44	969.32
	529.97	0.00	13.45	972.32
	529.98	0.00	13.44	969.31
	529.99	0.00	13.44	970.32
	530.00	0.00	13.48	970.31
	530.02	0.00	13.47	971.31
	530.03	0.00	13.47	973.31
	530.04	0.00	13.46	972.32
	530.05	0.00	13.48	969.31
	530.06	0.00	13.48	974.31
	530.07	0.00	13.48	972.31
	530.09	0.00	13.49	972.31
	530.10	0.00	13.48	971.31
	530.11	0.00	13.48	971.31
	530.12	0.00	13.49	974.31
	530.13	0.00	13.50	973.29
	530.14	0.00	13.48	972.31
	530.15	0.00	13.49	973.31
	530.17	0.00	13.52	973.29
	530.18	0.00	13.50	972.30
	530.19	0.00	13.48	969.31
	530.20	0.00	13.49	970.31
	530.21	0.00	13.51	968.31
	530.22	0.00	13.50	969.32
	530.23	0.00	13.49	966.32
	530.25	0.00	13.50	967.32
	530.26	0.00	13.50	968.32
	530.27	0.00	13.50	968.32
	530.28	0.00	13.50	969.32
	530.29	0.00	13.50	968.32
	530.30	0.00	13.52	967.32
	530.32	0.00	13.52	967.32
	530.33	0.00	13.52	967.32
	530.34	0.00	13.52	966.32
	530.35	0.00	13.52	968.32
	530.36	0.00	13.53	969.32
	530.37	0.00	13.52	967.32
	530.39	0.00	13.53	966.31
	530.40	0.00	13.54	966.31
	530.41	0.00	13.54	968.31
	530.42	0.00	13.53	962.31
	530.43	0.00	13.55	967.31
	530.44	0.00	13.55	966.31
	530.46	0.00	13.55	964.32
	530.47	0.00	13.55	965.32
	530.48	0.00	13.54	958.32
	530.49	0.00	13.57	963.32
	530.50	0.00	13.57	965.32
	530.51	0.00	13.57	964.32
	530.53	0.00	13.57	964.32
	530.54	0.00	13.58	967.32
	530.55	0.00	13.60	961.28
	530.56	0.00	13.58	959.31
	530.57	0.00	13.60	959.28
	530.58	0.00	13.69	963.22
	530.59	0.00	13.69	962.23
	530.61	0.00	13.69	961.23
	530.62	0.00	13.71	959.23
	530.63	0.00	13.71	963.24
	530.64	0.00	13.74	957.24
	530.65	0.00	13.73	949.24
	530.66	0.00	13.79	954.23
	530.67	0.00	13.77	949.23
	530.69	0.00	13.80	949.23
	530.70	0.00	13.83	948.22
	530.71	0.00	13.81	946.23
	530.72	0.00	13.81	944.23
	530.73	0.00	13.84	944.22
	530.74	0.00	13.84	943.23
	530.76	0.00	13.85	938.20
	530.77	0.00	13.85	931.19
	530.78	0.00	13.86	935.19
	530.79	0.00	13.86	934.19
	530.80	0.00	13.89	933.18
	530.81	0.00	13.88	933.19
	530.83	0.00	13.88	934.20
	530.84	0.00	13.89	933.20
	530.85	0.00	13.90	931.21
	530.86	0.00	13.90	929.20
	530.87	0.00	13.89	930.21
	530.88	0.00	13.92	930.20
	530.89	0.00	13.91	929.20
	530.91	0.00	13.93	929.20
	530.92	0.00	13.92	931.21
	530.93	0.00	13.93	929.20
	530.94	0.00	13.92	930.21
	530.95	0.00	13.95	931.20
	530.96	0.00	13.94	927.20
	530.98	0.00	13.93	930.20
	530.99	0.00	13.94	928.20
	531.00	0.00	13.93	930.20
	531.01	0.00	13.88	911.19
	531.02	0.00	13.89	915.19
	531.03	0.00	13.91	917.19
	531.04	0.00	13.93	922.19
	531.06	0.00	13.94	922.18
	531.07	0.00	13.95	921.19
	531.08	0.00	13.96	922.19
	531.09	0.00	13.96	921.19
	531.10	0.00	13.96	922.19
	531.11	0.00	13.94	920.20
	531.13	0.00	13.95	923.20
	531.14	0.00	13.96	922.19
	531.15	0.00	13.96	924.19
	531.16	0.00	13.95	922.20
	531.17	0.00	13.96	925.20
	531.18	0.00	13.93	923.20
	531.20	0.00	13.91	915.18
	531.21	0.00	13.94	922.18
	531.22	0.00	13.94	926.19
	531.23	0.00	13.95	928.19
	531.24	0.00	13.97	930.19
	531.25	0.00	13.95	927.20
	531.27	0.00	13.95	926.20
	531.28	0.00	13.96	928.19
	531.29	0.00	13.94	930.21
	531.30	0.00	13.96	933.20
	531.31	0.00	13.95	931.20
	531.32	0.00	13.95	931.20
	531.34	0.00	13.92	924.19
	531.35	0.00	13.93	927.19
	531.36	0.00	13.94	930.20
	531.37	0.00	13.95	930.20
	531.38	0.00	13.93	930.20
	531.39	0.00	13.93	932.20
	531.40	0.00	13.96	930.19
	531.42	0.00	13.94	931.20
	531.43	0.00	13.91	925.20
	531.44	0.00	13.95	930.20
	531.45	0.00	13.95	931.20
	531.46	0.00	13.95	931.20
	531.47	0.00	13.95	931.20
	531.48	0.00	13.93	926.20
	531.50	0.00	13.95	931.20
	531.51	0.00	13.97	933.20
	531.52	0.00	13.96	933.20
	531.53	0.00	13.97	933.19
	531.54	0.00	13.97	929.17
	531.55	0.00	13.99	930.17
	531.57	0.00	13.99	931.17
	531.58	0.00	14.00	932.17
	531.59	0.00	14.00	931.17
	531.60	0.00	13.98	924.17
	531.61	0.00	14.04	931.17
	531.62	0.00	14.07	930.16
	531.64	0.00	14.06	928.17
	531.65	0.00	14.07	929.16
	531.66	0.00	14.08	933.16
	531.67	0.00	14.09	928.16
	531.68	0.00	14.10	928.15
	531.69	0.00	14.08	922.15
	531.71	0.00	14.07	923.16
	531.72	0.00	14.07	921.15
	531.73	0.00	14.07	923.15
	531.74	0.00	14.08	923.15
	531.75	0.00	14.09	925.15
	531.76	0.00	14.09	928.15
	531.78	0.00	14.07	929.16
	531.79	0.00	14.06	929.16
	531.80	0.00	14.03	934.16
	531.81	0.00	14.02	936.17
	531.82	0.00	14.02	939.16
	531.83	0.00	14.00	946.17
	531.84	0.00	13.97	950.18
	531.86	0.00	13.96	952.18
	531.87	0.00	13.92	956.20
	531.88	0.00	13.85	959.21
	531.89	0.00	13.78	950.22
	531.90	0.00	13.77	964.23
	531.91	0.00	13.73	968.23
	531.93	0.00	13.71	965.23
	531.94	0.00	13.73	964.22
	531.95	0.00	13.79	962.20
	531.96	0.00	13.88	952.17
	531.97	0.00	14.04	942.12
	531.98	0.00	14.26	921.05
	532.00	0.00	14.46	898.97
	532.01	0.00	14.59	888.92
	532.02	0.00	14.78	852.89
	532.03	0.00	14.80	845.87
	532.04	0.00	14.87	853.86
	532.05	0.00	14.84	852.87
	532.06	0.00	14.84	850.87
	532.08	0.00	14.84	848.86
	532.09	0.00	14.84	846.87
	532.10	0.00	14.86	848.86
	532.11	0.00	14.85	845.86
	532.12	0.00	14.86	846.86
	532.13	0.00	14.85	846.87
	532.15	0.00	14.85	846.87
	532.16	0.00	14.85	846.87
	532.17	0.00	14.85	847.87
	532.18	0.00	14.85	847.87
	532.19	0.00	14.86	845.87
	532.20	0.00	14.85	846.87
	532.21	0.00	14.89	843.84
	532.23	0.00	14.92	843.83
	532.24	0.00	14.91	844.84
	532.25	0.00	14.91	845.84
	532.26	0.00	14.91	843.84
	532.27	0.00	14.93	842.83
	532.28	0.00	14.93	841.83
	532.29	0.00	14.93	841.84
	532.31	0.00	14.95	840.83
	532.32	0.00	14.90	845.85
	532.33	0.00	14.95	839.82
	532.34	0.00	14.95	837.82
	532.35	0.00	14.93	843.85
	532.36	0.00	14.94	842.84
	532.38	0.00	14.95	847.84
	532.39	0.00	14.96	842.82
	532.40	0.00	14.97	840.82
	532.41	0.00	14.97	840.82
	532.42	0.00	14.97	841.82
	532.43	0.00	14.99	843.81
	532.45	0.00	14.98	843.82
	532.46	0.00	14.97	843.83
	532.47	0.00	14.95	844.84
	532.48	0.00	14.85	846.85
	532.49	0.00	14.71	855.85
	532.50	0.00	14.42	882.94
	532.52	0.00	13.55	933.11
	532.53	0.00	12.79	1045.25
	532.54	0.00	12.60	1088.35
	532.55	0.00	12.49	1107.39
	532.56	0.00	12.37	1137.46
	532.57	0.00	12.31	1168.50
	532.59	0.00	12.25	1205.54
	532.60	0.00	12.24	1234.56
	532.61	0.00	12.19	1257.58
	532.62	0.00	12.20	1292.58
	532.63	0.00	12.25	1315.58
	532.64	0.00	12.31	1315.57
	532.66	0.00	12.41	1317.53
	532.67	0.00	12.53	1317.48
	532.68	0.00	12.68	1304.43
	532.69	0.00	12.86	1289.40
	532.70	0.00	13.08	1268.36
	532.71	0.00	13.30	1241.31
	532.72	0.00	13.61	1211.26
	532.74	0.00	13.76	1197.23
	532.75	0.00	13.87	1187.19
	532.76	0.00	14.04	1174.13
	532.77	0.00	14.14	1162.08
	532.78	0.00	14.26	1152.05
	532.79	0.00	14.35	1122.02
	532.80	0.00	14.53	1120.97
	532.82	0.00	14.62	1121.94
	532.83	0.00	14.72	1109.92
	532.84	0.00	14.84	1099.90
	532.85	0.00	14.92	1099.87
	532.86	0.00	15.01	1096.85
	532.88	0.00	15.07	1093.84
	532.89	0.00	15.13	1087.80
	532.90	0.00	15.21	1085.75
	532.91	0.00	15.31	1066.69
	532.92	0.00	15.40	1071.64
	532.93	0.00	15.48	1075.58
	532.95	0.00	15.51	1073.56
	532.96	0.00	15.52	1066.56
	532.97	0.00	15.58	1058.52
	532.98	0.00	15.58	1052.52
	532.99	0.00	15.69	1029.51
	533.00	0.00	15.70	1014.51
	533.02	0.00	15.68	1007.52
	533.03	0.00	15.72	996.50
	533.04	0.00	15.70	988.51
	533.05	0.00	15.68	983.53
	533.06	0.00	15.68	967.52
	533.07	0.00	15.67	956.51
	533.09	0.00	15.89	962.50
	533.10	0.00	15.84	947.51
	533.11	0.00	15.83	944.51
	533.12	0.00	15.82	894.52
	533.13	0.00	16.01	901.51
	533.14	0.00	15.89	872.55
	533.15	0.00	15.59	822.54
	533.17	0.00	15.35	795.62
	533.18	0.00	15.05	798.64
	533.19	0.00	15.07	797.61
	533.20	0.00	15.07	802.65
	533.21	0.00	15.12	816.65
	533.22	0.00	15.12	820.66
	533.23	0.00	15.13	820.66
	533.25	0.00	15.35	799.66
	533.26	0.00	15.13	817.66
	533.27	0.00	15.15	819.66
	533.28	0.00	15.13	817.67
	533.29	0.00	15.11	815.67
	533.30	0.00	15.34	788.67
	533.32	0.00	15.34	786.66
	533.33	0.00	15.34	786.66
	533.34	0.00	15.35	787.66
	533.35	0.00	15.34	788.67
	533.36	0.00	15.34	789.67
	533.37	0.00	15.11	810.66
	533.39	0.00	15.33	793.67
	533.40	0.00	15.11	812.67
	533.41	0.00	15.12	812.66
	533.42	0.00	15.11	814.66
	533.43	0.00	15.11	818.66
	533.44	0.00	15.11	819.66
	533.45	0.00	15.13	820.65
	533.47	0.00	15.13	820.65
	533.48	0.00	15.11	820.66
	533.49	0.00	15.12	821.66
	533.50	0.00	15.11	822.66
	533.51	0.00	15.11	823.66
	533.52	0.00	15.10	823.67
	533.53	0.00	15.13	819.65
	533.55	0.00	15.13	822.64
	533.56	0.00	15.13	821.64
	533.57	0.00	15.15	822.64
	533.58	0.00	15.16	823.64
	533.59	0.00	15.14	822.65
	533.60	0.00	15.10	809.65
	533.62	0.00	15.10	814.66
	533.63	0.00	15.06	823.69
	533.64	0.00	14.77	833.72
	533.65	0.00	14.01	884.78
	533.66	0.00	12.74	987.05
	533.67	0.00	11.74	1101.23
	533.69	0.00	11.28	1167.40
	533.70	0.00	10.96	1253.54
	533.71	0.00	10.77	1292.62
	533.72	0.00	10.68	1337.68
	533.73	0.00	10.59	1369.70
	533.74	0.00	10.63	1397.72
	533.76	0.00	10.63	1448.74
	533.77	0.00	10.66	1469.74
	533.78	0.00	10.81	1482.72
	533.79	0.00	10.97	1490.69
	533.80	0.00	11.11	1481.66
	533.81	0.00	11.34	1475.61
	533.83	0.00	11.55	1466.56
	533.84	0.00	11.77	1446.50
	533.85	0.00	12.02	1433.44
	533.86	0.00	12.26	1412.40
	533.87	0.00	12.41	1402.33
	533.88	0.00	12.63	1378.30
	533.90	0.00	12.77	1373.26
	533.91	0.00	12.89	1366.23
	533.92	0.00	13.07	1366.21
	533.93	0.00	13.25	1353.19
	533.94	0.00	13.36	1344.17
	533.95	0.00	13.44	1350.16
	533.96	0.00	13.66	1345.16
	533.98	0.00	13.79	1347.15
	533.99	0.00	13.84	1353.14
	534.00	0.00	13.94	1347.12
	534.01	0.00	14.04	1347.11
	534.02	0.00	14.16	1348.08
	534.03	0.00	14.26	1341.06
	534.05	0.00	14.38	1321.02
	534.06	0.00	14.48	1317.99
	534.07	0.00	14.60	1288.95
	534.08	0.00	14.72	1275.91
	534.09	0.00	14.85	1259.87
	534.10	0.00	14.95	1246.85
	534.12	0.00	15.05	1234.82
	534.13	0.00	15.13	1215.79
	534.14	0.00	15.18	1208.76
	534.15	0.00	15.29	1213.73
	534.16	0.00	15.30	1174.70
	534.17	0.00	15.41	1166.64
	534.19	0.00	15.50	1146.58
	534.20	0.00	15.59	1110.53
	534.21	0.00	15.60	1093.52
	534.22	0.00	15.63	1072.50
	534.23	0.00	15.59	1047.52
	534.24	0.00	15.59	1021.50
	534.26	0.00	15.58	1008.51
	534.27	0.00	15.56	983.51
	534.28	0.00	15.53	964.51
	534.29	0.00	15.57	921.51
	534.30	0.00	15.76	890.51
	534.31	0.00	15.76	877.49
	534.33	0.00	15.72	855.49
	534.34	0.00	15.58	827.52
	534.35	0.00	15.23	816.58
	534.36	0.00	15.06	814.68
	534.37	0.00	15.01	817.72
	534.38	0.00	15.05	834.73
	534.39	0.00	15.05	835.73
	534.41	0.00	15.06	836.73
	534.42	0.00	15.07	837.74
	534.43	0.00	15.07	835.74
	534.44	0.00	15.08	835.73
	534.45	0.00	15.09	834.72
	534.46	0.00	15.11	837.71
	534.48	0.00	15.34	818.71
	534.49	0.00	15.10	839.72
	534.50	0.00	15.09	835.72
	534.51	0.00	15.09	835.72
	534.52	0.00	15.08	834.73
	534.53	0.00	15.10	836.72
	534.54	0.00	15.09	834.72
	534.56	0.00	15.08	831.72
	534.57	0.00	15.07	832.72
	534.58	0.00	15.07	833.72
	534.59	0.00	15.03	835.73
	534.60	0.00	15.04	836.73
	534.61	0.00	15.04	836.73
	534.63	0.00	15.05	836.71
	534.64	0.00	15.09	833.66
	534.65	0.00	15.03	831.70
	534.66	0.00	15.08	837.69
	534.67	0.00	15.07	839.69
	534.68	0.00	15.06	832.69
	534.70	0.00	15.08	833.67
	534.71	0.00	15.09	836.67
	534.72	0.00	15.07	835.68
	534.73	0.00	15.08	833.69
	534.74	0.00	15.07	832.70
	534.75	0.00	15.01	829.71
	534.77	0.00	14.83	836.75
	534.78	0.00	14.51	848.82
	534.79	0.00	13.10	928.06
	534.80	0.00	12.35	1028.22
	534.81	0.00	11.83	1089.35
	534.82	0.00	11.65	1126.43
	534.84	0.00	11.39	1188.53
	534.85	0.00	11.24	1220.61
	534.86	0.00	11.22	1259.67
	534.87	0.00	11.21	1283.74
	534.88	0.00	11.29	1314.77
	534.89	0.00	11.42	1352.76
	534.90	0.00	11.56	1382.78
	534.92	0.00	11.70	1393.77
	534.93	0.00	11.79	1378.77
	534.94	0.00	11.89	1360.75
	534.95	0.00	12.06	1341.70
	534.96	0.00	12.21	1318.65
	534.97	0.00	12.34	1299.61
	534.98	0.00	12.48	1279.57
	535.00	0.00	12.64	1253.55
	535.01	0.00	12.80	1227.49
	535.02	0.00	12.91	1197.47
	535.03	0.00	13.03	1181.46
	535.04	0.00	13.17	1173.40
	535.05	0.00	13.25	1161.38
	535.07	0.00	13.56	1132.37
	535.08	0.00	13.65	1128.33
	535.09	0.00	13.73	1125.30
	535.10	0.00	13.81	1123.27
	535.11	0.00	13.91	1120.23
	535.12	0.00	14.04	1116.19
	535.14	0.00	14.15	1129.17
	535.15	0.00	14.25	1121.13
	535.16	0.00	14.35	1124.10
	535.17	0.00	14.50	1125.05
	535.18	0.00	14.61	1125.01
	535.19	0.00	14.75	1124.96
	535.21	0.00	14.92	1115.91
	535.22	0.00	15.06	1117.85
	535.23	0.00	15.14	1122.82
	535.24	0.00	15.25	1122.76
	535.25	0.00	15.30	1111.73
	535.27	0.00	15.45	1082.65
	535.28	0.00	15.53	1070.58
	535.29	0.00	15.57	1063.56
	535.30	0.00	15.62	1044.51
	535.31	0.00	15.60	1033.52
	535.32	0.00	15.60	1020.52
	535.33	0.00	15.56	1002.53
	535.35	0.00	15.58	988.51
	535.36	0.00	15.58	974.51
	535.37	0.00	15.57	965.51
	535.38	0.00	15.54	956.52
	535.39	0.00	15.81	898.52
	535.40	0.00	15.78	860.50
	535.42	0.00	15.69	824.50
	535.43	0.00	15.29	803.52
	535.44	0.00	15.20	788.53
	535.45	0.00	15.09	779.58
	535.46	0.00	15.07	800.62
	535.47	0.00	15.11	810.62
	535.49	0.00	15.17	829.63
	535.50	0.00	15.14	822.65
	535.51	0.00	15.15	825.65
	535.52	0.00	15.16	826.65
	535.53	0.00	15.17	828.65
	535.54	0.00	15.15	828.66
	535.55	0.00	15.16	829.66
	535.57	0.00	15.15	826.66
	535.58	0.00	15.15	825.66
	535.59	0.00	15.10	817.66
	535.60	0.00	15.09	798.66
	535.61	0.00	15.08	810.66
	535.62	0.00	15.11	820.66
	535.64	0.00	15.34	801.66
	535.65	0.00	15.34	801.66
	535.66	0.00	15.33	802.67
	535.67	0.00	15.12	821.66
	535.68	0.00	15.34	801.66
	535.69	0.00	15.12	823.66
	535.71	0.00	15.10	822.67
	535.72	0.00	15.11	819.66
	535.73	0.00	15.14	825.65
	535.74	0.00	15.14	825.65
	535.75	0.00	15.11	826.66
	535.76	0.00	15.11	824.66
	535.78	0.00	15.12	828.66
	535.79	0.00	15.13	829.66
	535.80	0.00	15.11	828.67
	535.81	0.00	15.10	830.67
	535.82	0.00	15.12	831.66
	535.83	0.00	15.13	830.65
	535.84	0.00	15.18	829.61
	535.86	0.00	15.17	828.61
	535.87	0.00	15.16	829.62
	535.88	0.00	15.12	827.67
	535.89	0.00	14.86	831.72
	535.90	0.00	14.68	837.73
	535.91	0.00	13.82	905.81
	535.92	0.00	12.40	1070.01
	535.94	0.00	11.72	1170.26
	535.95	0.00	11.35	1253.46
	535.96	0.00	11.23	1324.56
	535.97	0.00	11.24	1346.64
	535.98	0.00	11.34	1379.71
	536.00	0.00	11.39	1412.74
	536.01	0.00	11.57	1435.73
	536.02	0.00	11.81	1435.68
	536.03	0.00	12.11	1433.58
	536.04	0.00	12.32	1426.53
	536.05	0.00	12.58	1404.43
	536.07	0.00	12.80	1382.38
	536.08	0.00	13.03	1359.34
	536.09	0.00	13.24	1334.31
	536.10	0.00	13.52	1303.27
	536.11	0.00	13.65	1285.23
	536.12	0.00	13.76	1272.21
	536.13	0.00	13.80	1257.18
	536.15	0.00	13.88	1249.16
	536.16	0.00	13.91	1245.15
	536.17	0.00	13.98	1237.12
	536.18	0.00	14.02	1237.12
	536.19	0.00	14.04	1237.11
	536.20	0.00	14.08	1238.11
	536.22	0.00	14.09	1234.12
	536.23	0.00	14.13	1236.11
	536.24	0.00	14.19	1238.10
	536.25	0.00	14.27	1239.09
	536.26	0.00	14.35	1231.07
	536.27	0.00	14.44	1236.02
	536.28	0.00	14.49	1240.00
	536.30	0.00	14.56	1227.98
	536.31	0.00	14.65	1232.95
	536.32	0.00	14.75	1226.92
	536.33	0.00	14.86	1215.89
	536.34	0.00	14.95	1207.86
	536.35	0.00	15.05	1198.79
	536.37	0.00	15.19	1181.72
	536.38	0.00	15.31	1153.64
	536.39	0.00	15.39	1139.59
	536.40	0.00	15.52	1095.54
	536.41	0.00	15.53	1080.54
	536.42	0.00	15.61	1069.51
	536.44	0.00	15.61	1049.51
	536.45	0.00	15.61	1039.51
	536.46	0.00	15.61	1024.49
	536.47	0.00	15.60	999.49
	536.48	0.00	15.54	968.50
	536.50	0.00	15.50	946.51
	536.51	0.00	15.57	907.51
	536.52	0.00	15.77	873.50
	536.53	0.00	15.72	838.50
	536.54	0.00	15.65	814.50
	536.55	0.00	15.49	778.53
	536.56	0.00	15.17	789.56
	536.58	0.00	15.11	783.59
	536.59	0.00	15.19	820.60
	536.60	0.00	15.20	821.60
	536.61	0.00	15.17	821.61
	536.62	0.00	15.17	823.61
	536.63	0.00	15.12	811.62
	536.65	0.00	15.12	810.62
	536.66	0.00	15.11	807.62
	536.67	0.00	15.10	808.63
	536.68	0.00	15.11	810.63
	536.69	0.00	15.12	814.63
	536.70	0.00	15.13	817.63
	536.72	0.00	15.38	801.63
	536.73	0.00	15.39	804.63
	536.74	0.00	15.38	804.64
	536.75	0.00	15.38	805.64
	536.76	0.00	15.38	807.64
	536.77	0.00	15.40	812.64
	536.78	0.00	15.41	809.64
	536.80	0.00	15.17	829.64
	536.81	0.00	15.17	829.64
	536.82	0.00	15.16	826.63
	536.83	0.00	15.17	831.63
	536.84	0.00	15.18	832.62
	536.85	0.00	15.18	834.62
	536.86	0.00	15.18	833.62
	536.88	0.00	15.18	831.61
	536.89	0.00	15.18	834.62
	536.90	0.00	15.18	833.62
	536.91	0.00	15.18	832.63
	536.92	0.00	15.17	833.63
	536.93	0.00	15.17	834.63
	536.95	0.00	15.17	834.63
	536.96	0.00	15.17	832.62
	536.97	0.00	15.17	831.62
	536.98	0.00	15.17	828.63
	536.99	0.00	15.13	825.65
	537.00	0.00	15.02	820.68
	537.02	0.00	14.76	827.71
	537.03	0.00	13.99	883.86
	537.04	0.00	12.81	984.16
	537.05	0.00	11.73	1129.38
	537.06	0.00	11.32	1195.56
	537.07	0.00	11.05	1262.71
	537.08	0.00	10.94	1295.82
	537.10	0.00	10.90	1313.92
	537.11	0.00	10.91	1338.95
	537.12	0.00	11.03	1372.97
	537.13	0.00	11.10	1388.00
	537.14	0.00	11.21	1407.98
	537.15	0.00	11.33	1417.95
	537.17	0.00	11.46	1417.88
	537.18	0.00	11.69	1406.81
	537.19	0.00	11.90	1395.74
	537.20	0.00	12.09	1377.69
	537.21	0.00	12.32	1363.61
	537.22	0.00	12.56	1348.53
	537.24	0.00	12.78	1343.44
	537.25	0.00	12.98	1325.39
	537.26	0.00	13.22	1310.34
	537.27	0.00	13.35	1303.31
	537.28	0.00	13.49	1294.28
	537.29	0.00	13.70	1279.27
	537.31	0.00	13.79	1285.26
	537.32	0.00	13.86	1290.24
	537.33	0.00	13.93	1290.22
	537.34	0.00	14.02	1283.20
	537.35	0.00	14.06	1277.18
	537.36	0.00	14.14	1267.14
	537.38	0.00	14.20	1259.12
	537.39	0.00	14.30	1254.08
	537.40	0.00	14.39	1244.06
	537.41	0.00	14.50	1231.01
	537.42	0.00	14.56	1232.01
	537.43	0.00	14.65	1223.98
	537.45	0.00	14.79	1212.95
	537.46	0.00	14.91	1199.91
	537.47	0.00	15.01	1191.83
	537.48	0.00	15.13	1171.75
	537.49	0.00	15.24	1161.70
	537.50	0.00	15.30	1153.65
	537.52	0.00	15.38	1131.60
	537.53	0.00	15.49	1093.55
	537.54	0.00	15.54	1070.52
	537.55	0.00	15.57	1060.51
	537.56	0.00	15.56	1046.52
	537.57	0.00	15.58	1029.50
	537.58	0.00	15.65	996.51
	537.60	0.00	15.57	1000.49
	537.61	0.00	15.58	987.49
	537.62	0.00	15.60	942.51
	537.63	0.00	15.58	932.52
	537.64	0.00	15.75	901.53
	537.65	0.00	15.74	880.50
	537.67	0.00	15.70	864.50
	537.68	0.00	15.63	814.50
	537.69	0.00	15.48	790.55
	537.70	0.00	15.11	793.59
	537.71	0.00	15.07	793.63
	537.72	0.00	15.09	797.63
	537.73	0.00	15.11	826.64
	537.75	0.00	15.10	825.65
	537.76	0.00	15.13	828.65
	537.77	0.00	15.12	827.65
	537.78	0.00	15.14	830.65
	537.79	0.00	15.13	812.65
	537.80	0.00	15.14	814.65
	537.82	0.00	15.13	806.64
	537.83	0.00	15.12	807.65
	537.84	0.00	15.11	806.65
	537.85	0.00	15.10	802.65
	537.86	0.00	15.10	806.66
	537.87	0.00	15.33	788.66
	537.89	0.00	15.32	786.66
	537.90	0.00	15.11	806.65
	537.91	0.00	15.33	789.66
	537.92	0.00	15.33	788.66
	537.93	0.00	15.10	808.66
	537.94	0.00	15.32	788.67
	537.96	0.00	15.07	799.66
	537.97	0.00	15.04	788.66
	537.98	0.00	15.07	799.66
	537.99	0.00	15.07	801.66
	538.00	0.00	15.08	800.65
	538.01	0.00	15.10	802.64
	538.02	0.00	15.12	803.63
	538.04	0.00	15.09	805.64
	538.05	0.00	15.11	805.64
	538.06	0.00	15.10	806.65
	538.07	0.00	15.10	809.64
	538.08	0.00	15.09	809.65
	538.09	0.00	15.13	809.62
	538.10	0.00	15.11	807.63
	538.12	0.00	15.10	806.65
	538.13	0.00	15.05	802.69
	538.14	0.00	14.90	802.72
	538.15	0.00	14.66	832.78
	538.16	0.00	13.33	901.09
	538.17	0.00	12.35	1023.31
	538.19	0.00	11.89	1087.41
	538.20	0.00	11.69	1140.52
	538.21	0.00	11.59	1169.62
	538.22	0.00	11.66	1179.70
	538.23	0.00	11.70	1196.76
	538.24	0.00	11.71	1237.82
	538.26	0.00	11.73	1282.85
	538.27	0.00	11.75	1312.86
	538.28	0.00	11.74	1344.85
	538.29	0.00	11.81	1345.82
	538.30	0.00	11.94	1343.76
	538.31	0.00	12.15	1329.67
	538.32	0.00	12.44	1318.59
	538.34	0.00	12.79	1294.51
	538.35	0.00	13.07	1275.42
	538.36	0.00	13.52	1248.35
	538.37	0.00	13.73	1247.27
	538.38	0.00	13.91	1246.17
	538.39	0.00	14.03	1233.10
	538.41	0.00	14.22	1232.04
	538.42	0.00	14.33	1219.00
	538.43	0.00	14.44	1211.97
	538.44	0.00	14.50	1199.95
	538.45	0.00	14.60	1192.93
	538.47	0.00	14.67	1175.91
	538.48	0.00	14.78	1163.89
	538.49	0.00	14.83	1158.88
	538.50	0.00	14.88	1150.86
	538.51	0.00	15.03	1156.79
	538.52	0.00	15.10	1146.75
	538.53	0.00	15.13	1142.73
	538.55	0.00	15.19	1139.68
	538.56	0.00	15.24	1147.67
	538.57	0.00	15.31	1141.63
	538.58	0.00	15.35	1125.60
	538.59	0.00	15.43	1118.54
	538.60	0.00	15.49	1089.54
	538.61	0.00	15.53	1088.53
	538.63	0.00	15.51	1077.54
	538.64	0.00	15.56	1081.52
	538.65	0.00	15.59	1082.52
	538.66	0.00	15.64	1074.49
	538.67	0.00	15.58	1064.54
	538.69	0.00	15.62	1059.54
	538.70	0.00	15.62	1038.51
	538.71	0.00	15.63	1033.51
	538.72	0.00	15.63	1030.51
	538.73	0.00	15.66	1021.50
	538.74	0.00	15.75	995.49
	538.76	0.00	15.74	981.49
	538.77	0.00	16.13	974.49
	538.78	0.00	16.13	967.48
	538.79	0.00	16.12	955.49
	538.80	0.00	16.14	942.47
	538.81	0.00	16.06	912.49
	538.83	0.00	15.94	853.50
	538.84	0.00	15.56	792.51
	538.85	0.00	15.37	768.60
	538.86	0.00	15.25	761.65
	538.87	0.00	15.22	782.68
	538.88	0.00	15.22	782.68
	538.89	0.00	15.25	794.69
	538.91	0.00	15.27	798.69
	538.92	0.00	15.27	797.69
	538.93	0.00	15.28	799.69
	538.94	0.00	15.28	802.70
	538.95	0.00	15.28	801.70
	538.96	0.00	15.28	784.70
	538.97	0.00	15.29	786.70
	538.99	0.00	15.26	788.71
	539.00	0.00	15.27	785.71
	539.01	0.00	15.27	784.71
	539.02	0.00	15.27	786.71
	539.03	0.00	15.26	784.71
	539.04	0.00	15.25	781.71
	539.06	0.00	15.26	782.71
	539.07	0.00	15.26	782.71
	539.08	0.00	15.25	781.71
	539.09	0.00	15.25	781.71
	539.10	0.00	15.24	782.72
	539.11	0.00	15.02	802.72
	539.13	0.00	15.04	806.70
	539.14	0.00	15.05	808.69
	539.15	0.00	15.05	807.69
	539.16	0.00	15.06	806.68
	539.17	0.00	15.09	826.67
	539.18	0.00	15.09	828.67
	539.20	0.00	15.08	827.68
	539.21	0.00	15.09	826.67
	539.22	0.00	15.07	806.67
	539.23	0.00	15.07	805.67
	539.24	0.00	15.07	806.67
	539.25	0.00	15.07	806.67
	539.26	0.00	15.06	806.68
	539.28	0.00	15.05	805.68
	539.29	0.00	15.08	805.66
	539.30	0.00	15.08	806.66
	539.31	0.00	15.07	805.67
	539.32	0.00	15.06	807.68
	539.33	0.00	15.05	805.68
	539.34	0.00	15.04	807.69
	539.36	0.00	15.05	807.69
	539.37	0.00	15.01	811.72
	539.38	0.00	14.71	815.79
	539.39	0.00	13.22	904.09
	539.40	0.00	11.47	1082.50
	539.41	0.00	10.70	1233.74
	539.42	0.00	10.27	1324.96
	539.44	0.00	10.07	1374.10
	539.45	0.00	10.12	1434.18
	539.46	0.00	10.21	1438.23
	539.47	0.00	10.40	1416.24
	539.48	0.00	10.44	1416.27
	539.50	0.00	10.53	1415.25
	539.51	0.00	10.75	1459.24
	539.52	0.00	10.90	1464.19
	539.53	0.00	11.09	1467.16
	539.54	0.00	11.24	1461.10
	539.55	0.00	11.46	1437.04
	539.57	0.00	11.74	1404.94
	539.58	0.00	12.08	1364.83
	539.59	0.00	12.48	1322.73
	539.60	0.00	12.87	1298.60
	539.61	0.00	13.21	1289.46
	539.62	0.00	13.69	1262.36
	539.63	0.00	13.97	1259.25
	539.65	0.00	14.23	1264.14
	539.66	0.00	14.47	1257.04
	539.67	0.00	14.63	1250.99
	539.68	0.00	14.74	1246.92
	539.69	0.00	14.87	1245.89
	539.71	0.00	14.93	1248.87
	539.72	0.00	14.98	1242.86
	539.73	0.00	15.02	1233.82
	539.74	0.00	15.10	1226.79
	539.75	0.00	15.16	1219.76
	539.76	0.00	15.22	1216.74
	539.77	0.00	15.25	1220.73
	539.79	0.00	15.28	1222.73
	539.80	0.00	15.29	1231.73
	539.81	0.00	15.31	1236.73
	539.82	0.00	15.33	1239.71
	539.83	0.00	15.37	1237.70
	539.84	0.00	15.40	1234.68
	539.85	0.00	15.39	1211.66
	539.87	0.00	15.46	1216.63
	539.88	0.00	15.53	1207.56
	539.89	0.00	15.58	1207.54
	539.90	0.00	15.61	1171.55
	539.91	0.00	15.66	1165.54
	539.92	0.00	15.69	1158.53
	539.94	0.00	15.71	1147.53
	539.95	0.00	15.72	1127.52
	539.96	0.00	15.72	1108.52
	539.97	0.00	15.72	1081.51
	539.98	0.00	15.75	1078.51
	540.00	0.00	15.91	1081.52
	540.01	0.00	15.94	1076.51
	540.02	0.00	16.21	1023.50
	540.03	0.00	16.20	1005.49
	540.04	0.00	16.20	989.49
	540.05	0.00	16.13	954.49
	540.07	0.00	16.10	903.48
	540.08	0.00	15.97	860.49
	540.09	0.00	15.53	794.54
	540.10	0.00	15.41	771.58
	540.11	0.00	15.32	767.62
	540.12	0.00	15.23	760.66
	540.13	0.00	15.21	751.65
	540.15	0.00	15.18	749.67
	540.16	0.00	15.16	744.67
	540.17	0.00	15.17	763.67
	540.18	0.00	15.19	771.68
	540.19	0.00	15.19	755.68
	540.20	0.00	15.21	760.68
	540.22	0.00	15.22	763.68
	540.23	0.00	15.24	765.67
	540.24	0.00	15.25	765.67
	540.25	0.00	15.23	761.67
	540.26	0.00	15.26	768.67
	540.27	0.00	15.26	771.68
	540.28	0.00	15.26	772.68
	540.30	0.00	15.26	772.68
	540.31	0.00	15.27	776.68
	540.32	0.00	15.26	773.68
	540.33	0.00	15.28	773.67
	540.34	0.00	15.28	773.67
	540.35	0.00	15.30	774.67
	540.36	0.00	15.30	774.67
	540.38	0.00	15.09	795.66
	540.39	0.00	15.09	796.66
	540.40	0.00	15.09	797.66
	540.41	0.00	15.12	801.66
	540.42	0.00	15.11	818.66
	540.44	0.00	15.12	819.66
	540.45	0.00	15.14	820.65
	540.46	0.00	15.13	823.65
	540.47	0.00	15.13	822.65
	540.48	0.00	15.12	816.64
	540.49	0.00	15.13	819.64
	540.50	0.00	15.12	821.65
	540.52	0.00	15.16	821.63
	540.53	0.00	15.16	821.62
	540.54	0.00	15.19	820.60
	540.55	0.00	15.17	818.62
	540.56	0.00	15.15	821.63
	540.57	0.00	15.15	801.63
	540.58	0.00	15.08	822.66
	540.60	0.00	14.79	807.79
	540.61	0.00	13.53	886.99
	540.62	0.00	11.65	1067.39
	540.63	0.00	10.54	1241.78
	540.64	0.00	10.14	1327.02
	540.65	0.00	9.99	1368.17
	540.66	0.00	9.96	1379.24
	540.68	0.00	10.14	1398.26
	540.69	0.00	10.34	1400.25
	540.70	0.00	10.55	1389.26
	540.71	0.00	10.77	1397.27
	540.72	0.00	10.96	1412.24
	540.73	0.00	11.18	1416.19
	540.75	0.00	11.48	1417.12
	540.76	0.00	11.68	1409.07
	540.77	0.00	11.86	1394.00
	540.78	0.00	12.06	1363.94
	540.79	0.00	12.31	1336.84
	540.81	0.00	12.62	1311.73
	540.82	0.00	12.93	1283.65
	540.83	0.00	13.29	1264.51
	540.84	0.00	13.67	1233.41
	540.85	0.00	13.89	1232.33
	540.86	0.00	14.10	1220.23
	540.88	0.00	14.33	1214.14
	540.89	0.00	14.53	1198.06
	540.90	0.00	14.65	1192.00
	540.91	0.00	14.82	1175.94
	540.92	0.00	14.89	1163.92
	540.93	0.00	14.93	1154.91
	540.95	0.00	14.98	1147.89
	540.96	0.00	15.00	1139.88
	540.97	0.00	15.00	1132.88
	540.98	0.00	15.01	1126.87
	540.99	0.00	15.00	1122.87
	541.00	0.00	15.00	1135.87
	541.02	0.00	15.01	1143.88
	541.03	0.00	14.99	1138.87
	541.04	0.00	14.99	1146.89
	541.05	0.00	14.93	1122.89
	541.06	0.00	14.98	1146.90
	541.07	0.00	14.99	1161.89
	541.08	0.00	15.00	1160.90
	541.09	0.00	15.05	1179.89
	541.11	0.00	15.13	1183.86
	541.12	0.00	15.28	1189.77
	541.13	0.00	15.39	1173.69
	541.14	0.00	15.55	1157.63
	541.15	0.00	15.79	1166.59
	541.17	0.00	15.85	1142.57
	541.18	0.00	15.88	1121.56
	541.19	0.00	15.93	1104.55
	541.20	0.00	16.03	1055.53
	541.21	0.00	16.03	1043.53
	541.22	0.00	16.05	1047.54
	541.24	0.00	16.06	1024.51
	541.25	0.00	16.21	979.51
	541.26	0.00	16.19	972.51
	541.27	0.00	16.19	939.51
	541.28	0.00	16.18	918.50
	541.29	0.00	16.07	872.51
	541.30	0.00	15.86	821.52
	541.32	0.00	15.38	775.62
	541.33	0.00	15.31	775.66
	541.34	0.00	15.27	781.70
	541.35	0.00	15.24	788.70
	541.36	0.00	15.21	785.71
	541.37	0.00	15.15	749.70
	541.39	0.00	15.18	772.70
	541.40	0.00	15.19	762.71
	541.41	0.00	15.20	764.71
	541.42	0.00	15.21	767.71
	541.43	0.00	15.21	770.72
	541.44	0.00	15.21	771.72
	541.46	0.00	15.18	760.72
	541.47	0.00	15.22	772.72
	541.48	0.00	15.22	771.72
	541.49	0.00	15.15	747.71
	541.50	0.00	15.18	760.72
	541.51	0.00	15.20	766.72
	541.52	0.00	15.19	767.73
	541.54	0.00	15.17	754.73
	541.55	0.00	15.23	788.73
	541.56	0.00	15.22	767.72
	541.57	0.00	15.23	768.72
	541.58	0.00	15.24	790.73
	541.59	0.00	15.23	773.73
	541.60	0.00	15.25	793.73
	541.62	0.00	15.25	795.73
	541.63	0.00	15.05	817.72
	541.64	0.00	15.04	802.69
	541.65	0.00	15.03	799.69
	541.66	0.00	15.06	810.70
	541.67	0.00	15.06	807.69
	541.69	0.00	15.02	781.69
	541.70	0.00	15.05	811.71
	541.71	0.00	15.07	817.71
	541.72	0.00	15.06	820.72
	541.73	0.00	15.07	822.72
	541.74	0.00	15.07	823.72
	541.76	0.00	15.13	824.68
	541.77	0.00	15.17	823.65
	541.78	0.00	15.14	823.67
	541.79	0.00	15.12	822.68
	541.80	0.00	15.12	822.68
	541.81	0.00	15.13	823.68
	541.83	0.00	15.04	829.73
	541.84	0.00	14.69	818.83
	541.85	0.00	13.08	928.11
	541.86	0.00	11.43	1102.49
	541.87	0.00	10.76	1189.77
	541.88	0.00	10.58	1261.98
	541.89	0.00	10.55	1279.06
	541.91	0.00	10.58	1279.14
	541.92	0.00	10.66	1304.17
	541.93	0.00	10.80	1295.24
	541.94	0.00	10.90	1313.29
	541.95	0.00	10.95	1332.34
	541.96	0.00	11.05	1352.34
	541.97	0.00	11.08	1367.34
	541.99	0.00	11.17	1365.29
	542.00	0.00	11.25	1353.24
	542.01	0.00	11.44	1331.14
	542.02	0.00	11.72	1321.02
	542.03	0.00	12.05	1293.90
	542.05	0.00	12.32	1252.80
	542.06	0.00	12.63	1225.71
	542.07	0.00	12.89	1202.61
	542.08	0.00	13.08	1187.54
	542.09	0.00	13.50	1149.46
	542.10	0.00	13.68	1131.40
	542.11	0.00	13.82	1122.35
	542.13	0.00	13.98	1107.28
	542.14	0.00	14.14	1093.21
	542.15	0.00	14.31	1076.15
	542.16	0.00	14.49	1054.09
	542.17	0.00	14.60	1042.04
	542.19	0.00	14.70	1033.99
	542.20	0.00	14.76	1028.97
	542.21	0.00	14.77	1034.96
	542.22	0.00	14.80	1040.94
	542.23	0.00	14.83	1048.93
	542.24	0.00	14.84	1050.93
	542.26	0.00	14.92	1052.90
	542.27	0.00	15.01	1055.86
	542.28	0.00	15.08	1040.85
	542.29	0.00	15.11	1046.84
	542.30	0.00	15.15	1059.84
	542.31	0.00	15.21	1069.81
	542.32	0.00	15.32	1076.74
	542.34	0.00	15.44	1080.67
	542.35	0.00	15.50	1084.63
	542.36	0.00	15.80	1111.58
	542.37	0.00	15.91	1117.57
	542.38	0.00	15.92	1101.57
	542.39	0.00	15.93	1086.56
	542.41	0.00	16.03	1055.55
	542.42	0.00	16.03	1041.55
	542.43	0.00	16.01	1027.56
	542.44	0.00	16.06	1027.54
	542.45	0.00	16.07	1008.54
	542.46	0.00	16.25	973.53
	542.48	0.00	16.18	943.52
	542.49	0.00	16.15	910.50
	542.50	0.00	16.05	872.53
	542.51	0.00	15.88	823.55
	542.52	0.00	15.34	760.60
	542.53	0.00	15.02	774.63
	542.54	0.00	14.87	772.72
	542.56	0.00	15.06	734.71
	542.57	0.00	15.07	741.72
	542.58	0.00	15.07	744.73
	542.59	0.00	15.09	748.73
	542.60	0.00	15.11	756.74
	542.61	0.00	15.12	759.74
	542.63	0.00	15.14	764.74
	542.64	0.00	15.15	765.74
	542.65	0.00	15.15	764.74
	542.66	0.00	15.15	766.74
	542.67	0.00	15.14	763.74
	542.68	0.00	15.14	763.74
	542.70	0.00	15.15	765.74
	542.71	0.00	15.17	766.74
	542.72	0.00	15.18	768.74
	542.73	0.00	15.20	767.74
	542.74	0.00	15.18	769.74
	542.75	0.00	15.18	769.74
	542.77	0.00	14.98	810.74
	542.78	0.00	15.00	810.74
	542.79	0.00	15.01	811.72
	542.80	0.00	15.03	812.71
	542.81	0.00	14.99	796.70
	542.82	0.00	15.04	813.70
	542.83	0.00	15.07	816.69
	542.84	0.00	15.07	818.69
	542.86	0.00	15.07	816.69
	542.87	0.00	15.08	819.69
	542.88	0.00	15.06	799.69
	542.89	0.00	15.07	820.69
	542.90	0.00	15.09	821.68
	542.91	0.00	15.06	821.70
	542.93	0.00	15.09	821.69
	542.94	0.00	15.11	820.67
	542.95	0.00	15.11	821.67
	542.96	0.00	15.16	815.62
	542.97	0.00	15.38	796.63
	542.98	0.00	15.38	797.63
	543.00	0.00	15.36	796.64
	543.01	0.00	15.35	796.65
	543.02	0.00	15.34	793.65
	543.03	0.00	15.33	795.66
	543.04	0.00	15.30	794.68
	543.05	0.00	14.96	821.75
	543.07	0.00	14.48	838.91
	543.08	0.00	12.34	1020.26
	543.09	0.00	10.62	1244.68
	543.10	0.00	10.02	1387.98
	543.11	0.00	9.94	1429.13
	543.12	0.00	10.16	1435.12
	543.13	0.00	10.41	1386.08
	543.15	0.00	10.77	1365.05
	543.16	0.00	11.05	1388.06
	543.17	0.00	11.24	1401.08
	543.18	0.00	11.45	1412.04
	543.19	0.00	11.72	1428.00
	543.20	0.00	11.99	1423.97
	543.22	0.00	12.15	1421.92
	543.23	0.00	12.26	1408.88
	543.24	0.00	12.59	1385.80
	543.25	0.00	12.89	1347.69
	543.26	0.00	13.20	1355.59
	543.27	0.00	13.60	1328.49
	543.28	0.00	13.79	1325.39
	543.30	0.00	13.97	1327.33
	543.31	0.00	14.09	1321.26
	543.32	0.00	14.19	1313.21
	543.33	0.00	14.25	1295.18
	543.34	0.00	14.32	1270.15
	543.35	0.00	14.41	1244.11
	543.37	0.00	14.45	1217.11
	543.38	0.00	14.46	1188.11
	543.39	0.00	14.44	1151.12
	543.40	0.00	14.34	1112.14
	543.41	0.00	14.25	1104.17
	543.42	0.00	14.16	1101.21
	543.44	0.00	14.08	1087.24
	543.45	0.00	14.09	1099.26
	543.46	0.00	14.06	1099.29
	543.47	0.00	14.05	1097.30
	543.48	0.00	14.03	1099.31
	543.50	0.00	14.02	1103.31
	543.51	0.00	13.97	1102.32
	543.52	0.00	14.02	1120.32
	543.53	0.00	14.05	1121.31
	543.54	0.00	14.14	1117.29
	543.55	0.00	14.27	1112.25
	543.56	0.00	14.48	1112.20
	543.58	0.00	14.74	1108.14
	543.59	0.00	14.96	1093.06
	543.60	0.00	15.12	1097.97
	543.61	0.00	15.30	1103.87
	543.62	0.00	15.44	1104.75
	543.63	0.00	15.54	1101.68
	543.65	0.00	15.60	1078.62
	543.66	0.00	15.61	1058.60
	543.67	0.00	15.63	1043.59
	543.68	0.00	15.66	1037.58
	543.69	0.00	15.66	1031.58
	543.70	0.00	15.65	1010.57
	543.72	0.00	15.70	976.57
	543.73	0.00	16.09	961.56
	543.74	0.00	16.05	911.54
	543.75	0.00	16.02	880.52
	543.76	0.00	15.94	844.52
	543.77	0.00	15.47	783.58
	543.78	0.00	15.30	767.64
	543.80	0.00	15.22	760.68
	543.81	0.00	15.21	757.68
	543.82	0.00	15.24	764.68
	543.83	0.00	15.23	765.69
	543.84	0.00	15.21	759.69
	543.85	0.00	15.21	759.69
	543.86	0.00	15.22	766.70
	543.88	0.00	15.25	770.69
	543.89	0.00	15.24	771.70
	543.90	0.00	15.24	771.70
	543.91	0.00	15.25	772.70
	543.92	0.00	15.25	772.70
	543.94	0.00	15.26	774.70
	543.95	0.00	15.24	773.71
	543.96	0.00	15.24	773.71
	543.97	0.00	15.20	762.71
	543.98	0.00	15.23	766.70
	543.99	0.00	15.24	773.71
	544.00	0.00	15.25	770.71
	544.02	0.00	15.01	791.71
	544.03	0.00	15.00	793.71
	544.04	0.00	15.00	793.71
	544.05	0.00	15.04	795.70
	544.06	0.00	15.04	815.70
	544.07	0.00	15.04	815.70
	544.08	0.00	15.04	815.70
	544.10	0.00	15.05	817.70
	544.11	0.00	15.04	797.70
	544.12	0.00	15.04	799.70
	544.13	0.00	15.07	820.69
	544.14	0.00	15.03	797.70
	544.15	0.00	15.07	819.69
	544.16	0.00	15.06	820.70
	544.18	0.00	15.06	821.70
	544.19	0.00	15.05	821.71
	544.20	0.00	15.03	802.71
	544.21	0.00	15.05	804.70
	544.22	0.00	15.04	804.71
	544.23	0.00	15.06	824.71
	544.25	0.00	15.08	824.70
	544.26	0.00	15.06	824.71
	544.27	0.00	15.04	822.72
	544.28	0.00	15.03	824.72
	544.29	0.00	15.04	822.72
	544.30	0.00	14.92	803.78
	544.32	0.00	14.50	811.92
	544.33	0.00	12.90	921.25
	544.34	0.00	11.19	1108.69
	544.35	0.00	10.64	1191.91
	544.36	0.00	10.54	1220.03
	544.37	0.00	10.58	1257.10
	544.39	0.00	10.57	1270.16
	544.40	0.00	10.76	1293.24
	544.41	0.00	10.96	1288.28
	544.42	0.00	11.08	1309.30
	544.43	0.00	11.35	1327.27
	544.44	0.00	11.57	1316.18
	544.46	0.00	11.79	1285.10
	544.47	0.00	11.94	1255.05
	544.48	0.00	12.20	1225.95
	544.49	0.00	12.46	1199.86
	544.50	0.00	12.75	1180.75
	544.51	0.00	12.98	1162.68
	544.53	0.00	13.43	1150.57
	544.54	0.00	13.76	1142.43
	544.55	0.00	13.97	1130.35
	544.56	0.00	14.21	1127.27
	544.57	0.00	14.45	1122.19
	544.58	0.00	14.63	1116.11
	544.59	0.00	14.74	1104.06
	544.61	0.00	14.80	1097.01
	544.62	0.00	14.81	1083.01
	544.63	0.00	14.85	1084.00
	544.64	0.00	14.90	1055.99
	544.65	0.00	14.94	1045.96
	544.66	0.00	15.01	1014.96
	544.67	0.00	15.03	1008.94
	544.69	0.00	15.03	1002.93
	544.70	0.00	15.05	1004.92
	544.71	0.00	15.03	991.92
	544.72	0.00	14.95	1002.90
	544.73	0.00	14.97	1005.90
	544.75	0.00	15.05	985.90
	544.76	0.00	15.06	988.90
	544.77	0.00	15.05	982.89
	544.78	0.00	15.01	1008.88
	544.79	0.00	15.11	988.87
	544.80	0.00	15.13	989.86
	544.82	0.00	15.15	989.84
	544.83	0.00	15.19	990.82
	544.84	0.00	15.23	987.78
	544.85	0.00	15.32	987.71
	544.86	0.00	15.59	996.64
	544.87	0.00	15.77	994.57
	544.88	0.00	15.81	986.57
	544.90	0.00	15.82	977.57
	544.91	0.00	15.86	962.55
	544.92	0.00	15.85	953.56
	544.93	0.00	15.89	946.56
	544.94	0.00	15.84	946.60
	544.95	0.00	15.79	941.62
	544.97	0.00	15.74	928.62
	544.98	0.00	15.69	918.62
	544.99	0.00	15.64	898.61
	545.00	0.00	15.94	851.54
	545.01	0.00	15.92	839.54
	545.02	0.00	15.84	824.56
	545.03	0.00	15.78	809.57
	545.05	0.00	15.34	762.62
	545.06	0.00	15.29	759.66
	545.07	0.00	15.30	772.69
	545.08	0.00	15.31	804.72
	545.09	0.00	15.30	793.71
	545.10	0.00	15.26	791.72
	545.12	0.00	15.24	785.72
	545.13	0.00	15.21	781.73
	545.14	0.00	15.25	791.73
	545.15	0.00	15.25	794.74
	545.16	0.00	15.25	794.74
	545.17	0.00	15.24	794.75
	545.19	0.00	15.25	796.74
	545.20	0.00	15.24	796.75
	545.21	0.00	15.26	800.75
	545.22	0.00	15.26	799.75
	545.23	0.00	15.26	799.75
	545.24	0.00	15.27	802.75
	545.25	0.00	15.26	800.75
	545.27	0.00	15.25	803.75
	545.28	0.00	15.24	779.75
	545.29	0.00	15.25	780.75
	545.30	0.00	15.25	781.74
	545.31	0.00	15.27	782.73
	545.32	0.00	15.24	783.75
	545.34	0.00	15.26	801.74
	545.35	0.00	15.23	791.74
	545.36	0.00	15.23	775.74
	545.37	0.00	15.24	778.74
	545.38	0.00	15.24	779.74
	545.39	0.00	15.25	780.74
	545.40	0.00	15.25	780.74
	545.42	0.00	15.26	780.73
	545.43	0.00	15.25	780.74
	545.44	0.00	15.25	781.74
	545.45	0.00	15.26	783.74
	545.46	0.00	15.24	779.74
	545.47	0.00	15.25	780.74
	545.48	0.00	15.28	781.72
	545.50	0.00	15.24	784.74
	545.51	0.00	15.23	782.74
	545.52	0.00	15.26	784.73
	545.53	0.00	15.26	785.74
	545.54	0.00	15.03	799.74
	545.55	0.00	15.01	818.74
	545.57	0.00	15.01	831.77
	545.58	0.00	14.93	844.81
	545.59	0.00	14.77	860.88
	545.60	0.00	14.61	878.96
	545.61	0.00	14.52	894.02
	545.62	0.00	14.51	901.04
	545.64	0.00	14.56	914.05
	545.65	0.00	14.58	923.06
	545.66	0.00	14.59	923.06
	545.67	0.00	14.62	925.06
	545.68	0.00	14.61	919.05
	545.69	0.00	14.63	922.04
	545.70	0.00	14.65	923.04
	545.72	0.00	14.63	924.04
	545.73	0.00	14.65	922.03
	545.74	0.00	14.63	923.04
	545.75	0.00	14.61	922.04
	545.76	0.00	14.60	922.04
	545.77	0.00	14.60	925.04
	545.78	0.00	14.57	918.04
	545.80	0.00	14.55	911.04
	545.81	0.00	14.56	920.04
	545.82	0.00	14.58	925.05
	545.83	0.00	14.58	926.05
	545.84	0.00	14.59	928.04
	545.85	0.00	14.55	928.06
	545.87	0.00	14.53	930.07
	545.88	0.00	14.50	930.08
	545.89	0.00	14.49	933.09
	545.90	0.00	14.48	936.10
	545.91	0.00	14.47	940.10
	545.92	0.00	14.48	942.09
	545.94	0.00	14.45	941.11
	545.95	0.00	14.36	967.12
	545.96	0.00	14.41	948.13
	545.97	0.00	14.33	971.14
	545.98	0.00	14.32	973.14
	545.99	0.00	14.31	974.14
	546.01	0.00	14.30	977.14
	546.02	0.00	14.29	1008.14
	546.03	0.00	14.29	1013.14
	546.04	0.00	14.28	1026.14
	546.05	0.00	14.30	1027.12
	546.06	0.00	14.31	1037.12
	546.08	0.00	14.32	1043.11
	546.09	0.00	14.35	1050.10
	546.10	0.00	14.34	1054.10
	546.11	0.00	14.34	1062.10
	546.12	0.00	14.34	1067.10
	546.13	0.00	14.35	1064.08
	546.15	0.00	14.37	1068.07
	546.16	0.00	14.38	1073.07
	546.17	0.00	14.39	1078.07
	546.18	0.00	14.40	1080.07
	546.19	0.00	14.40	1082.07
	546.20	0.00	14.42	1082.07
	546.22	0.00	14.43	1080.05
	546.23	0.00	14.45	1081.03
	546.24	0.00	14.46	1082.04
	546.25	0.00	14.46	1081.04
	546.26	0.00	14.46	1079.04
	546.27	0.00	14.46	1081.04
	546.28	0.00	14.45	1081.05
	546.30	0.00	14.46	1072.02
	546.31	0.00	14.44	1076.03
	546.32	0.00	14.44	1081.05
	546.33	0.00	14.43	1081.05
	546.34	0.00	14.44	1079.06
	546.35	0.00	14.45	1081.05
	546.37	0.00	14.44	1083.06
	546.38	0.00	14.39	1068.06
	546.39	0.00	14.41	1074.06
	546.40	0.00	14.43	1079.05
	546.41	0.00	14.44	1080.06
	546.42	0.00	14.42	1073.06
	546.44	0.00	14.44	1082.06
	546.45	0.00	14.44	1081.06
	546.46	0.00	14.42	1077.06
	546.47	0.00	14.42	1082.06
	546.48	0.00	14.43	1088.06
	546.49	0.00	14.42	1086.06
	546.51	0.00	14.42	1088.06
	546.52	0.00	14.41	1091.07
	546.53	0.00	14.40	1092.07
	546.54	0.00	14.41	1091.05
	546.55	0.00	14.41	1089.05
	546.56	0.00	14.42	1090.05
	546.58	0.00	14.41	1090.05
	546.59	0.00	14.42	1088.05
	546.60	0.00	14.42	1090.05
	546.61	0.00	14.41	1090.05
	546.62	0.00	14.41	1089.05
	546.63	0.00	14.39	1081.05
	546.65	0.00	14.40	1086.05
	546.66	0.00	14.39	1082.05
	546.67	0.00	14.40	1079.05
	546.68	0.00	14.40	1075.05
	546.69	0.00	14.39	1073.05
	546.70	0.00	14.41	1075.05
	546.72	0.00	14.40	1070.05
	546.73	0.00	14.38	1061.05
	546.74	0.00	14.40	1064.05
	546.75	0.00	14.41	1059.05
	546.76	0.00	14.40	1058.05
	546.77	0.00	14.41	1059.05
	546.78	0.00	14.41	1058.05
	546.80	0.00	14.41	1054.05
	546.81	0.00	14.41	1052.05
	546.82	0.00	14.40	1055.06
	546.83	0.00	14.38	1052.07
	546.84	0.00	14.38	1052.07
	546.85	0.00	14.37	1051.08
	546.87	0.00	14.36	1052.08
	546.88	0.00	14.35	1052.08
	546.89	0.00	14.36	1052.07
	546.90	0.00	14.34	1052.08
	546.91	0.00	14.34	1053.08
	546.92	0.00	14.32	1053.09
	546.94	0.00	14.32	1055.09
	546.95	0.00	14.31	1058.09
	546.96	0.00	14.29	1059.10
	546.97	0.00	14.25	1061.10
	546.98	0.00	14.29	1066.07
	546.99	0.00	14.27	1066.08
	547.01	0.00	14.25	1070.08
	547.02	0.00	14.17	1078.09
	547.03	0.00	14.13	1083.10
	547.04	0.00	14.11	1087.10
	547.05	0.00	14.06	1085.09
	547.06	0.00	14.04	1090.07
	547.08	0.00	13.99	1100.09
	547.09	0.00	13.94	1105.09
	547.10	0.00	13.85	1105.10
	547.11	0.00	13.80	1108.11
	547.12	0.00	13.74	1114.11
	547.13	0.00	13.72	1119.11
	547.15	0.00	13.68	1120.13
	547.16	0.00	13.62	1107.12
	547.17	0.00	13.61	1113.13
	547.18	0.00	13.61	1114.13
	547.19	0.00	13.59	1119.14
	547.20	0.00	13.61	1120.14
	547.22	0.00	13.59	1119.15
	547.23	0.00	13.59	1120.16
	547.24	0.00	13.58	1118.17
	547.25	0.00	13.55	1102.16
	547.26	0.00	13.54	1105.17
	547.27	0.00	13.40	1133.17
	547.28	0.00	13.40	1136.18
	547.30	0.00	13.62	1112.18
	547.31	0.00	13.59	1106.19
	547.32	0.00	13.64	1112.19
	547.33	0.00	13.65	1109.19
	547.34	0.00	13.63	1099.18
	547.35	0.00	13.62	1104.19
	547.36	0.00	13.64	1107.20
	547.38	0.00	13.63	1105.20
	547.39	0.00	13.63	1103.21
	547.40	0.00	13.64	1106.21
	547.41	0.00	13.61	1106.21
	547.42	0.00	13.63	1112.21
	547.44	0.00	13.60	1104.22
	547.45	0.00	13.61	1108.21
	547.46	0.00	13.60	1109.21
	547.47	0.00	13.41	1133.21
	547.48	0.00	13.59	1113.23
	547.49	0.00	13.41	1142.23
	547.51	0.00	13.35	1141.24
	547.52	0.00	13.34	1141.25
	547.53	0.00	13.28	1139.26
	547.54	0.00	13.23	1141.27
	547.55	0.00	13.24	1150.28
	547.56	0.00	13.24	1152.28
	547.57	0.00	13.23	1155.28
	547.59	0.00	13.22	1156.28
	547.60	0.00	13.19	1159.28
	547.61	0.00	13.19	1160.28
	547.62	0.00	13.19	1156.28
	547.63	0.00	13.20	1157.29
	547.64	0.00	13.22	1161.28
	547.66	0.00	13.23	1158.28
	547.67	0.00	13.26	1155.28
	547.68	0.00	13.26	1155.28
	547.69	0.00	13.29	1149.26
	547.70	0.00	13.30	1152.26
	547.71	0.00	13.30	1149.27
	547.72	0.00	13.29	1152.28
	547.74	0.00	13.29	1151.29
	547.75	0.00	13.32	1150.28
	547.76	0.00	13.32	1151.28
	547.77	0.00	13.33	1153.28
	547.78	0.00	13.33	1153.28
	547.79	0.00	13.34	1150.27
	547.81	0.00	13.35	1153.27
	547.82	0.00	13.35	1151.28
	547.83	0.00	13.55	1132.28
	547.84	0.00	13.36	1155.28
	547.85	0.00	13.37	1154.28
	547.86	0.00	13.54	1126.28
	547.88	0.00	13.55	1130.28
	547.89	0.00	13.56	1131.28
	547.90	0.00	13.59	1132.25
	547.91	0.00	13.61	1132.24
	547.92	0.00	13.63	1136.24
	547.93	0.00	13.64	1135.24
	547.95	0.00	13.65	1135.24
	547.96	0.00	13.65	1135.24
	547.97	0.00	13.67	1143.24
	547.98	0.00	13.65	1133.24
	547.99	0.00	13.67	1129.20
	548.00	0.00	13.68	1132.20
	548.02	0.00	13.67	1132.20
	548.03	0.00	13.66	1132.21
	548.04	0.00	13.67	1134.21
	548.05	0.00	13.67	1137.22
	548.06	0.00	13.67	1135.22
	548.07	0.00	13.65	1136.24
	548.09	0.00	13.66	1138.24
	548.10	0.00	13.66	1137.24
	548.11	0.00	13.64	1137.24
	548.12	0.00	13.63	1138.24
	548.13	0.00	13.65	1137.24
	548.14	0.00	13.60	1125.23
	548.16	0.00	13.62	1132.23
	548.17	0.00	13.42	1154.24
	548.18	0.00	13.43	1154.24
	548.19	0.00	13.43	1153.24
	548.20	0.00	13.43	1154.25
	548.21	0.00	13.42	1152.25
	548.22	0.00	13.43	1158.25
	548.24	0.00	13.38	1142.25
	548.25	0.00	13.39	1146.25
	548.26	0.00	13.41	1152.25
	548.27	0.00	13.42	1154.25
	548.28	0.00	13.41	1154.25
	548.29	0.00	13.39	1155.27
	548.30	0.00	13.40	1157.26
	548.32	0.00	13.39	1158.26
	548.33	0.00	13.35	1152.26
	548.34	0.00	13.37	1157.26
	548.35	0.00	13.37	1160.26
	548.36	0.00	13.36	1162.27
	548.38	0.00	13.36	1159.27
	548.39	0.00	13.36	1163.27
	548.40	0.00	13.36	1165.27
	548.41	0.00	13.35	1161.27
	548.42	0.00	13.35	1160.26
	548.43	0.00	13.35	1160.26
	548.45	0.00	13.35	1163.26
	548.46	0.00	13.35	1163.26
	548.47	0.00	13.34	1161.27
	548.48	0.00	13.33	1165.27
	548.49	0.00	13.33	1165.27
	548.50	0.00	13.33	1164.27
	548.51	0.00	13.32	1159.27
	548.53	0.00	13.34	1160.27
	548.54	0.00	13.33	1161.27
	548.55	0.00	13.34	1157.27
	548.56	0.00	13.33	1158.27
	548.57	0.00	13.33	1158.27
	548.58	0.00	13.32	1158.28
	548.59	0.00	13.34	1157.27
	548.61	0.00	13.31	1152.27
	548.62	0.00	13.32	1153.27
	548.63	0.00	13.33	1154.27
	548.64	0.00	13.33	1154.28
	548.65	0.00	13.35	1155.27
	548.66	0.00	13.33	1152.28
	548.68	0.00	13.34	1150.26
	548.69	0.00	13.33	1150.27
	548.70	0.00	13.32	1151.28
	548.71	0.00	13.32	1150.29
	548.72	0.00	13.32	1148.29
	548.73	0.00	13.32	1148.29
	548.75	0.00	13.31	1149.30
	548.76	0.00	13.29	1145.30
	548.77	0.00	13.31	1148.29
	548.78	0.00	13.30	1147.29
	548.79	0.00	13.29	1150.30
	548.80	0.00	13.29	1147.30
	548.82	0.00	13.29	1149.31
	548.83	0.00	13.26	1149.31
	548.84	0.00	13.26	1149.31
	548.85	0.00	13.26	1149.31
	548.86	0.00	13.27	1149.28
	548.87	0.00	13.26	1152.28
	548.89	0.00	13.27	1152.28
	548.90	0.00	13.26	1152.28
	548.91	0.00	13.26	1153.29
	548.92	0.00	13.24	1152.30
	548.93	0.00	13.24	1153.30
	548.94	0.00	13.22	1154.30
	548.96	0.00	13.22	1149.28
	548.97	0.00	13.23	1150.25
	548.98	0.00	13.22	1150.27
	548.99	0.00	13.20	1151.29
	549.00	0.00	13.19	1151.30
	549.01	0.00	13.18	1149.30
	549.03	0.00	13.17	1149.31
	549.04	0.00	13.14	1146.31
	549.05	0.00	13.15	1152.32
	549.06	0.00	13.11	1139.30
	549.07	0.00	13.12	1142.31
	549.08	0.00	13.14	1145.31
	549.09	0.00	13.14	1147.31
	549.11	0.00	13.14	1145.32
	549.12	0.00	13.14	1146.32
	549.13	0.00	13.14	1149.32
	549.14	0.00	13.14	1148.33
	549.15	0.00	13.11	1141.32
	549.16	0.00	13.10	1137.31
	549.18	0.00	13.12	1142.32
	549.19	0.00	13.13	1146.32
	549.20	0.00	13.14	1146.32
	549.21	0.00	13.11	1145.33
	549.22	0.00	13.12	1148.33
	549.23	0.00	13.14	1148.33
	549.25	0.00	13.11	1143.33
	549.26	0.00	13.12	1144.32
	549.27	0.00	13.13	1146.32
	549.28	0.00	13.13	1145.33
	549.29	0.00	13.14	1144.33
	549.30	0.00	13.15	1144.31
	549.32	0.00	13.14	1146.33
	549.33	0.00	13.14	1145.33
	549.34	0.00	13.14	1146.33
	549.35	0.00	13.12	1140.32
	549.36	0.00	13.14	1141.32
	549.37	0.00	13.13	1145.32
	549.39	0.00	13.14	1146.32
	549.40	0.00	13.13	1146.32
	549.41	0.00	13.14	1145.32
	549.42	0.00	13.12	1142.33
	549.43	0.00	13.14	1147.32
	549.44	0.00	13.12	1145.33
	549.45	0.00	13.13	1146.33
	549.47	0.00	13.12	1143.33
	549.48	0.00	13.11	1140.33
	549.49	0.00	13.12	1145.33
	549.50	0.00	13.13	1143.33
	549.51	0.00	13.13	1141.33
	549.52	0.00	13.12	1142.33
	549.54	0.00	13.15	1142.33
	549.55	0.00	13.15	1144.33
	549.56	0.00	13.11	1135.33
	549.57	0.00	13.12	1140.33
	549.58	0.00	13.13	1140.33
	549.59	0.00	13.15	1141.33
	549.61	0.00	13.15	1139.33
	549.62	0.00	13.15	1140.33
	549.63	0.00	13.15	1141.33
	549.64	0.00	13.16	1141.32
	549.65	0.00	13.13	1140.33
	549.66	0.00	13.13	1142.34
	549.68	0.00	13.13	1142.34
	549.69	0.00	13.13	1143.35
	549.70	0.00	13.13	1139.34
	549.71	0.00	13.14	1141.35
	549.72	0.00	13.12	1138.35
	549.73	0.00	13.12	1136.35
	549.75	0.00	13.15	1137.34
	549.76	0.00	13.13	1140.34
	549.77	0.00	13.13	1141.35
	549.78	0.00	13.14	1140.35
	549.79	0.00	13.14	1140.35
	549.80	0.00	13.13	1140.35
	549.82	0.00	13.13	1140.36
	549.83	0.00	13.10	1132.36
	549.84	0.00	13.16	1139.32
	549.85	0.00	13.16	1138.32
	549.86	0.00	13.17	1141.31
	549.87	0.00	13.19	1142.32
	549.88	0.00	13.17	1141.32
	549.90	0.00	13.17	1141.32
	549.91	0.00	13.16	1141.32
	549.92	0.00	13.18	1141.32
	549.93	0.00	13.16	1143.33
	549.94	0.00	13.16	1140.33
	549.95	0.00	13.19	1136.28
	549.97	0.00	13.17	1135.29
	549.98	0.00	13.16	1138.31
	549.99	0.00	13.18	1140.31
	550.00	0.00	13.16	1136.32
	550.01	0.00	13.16	1137.32
	550.02	0.00	13.15	1137.33
	550.03	0.00	13.17	1136.32
	550.05	0.00	13.15	1133.33
	550.06	0.00	13.11	1126.32
	550.07	0.00	13.13	1129.32
	550.08	0.00	13.14	1131.33
	550.09	0.00	13.15	1131.33
	550.10	0.00	13.16	1134.33
	550.12	0.00	13.14	1131.34
	550.13	0.00	13.16	1132.33
	550.14	0.00	13.16	1138.34
	550.15	0.00	13.10	1120.33
	550.16	0.00	13.12	1125.33
	550.17	0.00	13.14	1131.33
	550.19	0.00	13.15	1135.33
	550.20	0.00	13.16	1133.33
	550.21	0.00	13.10	1120.34
	550.22	0.00	13.15	1137.34
	550.23	0.00	13.15	1139.34
	550.24	0.00	13.12	1133.35
	550.26	0.00	13.13	1132.34
	550.27	0.00	13.15	1137.34
	550.28	0.00	13.16	1137.34
	550.29	0.00	13.15	1138.34
	550.30	0.00	13.15	1140.34
	550.31	0.00	13.15	1139.34
	550.33	0.00	13.16	1142.34
	550.34	0.00	13.15	1141.35
	550.35	0.00	13.14	1136.34
	550.36	0.00	13.15	1138.33
	550.37	0.00	13.15	1139.33
	550.38	0.00	13.18	1142.33
	550.39	0.00	13.15	1143.33
	550.41	0.00	13.15	1142.34
	550.42	0.00	13.15	1142.34
	550.43	0.00	13.16	1142.33
	550.44	0.00	13.14	1140.34
	550.45	0.00	13.13	1139.34
	550.46	0.00	13.13	1141.34
	550.48	0.00	13.14	1141.34
	550.49	0.00	13.15	1140.34
	550.50	0.00	13.15	1142.34
	550.51	0.00	13.14	1141.34
	550.52	0.00	13.15	1143.34
	550.53	0.00	13.12	1137.34
	550.55	0.00	13.12	1139.34
	550.56	0.00	13.13	1142.34
	550.57	0.00	13.14	1142.34
	550.58	0.00	13.14	1142.34
	550.59	0.00	13.15	1142.34
	550.60	0.00	13.14	1145.35
	550.62	0.00	13.17	1146.32
	550.63	0.00	13.13	1142.34
	550.64	0.00	13.14	1145.35
	550.65	0.00	13.13	1144.35
	550.66	0.00	13.15	1145.34
	550.67	0.00	13.14	1144.35
	550.69	0.00	13.12	1142.36
	550.70	0.00	13.12	1143.36
	550.71	0.00	13.13	1143.36
	550.72	0.00	13.13	1146.36
	550.73	0.00	13.12	1145.36
	550.74	0.00	13.11	1144.37
	550.76	0.00	13.08	1146.38
	550.77	0.00	13.09	1147.38
	550.78	0.00	13.05	1137.38
	550.79	0.00	13.07	1148.38
	550.80	0.00	13.06	1149.38
	550.81	0.00	13.03	1149.38
	550.82	0.00	13.03	1149.39
	550.84	0.00	13.04	1148.38
	550.85	0.00	13.04	1146.38
	550.86	0.00	13.02	1145.39
	550.87	0.00	13.03	1141.37
	550.88	0.00	13.04	1138.37
	550.89	0.00	13.05	1136.37
	550.91	0.00	13.05	1133.37
	550.92	0.00	13.06	1128.37
	550.93	0.00	13.10	1121.36
	550.94	0.00	13.12	1115.36
	550.95	0.00	13.15	1109.36
	550.96	0.00	13.17	1102.35
	550.97	0.00	13.20	1098.35
	550.99	0.00	13.19	1094.35
	551.00	0.00	13.18	1092.36
	551.01	0.00	13.20	1094.36
	551.02	0.00	13.18	1093.36
	551.03	0.00	13.18	1092.36
	551.04	0.00	13.19	1095.36
	551.06	0.00	13.22	1089.31
	551.07	0.00	13.25	1088.31
	551.08	0.00	13.22	1095.31
	551.09	0.00	13.23	1094.31
	551.10	0.00	13.20	1092.32
	551.11	0.00	13.22	1095.31
	551.13	0.00	13.21	1094.32
	551.14	0.00	13.17	1100.33
	551.15	0.00	13.11	1101.30
	551.16	0.00	13.11	1109.29
	551.17	0.00	13.05	1115.31
	551.19	0.00	12.98	1130.33
	551.20	0.00	12.92	1149.35
	551.21	0.00	12.90	1154.37
	551.22	0.00	12.82	1178.38
	551.23	0.00	12.75	1196.40
	551.24	0.00	12.74	1212.40
	551.26	0.00	12.73	1222.39
	551.27	0.00	12.77	1245.38
	551.28	0.00	12.83	1260.37
	551.29	0.00	12.96	1262.36
	551.30	0.00	13.09	1261.34
	551.31	0.00	13.22	1259.32
	551.32	0.00	13.49	1240.30
	551.34	0.00	13.60	1243.27
	551.35	0.00	13.77	1247.24
	551.36	0.00	14.00	1239.21
	551.37	0.00	14.14	1219.17
	551.38	0.00	14.29	1210.14
	551.39	0.00	14.43	1208.12
	551.41	0.00	14.51	1201.09
	551.42	0.00	14.59	1206.07
	551.43	0.00	14.61	1202.06
	551.44	0.00	14.60	1196.05
	551.45	0.00	14.61	1204.05
	551.46	0.00	14.62	1214.04
	551.48	0.00	14.60	1226.04
	551.49	0.00	14.58	1231.05
	551.50	0.00	14.53	1238.06
	551.51	0.00	14.49	1247.06
	551.52	0.00	14.48	1257.06
	551.53	0.00	14.46	1264.06
	551.54	0.00	14.46	1269.06
	551.56	0.00	14.45	1271.06
	551.57	0.00	14.45	1269.05
	551.58	0.00	14.46	1274.05
	551.59	0.00	14.47	1272.05
	551.60	0.00	14.47	1273.04
	551.61	0.00	14.46	1273.05
	551.63	0.00	14.46	1269.04
	551.64	0.00	14.46	1275.04
	551.65	0.00	14.46	1272.04
	551.66	0.00	14.44	1274.05
	551.67	0.00	14.43	1278.04
	551.69	0.00	14.41	1277.05
	551.70	0.00	14.38	1279.05
	551.71	0.00	14.36	1281.05
	551.72	0.00	14.35	1292.06
	551.73	0.00	14.33	1297.06
	551.74	0.00	14.31	1306.06
	551.75	0.00	14.27	1317.07
	551.77	0.00	14.21	1328.08
	551.78	0.00	14.19	1338.08
	551.79	0.00	14.13	1349.09
	551.80	0.00	14.06	1363.10
	551.81	0.00	14.00	1371.11
	551.82	0.00	13.97	1378.11
	551.84	0.00	13.93	1382.12
	551.85	0.00	13.91	1387.12
	551.86	0.00	13.91	1388.12
	551.87	0.00	13.89	1391.12
	551.88	0.00	13.90	1393.12
	551.89	0.00	13.90	1394.12
	551.91	0.00	13.90	1395.12
	551.92	0.00	13.90	1395.12
	551.93	0.00	13.90	1396.12
	551.94	0.00	13.90	1399.12
	551.95	0.00	13.90	1400.12
	551.96	0.00	13.89	1401.12
	551.97	0.00	13.89	1402.12
	551.99	0.00	13.89	1404.12
	552.00	0.00	13.88	1405.13
	552.01	0.00	13.86	1394.12
	552.02	0.00	13.88	1404.12
	552.03	0.00	13.89	1405.12
	552.04	0.00	13.88	1401.12
	552.06	0.00	13.88	1401.13
	552.07	0.00	13.88	1403.13
	552.08	0.00	13.88	1399.13
	552.09	0.00	13.90	1405.12
	552.10	0.00	13.91	1401.12
	552.11	0.00	13.93	1400.12
	552.13	0.00	13.94	1392.12
	552.14	0.00	13.94	1385.12
	552.15	0.00	13.95	1380.12
	552.16	0.00	13.97	1377.12
	552.17	0.00	13.98	1377.12
	552.18	0.00	14.00	1375.11
	552.20	0.00	14.02	1370.12
	552.21	0.00	14.04	1364.12
	552.22	0.00	14.04	1360.12
	552.23	0.00	14.08	1356.11
	552.24	0.00	14.08	1349.11
	552.25	0.00	14.10	1347.10
	552.27	0.00	14.08	1335.11
	552.28	0.00	14.08	1336.12
	552.29	0.00	14.07	1332.12
	552.30	0.00	14.08	1328.12
	552.31	0.00	14.08	1323.12
	552.32	0.00	14.06	1321.13
	552.34	0.00	14.01	1316.13
	552.35	0.00	13.95	1311.15
	552.36	0.00	13.89	1310.16
	552.37	0.00	13.84	1307.16
	552.38	0.00	13.79	1310.18
	552.39	0.00	13.74	1310.20
	552.40	0.00	13.72	1313.21
	552.42	0.00	13.70	1316.22
	552.43	0.00	13.68	1319.24
	552.44	0.00	13.66	1324.25
	552.45	0.00	13.64	1328.26
	552.46	0.00	13.60	1340.27
	552.47	0.00	13.41	1370.28
	552.48	0.00	13.39	1387.27
	552.50	0.00	13.34	1400.29
	552.51	0.00	13.32	1410.30
	552.52	0.00	13.29	1423.32
	552.53	0.00	13.23	1438.33
	552.54	0.00	13.16	1460.33
	552.55	0.00	13.12	1474.36
	552.57	0.00	13.08	1482.38
	552.58	0.00	13.04	1488.39
	552.59	0.00	13.04	1496.39
	552.60	0.00	13.05	1498.38
	552.61	0.00	13.06	1496.38
	552.63	0.00	13.15	1490.33
	552.64	0.00	13.21	1480.32
	552.65	0.00	13.25	1475.31
	552.66	0.00	13.30	1461.30
	552.67	0.00	13.37	1454.29
	552.68	0.00	13.40	1448.29
	552.69	0.00	13.42	1443.28
	552.71	0.00	13.44	1442.26
	552.72	0.00	13.61	1420.25
	552.73	0.00	13.61	1424.26
	552.74	0.00	13.62	1429.26
	552.75	0.00	13.63	1429.26
	552.76	0.00	13.63	1434.26
	552.78	0.00	13.62	1438.27
	552.79	0.00	13.60	1440.28
	552.80	0.00	13.60	1447.28
	552.81	0.00	13.60	1448.28
	552.82	0.00	13.61	1452.28
	552.83	0.00	13.61	1455.28
	552.85	0.00	13.65	1460.26
	552.86	0.00	13.63	1465.28
	552.87	0.00	13.66	1469.27
	552.88	0.00	13.68	1461.25
	552.89	0.00	13.69	1459.24
	552.90	0.00	13.72	1466.24
	552.91	0.00	13.75	1466.23
	552.93	0.00	13.78	1464.22
	552.94	0.00	13.79	1458.22
	552.95	0.00	13.80	1453.22
	552.96	0.00	13.81	1454.21
	552.97	0.00	13.82	1451.21
	552.98	0.00	13.84	1454.21
	553.00	0.00	13.83	1445.20
	553.01	0.00	13.88	1442.18
	553.02	0.00	13.92	1433.17
	553.03	0.00	13.98	1418.16
	553.04	0.00	14.05	1400.15
	553.05	0.00	14.14	1373.12
	553.07	0.00	14.22	1348.11
	553.08	0.00	14.30	1327.10
	553.09	0.00	14.37	1307.08
	553.10	0.00	14.43	1287.07
	553.11	0.00	14.53	1262.04
	553.12	0.00	14.61	1228.00
	553.14	0.00	14.77	1194.93
	553.15	0.00	14.89	1162.86
	553.16	0.00	14.99	1136.79
	553.17	0.00	15.17	1099.67
	553.18	0.00	15.26	1061.62
	553.19	0.00	15.31	1033.60
	553.21	0.00	15.38	990.59
	553.22	0.00	15.37	977.58
	553.23	0.00	15.32	957.61
	553.24	0.00	15.32	949.60
	553.25	0.00	15.25	933.63
	553.26	0.00	15.24	918.63
	553.28	0.00	15.31	891.64
	553.29	0.00	15.30	885.64
	553.30	0.00	15.29	879.64
	553.31	0.00	15.26	874.65
	553.32	0.00	15.25	866.65
	553.33	0.00	15.26	861.64
	553.34	0.00	15.23	859.64
	553.36	0.00	15.20	851.65
	553.37	0.00	15.14	845.69
	553.38	0.00	15.13	841.69
	553.39	0.00	15.11	839.70
	553.40	0.00	15.06	829.71
	553.41	0.00	15.05	824.71
	553.43	0.00	15.04	827.72
	553.44	0.00	15.04	825.72
	553.45	0.00	15.03	823.72
	553.46	0.00	15.02	824.73
	553.47	0.00	15.07	824.69
	553.48	0.00	15.04	823.71
	553.50	0.00	15.04	824.72
	553.51	0.00	15.04	824.72
	553.52	0.00	15.02	827.73
	553.53	0.00	14.99	820.74
	553.54	0.00	15.00	821.74
	553.55	0.00	15.01	823.73
	553.57	0.00	15.00	820.73
	553.58	0.00	15.00	819.74
	553.59	0.00	15.00	824.74
	553.60	0.00	15.00	824.74
	553.61	0.00	15.00	826.75
	553.62	0.00	15.00	827.75
	553.63	0.00	14.99	827.76
	553.65	0.00	14.97	819.76
	553.66	0.00	15.00	827.75
	553.67	0.00	15.01	827.75
	553.68	0.00	14.99	826.75
	553.69	0.00	14.98	821.75
	553.70	0.00	15.01	827.75
	553.72	0.00	15.00	826.75
	553.73	0.00	15.00	828.75
	553.74	0.00	14.99	826.76
	553.75	0.00	15.01	829.75
	553.76	0.00	14.99	828.76
	553.77	0.00	15.00	829.76
	553.78	0.00	15.00	828.77
	553.80	0.00	15.01	833.77
	553.81	0.00	14.99	831.77
	553.82	0.00	14.98	832.78
	553.83	0.00	14.98	831.78
	553.84	0.00	14.98	831.78
	553.85	0.00	14.98	831.78
	553.86	0.00	15.00	830.77
	553.88	0.00	14.99	831.77
	553.89	0.00	14.99	833.78
	553.90	0.00	14.98	832.78
	553.91	0.00	15.00	831.78
	553.92	0.00	14.99	833.78
	553.93	0.00	14.99	830.78
	553.95	0.00	15.00	837.78
	553.96	0.00	14.99	832.78
	553.97	0.00	14.99	828.77
	553.98	0.00	15.02	832.75
	553.99	0.00	15.04	836.75
	554.00	0.00	15.03	834.75
	554.02	0.00	15.04	836.75
	554.03	0.00	15.04	836.75
	554.04	0.00	15.05	835.75
	554.05	0.00	15.04	834.75
	554.06	0.00	15.03	833.76
	554.07	0.00	15.05	833.75
	554.09	0.00	15.05	833.75
	554.10	0.00	15.05	837.75
	554.11	0.00	15.04	835.75
	554.12	0.00	15.04	834.75
	554.13	0.00	15.05	834.74
	554.14	0.00	15.05	835.75
	554.16	0.00	15.05	833.74
	554.17	0.00	15.04	826.73
	554.18	0.00	15.08	832.71
	554.19	0.00	15.17	834.65
	554.20	0.00	15.12	830.69
	554.21	0.00	15.13	836.70
	554.22	0.00	15.14	838.71
	554.23	0.00	15.14	841.72
	554.25	0.00	15.14	843.73
	554.26	0.00	15.16	859.74
	554.27	0.00	15.14	860.76
	554.28	0.00	15.11	867.79
	554.29	0.00	15.08	874.82
	554.30	0.00	14.97	858.87
	554.32	0.00	14.93	861.89
	554.33	0.00	14.90	861.90
	554.34	0.00	14.89	863.91
	554.35	0.00	14.88	863.90
	554.36	0.00	14.87	864.91
	554.37	0.00	14.88	860.90
	554.39	0.00	14.84	860.91
	554.40	0.00	14.82	862.92
	554.41	0.00	14.80	866.92
	554.42	0.00	14.74	869.95
	554.43	0.00	14.72	869.96
	554.44	0.00	14.64	859.97
	554.46	0.00	14.61	869.00
	554.47	0.00	14.57	877.03
	554.48	0.00	14.52	879.06
	554.49	0.00	14.48	882.10
	554.50	0.00	14.44	888.12
	554.51	0.00	14.36	891.15
	554.52	0.00	14.28	896.20
	554.54	0.00	14.21	903.23
	554.55	0.00	14.15	907.25
	554.56	0.00	14.07	905.28
	554.57	0.00	14.05	915.28
	554.58	0.00	14.02	925.30
	554.59	0.00	13.97	932.32
	554.61	0.00	13.94	942.33
	554.62	0.00	13.92	949.36
	554.63	0.00	13.89	956.37
	554.64	0.00	13.84	963.39
	554.65	0.00	13.77	997.39
	554.66	0.00	13.73	1006.41
	554.67	0.00	13.72	1013.41
	554.69	0.00	13.69	1024.42
	554.70	0.00	13.68	1033.43
	554.71	0.00	13.64	1034.44
	554.72	0.00	13.65	1043.44
	554.73	0.00	13.65	1070.43
	554.75	0.00	13.67	1074.41
	554.76	0.00	13.64	1078.43
	554.77	0.00	13.66	1087.43
	554.78	0.00	13.67	1093.43
	554.79	0.00	13.69	1095.42
	554.80	0.00	13.70	1100.43
	554.82	0.00	13.71	1101.43
	554.83	0.00	13.71	1105.43
	554.84	0.00	13.73	1108.42
	554.85	0.00	13.73	1103.43
	554.86	0.00	13.74	1100.41
	554.87	0.00	13.75	1102.41
	554.89	0.00	13.77	1103.41
	554.90	0.00	13.76	1102.41
	554.91	0.00	13.76	1103.40
	554.92	0.00	13.76	1103.42
	554.93	0.00	13.74	1100.42
	554.94	0.00	13.71	1097.44
	554.95	0.00	13.68	1098.44
	554.97	0.00	13.65	1100.46
	554.98	0.00	13.60	1098.47
	554.99	0.00	13.57	1102.50
	555.00	0.00	13.51	1106.53
	555.01	0.00	13.46	1106.55
	555.02	0.00	13.40	1107.57
	555.04	0.00	13.30	1101.61
	555.05	0.00	13.21	1111.63
	555.06	0.00	12.97	1141.65
	555.07	0.00	12.93	1143.67
	555.08	0.00	12.86	1138.69
	555.09	0.00	12.86	1137.70
	555.11	0.00	12.82	1140.72
	555.12	0.00	12.78	1143.72
	555.13	0.00	12.74	1143.73
	555.14	0.00	12.70	1145.75
	555.15	0.00	12.72	1141.75
	555.16	0.00	12.73	1146.75
	555.17	0.00	12.73	1144.74
	555.19	0.00	12.74	1148.74
	555.20	0.00	12.74	1148.74
	555.21	0.00	12.77	1153.74
	555.22	0.00	12.74	1153.74
	555.23	0.00	12.75	1152.74
	555.25	0.00	12.77	1155.72
	555.26	0.00	12.77	1158.74
	555.27	0.00	12.79	1161.73
	555.28	0.00	12.83	1159.71
	555.29	0.00	12.86	1157.72
	555.30	0.00	12.89	1159.71
	555.32	0.00	12.92	1158.70
	555.33	0.00	12.95	1156.70
	555.34	0.00	13.16	1127.70
	555.35	0.00	13.21	1126.69
	555.36	0.00	13.26	1122.69
	555.37	0.00	13.30	1119.68
	555.38	0.00	13.34	1115.66
	555.40	0.00	13.40	1111.63
	555.41	0.00	13.42	1102.61
	555.42	0.00	13.49	1089.58
	555.43	0.00	13.56	1075.54
	555.44	0.00	13.62	1056.51
	555.45	0.00	13.71	1039.47
	555.47	0.00	13.81	1022.44
	555.48	0.00	13.90	1008.40
	555.49	0.00	13.99	975.36
	555.50	0.00	14.08	963.32
	555.51	0.00	14.18	947.28
	555.52	0.00	14.29	935.21
	555.53	0.00	14.35	925.17
	555.55	0.00	14.41	913.12
	555.56	0.00	14.46	906.09
	555.57	0.00	14.60	869.04
	555.58	0.00	14.58	883.00
	555.59	0.00	14.59	871.98
	555.60	0.00	14.59	862.98
	555.62	0.00	14.65	853.92
	555.63	0.00	14.66	854.92
	555.64	0.00	14.69	853.91
	555.65	0.00	14.78	834.91
	555.66	0.00	14.78	835.92
	555.67	0.00	14.81	837.91
	555.69	0.00	14.82	837.91
	555.70	0.00	14.85	832.87
	555.71	0.00	14.85	834.88
	555.72	0.00	14.84	834.89
	555.73	0.00	14.83	833.89
	555.74	0.00	14.85	837.89
	555.76	0.00	14.87	841.89
	555.77	0.00	14.87	839.90
	555.78	0.00	14.84	831.90
	555.79	0.00	14.87	841.90
	555.80	0.00	14.87	840.90
	555.81	0.00	14.87	840.90
	555.83	0.00	14.83	824.89
	555.84	0.00	14.84	828.89
	555.85	0.00	14.86	832.89
	555.86	0.00	14.86	837.90
	555.87	0.00	14.88	837.90
	555.88	0.00	14.88	839.90
	555.89	0.00	14.87	840.90
	555.91	0.00	14.87	840.90
	555.92	0.00	14.87	839.90
	555.93	0.00	14.83	825.89
	555.94	0.00	14.87	835.89
	555.95	0.00	14.88	838.89
	555.96	0.00	14.88	841.90
	555.97	0.00	14.89	841.90
	555.99	0.00	14.89	841.90
	556.00	0.00	14.90	842.90
	556.01	0.00	14.89	844.90
	556.02	0.00	14.83	831.91
	556.03	0.00	14.86	836.89
	556.04	0.00	14.84	832.89
	556.05	0.00	14.84	836.90
	556.07	0.00	14.84	844.94
	556.08	0.00	14.77	851.97
	556.09	0.00	14.65	858.03
	556.10	0.00	14.53	867.09
	556.11	0.00	14.44	876.14
	556.13	0.00	14.38	884.18
	556.14	0.00	14.34	882.19
	556.15	0.00	14.33	885.20
	556.16	0.00	14.35	891.19
	556.17	0.00	14.32	895.22
	556.18	0.00	14.28	898.24
	556.19	0.00	14.28	898.24
	556.21	0.00	14.23	897.25
	556.22	0.00	14.24	901.26
	556.23	0.00	14.19	907.27
	556.24	0.00	14.10	901.27
	556.25	0.00	14.02	929.28
	556.26	0.00	14.00	934.29
	556.28	0.00	13.96	939.31
	556.29	0.00	13.93	941.31
	556.30	0.00	13.92	944.33
	556.31	0.00	13.89	944.34
	556.32	0.00	13.90	946.34
	556.33	0.00	13.89	948.34
	556.34	0.00	13.81	940.36
	556.36	0.00	13.83	943.36
	556.37	0.00	13.79	937.36
	556.38	0.00	13.82	951.37
	556.39	0.00	13.78	957.39
	556.40	0.00	13.78	957.39
	556.41	0.00	13.77	957.39
	556.43	0.00	13.73	962.41
	556.44	0.00	13.74	965.40
	556.45	0.00	13.72	967.42
	556.46	0.00	13.47	988.43
	556.47	0.00	13.42	991.45
	556.48	0.00	13.66	973.45
	556.49	0.00	13.65	973.47
	556.51	0.00	13.64	974.48
	556.52	0.00	13.65	970.49
	556.53	0.00	13.66	971.50
	556.54	0.00	13.67	970.50
	556.55	0.00	13.66	973.51
	556.56	0.00	13.65	971.52
	556.58	0.00	13.68	972.50
	556.59	0.00	13.68	973.50
	556.60	0.00	13.74	953.50
	556.61	0.00	13.77	958.50
	556.62	0.00	13.76	953.50
	556.63	0.00	13.79	951.49
	556.65	0.00	13.80	949.48
	556.66	0.00	13.86	946.45
	556.67	0.00	13.85	944.46
	556.68	0.00	13.85	945.48
	556.69	0.00	13.86	943.47
	556.70	0.00	13.86	943.47
	556.72	0.00	13.87	942.47
	556.73	0.00	13.87	942.47
	556.74	0.00	13.85	933.46
	556.75	0.00	13.90	940.46
	556.76	0.00	13.91	940.45
	556.77	0.00	13.90	936.44
	556.78	0.00	13.97	940.38
	556.79	0.00	14.00	940.36
	556.81	0.00	14.00	939.36
	556.82	0.00	13.95	936.41
	556.83	0.00	13.99	934.36
	556.84	0.00	14.04	936.33
	556.85	0.00	14.04	936.33
	556.86	0.00	14.06	938.33
	556.88	0.00	14.06	938.32
	556.89	0.00	14.05	933.32
	556.90	0.00	14.09	937.31
	556.91	0.00	14.07	931.31
	556.92	0.00	14.03	926.34
	556.93	0.00	14.04	931.36
	556.95	0.00	14.07	935.35
	556.96	0.00	14.10	934.35
	556.97	0.00	14.12	931.34
	556.98	0.00	14.12	934.34
	556.99	0.00	14.07	957.34
	557.00	0.00	14.14	938.33
	557.02	0.00	14.15	940.33
	557.03	0.00	14.16	939.32
	557.04	0.00	14.17	942.32
	557.05	0.00	14.12	963.31
	557.06	0.00	14.11	963.31
	557.07	0.00	14.12	964.31
	557.08	0.00	14.13	967.30
	557.09	0.00	14.13	968.30
	557.11	0.00	14.12	973.30
	557.12	0.00	14.14	975.29
	557.13	0.00	14.14	981.29
	557.14	0.00	14.14	986.28
	557.15	0.00	14.11	1010.29
	557.16	0.00	14.12	1009.29
	557.18	0.00	14.08	1018.30
	557.19	0.00	14.05	1028.30
	557.20	0.00	14.02	1028.30
	557.21	0.00	14.02	1042.28
	557.22	0.00	13.95	1054.32
	557.23	0.00	13.90	1069.34
	557.25	0.00	13.80	1083.37
	557.26	0.00	13.44	1139.43
	557.27	0.00	13.34	1171.46
	557.28	0.00	13.16	1208.50
	557.29	0.00	13.02	1221.54
	557.30	0.00	12.91	1263.57
	557.32	0.00	12.79	1296.60
	557.33	0.00	12.67	1320.64
	557.34	0.00	12.60	1341.67
	557.35	0.00	12.58	1354.65
	557.36	0.00	12.53	1370.64
	557.37	0.00	12.49	1384.65
	557.39	0.00	12.48	1395.68
	557.40	0.00	12.47	1402.70
	557.41	0.00	12.51	1411.69
	557.42	0.00	12.48	1411.70
	557.43	0.00	12.51	1418.69
	557.44	0.00	12.54	1412.69
	557.46	0.00	12.57	1413.69
	557.47	0.00	12.58	1413.69
	557.48	0.00	12.58	1417.69
	557.49	0.00	12.58	1412.68
	557.50	0.00	12.62	1421.68
	557.51	0.00	12.60	1414.65
	557.52	0.00	12.63	1415.64
	557.54	0.00	12.64	1411.63
	557.55	0.00	12.69	1408.62
	557.56	0.00	12.72	1399.60
	557.57	0.00	12.79	1387.58
	557.58	0.00	12.86	1373.56
	557.59	0.00	12.88	1358.54
	557.61	0.00	12.95	1338.53
	557.62	0.00	13.00	1325.52
	557.63	0.00	13.07	1298.51
	557.64	0.00	13.15	1296.50
	557.65	0.00	13.22	1281.49
	557.66	0.00	13.28	1276.48
	557.68	0.00	13.35	1264.47
	5501.13
	557.98	0.00	14.50	987.12
	557.99	0.00	14.57	960.09
	558.00	0.00	14.65	949.05
	558.01	0.00	14.70	937.02
	558.02	0.00	14.75	934.98
	558.03	0.00	14.78	922.94
	558.05	0.00	14.80	916.93
	558.06	0.00	14.82	907.92
	558.07	0.00	14.85	904.90
	558.08	0.00	14.84	896.91
	558.09	0.00	14.82	887.91
	558.10	0.00	14.88	864.91
	558.12	0.00	14.84	851.91
	558.13	0.00	14.84	852.91
	558.14	0.00	14.83	848.91
	558.15	0.00	14.81	843.91
	558.16	0.00	14.82	837.89
	558.17	0.00	14.78	835.91
	558.19	0.00	14.80	836.91
	558.20	0.00	14.79	834.91
	558.21	0.00	14.80	837.91
	558.22	0.00	14.79	837.91
	558.23	0.00	14.79	832.91
	558.24	0.00	14.76	835.93
	558.26	0.00	14.77	835.94
	558.27	0.00	14.73	841.96
	558.28	0.00	14.63	850.01
	558.29	0.00	14.56	862.05
	558.30	0.00	14.48	868.10
	558.31	0.00	14.42	897.10
	558.33	0.00	14.41	900.11
	558.34	0.00	14.40	901.12
	558.35	0.00	14.40	901.12
	558.36	0.00	14.40	902.13
	558.37	0.00	14.41	906.13
	558.38	0.00	14.41	905.14
	558.40	0.00	14.41	901.14
	558.41	0.00	14.37	896.15
	558.42	0.00	14.39	904.15
	558.43	0.00	14.36	907.17
	558.44	0.00	14.30	914.20
	558.45	0.00	14.24	917.23
	558.47	0.00	14.22	923.25
	558.48	0.00	14.19	924.26
	558.49	0.00	14.15	928.27
	558.50	0.00	14.13	930.28
	558.51	0.00	14.15	929.24
	558.52	0.00	14.14	934.24
	558.53	0.00	14.11	934.24
	558.54	0.00	14.08	940.26
	558.56	0.00	14.07	939.27
	558.57	0.00	14.07	939.27
	558.58	0.00	14.03	941.29
	558.59	0.00	14.04	941.28
	558.60	0.00	14.04	936.24
	558.61	0.00	14.01	938.26
	558.63	0.00	13.99	943.27
	558.64	0.00	13.97	945.28
	558.65	0.00	13.97	946.29
	558.66	0.00	13.95	946.31
	558.67	0.00	13.92	950.32
	558.68	0.00	13.90	958.33
	558.70	0.00	13.88	958.34
	558.71	0.00	13.86	963.35
	558.72	0.00	13.82	952.33
	558.73	0.00	13.81	955.33
	558.74	0.00	13.80	960.34
	558.75	0.00	13.82	963.34
	558.77	0.00	13.81	967.35
	558.78	0.00	13.82	965.35
	558.79	0.00	13.82	966.35
	558.80	0.00	13.84	967.35
	558.81	0.00	13.84	971.35
	558.82	0.00	13.83	976.35
	558.83	0.00	13.79	992.35
	558.84	0.00	13.83	1007.35
	558.86	0.00	13.86	1009.33
	558.87	0.00	13.82	996.32
	558.88	0.00	13.87	998.29
	558.89	0.00	13.96	1001.25
	558.90	0.00	14.02	1014.23
	558.91	0.00	14.06	1018.22
	558.93	0.00	14.15	1018.21
	558.94	0.00	14.18	1026.20
	558.95	0.00	14.19	1024.18
	558.96	0.00	14.24	1027.17
	558.97	0.00	14.25	1029.16
	558.99	0.00	14.26	1034.15
	559.00	0.00	14.24	1023.14
	559.01	0.00	14.27	1024.13
	559.02	0.00	14.29	1028.12
	559.03	0.00	14.29	1030.13
	559.04	0.00	14.26	1029.14
	559.05	0.00	14.25	1029.15
	559.07	0.00	14.21	1024.17
	559.08	0.00	14.20	1015.18
	559.09	0.00	14.14	1010.21
	559.10	0.00	14.13	1007.22
	559.11	0.00	14.10	1003.26
	559.13	0.00	14.06	999.27
	559.14	0.00	14.06	978.29
	559.15	0.00	14.04	979.31
	559.16	0.00	14.02	983.33
	559.17	0.00	14.02	987.32
	559.18	0.00	13.99	980.32
	559.20	0.00	14.00	1014.32
	559.21	0.00	13.99	1017.32
	559.22	0.00	13.99	1021.32
	559.23	0.00	14.01	1022.32
	559.24	0.00	14.00	1024.32
	559.25	0.00	13.99	1014.32
	559.26	0.00	14.00	1016.32
	559.28	0.00	14.02	1013.32
	559.29	0.00	14.02	1012.32
	559.30	0.00	14.03	1015.32
	559.31	0.00	14.02	1015.33
	559.32	0.00	14.04	1015.31
	559.33	0.00	14.02	1.00	13.84	1008.43
	559.83	0.00	13.85	1009.44
	559.84	0.00	13.86	1009.43
	559.86	0.00	13.85	1006.43
	559.87	0.00	13.88	1004.40
	559.88	0.00	13.87	1003.42
	559.89	0.00	13.88	1002.42
	559.90	0.00	13.92	1002.38
	559.91	0.00	13.98	1006.34
	559.93	0.00	13.97	1006.35
	559.94	0.00	13.97	1008.36
	559.95	0.00	13.96	1006.36
	559.96	0.00	13.97	1002.36
	559.97	0.00	13.99	1002.37
	559.98	0.00	13.99	1001.37
	560.00	0.00	13.99	1000.37
	560.01	0.00	13.99	998.37
	560.02	0.00	14.00	1000.37
	560.03	0.00	14.00	1000.37
	560.04	0.00	13.99	997.37
	560.05	0.00	13.99	996.37
	560.06	0.00	13.99	994.37
	560.08	0.00	14.01	989.32
	560.09	0.00	14.00	988.32
	560.10	0.00	13.98	986.34
	560.11	0.00	14.00	990.34
	560.12	0.00	14.02	993.33
	560.13	0.00	14.00	986.33
	560.15	0.00	13.98	980.33
	560.16	0.00	14.01	978.31
	560.17	0.00	14.00	972.33
	560.18	0.00	14.00	973.33
	560.19	0.00	13.98	971.34
	560.20	0.00	13.99	968.35
	560.22	0.00	14.00	969.36
	560.23	0.00	14.02	972.37
	560.24	0.00	14.05	970.36
	560.25	0.00	14.05	967.36
	560.26	0.00	14.08	965.34
	560.27	0.00	14.11	965.34
	560.28	0.00	14.10	962.34
	560.29	0.00	14.10	961.34
	560.31	0.00	14.10	961.34
	560.32	0.00	14.11	959.34
	560.33	0.00	14.06	947.34
	560.34	0.00	14.11	957.34
	560.35	0.00	14.14	960.32
	560.36	0.00	14.09	941.32
	560.38	0.00	14.09	938.32
	560.39	0.00	14.11	943.32
	560.40	0.00	14.11	943.32
	560.41	0.00	14.10	946.33
	560.42	0.00	14.12	948.31
	560.44	0.00	14.13	952.33
	560.45	0.00	14.12	953.32
	560.46	0.00	14.10	950.33
	560.47	0.00	14.13	953.32
	560.48	0.00	14.13	954.33
	560.49	0.00	14.12	949.32
	560.50	00	14.17	961.32
	560.91	0.00	14.16	959.32
	560.92	0.00	14.17	958.31
	560.93	0.00	14.18	959.30
	560.94	0.00	14.18	958.31
	560.96	0.00	14.18	957.31
	560.97	0.00	14.18	958.31
	560.98	0.00	14.17	950.30
	560.99	0.00	14.17	954.30
	561.00	0.00	14.19	956.29
	561.01	0.00	14.19	956.29
	561.03	0.00	14.20	955.29
	561.04	0.00	14.22	959.27
	561.05	0.00	14.20	958.28
	561.06	0.00	14.20	959.29
	561.07	0.00	14.20	959.29
	561.08	0.00	14.19	959.29
	561.09	0.00	14.20	958.29
	561.10	0.00	14.19	961.30
	561.12	0.00	14.19	964.29
	561.13	0.00	14.19	961.30
	561.14	0.00	14.18	962.30
	561.15	0.00	14.19	962.29
	561.16	0.00	14.20	963.30
	561.17	0.00	14.19	965.30
	561.19	0.00	14.18	964.30
	561.20	0.00	14.17	965.30
	561.21	0.00	14.18	967.30
	561.22	0.00	14.18	966.30
	561.23	0.00	14.18	966.30
	561.25	0.00	14.17	965.30
	561.26	0.00	14.17	968.31
	561.27	0.00	14.17	966.31
	561.28	0.00	14.19	972.31
	561.29	0.00	14.18	968.30
	561.30	0.00	14.17	964.30
	561.31	0.00	14.18	965.28
	561.33	0.00	14.18	966.30
	561.34	0.00	14.19	968.29
	561.35	0.00	14.18	970.29
	561.36	0.00	14.18	969.29
	561.37	0.00	14.17	969.30
	561.38	0.00	14.19	970.29
	561.40	0.00	14.20	977.30
	561.41	0.00	14.18	970.31
	561.42	0.00	14.15	970.31
	561.43	0.00	14.18	973.29
	561.44	0.00	14.16	970.31
	561.45	0.00	14.16	972.31
	561.46	0.00	14.17	974.31
	561.48	0.00	14.14	972.32
	561.49	0.00	14.14	973.33
	561.50	0.00	14.16	973.31
	561.51	0.00	14.16	975.31
	561.52	0.00	14.15	973.32
	561.53	0.00	14.15	974.32
	561.54	0.00	14.14	976.32
	561.56	0.00	14.13	973.32
	561.57	0.00	14.12	969.32
	561.58	0.00	14.12	969.32
561.79	0.00	14.08	976.34
	561.80	0.00	14.08	977.34
	561.81	0.00	14.07	978.34
	561.82	0.00	14.08	977.33
	561.84	0.00	14.07	975.34
	561.85	0.00	14.07	979.35
	561.86	0.00	14.06	979.35
	561.87	0.00	14.07	985.35
	561.88	0.00	14.06	978.35
	561.89	0.00	14.04	981.36
	561.90	0.00	14.03	980.36
	561.91	0.00	14.04	982.36
	561.93	0.00	14.05	985.36
	561.94	0.00	14.03	982.36
	561.95	0.00	14.02	985.36
	561.96	0.00	14.00	984.37
	561.97	0.00	13.98	987.37
	561.98	0.00	13.98	987.37
	562.00	0.00	13.96	988.37
	562.01	0.00	13.99	992.37
	562.02	0.00	13.99	995.37
	562.03	0.00	13.98	990.37
	562.04	0.00	13.97	990.37
	562.05	0.00	13.96	989.37
	562.07	0.00	13.97	991.37
	562.08	0.00	13.97	992.37
	562.09	0.00	13.98	992.36
	562.10	0.00	13.97	991.37
	562.11	0.00	13.97	992.37
	562.12	0.00	13.97	990.37
	562.14	0.00	13.97	991.37
	562.15	0.00	13.98	991.36
	562.16	0.00	13.95	982.37
	562.17	0.00	13.94	984.37
	562.18	0.00	13.95	986.37
	562.19	0.00	13.95	987.37
	562.20	0.00	13.96	985.36
	562.22	0.00	13.98	992.36
	562.23	0.00	13.98	992.36
	562.24	0.00	13.99	994.36
	562.25	0.00	13.97	991.37
	562.26	0.00	13.98	991.36
	562.27	0.00	13.98	990.36
	562.28	0.00	13.98	994.36
	562.30	0.00	13.98	991.36
	562.31	0.00	13.97	987.36
	562.32	0.00	13.99	991.36
	562.33	0.00	14.00	994.36
	562.34	0.00	14.00	991.36
	562.35	0.00	13.99	990.36
	562.37	0.00	13.99	991.36
	562.38	0.00	13.99	990.36
	562.39	0.00	14.02	986.36
	562.40	0.00	14.03	987.35
	562.41	0.00	14.02	985.36
	562.42	0.00	14.01	988.36
	562.44	0.00	14.02	986.36
	562.45	0.00	14.02	987.35
	562.46	0.00	14.04	989.35
	562.47	0.00	14.045.36
	563.07	0.00	14.04	983.36
	563.08	0.00	14.06	986.35
	563.09	0.00	14.03	984.36
	563.10	0.00	14.03	987.37
	563.12	0.00	14.02	984.37
	563.13	0.00	14.04	984.35
	563.14	0.00	14.03	985.36
	563.15	0.00	14.04	986.36
	563.16	0.00	14.04	986.36
	563.17	0.00	14.04	987.36
	563.19	0.00	14.03	986.36
	563.20	0.00	14.03	984.36
	563.21	0.00	14.05	984.34
	563.22	0.00	14.04	986.36
	563.23	0.00	14.02	984.36
	563.25	0.00	14.03	986.37
	563.26	0.00	14.03	983.36
	563.27	0.00	14.03	987.36
	563.28	0.00	14.02	985.37
	563.29	0.00	14.01	985.37
	563.30	0.00	14.01	984.37
	563.31	0.00	14.00	982.37
	563.33	0.00	14.02	987.37
	563.34	0.00	14.01	984.37
	563.35	0.00	14.01	983.37
	563.36	0.00	14.01	983.37
	563.37	0.00	13.99	982.38
	563.38	0.00	13.99	984.38
	563.39	0.00	13.98	979.37
	563.41	0.00	14.04	982.32
	563.42	0.00	14.06	983.31
	563.43	0.00	14.04	982.32
	563.44	0.00	14.05	981.31
	563.45	0.00	14.04	982.32
	563.46	0.00	14.03	981.32
	563.47	0.00	14.04	981.32
	563.49	0.00	14.05	982.31
	563.50	0.00	14.04	981.32
	563.51	0.00	14.03	985.33
	563.52	0.00	14.03	983.33
	563.53	0.00	14.02	979.33
	563.54	0.00	14.03	979.31
	563.56	0.00	14.02	980.34
	563.57	0.00	14.00	976.35
	563.58	0.00	14.01	974.35
	563.59	0.00	13.99	973.35
	563.60	0.00	13.99	973.36
	563.61	0.00	13.96	970.36
	563.63	0.00	13.98	971.36
	563.64	0.00	13.98	970.36
	563.65	0.00	13.98	969.36
	563.66	0.00	13.98	967.36
	563.67	0.00	13.98	968.37
	563.68	0.00	14.00	965.33
	563.70	0.00	14.01	963.32
	563.71	0.00	13.99	963.34
	563.72	0.00	13.98	964.35
	563.73	0.00	13.98	966.36
	563.74	0.00	13.98	968.37
	563.75	0.0
	564.05	0.00	14.06	957.35
	564.07	0.00	14.04	957.35
	564.08	0.00	14.04	960.36
	564.09	0.00	14.01	953.36
	564.10	0.00	14.02	949.34
	564.11	0.00	14.02	953.34
	564.12	0.00	14.03	959.35
	564.13	0.00	14.04	963.35
	564.15	0.00	14.06	964.35
	564.16	0.00	14.05	964.35
	564.17	0.00	14.05	966.35
	564.18	0.00	14.03	963.36
	564.19	0.00	14.05	965.35
	564.20	0.00	14.04	964.36
	564.22	0.00	14.04	964.36
	564.23	0.00	14.03	964.36
	564.24	0.00	14.02	968.36
