0	14.95	821.87
	1299.33	0.00	14.95	823.87
	1299.34	0.00	14.96	817.85
	1299.35	0.00	14.95	817.84
	1299.36	0.00	14.95	819.85
	1299.37	0.00	14.93	823.86
	1299.39	0.00	14.93	825.85
	1299.40	0.00	14.95	829.85
	1299.41	0.00	14.96	829.86
	1299.42	0.00	14.96	833.87
	1299.43	0.00	14.98	836.86
	1299.44	0.00	14.95	819.84
	1299.45	0.00	14.96	821.84
	1299.47	0.00	14.94	826.85
	1299.48	0.00	14.96	832.85
	1299.49	0.00	14.98	839.85
	1299.50	0.00	15.00	840.85
	1299.51	0.00	14.98	842.85
	1299.52	0.00	15.00	844.84
	1299.54	0.00	15.01	843.84
	1299.55	0.00	14.98	830.83
	1299.56	0.00	15.00	834.83
	1299.57	0.00	14.99	837.83
	1299.58	0.00	15.02	841.83
	1299.59	0.00	15.04	840.82
	1299.61	0.00	15.02	842.83
	1299.62	0.00	15.01	839.82
	1299.63	0.00	15.04	845.81
	1299.64	0.00	15.04	839.80
	1299.65	0.00	15.06	843.78
	1299.66	0.00	15.07	846.78
	1299.68	0.00	15.07	847.78
	1299.69	0.00	15.11	845.76
	1299.70	0.00	15.10	846.75
	1299.71	0.00	15.10	848.76
	1299.72	0.00	15.10	849.76
	1299.73	0.00	15.09	846.75
	1299.75	0.00	15.13	850.74
	1299.76	0.00	15.15	851.73
	1299.77	0.00	15.16	852.72
	1299.78	0.00	15.18	852.71
	1299.79	0.00	15.17	848.71
	1299.80	0.00	15.17	851.71
	1299.81	0.00	15.17	851.71
	1299.83	0.00	15.15	844.71
	1299.84	0.00	15.14	841.71
	1299.85	0.00	15.16	846.71
	1299.86	0.00	15.16	845.72
	1299.87	0.00	15.15	844.72
	1299.89	0.00	15.15	844.72
	1299.90	0.00	15.15	843.73
	1299.91	0.00	15.14	844.74
	1299.92	0.00	15.14	843.74
	1299.93	0.00	15.13	844.74
	1299.94	0.00	15.11	844.75
	1299.95	0.00	15.08	834.75
	1299.96	0.00	15.07	832.75
	1299.98	0.00	15.05	824.75
	1299.99	0.00	15.07	836.75
	1300.00	0.00	15.07	840.75
	1300.01	0.00	15.06	840.76
	1300.02	0.00	15.07	840.76
	1300.04	0.00	15.07	844.76
	1300.05	0.00	15.05	842.77
	1300.06	0.00	15.06	841.76
	1300.07	0.00	15.05	841.76
	1300.08	0.00	15.05	840.77
	1300.09	0.00	15.03	841.77
	1300.10	0.00	15.03	839.78
	1300.12	0.00	15.02	839.78
	1300.13	0.00	15.00	840.79
	1300.14	0.00	15.00	840.79
	1300.15	0.00	15.02	840.79
	1300.16	0.00	15.02	840.79
	1300.17	0.00	15.01	841.79
	1300.19	0.00	15.00	840.79
	1300.20	0.00	15.00	840.79
	1300.21	0.00	14.99	840.80
	1300.22	0.00	15.01	840.80
	1300.23	0.00	14.99	841.80
	1300.24	0.00	14.99	841.80
	1300.26	0.00	15.02	842.78
	1300.27	0.00	15.01	845.80
	1300.28	0.00	14.98	842.81
	1300.29	0.00	15.00	841.78
	1300.30	0.00	15.02	843.78
	1300.31	0.00	15.04	847.76
	1300.32	0.00	15.11	842.77
	1300.34	0.00	15.10	842.77
	1300.35	0.00	15.09	843.77
	1300.36	0.00	15.10	842.77
	1300.37	0.00	15.09	845.77
	1300.38	0.00	15.08	847.77
	1300.40	0.00	15.11	848.75
	1300.41	0.00	15.07	843.75
	1300.42	0.00	15.07	846.76
	1300.43	0.00	15.07	847.76
	1300.44	0.00	15.10	846.76
	1300.45	0.00	15.10	847.76
	1300.46	0.00	15.11	847.75
	1300.48	0.00	15.13	845.74
	1300.49	0.00	15.16	846.72
	1300.50	0.00	15.21	849.69
	1300.51	0.00	15.19	828.65
	1300.52	0.00	15.25	833.63
	1300.53	0.00	15.31	838.62
	1300.55	0.00	15.40	840.56
	1300.56	0.00	15.41	841.56
	1300.57	0.00	15.46	837.55
	1300.58	0.00	15.48	838.54
	1300.59	0.00	15.49	839.53
	1300.60	0.00	15.52	838.52
	1300.62	0.00	15.48	825.52
	1300.63	0.00	15.51	835.52
	1300.64	0.00	15.53	840.51
	1300.65	0.00	15.55	839.51
	1300.66	0.00	15.54	840.51
	1300.67	0.00	15.55	839.51
	1300.69	0.00	15.52	835.51
	1300.70	0.00	15.52	835.51
	1300.71	0.00	15.51	836.51
	1300.72	0.00	15.48	829.51
	1300.73	0.00	15.47	835.52
	1300.74	0.00	15.46	835.52
	1300.76	0.00	15.46	835.52
	1300.77	0.00	15.42	839.53
	1300.78	0.00	15.42	838.53
	1300.79	0.00	15.41	837.53
	1300.80	0.00	15.42	839.53
	1300.81	0.00	15.40	840.55
	1300.82	0.00	15.38	841.55
	1300.84	0.00	15.38	843.56
	1300.85	0.00	15.37	845.56
	1300.86	0.00	15.36	843.56
	1300.87	0.00	15.34	838.56
	1300.88	0.00	15.35	839.56
	1300.89	0.00	15.35	841.57
	1300.91	0.00	15.36	844.57
	1300.92	0.00	15.36	843.57
	1300.93	0.00	15.35	845.57
	1300.94	0.00	15.35	843.58
	1300.95	0.00	15.35	844.58
	1300.96	0.00	15.34	845.58
	1300.97	0.00	15.32	839.58
	1300.99	0.00	15.33	837.58
	1301.00	0.00	15.33	841.58
	1301.01	0.00	15.32	839.58
	1301.02	0.00	15.33	841.58
	1301.03	0.00	15.33	839.58
	1301.05	0.00	15.33	838.58
	1301.06	0.00	15.30	836.59
	1301.07	0.00	15.34	838.58
	1301.08	0.00	15.32	827.57
	1301.09	0.00	15.32	833.57
	1301.10	0.00	15.31	834.58
	1301.11	0.00	15.32	835.58
	1301.13	0.00	15.32	836.58
	1301.14	0.00	15.32	835.58
	1301.15	0.00	15.31	836.59
	1301.16	0.00	15.32	836.58
	1301.17	0.00	15.30	834.59
	1301.18	0.00	15.30	832.59
	1301.19	0.00	15.30	833.59
	1301.21	0.00	15.30	833.59
	1301.22	0.00	15.29	834.60
	1301.23	0.00	15.30	833.59
	1301.24	0.00	15.26	825.60
	1301.25	0.00	15.29	833.60
	1301.27	0.00	15.30	831.60
	1301.28	0.00	15.29	833.60
	1301.29	0.00	15.29	833.60
	1301.30	0.00	15.28	834.61
	1301.31	0.00	15.29	836.61
	1301.32	0.00	15.29	835.61
	1301.33	0.00	15.29	832.60
	1301.35	0.00	15.27	831.61
	1301.36	0.00	15.25	824.61
	1301.37	0.00	15.30	831.59
	1301.38	0.00	15.31	833.59
	1301.39	0.00	15.30	835.60
	1301.40	0.00	15.30	833.60
	1301.42	0.00	15.30	834.60
	1301.43	0.00	15.30	834.60
	1301.44	0.00	15.31	834.59
	1301.45	0.00	15.31	834.59
	1301.46	0.00	15.32	828.57
	1301.47	0.00	15.32	827.57
	1301.49	0.00	15.33	830.57
	1301.50	0.00	15.33	826.57
	1301.51	0.00	15.34	828.57
	1301.52	0.00	15.34	829.57
	1301.53	0.00	15.32	829.58
	1301.54	0.00	15.32	831.58
	1301.56	0.00	15.32	832.58
	1301.57	0.00	15.24	808.58
	1301.58	0.00	15.26	817.59
	1301.59	0.00	15.26	822.60
	1301.60	0.00	15.30	823.60
	1301.61	0.00	15.29	822.60
	1301.63	0.00	15.27	827.60
	1301.64	0.00	15.22	810.60
	1301.65	0.00	15.19	805.61
	1301.66	0.00	15.20	807.61
	1301.67	0.00	15.25	823.61
	1301.68	0.00	15.27	826.60
	1301.69	0.00	15.28	829.60
	1301.71	0.00	15.28	827.60
	1301.72	0.00	15.27	825.60
	1301.73	0.00	15.27	825.60
	1301.74	0.00	15.27	825.60
	1301.75	0.00	15.27	824.60
	1301.77	0.00	15.28	827.60
	1301.78	0.00	15.29	826.59
	1301.79	0.00	15.28	828.60
	1301.80	0.00	15.31	828.59
	1301.81	0.00	15.33	829.57
	1301.82	0.00	15.33	827.56
	1301.83	0.00	15.33	827.57
	1301.85	0.00	15.32	822.57
	1301.86	0.00	15.32	824.57
	1301.87	0.00	15.32	824.57
	1301.88	0.00	15.33	826.58
	1301.89	0.00	15.34	828.57
	1301.90	0.00	15.32	827.58
	1301.92	0.00	15.33	828.58
	1301.93	0.00	15.33	828.58
	1301.94	0.00	15.32	826.58
	1301.95	0.00	15.32	827.58
	1301.96	0.00	15.32	821.57
	1301.97	0.00	15.31	822.57
	1301.98	0.00	15.33	824.56
	1302.00	0.00	15.36	825.55
	1302.01	0.00	15.34	823.56
	1302.02	0.00	15.33	825.56
	1302.03	0.00	15.28	811.57
	1302.04	0.00	15.32	825.57
	1302.05	0.00	15.27	814.58
	1302.07	0.00	15.30	817.57
	1302.08	0.00	15.29	817.58
	1302.09	0.00	15.29	819.58
	1302.10	0.00	15.27	817.59
	1302.11	0.00	15.26	817.60
	1302.12	0.00	15.26	815.60
	1302.14	0.00	15.27	814.59
	1302.15	0.00	15.26	814.60
	1302.16	0.00	15.26	814.60
	1302.17	0.00	15.25	815.60
	1302.18	0.00	15.24	814.61
	1302.19	0.00	15.22	816.62
	1302.20	0.00	15.22	815.62
	1302.22	0.00	15.24	817.62
	1302.23	0.00	15.22	818.62
	1302.24	0.00	15.22	815.62
	1302.25	0.00	15.20	817.62
	1302.26	0.00	15.18	814.63
	1302.28	0.00	15.19	817.63
	1302.29	0.00	15.19	817.63
	1302.30	0.00	15.21	818.63
	1302.31	0.00	15.20	816.63
	1302.32	0.00	15.21	817.63
	1302.33	0.00	15.21	819.63
	1302.34	0.00	15.21	817.63
	1302.36	0.00	15.23	819.62
	1302.37	0.00	15.23	819.63
	1302.38	0.00	15.24	818.62
	1302.39	0.00	15.23	821.63
	1302.40	0.00	15.21	819.63
	1302.42	0.00	15.23	821.62
	1302.43	0.00	15.22	820.63
	1302.44	0.00	15.23	820.62
	1302.45	0.00	15.23	814.61
	1302.46	0.00	15.24	818.61
	1302.47	0.00	15.25	820.61
	1302.48	0.00	15.24	819.61
	1302.50	0.00	15.25	822.61
	1302.51	0.00	15.26	818.61
	1302.52	0.00	15.26	819.61
	1302.53	0.00	15.29	819.59
	1302.54	0.00	15.28	798.58
	1302.55	0.00	15.30	790.55
	1302.56	0.00	15.32	811.55
	1302.58	0.00	15.32	791.55
	1302.59	0.00	15.31	793.55
	1302.60	0.00	15.34	793.54
	1302.61	0.00	15.34	792.55
	1302.62	0.00	15.36	793.54
	1302.64	0.00	15.36	812.54
	1302.65	0.00	15.36	794.54
	1302.66	0.00	15.37	813.54
	1302.67	0.00	15.29	771.54
	1302.68	0.00	15.32	796.54
	1302.69	0.00	15.32	776.53
	1302.70	0.00	15.35	796.53
	1302.72	0.00	15.35	803.53
	1302.73	0.00	15.33	786.54
	1302.74	0.00	15.35	790.54
	1302.75	0.00	15.36	793.54
	1302.76	0.00	15.36	797.54
	1302.77	0.00	15.37	816.54
	1302.79	0.00	15.37	817.54
	1302.80	0.00	15.32	800.54
	1302.81	0.00	15.33	804.54
	1302.82	0.00	15.31	799.54
	1302.83	0.00	15.33	810.55
	1302.84	0.00	15.34	817.55
	1302.85	0.00	15.34	821.56
	1302.87	0.00	15.35	820.56
	1302.88	0.00	15.34	822.56
	1302.89	0.00	15.33	825.56
	1302.90	0.00	15.33	825.56
	1302.91	0.00	15.33	826.56
	1302.93	0.00	15.32	827.57
	1302.94	0.00	15.30	817.56
	1302.95	0.00	15.31	823.57
	1302.96	0.00	15.31	825.57
	1302.97	0.00	15.33	825.56
	1302.98	0.00	15.31	824.57
	1302.99	0.00	15.33	825.56
	1303.01	0.00	15.33	816.55
	1303.02	0.00	15.35	825.55
	1303.03	0.00	15.37	825.55
	1303.04	0.00	15.35	823.55
	1303.05	0.00	15.36	818.55
	1303.06	0.00	15.38	824.55
	1303.07	0.00	15.38	826.55
	1303.09	0.00	15.41	824.54
	1303.10	0.00	15.41	824.54
	1303.11	0.00	15.41	824.54
	1303.12	0.00	15.41	825.54
	1303.13	0.00	15.42	824.53
	1303.15	0.00	15.41	822.54
	1303.16	0.00	15.40	821.54
	1303.17	0.00	15.62	795.54
	1303.18	0.00	15.61	797.54
	1303.19	0.00	15.39	816.54
	1303.20	0.00	15.36	815.56
	1303.21	0.00	15.57	793.57
	1303.23	0.00	15.56	793.58
	1303.24	0.00	15.29	786.58
	1303.25	0.00	15.29	812.59
	1303.26	0.00	15.29	810.60
	1303.27	0.00	15.26	790.61
	1303.28	0.00	15.25	790.62
	1303.30	0.00	15.21	785.63
	1303.31	0.00	15.21	788.64
	1303.32	0.00	15.20	788.65
	1303.33	0.00	15.16	778.65
	1303.34	0.00	15.18	780.64
	1303.35	0.00	15.18	783.65
	1303.36	0.00	15.18	784.65
	1303.38	0.00	15.19	785.65
	1303.39	0.00	15.17	785.66
	1303.40	0.00	15.17	784.66
	1303.41	0.00	15.17	784.66
	1303.42	0.00	15.13	777.67
	1303.44	0.00	15.16	784.67
	1303.45	0.00	15.17	784.66
	1303.46	0.00	15.15	783.67
	1303.47	0.00	15.14	784.67
	1303.48	0.00	15.12	782.68
	1303.49	0.00	15.11	785.68
	1303.50	0.00	15.12	787.68
	1303.52	0.00	15.12	787.68
	1303.53	0.00	15.12	788.68
	1303.54	0.00	15.10	786.69
	1303.55	0.00	15.10	785.69
	1303.56	0.00	15.10	785.69
	1303.57	0.00	15.10	804.70
	1303.58	0.00	15.06	783.71
	1303.60	0.00	15.07	782.70
	1303.61	0.00	15.06	782.71
	1303.62	0.00	15.06	783.71
	1303.63	0.00	15.06	785.71
	1303.64	0.00	15.07	789.72
	1303.66	0.00	15.05	784.72
	1303.67	0.00	15.05	784.72
	1303.68	0.00	15.04	787.73
	1303.69	0.00	15.02	784.73
	1303.70	0.00	15.04	787.73
	1303.71	0.00	15.03	786.73
	1303.72	0.00	15.02	787.74
	1303.74	0.00	15.02	786.74
	1303.75	0.00	15.03	782.72
	1303.76	0.00	15.04	784.72
	1303.77	0.00	15.08	792.71
	1303.78	0.00	15.15	814.68
	1303.79	0.00	15.16	817.68
	1303.81	0.00	15.15	817.69
	1303.82	0.00	15.13	821.70
	1303.83	0.00	15.10	802.72
	1303.84	0.00	15.07	824.76
	1303.85	0.00	14.98	830.80
	1303.86	0.00	14.82	836.88
	1303.88	0.00	14.71	834.89
	1303.89	0.00	14.62	.00	13.23	1000.09
	1304.19	0.00	13.09	1020.11
	1304.20	0.00	12.99	1040.15
	1304.21	0.00	12.98	1059.18
	1304.22	0.00	12.95	1064.20
	1304.24	0.00	12.96	1080.23
	1304.25	0.00	12.96	1082.24
	1304.26	0.00	12.94	1089.28
	1304.27	0.00	12.95	1093.30
	1304.28	0.00	12.92	1097.34
	1304.29	0.00	12.92	1100.37
	1304.31	0.00	12.85	1106.39
	1304.32	0.00	12.83	1135.42
	1304.33	0.00	12.80	1144.43
	1304.34	0.00	12.78	1155.44
	1304.35	0.00	12.75	1166.44
	1304.36	0.00	12.74	1178.44
	1304.38	0.00	12.70	1187.44
	1304.39	0.00	12.64	1192.46
	1304.40	0.00	12.57	1208.46
	1304.41	0.00	12.43	1232.50
	1304.42	0.00	12.26	1256.54
	1304.43	0.00	12.12	1264.60
	1304.44	0.00	11.94	1278.63
	1304.46	0.00	11.75	1288.67
	1304.47	0.00	11.55	1294.69
	1304.48	0.00	11.39	1292.74
	1304.49	0.00	11.26	1303.77
	1304.50	0.00	11.15	1314.81
	1304.52	0.00	11.08	1319.82
	1304.53	0.00	11.10	1337.81
	1304.54	0.00	11.19	1350.79
	1304.55	0.00	11.33	1365.77
	1304.56	0.00	11.50	1372.74
	1304.57	0.00	11.70	1385.69
	1304.58	0.00	11.92	1401.65
	1304.60	0.00	12.09	1403.61
	1304.61	0.00	12.33	1414.57
	1304.62	0.00	12.51	1410.53
	1304.63	0.00	12.66	1415.47
	1304.64	0.00	12.82	1419.46
	1304.65	0.00	12.91	1420.44
	1304.67	0.00	13.02	1415.42
	1304.68	0.00	13.12	1410.40
	1304.69	0.00	13.16	1411.41
	1304.70	0.00	13.19	1415.40
	1304.71	0.00	13.20	1414.39
	1304.72	0.00	13.23	1412.41
	1304.74	0.00	13.24	1417.41
	1304.75	0.00	13.24	1420.42
	1304.76	0.00	13.22	1428.41
	1304.77	0.00	13.26	1426.40
	1304.78	0.00	13.28	1424.39
	1304.80	0.00	139.62
	1313.64	0.00	13.00	993.60.00	13.22	972.62
	1313.61	0.00	13.21	971.62
	1313.62	0.00	13.00	993.62
	1313.63	0.00	12.99	989.62
	1313.64	0.00	13.00	993.60.00	13.22	972.62
	1313.61	0.00	13.21	971.62
	1313.62	0.00	13.00	993.62
	1313.63	0.00	12.99	989.62
	1313.64	0.00	13.00	993.60	13.37	939.53
	1325.47	0.00	13.36	941.53
	1325.49	0.00	13.37	937.52
	1325.50	0.00	13.40	941.52
	1325.51	0.00	13.39	941.53
	1325.52	0.00	13.38	940.54
	1325.53	0.00	13.41	941.52
	1325.54	0.00	13.38	941.52
	1325.56	0.00	13.40	941.52
	1325.57	0.00	13.40	942.52
	1325.58	0.00	13.41	941.52
	1325.59	0.00	13.37	928.50
	1325.60	0.00	13.41	941.52
	1325.61	0.00	13.41	938.52
	1325.63	0.00	13.43	939.50
	1325.64	0.00	13.43	939.50
	1325.65	0.00	13.42	937.50
	1325.66	0.00	13.43	936.51
	1325.67	0.00	13.46	946.52
	1325.68	0.00	13.43	938.52
	1325.69	0.00	13.39	929.52
	1325.71	0.00	13.43	936.52
	1325.72	0.00	13.42	936.53
	1325.73	0.00	13.43	936.52
	1325.74	0.00	13.44	937.52
	1325.75	0.00	13.41	934.52
	1325.76	0.00	13.43	938.53
	1325.78	0.00	13.43	938.53
	1325.79	0.00	13.43	936.53
	1325.80	0.00	13.45	937.50
	1325.81	0.00	13.42	938.53
	1325.82	0.00	13.42	937.53
	1325.83	0.00	13.42	937.53
	1325.85	0.00	13.41	938.53
	1325.86	0.00	13.35	926.54
	1325.87	0.00	13.42	937.52
	1325.88	0.00	13.41	934.52
	1325.89	0.00	13.41	935.53
	1325.90	0.00	13.40	936.53
	1325.92	0.00	13.42	938.53
	1325.93	0.00	13.41	935.53
	1325.94	0.00	13.41	934.52
	1325.95	0.00	13.41	935.53
	1325.96	0.00	13.39	932.53
	1325.97	0.00	13.41	936.53
	1325.98	0.00	13.39	930.53
	1326.00	0.00	13.41	935.53
	1326.01	0.00	13.40	934.53
	1326.02	0.00	13.38	933.55
	1326.03	0.00	13.39	933.54
	1326.04	0.00	13.39	932.54
	1326.06	0.00	13.39	934.54
	1326.07	0.00	13.39	931.54
	1326.08	0.00	13.40	932.55
	1326.09	0.00	13.39	933.54
	1326.10	0.00	13.41	932.54
	1326.11	0.00	13.41	932.54
	1326.13	0.00	13.43	933.521.51
	1327.85	0.00	13.31	932.54
	1327.86	0.00	13.34	931.51
	1327.88	0.00	13.30	929.53
	1327.89	0.00	13.30	930.54
	1327.90	0.00	13.27	929.56
	1327.91	0.00	13.29	931.55
	1327.92	0.00	13.28	929.56
	1327.94	0.00	13.28	929.56
	1327.95	0.00	13.30	930.55
	1327.96	0.00	13.30	930.55
	1327.97	0.00	13.30	932.56
	1327.98	0.00	13.26	931.57
	1327.99	0.00	13.27	929.57
	1328.01	0.00	13.27	930.57
	1328.02	0.00	13.30	933.55
	1328.03	0.00	13.28	930.55
	1328.04	0.00	13.29	932.55
	1328.05	0.00	13.29	933.56
	1328.06	0.00	13.28	932.57
	1328.07	0.00	13.30	933.56
	1328.09	0.00	13.28	931.56
	1328.10	0.00	13.28	932.57
	1328.11	0.00	13.27	934.57
	1328.12	0.00	13.27	932.58
	1328.13	0.00	13.27	928.56
	1328.14	0.00	13.35	929.48
	1328.16	0.00	13.34	932.49
	1328.17	0.00	13.37	933.47
	1328.18	0.00	13.36	933.48
	1328.19	0.00	13.34	934.49
	1328.20	0.00	13.35	935.50
	1328.21	0.00	13.33	935.51
	1328.22	0.00	13.32	933.52
	1328.24	0.00	13.33	934.51
	1328.25	0.00	13.33	936.51
	1328.26	0.00	13.33	934.51
	1328.27	0.00	13.33	937.52
	1328.28	0.00	13.33	938.51
	1328.29	0.00	13.33	932.48
	1328.31	0.00	13.31	929.49
	1328.32	0.00	13.30	930.51
	1328.33	0.00	13.29	933.53
	1328.34	0.00	13.28	931.55
	1328.35	0.00	13.27	931.55
	1328.36	0.00	13.27	931.56
	1328.38	0.00	13.27	932.56
	1328.39	0.00	13.26	934.56
	1328.40	0.00	13.24	927.57
	1328.41	0.00	13.27	932.56
	1328.42	0.00	13.24	921.54
	1328.43	0.00	13.23	919.54
	1328.45	0.00	13.23	923.54
	1328.46	0.00	13.22	924.56
	1328.47	0.00	13.25	928.56
	1328.48	0.00	13.26	927.56
	1328.49	0.00	13.27	930.56
	1328.50	0.00	13.25	930.58
	1328.52
	1328.81	0.00	13.24	934.56
	1328.82	0.00	13.24	936.57
	1328.83	0.00	13.25	937.57
	1328.84	0.00	13.27	940.57
	1328.85	0.00	13.25	937.58
	1328.86	0.00	13.27	937.57
	1328.88	0.00	13.27	938.56
	1328.89	0.00	13.26	937.57
	1328.90	0.00	13.27	938.57
	1328.91	0.00	13.26	937.58
	1328.92	0.00	13.25	937.58
	1328.93	0.00	13.26	936.57
	1328.94	0.00	13.28	940.57
	1328.96	0.00	13.27	937.57
	1328.97	0.00	13.26	936.58
	1328.98	0.00	13.27	937.57
	1328.99	0.00	13.25	932.57
	1329.00	0.00	13.27	933.55
	1329.01	0.00	13.28	935.55
	1329.03	0.00	13.28	935.55
	1329.04	0.00	13.28	934.55
	1329.05	0.00	13.25	934.57
	1329.06	0.00	13.29	937.55
	1329.07	0.00	13.28	934.55
	1329.08	0.00	13.27	935.56
	1329.10	0.00	13.28	936.56
	1329.11	0.00	13.28	936.56
	1329.12	0.00	13.28	936.56
	1329.13	0.00	13.28	936.56
	1329.14	0.00	13.28	936.56
	1329.16	0.00	13.27	936.57
	1329.17	0.00	13.24	928.56
	1329.18	0.00	13.25	929.56
	1329.19	0.00	13.26	932.56
	1329.20	0.00	13.26	933.56
	1329.21	0.00	13.27	931.56
	1329.22	0.00	13.27	934.56
	1329.23	0.00	13.27	932.56
	1329.25	0.00	13.27	934.56
	1329.26	0.00	13.27	934.56
	1329.27	0.00	13.27	934.56
	1329.28	0.00	13.27	935.56
	1329.29	0.00	13.22	924.56
	1329.31	0.00	13.23	927.56
	1329.32	0.00	13.24	929.57
	1329.33	0.00	13.26	932.56
	1329.34	0.00	13.25	930.56
	1329.35	0.00	13.25	930.56
	1329.36	0.00	13.25	930.56
	1329.38	0.00	13.27	933.56
	1329.39	0.00	13.28	934.56
	1329.40	0.00	13.28	931.56
	1329.41	0.00	13.27	934.56
	1329.42	0.00	13.28	933.56
	1329.43	0.00	13.27	934.56
	1329.44	0.00	13.27	934.56
	1329.46	0.00	13.27	933.56
	1329.47	0.013.32	939.53
	1329.95	0.00	13.32	939.53
	1329.97	0.00	13.30	937.54
	1329.98	0.00	13.32	933.49
	1329.99	0.00	13.30	930.51
	1330.00	0.00	13.30	933.52
	1330.01	0.00	13.30	933.52
	1330.03	0.00	13.31	932.51
	1330.04	0.00	13.28	932.54
	1330.05	0.00	13.29	936.55
	1330.06	0.00	13.29	932.55
	1330.07	0.00	13.28	932.56
	1330.08	0.00	13.27	934.57
	1330.09	0.00	13.26	930.57
	1330.11	0.00	13.28	935.57
	1330.12	0.00	13.27	934.57
	1330.13	0.00	13.28	934.56
	1330.14	0.00	13.28	932.57
	1330.15	0.00	13.29	935.56
	1330.16	0.00	13.25	916.54
	1330.18	0.00	13.23	920.55
	1330.19	0.00	13.24	923.55
	1330.20	0.00	13.25	925.55
	1330.21	0.00	13.26	929.56
	1330.22	0.00	13.26	929.56
	1330.23	1.00	13.26	928.56
	1330.25	1.00	13.26	927.55
	1330.26	1.00	13.26	928.56
	1330.27	1.00	13.27	927.56
	1330.28	1.00	13.28	928.56
	1330.29	1.00	13.28	930.56
	1330.30	1.00	13.28	930.56
	1330.32	1.00	13.29	932.56
	1330.33	1.00	13.29	932.56
	1330.34	1.00	13.27	931.57
	1330.35	1.00	13.29	932.56
	1330.36	1.00	13.30	932.56
	1330.37	1.00	13.25	922.55
	1330.39	1.00	13.28	923.53
	1330.40	1.00	13.30	929.54
	1330.41	1.00	13.30	931.54
	1330.42	1.00	13.29	929.54
	1330.43	1.00	13.32	933.54
	1330.44	1.00	13.32	934.55
	1330.45	1.00	13.33	934.55
	1330.47	1.00	13.34	934.55
	1330.48	1.00	13.35	934.54
	1330.49	1.00	13.35	935.55
	1330.50	1.00	13.35	935.55
	1330.51	1.00	13.34	934.55
	1330.53	1.00	13.34	934.55
	1330.54	1.00	13.34	934.55
	1330.55	1.00	13.35	937.55
	1330.56	0.00	13.34	933.55
	1330.57	0.00	13.31	928.54
	1330.58	0.00	13.35	932.54
	1330.59	0.00	13.34	931.54
	1330.61	0.00	13.36	936.54
	1331.95	0.00	13.39	939.50
	1331.96	0.00	13.39	937.49
	1331.98	0.00	13.37	936.51
	1331.99	0.00	13.37	935.52
	1332.00	0.00	13.37	935.52
	1332.01	0.00	13.36	936.52
	1332.02	0.00	13.36	934.52
	1332.03	0.00	13.36	939.52
	1332.05	0.00	13.35	937.53
	1332.06	0.00	13.34	937.53
	1332.07	0.00	13.34	937.53
	1332.08	0.00	13.35	930.49
	1332.09	0.00	13.36	932.48
	1332.10	0.00	13.35	928.48
	1332.12	0.00	13.33	931.51
	1332.13	0.00	13.31	931.53
	1332.14	0.00	13.29	928.54
	1332.15	0.00	13.31	932.54
	1332.16	0.00	13.32	931.55
	1332.17	0.00	13.31	932.55
	1332.19	0.00	13.33	932.53
	1332.20	0.00	13.28	926.56
	1332.21	0.00	13.30	935.57
	1332.22	0.00	13.29	933.57
	1332.23	0.00	13.24	917.54
	1332.24	0.00	13.25	919.54
	1332.26	0.00	13.26	923.55
	1332.27	0.00	13.27	924.56
	1332.28	0.00	13.27	929.56
	1332.29	0.00	13.26	927.57
	1332.30	0.00	13.29	927.56
	1332.31	0.00	13.29	928.57
	1332.32	0.00	13.29	931.57
	1332.34	0.00	13.28	931.57
	1332.35	0.00	13.29	933.56
	1332.36	0.00	13.29	932.57
	1332.37	0.00	13.26	927.57
	1332.38	0.00	13.23	920.57
	1332.40	0.00	13.26	922.54
	1332.41	0.00	13.23	921.56
	1332.42	0.00	13.26	926.55
	1332.43	0.00	13.27	929.55
	1332.44	0.00	13.29	932.55
	1332.45	0.00	13.29	936.56
	1332.46	0.00	13.29	934.56
	1332.47	0.00	13.28	932.56
	1332.49	0.00	13.30	934.55
	1332.50	0.00	13.27	931.56
	1332.51	0.00	13.28	930.55
	1332.52	0.00	13.25	926.55
	1332.53	0.00	13.26	927.55
	1332.55	0.00	13.28	934.56
	1332.56	0.00	13.28	937.57
	1332.57	0.00	13.25	928.57
	1332.58	0.00	13.28	936.58
	1332.59	0.00	13.26	939.58
	1332.60	0.00	13.26	939.58
	1332.61	0.00	935.56
	1332.72	0.00	13.27	934.56
	1332.73	0.00	13.26	934.56
	1332.74	0.00	13.25	929.56
	1332.75	0.00	13.27	933.56
	1332.77	0.00	13.27	933.56
	1332.78	0.00	13.27	934.55
	1332.79	0.00	13.25	937.58
	1332.80	0.00	13.23	938.58
	1332.81	0.00	13.21	937.58
	1332.82	0.00	13.18	938.59
	1332.84	0.00	13.16	938.60
	1332.85	0.00	13.14	940.61
	1332.86	0.00	13.10	939.62
	1332.87	0.00	13.09	941.62
	1332.88	0.00	12.86	963.63
	1332.89	0.00	12.79	960.64
	1332.91	0.00	12.76	960.62
	1332.92	0.00	12.75	966.63
	1332.93	0.00	12.70	967.64
	1332.94	0.00	12.66	972.66
	1332.95	0.00	12.67	972.67
	1332.96	0.00	12.61	962.66
	1332.97	0.00	12.68	976.66
	1332.99	0.00	12.70	977.66
	1333.00	0.00	12.71	977.66
	1333.01	0.00	12.71	975.65
	1333.02	0.00	12.67	970.65
	1333.03	0.00	12.70	970.64
	1333.05	0.00	12.71	968.65
	1333.06	0.00	12.74	971.64
	1333.07	0.00	12.73	974.65
	1333.08	0.00	12.76	975.64
	1333.09	0.00	12.81	976.64
	1333.10	0.00	12.86	971.62
	1333.11	0.00	13.11	948.58
	1333.13	0.00	13.18	952.60
	1333.14	0.00	13.23	955.58
	1333.15	0.00	13.29	952.56
	1333.16	0.00	13.34	951.54
	1333.17	0.00	13.39	951.54
	1333.18	0.00	13.44	948.53
	1333.19	0.00	13.52	952.51
	1333.21	0.00	13.58	953.50
	1333.22	0.00	13.63	951.48
	1333.23	0.00	13.68	948.45
	1333.24	0.00	13.73	951.45
	1333.25	0.00	13.76	951.44
	1333.27	0.00	13.79	954.43
	1333.28	0.00	13.82	957.41
	1333.29	0.00	13.84	955.40
	1333.30	0.00	13.82	946.39
	1333.31	0.00	13.91	956.37
	1333.32	0.00	13.92	957.36
	1333.33	0.00	13.92	956.35
	1333.35	0.00	13.95	956.35
	1333.36	0.00	13.95	958.35
	1333.37	0.00	13.98	960.34
	1333.14.82	737.74
	1334.60	0.00	14.78	721.77
	1334.62	0.00	14.70	705.76
	1334.63	0.00	14.76	716.77
	1334.64	0.00	14.77	723.76
	1334.65	0.00	14.77	727.76
	1334.66	0.00	14.78	731.77
	1334.67	0.00	14.76	725.77
	1334.69	0.00	14.85	733.73
	1334.70	0.00	14.83	732.74
	1334.71	0.00	14.84	732.73
	1334.72	0.00	14.84	736.74
	1334.73	0.00	14.86	737.73
	1334.74	0.00	14.86	740.74
	1334.76	0.00	14.83	738.74
	1334.77	0.00	14.83	740.75
	1334.78	0.00	14.83	741.75
	1334.79	0.00	14.85	740.75
	1334.80	0.00	14.78	728.75
	1334.81	0.00	14.82	739.75
	1334.82	0.00	14.82	732.73
	1334.84	0.00	14.80	731.74
	1334.85	0.00	14.83	733.74
	1334.86	0.00	14.81	735.75
	1334.87	0.00	14.83	736.75
	1334.88	0.00	14.81	737.75
	1334.89	0.00	14.83	738.75
	1334.91	0.00	14.84	739.75
	1334.92	0.00	14.82	740.75
	1334.93	0.00	14.84	740.74
	1334.94	0.00	14.85	740.73
	1334.95	0.00	14.91	740.69
	1334.96	0.00	14.88	743.72
	1334.98	0.00	14.86	742.72
	1334.99	0.00	14.86	742.72
	1335.00	0.00	14.87	745.72
	1335.01	0.00	14.83	730.71
	1335.02	0.00	14.83	731.71
	1335.03	0.00	14.83	725.71
	1335.05	0.00	14.85	740.71
	1335.06	0.00	14.87	740.71
	1335.07	0.00	14.88	742.71
	1335.08	0.00	14.88	742.71
	1335.09	0.00	14.83	742.77
	1335.10	0.00	14.42	762.85
	1335.11	0.00	12.76	862.16
	1335.13	0.00	11.25	1013.43
	1335.14	0.00	10.56	1111.66
	1335.15	0.00	10.43	1180.81
	1335.16	0.00	10.24	1219.96
	1335.17	0.00	10.21	1250.05
	1335.19	0.00	10.22	1272.20
	1335.20	0.00	10.30	1320.31
	1335.21	0.00	10.48	1338.35
	1335.22	0.00	10.71	1374.37
	1335.23	0.00	10.89	1378.34
	1335.24	0.00	11.00	1368.27
	1335.26	0.00	11.14	1346.24
	1335.27	0.00	11.28	1323.18
	1335.28	0.00	11.48	1298.09
	1335.29	0.00	11.70	1263.00
	1335.30	0.00	11.89	1234.96
	1335.31	0.00	12.11	1197.91
	1335.32	0.00	12.32	1164.85
	1335.34	0.00	12.47	1131.82
	1335.35	0.00	12.63	1116.78
	1335.36	0.00	12.74	1099.74
	1335.37	0.00	12.80	1089.70
	1335.38	0.00	12.87	1071.69
	1335.40	0.00	12.98	1058.65
	1335.41	0.00	13.10	1040.64
	1335.42	0.00	13.38	1015.62
	1335.43	0.00	13.47	1002.59
	1335.44	0.00	13.58	994.56
	1335.45	0.00	13.64	996.56
	1335.46	0.00	13.69	996.53
	1335.48	0.00	13.69	992.52
	1335.49	0.00	13.84	1007.50
	1335.50	0.00	13.95	1013.50
	1335.51	0.00	14.12	1019.47
	1335.52	0.00	14.24	1012.42
	1335.53	0.00	14.51	1031.33
	1335.55	0.00	14.69	1045.27
	1335.56	0.00	14.92	1039.22
	1335.57	0.00	15.04	1050.15
	1335.58	0.00	15.29	1065.02
	1335.59	0.00	15.65	1065.72
	1335.60	0.00	15.74	1079.70
	1335.62	0.00	16.01	1106.65
	1335.63	0.00	16.10	1103.63
	1335.64	0.00	16.21	1112.61
	1335.65	0.00	16.28	1111.59
	1335.66	0.00	16.30	1099.60
	1335.67	0.00	16.34	1065.59
	1335.69	0.00	16.32	1054.60
	1335.70	0.00	16.34	1046.58
	1335.71	0.00	16.29	1026.56
	1335.72	0.00	16.31	1035.53
	1335.73	0.00	16.33	1047.52
	1335.74	0.00	16.24	1031.53
	1335.76	0.00	16.05	971.53
	1335.77	0.00	15.64	896.55
	1335.78	0.00	15.25	818.64
	1335.79	0.00	14.92	775.78
	1335.80	0.00	14.74	761.85
	1335.81	0.00	14.64	745.87
	1335.83	0.00	14.58	725.86
	1335.84	0.00	14.64	738.86
	1335.85	0.00	14.66	742.86
	1335.86	0.00	14.66	742.86
	1335.87	0.00	14.70	742.86
	1335.88	0.00	14.68	743.86
	1335.90	0.00	14.68	743.86
	1335.91	0.00	14.66	741.86
	1335.92	0.00	14.69	744.86
	1335.93	0.00	14.63	731.86
	1335.94	0.00	14.65	739.86
	1335.95	0.00	14.63	737.87
	1335.96	0.00	14.60	726.86
	1335.98	0.00	14.65	738.86
	1335.99	0.00	14.66	742.86
	1336.00	0.00	14.66	742.86
	1336.01	0.00	14.67	743.86
	1336.02	0.00	14.67	741.85
	1336.04	0.00	14.66	741.86
	1336.05	0.00	14.68	742.85
	1336.06	0.00	14.60	727.86
	1336.07	0.00	14.66	742.86
	1336.08	0.00	14.68	743.85
	1336.09	0.00	14.69	745.85
	1336.10	0.00	14.69	746.85
	1336.12	0.00	14.65	740.85
	1336.13	0.00	14.68	748.85
	1336.14	0.00	14.73	749.82
	1336.15	0.00	14.72	748.82
	1336.16	0.00	14.71	747.83
	1336.17	0.00	14.72	747.83
	1336.19	0.00	14.71	747.84
	1336.20	0.00	14.70	748.84
	1336.21	0.00	14.70	749.84
	1336.22	0.00	14.77	748.79
	1336.23	0.00	14.80	749.77
	1336.24	0.00	14.80	749.77
	1336.26	0.00	14.78	748.78
	1336.27	0.00	14.77	749.79
	1336.28	0.00	14.64	751.88
	1336.29	0.00	13.54	818.95
	1336.30	0.00	11.18	1049.27
	1336.31	0.00	9.87	1256.67
	1336.32	0.00	9.62	1375.04
	1336.34	0.00	9.68	1377.16
	1336.35	0.00	9.85	1413.27
	1336.36	0.00	10.02	1418.38
	1336.37	0.00	10.29	1411.45
	1336.38	0.00	10.48	1435.54
	1336.39	0.00	10.46	1441.57
	1336.41	0.00	10.51	1439.59
	1336.42	0.00	10.51	1425.56
	1336.43	0.00	10.58	1411.54
	1336.44	0.00	10.64	1377.46
	1336.45	0.00	10.84	1359.40
	1336.46	0.00	11.07	1320.29
	1336.48	0.00	11.32	1280.17
	1336.49	0.00	11.55	1240.10
	1336.50	0.00	11.80	1201.04
	1336.51	0.00	12.04	1168.93
	1336.52	0.00	12.22	1146.85
	1336.54	0.00	12.44	1114.81
	1336.55	0.00	12.66	1086.77
	1336.56	0.00	12.89	1070.67
	1336.57	0.00	13.06	1051.66
	1336.58	0.00	13.45	1015.59
	1336.59	0.00	13.58	1008.53
	1336.60	0.00	13.75	996.48
	1336.62	0.00	13.89	983.42
	1336.63	0.00	14.03	986.37
	1336.64	0.00	14.15	988.31
	1336.65	0.00	14.24	990.28
	1336.66	0.00	14.34	1002.25
	1336.67	0.00	14.47	1006.24
	1336.69	0.00	14.56	1003.21
	1336.70	0.00	14.70	1026.17
	1336.71	0.00	14.80	1038.13
	1336.72	0.00	14.93	1043.05
	1336.73	0.00	15.07	1053.98
	1336.74	0.00	15.29	1048.89
	1336.76	0.00	15.45	1055.76
	1336.77	0.00	15.67	1058.62
	1336.78	0.00	15.71	1059.61
	1336.79	0.00	15.76	1052.59
	1336.80	0.00	15.75	1045.60
	1336.81	0.00	15.77	1025.57
	1336.83	0.00	15.72	1006.59
	1336.84	0.00	15.71	990.58
	1336.85	0.00	15.73	983.56
	1336.86	0.00	15.73	979.56
	1336.87	0.00	15.79	987.55
	1336.89	0.00	15.80	995.56
	1336.90	0.00	15.82	980.57
	1336.91	0.00	15.76	954.55
	1336.92	0.00	15.56	899.57
	1336.93	0.00	15.39	851.58
	1336.94	0.00	15.20	798.61
	1336.95	0.00	15.07	780.65
	1336.97	0.00	14.93	762.70
	1336.98	0.00	14.76	729.72
	1336.99	0.00	14.78	740.73
	1337.00	0.00	14.80	747.74
	1337.01	0.00	14.82	752.74
	1337.02	0.00	14.83	753.74
	1337.04	0.00	14.83	754.74
	1337.05	0.00	14.85	752.73
	1337.06	0.00	14.83	755.74
	1337.07	0.00	14.82	752.74
	1337.08	0.00	14.84	752.74
	1337.09	0.00	14.83	753.74
	1337.10	0.00	14.84	756.74
	1337.12	0.00	14.86	756.74
	1337.13	0.00	14.81	746.74
	1337.14	0.00	14.83	749.74
	1337.15	0.00	14.84	752.74
	1337.16	0.00	14.82	759.74
	1337.18	0.00	14.88	771.74
	1337.19	0.00	14.87	773.74
	1337.20	0.00	14.89	775.73
	1337.21	0.00	14.93	778.72
	1337.22	0.00	14.90	778.72
	1337.23	0.00	14.89	776.72
	1337.24	0.00	14.90	779.72
	1337.26	0.00	14.93	775.70
	1337.27	0.00	14.94	779.69
	1337.28	0.00	14.94	778.70
	1337.29	0.00	14.94	778.69
	1337.30	0.00	14.91	778.71
	1337.31	0.00	14.90	779.71
	1337.32	0.00	14.89	778.71
	1337.34	0.00	14.89	777.71
	1337.35	0.00	14.90	779.70
	1337.36	0.00	14.91	777.70
	1337.37	0.00	14.92	781.70
	1337.38	0.00	14.89	777.71
	1337.40	0.00	14.85	777.74
	1337.41	0.00	14.66	782.82
	1337.42	0.00	13.19	837.06
	1337.43	0.00	11.33	1009.49
	1337.44	0.00	10.46	1164.80
	1337.45	0.00	10.33	1216.96
	1337.46	0.00	10.42	1213.03
	1337.48	0.00	10.54	1234.20
	1337.49	0.00	10.58	1270.30
	1337.50	0.00	10.84	1283.36
	1337.51	0.00	11.03	1321.41
	1337.52	0.00	11.11	1329.39
	1337.53	0.00	11.23	1314.39
	1337.55	0.00	11.39	1283.37
	1337.56	0.00	11.55	1261.31
	1337.57	0.00	11.76	1227.23
	1337.58	0.00	12.04	1186.13
	1337.59	0.00	12.38	1148.02
	1337.60	0.00	12.82	1094.94
	1337.62	0.00	13.03	1072.88
	1337.63	0.00	13.22	1056.79
	1337.64	0.00	13.41	1036.71
	1337.65	0.00	13.60	1018.63
	1337.66	0.00	13.80	1002.55
	1337.67	0.00	13.97	984.46
	1337.69	0.00	14.18	968.38
	1337.70	0.00	14.47	939.28
	1337.71	0.00	14.57	936.23
	1337.72	0.00	14.70	933.16
	1337.73	0.00	14.79	934.11
	1337.74	0.00	14.90	939.05
	1337.76	0.00	14.98	943.00
	1337.77	0.00	15.03	943.97
	1337.78	0.00	15.07	946.95
	1337.79	0.00	15.15	955.91
	1337.80	0.00	15.21	964.89
	1337.81	0.00	15.29	965.83
	1337.83	0.00	15.36	980.82
	1337.84	0.00	15.46	982.75
	1337.85	0.00	15.75	1050.65
	1337.86	0.00	15.66	986.62
	1337.87	0.00	15.71	993.61
	1337.88	0.00	15.68	983.62
	1337.90	0.00	15.86	998.61
	1337.91	0.00	15.89	974.61
	1337.92	0.00	15.92	968.60
	1337.93	0.00	15.90	950.61
	1337.94	0.00	15.92	956.61
	1337.95	0.00	15.92	944.58
	1337.96	0.00	15.94	947.59
	1337.98	0.00	15.96	956.58
	1337.99	0.00	16.00	970.55
	1338.00	0.00	15.83	954.55
	1338.01	0.00	15.76	933.56
	1338.02	0.00	15.59	882.56
	1338.04	0.00	15.29	815.60
	1338.05	0.00	15.07	782.69
	1338.06	0.00	15.00	767.73
	1338.07	0.00	14.85	761.78
	1338.08	0.00	14.74	736.78
	1338.09	0.00	14.81	751.78
	1338.10	0.00	14.84	758.78
	1338.12	0.00	14.84	760.79
	1338.13	0.00	14.85	763.79
	1338.14	0.00	14.84	760.79
	1338.15	0.00	14.83	757.79
	1338.16	0.00	14.82	755.79
	1338.17	0.00	14.82	755.79
	1338.19	0.00	14.85	752.76
	1338.20	0.00	14.85	753.76
	1338.21	0.00	14.86	755.76
	1338.22	0.00	14.87	754.76
	1338.23	0.00	14.88	756.76
	1338.24	0.00	14.87	753.76
	1338.26	0.00	14.86	752.76
	1338.27	0.00	14.87	755.76
	1338.28	0.00	14.87	755.76
	1338.29	0.00	14.87	754.76
	1338.30	0.00	14.85	754.76
	1338.31	0.00	14.85	754.76
	1338.32	0.00	14.87	754.76
	1338.34	0.00	14.87	759.76
	1338.35	0.00	14.85	754.76
	1338.36	0.00	14.87	755.75
	1338.37	0.00	14.87	755.75
	1338.38	0.00	14.85	742.73
	1338.39	0.00	14.91	754.72
	1338.41	0.00	14.90	748.71
	1338.42	0.00	14.91	752.71
	1338.43	0.00	14.88	752.72
	1338.44	0.00	14.86	754.72
	1338.45	0.00	14.83	759.74
	1338.46	0.00	14.85	760.73
	1338.47	0.00	14.87	754.70
	1338.49	0.00	14.88	755.71
	1338.50	0.00	14.84	755.72
	1338.51	0.00	14.88	756.72
	1338.52	0.00	14.60	764.84
	1338.53	0.00	13.32	830.08
	1338.55	0.00	11.08	1052.52
	1338.56	0.00	10.22	1234.87
	1338.57	0.00	10.00	1290.11
	1338.58	0.00	10.01	1305.26
	1338.59	0.00	10.02	1348.36
	1338.60	0.00	10.32	1372.45
	1338.61	0.00	10.61	1362.48
	1338.63	0.00	10.92	1397.49
	1338.64	0.00	11.12	1421.43
	1338.65	0.00	11.33	1387.35
	1338.66	0.00	11.51	1338.28
	1338.67	0.00	11.68	1329.21
	1338.69	0.00	11.82	1283.14
	1338.70	0.00	12.07	1245.07
	1338.71	0.00	12.31	1204.01
	1338.72	0.00	12.57	1170.93
	1338.73	0.00	12.75	1146.85
	1338.74	0.00	13.15	1104.77
	1338.76	0.00	13.35	1092.66
	1338.77	0.00	13.55	1068.59
	1338.78	0.00	13.61	1051.54
	1338.79	0.00	13.75	1040.48
	1338.80	0.00	13.88	1023.41
	1338.81	0.00	14.05	1007.34
	1338.82	0.00	14.16	997.30
	1338.84	0.00	14.32	982.26
	1338.85	0.00	14.39	974.22
	1338.86	0.00	14.45	965.19
	1338.87	0.00	14.51	968.17
	1338.88	0.00	14.54	968.16
	1338.90	0.00	14.59	971.14
	1338.91	0.00	14.66	988.12
	1338.92	0.00	14.71	992.09
	1338.93	0.00	14.79	1007.05
	1338.94	0.00	14.80	1006.06
	1338.95	0.00	14.90	1025.03
	1338.96	0.00	14.99	1042.99
	1338.98	0.00	15.12	1057.90
	1338.99	0.00	15.32	1044.82
	1339.00	0.00	15.51	1047.69
	1339.01	0.00	15.62	1050.63
	1339.02	0.00	15.70	1045.59
	1339.03	0.00	15.71	1037.59
	1339.05	0.00	15.72	1022.59
	1339.06	0.00	15.70	1010.59
	1339.07	0.00	15.90	1012.58
	1339.08	0.00	15.87	998.59
	1339.09	0.00	15.88	980.59
	1339.10	0.00	15.89	953.58
	1339.12	0.00	15.84	941.58
	1339.13	0.00	15.85	942.58
	1339.14	0.00	15.61	907.57
	1339.15	0.00	15.77	904.56
	1339.16	0.00	15.40	851.59
	1339.17	0.00	15.24	816.61
	1339.19	0.00	15.11	785.64
	1339.20	0.00	15.03	773.69
	1339.21	0.00	14.96	770.71
	1339.22	0.00	14.86	745.72
	1339.23	0.00	14.91	763.73
	1339.24	0.00	14.93	771.74
	1339.26	0.00	14.94	773.74
	1339.27	0.00	14.94	773.74
	1339.28	0.00	14.93	771.74
	1339.29	0.00	14.89	759.74
	1339.30	0.00	14.89	761.74
	1339.31	0.00	14.88	761.75
	1339.32	0.00	14.90	758.74
	1339.34	0.00	14.87	759.75
	1339.35	0.00	14.89	760.74
	1339.36	0.00	14.90	758.74
	1339.37	0.00	14.91	761.74
	1339.38	0.00	14.88	758.75
	1339.40	0.00	14.90	754.74
	1339.41	0.00	14.89	752.74
	1339.42	0.00	14.88	751.74
	1339.43	0.00	14.87	752.74
	1339.44	0.00	14.86	750.74
	1339.45	0.00	14.88	754.74
	1339.46	0.00	14.85	755.75
	1339.47	0.00	14.85	755.75
	1339.49	0.00	14.87	759.75
	1339.50	0.00	14.90	760.73
	1339.51	0.00	14.91	760.70
	1339.52	0.00	14.85	750.72
	1339.53	0.00	14.90	760.72
	1339.55	0.00	14.93	757.70
	1339.56	0.00	14.92	758.70
	1339.57	0.00	14.92	759.70
	1339.58	0.00	14.91	759.71
	1339.59	0.00	14.90	760.71
	1339.60	0.00	14.90	760.71
	1339.61	0.00	14.91	757.70
	1339.63	0.00	14.94	756.69
	1339.64	0.00	14.93	757.70
	1339.65	0.00	14.92	758.71
	1339.66	0.00	14.92	757.71
	1339.67	0.00	14.79	760.78
	1339.68	0.00	14.50	768.86
	1339.70	0.00	12.90	870.13
	1339.71	0.00	11.17	1051.53
	1339.72	0.00	10.43	1158.83
	1339.73	0.00	10.37	1207.01
	1339.74	0.00	10.34	1219.12
	1339.75	0.00	10.39	1216.19
	1339.77	0.00	10.60	1234.29
	1339.78	0.00	10.72	1255.38
	1339.79	0.00	10.95	1300.45
	1339.80	0.00	11.06	1340.48
	1339.81	0.00	11.16	1342.44
	1339.82	0.00	11.31	1319.41
	1339.83	0.00	11.46	1301.32
	1339.85	0.00	11.64	1269.26
	1339.86	0.00	11.91	1238.16
	1339.87	0.00	12.23	1203.04
	1339.88	0.00	12.53	1169.93
	1339.89	0.00	12.91	1128.88
	1339.91	0.00	13.15	1106.78
	1339.92	0.00	13.34	1087.70
	1339.93	0.00	13.57	1076.60
	1339.94	0.00	13.76	1083.49
	1339.95	0.00	14.04	1066.40
	1339.96	0.00	14.24	1056.29
	1339.97	0.00	14.42	1037.22
	1339.99	0.00	14.57	1034.15
	1340.00	0.00	14.68	1002.10
	1340.01	0.00	14.75	998.05
	1340.02	0.00	14.82	997.01
	1340.03	0.00	14.86	995.97
	1340.05	0.00	14.95	970.95
	1340.06	0.00	14.99	971.93
	1340.07	0.00	15.06	975.88
	1340.08	0.00	15.15	979.81
	1340.09	0.00	15.22	987.77
	1340.10	0.00	15.30	990.72
	1340.11	0.00	15.35	994.68
	1340.13	0.00	15.43	1001.64
	1340.14	0.00	15.45	1005.64
	1340.15	0.00	15.51	1006.62
	1340.16	0.00	15.54	1009.60
	1340.17	0.00	15.57	1003.58
	1340.18	0.00	15.60	1003.58
	1340.20	0.00	15.63	1001.57
	1340.21	0.00	15.64	996.57
	1340.22	0.00	15.61	979.58
	1340.23	0.00	15.61	968.57
	1340.24	0.00	15.61	956.58
	1340.26	0.00	15.62	956.57
	1340.27	0.00	15.63	956.58
	1340.28	0.00	15.61	949.59
	1340.29	0.00	15.63	947.58
	1340.30	0.00	15.62	933.56
	1340.31	0.00	15.55	899.58
	1340.32	0.00	15.52	875.55
	1340.34	0.00	15.38	845.58
	1340.35	0.00	15.28	817.59
	1340.36	0.00	15.09	786.65
	1340.37	0.00	15.03	773.68
	1340.38	0.00	15.00	770.71
	1340.39	0.00	14.90	754.71
	1340.41	0.00	14.92	763.72
	1340.42	0.00	14.99	776.72
	1340.43	0.00	15.05	779.70
	1340.44	0.00	15.00	776.72
	1340.45	0.00	15.02	781.72
	1340.46	0.00	15.00	780.72
	1340.47	0.00	15.01	778.72
	1340.49	0.00	15.00	776.72
	1340.50	0.00	14.98	774.73
	1340.51	0.00	14.97	772.73
	1340.52	0.00	14.95	769.73
	1340.53	0.00	14.92	759.73
	1340.55	0.00	14.93	762.73
	1340.56	0.00	14.94	763.72
	1340.57	0.00	14.94	762.72
	1340.58	0.00	14.91	759.73
	1340.59	0.00	14.94	763.72
	1340.60	0.00	14.95	765.72
	1340.61	0.00	14.95	765.72
	1340.63	0.00	14.96	768.71
	1340.64	0.00	14.94	768.71
	1340.65	0.00	14.95	766.71
	1340.66	0.00	14.94	762.69
	1340.67	0.00	14.97	764.69
	1340.68	0.00	14.98	763.69
	1340.69	0.00	14.96	764.70
	1340.71	0.00	14.92	758.70
	1340.72	0.00	14.92	767.70
	1340.73	0.00	14.92	767.70
	1340.74	0.00	14.91	767.71
	1340.75	0.00	14.93	769.70
	1340.77	0.00	14.97	766.67
	1340.78	0.00	15.01	763.65
	1340.79	0.00	14.97	762.67
	1340.80	0.00	14.97	762.67
	1340.81	0.00	14.96	762.68
	1340.82	0.00	14.82	762.77
	1340.83	0.00	14.55	773.84
	1340.85	0.00	13.31	836.08
	1340.86	0.00	11.69	991.43
	1340.87	0.00	10.82	1138.76
	1340.88	0.00	10.54	1210.93
	1340.89	0.00	10.52	1265.08
	1340.90	0.00	10.58	1285.17
	1340.92	0.00	10.91	1284.16
	1340.93	0.00	11.33	1314.14
	1340.94	0.00	11.64	1347.11
	1340.95	0.00	11.87	1333.08
	1340.96	0.00	12.12	1310.01
	1340.97	0.00	12.37	1279.93
	1340.99	0.00	12.62	1244.87
	1341.00	0.00	12.83	1218.82
	1341.01	0.00	13.17	1169.77
	1341.02	0.00	13.33	1141.69
	1341.03	0.00	13.55	1142.64
	1341.04	0.00	13.70	1127.58
	1341.06	0.00	13.87	1111.50
	1341.07	0.00	14.05	1071.41
	1341.08	0.00	14.24	1059.31
	1341.09	0.00	14.35	1044.28
	1341.10	0.00	14.45	1036.24
	1341.11	0.00	14.54	1025.22
	1341.13	0.00	14.58	1018.20
	1341.14	0.00	14.65	1015.17
	1341.15	0.00	14.63	1016.17
	1341.16	0.00	14.67	1015.15
	1341.17	0.00	14.73	1014.15
	1341.19	0.00	14.72	1009.14
	1341.20	0.00	14.78	1019.11
	1341.21	0.00	14.81	1027.10
	1341.22	0.00	14.83	1031.10
	1341.23	0.00	14.87	1034.09
	1341.24	0.00	14.88	1037.09
	1341.25	0.00	14.96	1039.06
	1341.27	0.00	15.01	1046.04
	1341.28	0.00	15.08	1019.02
	1341.29	0.00	15.14	1019.98
	1341.30	0.00	15.17	1026.95
	1341.31	0.00	15.22	1023.92
	1341.32	0.00	15.28	1023.89
	1341.34	0.00	15.30	1018.88
	1341.35	0.00	15.33	1013.85
	1341.36	0.00	15.35	1000.81
	1341.37	0.00	15.35	991.79
	1341.38	0.00	15.39	982.74
	1341.39	0.00	15.41	976.71
	1341.41	0.00	15.44	960.66
	1341.42	0.00	15.53	945.61
	1341.43	0.00	15.48	932.62
	1341.44	0.00	15.49	928.62
	1341.45	0.00	15.48	910.60
	1341.46	0.00	15.44	877.60
	1341.48	0.00	15.43	873.60
	1341.49	0.00	15.37	860.62
	1341.50	0.00	15.33	851.63
	1341.51	0.00	15.28	832.61
	1341.52	0.00	15.28	822.60
	1341.53	0.00	15.26	815.59
	1341.55	0.00	15.17	796.60
	1341.56	0.00	15.11	787.63
	1341.57	0.00	15.06	784.67
	1341.58	0.00	15.00	783.72
	1341.59	0.00	15.03	796.73
	1341.60	0.00	14.99	796.74
	1341.62	0.00	15.02	801.74
	1341.63	0.00	14.98	789.74
	1341.64	0.00	14.96	791.75
	1341.65	0.00	14.98	794.75
	1341.66	0.00	14.96	784.75
	1341.67	0.00	14.98	789.75
	1341.68	0.00	14.96	789.76
	1341.70	0.00	14.95	786.76
	1341.71	0.00	14.95	782.76
	1341.72	0.00	14.94	782.76
	1341.73	0.00	14.94	780.76
	1341.74	0.00	14.91	779.77
	1341.75	0.00	14.92	774.76
	1341.77	0.00	14.92	774.76
	1341.78	0.00	14.89	771.77
	1341.79	0.00	14.90	770.76
	1341.80	0.00	14.91	772.75
	1341.81	0.00	14.91	775.76
	1341.82	0.00	14.89	776.76
	1341.83	0.00	14.89	775.76
	1341.85	0.00	14.91	776.75
	1341.86	0.00	14.91	796.76
	1341.87	0.00	14.91	777.75
	1341.88	0.00	14.90	776.75
	1341.89	0.00	14.90	776.75
	1341.90	0.00	14.90	774.75
	1341.92	0.00	14.88	768.75
	1341.93	0.00	14.87	767.75
	1341.94	0.00	14.88	770.75
	1341.95	0.00	14.88	770.76
	1341.96	0.00	14.88	770.75
	1341.97	0.00	14.89	772.75
	1341.98	0.00	14.89	769.75
	1342.00	0.00	14.90	770.75
	1342.01	0.00	14.91	771.73
	1342.02	0.00	14.89	769.75
	1342.03	0.00	14.89	769.75
	1342.04	0.00	14.92	791.75
	1342.06	0.00	14.90	772.75
	1342.07	0.00	14.88	767.75
	1342.08	0.00	14.87	790.77
	1342.09	0.00	14.77	764.81
	1342.10	0.00	14.41	777.89
	1342.11	0.00	13.41	834.18
	1342.13	0.00	12.28	920.45
	1342.14	0.00	11.60	993.60
	1342.15	0.00	11.12	1062.75
	1342.16	0.00	10.91	1129.87
	1342.17	0.00	10.63	1166.95
	1342.18	0.00	10.51	1197.01
	1342.19	0.00	10.50	1216.04
	1342.21	0.00	10.66	1241.03
	1342.22	0.00	10.74	1251.02
	1342.23	0.00	10.91	1302.04
	1342.24	0.00	11.08	1315.02
	1342.25	0.00	11.32	1334.00
	1342.27	0.00	11.56	1355.99
	1342.28	0.00	11.81	1364.98
	1342.29	0.00	12.00	1364.94
	1342.30	0.00	12.12	1351.91
	1342.31	0.00	12.19	1342.88
	1342.32	0.00	12.33	1314.84
	1342.33	0.00	12.41	1314.80
	1342.35	0.00	12.50	1303.77
	1342.36	0.00	12.66	1279.74
	1342.37	0.00	12.74	1269.69
	1342.38	0.00	12.89	1265.66
	1342.39	0.00	12.95	1247.64
	1342.40	0.00	13.22	1224.62
	1342.42	0.00	13.33	1218.60
	1342.43	0.00	13.40	1215.59
	1342.44	0.00	13.47	1204.55
	1342.45	0.00	13.56	1207.53
	1342.46	0.00	13.62	1205.51
	1342.47	0.00	13.67	1198.50
	1342.49	0.00	13.73	1189.47
	1342.50	0.00	13.83	1188.44
	1342.51	0.00	13.88	1179.42
	1342.52	0.00	13.95	1170.41
	1342.53	0.00	14.01	1172.38
	1342.54	0.00	14.08	1170.35
	1342.56	0.00	14.21	1172.33
	1342.57	0.00	14.29	1165.29
	1342.58	0.00	14.38	1153.26
	1342.59	0.00	14.51	1142.25
	1342.60	0.00	14.62	1137.22
	1342.61	0.00	14.71	1132.18
	1342.63	0.00	14.80	1132.14
	1342.64	0.00	14.92	1130.09
	1342.65	0.00	14.96	1125.07
	1342.66	0.00	15.03	1123.02
	1342.67	0.00	15.14	1094.95
	1342.68	0.00	15.17	1085.91
	1342.70	0.00	15.29	1055.88
	1342.71	0.00	15.39	1051.80
	1342.72	0.00	15.46	1043.73
	1342.73	0.00	15.50	1023.68
	1342.74	0.00	15.57	1022.63
	1342.75	0.00	15.58	1008.61
	1342.77	0.00	15.61	998.60
	1342.78	0.00	15.63	988.57
	1342.79	0.00	15.61	971.57
	1342.80	0.00	15.60	954.57
	1342.81	0.00	15.58	939.57
	1342.82	0.00	15.52	904.58
	1342.83	0.00	15.49	896.59
	1342.85	0.00	15.45	883.59
	1342.86	0.00	15.45	889.58
	1342.87	0.00	15.43	857.56
	1342.88	0.00	15.36	845.58
	1342.89	0.00	15.31	829.58
	1342.91	0.00	15.19	813.63
	1342.92	0.00	15.10	792.66
	1342.93	0.00	15.03	790.71
	1342.94	0.00	14.96	787.75
	1342.95	0.00	14.98	813.76
	1342.96	0.00	15.01	820.76
	1342.98	0.00	15.01	822.76
	1342.99	0.00	15.01	819.76
	1343.00	0.00	15.01	824.77
	1343.01	0.00	15.00	822.77
	1343.02	0.00	15.00	821.77
	1343.03	0.00	14.95	798.78
	1343.05	0.00	14.93	792.78
	1343.06	0.00	14.92	789.78
	1343.07	0.00	14.92	786.78
	1343.08	0.00	14.89	779.78
	1343.09	0.00	14.88	776.78
	1343.10	0.00	14.89	777.78
	1343.11	0.00	14.89	777.78
	1343.13	0.00	14.92	776.75
	1343.14	0.00	14.90	781.78
	1343.15	0.00	14.89	779.78
	1343.16	0.00	14.89	778.78
	1343.17	0.00	14.88	777.78
	1343.18	0.00	14.89	778.78
	1343.20	0.00	14.90	799.78
	1343.21	0.00	14.90	800.78
	1343.22	0.00	14.90	799.78
	1343.23	0.00	14.84	788.79
	1343.24	0.00	14.85	794.79
	1343.25	0.00	14.87	795.78
	1343.27	0.00	14.88	797.78
	1343.28	0.00	14.88	798.78
	1343.29	0.00	14.90	798.78
	1343.30	0.00	14.88	794.78
	1343.31	0.00	14.90	795.78
	1343.32	0.00	14.90	795.78
	1343.33	0.00	14.92	797.78
	1343.35	0.00	14.90	795.78
	1343.36	0.00	14.89	793.78
	1343.37	0.00	14.93	796.77
	1343.38	0.00	14.94	793.77
	1343.39	0.00	14.87	778.78
	1343.40	0.00	14.91	797.78
	1343.42	0.00	14.92	796.78
	1343.43	0.00	14.86	775.79
	1343.44	0.00	14.83	758.78
	1343.45	0.00	14.90	794.78
	1343.46	0.00	14.84	776.80
	1343.47	0.00	14.80	771.83
	1343.48	0.00	14.38	786.91
	1343.50	0.00	13.10	873.20
	1343.51	0.00	12.04	996.43
	1343.52	0.00	11.35	1083.59
	1343.53	0.00	11.07	1123.70
	1343.54	0.00	10.88	1162.79
	1343.56	0.00	10.82	1182.87
	1343.57	0.00	10.83	1212.94
	1343.58	0.00	10.93	1211.98
	1343.59	0.00	11.05	1238.01
	1343.60	0.00	11.17	1260.06
	1343.61	0.00	11.39	1292.05
	1343.63	0.00	11.49	1311.06
	1343.64	0.00	11.61	1306.05
	1343.65	0.00	11.70	1287.04
	1343.66	0.00	11.81	1267.00
	1343.67	0.00	11.97	1284.96
	1343.68	0.00	12.12	1269.89
	1343.69	0.00	12.32	1247.83
	1343.71	0.00	12.52	1223.78
	1343.72	0.00	12.72	1203.74
	1343.73	0.00	12.93	1200.69
	1343.74	0.00	13.27	1165.63
	1343.75	0.00	13.36	1165.58
	1343.76	0.00	13.47	1163.55
	1343.78	0.00	13.53	1158.52
	1343.79	0.00	13.60	1148.50
	1343.80	0.00	13.71	1155.47
	1343.81	0.00	13.76	1152.45
	1343.82	0.00	13.84	1148.40
	1343.83	0.00	13.90	1146.37
	1343.85	0.00	13.97	1146.34
	1343.86	0.00	14.02	1140.32
	1343.87	0.00	14.06	1144.30
	1343.88	0.00	14.10	1145.30
	1343.89	0.00	14.14	1138.27
	1343.90	0.00	14.19	1143.26
	1343.92	0.00	14.23	1150.25
	1343.93	0.00	14.30	1153.23
	1343.94	0.00	14.40	1143.22
	1343.95	0.00	14.51	1146.18
	1343.96	0.00	14.62	1147.16
	1343.97	0.00	14.71	1148.13
	1343.99	0.00	14.79	1141.10
	1344.00	0.00	14.87	1148.04
	1344.01	0.00	14.95	1151.99
	1344.02	0.00	15.02	1149.94
	1344.03	0.00	15.06	1143.90
	1344.05	0.00	15.14	1133.84
	1344.06	0.00	15.20	1124.80
	1344.07	0.00	15.30	1087.75
	1344.08	0.00	15.49	1053.66
	1344.09	0.00	15.55	1040.61
	1344.10	0.00	15.56	1026.60
	1344.11	0.00	15.56	1012.60
	1344.13	0.00	15.55	997.60
	1344.14	0.00	15.56	985.59
	1344.15	0.00	15.61	976.57
	1344.16	0.00	15.58	970.57
	1344.17	0.00	15.55	955.58
	1344.18	0.00	15.56	944.57
	1344.20	0.00	15.54	936.58
	1344.21	0.00	15.47	919.60
	1344.22	0.00	15.48	910.59
	1344.23	0.00	15.40	867.59
	1344.24	0.00	15.34	846.59
	1344.25	0.00	15.29	832.60
	1344.27	0.00	15.17	814.64
	1344.28	0.00	15.16	802.62
	1344.29	0.00	15.04	793.68
	1344.30	0.00	15.05	814.69
	1344.31	0.00	15.03	818.72
	1344.32	0.00	15.05	831.73
	1344.33	0.00	15.07	831.73
	1344.35	0.00	15.06	832.74
	1344.36	0.00	15.06	832.74
	1344.37	0.00	15.05	829.74
	1344.38	0.00	15.06	826.74
	1344.39	0.00	15.03	820.74
	1344.41	0.00	15.01	815.74
	1344.42	0.00	14.99	812.75
	1344.43	0.00	14.96	790.75
	1344.44	0.00	14.98	809.75
	1344.45	0.00	14.92	794.75
	1344.46	0.00	14.93	797.75
	1344.47	0.00	14.94	798.75
	1344.49	0.00	14.95	801.75
	1344.50	0.00	14.95	801.75
	1344.51	0.00	14.94	799.75
	1344.52	0.00	14.95	801.75
	1344.53	0.00	14.95	803.75
	1344.54	0.00	14.93	806.75
	1344.56	0.00	14.95	809.73
	1344.57	0.00	14.93	806.75
	1344.58	0.00	14.93	808.75
	1344.59	0.00	14.93	809.75
	1344.60	0.00	14.93	809.75
	1344.61	0.00	14.92	807.75
	1344.63	0.00	14.91	808.76
	1344.64	0.00	14.91	804.76
	1344.65	0.00	14.90	801.76
	1344.66	0.00	14.90	800.76
	1344.67	0.00	14.88	795.76
	1344.68	0.00	14.88	801.76
	1344.69	0.00	14.89	799.76
	1344.71	0.00	14.90	801.76
	1344.72	0.00	14.88	801.76
	1344.73	0.00	14.89	802.76
	1344.74	0.00	14.89	799.76
	1344.75	0.00	14.89	798.76
	1344.76	0.00	14.89	798.76
	1344.78	0.00	14.92	800.76
	1344.79	0.00	14.92	795.76
	1344.80	0.00	14.90	793.76
	1344.81	0.00	14.92	794.76
	1344.82	0.00	14.93	785.73
	1344.83	0.00	14.94	794.74
	1344.84	0.00	14.89	795.78
	1344.86	0.00	14.64	801.81
	1344.87	0.00	13.95	816.04
	1344.88	0.00	12.14	961.40
	1344.89	0.00	11.21	1066.66
	1344.90	0.00	10.82	1138.81
	1344.92	0.00	10.83	1178.89
	1344.93	0.00	10.72	1204.96
	1344.94	0.00	10.80	1225.02
	1344.95	0.00	10.97	1218.07
	1344.96	0.00	11.04	1244.12
	1344.97	0.00	11.19	1267.14
	1344.98	0.00	11.36	1327.14
	1345.00	0.00	11.50	1340.12
	1345.01	0.00	11.62	1332.08
	1345.02	0.00	11.73	1315.05
	1345.03	0.00	11.85	1297.00
	1345.04	0.00	11.97	1273.96
	1345.05	0.00	12.13	1249.93
	1345.07	0.00	12.27	1229.90
	1345.08	0.00	12.40	1209.81
	1345.09	0.00	12.54	1187.79
	1345.10	0.00	12.64	1172.77
	1345.11	0.00	12.67	1142.76
	1345.13	0.00	12.68	1140.74
	1345.14	0.00	12.70	1132.73
	1345.15	0.00	12.76	1127.73
	1345.16	0.00	12.79	1120.73
	1345.17	0.00	12.83	1115.72
	1345.18	0.00	13.01	1092.75
	1345.19	0.00	12.90	1113.70
	1345.21	0.00	12.96	1111.69
	1345.22	0.00	13.20	1095.67
	1345.23	0.00	13.26	1092.65
	1345.24	0.00	13.32	1090.64
	1345.25	0.00	13.39	1114.62
	1345.26	0.00	13.46	1113.59
	1345.28	0.00	13.56	1121.58
	1345.29	0.00	13.59	1120.57
	1345.30	0.00	13.71	1128.55
	1345.31	0.00	13.81	1120.52
	1345.32	0.00	13.92	1121.50
	1345.33	0.00	14.06	1116.44
	1345.35	0.00	14.23	1111.35
	1345.36	0.00	14.42	1104.28
	1345.37	0.00	14.57	1098.25
	1345.38	0.00	14.68	1090.19
	1345.39	0.00	14.82	1064.12
	1345.40	0.00	14.93	1061.06
	1345.42	0.00	15.02	1063.00
	1345.43	0.00	15.11	1066.94
	1345.44	0.00	15.17	1060.88
	1345.45	0.00	15.28	1034.87
	1345.46	0.00	15.34	1025.80
	1345.47	0.00	15.46	1009.69
	1345.49	0.00	15.49	990.63
	1345.50	0.00	15.51	970.59
	1345.51	0.00	15.53	946.57
	1345.52	0.00	15.51	934.58
	1345.53	0.00	15.50	921.57
	1345.55	0.00	15.47	911.59
	1345.56	0.00	15.41	893.60
	1345.57	0.00	15.39	856.58
	1345.58	0.00	15.34	837.57
	1345.59	0.00	15.28	824.57
	1345.60	0.00	15.17	803.59
	1345.61	0.00	15.09	786.63
	1345.63	0.00	15.04	787.67
	1345.64	0.00	15.03	788.69
	1345.65	0.00	15.09	817.69
	1345.66	0.00	15.09	806.69
	1345.67	0.00	15.12	832.70
	1345.68	0.00	15.11	831.70
	1345.69	0.00	15.09	830.70
	1345.71	0.00	15.08	827.70
	1345.72	0.00	15.08	822.70
	1345.73	0.00	15.09	820.70
	1345.74	0.00	15.06	817.70
	1345.75	0.00	15.05	815.70
	1345.77	0.00	15.05	811.70
	1345.78	0.00	15.04	810.71
	1345.79	0.00	15.03	808.71
	1345.80	0.00	15.03	808.71
	1345.81	0.00	15.03	806.70
	1345.82	0.00	15.04	805.69
	1345.83	0.00	15.03	810.71
	1345.85	0.00	15.03	806.71
	1345.86	0.00	15.01	805.71
	1345.87	0.00	15.01	805.71
	1345.88	0.00	14.99	806.72
	1345.89	0.00	14.99	806.72
	1345.90	0.00	14.99	793.70
	1345.92	0.00	15.02	804.70
	1345.93	0.00	15.03	806.70
	1345.94	0.00	15.04	809.70
	1345.95	0.00	15.03	805.70
	1345.96	0.00	15.02	805.71
	1345.97	0.00	15.01	805.71
	1345.98	0.00	15.02	806.71
	1346.00	0.00	15.01	807.71
	1346.01	0.00	15.02	809.71
	1346.02	0.00	15.03	800.68
	1346.03	0.00	15.06	802.67
	1346.04	0.00	15.06	803.68
	1346.06	0.00	15.04	803.69
	1346.07	0.00	15.06	807.69
	1346.08	0.00	15.03	784.69
	1346.09	0.00	15.02	799.70
	1346.10	0.00	14.98	785.71
	1346.11	0.00	14.91	781.76
	1346.12	0.00	14.59	791.82
	1346.14	0.00	13.46	866.06
	1346.15	0.00	12.03	996.40
	1346.16	0.00	11.16	1124.71
	1346.17	0.00	10.69	1193.91
	1346.18	0.00	10.41	1250.06
	1346.19	0.00	10.41	1290.09
	1346.20	0.00	10.44	1305.10
	1346.22	0.00	10.51	1306.12
	1346.23	0.00	10.65	1311.13
	1346.24	0.00	10.80	1362.12
	1346.25	0.00	10.98	1372.09
	1346.26	0.00	11.16	1379.04
	1346.28	0.00	11.42	1382.99
	1346.29	0.00	11.66	1388.95
	1346.30	0.00	11.90	1390.88
	1346.31	0.00	12.08	1379.84
	1346.32	0.00	12.26	1362.78
	1346.33	0.00	12.42	1348.76
	1346.34	0.00	12.49	1342.74
	1346.36	0.00	12.64	1326.69
	1346.37	0.00	12.70	1321.67
	1346.38	0.00	12.74	1310.64
	1346.39	0.00	12.82	1302.64
	1346.40	0.00	13.03	1284.63
	1346.42	0.00	13.06	1281.64
	1346.43	0.00	13.11	1277.63
	1346.44	0.00	13.13	1273.63
	1346.45	0.00	13.15	1256.62
	1
	1346.65	0.00	14.80	1153.05
	1346.66	0.00	14.87	1139.99
	1346.67	0.00	14.97	1128.93
	1346.68	0.00	15.06	1117.88
	1346.69	0.00	15.08	1102.84
	1346.71	0.00	15.22	1064.79
	1346.72	0.00	15.39	1026.72
	1346.73	0.00	15.50	1023.64
	1346.74	0.00	15.51	1012.62
	1346.75	0.00	15.53	1002.61
	1346.77	0.00	15.56	987.58
	1346.78	0.00	15.55	973.58
	1346.79	0.00	15.58	955.57
	1346.80	0.00	15.57	938.57
	1346.81	0.00	15.51	922.59
	1346.82	0.00	15.48	892.60
	1346.83	0.00	15.38	865.61
	1346.85	0.00	15.39	853.59
	1346.86	0.00	15.36	840.58
	1346.87	0.00	15.24	822.62
	1346.88	0.00	15.15	802.64
	1346.89	0.00	15.07	791.68
	1346.91	0.00	15.02	791.72
	1346.92	0.00	15.04	818.74
	1346.93	0.00	15.07	827.74
	1346.94	0.00	15.09	836.75
	1346.95	0.00	15.07	836.76
	1346.96	0.00	15.05	832.76
	1346.97	0.00	15.04	829.76
	1346.98	0.00	15.03	826.77
	1347.00	0.00	15.03	824.77
	1347.01	0.00	14.99	803.78
	1347.02	0.00	14.99	823.78
	1347.03	0.00	14.99	814.76
	1347.04	0.00	14.98	813.76
	1347.06	0.00	14.97	815.77
	1347.07	0.00	14.98	816.77
	1347.08	0.00	14.98	817.77
	1347.09	0.00	14.99	815.77
	1347.10	0.00	14.96	816.77
	1347.11	0.00	14.95	817.78
	1347.13	0.00	14.95	816.78
	1347.14	0.00	14.94	818.78
	1347.15	0.00	14.97	818.76
	1347.16	0.00	14.97	821.75
	1347.17	0.00	15.00	823.74
	1347.18	0.00	15.01	815.71
	1347.19	0.00	15.03	814.69
	1347.21	0.00	15.00	815.71
	1347.22	0.00	14.95	803.72
	1347.23	0.00	15.01	815.72
	1347.24	0.00	14.98	792.72
	1347.25	0.00	14.98	793.72
	1347.26	0.00	15.01	811.72
	1347.28	0.00	15.03	817.72
	1347.29	0.00	14.99	810.73
	1347.30	0.00	14.99	811.73
	1347.31	0.00	14.95	795.72
	1347.32	0.00	14.94	799.73
	1347.33	0.00	14.94	795.73
	1347.34	0.00	14.94	796.73
	1347.36	0.00	14.95	801.74
	1347.37	0.00	14.95	801.74
	1347.38	0.00	14.99	804.74
	1347.39	0.00	14.98	803.74
	1347.40	0.00	14.99	805.74
	1347.42	0.00	14.98	803.74
	1347.43	0.00	14.95	783.73
	1347.44	0.00	14.91	795.77
	1347.45	0.00	14.86	786.80
	1347.46	0.00	14.54	798.87
	1347.47	0.00	13.70	839.99
	1347.48	0.00	12.51	941.28
	1347.50	0.00	11.72	1028.47
	1347.51	0.00	11.23	1093.62
	1347.52	0.00	11.07	1161.72
	1347.53	0.00	10.94	1190.79
	1347.54	0.00	10.98	1200.84
	1347.55	0.00	11.02	1219.87
	1347.57	0.00	11.09	1220.93
	1347.58	0.00	11.24	1231.98
	1347.59	0.00	11.33	1254.01
	1347.60	0.00	11.45	1277.02
	1347.61	0.00	11.51	1301.08
	1347.62	0.00	11.55	1314.09
	1347.64	0.00	11.59	1307.06
	1347.65	0.00	11.61	1314.09
	1347.66	0.00	11.63	1304.09
	1347.67	0.00	11.66	1293.08
	1347.68	0.00	11.73	1279.07
	1347.69	0.00	11.83	1259.03
	1347.70	0.00	11.94	1243.00
	1347.72	0.00	12.01	1228.97
	1347.73	0.00	12.08	1220.94
	1347.74	0.00	12.17	1201.92
	1347.75	0.00	12.16	1195.92
	1347.76	0.00	12.21	1185.91
	1347.78	0.00	12.22	1181.91
	1347.79	0.00	12.26	1179.90
	1347.80	0.00	12.27	1173.90
	1347.81	0.00	12.28	1167.90
	1347.82	0.00	12.27	1165.91
	1347.83	0.00	12.29	1160.91
	1347.85	0.00	12.28	1155.90
	1347.86	0.00	12.30	1154.90
	1347.87	0.00	12.29	1148.89
	1347.88	0.00	12.30	1151.91
	1347.89	0.00	12.32	1152.90
	1347.90	0.00	12.33	1152.90
	1347.92	0.00	12.35	1149.90
	1347.93	0.00	12.35	1148.90
	1347.94	0.00	12.36	1148.88
	1347.95	0.00	12.38	1152.90
	1347.96	0.00	12.35	1147.89
	1347.97	0.00	12.35	1144.91
	1347.98	0.00	12.37	1142.90
	1348.00	0.00	12.37	1142.90
	1348.01	0.00	12.40	1142.90
	1348.02	0.00	12.42	1137.90
	1348.03	0.00	12.47	1131.88
	1348.04	0.00	12.50	1127.88
	1348.06	0.00	12.57	1119.86
	1348.07	0.00	12.57	1108.83
	1348.08	0.00	12.59	1118.84
	1348.09	0.00	12.59	1117.85
	1348.10	0.00	12.57	1117.86
	1348.11	0.00	12.59	1110.87
	1348.13	0.00	12.62	1096.86
	1348.14	0.00	12.71	1077.83
	1348.15	0.00	13.01	1040.79
	1348.16	0.00	13.17	1014.72
	1348.17	0.00	13.32	987.65
	1348.18	0.00	13.47	972.57
	1348.19	0.00	13.64	950.52
	1348.21	0.00	13.71	935.48
	1348.22	0.00	13.82	915.44
	1348.23	0.00	13.98	904.37
	1348.24	0.00	14.10	897.32
	1348.25	0.00	14.23	872.28
	1348.26	0.00	14.37	862.19
	1348.28	0.00	14.40	863.18
	1348.29	0.00	14.44	864.17
	1348.30	0.00	14.46	863.15
	1348.31	0.00	14.49	870.14
	1348.32	0.00	14.48	869.15
	1348.33	0.00	14.50	871.15
	1348.34	0.00	14.49	870.15
	1348.36	0.00	14.50	873.15
	1348.37	0.00	14.53	872.14
	1348.38	0.00	14.53	860.10
	1348.39	0.00	14.54	866.12
	1348.40	0.00	14.55	865.12
	1348.42	0.00	14.57	865.12
	1348.43	0.00	14