0.00	5.55	412.00
	1056.98	0.00	5.55	413.00
	1056.99	0.00	5.56	411.00
	1057.00	0.00	5.56	411.00
	1057.02	0.00	5.56	412.00
	1057.03	0.00	5.56	412.00
	1057.04	0.00	5.56	411.00
	1057.05	0.00	5.56	411.00
	1057.06	0.00	5.56	412.00
	1057.07	0.00	5.55	413.00
	1057.08	0.00	5.57	411.00
	1057.10	0.00	5.56	414.00
	1057.11	0.00	5.56	414.00
	1057.12	0.00	5.56	413.00
	1057.13	0.00	5.55	414.00
	1057.14	0.00	5.55	413.00
	1057.16	0.00	5.55	415.00
	1057.17	0.00	5.55	414.00
	1057.18	0.00	5.55	414.00
	1057.19	0.00	5.55	414.00
	1057.20	0.00	5.55	414.00
	1057.21	0.00	5.55	414.00
	1057.22	0.00	5.55	416.00
	1057.23	0.00	5.56	415.00
	1057.25	0.00	5.56	415.00
	1057.26	0.00	5.56	415.00
	1057.27	0.00	5.55	418.00
	1057.28	0.00	5.56	417.00
	1057.29	0.00	5.56	417.00
	1057.30	0.00	5.57	417.00
	1057.32	0.00	5.51	417.00
	1057.33	0.00	5.51	418.00
	1057.34	0.00	5.51	417.00
	1057.35	0.00	5.51	418.00
	1057.36	0.00	5.50	418.00
	1057.37	0.00	5.51	416.00
	1057.39	0.00	5.51	418.00
	1057.40	0.00	5.50	418.00
	1057.41	0.00	5.51	416.00
	1057.42	0.00	5.51	417.00
	1057.43	0.00	5.51	417.00
	1057.44	0.00	5.51	417.00
	1057.45	0.00	5.51	416.00
	1057.47	0.00	5.50	415.00
	1057.48	0.00	5.51	417.00
	1057.49	0.00	5.50	416.00
	1057.50	0.00	5.51	417.00
	1057.51	0.00	5.53	417.00
	1057.52	0.00	5.53	417.00
	1057.54	0.00	5.53	417.00
	1057.55	0.00	5.53	417.00
	1057.56	0.00	5.53	418.00
	1057.57	0.00	5.53	417.00
	1057.58	0.00	5.53	416.00
	1057.59	0.00	5.53	416.00
	1057.60	0.00	5.52	422.00
	1057.61	0.00	5.49	422.00
	1057.63	0.00	5.50	421.00
	1057.64	0.00	5.50	421.00
	1057.65	0.00	5.50	421.00
	1057.66	0.00	5.49	421.00
	1057.67	0.00	5.46	420.00
	1057.69	0.00	5.46	419.00
	1057.70	0.00	5.45	420.00
	1057.71	0.00	5.47	418.00
	1057.72	0.00	5.45	418.00
	1057.73	0.00	5.47	417.00
	1057.74	0.00	5.47	418.00
	1057.76	0.00	5.46	419.00
	1057.77	0.00	5.46	419.00
	1057.78	0.00	5.47	418.00
	1057.79	0.00	5.46	419.00
	1057.80	0.00	5.46	420.00
	1057.81	0.00	5.46	420.00
	1057.82	0.00	5.47	419.00
	1057.83	0.00	5.46	420.00
	1057.85	0.00	5.46	420.00
	1057.86	0.00	5.47	420.00
	1057.87	0.00	5.45	418.00
	1057.88	0.00	5.47	418.00
	1057.89	0.00	5.47	418.00
	1057.90	0.00	5.45	417.00
	1057.92	0.00	5.46	416.00
	1057.93	0.00	5.45	417.00
	1057.94	0.00	5.47	418.00
	1057.95	0.00	5.46	417.00
	1057.96	0.00	5.46	416.00
	1057.97	0.00	5.46	417.00
	1057.98	0.00	5.46	417.00
	1058.00	0.00	5.47	417.00
	1058.01	0.00	5.45	417.00
	1058.02	0.00	5.45	417.00
	1058.03	0.00	5.44	418.00
	1058.04	0.00	5.45	418.00
	1058.05	0.00	5.45	420.00
	1058.07	0.00	5.45	420.00
	1058.08	0.00	5.44	422.00
	1058.09	0.00	5.43	422.00
	1058.10	0.00	5.45	424.00
	1058.11	0.00	5.43	424.00
	1058.12	0.00	5.48	425.00
	1058.14	0.00	5.48	424.00
	1058.15	0.00	5.49	423.00
	1058.16	0.00	5.48	424.00
	1058.17	0.00	5.49	422.00
	1058.18	0.00	5.52	421.00
	1058.19	0.00	5.49	421.00
	1058.20	0.00	5.48	422.00
	1058.21	0.00	5.49	420.00
	1058.23	0.00	5.51	420.00
	1058.24	0.00	5.49	420.00
	1058.25	0.00	5.50	425.00
	1058.26	0.00	5.49	423.00
	1058.27	0.00	5.49	424.00
	1058.29	0.00	5.49	424.00
	1058.30	0.00	5.48	424.00
	1058.31	0.00	5.49	424.00
	1058.32	0.00	5.51	423.00
	1058.33	0.00	5.49	425.00
	1058.34	0.00	5.50	424.00
	1058.35	0.00	5.50	424.00
	1058.37	0.00	5.48	421.00
	1058.38	0.00	5.48	421.00
	1058.39	0.00	5.48	423.00
	1058.40	0.00	5.46	424.00
	1058.41	0.00	5.46	424.00
	1058.42	0.00	5.47	424.00
	1058.44	0.00	5.46	426.00
	1058.45	0.00	5.47	427.00
	1058.46	0.00	5.46	428.00
	1058.47	0.00	5.45	428.00
	1058.48	0.00	5.48	431.00
	1058.49	0.00	5.53	433.00
	1058.50	0.00	5.53	433.00
	1058.52	0.00	5.52	430.00
	1058.53	0.00	5.54	430.00
	1058.54	0.00	5.53	431.00
	1058.55	0.00	5.53	431.00
	1058.56	0.00	5.52	434.00
	1058.57	0.00	5.52	440.00
	1058.58	0.00	5.51	441.00
	1058.60	0.00	5.51	442.00
	1058.61	0.00	5.51	442.00
	1058.62	0.00	5.49	442.00
	1058.63	0.00	5.51	442.00
	1058.64	0.00	5.51	442.00
	1058.65	0.00	5.50	442.00
	1058.67	0.00	5.50	444.00
	1058.68	0.00	5.49	445.00
	1058.69	0.00	5.51	446.00
	1058.70	0.00	5.52	447.00
	1058.71	0.00	5.50	447.00
	1058.72	0.00	5.49	449.00
	1058.73	0.00	5.50	453.00
	1058.75	0.00	5.48	453.00
	1058.76	0.00	5.50	456.00
	1058.77	0.00	5.47	459.00
	1058.78	0.00	5.47	462.00
	1058.79	0.00	5.47	464.00
	1058.80	0.00	5.46	465.00
	1058.82	0.00	5.45	467.00
	1058.83	0.00	5.46	468.00
	1058.84	0.00	5.47	467.00
	1058.85	0.00	5.46	468.00
	1058.86	0.00	5.46	467.00
	1058.87	0.00	5.45	469.00
	1058.88	0.00	5.46	470.00
	1058.90	0.00	5.48	471.00
	1058.91	0.00	5.47	470.00
	1058.92	0.00	5.47	469.00
	1058.93	0.00	5.47	469.00
	1058.94	0.00	5.47	467.00
	1058.95	0.00	5.48	466.00
	1058.96	0.00	5.43	463.00
	1058.98	0.00	5.42	463.00
	1058.99	0.00	5.44	460.00
	1059.00	0.00	5.43	459.00
	1059.01	0.00	5.44	457.00
	1059.02	0.00	5.44	456.00
	1059.04	0.00	5.45	455.00
	1059.05	0.00	5.45	452.00
	1059.06	0.00	5.45	454.00
	1059.07	0.00	5.45	452.00
	1059.08	0.00	5.45	452.00
	1059.09	0.00	5.45	452.00
	1059.10	0.00	5.45	451.00
	1059.11	0.00	5.47	450.00
	1059.13	0.00	5.47	450.00
	1059.14	0.00	5.46	450.00
	1059.15	0.00	5.48	447.00
	1059.16	0.00	5.45	451.00
	1059.17	0.00	5.45	450.00
	1059.18	0.00	5.46	453.00
	1059.19	0.00	5.47	450.00
	1059.21	0.00	5.42	449.00
	1059.22	0.00	5.40	447.00
	1059.23	0.00	5.42	446.00
	1059.24	0.00	5.42	445.00
	1059.25	0.00	5.43	444.00
	1059.27	0.00	5.42	443.00
	1059.28	0.00	5.42	443.00
	1059.29	0.00	5.44	439.00
	1059.30	0.00	5.43	440.00
	1059.31	0.00	5.43	440.00
	1059.32	0.00	5.44	439.00
	1059.33	0.00	5.43	439.00
	1059.35	0.00	5.43	440.00
	1059.36	0.00	5.44	438.00
	1059.37	0.00	5.43	437.00
	1059.38	0.00	5.44	435.00
	1059.39	0.00	5.44	436.00
	1059.40	0.00	5.43	436.00
	1059.42	0.00	5.42	435.00
	1059.43	0.00	5.45	438.00
	1059.44	0.00	5.41	438.00
	1059.45	0.00	5.43	438.00
	1059.46	0.00	5.43	439.00
	1059.47	0.00	5.42	439.00
	1059.48	0.00	5.42	439.00
	1059.50	0.00	5.42	439.00
	1059.51	0.00	5.43	438.00
	1059.52	0.00	5.44	441.00
	1059.53	0.00	5.42	440.00
	1059.54	0.00	5.43	439.00
	1059.55	0.00	5.41	439.00
	1059.56	0.00	5.42	438.00
	1059.58	0.00	5.42	438.00
	1059.59	0.00	5.42	438.00
	1059.60	0.00	5.42	437.00
	1059.61	0.00	5.42	437.00
	1059.62	0.00	5.42	437.00
	1059.63	0.00	5.42	437.00
	1059.65	0.00	5.42	437.00
	1059.66	0.00	5.41	436.00
	1059.67	0.00	5.43	437.00
	1059.68	0.00	5.47	437.00
	1059.69	0.00	5.47	437.00
	1059.70	0.00	5.46	435.00
	1059.71	0.00	5.47	434.00
	1059.73	0.00	5.49	435.00
	1059.74	0.00	5.47	433.00
	1059.75	0.00	5.47	434.00
	1059.76	0.00	5.46	437.00
	1059.77	0.00	5.46	437.00
	1059.78	0.00	5.46	438.00
	1059.80	0.00	5.46	438.00
	1059.81	0.00	5.46	439.00
	1059.82	0.00	5.46	440.00
	1059.83	0.00	5.45	440.00
	1059.84	0.00	5.45	440.00
	1059.85	0.00	5.47	440.00
	1059.86	0.00	5.44	439.00
	1059.88	0.00	5.47	439.00
	1059.89	0.00	5.45	439.00
	1059.90	0.00	5.45	437.00
	1059.91	0.00	5.45	440.00
	1059.92	0.00	5.46	440.00
	1059.93	0.00	5.44	439.00
	1059.94	0.00	5.46	438.00
	1059.96	0.00	5.44	439.00
	1059.97	0.00	5.43	438.00
	1059.98	0.00	5.44	436.00
	1059.99	0.00	5.44	436.00
	1060.00	0.00	5.51	440.00
	1060.01	0.00	5.51	439.00
	1060.03	0.00	5.51	439.00
	1060.04	0.00	5.51	440.00
	1060.05	0.00	5.53	437.00
	1060.06	0.00	5.52	438.00
	1060.07	0.00	5.50	444.00
	1060.08	0.00	5.49	444.00
	1060.09	0.00	5.50	445.00
	1060.11	0.00	5.50	445.00
	1060.12	0.00	5.50	445.00
	1060.13	0.00	5.49	444.00
	1060.14	0.00	5.49	443.00
	1060.15	0.00	5.50	444.00
	1060.16	0.00	5.50	445.00
	1060.18	0.00	5.50	445.00
	1060.19	0.00	5.50	444.00
	1060.20	0.00	5.50	443.00
	1060.21	0.00	5.50	445.00
	1060.22	0.00	5.49	446.00
	1060.23	0.00	5.49	445.00
	1060.25	0.00	5.49	445.00
	1060.26	0.00	5.49	446.00
	1060.27	0.00	5.50	444.00
	1060.28	0.00	5.49	447.00
	1060.29	0.00	5.50	445.00
	1060.30	0.00	5.50	445.00
	1060.31	0.00	5.50	446.00
	1060.32	0.00	5.50	446.00
	1060.34	0.00	5.50	444.00
	1060.35	0.00	5.49	447.00
	1060.36	0.00	5.51	446.00
	1060.37	0.00	5.51	446.00
	1060.38	0.00	5.51	446.00
	1060.40	0.00	5.52	445.00
	1060.41	0.00	5.46	444.00
	1060.42	0.00	5.46	444.00
	1060.43	0.00	5.46	444.00
	1060.44	0.00	5.46	444.00
	1060.45	0.00	5.46	444.00
	1060.46	0.00	5.46	443.00
	1060.47	0.00	5.46	444.00
	1060.49	0.00	5.46	444.00
	1060.50	0.00	5.46	444.00
	1060.51	0.00	5.47	443.00
	1060.52	0.00	5.46	442.00
	1060.53	0.00	5.46	443.00
	1060.54	0.00	5.46	443.00
	1060.56	0.00	5.47	443.00
	1060.57	0.00	5.45	442.00
	1060.58	0.00	5.49	441.00
	1060.59	0.00	5.48	442.00
	1060.60	0.00	5.48	441.00
	1060.61	0.00	5.48	441.00
	1060.63	0.00	5.49	439.00
	1060.64	0.00	5.49	437.00
	1060.65	0.00	5.50	435.00
	1060.66	0.00	5.50	433.00
	1060.67	0.00	5.50	435.00
	1060.68	0.00	5.51	432.00
	1060.69	0.00	5.49	438.00
	1060.71	0.00	5.48	437.00
	1060.72	0.00	5.48	437.00
	1060.73	0.00	5.48	437.00
	1060.74	0.00	5.49	437.00
	1060.75	0.00	5.49	436.00
	1060.76	0.00	5.42	435.00
	1060.77	0.00	5.44	435.00
	1060.79	0.00	5.43	433.00
	1060.80	0.00	5.43	434.00
	1060.81	0.00	5.43	434.00
	1060.82	0.00	5.41	434.00
	1060.83	0.00	5.44	435.00
	1060.84	0.00	5.43	435.00
	1060.85	0.00	5.43	434.00
	1060.87	0.00	5.46	431.00
	1060.88	0.00	5.44	433.00
	1060.89	0.00	5.44	434.00
	1060.90	0.00	5.45	434.00
	1060.91	0.00	5.42	433.00
	1060.93	0.00	5.44	434.00
	1060.94	0.00	5.45	433.00
	1060.95	0.00	5.45	435.00
	1060.96	0.00	5.46	435.00
	1060.97	0.00	5.42	435.00
	1060.98	0.00	5.43	434.00
	1060.99	0.00	5.44	435.00
	1061.01	0.00	5.43	434.00
	1061.02	0.00	5.42	435.00
	1061.03	0.00	5.43	435.00
	1061.04	0.00	5.43	434.00
	1061.05	0.00	5.42	435.00
	1061.06	0.00	5.43	434.00
	1061.07	0.00	5.43	434.00
	1061.09	0.00	5.43	435.00
	1061.10	0.00	5.43	434.00
	1061.11	0.00	5.43	435.00
	1061.12	0.00	5.42	435.00
	1061.13	0.00	5.43	433.00
	1061.14	0.00	5.42	436.00
	1061.16	0.00	5.42	436.00
	1061.17	0.00	5.42	435.00
	1061.18	0.00	5.42	436.00
	1061.19	0.00	5.42	437.00
	1061.20	0.00	5.42	436.00
	1061.21	0.00	5.42	437.00
	1061.22	0.00	5.41	436.00
	1061.24	0.00	5.41	436.00
	1061.25	0.00	5.42	435.00
	1061.26	0.00	5.45	437.00
	1061.27	0.00	5.42	435.00
	1061.28	0.00	5.41	435.00
	1061.30	0.00	5.46	437.00
	1061.31	0.00	5.46	437.00
	1061.32	0.00	5.47	436.00
	1061.33	0.00	5.47	435.00
	1061.34	0.00	5.47	436.00
	1061.35	0.00	5.46	439.00
	1061.36	0.00	5.47	438.00
	1061.37	0.00	5.46	439.00
	1061.39	0.00	5.46	438.00
	1061.40	0.00	5.46	438.00
	1061.41	0.00	5.46	438.00
	1061.42	0.00	5.47	438.00
	1061.43	0.00	5.47	438.00
	1061.44	0.00	5.46	436.00
	1061.45	0.00	5.47	437.00
	1061.47	0.00	5.46	435.00
	1061.48	0.00	5.47	436.00
	1061.49	0.00	5.46	435.00
	1061.50	0.00	5.46	433.00
	1061.51	0.00	5.46	433.00
	1061.53	0.00	5.47	433.00
	1061.54	0.00	5.47	436.00
	1061.55	0.00	5.45	434.00
	1061.56	0.00	5.45	434.00
	1061.57	0.00	5.45	434.00
	1061.58	0.00	5.45	434.00
	1061.59	0.00	5.44	433.00
	1061.61	0.00	5.44	434.00
	1061.62	0.00	5.52	436.00
	1061.63	0.00	5.52	437.00
	1061.64	0.00	5.53	436.00
	1061.65	0.00	5.52	434.00
	1061.66	0.00	5.52	435.00
	1061.68	0.00	5.52	436.00
	1061.69	0.00	5.53	435.00
	1061.70	0.00	5.53	436.00
	1061.71	0.00	5.51	443.00
	1061.72	0.00	5.50	443.00
	1061.73	0.00	5.51	443.00
	1061.74	0.00	5.50	441.00
	1061.76	0.00	5.51	443.00
	1061.77	0.00	5.50	442.00
	1061.78	0.00	5.50	443.00
	1061.79	0.00	5.50	444.00
	1061.80	0.00	5.50	444.00
	1061.81	0.00	5.50	444.00
	1061.82	0.00	5.50	444.00
	1061.84	0.00	5.50	444.00
	1061.85	0.00	5.50	446.00
	1061.86	0.00	5.49	446.00
	1061.87	0.00	5.49	446.00
	1061.88	0.00	5.49	446.00
	1061.89	0.00	5.49	446.00
	1061.91	0.00	5.49	446.00
	1061.92	0.00	5.50	445.00
	1061.93	0.00	5.50	445.00
	1061.94	0.00	5.49	446.00
	1061.95	0.00	5.51	445.00
	1061.96	0.00	5.50	445.00
	1061.97	0.00	5.49	446.00
	1061.99	0.00	5.49	447.00
	1062.00	0.00	5.50	445.00
	1062.01	0.00	5.51	447.00
	1062.02	0.00	5.50	447.00
	1062.03	0.00	5.49	447.00
	1062.04	0.00	5.51	448.00
	1062.05	0.00	5.52	448.00
	1062.07	0.00	5.46	447.00
	1062.08	0.00	5.46	447.00
	1062.09	0.00	5.46	447.00
	1062.10	0.00	5.46	447.00
	1062.11	0.00	5.46	447.00
	1062.12	0.00	5.45	448.00
	1062.14	0.00	5.46	446.00
	1062.15	0.00	5.46	446.00
	1062.16	0.00	5.46	447.00
	1062.17	0.00	5.45	447.00
	1062.18	0.00	5.43	445.00
	1062.19	0.00	5.46	448.00
	1062.20	0.00	5.46	448.00
	1062.22	0.00	5.46	448.00
	1062.23	0.00	5.45	447.00
	1062.24	0.00	5.46	447.00
	1062.25	0.00	5.45	446.00
	1062.26	0.00	5.48	448.00
	1062.28	0.00	5.48	448.00
	1062.29	0.00	5.48	448.00
	1062.30	0.00	5.48	448.00
	1062.31	0.00	5.48	446.00
	1062.32	0.00	5.48	446.00
	1062.33	0.00	5.49	445.00
	1062.34	0.00	5.47	443.00
	1062.35		.22	0.00	5.26	550.00
	1064.23	0.00	5.25	555.00
	1064.25	0.00	5.25	559.00
	1064.26	0.00	5.24	564.00
	1064.27	0.00	5.28	570.00
	1064.28	0.00	5.06	625.00
	1064.29	0.00	5.06	628.00
	1064.30	0.00	5.04	636.00
	1064.31	0.00	5.03	640.00
	1064.33	0.00	5.03	646.00
	1064.34	0.00	5.02	648.00
	1064.35	0.00	5.01	656.00
	1064.36	0.00	5.00	663.00
	1064.37	0.00	4.99	669.00
	1064.38	0.00	4.98	677.00
	1064.40	0.00	4.97	682.00
	1064.41	0.00	4.98	687.00
	1064.42	0.00	4.95	696.00
	1064.43	0.00	4.94	704.00
	1064.44	0.00	4.93	712.00
	1064.45	0.00	4.90	719.00
	1064.46	0.00	4.89	726.00
	1064.47	0.00	4.89	734.00
	1064.49	0.00	4.87	737.00
	1064.50	0.00	4.85	745.00
	1064.51	0.00	4.90	757.00
	1064.52	0.00	4.89	762.00
	1064.53	0.00	5.17	819.00
	1064.54	0.00	5.17	824.00
	1064.56	0.00	5.17	823.00
	1064.57	0.00	5.17	830.00
	1064.58	0.00	5.17	832.00
	1064.59	0.00	5.18	831.00
	1064.60	0.00	5.20	831.00
	1064.61	0.00	5.20	830.00
	1064.63	0.00	5.22	833.00
	1064.64	0.00	5.22	834.00
	1064.65	0.00	5.23	833.00
	1064.66	0.00	5.26	836.00
	1064.67	0.00	5.27	833.00
	1064.68	0.00	5.30	833.00
	1064.69	0.00	5.31	832.00
	1064.70	0.00	5.32	832.00
	1064.72	0.00	5.32	829.00
	1064.73	0.00	5.33	830.00
	1064.74	0.00	5.34	826.00
	1064.75	0.00	5.36	827.00
	1064.76	0.00	5.36	824.00
	1064.77	0.00	5.36	821.00
	1064.79	0.00	5.38	819.00
	1064.80	0.00	5.39	816.00
	1064.81	0.00	5.40	814.00
	1064.82	0.00	5.43	814.00
	1064.83	0.00	5.43	817.00
	1064.84	0.00	5.42	818.00
	1064.85	0.00	5.38	819.00
	1064.87	0.00	5.38	822.00
	1064.88	0.00	5.38	823.00
	1064.89	0.00	5.38	822.00
	1064.90	0.00	5.37	826.00
	1064.91	0.00	5.38	828.00
	1064.92	0.00	5.38	826.00
	1064.94	0.00	5.39	826.00
	1064.95	0.00	5.40	824.00
	1064.96	0.00	5.40	819.00
	1064.97	0.00	5.42	818.00
	1064.98	0.00	5.43	815.00
	1064.99	0.00	5.44	812.00
	1065.00	0.00	5.44	809.00
	1065.02	0.00	5.44	811.00
	1065.03	0.00	5.44	807.00
	1065.04	0.00	5.43	802.00
	1065.05	0.00	5.45	800.00
	1065.06	0.00	5.44	796.00
	1065.07	0.00	5.43	790.00
	1065.08	0.00	5.40	785.00
	1065.10	0.00	5.42	785.00
	1065.11	0.00	5.39	774.00
	1065.12	0.00	5.40	773.00
	1065.13	0.00	5.39	768.00
	1065.14	0.00	5.38	761.00
	1065.15	0.00	5.38	755.00
	1065.16	0.00	5.39	753.00
	1065.18	0.00	5.36	741.00
	1065.19	0.00	5.37	733.00
	1065.20	0.00	5.36	727.00
	1065.21	0.00	5.37	718.00
	1065.22	0.00	5.34	706.00
	1065.23	0.00	5.33	700.00
	1065.25	0.00	5.31	699.00
	1065.26	0.00	5.32	701.00
	1065.27	0.00	5.30	701.00
	1065.28	0.00	5.31	700.00
	1065.29	0.00	5.30	695.00
	1065.30	0.00	5.32	685.00
	1065.31	0.00	5.34	675.00
	1065.32	0.00	5.35	663.00
	1065.34	0.00	5.38	649.00
	1065.35	0.00	5.08	587.00
	1065.36	0.00	5.09	584.00
	1065.37	0.00	5.10	581.00
	1065.38	0.00	5.45	624.00
	1065.39	0.00	5.61	568.00
	1065.41	0.00	5.66	561.00
	1065.42	0.00	5.67	552.00
	1065.43	0.00	5.71	542.00
	1065.44	0.00	5.99	489.00
	1065.45	0.00	6.01	485.00
	1065.46	0.00	6.01	483.00
	1065.47	0.00	6.01	477.00
	1065.49	0.00	6.02	474.00
	1065.50	0.00	6.04	469.00
	1065.51	0.00	6.04	467.00
	1065.52	0.00	6.05	464.00
	1065.53	0.00	6.05	464.00
	1065.54	0.00	6.04	463.00
	1065.55	0.00	6.06	459.00
	1065.57	0.00	6.07	456.00
	1065.58	0.00	5.74	402.00
	1065.59	0.00	5.74	400.00
	1065.60	0.00	5.72	397.00
	1065.61	0.00	5.73	394.00
	1065.62	0.00	5.72	394.00
	1065.63	0.00	5.73	397.00
	1065.65	0.00	5.71	397.00
	1065.66	0.00	5.69	397.00
	1065.67	0.00	5.70	397.00
	1065.68	0.00	5.70	395.00
	1065.69	0.00	5.70	392.00
	1065.70	0.00	5.73	390.00
	1065.71	0.00	5.57	437.00
	1065.73	0.00	5.56	446.00
	1065.74	0.00	5.52	454.00
	1065.75	0.00	5.51	459.00
	1065.76	0.00	5.51	461.00
	1065.77	0.00	5.51	459.00
	1065.78	0.00	5.53	453.00
	1065.80	0.00	5.53	448.00
	1065.81	0.00	5.54	446.00
	1065.82	0.00	5.54	443.00
	1065.83	0.00	5.54	440.00
	1065.84	0.00	5.55	439.00
	1065.85	0.00	5.55	440.00
	1065.86	0.00	5.54	443.00
	1065.88	0.00	5.54	446.00
	1065.89	0.00	5.53	448.00
	1065.90	0.00	5.52	449.00
	1065.91	0.00	5.50	449.00
	1065.92	0.00	5.50	449.00
	1065.93	0.00	5.51	449.00
	1065.94	0.00	5.50	448.00
	1065.96	0.00	5.50	449.00
	1065.97	0.00	5.48	451.00
	1065.98	0.00	5.48	452.00
	1065.99	0.00	5.48	452.00
	1066.00	0.00	5.48	451.00
	1066.01	0.00	5.47	448.00
	1066.03	0.00	5.48	443.00
	1066.04	0.00	5.48	440.00
	1066.05	0.00	5.50	437.00
	1066.06	0.00	5.50	437.00
	1066.07	0.00	5.50	434.00
	1066.08	0.00	5.50	433.00
	1066.09	0.00	5.51	430.00
	1066.10	0.00	5.51	425.00
	1066.12	0.00	5.52	423.00
	1066.13	0.00	5.52	425.00
	1066.14	0.00	5.50	431.00
	1066.15	0.00	5.48	440.00
	1066.16	0.00	5.45	451.00
	1066.17	0.00	5.43	462.00
	1066.19	0.00	5.41	473.00
	1066.20	0.00	5.38	481.00
	1066.21	0.00	5.37	485.00
	1066.22	0.00	5.37	487.00
	1066.23	0.00	5.37	487.00
	1066.24	0.00	5.37	487.00
	1066.25	0.00	5.40	487.00
	1066.27	0.00	5.37	486.00
	1066.28	0.00	5.38	485.00
	1066.29	0.00	5.39	484.00
	1066.30	0.00	5.40	484.00
	1066.31	0.00	5.40	483.00
	1066.32	0.00	5.39	483.00
	1066.33	0.00	5.40	483.00
	1066.35	0.00	5.40	484.00
	1066.36	0.00	5.40	487.00
	1066.37	0.00	5.38	489.00
	1066.38	0.00	5.37	495.00
	1066.39	0.00	5.37	500.00
	1066.40	0.00	5.37	503.00
	1066.42	0.00	5.36	506.00
	1066.43	0.00	5.36	510.00
	1066.44	0.00	5.36	511.00
	1066.45	0.00	5.36	516.00
	1066.46	0.00	5.36	518.00
	1066.47	0.00	5.36	519.00
	1066.48	0.00	5.36	522.00
	1066.50	0.00	5.35	523.00
	1066.51	0.00	5.35	526.00
	1066.52	0.00	5.34	528.00
	1066.53	0.00	5.34	530.00
	1066.54	0.00	5.33	533.00
	1066.55	0.00	5.33	536.00
	1066.56	0.00	5.33	539.00
	1066.58	0.00	5.32	542.00
	1066.59	0.00	5.32	544.00
	1066.60	0.00	5.33	548.00
	1066.61	0.00	5.32	547.00
	1066.62	0.00	5.31	550.00
	1066.63	0.00	5.32	551.00
	1066.65	0.00	5.31	552.00
	1066.66	0.00	5.31	552.00
	1066.67	0.00	5.31	553.00
	1066.68	0.00	5.31	552.00
	1066.69	0.00	5.32	552.00
	1066.70	0.00	5.31	551.00
	1066.71	0.00	5.31	551.00
	1066.73	0.00	5.31	551.00
	1066.74	0.00	5.31	552.00
	1066.75	0.00	5.31	552.00
	1066.76	0.00	5.30	554.00
	1066.77	0.00	5.29	555.00
	1066.78	0.00	5.30	556.00
	1066.80	0.00	5.30	557.00
	1066.81	0.00	5.30	558.00
	1066.82	0.00	5.29	559.00
	1066.83	0.00	5.29	559.00
	1066.84	0.00	5.30	559.00
	1066.85	0.00	5.29	562.00
	1066.86	0.00	5.29	563.00
	1066.88	0.00	5.29	566.00
	1066.89	0.00	5.28	570.00
	1066.90	0.00	5.28	574.00
	1066.91	0.00	5.27	577.00
	1066.92	0.00	5.26	578.00
	1066.93	0.00	5.26	580.00
	1066.94	0.00	5.26	582.00
	1066.96	0.00	5.24	581.00
	1066.97	0.00	5.24	581.00
	1066.98	0.00	5.24	581.00
	1066.99	0.00	5.24	580.00
	1067.00	0.00	5.24	580.00
	1067.02	0.00	5.24	580.00
	1067.03	0.00	5.24	580.00
	1067.04	0.00	5.24	580.00
	1067.05	0.00	5.25	579.00
	1067.06	0.00	5.24	578.00
	1067.07	0.00	5.25	577.00
	1067.08	0.00	5.25	576.00
	1067.10	0.00	5.25	576.00
	1067.11	0.00	5.25	577.00
	1067.12	0.00	5.25	576.00
	1067.13	0.00	5.26	576.00
	1067.14	0.00	5.25	576.00
	1067.15	0.00	5.26	574.00
	1067.16	0.00	5.25	574.00
	1067.18	0.00	5.25	572.00
	1067.19	0.00	5.25	571.00
	1067.20	0.00	5.25	570.00
	1067.21	0.00	5.26	568.00
	1067.22	0.00	5.26	567.00
	1067.23	0.00	5.26	564.00
	1067.25	0.00	5.27	561.00
	1067.26	0.00	5.27	559.00
	1067.27	0.00	5.27	559.00
	1067.28	0.00	5.27	559.00
	1067.29	0.00	5.27	558.00
	1067.30	0.00	5.26	555.00
	1067.31	0.00	5.28	556.00
	1067.33	0.00	5.26	553.00
	1067.34	0.00	5.26	554.00
	1067.35	0.00	5.26	553.00
	1067.36	0.00	5.26	553.00
	1067.37	0.00	5.26	553.00
	1067.38	0.00	5.26	551.00
	1067.40	0.00	5.26	551.00
	1067.41	0.00	5.26	551.00
	1067.42	0.00	5.26	551.00
	1067.43	0.00	5.26	551.00
	1067.44	0.00	5.26	551.00
	1067.45	0.00	5.26	551.00
	1067.46	0.00	5.26	551.00
	1067.48	0.00	5.26	552.00
	1067.49	0.00	5.26	552.00
	1067.50	0.00	5.25	555.00
	1067.51	0.00	5.25	555.00
	1067.52	0.00	5.25	557.00
	1067.53	0.00	5.25	559.00
	1067.55	0.00	5.25	563.00
	1067.56	0.00	5.24	565.00
	1067.57	0.00	5.24	568.00
	1067.58	0.00	5.24	569.00
	1067.59	0.00	5.24	571.00
	1067.60	0.00	5.23	573.00
	1067.61	0.00	5.23	574.00
	1067.63	0.00	5.24	576.00
	1067.64	0.00	5.23	576.00
	1067.65	0.00	5.23	576.00
	1067.66	0.00	5.23	577.00
	1067.67	0.00	5.23	577.00
	1067.68	0.00	5.23	577.00
	1067.70	0.00	5.23	575.00
	1067.71	0.00	5.24	572.00
	1067.72	0.00	5.23	571.00
	1067.73	0.00	5.24	568.00
	1067.74	0.00	5.25	566.00
	1067.75	0.00	5.25	563.00
	1067.76	0.00	5.25	561.00
	1067.78	0.00	5.26	558.00
	1067.79	0.00	5.26	556.00
	1067.80	0.00	5.27	555.00
	1067.81	0.00	5.27	552.00
	1067.82	0.00	5.27	550.00
	1067.83	0.00	5.27	549.00
	1067.84	0.00	5.28	546.00
	1067.86	0.00	5.27	545.00
	1067.87	0.00	5.29	542.00
	1067.88	0.00	5.30	538.00
	1067.89	0.00	5.29	533.00
	1067.90	0.00	5.31	531.00
	1067.91	0.00	5.32	526.00
	1067.93	0.00	5.32	522.00
	1067.94	0.00	5.33	518.00
	1067.95	0.00	5.35	514.00
	1067.96	0.00	5.35	507.00
	1067.97	0.00	5.36	502.00
	1067.98	0.00	5.36	496.00
	1068.00	0.00	5.37	490.00
	1068.01	0.00	5.40	489.00
	1068.02	0.00	5.39	485.00
	1068.03	0.00	5.41	483.00
	1068.04	0.00	5.41	482.00
	1068.05	0.00	5.42	482.00
	1068.06	0.00	5.43	480.00
	1068.08	0.00	5.43	481.00
	1068.09	0.00	5.43	481.00
	1068.10	0.00	5.42	482.00
	1068.11	0.00	5.42	483.00
	1068.12	0.00	5.42	483.00
	1068.13	0.00	5.42	483.00
	1068.14	0.00	5.43	483.00
	1068.16	0.00	5.42	484.00
	1068.17	0.00	5.42	483.00
	1068.18	0.00	5.43	481.00
	1068.19	0.00	5.43	481.00
	1068.20	0.00	5.42	481.00
	1068.21	0.00	5.43	481.00
	1068.22	0.00	5.43	481.00
	1068.24	0.00	5.43	479.00
	1068.25	0.00	5.43	478.00
	1068.26	0.00	5.42	478.00
	1068.27	0.00	5.43	477.00
	1068.28	0.00	5.43	477.00
	1068.29	0.00	5.43	476.00
	1068.31	0.00	5.43	476.00
	1068.32	0.00	5.44	475.00
	1068.33	0.00	5.44	474.00
	1068.34	0.00	5.44	473.00
	1068.35	0.00	5.44	472.00
	1068.36	0.00	5.44	470.00
	1068.37	0.00	5.45	468.00
	1068.39	0.00	5.43	466.00
	1068.40	0.00	5.43	465.00
	1068.41	0.00	5.43	465.00
	1068.42	0.00	5.43	464.00
	1068.43	0.00	5.43	462.00
	1068.44	0.00	5.44	459.00
	1068.45	0.00	5.45	459.00
	1068.47	0.00	5.44	457.00
	1068.48	0.00	5.46	455.00
	1068.49	0.00	5.45	454.00
	1068.50	0.00	5.45	451.00
	1068.51	0.00	5.45	450.00
	1068.52	0.00	5.45	447.00
	1068.54	0.00	5.46	446.00
	1068.55	0.00	5.46	445.00
	1068.56	0.00	5.46	444.00
	1068.57	0.00	5.44	443.00
	1068.58	0.00	5.44	441.00
	1068.59	0.00	5.44	438.00
	1068.60	0.00	5.45	436.00
	1068.61	0.00	5.45	434.00
	1068.63	0.00	5.45	433.00
	1068.64	0.00	5.46	431.00
	1068.65	0.00	5.46	430.00
	1068.66	0.00	5.46	430.00
	1068.67	0.00	5.46	430.00
	1068.68	0.00	5.47	429.00
	1068.70	0.00	5.47	427.00
	1068.71	0.00	5.47	426.00
	1068.72	0.00	5.47	426.00
	1068.73	0.00	5.47	426.00
	1068.74	0.00	5.48	423.00
	1068.75	0.00	5.47	423.00
	1068.77	0.00	5.48	421.00
	1068.78	0.00	5.48	421.00
	1068.79	0.00	5.49	420.00
	1068.80	0.00	5.49	418.00
	1068.81	0.00	5.49	418.00
	1068.82	0.00	5.49	416.00
	1068.83	0.00	5.49	416.00
	1068.85	0.00	5.49	415.00
	1068.86	0.00	5.49	416.00
	1068.87	0.00	5.50	415.00
	1068.88	0.00	5.49	416.00
	1068.89	0.00	5.49	416.00
	1068.90	0.00	5.48	416.00
	1068.92	0.00	5.49	416.00
	1068.93	0.00	5.49	415.00
	1068.94	0.00	5.49	416.00
	1068.95	0.00	5.49	416.00
	1068.96	0.00	5.49	416.00
	1068.97	0.00	5.49	416.00
	1068.99	0.00	5.49	416.00
	1069.00	0.00	5.49	417.00
	1069.01	0.00	5.48	418.00
	1069.02	0.00	5.49	418.00
	1069.03	0.00	5.49	418.00
	1069.04	0.00	5.49	418.00
	1069.06	0.00	5.49	418.00
	1069.07	0.00	5.48	418.00
	1069.08	0.00	5.49	418.00
	1069.09	0.00	5.49	418.00
	1069.10	0.00	5.48	418.00
	1069.11	0.00	5.49	418.00
	1069.12	0.00	5.50	419.00
	1069.14	0.00	5.48	418.00
	1069.15	0.00	5.48	418.00
	1069.16	0.00	5.49	416.00
	1069.17	0.00	5.49	415.00
	1069.18	0.00	5.50	414.00
	1069.19	0.00	5.50	414.00
	1069.20	0.00	5.51	411.00
	1069.22	0.00	5.52	412.00
	1069.23	0.00	5.53	410.00
	1069.24	0.00	5.53	408.00
	1069.25	0.00	5.55	405.00
	1069.26	0.00	5.55	405.00
	1069.27	0.00	5.56	401.00
	1069.29	0.00	5.56	400.00
	1069.30	0.00	5.56	401.00
	1069.31	0.00	5.56	399.00
	1069.32	0.00	5.57	397.00
	1069.33	0.00	5.57	397.00
	1069.34	0.00	5.57	396.00
	1069.35	0.00	5.57	397.00
	1069.37	0.00	5.56	398.00
	1069.38	0.00	5.56	398.00
	1069.39	0.00	5.57	397.00
	1069.40	0.00	5.57	396.00
	1069.41	0.00	5.57	396.00
	1069.42	0.00	5.57	396.00
	1069.44	0.00	5.56	396.00
	1069.45	0.00	5.56	396.00
	1069.46	0.00	5.57	395.00
	1069.47	0.00	5.57	395.00
	1069.48	0.00	5.56	396.00
	1069.49	0.00	5.57	395.00
	1069.51	0.00	5.57	396.00
	1069.52	0.00	5.57	396.00
	1069.53	0.00	5.58	398.00
	1069.54	0.00	5.56	399.00
	1069.55	0.00	5.58	399.00
	1069.56	0.00	5.60	401.00
	1069.57	0.00	5.59	402.00
	1069.58	0.00	5.59	403.00
	1069.60	0.00	5.59	404.00
	1069.61	0.00	5.59	405.00
	1069.62	0.00	5.59	405.00
	1069.63	0.00	5.59	405.00
	1069.64	0.00	5.59	405.00
	1069.66	0.00	5.59	404.00
	1069.67	0.00	5.59	404.00
	1069.68	0.00	5.59	404.00
	1069.69	0.00	5.59	404.00
	1069.70	0.00	5.59	404.00
	1069.71	0.00	5.61	406.00
	1069.72	0.00	5.58	407.00
	1069.73	0.00	5.59	406.00
	1069.75	0.00	5.58	407.00
	1069.76	0.00	5.58	408.00
	1069.77	0.00	5.58	410.00
	1069.78	0.00	5.58	410.00
	1069.79	0.00	5.58	410.00
	1069.80	0.00	5.57	411.00
	1069.82	0.00	5.59	411.00
	1069.83	0.00	5.58	410.00
	1069.84	0.00	5.58	410.00
	1069.85	0.00	5.58	410.00
	1069.86	0.00	5.58	410.00
	1069.87	0.00	5.58	410.00
	1069.89	0.00	5.58	410.00
	1069.90	0.00	5.58	410.00
	1069.91	0.00	5.59	411.00
	1069.92	0.00	5.58	410.00
	1069.93	0.00	5.57	412.00
	1069.94	0.00	5.57	412.00
	1069.95	0.00	5.57	414.00
	1069.97	0.00	5.56	415.00
	1069.98	0.00	5.53	416.00
	1069.99	0.00	5.54	416.00
	1070.00	0.00	5.53	419.00
	1070.01	0.00	5.52	420.00
	1070.02	0.00	5.52	421.00
	1070.04	0.00	5.52	422.00
	1070.05	0.00	5.52	423.00
	1070.06	0.00	5.52	422.00
	1070.07	0.00	5.51	425.00
	1070.08	0.00	5.52	424.00
	1070.09	0.00	5.53	424.00
	1070.10	0.00	5.53	425.00
	1070.11	0.00	5.51	425.00
	1070.13	0.00	5.51	424.00
	1070.14	0.00	5.52	424.00
	1070.15	0.00	5.52	426.00
	1070.16	0.00	5.51	425.00
	1070.17	0.00	5.50	427.00
	1070.19	0.00	5.50	428.00
	1070.20	0.00	5.50	428.00
	1070.21	0.00	5.50	427.00
	1070.22	0.00	5.48	427.00
	1070.23	0.00	5.49	425.00
	1070.24	0.00	5.48	425.00
	1070.25	0.00	5.48	426.00
	1070.27	0.00	5.48	426.00
	1070.28	0.00	5.48	426.00
	1070.29	0.00	5.48	425.00
	1070.30	0.00	5.48	425.00
	1070.31	0.00	5.48	425.00
	1070.32	0.00	5.49	426.00
	1070.33	0.00	5.48	426.00
	1070.35	0.00	5.48	425.00
	1070.36	0.00	5.48	425.00
	1070.37	0.00	5.49	425.00
	1070.38	0.00	5.49	426.00
	1070.39	0.00	5.49	426.00
	1070.40	0.00	5.48	427.00
	1070.42	0.00	5.48	427.00
	1070.43	0.00	5.48	427.00
	1070.44	0.00	5.49	426.00
	1070.45	0.00	5.49	426.00
	1070.46	0.00	5.49	425.00
	1070.47	0.00	5.49	425.00
	1070.48	0.00	5.49	425.00
	1070.50	0.00	5.49	425.00
	1070.51	0.00	5.48	425.00
	1070.52	0.00	5.48	425.00
	1070.53	0.00	5.49	425.00
	1070.54	0.00	5.49	425.00
	1070.55	0.00	5.49	425.00
	1070.56	0.00	5.48	424.00
	1070.58	0.00	5.49	424.00
	1070.59	0.00	5.49	423.00
	1070.60	0.00	5.50	424.00
	1070.61	0.00	5.50	422.00
	1070.62	0.00	5.50	422.00
	1070.64	0.00	5.50	422.00
	1070.65	0.00	5.50	422.00
	1070.66	0.00	5.50	422.00
	1070.67	0.00	5.52	423.00
	1070.68	0.00	5.52	423.00
	1070.69	0.00	5.51	421.00
	1070.70	0.00	5.53	422.00
	1070.71	0.00	5.51	421.00
	1070.73	0.00	5.51	421.00
	1070.74	0.00	5.53	423.00
	1070.75	0.00	5.51	421.00
	1070.76	0.00	5.51	420.00
	1070.77	0.00	5.53	420.00
	1070.78	0.00	5.52	417.00
	1070.80	0.00	5.52	417.00
	1070.81	0.00	5.53	418.00
	1070.82	0.00	5.53	418.00
	1070.83	0.00	5.52	416.00
	1070.84	0.00	5.52	415.00
	1070.85	0.00	5.53	416.00
	1070.86	0.00	5.53	415.00
	1070.88	0.00	5.54	417.00
	1070.89	0.00	5.55	417.00
	1070.90	0.00	5.56	418.00
	1070.91	0.00	5.56	418.00
	1070.92	0.00	5.57	416.00
	1070.93	0.00	5.58	414.00
	1070.95	0.00	5.57	414.00
	1070.96	0.00	5.57	414.00
	1070.97	0.00	5.57	415.00
	1070.98	0.00	5.56	416.00
	1070.99	0.00	5.56	416.00
	1071.00	0.00	5.56	416.00
	1071.01	0.00	5.56	416.00
	1071.03	0.00	5.56	416.00
	1071.04	0.00	5.57	415.00
	1071.05	0.00	5.57	415.00
	1071.06	0.00	5.57	415.00
	1071.07	0.00	5.57	415.00
	1071.08	0.00	5.57	414.00
	1071.09	0.00	5.59	415.00
	1071.11	0.00	5.57	415.00
	1071.12	0.00	5.58	416.00
	1071.13	0.00	5.57	413.00
	1071.14	0.00	5.57	413.00
	1071.15	0.00	5.59	414.00
	1071.16	0.00	5.58	412.00
	1071.18	0.00	5.59	412.00
	1071.19	0.00	5.60	410.00
	1071.20	0.00	5.60	410.00
	1071.21	0.00	5.58	409.00
	1071.22	0.00	5.60	409.00
	1071.23	0.00	5.58	408.00
	1071.25	0.00	5.60	411.00
	1071.26	0.00	5.59	408.00
	1071.27	0.00	5.58	409.00
	1071.28	0.00	5.58	409.00
	1071.29	0.00	5.57	409.00
	1071.30	0.00	5.57	410.00
	1071.31	0.00	5.57	409.00
	1071.33	0.00	5.58	408.00
	1071.34	0.00	5.57	409.00
	1071.35	0.00	5.55	408.00
	1071.36	0.00	5.55	408.00
	1071.37	0.00	5.56	408.00
	1071.38	0.00	5.56	406.00
	1071.40	0.00	5.58	408.00
	1071.41	0.00	5.56	408.00
	1071.42	0.00	5.55	407.00
	1071.43	0.00	5.55	408.00
	1071.44	0.00	5.56	407.00
	1071.45	0.00	5.56	406.00
	1071.46	0.00	5.55	406.00
	1071.47	0.00	5.56	407.00
	1071.49	0.00	5.57	407.00
	1071.50	0.00	5.57	406.00
	1071.51	0.00	5.58	406.00
	1071.52	0.00	5.58	409.00
	1071.53	0.00	5.57	408.00
	1071.55	0.00	5.58	407.00
	1071.56	0.00	5.57	408.00
	1071.57	0.00	5.57	408.00
	1071.58	0.00	5.55	408.00
	1071.59	0.00	5.56	408.00
	1071.60	0.00	5.55	408.00
	1071.61	0.00	5.55	409.00
	1071.63	0.00	5.55	408.00
	1071.64	1.00	5.55	407.00
	1071.65	1.00	5.52	406.00
	1071.66	1.00	5.53	408.00
	1071.67	1.00	5.54	406.00
	1071.68	1.00	5.54	407.00
	1071.69	1.00	5.53	408.00
	1071.71	1.00	5.54	407.00
	1071.72	1.00	5.54	407.00
	1071.73	1.00	5.53	405.00
	1071.74	1.00	5.54	407.00
	1071.75	1.00	5.54	406.00
	1071.76	1.00	5.53	405.00
	1071.78	1.00	5.52	404.00
	1071.79	1.00	5.53	404.00
	1071.80	1.00	5.55	404.00
	1071.81	1.00	5.53	403.00
	1071.82	1.00	5.53	403.00
	1071.83	1.00	5.53	403.00
	1071.84	1.00	5.53	403.00
	1071.86	1.00	5.54	402.00
	1071.87	1.00	5.54	402.00
	1071.88	1.00	5.53	401.00
	1071.89	1.00	5.53	400.00
	1071.90	1.00	5.54	399.00
	1071.92	1.00	5.54	399.00
	1071.93	1.00	5.55	399.00
	1071.94	1.00	5.54	396.00
	1071.95	1.00	5.54	397.00
	1071.96	1.00	5.55	395.00
	1071.97	1.00	5.55	395.00
	1071.98	1.00	5.56	394.00
	1072.00	0.00	5.55	394.00
	1072.01	0.00	5.56	392.00
	1072.02	0.00	5.58	394.00
	1072.03	0.00	5.59	394.00
	1072.04	0.00	5.59	392.00
	1072.05	0.00	5.59	393.00
	1072.06	0.00	5.59	392.00
	1072.08	0.00	5.59	393.00
	1072.09	0.00	5.59	394.00
	1072.10	0.00	5.59	393.00
	1072.11	0.00	5.59	393.00
	1072.12	0.00	5.59	393.00
	1072.13	0.00	5.59	393.00
	1072.15	0.00	5.59	393.00
	1072.16	0.00	5.59	393.00
	1072.17	0.00	5.59	393.00
	1072.18	0.00	5.59	393.00
	1072.19	0.00	5.59	393.00
	1072.20	0.00	5.59	393.00
	1072.21	0.00	5.59	393.00
	1072.23	0.00	5.59	392.00
	1072.24	0.00	5.58	395.00
	1072.25	0.00	5.59	395.00
	1072.26	0.00	5.56	395.00
	1072.27	0.00	5.58	396.00
	1072.28	0.00	5.59	395.00
	1072.30	0.00	5.59	396.00
	1072.31	0.00	5.59	397.00
	1072.32	0.00	5.59	397.00
	1072.33	0.00	5.61	397.00
	1072.34	0.00	5.62	398.00
	1072.35	0.00	5.59	397.00
	1072.36	0.00	5.61	398.00
	1072.38	0.00	5.61	399.00
	1072.39	0.00	5.61	400.00
	1072.40	0.00	5.60	400.00
	1072.41	0.00	5.62	403.00
	1072.42	0.00	5.60	402.00
	1072.43	0.00	5.59	404.00
	1072.44	0.00	5.61	405.00
	1072.46	0.00	5.60	406.00
	1072.47	0.00	5.59	407.00
	1072.48	0.00	5.59	409.00
	1072.49	0.00	5.58	412.00
	1072.50	0.00	5.58	412.00
	1072.52	0.00	5.59	415.00
	1072.53	0.00	5.58	416.00
	1072.54	0.00	5.58	416.00
	1072.55	0.00	5.58	416.00
	1072.56	0.00	5.56	417.00
	1072.57	0.00	5.57	416.00
	1072.58	0.00	5.56	417.00
	1072.59	0.00	5.56	417.00
	1072.61	0.00	5.56	418.00
	1072.62	0.00	5.56	419.00
	1072.63	0.00	5.57	420.00
	1072.64	0.00	5.56	419.00
	1072.65	0.00	5.55	420.00
	1072.66	0.00	5.57	421.00
	1072.68	0.00	5.58	421.00
	1072.69	0.00	5.57	421.00
	1072.70	0.00	5.55	420.00
	1072.71	0.00	5.55	420.00
	1072.72	0.00	5.56	420.00
	1072.73	0.00	5.54	421.00
	1072.75	0.00	5.55	420.00
	1072.76	0.00	5.55	420.00
	1072.77	0.00	5.55	420.00
	1072.78	0.00	5.55	421.00
	1072.79	0.00	5.52	421.00
	1072.80	0.00	5.52	421.00
	1072.81	0.00	5.53	420.00
	1072.83	0.00	5.53	419.00
	1072.84	0.00	5.53	418.00
	1072.85	0.00	5.53	418.00
	1072.86	0.00	5.53	418.00
	1072.87	0.00	5.53	418.00
	1072.88	0.00	5.53	418.00
	1072.89	0.00	5.53	418.00
	1072.91	0.00	5.53	418.00
	1072.92	0.00	5.55	419.00
	1072.93	0.00	5.53	418.00
	1072.94	0.00	5.54	418.00
	1072.95	0.00	5.54	421.00
	1072.96	0.00	5.53	420.00
	1072.97	0.00	5.54	421.00
	1072.99	0.00	5.53	419.00
	1073.00	0.00	5.52	421.00
	1073.01	0.00	5.52	422.00
	1073.02	0.00	5.51	422.00
	1073.03	0.00	5.49	422.00
	1073.05	0.00	5.49	422.00
	1073.06	0.00	5.49	422.00
	1073.07	0.00	5.49	421.00
	1073.08	0.00	5.49	421.00
	1073.09	0.00	5.50	420.00
	1073.10	0.00	5.49	421.00
	1073.11	0.00	5.50	421.00
	1073.13	0.00	5.49	422.00
	1073.14	0.00	5.49	421.00
	1073.15	0.00	5.49	424.00
	1073.16	0.00	5.48	424.00
	1073.17	0.00	5.48	424.00
	1073.18	0.00	5.48	424.00
	1073.19	0.00	5.48	425.00
	1073.21	0.00	5.48	425.00
	1073.22	0.00	5.48	426.00
	1073.23	0.00	5.48	426.00
	1073.24	0.00	5.48	425.00
	1073.25	0.00	5.48	426.00
	1073.26	0.00	5.48	427.00
	1073.27	0.00	5.48	427.00
	1073.29	0.00	5.48	427.00
	1073.30	0.00	5.48	427.00
	1073.31	0.00	5.47	428.00
	1073.32	0.00	5.48	426.00
	1073.33	0.00	5.48	427.00
	1073.34	0.00	5.49	426.00
	1073.35	0.00	5.49	426.00
	1073.37	0.00	5.50	425.00
	1073.38	0.00	5.52	426.00
	1073.39	0.00	5.52	425.00
	1073.40	0.00	5.52	426.00
	1073.41	0.00	5.52	427.00
	1073.42	0.00	5.50	426.00
	1073.44	0.00	5.50	426.00
	1073.45	0.00	5.52	427.00
	1073.46	0.00	5.50	427.00
	1073.47	0.00	5.52	426.00
	1073.48	0.00	5.51	426.00
	1073.49	0.00	5.50	424.00
	1073.51	0.00	5.52	424.00
	1073.52	0.00	5.52	424.00
	1073.53	0.00	5.53	423.00
	1073.54	0.00	5.52	420.00
	1073.55	0.00	5.52	419.00
	1073.56	0.00	5.52	419.00
	1073.57	0.00	5.52	417.00
	1073.59	0.00	5.55	419.00
	1073.60	0.00	5.57	418.00
	1073.61	0.00	5.57	418.00
	1073.62	0.00	5.57	417.00
	1073.63	0.00	5.57	418.00
	1073.64	0.00	5.56	419.00
	1073.65	0.00	5.56	419.00
	1073.67	0.00	5.56	420.00
	1073.68	0.00	5.56	419.00
	1073.69	0.00	5.56	419.00
	1073.70	0.00	5.57	418.00
	1073.71	0.00	5.57	418.00
	1073.72	0.00	5.58	418.00
	1073.73	0.00	5.57	416.00
	1073.75	0.00	5.57	416.00
5.60	413.00
	1073.86	0.00	5.58	411.00
	1073.87	0.00	5.58	412.00
	1073.88	0.00	5.58	412.00
	1073.90	0.00	5.58	412.00
	1073.91	0.00	5.58	412.00
	1073.92	0.00	5.58	412.00
	1073.93	0.00	5.58	412.00
	1073.94	0.00	5.58	412.00
	1073.95	0.00	5.58	411.00
	1073.97	0.00	5.58	412.00
	1073.98	0.00	5.58	412.00
	1073.99	0.00	5.58	412.00
	1074.00	0.00	5.58	412.00
	1074.01	0.00	5.56	413.00
	1074.02	0.00	5.54	413.00
	1074.03	0.00	5.54	414.00
	1074.05	0.00	5.54	413.00
	1074.06	0.00	5.54	413.00
	1074.07	0.00	5.54	413.00
	1074.08	0.00	5.54	413.00
	1074.09	0.00	5.54	414.00
	1074.10	0.00	5.55	413.00
	1074.11	0.00	5.55	413.00
	1074.13	0.00	5.55	413.00
	1074.14	0.00	5.55	412.00
	1074.15	0.00	5.55	413.00
	1074.16	0.00	5.55	413.00
	1074.17	0.00	5.55	410.00
	1074.19	0.00	5.55	411.00
	1074.20	0.00	5.55	410.00
	1074.21	0.00	5.55	410.00
	1074.22	0.00	5.56	409.00
	1074.23	0.00	5.56	408.00
	1074.24	0.00	5.56	409.00
	1074.25	0.00	5.56	408.00
	1074.27	0.00	5.56	407.00
	1074.28	0.00	5.56	408.00
	1074.29	0.00	5.56	406.00
	1074.30	0.00	5.56	406.00
	1074.31	0.00	5.58	406.00
	1074.32	0.00	5.58	405.00
	1074.33	0.00	5.58	405.00
	1074.35	0.00	5.58	407.00
	1074.36	0.00	5.56	407.00
	1074.37	0.00	5.56	406.00
	1074.38	0.00	5.55	406.00
	1074.39	0.00	5.53	405.00
	1074.40	0.00	5.53	405.00
	1074.42	0.00	5.53	404.00
	1074.43	0.00	5.54	405.00
	1074.44	0.00	5.53	404.00
	1074.45	0.00	5.53	404.00
	1074.46	0.00	5.53	404.00
	1074.47	0.00	5.53	404.00
	1074.48	0.00	5.53	404.00
	1074.50	0.00	5.53	404.00
	1074.51	0.00	5.53	404.00
	1074.52	0.00	5.53	405.00
	1074.53	0.00	5.53	405.00
	1074.54	0.00	5.53	405.00
	1074.55	0.00	5.53	405.00
	1074.57	0.00	5.53	405.00
	1074.58	0.00	5.54	405.00
	1074.59	0.00	5.54	405.00
	1074.60	0.00	5.54	405.00
	1074.61	0.00	5.53	407.00
	1074.62	0.00	5.53	406.00
	1074.64	0.00	5.53	407.00
	1074.65	0.00	5.53	408.00
	1074.66	0.00	5.53	409.00
	1074.67	0.00	5.52	410.00
	1074.68	0.00	5.52	410.00
	1074.69	0.00	5.51	411.00
	1074.70	0.00	5.53	411.00
	1074.72	0.00	5.52	413.00
	1074.73	0.00	5.51	415.00
	1074.74	0.00	5.50	417.00
	1074.75	0.00	5.49	421.00
	1074.76	0.00	5.49	422.00
	1074.77	0.00	5.49	423.00
	1074.79	0.00	5.48	424.00
	1074.80	0.00	5.49	423.00
	1074.81	0.00	5.49	423.00
	1074.82	0.00	5.50	423.00
	1074.83	0.00	5.49	425.00
	1074.84	0.00	5.49	426.00
	1074.85	0.00	5.50	425.00
	1074.87	0.00	5.51	428.00
	1074.88	0.00	5.54	427.00
	1074.89	0.00	5.53	429.00
	1074.90	0.00	5.56	430.00
	1074.91	0.00	5.53	432.00
	1074.92	0.00	5.53	434.00
	1074.94	0.00	5.55	437.00
	1074.95	0.00	5.55	436.00
	1074.96	0.00	5.57	434.00
	1074.97	0.00	5.58	430.00
	1074.98	0.00	5.60	422.00
	1074.99	0.00	5.62	410.00
	1075.00	0.00	5.82	348.00
	1075.02	0.00	5.86	329.00
	1075.03	0.00	5.94	304.00
	1075.04	0.00	5.99	232.00
	1075.05	0.00	6.02	229.00
	1075.06	0.00	6.02	227.00
	1075.07	0.00	6.03	225.00
	1075.08	0.00	6.01	223.00
	1075.10	0.00	5.99	222.00
	1075.11	0.00	6.04	224.00
	1075.12	0.00	6.04	223.00
	1075.13	0.00	6.04	223.00
	1075.14	0.00	6.06	224.00
	1075.15	0.00	6.05	223.00
	1075.17	0.00	6.08	223.00
	1075.18	0.00	6.05	223.00
	1075.19	0.00	6.05	223.00
	1075.20	0.00	6.07	223.00
	1075.21	0.00	6.04	222.00
	1075.22	0.00	6.04	222.00
	1075.23	0.00	6.05	222.00
	1075.25	0.00	6.05	223.00
	1075.26	0.00	6.05	223.00
	1075.27	0.00	6.33	172.00
	1075.28	0.00	6.33	172.00
	1075.29	0.00	6.33	172.00
	1075.30	0.00	6.33	172.00
	1075.31	0.00	6.33	172.00
	1075.33	0.00	6.32	172.00
	1075.34	0.00	6.32	172.00
	1075.35	0.00	6.33	172.00
	1075.36	0.00	6.32	172.00
	1075.37	0.00	6.33	172.00
	1075.39	0.00	6.33	172.00
	1075.40	0.00	6.33	172.00
	1075.41	0.00	6.32	172.00
	1075.42	0.00	6.34	172.00
	1075.43	0.00	6.34	172.00
	1075.44	0.00	6.33	172.00
	1075.45	0.00	6.33	171.00
	1075.47	0.00	6.32	171.00
	1075.48	0.00	6.24	170.00
	1075.49	0.00	6.26	170.00
	1075.50	0.00	6.26	170.00
	1075.51	0.00	5.95	220.00
	1075.52	0.00	5.95	220.00
	1075.53	0.00	5.97	220.00
	1075.55	0.00	5.95	220.00
	1075.56	0.00	5.95	220.00
	1075.57	0.00	6.24	170.00
	1075.58	0.00	6.26	170.00
	1075.59	0.00	6.01	221.00
	1075.60	0.00	5.97	231.00
	1075.61	0.00	5.84	301.00
	1075.63	0.00	5.43	384.00
	1075.64	0.00	5.35	418.00
	1075.65	0.00	5.15	507.00
	1075.66	0.00	5.07	582.00
	1075.67	0.00	4.98	638.00
	1075.69	0.00	4.94	677.00
	1075.70	0.00	4.92	708.00
	1075.71	0.00	4.90	747.00
	1075.72	0.00	4.86	792.00
	1075.73	0.00	4.84	830.00
	1075.74	0.00	4.81	861.00
	1075.75	0.00	4.78	883.00
	1075.77	0.00	4.76	899.00
	1075.78	0.00	4.75	916.00
	1075.79	0.00	4.75	926.00
	1075.80	0.00	4.73	939.00
	1075.81	0.00	4.72	943.00
	1075.82	0.00	4.71	946.00
	1075.83	0.00	4.71	945.00
	1075.85	0.00	4.71	941.00
	1075.86	0.00	4.70	932.00
	1075.87	0.00	4.72	923.00
	1075.88	0.00	4.73	907.00
	1075.89	0.00	4.74	895.00
	1075.90	0.00	4.76	881.00
	1075.91	0.00	4.77	864.00
	1075.93	0.00	4.79	844.00
	1075.94	0.00	4.82	819.00
	1075.95	0.00	4.84	797.00
	1075.96	0.00	4.89	770.00
	1075.97	0.00	4.94	734.00
	1075.98	0.00	5.03	694.00
	1076.00	0.00	5.37	697.00
	1076.01	0.00	5.69	608.00
	1076.02	0.00	5.77	576.00
	1076.03	0.00	5.83	543.00
	1076.04	0.00	6.07	457.00
	1076.05	0.00	6.09	437.00
	1076.06	0.00	5.78	372.00
	1076.07	0.00	5.84	359.00
	1076.09	0.00	5.88	344.00
	1076.10	0.00	6.65	387.00
	1076.11	0.00	6.79	383.00
	1076.12	0.00	6.84	374.00
	1076.13	0.00	6.96	368.00
	1076.14	0.00	7.14	317.00
	1076.16	0.00	7.18	315.00
	1076.17	0.00	7.10	309.00
	1076.18	0.00	7.17	313.00
	1076.19	0.00	7.16	313.00
	1076.20	0.00	7.15	312.00
	1076.21	0.00	8.68	372.00
	1076.22	0.00	8.76	371.00
	1076.24	0.00	8.44	327.00
	1076.25	0.00	9.37	389.00
	1076.26	0.00	9.54	396.00
	1076.27	0.00	9.82	407.00
	1076.28	0.00	10.00	417.00
	1076.29	0.00	10.13	421.00
	1076.31	0.00	10.34	428.00
	1076.32	0.00	10.38	430.00
	1076.33	0.00	10.41	432.00
	1076.34	0.00	10.45	436.00
	1076.35	0.00	10.49	443.00
	1076.36	0.00	10.50	453.00
	1076.38	0.00	10.98	411.00
	1076.39	0.00	10.22	443.00
	1076.40	0.00	9.81	410.00
	1076.41	0.00	9.18	365.00
	1076.42	0.00	6.13	171.00
	1076.43	0.00	6.18	171.00
	1076.44	0.00	5.91	222.00
	1076.46	0.00	6.03	223.00
	1076.47	0.00	5.97	221.00
	1076.48	0.00	5.98	221.00
	1076.49	0.00	5.94	219.00
	1076.50	0.00	5.99	222.00
	1076.51	0.00	5.98	222.00
	1076.53	0.00	5.99	222.00
	1076.54	0.00	6.00	222.00
	1076.55	0.00	5.99	222.00
	1076.56	0.00	5.99	222.00
	1076.57	0.00	6.00	222.00
	1076.58	0.00	5.99	222.00
	1076.59	0.00	5.99	222.00
	1076.61	0.00	5.99	222.00
	1076.62	0.00	5.99	222.00
	1076.63	0.00	6.00	221.00
	1076.64	0.00	5.99	221.00
	1076.65	0.00	5.99	221.00
	1076.66	0.00	5.99	222.00
	1076.68	0.00	5.99	222.00
	1076.69	0.00	6.00	222.00
	1076.70	0.00	6.00	222.00
	1076.71	0.00	6.00	222.00
	1076.72	0.00	6.02	222.00
	1076.73	0.00	5.95	221.00
	1076.75	0.00	5.96	221.00
	1076.76	0.00	5.95	221.00
	1076.77	0.00	5.97	220.00
	1076.78	0.00	5.94	221.00
	1076.79	0.00	5.94	220.00
	1076.80	0.00	6.23	170.00
	1076.81	0.00	6.23	170.00
	1076.83	0.00	6.25	171.00
	1076.84	0.00	5.95	221.00
	1076.85	0.00	6.25	171.00
	1076.86	0.00	5.96	222.00
	1076.87	0.00	5.97	222.00
	1076.88	0.00	5.97	223.00
	1076.90	0.00	5.95	237.00
	1076.91	0.00	5.26	399.00
	1076.92	0.00	4.84	544.00
	1076.93	0.00	4.67	699.00
	1076.94	0.00	4.65	787.00
	1076.95	0.00	4.64	873.00
	1076.96	0.00	4.67	916.00
	1076.97	0.00	4.68	942.00
	1076.99	0.00	4.71	964.00
	1077.00	0.00	4.71	982.00
	1077.01	0.00	4.72	984.00
	1077.02	0.00	4.74	971.00
	1077.03	0.00	4.77	952.00
	1077.05	0.00	4.77	931.00
	1077.06	0.00	4.81	898.00
	1077.07	0.00	4.88	850.00
	1077.08	0.00	5.10	741.00
	1077.09	0.00	5.16	679.00
	1077.10	0.00	5.24	615.00
	1077.11	0.00	5.33	550.00
	1077.13	0.00	5.40	497.00
	1077.14	0.00	5.49	447.00
	1077.15	0.00	5.55	412.00
	1077.16	0.00	5.77	338.00
	1077.17	0.00	5.78	325.00
	1077.18	0.00	5.80	311.00
	1077.19	0.00	5.84	298.00
	1077.21	0.00	5.92	241.00
	1077.22	0.00	5.94	239.00
	1077.23	0.00	5.96	236.00
	1077.24	0.00	5.96	235.00
	1077.25	0.00	6.00	237.00
	1077.26	0.00	6.00	237.00
	1077.28	0.00	6.02	237.00
	1077.29	0.00	6.00	237.00
	1077.30	0.00	6.03	238.00
	1077.31	0.00	6.03	238.00
	1077.32	0.00	6.30	188.00
	1077.33	0.00	6.05	239.00
	1077.34	0.00	6.04	239.00
	1077.36	0.00	6.29	188.00
	1077.37	0.00	6.29	188.00
	1077.38	0.00	7.99	238.00
	1077.39	0.00	8.07	241.00
	1077.40	0.00	8.19	245.00
	1077.41	0.00	8.40	253.00
	1077.43	0.00	8.47	255.00
	1077.44	0.00	8.52	256.00
	1077.45	0.00	8.63	260.00
	1077.46	0.00	8.64	260.00
	1077.47	0.00	9.42	309.00
	1077.48	0.00	9.26	302.00
	1077.49	0.00	9.16	299.00
	1077.51	0.00	9.29	311.00
	1077.52	0.00	9.26	313.00
	1077.53	0.00	9.52	332.00
	1077.54	0.00	9.51	329.00
	1077.55	0.00	7.86	256.00
	1077.56	0.00	7.56	236.00
	1077.57	0.00	6.15	171.00
	1077.59	0.00	6.16	169.00
	1077.60	0.00	6.24	170.00
	1077.61	0.00	6.28	169.00
	1077.62	0.00	6.24	169.00
	1077.63	0.00	6.26	169.00
	1077.64	0.00	6.21	168.00
	1077.66	0.00	6.22	168.00
	1077.67	0.00	6.18	167.00
	1077.68	0.00	6.17	166.00
	1077.69	0.00	6.29	171.00
	1077.70	0.00	6.29	171.00
	1077.71	0.00	6.27	170.00
	1077.72	0.00	6.28	170.00
	1077.74	0.00	6.27	170.00
	1077.75	0.00	6.26	170.00
	1077.76	0.00	6.27	170.00
	1077.77	0.00	6.26	169.00
	1077.78	0.00	6.28	170.00
	1077.79	0.00	6.27	171.00
	1077.81	0.00	6.27	171.00
	1077.82	0.00	6.28	171.00
	1077.83	0.00	6.27	171.00
	1077.84	0.00	6.28	171.00
	1077.85	0.00	6.28	171.00
	1077.86	0.00	6.28	171.00
	1077.88	0.00	6.29	172.00
	1077.89	0.00	6.30	172.00
	1077.90	0.00	6.28	171.00
	1077.91	0.00	6.28	171.00
	1077.92	0.00	6.27	171.00
	1077.93	0.00	6.27	171.00
	1077.94	0.00	6.28	172.00
	1077.95	0.00	6.25	171.00
	1077.97	0.00	6.29	172.00
	1077.98	0.00	6.32	172.00
	1077.99	0.00	6.29	171.00
	1078.00	0.00	6.29	171.00
	1078.01	0.00	6.25	171.00
	1078.03	0.00	6.23	170.00
	1078.04	0.00	5.95	223.00
	1078.05	0.00	5.89	241.00
	1078.06	0.00	5.14	434.00
	1078.07	0.00	4.77	624.00
	1078.08	0.00	4.64	752.00
	1078.09	0.00	4.60	890.00
	1078.11	0.00	4.62	966.00
	1078.12	0.00	4.64	996.00
	1078.13	0.00	4.66	1008.00
	1078.14	0.00	4.70	1007.00
	1078.15	0.00	4.72	1003.00
	1078.16	0.00	4.75	989.00
	1078.18	0.00	4.76	976.00
	1078.19	0.00	4.78	952.00
	1078.20	0.00	4.80	924.00
	1078.21	0.00	4.82	897.00
	1078.22	0.00	4.85	865.00
	1078.23	0.00	5.07	763.00
	1078.24	0.00	5.11	719.00
	1078.26	0.00	5.19	674.00
	1078.27	0.00	5.24	625.00
	1078.28	0.00	5.30	589.00
	1078.29	0.00	5.34	556.00
	1078.30	0.00	5.37	537.00
	1078.31	0.00	5.38	518.00
	1078.32	0.00	5.42	498.00
	1078.34	0.00	5.44	484.00
	1078.35	0.00	5.48	471.00
	1078.36	0.00	5.49	459.00
	1078.37	0.00	5.52	436.00
	1078.38	0.00	5.58	415.00
	1078.39	0.00	5.62	394.00
	1078.41	0.00	5.75	325.00
	1078.42	0.00	5.87	317.00
	1078.43	0.00	5.87	309.00
	1078.44	0.00	5.91	304.00
	1078.45	0.00	5.83	295.00
	1078.46	0.00	5.87	292.00
	1078.47	0.00	5.94	237.00
	1078.49	0.00	7.28	236.00
	1078.50	0.00	7.38	242.00
	1078.51	0.00	7.37	243.00
	1078.52	0.00	7.41	246.00
	1078.53	0.00	7.46	249.00
	1078.54	0.00	8.92	302.00
	1078.56	0.00	9.05	308.00
	1078.57	0.00	9.14	309.00
	1078.58	0.00	9.26	310.00
	1078.59	0.00	9.34	313.00
	1078.60	0.00	8.79	269.00
	1078.61	0.00	8.80	267.00
	1078.63	0.00	8.78	267.00
	1078.64	0.00	8.61	257.00
	1078.65	0.00	9.15	297.00
	1078.66	0.00	9.12	298.00
	1078.67	0.00	9.05	299.00
	1078.68	0.00	9.17	313.00
	1078.69	0.00	7.89	268.00
	1078.71	0.00	7.79	257.00
	1078.72	0.00	7.28	225.00
	1078.73	0.00	6.09	171.00
	1078.74	0.00	6.17	170.00
	1078.75	0.00	6.27	170.00
	1078.76	0.00	6.24	170.00
	1078.77	0.00	6.26	170.00
	1078.79	0.00	6.23	170.00
	1078.80	0.00	6.23	170.00
	1078.81	0.00	6.21	169.00
	1078.82	0.00	6.21	169.00
	1078.83	0.00	6.21	169.00
	1078.84	0.00	6.21	169.00
	1078.85	0.00	6.18	168.00
	1078.87	0.00	6.18	168.00
	1078.88	0.00	6.18	168.00
	1078.89	0.00	6.24	170.00
	1078.90	0.00	6.24	170.00
	1078.91	0.00	6.23	169.00
	1078.93	0.00	6.22	169.00
	1078.94	0.00	6.22	169.00
	1078.95	0.00	6.22	169.00
	1078.96	0.00	6.22	169.00
	1078.97	0.00	6.22	169.00
	1078.98	0.00	6.21	169.00
	1078.99	0.00	6.22	169.00
	1079.01	0.00	6.22	169.00
	1079.02	0.00	6.24	170.00
	1079.03	0.00	6.23	170.00
	1079.04	0.00	6.23	170.00
	1079.05	0.00	6.22	170.00
	1079.06	0.00	6.22	170.00
	1079.07	0.00	6.22	170.00
	1079.09	0.00	6.22	170.00
	1079.10	0.00	6.22	170.00
	1079.11	0.00	6.18	169.00
	1079.12	0.00	6.18	169.00
	1079.13	0.00	6.18	169.00
	1079.14	0.00	6.18	169.00
	1079.16	0.00	6.17	168.00
	1079.17	0.00	6.13	167.00
	1079.18	0.00	6.24	171.00
	1079.19	0.00	5.92	229.00
	1079.20	0.00	5.38	376.00
	1079.21	0.00	4.90	534.00
	1079.22	0.00	4.62	752.00
	1079.24	0.00	4.55	903.00
	1079.25	0.00	4.59	968.00
	1079.26	0.00	4.64	984.00
	1079.27	0.00	4.72	982.00
	1079.28	0.00	4.78	974.00
	1079.29	0.00	4.82	960.00
	1079.31	0.00	4.86	932.00
	1079.32	0.00	5.06	840.00
	1079.33	0.00	5.11	797.00
	1079.34	0.00	5.16	754.00
	1079.35	0.00	5.20	718.00
	1079.36	0.00	5.24	682.00
	1079.37	0.00	5.29	643.00
	1079.39	0.00	5.35	609.00
	1079.40	0.00	5.39	578.00
	1079.41	0.00	5.43	553.00
	1079.42	0.00	5.44	530.00
	1079.43	0.00	5.46	510.00
	1079.44	0.00	5.46	504.00
	1079.45	0.00	5.44	502.00
	1079.47	0.00	5.43	504.00
	1079.48	0.00	5.41	510.00
	1079.49	0.00	5.38	513.00
	1079.50	0.00	5.40	514.00
	1079.51	0.00	5.40	505.00
	1079.52	0.00	5.41	494.00
	1079.54	0.00	5.44	480.00
	1079.55	0.00	5.48	460.00
	1079.56	0.00	5.50	441.00
	1079.57	0.00	5.51	430.00
	1079.58	0.00	5.56	414.00
	1079.59	0.00	5.59	400.00
	1079.60	0.00	5.63	381.00
	1079.62	0.00	5.85	320.00
	1079.63	0.00	5.88	310.00
	1079.64	0.00	5.91	302.00
	1079.65	0.00	5.95	297.00
	1079.66	0.00	6.05	239.00
	1079.67	0.00	6.34	188.00
	1079.69	0.00	7.41	238.00
	1079.70	0.00	8.93	292.00
	1079.71	0.00	9.24	306.00
	1079.72	0.00	9.61	322.00
	1079.73	0.00	9.68	325.00
	1079.74	0.00	9.92	336.00
	1079.75	0.00	10.02	341.00
	1079.77	0.00	10.07	341.00
	1079.78	0.00	9.55	297.00
	1079.79	0.00	9.62	298.00
	1079.80	0.00	9.64	297.00
	1079.81	0.00	9.45	288.00
	1079.82	0.00	8.98	269.00
	1079.83	0.00	8.64	256.00
	1079.85	0.00	9.23	298.00
	1079.86	0.00	9.18	301.00
	1079.87	0.00	9.08	297.00
	1079.88	0.00	7.45	233.00
	1079.89	0.00	6.12	171.00
	1079.91	0.00	6.18	171.00
	1079.92	0.00	6.24	172.00
	1079.93	0.00	6.32	172.00
	1079.94	0.00	6.30	172.00
	1079.95	0.00	6.29	172.00
	1079.96	0.00	6.00	222.00
	1079.97	0.00	6.00	222.00
	1079.99	0.00	5.97	221.00
	1080.00	0.00	6.25	171.00
	1080.01	0.00	6.27	171.00
	1080.02	0.00	5.90	219.00
	1080.03	0.00	5.92	220.00
	1080.04	0.00	5.90	219.00
	1080.05	0.00	6.20	170.00
	1080.07	0.00	5.90	219.00
	1080.08	0.00	5.90	219.00
	1080.09	0.00	5.91	219.00
	1080.10	0.00	5.93	220.00
	1080.11	0.00	5.90	219.00
	1080.12	0.00	5.93	220.00
	1080.14	0.00	5.92	220.00
	1080.15	0.00	5.94	220.00
	1080.16	0.00	5.94	221.00
	1080.17	0.00	5.98	221.00
	1080.18	0.00	5.95	221.00
	1080.19	0.00	5.93	220.00
	1080.20	0.00	5.95	221.00
	1080.22	0.00	6.24	171.00
	1080.23	0.00	6.25	171.00
	1080.24	0.00	5.95	221.00
	1080.25	0.00	5.94	221.00
	1080.26	0.00	5.93	221.00
	1080.27	0.00	5.93	221.00
	1080.29	0.00	5.93	221.00
	1080.30	0.00	5.93	221.00
	1080.31	0.00	5.94	221.00
	1080.32	0.00	6.20	171.00
	1080.33	0.00	5.92	221.00
	1080.34	0.00	5.92	221.00
	1080.35	0.00	5.93	220.00
	1080.37	0.00	5.93	221.00
	1080.38	0.00	5.92	229.00
	1080.39	0.00	5.35	385.00
	1080.40	0.00	4.75	606.00
	1080.41	0.00	4.57	780.00
	1080.42	0.00	4.51	924.00
	1080.44	0.00	4.56	978.00
	1080.45	0.00	4.60	983.00
	1080.46	0.00	4.65	988.00
	1080.47	0.00	4.71	997.00
	1080.48	0.00	4.73	1008.00
	1080.49	0.00	4.75	1007.00
	1080.50	0.00	4.75	1001.00
	1080.52	0.00	4.78	985.00
	1080.53	0.00	4.80	959.00
	1080.54	0.00	4.85	917.00
	1080.55	0.00	5.05	825.00
	1080.56	0.00	5.10	781.00
	1080.57	0.00	5.14	739.00
	1080.58	0.00	5.18	696.00
	1080.60	0.00	5.23	658.00
	1080.61	0.00	5.27	627.00
	1080.62	0.00	5.31	592.00
	1080.63	0.00	5.34	565.00
	1080.64	0.00	5.38	536.00
	1080.65	0.00	5.41	509.00
	1080.67	0.00	5.44	485.00
	1080.68	0.00	5.46	466.00
	1080.69	0.00	5.48	455.00
	1080.70	0.00	5.47	447.00
	1080.71	0.00	5.48	445.00
	1080.72	0.00	5.47	441.00
	1080.73	0.00	5.55	445.00
	1080.75	0.00	5.58	439.00
	1080.76	0.00	5.57	434.00
	1080.77	0.00	5.59	434.00
	1080.78	0.00	5.59	433.00
	1080.79	0.00	5.58	436.00
	1080.80	0.00	5.57	449.00
	1080.81	0.00	5.55	455.00
	1080.83	0.00	5.55	464.00
	1080.84	0.00	5.53	468.00
	1080.85	0.00	5.55	456.00
	1080.86	0.00	5.61	433.00
	1080.87	0.00	5.69	397.00
	1080.89	0.00	7.43	374.00
	1080.90	0.00	8.43	421.00
	1080.91	0.00	9.19	373.00
	1080.92	0.00	9.87	341.00
	1080.93	0.00	10.29	365.00
	1080.94	0.00	10.63	382.00
	1080.95	0.00	10.97	398.00
	1080.97	0.00	11.39	415.00
	1080.98	0.00	11.72	429.00
	1080.99	0.00	11.87	433.00
	1081.00	0.00	11.46	383.00
	1081.01	0.00	11.49	380.00
	1081.02	0.00	11.36	370.00
	1081.04	0.00	11.03	352.00
	1081.05	0.00	11.11	382.00
	1081.06	0.00	10.58	355.00
	1081.07	0.00	10.15	339.00
	1081.08	0.00	9.91	327.00
	1081.09	0.00	9.51	306.00
	1081.10	0.00	7.96	223.00
	1081.12	0.00	6.18	172.00
	1081.13	0.00	6.19	172.00
	1081.14	0.00	6.28	172.00
	1081.15	0.00	6.29	171.00
	1081.16	0.00	6.29	171.00
	1081.17	0.00	6.29	172.00
	1081.19	0.00	6.30	172.00
	1081.20	0.00	6.29	172.00
	1081.21	0.00	6.29	172.00
	1081.22	0.00	6.30	172.00
	1081.23	0.00	6.32	172.00
	1081.24	0.00	6.33	172.00
	1081.25	0.00	6.27	171.00
	1081.27	0.00	6.24	170.00
	1081.28	0.00	6.24	170.00
	1081.29	0.00	6.23	170.00
	1081.30	0.00	6.22	170.00
	1081.31	0.00	6.23	170.00
	1081.32	0.00	6.23	170.00
	1081.33	0.00	6.25	171.00
	1081.35	0.00	6.23	170.00
	1081.36	0.00	6.23	170.00
	1081.37	0.00	6.24	170.00
	1081.38	0.00	6.23	170.00
	1081.39	0.00	6.25	171.00
	1081.40	0.00	6.27	171.00
	1081.42	0.00	6.26	172.00
	1081.43	0.00	6.28	173.00
	1081.44	0.00	6.26	172.00
	1081.45	0.00	6.26	172.00
	1081.46	0.00	6.26	172.00
	1081.47	0.00	6.26	172.00
	1081.48	0.00	6.26	172.00
	1081.50	0.00	6.28	172.00
	1081.51	0.00	6.27	171.00
	1081.52	0.00	6.22	171.00
	1081.53	0.00	6.24	171.00
	1081.54	0.00	6.20	171.00
	1081.55	0.00	6.20	171.00
	1081.57	0.00	6.24	172.00
	1081.58	0.00	6.23	172.00
	1081.59	0.00	5.94	228.00
	1081.60	0.00	5.45	361.00
	1081.61	0.00	4.96	521.00
	1081.62	0.00	4.73	673.00
	1081.64	0.00	4.64	801.00
	1081.65	0.00	4.64	880.00
	1081.66	0.00	4.68	918.00
	1081.67	0.00	4.74	918.00
	1081.68	0.00	4.83	915.00
	1081.69	0.00	4.87	901.00
	1081.70	0.00	5.05	837.00
	1081.71	0.00	5.05	825.00
	1081.73	0.00	5.08	806.00
	1081.74	0.00	5.10	778.00
	1081.75	0.00	5.13	755.00
	1081.76	0.00	5.13	732.00
	1081.77	0.00	5.17	710.00
	1081.78	0.00	5.20	674.00
	1081.80	0.00	5.26	637.00
	1081.81	0.00	5.29	602.00
	1081.82	0.00	5.36	564.00
	1081.83	0.00	5.40	536.00
	1081.84	0.00	5.45	505.00
	1081.85	0.00	5.52	476.00
	1081.86	0.00	5.57	451.00
	1081.88	0.00	5.60	430.00
	1081.89	0.00	5.63	416.00
	1081.90	0.00	5.69	400.00
	1081.91	0.00	5.89	341.00
	1081.92	0.00	5.91	337.00
	1081.93	0.00	5.91	334.00
	1081.95	0.00	5.89	331.00
	1081.96	0.00	5.90	327.00
	1081.97	0.00	5.91	321.00
	1081.98	0.00	5.93	318.00
	1081.99	0.00	5.96	314.00
	1082.00	0.00	5.96	311.00
	1082.01	0.00	5.98	308.00
	1082.03	0.00	6.00	304.00
	1082.04	0.00	5.98	301.00
	1082.05	0.00	6.03	300.00
	1082.06	0.00	6.01	298.00
	1082.07	0.00	6.00	295.00
	1082.08	0.00	6.07	243.00
	1082.09	0.00	6.35	191.00
	1082.10	0.00	6.47	196.00
	1082.12	0.00	6.46	196.00
	1082.13	0.00	6.50	198.00
	1082.14	0.00	6.50	198.00
	1082.15	0.00	6.50	199.00
	1082.16	0.00	6.47	197.00
	1082.18	0.00	8.26	252.00
	1082.19	0.00	8.34	254.00
	1082.20	0.00	8.41	255.00
	1082.21	0.00	8.51	257.00
	1082.22	0.00	8.79	267.00
	1082.23	0.00	8.82	267.00
	1082.24	0.00	8.79	265.00
	1082.26	0.00	8.76	261.00
	1082.27	0.00	8.64	256.00
	1082.28	0.00	8.28	243.00
	1082.29	0.00	8.07	235.00
	1082.30	0.00	6.13	178.00
	1082.31	0.00	6.12	176.00
	1082.32	0.00	6.20	175.00
	1082.34	0.00	6.23	176.00
	1082.35	0.00	6.25	175.00
	1082.36	0.00	6.30	174.00
	1082.37	0.00	6.28	173.00
	1082.38	0.00	6.28	173.00
	1082.39	0.00	6.28	173.00
	1082.41	0.00	6.28	173.00
	1082.42	0.00	6.30	173.00
	1082.43	0.00	6.30	173.00
	1082.44	0.00	6.31	173.00
	1082.45	0.00	6.34	173.00
	1082.46	0.00	6.35	173.00
	1082.47	0.00	6.35	173.00
	1082.49	0.00	6.34	173.00
	1082.50	0.00	6.23	171.00
	1082.51	0.00	6.24	171.00
	1082.52	0.00	6.24	171.00
	1082.53	0.00	6.25	171.00
	1082.54	0.00	6.24	171.00
	1082.56	0.00	6.24	171.00
	1082.57	0.00	6.24	171.00
	1082.58	0.00	6.24	171.00
	1082.59	0.00	6.28	172.00
	1082.60	0.00	6.29	173.00
	1082.61	0.00	6.28	173.00
	1082.63	0.00	6.29	173.00
	1082.64	0.00	6.29	173.00
	1082.65	0.00	6.28	173.00
	1082.66	0.00	6.29	173.00
	1082.67	0.00	6.28	172.00
	1082.68	0.00	6.29	172.00
	1082.69	0.00	6.24	172.00
	1082.70	0.00	6.20	171.00
	1082.72	0.00	6.20	171.00
	1082.73	0.00	6.20	171.00
	1082.74	0.00	6.22	171.00
	1082.75	0.00	6.20	171.00
	1082.76	0.00	6.22	171.00
	1082.77	0.00	6.23	171.00
	1082.79	0.00	6.26	172.00
	1082.80	0.00	5.99	224.00
	1082.81	0.00	5.86	287.00
	1082.82	0.00	5.38	389.00
	1082.83	0.00	5.07	521.00
	1082.84	0.00	4.94	619.00
	1082.85	0.00	4.86	714.00
	1082.87	0.00	4.85	766.00
	1082.88	0.00	4.84	799.00
	1082.89	0.00	4.85	810.00
	1082.90	0.00	4.88	806.00
	1082.91	0.00	4.90	799.00
	1082.93	0.00	4.94	778.00
	1082.94	0.00	5.16	711.00
	1082.95	0.00	5.18	694.00
	1082.96	0.00	5.19	676.00
	1082.97	0.00	5.22	657.00
	1082.98	0.00	5.24	636.00
	1082.99	0.00	5.28	615.00
	1083.00	0.00	5.32	582.00
	1083.02	0.00	5.36	561.00
	1083.03	0.00	5.41	527.00
	1083.04	0.00	5.47	500.00
	1083.05	0.00	5.49	480.00
	1083.06	0.00	5.51	464.00
	1083.07	0.00	5.52	457.00
	1083.08	0.00	5.51	450.00
	1083.10	0.00	5.49	448.00
	1083.11	0.00	5.49	448.00
	1083.12	0.00	5.51	447.00
	1083.13	0.00	5.50	447.00
	1083.14	0.00	5.49	445.00
	1083.15	0.00	5.51	440.00
	1083.17	0.00	5.51	438.00
	1083.18	0.00	5.53	435.00
	1083.19	0.00	5.52	428.00
	1083.20	0.00	5.55	426.00
	1083.21	0.00	5.56	421.00
	1083.22	0.00	5.58	416.00
	1083.23	0.00	5.59	404.00
	1083.25	0.00	5.63	384.00
	1083.26	0.00	5.84	321.00
	1083.27	0.00	5.85	312.00
	1083.28	0.00	5.86	308.00
	1083.29	0.00	6.81	351.00
	1083.30	0.00	6.82	345.00
	1083.31	0.00	7.14	289.00
	1083.33	0.00	7.41	242.00
	1083.34	0.00	7.45	244.00
	1083.35	0.00	7.43	244.00
	1083.36	0.00	7.48	246.00
	1083.37	0.00	7.50	248.00
	1083.38	0.00	7.50	248.00
	1083.40	0.00	7.51	249.00
	1083.41	0.00	7.46	246.00
	1083.42	0.00	7.44	245.00
	1083.43	0.00	7.37	240.00
	1083.44	0.00	6.30	189.00
	1083.45	0.00	6.31	189.00
	1083.46	0.00	6.34	189.00
	1083.48	0.00	6.32	188.00
	1083.49	0.00	6.32	188.00
	1083.50	0.00	6.32	187.00
	1083.51	0.00	6.25	183.00
	1083.52	0.00	6.20	181.00
	1083.53	0.00	6.17	179.00
	1083.55	0.00	6.20	179.00
	1083.56	0.00	6.22	178.00
	1083.57	0.00	6.23	177.00
	1083.58	0.00	6.22	176.00
	1083.59	0.00	6.22	175.00
	1083.60	0.00	6.22	174.00
	1083.61	0.00	6.27	174.00
	1083.63	0.00	6.30	174.00
	1083.64	0.00	6.29	174.00
	1083.65	0.00	6.30	174.00
	1083.66	0.00	6.29	174.00
	1083.67	0.00	6.31	174.00
	1083.68	0.00	6.30	173.00
	1083.70	0.00	6.31	173.00
	1083.71	0.00	6.34	173.00
	1083.72	0.00	6.24	172.00
	1083.73	0.00	6.24	172.00
	1083.74	0.00	6.24	172.00
	1083.75	0.00	6.25	172.00
	1083.76	0.00	6.25	172.00
	1083.78	0.00	6.24	172.00
	1083.79	0.00	6.24	172.00
	1083.80	0.00	6.23	171.00
	1083.81	0.00	6.22	170.00
	1083.82	0.00	6.26	172.00
	1083.83	0.00	6.25	172.00
	1083.84	0.00	6.28	173.00
	1083.86	0.00	6.26	173.00
	1083.87	0.00	6.26	173.00
	1083.88	0.00	6.26	173.00
	1083.89	0.00	6.28	173.00
	1083.90	0.00	6.28	173.00
	1083.91	0.00	6.19	171.00
	1083.93	0.00	6.21	172.00
	1083.94	0.00	6.23	172.00
	1083.95	0.00	6.21	172.00
	1083.96	0.00	6.21	172.00
	1083.97	0.00	6.21	172.00
	1083.98	0.00	6.20	171.00
	1084.00	0.00	6.23	172.00
	1084.01	0.00	6.23	172.00
	1084.02	0.00	6.24	171.00
	1084.03	0.00	6.24	172.00
	1084.04	0.00	5.92	221.00
	1084.05	0.00	5.96	228.00
	1084.06	0.00	5.86	299.00
	1084.08	0.00	5.32	406.00
	1084.09	0.00	5.12	488.00
	1084.10	0.00	4.91	612.00
	1084.11	0.00	4.86	677.00
	1084.12	0.00	4.81	747.00
	1084.13	0.00	4.79	798.00
	1084.15	0.00	4.77	829.00
	1084.16	0.00	4.79	839.00
	1084.17	0.00	4.81	837.00
	1084.18	0.00	4.84	834.00
	1084.19	0.00	4.85	824.00
	1084.20	0.00	5.16	853.00
	1084.21	0.00	5.21	838.00
	1084.22	0.00	5.27	820.00
	1084.24	0.00	5.32	807.00
	1084.25	0.00	5.37	791.00
	1084.26	0.00	5.43	770.00
	1084.27	0.00	5.48	742.00
	1084.28	0.00	5.70	676.00
	1084.29	0.00	5.74	657.00
	1084.31	0.00	5.78	638.00
	1084.32	0.00	5.83	620.00
	1084.33	0.00	5.89	600.00
	1084.34	0.00	6.08	536.00
	1084.35	0.00	6.10	526.00
	1084.36	0.00	6.10	513.00
	1084.38	0.00	6.12	503.00
	1084.39	0.00	6.11	494.00
	1084.40	0.00	6.12	488.00
	1084.41	0.00	6.16	485.00
	1084.42	0.00	6.20	485.00
	1084.43	0.00	6.22	477.00
	1084.44	0.00	6.63	521.00
	1084.45	0.00	6.76	521.00
	1084.47	0.00	6.83	524.00
	1084.48	0.00	6.86	515.00
	1084.49	0.00	6.90	512.00
	1084.50	0.00	7.39	556.00
	1084.51	0.00	7.46	546.00
	1084.52	0.00	7.45	538.00
	1084.54	0.00	7.47	528.00
	1084.55	0.00	7.48	520.00
	1084.56	0.00	7.49	513.00
	1084.57	0.00	7.51	504.00
	1084.58	0.00	7.50	493.00
	1084.59	0.00	7.49	482.00
	1084.60	0.00	6.85	420.00
	1084.61	0.00	6.16	314.00
	1084.63	0.00	6.16	308.00
	1084.64	0.00	6.25	253.00
	1084.65	0.00	7.26	324.00
	1084.66	0.00	7.25	324.00
	1084.67	0.00	7.25	322.00
	1084.69	0.00	7.65	273.00
	1084.70	0.00	7.58	270.00
	1084.71	0.00	7.55	267.00
	1084.72	0.00	7.44	260.00
	1084.73	0.00	7.35	255.00
	1084.74	0.00	6.55	203.00
	1084.75	0.00	6.49	202.00
	1084.77	0.00	6.47	199.00
	1084.78	0.00	6.47	198.00
	1084.79	0.00	6.49	198.00
	1084.80	0.00	6.48	197.00
	1084.81	0.00	7.54	248.00
	1084.82	0.00	7.52	247.00
	1084.83	0.00	7.58	248.00
	1084.85	0.00	7.68	253.00
	1084.86	0.00	7.69	252.00
	1084.87	0.00	7.80	257.00
	1084.88	0.00	7.77	260.00
	1084.89	0.00	7.93	269.00
	1084.90	0.00	7.87	264.00
	1084.92	0.00	7.73	253.00
	1084.93	0.00	7.44	233.00
	1084.94	0.00	5.86	222.00
	1084.95	0.00	6.14	172.00
	1084.96	0.00	5.94	223.00
	1084.97	0.00	5.93	222.00
	1084.98	0.00	5.95	223.00
	1085.00	0.00	5.95	223.00
	1085.01	0.00	5.97	222.00
	1085.02	0.00	5.97	223.00
	1085.03	0.00	5.97	223.00
	1085.04	0.00	6.28	173.00
	1085.05	0.00	5.96	224.00
	1085.06	0.00	5.98	225.00
	1085.08	0.00	5.97	224.00
	1085.09	0.00	5.98	224.00
	1085.10	0.00	5.98	224.00
	1085.11	0.00	5.91	223.00
	1085.12	0.00	5.92	222.00
	1085.13	0.00	5.91	222.00
	1085.15	0.00	5.91	221.00
	1085.16	0.00	5.92	224.00
	1085.17	0.00	5.93	224.00
	1085.18	0.00	5.96	225.00
	1085.19	0.00	5.93	224.00
	1085.20	0.00	5.93	224.00
	1085.21	0.00	5.93	224.00
	1085.23	0.00	5.93	224.00
	1085.24	0.00	5.93	224.00
	1085.25	0.00	5.93	224.00
	1085.26	0.00	5.94	224.00
	1085.27	0.00	5.93	223.00
	1085.28	0.00	5.92	222.00
	1085.30	0.00	5.89	222.00
	1085.31	0.00	5.94	224.00
	1085.32	0.00	5.95	223.00
	1085.33	0.00	5.92	222.00
	1085.34	0.00	5.92	224.00
	1085.35	0.00	5.92	227.00
	1085.36	0.00	5.91	236.00
	1085.38	0.00	5.79	310.00
	1085.39	0.00	5.32	403.00
	1085.40	0.00	5.22	448.00
	1085.41	0.00	5.18	484.00
	1085.42	0.00	5.14	524.00
	1085.43	0.00	5.00	636.00
	1085.45	0.00	4.94	689.00
	1085.46	0.00	4.95	714.00
	1085.47	0.00	4.97	731.00
	1085.48	0.00	4.93	747.00
	1085.49	0.00	4.96	747.00
	1085.50	0.00	4.99	737.00
	1085.51	0.00	5.04	723.00
	1085.53	0.00	5.25	657.00
	1085.54	0.00	5.25	650.00
	1085.55	0.00	5.26	640.00
	1085.56	0.00	5.30	624.00
	1085.57	0.00	5.31	608.00
	1085.58	0.00	5.32	584.00
	1085.59	0.00	5.37	561.00
	1085.61	0.00	5.39	532.00
	1085.62	0.00	5.41	507.00
	1085.63	0.00	5.47	489.00
	1085.64	0.00	5.55	480.00
	1085.65	0.00	5.57	467.00
	1085.66	0.00	5.59	455.00
	1085.68	0.00	5.61	445.00
	1085.69	0.00	5.81	388.00
	1085.70	0.00	5.82	382.00
	1085.71	0.00	5.83	372.00
	1085.72	0.00	5.86	367.00
	1085.73	0.00	5.88	362.00
	1085.74	0.00	5.90	355.00
	1085.76	0.00	5.91	350.00
	1085.77	0.00	5.97	345.00
	1085.78	0.00	5.94	340.00
	1085.79	0.00	5.97	334.00
	1085.80	0.00	5.98	328.00
	1085.81	0.00	6.01	324.00
	1085.82	0.00	6.02	320.00
	1085.84	0.00	6.04	315.00
	1085.85	0.00	6.06	313.00
	1085.86	0.00	6.06	309.00
	1085.87	0.00	6.09	306.00
	1085.88	0.00	6.09	300.00
	1085.89	0.00	6.15	250.00
	1085.90	0.00	6.44	196.00
	1085.92	0.00	6.44	196.00
	1085.93	0.00	6.47	197.00
	1085.94	0.00	7.48	246.00
	1085.95	0.00	6.47	197.00
	1085.96	0.00	6.49	198.00
	1085.97	0.00	6.47	196.00
	1085.98	0.00	6.43	194.00
	1086.00	0.00	6.45	195.00
	1086.01	0.00	6.43	194.00
	1086.02	0.00	6.43	193.00
	1086.03	0.00	6.32	193.00
	1086.04	0.00	6.37	193.00
	1086.05	0.00	6.40	194.00
	1086.06	0.00	6.40	194.00
	1086.08	0.00	6.41	194.00
	1086.09	0.00	6.30	189.00
	1086.10	0.00	7.36	239.00
	1086.11	0.00	7.39	241.00
	1086.12	0.00	7.49	245.00
	1086.14	0.00	7.48	241.00
	1086.15	0.00	7.33	231.00
	1086.16	0.00	6.17	176.00
	1086.17	0.00	6.19	175.00
	1086.18	0.00	6.22	175.00
	1086.19	0.00	6.30	175.00
	1086.20	0.00	6.28	175.00
	1086.22	0.00	6.27	174.00
	1086.23	0.00	6.30	174.00
	1086.24	0.00	6.28	173.00
	1086.25	0.00	6.20	172.00
	1086.26	0.00	6.21	172.00
	1086.27	0.00	6.18	171.00
	1086.28	0.00	6.19	171.00
	1086.30	0.00	6.19	171.00
	1086.31	0.00	6.19	171.00
	1086.32	0.00	6.19	171.00
	1086.33	0.00	6.19	171.00
	1086.34	0.00	6.19	171.00
	1086.35	0.00	6.20	171.00
	1086.36	0.00	6.20	171.00
	1086.38	0.00	6.20	171.00
	1086.39	0.00	6.20	171.00
	1086.40	0.00	6.20	171.00
	1086.41	0.00	6.20	171.00
	1086.42	0.00	6.20	171.00
	1086.44	0.00	6.20	171.00
	1086.45	0.00	6.20	171.00
	1086.46	0.00	6.20	171.00
	1086.47	0.00	6.20	171.00
	1086.48	0.00	6.22	171.00
	1086.49	0.00	6.22	171.00
	1086.50	0.00	6.19	171.00
	1086.52	0.00	6.21	172.00
	1086.53	0.00	6.19	171.00
	1086.54	0.00	6.19	171.00
	1086.55	0.00	6.18	170.00
	1086.56	0.00	6.18	170.00
	1086.57	0.00	6.22	171.00
	1086.58	0.00	6.23	171.00
	1086.60	0.00	6.22	171.00
	1086.61	0.00	6.22	171.00
	1086.62	0.00	6.24	171.00
	1086.63	0.00	5.93	226.00
	1086.64	0.00	5.88	243.00
	1086.65	0.00	5.71	335.00
	1086.67	0.00	5.25	444.00
	1086.68	0.00	5.06	550.00
	1086.69	0.00	5.01	615.00
	1086.70	0.00	4.96	672.00
	1086.71	0.00	4.92	723.00
	1086.72	0.00	4.90	750.00
	1086.73	0.00	4.86	776.00
	1086.75	0.00	4.83	796.00
	1086.76	0.00	4.86	818.00
	1086.77	0.00	4.84	819.00
	1086.78	0.00	4.88	816.00
	1086.79	0.00	4.90	804.00
	1086.80	0.00	4.93	782.00
	1086.81	0.00	4.99	756.00
	1086.83	0.00	5.20	678.00
	1086.84	0.00	5.26	646.00
	1086.85	0.00	5.29	612.00
	1086.86	0.00	5.34	578.00
	1086.87	0.00	5.39	553.00
	1086.88	0.00	5.42	535.00
	1086.90	0.00	5.45	517.00
	1086.91	0.00	5.49	501.00
	1086.92	0.00	5.52	483.00
	1086.93	0.00	5.54	468.00
	1086.94	0.00	5.58	451.00
	1086.95	0.00	5.59	438.00
	1086.96	0.00	5.79	376.00
	1086.98	0.00	5.81	370.00
	1086.99	0.00	5.84	362.00
	1087.00	0.00	5.83	356.00
	1087.01	0.00	5.85	351.00
	1087.02	0.00	5.86	346.00
	1087.03	0.00	5.89	342.00
	1087.04	0.00	6.78	386.00
	1087.06	0.00	6.87	378.00
	1087.07	0.00	6.92	371.00
	1087.08	0.00	6.99	364.00
	1087.09	0.00	7.06	359.00
	1087.10	0.00	7.10	355.00
	1087.11	0.00	7.29	305.00
	1087.13	0.00	7.64	257.00
	1087.14	0.00	7.69	260.00
	1087.15	0.00	7.69	261.00
	1087.16	0.00	7.68	259.00
	1087.17	0.00	7.70	260.00
	1087.18	0.00	7.63	257.00
	1087.19	0.00	7.69	259.00
	1087.20	0.00	7.60	254.00
	1087.22	0.00	7.58	253.00
	1087.23	0.00	7.56	251.00
	1087.24	0.00	7.48	245.00
	1087.25	0.00	7.45	244.00
	1087.26	0.00	7.50	246.00
	1087.28	0.00	7.49	245.00
	1087.29	0.00	7.53	246.00
	1087.30	0.00	7.46	244.00
	1087.31	0.00	7.57	250.00
	1087.32	0.00	7.70	257.00
	1087.33	0.00	7.76	259.00
	1087.34	0.00	7.67	251.00
	1087.35	0.00	7.39	232.00
	1087.37	0.00	6.19	175.00
	1087.38	0.00	6.20	174.00
	1087.39	0.00	6.19	172.00
	1087.40	0.00	6.19	171.00
	1087.41	0.00	6.17	171.00
	1087.42	0.00	6.18	171.00
	1087.44	0.00	6.18	171.00
	1087.45	0.00	6.18	171.00
	1087.46	0.00	6.19	171.00
	1087.47	0.00	6.19	171.00
	1087.48	0.00	6.22	171.00
	1087.49	0.00	6.20	171.00
	1087.51	0.00	6.20	171.00
	1087.52	0.00	6.18	170.00
	1087.53	0.00	6.22	171.00
	1087.54	0.00	6.19	170.00
	1087.55	0.00	6.19	170.00
	1087.56	0.00	6.17	169.00
	1087.57	0.00	6.19	170.00
	1087.59	0.00	6.19	170.00
	1087.60	0.00	6.18	170.00
	1087.61	0.00	6.20	171.00
	1087.62	0.00	6.17	170.00
	1087.63	0.00	6.19	171.00
	1087.64	0.00	6.18	170.00
	1087.65	0.00	6.17	170.00
	1087.67	0.00	6.18	170.00
	1087.68	0.00	6.22	171.00
	1087.69	0.00	6.23	171.00
	1087.70	0.00	6.24	171.00
	1087.71	0.00	6.23	171.00
	1087.72	0.00	6.22	171.00
	1087.73	0.00	6.24	171.00
	1087.75	0.00	6.23	171.00
	1087.76	0.00	6.24	171.00
	1087.77	0.00	6.19	170.00
	1087.78	0.00	6.22	171.00
	1087.79	0.00	6.19	170.00
	1087.81	0.00	6.20	170.00
	1087.82	0.00	6.18	169.00
	1087.83	0.00	6.16	168.00
	1087.84	0.00	5.98	223.00
	1087.85	0.00	5.95	235.00
	1087.86	0.00	5.75	324.00
	1087.87	0.00	5.30	437.00
	1087.89	0.00	5.10	540.00
	1087.90	0.00	5.01	616.00
	1087.91	0.00	4.98	679.00
	1087.92	0.00	4.98	721.00
	1087.93	0.00	4.96	752.00
	1087.94	0.00	4.94	779.00
	1087.95	0.00	4.92	788.00
	1087.97	0.00	4.96	794.00
	1087.98	0.00	4.97	788.00
	1087.99	0.00	5.17	721.00
	1088.00	0.00	5.21	699.00
	1088.01	0.00	5.23	677.00
	1088.02	0.00	5.27	646.00
	1088.04	0.00	5.29	616.00
	1088.05	0.00	5.36	579.00
	1088.06	0.00	5.41	545.00
	1088.07	0.00	5.47	515.00
	1088.08	0.00	5.50	489.00
	1088.09	0.00	5.57	461.00
	1088.10	0.00	5.57	442.00
	1088.11	0.00	5.61	430.00
	1088.13	0.00	5.62	413.00
	1088.14	0.00	5.67	401.00
	1088.15	0.00	5.84	343.00
	1088.16	0.00	5.85	337.00
	1088.17	0.00	5.85	332.00
	1088.19	0.00	6.77	377.00
	1088.20	0.00	6.82	375.00
	1088.21	0.00	6.84	370.00
	1088.22	0.00	6.94	370.00
	1088.23	0.00	6.95	363.00
	1088.24	0.00	7.00	358.00
	1088.25	0.00	7.04	352.00
	1088.27	0.00	7.07	348.00
	1088.28	0.00	7.41	296.00
	1088.29	0.00	7.54	247.00
	1088.30	0.00	7.53	247.00
	1088.31	0.00	7.58	250.00
	1088.32	0.00	7.58	250.00
	1088.33	0.00	7.58	250.00
	1088.35	0.00	7.58	250.00
	1088.36	0.00	7.59	252.00
	1088.37	0.00	7.61	252.00
	1088.38	0.00	7.57	250.00
	1088.39	0.00	7.54	249.00
	1088.40	0.00	7.53	248.00
	1088.42	0.00	7.50	246.00
	1088.43	0.00	7.51	246.00
	1088.44	0.00	7.46	243.00
	1088.45	0.00	7.44	241.00
	1088.46	0.00	7.40	239.00
	1088.47	0.00	7.38	237.00
	1088.48	0.00	7.37	236.00
	1088.50	0.00	6.24	184.00
	1088.51	0.00	6.18	182.00
	1088.52	0.00	6.18	182.00
	1088.53	0.00	6.14	181.00
	1088.54	0.00	6.13	180.00
	1088.55	0.00	7.32	233.00
	1088.56	0.00	7.35	232.00
	1088.58	0.00	7.35	228.00
	1088.59	0.00	6.18	176.00
	1088.60	0.00	6.20	175.00
	1088.61	0.00	6.09	173.00
	1088.62	0.00	6.13	173.00
	1088.63	0.00	6.16	172.00
	1088.65	0.00	6.18	172.00
	1088.66	0.00	6.18	172.00
	1088.67	0.00	6.18	172.00
	1088.68	0.00	6.19	172.00
	1088.69	0.00	6.17	171.00
	1088.70	0.00	6.18	171.00
	1088.71	0.00	6.18	171.00
	1088.73	0.00	6.19	171.00
	1088.74	0.00	6.20	171.00
	1088.75	0.00	6.19	171.00
	1088.76	0.00	6.20	171.00
	1088.77	0.00	6.20	171.00
	1088.78	0.00	6.20	171.00
	1088.80	0.00	6.20	171.00
	1088.81	0.00	6.20	171.00
	1088.82	0.00	6.18	170.00
	1088.83	0.00	6.18	170.00
	1088.84	0.00	6.19	170.00
	1088.85	0.00	6.15	170.00
	1088.86	0.00	6.15	170.00
	1088.88	0.00	6.15	170.00
	1088.89	0.00	6.19	170.00
	1088.90	0.00	6.18	170.00
	1088.91	0.00	6.14	169.00
	1088.92	0.00	6.14	169.00
	1088.93	0.00	6.14	169.00
	1088.95	0.00	6.20	170.00
	1088.96	0.00	6.23	171.00
	1088.97	0.00	6.23	171.00
	1088.98	0.00	6.23	171.00
	1088.99	0.00	6.23	171.00
	1089.00	0.00	5.94	221.00
	1089.01	0.00	5.96	225.00
	1089.03	0.00	5.87	232.00
	1089.04	0.00	5.77	298.00
	1089.05	0.00	5.77	314.00
	1089.06	0.00	5.74	327.00
	1089.07	0.00	5.76	332.00
	1089.08	0.00	5.77	336.00
	1089.09	0.00	5.79	339.00
	1089.11	0.00	5.81	339.00
	1089.12	0.00	5.84	338.00
	1089.13	0.00	5.84	338.00
	1089.14	0.00	5.85	337.00
	1089.15	0.00	5.85	336.00
	1089.17	0.00	5.86	337.00
	1089.18	0.00	5.93	341.00
	1089.19	0.00	5.94	344.00
	1089.20	0.00	5.94	344.00
	1089.21	0.00	5.94	345.00
	1089.22	0.00	5.91	347.00
	1089.23	0.00	5.93	350.00
	1089.25	0.00	5.91	351.00
	1089.26	0.00	5.91	353.00
	1089.27	0.00	5.92	356.00
	1089.28	0.00	5.90	359.00
	1089.29	0.00	5.90	360.00
	1089.30	0.00	5.91	360.00
	1089.31	0.00	5.93	361.00
	1089.33	0.00	5.92	359.00
	1089.34	0.00	5.92	359.00
	1089.35	0.00	5.92	358.00
	1089.36	0.00	5.91	358.00
	1089.37	0.00	5.92	355.00
	1089.38	0.00	5.91	354.00
	1089.39	0.00	5.93	352.00
	1089.41	0.00	5.92	349.00
	1089.42	0.00	5.96	344.00
	1089.43	0.00	6.00	339.00
	1089.44	0.00	5.94	334.00
	1089.45	0.00	5.92	331.00
	1089.46	0.00	5.93	328.00
	1089.47	0.00	5.93	327.00
	1089.49	0.00	5.94	326.00
	1089.50	0.00	5.93	326.00
	1089.51	0.00	5.93	327.00
	1089.52	0.00	5.92	329.00
	1089.53	0.00	5.93	330.00
	1089.54	0.00	5.92	331.00
	1089.56	0.00	5.92	332.00
	1089.57	0.00	5.91	331.00
	1089.58	0.00	5.93	333.00
	1089.59	0.00	5.93	332.00
	1089.60	0.00	5.92	329.00
	1089.61	0.00	5.91	332.00
	1089.63	0.00	5.93	328.00
	1089.64	0.00	5.92	329.00
	1089.65	0.00	5.89	331.00
	1089.66	0.00	5.90	332.00
	1089.67	0.00	5.89	331.00
	1089.68	0.00	5.89	332.00
	1089.69	0.00	5.88	334.00
	1089.70	0.00	5.87	335.00
	1089.72	0.00	5.87	335.00
	1089.73	0.00	5.87	334.00
	1089.74	0.00	5.82	334.00
	1089.75	0.00	5.82	335.00
	1089.76	0.00	5.83	335.00
	1089.77	0.00	5.82	335.00
	1089.79	0.00	5.83	334.00
	1089.80	0.00	5.84	336.00
	1089.81	0.00	5.82	334.00
	1089.82	0.00	5.82	336.00
	1089.83	0.00	5.82	337.00
	1089.84	0.00	5.82	337.00
	1089.85	0.00	5.82	337.00
	1089.87	0.00	5.84	337.00
	1089.88	0.00	5.82	337.00
	1089.89	0.00	5.80	336.00
	1089.90	0.00	5.83	336.00
	1089.91	0.00	5.81	337.00
	1089.93	0.00	5.81	336.00
	1089.94	0.00	5.82	337.00
	1089.95	0.00	5.83	338.00
	1089.96	0.00	5.82	338.00
	1089.97	0.00	5.81	340.00
	1089.98	0.00	5.82	340.00
	1089.99	0.00	5.80	342.00
	1090.00	0.00	5.82	344.00
	1090.02	0.00	5.80	345.00
	1090.03	0.00	5.82	348.00
	1090.04	0.00	5.60	399.00
	1090.05	0.00	5.60	399.00
	1090.06	0.00	5.60	401.00
	1090.07	0.00	5.60	401.00
	1090.08	0.00	5.60	401.00
	1090.10	0.00	5.60	401.00
	1090.11	0.00	5.58	403.00
	1090.12	0.00	5.61	404.00
	1090.13	0.00	5.57	406.00
	1090.14	0.00	5.57	408.00
	1090.15	0.00	5.57	411.00
	1090.17	0.00	5.60	415.00
	1090.18	0.00	5.59	417.00
	1090.19	0.00	5.59	417.00
	1090.20	0.00	5.59	418.00
	1090.21	0.00	5.59	421.00
	1090.22	0.00	5.60	421.00
	1090.23	0.00	5.59	423.00
	1090.25	0.00	5.58	427.00
	1090.26	0.00	5.57	428.00
	1090.27	0.00	5.57	428.00
	1090.28	0.00	5.58	429.00
	1090.29	0.00	5.56	429.00
	1090.30	0.00	5.57	431.00
	1090.32	0.00	5.58	431.00
	1090.33	0.00	5.56	431.00
	1090.34	0.00	5.58	430.00
	1090.35	0.00	5.57	427.00
	1090.36	0.00	5.55	426.00
	1090.37	0.00	5.56	427.00
	1090.38	0.00	5.56	427.00
	1090.40	0.00	5.57	427.00
	1090.41	0.00	5.57	427.00
	1090.42	0.00	5.56	426.00
	1090.43	0.00	5.55	427.00
	1090.44	0.00	5.55	425.00
	1090.45	0.00	5.65	429.00
	1090.46	0.00	5.64	428.00
	1090.48	0.00	5.64	427.00
	1090.49	0.00	5.64	428.00
	1090.50	0.00	5.63	430.00
	1090.51	0.00	5.65	431.00
	1090.52	0.00	5.63	430.00
	1090.53	0.00	5.63	430.00
	1090.55	0.00	5.63	430.00
	1090.56	0.00	5.62	431.00
	1090.57	0.00	5.60	431.00
	1090.58	0.00	5.63	433.00
	1090.59	0.00	5.64	434.00
	1090.60	0.00	5.61	433.00
	1090.61	0.00	5.62	435.00
	1090.63	0.00	5.61	434.00
	1090.64	0.00	5.63	435.00
	1090.65	0.00	5.62	436.00
	1090.66	0.00	5.62	436.00
	1090.67	0.00	5.61	437.00
	1090.68	0.00	5.61	439.00
	1090.70	0.00	5.61	439.00
	1090.71	0.00	5.61	439.00
	1090.72	0.00	5.61	441.00
	1090.73	0.00	5.60	443.00
	1090.74	0.00	5.59	444.00
	1090.75	0.00	5.60	446.00
	1090.76	0.00	5.59	447.00
	1090.78	0.00	5.59	447.00
	1090.79	0.00	5.59	449.00
	1090.80	0.00	5.60	451.00
	1090.81	0.00	5.58	450.00
	1090.82	0.00	5.58	451.00
	1090.83	0.00	5.60	451.00
	1090.84	0.00	5.60	453.00
	1090.86	0.00	5.60	453.00
	1090.87	0.00	5.55	453.00
	1090.88	0.00	5.54	454.00
	1090.89	0.00	5.54	454.00
	1090.90	0.00	5.53	453.00
	1090.92	0.00	5.54	455.00
	1090.93	0.00	5.54	455.00
	1090.94	0.00	5.53	453.00
	1090.95	0.00	5.53	455.00
	1090.96	0.00	5.53	454.00
	1090.97	0.00	5.53	454.00
	1090.98	0.00	5.54	454.00
	1091.00	0.00	5.53	454.00
	1091.01	0.00	5.53	453.00
	1091.02	0.00	5.53	454.00
	1091.03	0.00	5.56	455.00
	1091.04	0.00	5.54	454.00
	1091.05	0.00	5.55	453.00
	1091.06	0.00	5.55	452.00
	1091.08	0.00	5.55	453.00
	1091.09	0.00	5.54	457.00
	1091.10	0.00	5.53	458.00
	1091.11	0.00	5.54	457.00
	1091.12	0.00	5.54	458.00
	1091.13	0.00	5.55	458.00
	1091.14	0.00	5.55	459.00
	1091.16	0.00	5.49	459.00
	1091.17	0.00	5.48	458.00
	1091.18	0.00	5.48	458.00
	1091.19	0.00	5.48	458.00
	1091.20	0.00	5.48	458.00
	1091.21	0.00	5.48	457.00
	1091.22	0.00	5.48	458.00
	1091.24	0.00	5.48	457.00
	1091.25	0.00	5.48	455.00
	1091.26	0.00	5.49	455.00
	1091.27	0.00	5.49	455.00
	1091.28	0.00	5.49	455.00
	1091.30	0.00	5.49	455.00
	1091.31	0.00	5.51	455.00
	1091.32	0.00	5.49	455.00
	1091.33	0.00	5.49	455.00
	1091.34	0.00	5.50	456.00
	1091.35	0.00	5.49	456.00
	1091.36	0.00	5.48	456.00
	1091.38	0.00	5.49	454.00
	1091.39	0.00	5.50	454.00
	1091.40	0.00	5.50	454.00
	1091.41	0.00	5.50	453.00
	1091.42	0.00	5.49	453.00
	1091.43	0.00	5.49	452.00
	1091.44	0.00	5.50	451.00
	1091.46	0.00	5.50	452.00
	1091.47	0.00	5.51	452.00
	1091.48	0.00	5.50	451.00
	1091.49	0.00	5.50	451.00
	1091.50	0.00	5.50	451.00
	1091.51	0.00	5.50	451.00
	1091.53	0.00	5.50	451.00
	1091.54	0.00	5.49	452.00
	1091.55	0.00	5.49	452.00
	1091.56	0.00	5.49	449.00
	1091.57	0.00	5.48	450.00
	1091.58	0.00	5.49	450.00
	1091.59	0.00	5.49	449.00
	1091.61	0.00	5.49	447.00
	1091.62	0.00	5.49	447.00
	1091.63	0.00	5.49	444.00
	1091.64	0.00	5.50	443.00
	1091.65	0.00	5.51	441.00
	1091.66	0.00	5.50	441.00
	1091.68	0.00	5.55	442.00
	1091.69	0.00	5.54	441.00
	1091.70	0.00	5.56	441.00
	1091.71	0.00	5.56	441.00
	1091.72	0.00	5.56	440.00
	1091.73	0.00	5.56	442.00
	1091.74	0.00	5.55	443.00
	1091.76	0.00	5.54	442.00
	1091.77	0.00	5.54	442.00
	1091.78	0.00	5.55	440.00
	1091.79	0.00	5.55	441.00
	1091.80	0.00	5.56	440.00
	1091.81	0.00	5.55	439.00
	1091.82	0.00	5.56	439.00
	1091.83	0.00	5.56	438.00
	1091.85	0.00	5.56	438.00
	1091.86	0.00	5.57	436.00
	1091.87	0.00	5.57	435.00
	1091.88	0.00	5.56	435.00
	1091.89	0.00	5.56	435.00
	1091.91	0.00	5.55	436.00
	1091.92	0.00	5.55	436.00
	1091.93	0.00	5.56	437.00
	1091.94	0.00	5.55	435.00
	1091.95	0.00	5.53	433.00
	1091.96	0.00	5.62	437.00
	1091.97	0.00	5.63	436.00
	1091.98	0.00	5.65	433.00
	1092.00	0.00	5.64	434.00
	1092.01	0.00	5.64	432.00
	1092.02	0.00	5.65	431.00
	1092.03	0.00	5.65	431.00
	1092.04	0.00	5.63	437.00
	1092.06	0.00	5.63	437.00
	1092.07	0.00	5.63	435.00
	1092.08	0.00	5.63	435.00
	1092.09	0.00	5.63	436.00
	1092.10	0.00	5.63	436.00
	1092.11	0.00	5.61	435.00
	1092.12	0.00	5.63	436.00
	1092.14	0.00	5.62	436.00
	1092.15	0.00	5.62	436.00
	1092.16	0.00	5.62	436.00
	1092.17	0.00	5.63	435.00
	1092.18	0.00	5.64	436.00
	1092.19	0.00	5.63	435.00
	1092.20	0.00	5.63	435.00
	1092.22	0.00	5.64	436.00
	1092.23	0.00	5.64	437.00
	1092.24	0.00	5.64	437.00
	1092.25	0.00	5.64	437.00
	1092.26	0.00	5.64	437.00
	1092.27	0.00	5.65	435.00
	1092.29	0.00	5.62	436.00
	1092.30	0.00	5.63	435.00
	1092.31	0.00	5.64	437.00
	1092.32	0.00	5.64	436.00
	1092.33	0.00	5.64	436.00
	1092.34	0.00	5.65	435.00
	1092.35	0.00	5.65	436.00
	1092.37	0.00	5.66	435.00
	1092.38	0.00	5.65	435.00
	1092.39	0.00	5.64	436.00
	1092.40	0.00	5.65	434.00
	1092.41	0.00	5.66	435.00
	1092.42	0.00	5.66	435.00
	1092.43	0.00	5.60	434.00
	1092.45	0.00	5.60	434.00
	1092.46	0.00	5.60	434.00
	1092.47	0.00	5.59	432.00
	1092.48	0.00	5.60	433.00
	1092.49	0.00	5.61	432.00
	1092.50	0.00	5.61	431.00
	1092.52	0.00	5.61	430.00
	1092.53	0.00	5.62	429.00
	1092.54	0.00	5.62	428.00
	1092.55	0.00	5.62	427.00
	1092.56	0.00	5.63	426.00
	1092.57	0.00	5.63	426.00
	1092.58	0.00	5.64	423.00
	1092.60	0.00	5.64	420.00
	1092.61	0.00	5.65	421.00
	1092.62	0.00	5.66	420.00
	1092.63	0.00	5.84	368.00
	1092.64	0.00	5.84	367.00
	1092.65	0.00	5.66	418.00
	1092.67	0.00	5.84	367.00
	1092.68	0.00	5.84	365.00
	1092.69	0.00	5.67	414.00
	1092.70	0.00	5.87	363.00
	1092.71	0.00	5.88	362.00
	1092.72	0.00	5.85	359.00
	1092.73	0.00	5.81	358.00
	1092.75	0.00	5.81	357.00
	1092.76	0.00	5.83	357.00
	1092.77	0.00	5.81	357.00
	1092.78	0.00	5.81	357.00
	1092.79	0.00	5.82	356.00
	1092.80	0.00	5.84	357.00
	1092.81	0.00	5.80	356.00
	1092.83	0.00	5.81	356.00
	1092.84	0.00	5.81	356.00
	1092.85	0.00	5.81	357.00
	1092.86	0.00	5.81	356.00
	1092.87	0.00	5.82	357.00
	1092.88	0.00	5.81	356.00
	1092.90	0.00	5.81	357.00
	1092.91	0.00	5.82	356.00
	1092.92	0.00	5.82	356.00
	1092.93	0.00	5.82	355.00
	1092.94	0.00	5.81	356.00
	1092.95	0.00	5.82	355.00
	1092.96	0.00	5.82	356.00
	1092.98	0.00	5.82	356.00
	1092.99	0.00	5.82	356.00
	1093.00	0.00	5.82	355.00
	1093.01	0.00	5.81	356.00
	1093.02	0.00	5.80	354.00
	1093.03	0.00	5.81	354.00
	1093.05	0.00	5.80	354.00
	1093.06	0.00	5.81	355.00
	1093.07	0.00	5.78	354.00
	1093.08	0.00	5.80	355.00
	1093.09	0.00	5.78	354.00
	1093.10	0.00	5.85	356.00
	1093.11	0.00	5.85	355.00
	1093.13	0.00	5.85	355.00
	1093.14	0.00	5.83	354.00
	1093.15	0.00	5.84	356.00
	1093.16	0.00	5.84	356.00
	1093.17	0.00	5.85	355.00
	1093.18	0.00	5.84	356.00
	1093.19	0.00	5.84	356.00
	1093.21	0.00	5.83	355.00
	1093.22	0.00	5.86	357.00
	1093.23	0.00	5.83	355.00
	1093.24	0.00	5.83	356.00
	1093.25	0.00	5.83	356.00
	1093.26	0.00	5.84	355.00
	1093.27	0.00	5.83	355.00
	1093.29	0.00	5.83	355.00
	1093.30	0.00	5.83	355.00
	1093.31	0.00	5.83	355.00
	1093.32	0.00	5.81	354.00
	1093.33	0.00	5.79	353.00
	1093.34	0.00	5.81	354.00
	1093.35	0.00	5.79	353.00
	1093.37	0.00	5.91	358.00
	1093.38	0.00	5.90	358.00
	1093.39	0.00	5.89	357.00
	1093.40	0.00	5.89	357.00
	1093.41	0.00	5.91	357.00
	1093.42	0.00	5.89	357.00
	1093.44	0.00	5.91	358.00
	1093.45	0.00	5.90	357.00
	1093.46	0.00	5.89	357.00
	1093.47	0.00	5.89	357.00
	1093.48	0.00	5.89	357.00
	1093.49	0.00	5.91	357.00
	1093.51	0.00	5.90	358.00
	1093.52	0.00	5.90	357.00
	1093.53	0.00	5.90	357.00
	1093.54	0.00	5.90	357.00
	1093.55	0.00	5.91	357.00
	1093.56	0.00	5.90	357.00
	1093.57	0.00	5.91	354.00
	1093.58	0.00	5.90	356.00
	1093.60	0.00	5.90	356.00
	1093.61	0.00	5.91	356.00
	1093.62	0.00	5.90	356.00
	1093.63	0.00	5.91	356.00
	1093.64	0.00	5.90	356.00
	1093.65	0.00	5.90	356.00
	1093.67	0.00	5.91	355.00
	1093.68	0.00	5.90	356.00
	1093.69	0.00	5.92	356.00
	1093.70	0.00	5.91	357.00
	1093.71	0.00	5.93	356.00
	1093.72	0.00	5.92	354.00
	1093.73	0.00	5.94	355.00
	1093.75	0.00	5.94	355.00
	1093.76	0.00	5.85	353.00
	1093.77	0.00	5.85	353.00
	1093.78	0.00	5.85	352.00
	1093.79	0.00	5.84	351.00
	1093.80	0.00	5.85	352.00
	1093.81	0.00	5.85	352.00
	1093.83	0.00	5.85	352.00
	1093.84	0.00	5.85	353.00
	1093.85	0.00	5.85	354.00
	1093.86	0.00	5.86	354.00
	1093.87	0.00	5.86	354.00
	1093.88	0.00	5.87	353.00
	1093.90	0.00	5.87	353.00
	1093.91	0.00	5.88	352.00
	1093.92	0.00	5.88	351.00
	1093.93	0.00	5.85	353.00
	1093.94	0.00	5.85	353.00
	1093.95	0.00	5.86	353.00
	1093.96	0.00	5.86	354.00
	1093.98	0.00	5.87	354.00
	1093.99	0.00	5.86	353.00
	1094.00	0.00	5.84	352.00
	1094.01	0.00	5.80	352.00
	1094.02	0.00	5.80	352.00
	1094.03	0.00	5.80	352.00
	1094.05	0.00	5.80	352.00
	1094.06	0.00	5.80	352.00
	1094.07	0.00	5.81	351.00
	1094.08	0.00	5.79	351.00
	1094.09	0.00	5.81	352.00
	1094.10	0.00	5.79	352.00
	1094.11	0.00	5.81	352.00
	1094.13	0.00	5.81	352.00
	1094.14	0.00	5.81	352.00
	1094.15	0.00	5.81	352.00
	1094.16	0.00	5.81	352.00
	1094.17	0.00	5.81	353.00
	1094.18	0.00	5.81	353.00
	1094.19	0.00	5.82	352.00
	1094.21	0.00	5.81	353.00
	1094.22	0.00	5.81	352.00
	1094.23	0.00	5.81	353.00
	1094.24	0.00	5.79	352.00
	1094.25	0.00	5.81	353.00
	1094.26	0.00	5.79	352.00
	1094.28	0.00	5.79	352.00
	1094.29	0.00	5.80	352.00
	1094.30	0.00	5.79	351.00
	1094.31	0.00	5.81	352.00
	1094.32	0.00	5.79	352.00
	1094.33	0.00	5.79	351.00
	1094.34	0.00	5.79	351.00
	1094.36	0.00	5.78	353.00
	1094.37	0.00	5.79	351.00
	1094.38	0.00	5.80	351.00
	1094.39	0.00	5.78	350.00
	1094.40	0.00	5.78	350.00
	1094.41	0.00	5.78	350.00
	1094.43	0.00	5.79	350.00
	1094.44	0.00	5.78	350.00
	1094.45	0.00	5.79	350.00
	1094.46	0.00	5.84	352.00
	1094.47	0.00	5.83	352.00
	1094.48	0.00	5.84	351.00
	1094.50	0.00	5.85	350.00
	1094.51	0.00	5.85	350.00
	1094.52	0.00	5.83	352.00
	1094.53	0.00	5.84	351.00
	1094.54	0.00	5.85	350.00
	1094.55	0.00	5.84	352.00
	1094.56	0.00	5.82	351.00
	1094.57	0.00	5.83	351.00
	1094.59	0.00	5.83	350.00
	1094.60	0.00	5.83	350.00
	1094.61	0.00	5.84	350.00
	1094.62	0.00	5.83	350.00
	1094.63	0.00	5.86	350.00
	1094.64	0.00	5.83	350.00
	1094.66	0.00	5.84	348.00
	1094.67	0.00	5.86	347.00
	1094.68	0.00	5.85	346.00
	1094.69	0.00	5.82	347.00
	1094.70	0.00	5.84	346.00
	1094.71	0.00	5.82	343.00
	1094.72	0.00	5.82	345.00
	1094.74	0.00	5.84	345.00
	1094.75	0.00	5.82	345.00
	1094.76	0.00	5.83	345.00
	1094.77	0.00	5.90	349.00
	1094.78	0.00	5.91	348.00
	1094.79	0.00	5.92	348.00
	1094.81	0.00	5.90	349.00
	1094.82	0.00	5.91	348.00
	1094.83	0.00	5.91	348.00
	1094.84	0.00	5.91	347.00
	1094.85	0.00	5.91	348.00
	1094.86	0.00	5.91	347.00
	1094.88	0.00	5.92	348.00
	1094.89	0.00	5.91	347.00
	1094.90	0.00	5.90	346.00
	1094.91	0.00	5.89	344.00
	1094.92	0.00	5.91	347.00
	1094.93	0.00	5.91	345.00
	1094.94	0.00	5.90	344.00
	1094.96	0.00	5.91	344.00
	1094.97	0.00	5.93	344.00
	1094.98	0.00	5.91	343.00
	1094.99	0.00	5.91	343.00
	1095.00	0.00	5.93	344.00
	1095.01	0.00	5.93	344.00
	1095.03	0.00	5.93	344.00
	1095.04	0.00	5.93	343.00
	1095.05	0.00	5.93	344.00
	1095.06	0.00	5.93	343.00
	1095.07	0.00	5.93	344.00
	1095.08	0.00	5.93	343.00
	1095.09	0.00	5.93	343.00
	1095.10	0.00	5.92	343.00
	1095.12	0.00	5.92	343.00
	1095.13	0.00	5.92	343.00
	1095.14	0.00	5.90	342.00
	1095.15	0.00	5.91	343.00
	1095.16	0.00	5.91	343.00
	1095.18	0.00	5.92	344.00
	1095.19	0.00	5.92	343.00
	1095.20	0.00	5.92	343.00
	1095.21	0.00	5.92	343.00
	1095.22	0.00	5.91	343.00
	1095.23	0.00	5.91	343.00
	1095.24	0.00	5.92	343.00
	1095.26	0.00	5.93	343.00
	1095.27	0.00	5.94	344.00
	1095.28	0.00	5.89	342.00
	1095.29	0.00	5.88	342.00
	1095.30	0.00	5.86	341.00
	1095.31	0.00	5.88	342.00
	1095.32	0.00	5.89	342.00
	1095.33	0.00	5.88	342.00
	1095.35	0.00	5.88	342.00
	1095.36	0.00	5.85	342.00
	1095.37	0.00	5.86	343.00
	1095.38	0.00	5.86	342.00
	1095.39	0.00	5.86	342.00
	1095.41	0.00	5.86	342.00
	1095.42	0.00	5.86	343.00
	1095.43	0.00	5.87	342.00
	1095.44	0.00	5.89	344.00
	1095.45	0.00	5.89	344.00
	1095.46	0.00	5.87	342.00
	1095.47	0.00	5.90	343.00
	1095.48	0.00	5.87	346.00
	1095.50	0.00	5.87	346.00
	1095.51	0.00	5.87	345.00
	1095.52	0.00	5.87	346.00
	1095.53	0.00	5.88	346.00
	1095.54	0.00	5.88	346.00
	1095.56	0.00	5.87	345.00
	1095.57	0.00	5.82	345.00
	1095.58	0.00	5.82	345.00
	1095.59	0.00	5.80	344.00
	1095.60	0.00	5.82	345.00
	1095.61	0.00	5.80	344.00
	1095.62	0.00	5.80	344.00
	1095.64	0.00	5.80	344.00
	1095.65	0.00	5.80	345.00
	1095.66	0.00	5.81	346.00
	1095.67	0.00	5.80	346.00
	1095.68	0.00	5.82	347.00
	1095.69	0.00	5.81	346.00
	1095.70	0.00	5.80	347.00
	1095.72	0.00	5.81	347.00
	1095.73	0.00	5.81	348.00
	1095.74	0.00	5.80	347.00
	1095.75	0.00	5.80	347.00
	1095.76	0.00	5.80	347.00
	1095.77	0.00	5.80	347.00
	1095.79	0.00	5.80	347.00
	1095.80	0.00	5.80	347.00
	1095.81	0.00	5.79	348.00
	1095.82	0.00	5.80	348.00
	1095.83	0.00	5.80	348.00
	1095.84	0.00	5.80	348.00
	1095.85	0.00	5.79	348.00
	1095.86	0.00	5.82	348.00
	1095.88	0.00	5.80	348.00
	1095.89	0.00	5.79	349.00
	1095.90	0.00	5.79	349.00
	1095.91	0.00	5.79	348.00
	1095.92	0.00	5.80	348.00
	1095.93	0.00	5.80	348.00
	1095.95	0.00	5.80	348.00
	1095.96	0.00	5.79	347.00
	1095.97	0.00	5.82	348.00
	1095.98	0.00	5.84	349.00
	1095.99	0.00	5.84	349.00
	1096.00	0.00	5.84	349.00
	1096.02	0.00	5.83	348.00
	1096.03	0.00	5.83	348.00
	1096.04	0.00	5.83	349.00
	1096.05	0.00	5.83	350.00
	1096.06	0.00	5.83	350.00
	1096.07	0.00	5.82	349.00
	1096.08	0.00	5.86	348.00
	1096.09	0.00	5.84	349.00
	1096.11	0.00	5.82	348.00
	1096.12	0.00	5.83	349.00
	1096.13	0.00	5.82	348.00
	1096.14	0.00	5.82	347.00
	1096.15	0.00	5.82	347.00
	1096.17	0.00	5.82	347.00
	1096.18	0.00	5.81	346.00
	1096.19	0.00	5.82	346.00
	1096.20	0.00	5.82	345.00
	1096.21	0.00	5.82	344.00
	1096.22	0.00	5.81	342.00
	1096.23	0.00	5.85	341.00
	1096.25	0.00	5.89	344.00
	1096.26	0.00	5.91	344.00
	1096.27	0.00	5.90	343.00
	1096.28	0.00	5.90	342.00
	1096.29	0.00	5.93	341.00
	1096.30	0.00	5.92	339.00
	1096.31	0.00	5.91	338.00
	1096.33	0.00	5.93	338.00
	1096.34	0.00	5.92	338.00
	1096.35	0.00	5.92	338.00
	1096.36	0.00	5.93	337.00
	1096.37	0.00	5.92	338.00
	1096.38	0.00	5.93	337.00
	1096.40	0.00	5.92	338.00
	1096.41	0.00	5.92	337.00
	1096.42	0.00	5.95	338.00
	1096.43	0.00	5.93	338.00
	1096.44	0.00	5.94	338.00
	1096.45	0.00	5.93	340.00
	1096.46	0.00	5.93	339.00
	1096.48	0.00	5.93	340.00
	1096.49	0.00	5.93	341.00
	1096.50	0.00	5.91	340.00
	1096.51	0.00	5.93	341.00
	1096.52	0.00	5.93	341.00
	1096.53	0.00	5.93	342.00
	1096.55	0.00	5.93	343.00
	1096.56	0.00	5.93	343.00
	1096.57	0.00	5.93	343.00
	1096.58	0.00	5.93	345.00
	1096.59	0.00	5.90	344.00
	1096.60	0.00	5.93	344.00
	1096.61	0.00	5.93	344.00
	1096.63	0.00	5.93	344.00
	1096.64	0.00	5.93	346.00
	1096.65	0.00	5.94	346.00
	1096.66	0.00	5.94	345.00
	1096.67	0.00	5.94	346.00
	1096.68	0.00	5.96	345.00
	1096.69	0.00	5.87	345.00
	1096.71	0.00	5.87	344.00
	1096.72	0.00	5.87	343.00
	1096.73	0.00	5.86	344.00
	1096.74	0.00	5.87	343.00
	1096.75	0.00	5.86	345.00
	1096.76	0.00	5.86	345.00
	1096.78	0.00	5.86	346.00
	1096.79	0.00	5.86	346.00
	1096.80	0.00	5.86	346.00
	1096.81	0.00	5.87	347.00
	1096.82	0.00	5.87	348.00
	1096.83	0.00	5.89	349.00
	1096.84	0.00	5.87	348.00
	1096.86	0.00	5.87	349.00
	1096.87	0.00	5.87	349.00
	1096.88	0.00	5.89	351.00
	1096.89	0.00	5.87	355.00
	1096.90	0.00	5.86	355.00
	1096.91	0.00	5.85	353.00
	1096.93	0.00	5.86	354.00
	1096.94	0.00	5.80	353.00
	1096.95	0.00	5.81	354.00
	1096.96	0.00	5.81	354.00
	1096.97	0.00	5.82	353.00
	1096.98	0.00	5.80	355.00
	1096.99	0.00	5.80	355.00
	1097.01	0.00	5.81	355.00
	1097.02	0.00	5.80	355.00
	1097.03	0.00	5.80	355.00
	1097.04	0.00	5.81	355.00
	1097.05	0.00	5.81	355.00
	1097.06	0.00	5.80	354.00
	1097.07	0.00	5.81	354.00
	1097.08	0.00	5.83	353.00
	1097.10	0.00	5.81	351.00
	1097.11	0.00	5.82	349.00
	1097.12	0.00	5.82	349.00
	1097.13	0.00	5.84	350.00
	1097.14	0.00	5.84	349.00
	1097.16	0.00	5.83	348.00
	1097.17	0.00	5.81	347.00
	1097.18	0.00	5.83	347.00
	1097.19	0.00	5.81	346.00
	1097.20	0.00	5.83	347.00
	1097.21	0.00	5.84	347.00
	1097.22	0.00	5.83	347.00
	1097.23	0.00	5.84	347.00
	1097.25	0.00	5.84	346.00
	1097.26	0.00	5.84	346.00
	1097.27	0.00	5.84	347.00
	1097.28	0.00	5.84	346.00
	1097.29	0.00	5.88	347.00
	1097.31	0.00	5.88	346.00
	1097.32	0.00	5.88	346.00
	1097.33	0.00	5.87	346.00
	1097.34	0.00	5.88	348.00
	1097.35	0.00	5.87	348.00
	1097.36	0.00	5.87	349.00
	1097.37	0.00	5.86	348.00
	1097.39	0.00	5.88	348.00
	1097.40	0.00	5.88	348.00
	1097.41	0.00	5.85	347.00
	1097.42	0.00	5.86	347.00
	1097.43	0.00	5.87	345.00
	1097.44	0.00	5.87	345.00
	1097.45	0.00	5.86	346.00
	1097.46	0.00	5.87	345.00
	1097.48	0.00	5.86	348.00
	1097.49	0.00	5.85	346.00
	1097.50	0.00	5.83	346.00
	1097.51	0.00	5.84	346.00
	1097.52	0.00	5.92	350.00
	1097.54	0.00	5.93	350.00
	1097.55	0.00	5.92	350.00
	1097.56	0.00	5.92	350.00
	1097.57	0.00	5.92	350.00
	1097.58	0.00	5.92	350.00
	1097.59	0.00	5.92	349.00
	1097.60	0.00	5.93	349.00
	1097.61	0.00	5.91	347.00
	1097.63	0.00	5.92	348.00
	1097.64	0.00	5.91	348.00
	1097.65	0.00	5.91	349.00
	1097.66	0.00	5.93	347.00
	1097.67	0.00	5.92	347.00
	1097.68	0.00	5.93	347.00
	1097.70	0.00	5.93	347.00
	1097.71	0.00	5.93	347.00
	1097.72	0.00	5.94	347.00
	1097.73	0.00	5.93	347.00
	1097.74	0.00	5.94	346.00
	1097.75	0.00	5.93	346.00
	1097.76	0.00	5.94	345.00
	1097.78	0.00	5.96	345.00
	1097.79	0.00	5.96	346.00
	1097.80	0.00	5.96	345.00
	1097.81	0.00	5.96	343.00
	1097.82	0.00	5.91	341.00
	1097.83	0.00	5.92	340.00
	1097.84	0.00	5.91	340.00
	1097.86	0.00	5.94	341.00
	1097.87	0.00	5.93	341.00
	1097.88	0.00	5.91	340.00
	1097.89	0.00	5.91	341.00
	1097.90	0.00	5.90	341.00
	1097.91	0.00	5.91	340.00
	1097.93	0.00	5.92	340.00
	1097.94	0.00	5.91	341.00
	1097.95	0.00	5.93	339.00
	1097.96	0.00	5.93	339.00
	1097.97	0.00	5.93	339.00
	1097.98	0.00	5.96	338.00
	1098.00	0.00	5.95	336.00
	1098.01	0.00	5.92	340.00
	1098.02	0.00	5.95	341.00
	1098.03	0.00	5.94	339.00
	1098.04	0.00	5.92	338.00
	1098.05	0.00	5.94	339.00
	1098.06	0.00	5.94	339.00
	1098.08	0.00	5.91	337.00
	1098.09	0.00	5.87	337.00
	1098.10	0.00	5.87	337.00
	1098.11	0.00	5.88	337.00
	1098.12	0.00	5.87	337.00
	1098.13	0.00	5.87	338.00
	1098.14	0.00	5.87	338.00
	1098.16	0.00	5.88	338.00
	1098.17	0.00	5.87	338.00
	1098.18	0.00	5.87	338.00
	1098.19	0.00	5.89	339.00
	1098.20	0.00	5.89	339.00
	1098.21	0.00	5.88	339.00
	1098.22	0.00	5.87	338.00
	1098.24	0.00	5.87	338.00
	1098.25	0.00	5.89	338.00
	1098.26	0.00	5.88	338.00
	1098.27	0.00	5.89	336.00
	1098.28	0.00	5.88	335.00
	1098.29	0.00	5.91	332.00
	1098.31	0.00	5.90	331.00
	1098.32	0.00	5.91	330.00
	1098.33	0.00	5.89	329.00
	1098.34	0.00	5.90	326.00
	1098.35	0.00	5.91	325.00
	1098.36	0.00	5.90	323.00
	1098.38	0.00	5.90	322.00
	1098.39	0.00	5.90	322.00
	1098.40	0.00	5.91	320.00
	1098.41	0.00	5.90	321.00
	1098.42	0.00	5.91	320.00
	1098.43	0.00	5.95	320.00
	1098.44	0.00	5.95	319.00
	1098.45	0.00	5.94	320.00
	1098.47	0.00	5.94	320.00
	1098.48	0.00	5.97	320.00
	1098.49	0.00	5.94	317.00
	1098.50	0.00	5.96	317.00
	1098.51	0.00	5.97	318.00
	1098.52	0.00	5.93	316.00
	1098.54	0.00	5.95	315.00
	1098.55	0.00	5.97	314.00
	1098.56	0.00	5.96	315.00
	1098.57	0.00	5.97	315.00
	1098.58	0.00	5.96	313.00
	1098.59	0.00	5.97	310.00
	1098.60	0.00	5.98	311.00
	1098.61	0.00	5.96	310.00
	1098.63	0.00	5.94	309.00
	1098.64	0.00	5.94	310.00
	1098.65	0.00	5.90	309.00
	1098.66	0.00	5.93	310.00
	1098.67	0.00	6.03	313.00
	1098.68	0.00	6.02	313.00
	1098.70	0.00	6.03	312.00
	1098.71	0.00	6.03	312.00
	1098.72	0.00	6.01	314.00
	1098.73	0.00	6.01	314.00
	1098.74	0.00	6.02	312.00
	1098.75	0.00	6.03	312.00
	1098.77	0.00	6.04	313.00
	1098.78	0.00	6.01	312.00
	1098.79	0.00	6.02	313.00
	1098.80	0.00	6.02	313.00
	1098.81	0.00	6.01	314.00
	1098.82	0.00	6.03	315.00
	1098.83	0.00	6.03	315.00
	1098.84	0.00	6.01	314.00
	1098.86	0.00	6.