.00
	1391.39	0.00	5.61	599.00
	1391.41	0.00	5.60	596.00
	1391.42	0.00	5.60	594.00
	1391.43	0.00	5.61	592.00
	1391.44	0.00	5.62	589.00
	1391.45	0.00	5.63	586.00
	1391.46	0.00	5.63	579.00
	1391.47	0.00	5.65	571.00
	1391.49	0.00	5.66	567.00
	1391.50	0.00	5.67	558.00
	1391.51	0.00	5.69	546.00
	1391.52	0.00	5.70	533.00
	1391.53	0.00	5.73	521.00
	1391.54	0.00	5.77	509.00
	1391.56	0.00	5.77	497.00
	1391.57	0.00	5.75	487.00
	1391.58	0.00	5.75	479.00
	1391.59	0.00	5.77	470.00
	1391.60	0.00	5.77	461.00
	1391.61	0.00	5.79	453.00
	1391.63	0.00	5.81	444.00
	1391.64	0.00	5.83	437.00
	1391.65	0.00	5.85	430.00
	1391.66	0.00	5.86	426.00
	1391.67	0.00	5.85	418.00
	1391.68	0.00	5.87	414.00
	1391.69	0.00	5.87	411.00
	1391.71	0.00	5.86	411.00
	1391.72	0.00	5.86	410.00
	1391.73	0.00	5.87	410.00
	1391.74	0.00	5.87	410.00
	1391.75	0.00	5.87	409.00	5.80	440.00
	1392.06	0.00	5.80	439.00
	1392.07	0.00	5.81	438.00
	1392.09	0.00	5.82	436.00
	1392.10	0.00	5.83	435.00
	1392.11	0.00	5.83	433.00
	1392.12	0.00	5.83	433.00
	1392.13	0.00	5.83	435.00
	1392.14	0.00	5.82	435.00
	1392.16	0.00	5.81	435.00
	1392.17	0.00	5.80	435.00
	1392.18	0.00	5.79	434.00
	1392.19	0.00	5.89	439.00
	1392.20	0.00	5.88	438.00
	1392.21	0.00	5.90	438.00
	1392.22	0.00	5.87	438.00
	1392.23	0.00	5.87	447.00
	1392.25	0.00	5.87	448.00
	1392.26	0.00	5.87	448.00
	1392.27	0.00	5.85	448.00
	1392.28	0.00	5.85	448.00
	1392.29	0.00	5.84	448.00
	1392.31	0.00	5.86	448.00
	1392.32	0.00	5.86	448.00
	1392.33	0.00	5.85	449.00
	1392.34	0.00	5.86	451.00
	1392.35	0.00	5.86	450.00
	1392.36	0.00	5.86	450.00
	1392.37	0.00	5.86	451.00
	1392.39	0.00	5.86	451.00
	1392.40	0.00	5.86	452.00
	1392.41	0.00	5.85	453.00
	1392.42	0.00	5.85	454.00
	1392.43	0.00	5.85	456.00
	1392.44	0.00	5.84	457.00
	1392.45	0.00	5.85	459.00
	1392.47	0.00	5.84	462.00
	1392.48	0.00	5.84	462.00
	1392.49	0.00	5.83	464.00
	1392.50	0.00	5.82	466.00
	1392.51	0.00	5.83	468.00
	1392.52	0.00	5.82	470.00
	1392.54	0.00	5.83	471.00
	1392.55	0.00	5.76	471.00
	1392.56	0.00	5.77	473.00
	1392.57	0.00	5.76	474.00
	1392.58	0.00	5.73	477.00
	1392.59	0.00	5.73	479.00
	1392.60	0.00	5.72	482.00
	1392.62	0.00	5.73	486.00
	1392.63	0.00	5.71	491.00
	1392.64	0.00	5.71	494.00
	1392.65	0.00	5.71	496.00
	1392.66	0.00	5.70	496.00
	1392.67	0.00	5.68	499.00
	1392.69	0.00	5.68	500.00
	1392.70	0.00	5.69	506.00
	1392.71	0.00	5.66	508.00
	1392.72	0.00	5.64	513.00
	1392.73	0.00	5.64	519.00
	1392.74	0.00	5.63	524.00
	1392.76	0.00	5.62	528.00
	1392.77	0.00	5.61	533.00
	1392.78	0.00	5.62	534.00
	1392.79	0.00	5.61	538.00
	1392.80	0.00	5.61	541.00
	1392.81	0.00	5.61	544.00
	1392.82	0.00	5.61	546.00
	1392.84	0.00	5.61	547.00
	1392.85	0.00	5.61	546.00
	1392.86	0.00	5.60	551.00
	1392.87	0.00	5.60	554.00
	1392.88	0.00	5.35	604.00
	1392.89	0.00	5.59	554.00
	1392.91	0.00	5.35	605.00
	1392.92	0.00	5.35	606.00
	1392.93	0.00	5.34	610.00
	1392.94	0.00	5.33	611.00
	1392.95	0.00	5.28	613.00
	1392.96	0.00	5.28	617.00
	1392.97	0.00	5.28	621.00
	1392.99	0.00	5.28	622.00
	1393.00	0.00	5.26	623.00
	1393.01	0.00	5.26	624.00
	1393.02	0.00	5.26	625.00
	1393.03	0.00	5.26	627.00
	1393.05	0.00	5.25	629.00
	1393.06	0.00	5.24	631.00
	1393.07	0.00	5.24	633.00
	1393.08	0.00	5.24	638.00
	1393.09	0.00	5.23	641.00
	1393.10	0.00	5.22	645.00
	1393.11	0.00	5.22	647.00
	1393.13	0.00	5.22	649.00
	1393.14	0.00	5.22	651.00
	1393.15	0.00	5.20	653.00
	1393.16	0.00	5.19	657.00
	1393.17	0.00	5.19	659.00
	1393.18	0.00	5.20	661.00
	1393.19	0.00	5.18	661.00
	1393.21	0.00	5.18	662.00
	1393.22	0.00	5.18	662.00
	1393.23	0.00	5.17	664.00
	1393.24	0.00	5.17	666.00
	1393.25	0.00	5.17	666.00
	1393.26	0.00	5.16	668.00
	1393.28	0.00	5.16	670.00
	1393.29	0.00	5.14	670.00
	1393.30	0.00	5.14	671.00
	1393.31	0.00	5.18	673.00
	1393.32	0.00	5.19	677.00
	1393.33	0.00	5.17	677.00
	1393.34	0.00	5.18	681.00
	1393.36	0.00	5.17	684.00
	1393.37	0.00	5.15	689.00
	1393.38	0.00	5.14	691.00
	1393.39	0.00	5.14	691.00
	1393.40	0.00	5.14	691.00
	1393.41	0.00	5.15	693.00
	1393.43	0.00	5.14	693.00
	1393.44	0.00	5.15	692.00
	1393.45	0.00	5.13	695.00
	1393.46	0.00	5.13	694.00
	1393.47	0.00	5.12	697.00
	1393.48	0.00	5.13	698.00
	1393.50	0.00	5.13	698.00
	1393.51	0.00	5.13	696.00
	1393.52	0.00	5.12	695.00
	1393.53	0.00	5.12	696.00
	1393.54	0.00	5.11	694.00
	1393.55	0.00	5.14	694.00
	1393.56	0.00	5.18	696.00
	1393.57	0.00	5.19	692.00
	1393.59	0.00	5.19	689.00
	1393.60	0.00	5.18	696.00
	1393.61	0.00	5.18	697.00
	1393.62	0.00	5.18	697.00
	1393.63	0.00	5.18	695.00
	1393.64	0.00	5.17	693.00
	1393.66	0.00	5.17	692.00
	1393.67	0.00	5.19	691.00
	1393.68	0.00	5.19	691.00
	1393.69	0.00	5.20	688.00
	1393.70	0.00	5.21	689.00
	1393.71	0.00	5.21	687.00
	1393.72	0.00	5.22	687.00
	1393.74	0.00	5.22	685.00
	1393.75	0.00	5.23	682.00
	1393.76	0.00	5.23	678.00
	1393.77	0.00	5.22	677.00
	1393.78	0.00	5.25	677.00
	1393.79	0.00	5.25	677.00
	1393.81	0.00	5.24	677.00
	1393.82	0.00	5.25	676.00
	1393.83	0.00	5.25	677.00
	1393.84	0.00	5.25	677.00
	1393.85	0.00	5.25	674.00
	1393.86	0.00	5.27	674.00
	1393.87	0.00	5.24	672.00
	1393.89	0.00	5.23	672.00
	1393.90	0.00	5.23	670.00
	1393.91	0.00	5.24	669.00
	1393.92	0.00	5.23	664.00
	1393.93	0.00	5.24	667.00
	1393.94	0.00	5.23	665.00
	1393.95	0.00	5.22	666.00
	1393.97	0.00	5.23	666.00
	1393.98	0.00	5.23	666.00
	1393.99	0.00	5.25	667.00
	1394.00	0.00	5.24	668.00
	1394.01	0.00	5.23	668.00
	1394.03	0.00	5.23	667.00
	1394.04	0.00	5.26	665.00
	1394.05	0.00	5.25	666.00
	1394.06	0.00	5.24	669.00
	1394.07	0.00	5.24	669.00
	1394.08	0.00	5.23	668.00
	1394.09	0.00	5.23	668.00
	1394.10	0.00	5.19	666.00
	1394.12	0.00	5.19	667.00
	1394.13	0.00	5.19	668.00
	1394.14	0.00	5.19	667.00
	1394.15	0.00	5.19	666.00
	1394.16	0.00	5.19	665.00
	1394.17	0.00	5.19	665.00
	1394.19	0.00	5.19	665.00
	1394.20	0.00	5.20	664.00
	1394.21	0.00	5.21	662.00
	1394.22	0.00	5.19	663.00
	1394.23	0.00	5.20	664.00
	1394.24	0.00	5.21	660.00
	1394.26	0.00	5.20	661.00
	1394.27	0.00	5.20	662.00
	1394.28	0.00	5.19	660.00
	1394.29	0.00	5.22	660.00
	1394.30	0.00	5.21	660.00
	1394.31	0.00	5.22	659.00
	1394.32	0.00	5.21	660.00
	1394.34	0.00	5.20	659.00
	1394.35	0.00	5.21	659.00
	1394.36	0.00	5.21	659.00
	1394.37	0.00	5.22	657.00
	1394.38	0.00	5.21	659.00
	1394.39	0.00	5.21	659.00
	1394.41	0.00	5.22	658.00
	1394.42	0.00	5.21	657.00
	1394.43	0.00	5.23	655.00
	1394.44	0.00	5.21	655.00
	1394.45	0.00	5.21	654.00
	1394.46	0.00	5.21	651.00
	1394.47	0.00	5.20	649.00
	1394.49	0.00	5.21	648.00
	1394.50	0.00	5.22	647.00
	1394.51	0.00	5.21	645.00
	1394.52	0.00	5.22	644.00
	1394.53	0.00	5.23	641.00
	1394.54	0.00	5.28	641.00
	1394.56	0.00	5.27	642.00
	1394.57	0.00	5.28	640.00
	1394.58	0.00	5.28	638.00
	1394.59	0.00	5.27	643.00
	1394.60	0.00	5.27	644.00
	1394.61	0.00	5.27	642.00
	1394.62	0.00	5.26	641.00
	1394.64	0.00	5.26	640.00
	1394.65	0.00	5.28	638.00
	1394.66	0.00	5.28	634.00
	1394.67	0.00	5.29	633.00
	1394.68	0.00	5.30	629.00
	1394.69	0.00	5.29	626.00
	1394.70	0.00	5.29	625.00
	1394.72	0.00	5.28	622.00
	1394.73	0.00	5.28	619.00
	1394.74	0.00	5.38	622.00
	1394.75	0.00	5.36	620.00
	1394.76	0.00	5.38	618.00
	1394.77	0.00	5.36	616.00
	1394.79	0.00	5.37	621.00
	1394.80	0.00	5.36	625.00
	1394.81	0.00	5.36	624.00
	1394.82	0.00	5.34	624.00
	1394.83	0.00	5.35	626.00
	1394.84	0.00	5.35	625.00
	1394.85	0.00	5.35	626.00
	1394.87	0.00	5.36	624.00
	1394.88	0.00	5.36	621.00
	1394.89	0.00	5.36	621.00
	1394.90	0.00	5.36	622.00
	1394.91	0.00	5.36	623.00
	1394.92	0.00	5.36	623.00
	1394.94	0.00	5.36	621.00
	1394.95	0.00	5.36	622.00
	1394.96	0.00	5.36	622.00
	1394.97	0.00	5.36	622.00
	1394.98	0.00	5.36	622.00
	1394.99	0.00	5.37	622.00
	1395.00	0.00	5.38	621.00
	1395.02	0.00	5.36	618.00
	1395.03	0.00	5.36	616.00
	1395.04	0.00	5.35	615.00
	1395.05	0.00	5.58	563.00
	1395.06	0.00	5.35	612.00
	1395.07	0.00	5.35	612.00
	1395.08	0.00	5.35	611.00
	1395.09	0.00	5.36	609.00
	1395.11	0.00	5.37	609.00
	1395.12	0.00	5.61	558.00
	1395.13	0.00	5.61	558.00
	1395.14	0.00	5.62	557.00
	1395.15	0.00	5.60	563.00
	1395.17	0.00	5.37	612.00
	1395.18	0.00	5.36	612.00
	1395.19	0.00	5.30	610.00
	95.59	0.00	5.58	555.00
	1395.60	0.00	5.58	553.00
	1395.61	0.00	5.58	551.00
	1395.62	0.00	5.56	555.00
	1395.64	0.00	5.56	555.00
	1395.65	0.00	5.56	553.00
	1395.66	0.00	5.57	552.00
	1395.67	0.00	5.63	557.00
	1395.68	0.00	5.64	554.00
	1395.69	0.00	5.65	551.00
	1395.70	0.00	5.64	556.00
	1395.72	0.00	5.63	558.00
	1395.73	0.00	5.63	560.00
	1395.74	0.00	5.63	560.00
	1395.75	0.00	5.63	561.00
	1395.76	0.00	5.63	561.00
	1395.77	0.00	5.62	559.00
	1395.79	0.00	5.62	559.00
	1395.80	0.00	5.63	558.00
	1395.81	0.00	5.63	559.00
	1395.82	0.00	5.63	558.00
	1395.83	0.00	5.63	558.00
	1395.84	0.00	5.62	559.00
	1395.85	0.00	5.62	562.00
	1395.87	0.00	5.63	562.00
	1395.88	0.00	5.62	562.00
	1395.89	0.00	5.62	562.00
	1395.90	0.00	5.61	562.00
	1395.91	0.00	5.63	562.00
	1395.92	0.00	5.63	562.00
	1395.94	0.00	5.64	565.00
	1395.95	0.00	5.38	614.00
	1395.96	0.00	5.61	565.00
	1395.97	0.00	5.38	616.00
	1395.98	0.00	5.38	616.00
	1395.99	0.00	5.41	617.00
	1396.01	0.00	5.40	616.00
	1396.02	0.00	5.59	565.00
	1396.03	0.00	5.59	564.00
	1396.04	0.00	5.59	564.00
	1396.05	0.00	5.60	563.00
	1396.06	0.00	5.59	562.00
	1396.07	0.00	5.61	559.00
	1396.08	0.00	5.62	557.00
	1396.10	0.00	5.62	552.00
	1396.11	0.00	5.61	549.00
	1396.12	0.00	5.62	546.00
	1396.13	0.00	5.64	541.00
	1396.14	0.00	5.63	542.00
	1396.15	0.00	5.63	542.00
	1396.17	0.00	5.63	538.00
	1396.18	0.00	5.57	535.00
	1396.19	0.00	5.59	534.00
	1396.20	0.00	5.60	533.00
	1396.21	0.00	5.60	532.00
	1396.22	0.00	5.59	532.00
	1396.23	0.00	5.59	531.00
	1396.25	0.00	5.59	530.00
	1396.26	0.00	5.59	530.00
	1396.27	0.00	5.59	530.00
	1396.28	0.00	5.59	530.00
	1396.29	0.00	5.59	526.00
	1396.30	0.00	5.60	526.00
	1396.32	0.00	5.60	525.00
	1396.33	0.00	5.60	525.00
	1396.34	0.00	5.59	525.00
	1396.35	0.00	5.59	526.00
	1396.36	0.00	5.60	525.00
	1396.37	0.00	5.61	525.00
	1396.39	0.00	5.60	525.00
	1396.40	0.00	5.61	526.00
	1396.41	0.00	5.60	526.00
	1396.42	0.00	5.60	526.00
	1396.43	0.00	5.60	528.00
	1396.44	0.00	5.60	526.00
	1396.45	0.00	5.59	529.00
	1396.47	0.00	5.59	529.00
	1396.48	0.00	5.59	531.00
	1396.49	0.00	5.59	531.00
	1396.50	0.00	5.58	532.00
	1396.51	0.00	5.58	532.00
	1396.53	0.00	5.58	533.00
	1396.54	0.00	5.59	534.00
	1396.55	0.00	5.59	535.00
	1396.56	0.00	5.57	536.00
	1396.57	0.00	5.57	540.00
	1396.58	0.00	5.58	539.00
	1396.59	0.00	5.57	540.00
	1396.61	0.00	5.56	541.00
	1396.62	0.00	5.58	543.00
	1396.63	0.00	5.57	544.00
	1396.64	0.00	5.56	543.00
	1396.65	0.00	5.56	545.00
	1396.66	0.00	5.55	545.00
	1396.68	0.00	5.55	545.00
	1396.69	0.00	5.55	544.00
	1396.70	0.00	5.55	545.00
	1396.71	0.00	5.55	546.00
	1396.72	0.00	5.55	546.00
	1396.73	0.00	5.54	545.00
	1396.75	0.00	5.54	544.00
	1396.76	0.00	5.56	546.00
	1396.77	0.00	5.60	547.00
	1396.78	0.00	5.60	545.00
	1396.79	0.00	5.59	545.00
	1396.80	0.00	5.60	548.00
	1396.81	0.00	5.58	549.00
	1396.83	0.00	5.59	548.00
	1396.84	0.00	5.58	550.00
	1396.85	0.00	5.58	550.00
	1396.86	0.00	5.58	550.00
	1396.87	0.00	5.59	551.00
	1396.88	0.00	5.58	549.00
	1396.89	0.00	5.59	547.00
	1396.91	0.00	5.59	545.00
	1396.92	0.00	5.59	548.00
	1396.93	0.00	5.57	548.00
	1396.94	0.00	5.58	548.00
	1396.95	0.00	5.57	546.00
	1396.96	0.00	5.65	550.00
	1396.97	0.00	5.66	549.00
	1396.99	0.00	5.67	547.00
	1397.00	0.00	5.66	545.00
	1397.01	0.00	5.64	553.00
	1397.02	0.00	5.63	554.00
	1397.03	0.00	5.64	555.00
	1397.04	0.00	5.66	554.00
	1397.06	0.00	5.61	553.00
	1397.07	0.00	5.63	555.00
	1397.08	0.00	5.63	556.00
	1397.09	0.00	5.63	557.00
	1397.10	0.00	5.62	560.00
	1397.11	0.00	5.62	562.00
	1397.13	0.00	5.63	562.00
	1397.14	0.00	5.62	564.00
	1397.15	0.00	5.62	566.00
	1397.16	0.00	5.62	566.00
	1397.17	0.00	5.61	567.00
	1397.18	0.00	5.62	567.00
	1397.19	0.00	5.61	570.00
	1397.20	0.00	5.38	620.00
	1397.22	0.00	5.38	623.00
	1397.23	0.00	5.37	624.00
	1397.24	0.00	5.37	627.00
	1397.25	0.00	5.37	628.00
	1397.26	0.00	5.35	627.00
	1397.27	0.00	5.32	628.00
	1397.29	0.00	5.33	628.00
	1397.30	0.00	5.33	628.00
	1397.31	0.00	5.34	629.00
	1397.32	0.00	5.34	629.00
	1397.33	0.00	5.33	628.00
	1397.34	0.00	5.34	626.00
	1397.35	0.00	5.33	625.00
	1397.37	0.00	5.34	623.00
	1397.38	0.00	5.35	621.00
	1397.39	0.
	1401.83	0.00	5.86	417.00
	1401.84	0.00	5.86	418.00
	1401.85	0.00	5.88	417.00
	1401.86	0.00	5.88	417.00
	1401.88.88	417.00
	1401.83	0.00	5.86	417.00
	1401.84	0.00	5.86	418.00
	1401.85	0.00	5.88	417.00
	1401.86	0.00	5.88	417.00
	1401.88	0.00	5.89	414.00
	1401.89	0.00	5.88	415.00
	1401.90	0.00	5.88	416.00
	1401.91	0.00	5.88	415.00
	1401.92	0.00	5.88	415.00
	1401.93	0.00	5.88	415.00
	1401.95	0.00	5.87	415.00
	1401.96	0.00	5.88	415.00
	1401.97	0.00	5.88	414.00
	1401.98	0.00	5.88	415.00
	1401.99	0.00	5.90	415.00
	1402.00	0.00	5.88	414.00
	1402.01	0.00	5.89	415.00
	1402.03	0.00	5.87	414.00
	1402.04	0.00	5.89	412.00
	1402.05	0.00	5.90	413.00
	1402.06	0.00	5.89	413.00
	1402.07	0.00	5.89	413.00
	1402.08	0.00	5.90	412.00
	1402.09	0.00	5.89	412.00
	1402.11	0.00	5.89	412.00
	1402.12	0.00	5.90	413.00
	1402.13	0.00	5.90	412.00
	1402.14	0.00	5.88	411.00
	1402.15	0.00	5.90	412.00
	1402.17	0.00	5.90	411.00
	1402.18	0.00	5.90	410.00
	1402.19	0.00	5.90	411.00
	1402.20	0.00	5.88	408.00
	1402.21	0.00	5.88	408.00
	1402.22	0.00	5.90	409.00
	1402.23	0.00	5.88	409.00
	1402.25	0.00	5.88	408.00
	1402.26	0.00	5.88	407.00
	1402.27	0.00	5.88	407.00
	1402.28	0.00	5.88	408.00
	1402.29	0.00	5.88	408.00
	1402.30	0.00	5.88	407.00
	1402.31	0.00	5.88	406.00
	1402.33	0.00	5.88	407.00
	1402.34	0.00	5.89	406.00
	1402.35	0.00	5.88	407.00
	1402.36	0.00	5.87	404.00
	1402.37	0.00	5.91	405.00
	1402.38	0.00	5.85	404.00
	1402.40	0.00	5.87	403.00
	1402.41	0.00	5.89	403.00
	1402.42	0.00	5.94	404.00
	1402.43	0.00	5.94	402.00
	1402.44	0.00	5.94	402.00
	1402.45	0.00	5.95	401.00
	1402.46	0.00	5.97	401.00
	1402.48	0.00	5.95	401.00
	1402.49	0.00	5.95	400.00
	1402.50	0.00	5.93	405.00
	1402.51	0.00	5.93	405.00
	1402.52	0.00	5.95	405.00
	1402.53	0.00	5.94	403.00
	1402.55	0.00	5.94	403.00
	1402.56	0.00	5.94	402.00
	1402.57	0.00	5.94	401.00
	1402.58	0.00	5.94	402.00
	1402.59	0.00	5.95	402.00
	1402.60	0.00	5.93	401.00
	1402.61	0.00	5.94	403.00
	1402.63	0.00	5.94	402.00
	1402.64	0.00	5.96	403.00
	1402.65	0.00	5.96	402.00
	1402.66	0.00	5.94	402.00
	1402.67	0.00	5.94	402.00
	1402.68	0.00	5.94	403.00
	1402.70	0.00	5.94	402.00
	1402.71	0.00	5.94	402.00
	1402.72	0.00	5.94	400.00
	1402.73	0.00	5.96	400.00
	1402.74	0.00	5.94	400.00
	1402.75	0.00	5.95	402.00
	1402.77	0.00	5.96	401.00
	1402.78	0.00	5.93	400.00
	1402.79	0.00	5.94	400.00
	1402.80	0.00	5.92	399.00
	1402.81	0.00	5.93	399.00
	1402.82	0.00	5.93	398.00
	1402.83	0.00	6.01	402.00
	1402.85	0.00	6.02	401.00
	1402.86	0.00	6.02	401.00
	1402.87	0.00	6.02	401.00
	1402.88	0.00	6.02	401.00
	1402.89	0.00	6.03	399.00
	1402.90	0.00	6.04	398.00
	1402.92	0.00	6.04	400.00
	1402.93	0.00	6.01	407.00
	1402.94	0.00	6.01	406.00
	1402.95	0.00	6.02	406.00
	1402.96	0.00	6.01	406.00
	1402.97	0.00	6.00	408.00
	1402.98	0.00	6.02	406.00
	1403.00	0.00	6.01	405.00
	1403.01	0.00	6.01	406.00
	1403.02	0.00	6.01	406.00
	1403.03	0.00	6.01	406.00
	1403.04	0.00	6.01	405.00
	1403.05	0.00	6.00	407.00
	1403.06	0.00	6.01	406.00
	1403.08	0.00	6.02	408.00
	1403.09	0.00	6.00	408.00
	1403.10	0.00	6.01	408.00
	1403.11	0.00	6.01	408.00
	1403.12	0.00	6.00	409.00
	1403.13	0.00	6.01	408.00
	1403.15	0.00	5.99	407.00
	1403.16	0.00	6.00	409.00
	1403.17	0.00	6.00	410.00
	1403.18	0.00	6.00	410.00
	1403.19	0.00	6.00	410.00
	1403.20	0.00	6.00	410.00
	1403.21	0.00	6.00	410.00
	1403.23	0.00	6.01	409.00
	1403.24	0.00	6.00	409.00
	1403.25	0.00	6.01	410.00
	1403.26	0.00	6.00	411.00
	1403.27	0.00	6.00	412.00
	1403.28	0.00	5.99	413.00
	1403.30	0.00	5.99	413.00
	1403.31	0.00	6.02	415.00
	1403.32	0.00	6.00	414.00
	1403.33	0.00	6.00	414.00
	1403.34	0.00	5.94	413.00
	1403.35	0.00	5.94	413.00
	1403.36	0.00	5.94	414.00
	1403.38	0.00	5.95	413.00
	1403.39	0.00	5.95	412.00
	1403.40	0.00	5.95	412.00
	1403.41	0.00	5.96	411.00
	1403.42	0.00	5.94	412.00
	1403.43	0.00	5.95	413.00
	1403.44	0.00	5.93	413.00
	1403.46	0.00	5.93	413.00
	1403.47	0.00	5.94	413.00
	1403.48	0.00	5.94	413.00
	1403.49	0.00	5.93	414.00
	1403.50	0.00	5.97	413.00
	1403.51	0.00	5.96	413.00
	1403.53	0.00	5.94	411.00
	1403.54	0.00	5.95	412.00
	1403.55	0.00	5.95	413.00
	1403.56	0.00	5.93	417.00
	1403.57	0.00	5.93	417.00
	1403.58	0.00	5.93	417.00
	1403.59	0.00	5.93	417.00
	1403.61	0.00	5.95	417.00
	1403.62	0.00	5.92	418.00
	1403.63	0.00	5.88	418.00
	1403.64	0.00	5.86	416.00
	1403.65	0.00	5.86	416.00
	1403.66	0.00	5.88	417.00
	1403.68	0.00	5.88	413.00
	1403.69	0.00	5.86	415.00
	1403.70	0.00	5.87	414.00
	1403.71	0.00	5.86	417.00
	1403.72	0.00	5.88	416.00
	1403.73	0.00	5.88	416.00
	1403.74	0.00	5.87	415.00
	1403.76	0.00	5.87	417.00
	1403.77	0.00	5.88	417.00
	1403.78	0.00	5.86	417.00
	1403.79	0.00	5.87	418.00
	1403.80	0.00	5.88	419.00
	1403.81	0.00	5.86	419.00
	1403.83	0.00	5.86	419.00
	1403.84	0.00	5.86	419.00
	1403.85	0.00	5.86	419.00
	1403.86	0.00	5.85	420.00
	1403.87	0.00	5.86	420.00
	1403.88	0.00	5.87	419.00
	1403.89	0.00	5.86	420.00
	1403.91	0.00	5.87	420.00
	1403.92	0.00	5.87	420.00
	1403.93	0.00	5.85	421.00
	1403.94	0.00	5.86	421.00
	1403.95	0.00	5.86	421.00
	1403.96	0.00	5.86	421.00
	1403.97	0.00	5.86	421.00
	1403.99	0.00	5.85	423.00
	1404.00	0.00	5.85	423.00
	1404.01	0.00	5.85	422.00
	1404.02	0.00	5.85	423.00
	1404.03	0.00	5.85	424.00
	1404.05	0.00	5.86	424.00
	1404.06	0.00	5.86	425.00
	1404.07	0.00	5.85	425.00
	1404.08	0.00	5.84	426.00
	1404.09	0.00	5.85	425.00
	1404.10	0.00	5.84	424.00
	1404.11	0.00	5.84	424.00
	1404.13	0.00	5.84	425.00
	1404.14	0.00	5.82	424.00
	1404.15	0.00	5.83	426.00
	1404.16	0.00	5.85	425.00
	1404.17	0.00	5.83	424.00
	1404.18	0.00	5.82	425.00
	1404.19	0.00	5.83	425.00
	1404.21	0.00	5.86	425.00
	1404.22	0.00	5.89	426.00
	1404.23	0.00	5.90	425.00
	1404.24	0.00	5.89	426.00
	1404.25	0.00	5.90	425.00
	1404.26	0.00	5.90	424.00
	1404.28	0.00	5.90	424.00
	1404.29	0.00	5.89	426.00
	1404.30	0.00	5.91	425.00
	1404.31	0.00	5.90	424.00
	1404.32	0.00	5.89	429.00
	1404.33	0.00	5.90	430.00
	1404.34	0.00	5.89	430.00
	1404.36	0.00	5.89	430.00
	1404.37	0.00	5.88	428.00
	1404.38	0.00	5.87	430.00
	1404.39	0.00	5.88	429.00
	1404.40	0.00	5.88	429.00
	1404.41	0.00	5.87	428.00
	1404.43	0.00	5.88	429.00
	1404.44	0.00	5.89	430.00
	1404.45	0.00	5.88	429.00
	1404.46	0.00	5.89	428.00
	1404.47	0.00	5.88	429.00
	1404.48	0.00	5.88	429.00
	1404.49	0.00	5.86	431.00
	1404.51	0.00	5.86	431.00
	1404.52	0.00	5.86	432.00
	1404.53	0.00	5.86	432.00
	1404.54	0.00	5.87	432.00
	1404.55	0.00	5.85	433.00
	1404.56	0.00	5.85	433.00
	1404.57	0.00	5.84	432.00
	1404.59	0.00	5.91	437.00
	1404.60	0.00	5.92	436.00
	1404.61	0.00	5.95	436.00
	1404.62	0.00	5.91	438.00
	1404.63	0.00	5.92	436.00
	1404.64	0.00	5.95	437.00
	1404.66	0.00	5.94	436.00
	1404.67	0.00	5.91	443.00
	1404.68	0.00	5.91	445.00
	1404.69	0.00	5.90	446.00
	1404.70	0.00	5.89	448.00
	1404.71	0.00	5.90	448.00
	1404.72	0.00	5.90	448.00
	1404.74	0.00	5.90	448.00
	1404.75	0.00	5.87	448.00
	1404.76	0.00	5.90	451.00
	1404.77	0.00	5.89	452.00
	1404.78	0.00	5.89	455.00
	1404.79	0.00	5.88	455.00
	1404.81	0.00	5.89	455.00
	1404.82	0.00	5.88	459.00
	1404.83	0.00	5.88	459.00
	1404.84	0.00	5.87	461.00
	1404.85	0.00	5.86	465.00
	1404.86	0.00	5.87	466.00
	1404.87	0.00	5.85	465.00
	1404.89	0.00	5.85	465.00
	1404.90	0.00	5.85	464.00
	1404.91	0.00	5.86	466.00
	1404.92	0.00	5.84	467.00
	1404.93	0.00	5.86	467.00
	1404.94	0.00	5.86	468.00
	1404.95	0.00	5.84	466.00
	1404.97	0.00	5.87	468.00
	1404.98	0.00	5.85	469.00
	1404.99	0.00	5.85	469.00
	1405.00	0.00	5.86	471.00
	1405.01	0.00	5.87	471.00
	1405.02	0.00	5.80	471.00
	1405.04	0.00	5.79	470.00
	1405.05	0.00	5.78	471.00
	1405.06	0.00	5.79	470.00
	1405.07	0.00	5.79	470.00
	1405.08	0.00	5.78	471.00
	1405.09	0.00	5.79	471.00
	1405.10	0.00	5.79	470.00
	1405.12	0.00	5.79	469.00
	1405.13	0.00	5.79	470.00
	1405.14	0.00	5.79	470.00
	1405.15	0.00	5.79	469.00
	1405.16	0.00	5.79	471.00
	1405.17	0.00	5.80	470.00
	1405.19	0.00	5.79	468.00
	1405.20	0.00	5.81	470.00
	1405.21	0.00	5.81	469.00
	1405.22	0.00	5.81	469.00
	1405.23	0.00	5.81	469.00
	1405.24	0.00	5.82	467.00
	1405.25	0.00	5.81	465.00
	1405.27	0.00	5.80	472.00
	1405.28	0.00	5.81	472.00
	1405.29	0.00	5.79	471.00
	1405.30	0.00	5.80	470.00
	1405.31	0.00	5.79	468.00
	1405.32	0.00	5.75	469.00
	1405.33	0.00	5.75	468.00
	1405.35	0.00	5.75	468.00
	1405.36	0.00	5.75	468.00
	1405.37	0.00	5.75	468.00
	1405.38	0.00	5.75	467.00
	1405.39	0.00	5.75	466.00
	1405.41	0.00	5.75	463.00
	1405.42	0.00	5.77	465.00
	1405.43	0.00	5.77	463.00
	1405.44	0.00	5.76	465.00
	1405.45	0.00	5.76	464.00
	1405.46	0.00	5.75	464.00
	1405.47	0.00	5.76	465.00
	1405.49	0.00	5.77	465.00
	1405.50	0.00	5.76	465.00
	1405.51	0.00	5.77	464.00
	1405.52	0.00	5.78	465.00
	1405.53	0.00	5.77	465.00
	1405.54	0.00	5.76	465.00
	1405.55	0.00	5.78	462.00
	1405.56	0.00	5.74	461.00
	1405.58	0.00	5.78	463.00
	1405.59	0.00	5.77	464.00
	1405.60	0.00	5.75	463.00
	1405.61	0.00	5.75	464.00
	1405.62	0.00	5.76	465.00
	1405.64	0.00	5.75	464.00
	1405.65	0.00	5.75	464.00
	1405.66	0.00	5.76	464.00
	1405.67	0.00	5.76	464.00
	1405.68	0.00	5.76	464.00
	1405.69	0.00	5.75	463.00
	1405.70	0.00	5.74	464.00
	1405.72	0.00	5.74	464.00
	1405.73	0.00	5.75	464.00
	1405.74	0.00	5.76	463.00
	1405.75	0.00	5.75	463.00
	1405.76	0.00	5.76	462.00
	1405.77	0.00	5.74	463.00
	1405.79	0.00	5.74	462.00
	1405.80	0.00	5.73	462.00
	1405.81	0.00	5.75	462.00
	1405.82	0.00	5.80	463.00
	1405.83	0.00	5.80	463.00
	1405.84	0.00	5.80	463.00
	1405.85	0.00	5.81	462.00
	1405.86	0.00	5.78	467.00
	1405.88	0.00	5.79	468.00
	1405.89	0.00	5.79	468.00
	1405.90	0.00	5.78	469.00
	1405.91	0.00	5.79	469.00
	1405.92	0.00	5.78	469.00
	1405.93	0.00	5.78	469.00
	1405.95	0.00	5.78	470.00
	1405.96	0.00	5.78	469.00
	1405.97	0.00	5.78	470.00
	1405.98	0.00	5.79	470.00
	1405.99	0.00	5.79	471.00
	1406.00	0.00	5.78	471.00
	1406.02	0.00	5.71	470.00
	1406.03	0.00	5.72	471.00
	1406.04	0.00	5.75	470.00
	1406.05	0.00	5.74	468.00
	1406.06	0.00	5.78	468.00
	1406.07	0.00	5.78	470.00
	1406.08	0.00	5.75	470.00
	1406.10	0.00	5.76	471.00
	1406.11	0.00	5.78	471.00
	1406.12	0.00	5.75	472.00
	1406.13	0.00	5.76	472.00
	1406.14	0.00	5.75	471.00
	1406.15	0.00	5.74	469.00
	1406.17	0.00	5.76	470.00
	1406.18	0.00	5.75	470.00
	1406.19	0.00	5.81	474.00
	1406.20	0.00	5.82	474.00
	1406.21	0.00	5.84	473.00
	1406.22	0.00	5.83	471.00
	1406.23	0.00	5.81	472.00
	1406.25	0.00	5.80	478.00
	1406.26	0.00	5.80	479.00
	1406.27	0.00	5.81	478.00
	1406.28	0.00	5.80	477.00
	1406.29	0.00	5.81	478.00
	1406.30	0.00	5.79	477.00
	1406.31	0.00	5.80	478.00
	1406.33	0.00	5.80	479.00
	1406.34	0.00	5.79	479.00
	1406.35	0.00	5.80	479.00
	1406.36	0.00	5.80	478.00
	1406.37	0.00	5.79	478.00
	1406.39	0.00	5.82	478.00
	1406.40	0.00	5.80	479.00
	1406.41	0.00	5.82	476.00
	1406.42	0.00	5.83	476.00
	1406.43	0.00	5.83	476.00
	1406.44	0.00	5.82	477.00
	1406.45	0.00	5.81	476.00
	1406.46	0.00	5.82	477.00
	1406.48	0.00	5.82	477.00
	1406.49	0.00	5.83	476.00
	1406.50	0.00	5.81	475.00
	1406.51	0.00	5.80	472.00
	1406.52	0.00	5.83	473.00
	1406.53	0.00	5.83	472.00
	1406.55	0.00	5.83	472.00
	1406.56	0.00	5.84	472.00
	1406.57	0.00	5.83	473.00
	1406.58	0.00	5.84	471.00
	1406.59	0.00	5.83	472.00
	1406.60	0.00	5.85	471.00
	1406.61	0.00	5.85	471.00
	1406.63	0.00	5.86	470.00
	1406.64	0.00	5.85	469.00
	1406.65	0.00	5.81	467.00
	1406.66	0.00	5.79	465.00
	1406.67	0.00	5.79	466.00
	1406.68	0.00	5.82	463.00
	1406.69	0.00	5.80	462.00
	1406.71	0.00	5.80	462.00
	1406.72	0.00	5.77	461.00
	1406.73	0.00	5.80	460.00
	1406.74	0.00	5.81	460.00
	1406.75	0.00	5.81	461.00
	1406.76	0.00	5.79	460.00
	1406.78	0.00	5.80	461.00
	1406.79	0.00	5.82	460.00
	1406.80	0.00	5.82	459.00
	1406.81	0.00	5.81	459.00
	1406.82	0.00	5.83	458.00
	1406.83	0.00	5.81	464.00
	1406.84	0.00	5.83	457.00
	1406.86	0.00	5.81	463.00
	1406.87	0.00	5.81	464.00
	1406.88	0.00	5.81	463.00
	1406.89	0.00	5.81	464.00
	1406.90	0.00	5.82	463.00
	1406.91	0.00	5.81	463.00
	1406.93	0.00	5.82	463.00
	1406.94	0.00	5.82	464.00
	1406.95	0.00	5.77	463.00
	1406.96	0.00	5.75	461.00
	1406.97	0.00	5.75	461.00
	1406.98	0.00	5.75	461.00
	1407.00	0.00	5.75	461.00
	1407.01	0.00	5.76	460.00
	1407.02	0.00	5.76	460.00
	1407.03	0.00	5.77	457.00
	1407.04	0.00	5.76	458.00
	1407.05	0.00	5.75	459.00
	1407.06	0.00	5.76	460.00
	1407.08	0.00	5.74	459.00
	1407.09	0.00	5.76	460.00
	1407.10	0.00	5.76	459.00
	1407.11	0.00	5.76	460.00
	1407.12	0.00	5.76	460.00
	1407.13	0.00	5.76	459.00
	1407.14	0.00	5.76	462.00
	1407.16	0.00	5.76	462.00
	1407.17	0.00	5.76	462.00
	1407.18	0.00	5.77	460.00
	1407.19	0.00	5.75	462.00
	1407.20	0.00	5.76	461.00
	1407.21	0.00	5.78	461.00
	1407.22	0.00	5.76	462.00
	1407.24	0.00	5.74	460.00
	1407.25	0.00	5.76	461.00
	1407.26	0.00	5.77	462.00
	1407.27	0.00	5.76	461.00
	1407.28	0.00	5.77	461.00
	1407.29	0.00	5.75	461.00
	1407.31	0.00	5.75	461.00
	1407.32	0.00	5.75	461.00
	1407.33	0.00	5.75	461.00
	1407.34	0.00	5.76	461.00
	1407.35	0.00	5.74	460.00
	1407.36	0.00	5.75	459.00
	1407.38	0.00	5.74	461.00
	1407.39	0.00	5.74	461.00
	1407.40	0.00	5.74	461.00
	1407.41	0.00	5.74	462.00
	1407.42	0.00	5.73	463.00
	1407.43	0.00	5.73	463.00
	1407.44	0.00	5.74	464.00
	1407.46	0.00	5.73	465.00
	1407.47	0.00	5.74	466.00
	1407.48	0.00	5.74	466.00
	1407.49	0.00	5.79	470.00
	1407.50	0.00	5.78	471.00
	1407.51	0.00	5.77	472.00
	1407.52	0.00	5.76	471.00
	1407.54	0.00	5.77	472.00
	1407.55	0.00	5.77	473.00
	1407.56	0.00	5.77	474.00
	1407.57	0.00	5.76	477.00
	1407.58	0.00	5.73	479.00
	1407.59	0.00	5.73	479.00
	1407.60	0.00	5.74	481.00
	1407.62	0.00	5.74	480.00
	1407.63	0.00	5.74	480.00
	1407.64	0.00	5.73	481.00
	1407.65	0.00	5.74	480.00
	1407.66	0.00	5.74	480.00
	1407.68	0.00	5.74	480.00
	1407.69	0.00	5.76	480.00
	1407.70	0.00	5.75	479.00
	1407.71	0.00	5.73	479.00
	1407.72	0.00	5.75	478.00
	1407.73	0.00	5.74	475.00
	1407.74	0.00	5.74	479.00
	1407.76	0.00	5.74	478.00
	1407.77	0.00	5.73	480.00
	1407.78	0.00	5.74	479.00
	1407.79	0.00	5.74	479.00
	1407.80	0.00	5.73	477.00
	1407.81	0.00	5.72	476.00
	1407.82	0.00	5.74	476.00
	1407.84	0.00	5.80	477.00
	1407.85	0.00	5.81	477.00
	1407.86	0.00	5.82	475.00
	1407.87	0.00	5.81	476.00
	1407.88	0.00	5.82	475.00
	1407.89	0.00	5.82	473.00
	1407.91	0.00	5.82	473.00
	1407.92	0.00	5.80	478.00
	1407.93	0.00	5.80	479.00
	1407.94	0.00	5.79	480.00
	1407.95	0.00	5.81	480.00
	1407.96	0.00	5.80	480.00
	1407.97	1.00	5.79	480.00
	1407.99	1.00	5.80	480.00
	1408.00	1.00	5.79	480.00
	1408.01	1.00	5.79	480.00
	1408.02	1.00	5.81	481.00
	1408.03	1.00	5.81	480.00
	1408.04	1.00	5.81	481.00
	1408.06	1.00	5.79	480.00
	1408.07	1.00	5.81	481.00
	1408.08	1.00	5.81	479.00
	1408.09	1.00	5.79	479.00
	1408.10	1.00	5.81	479.00
	1408.11	1.00	5.80	478.00
	1408.12	1.00	5.82	478.00
	1408.14	1.00	5.81	476.00
	1408.15	1.00	5.81	475.00
	1408.16	1.00	5.83	474.00
	1408.17	1.00	5.84	472.00
	1408.18	1.00	5.83	475.00
	1408.19	1.00	5.83	473.00
	1408.20	1.00	5.83	472.00
	1408.22	0.00	5.84	472.00
	1408.23	0.00	5.86	470.00
	1408.24	0.00	5.87	470.00
	1408.25	0.00	5.86	469.00
	1408.26	0.00	5.82	465.00
	1408.27	0.00	5.82	465.00
	1408.29	0.00	5.81	465.00
	1408.30	0.00	5.82	464.00
	1408.31	0.00	5.82	464.00
	1408.32	0.00	5.81	463.00
	1408.33	0.00	5.82	461.00
	1408.34	0.00	5.82	461.00
	1408.35	0.00	5.82	460.00
	1408.37	0.00	5.83	458.00
	1408.38	0.00	5.83	458.00
	1408.39	0.00	5.83	459.00
	1408.40	0.00	5.84	457.00
	1408.41	0.00	5.81	457.00
	1408.42	0.00	5.83	455.00
	1408.44	0.00	5.85	458.00
	1408.45	0.00	5.85	458.00
	1408.46	0.00	5.85	457.00
	1408.47	0.00	5.85	456.00
	1408.48	0.00	5.85	455.00
	1408.49	0.00	5.86	453.00
	1408.51	0.00	5.87	451.00
	1408.52	0.00	5.87	449.00
	1408.53	0.00	5.87	449.00
	1408.54	0.00	5.85	452.00
	1408.55	0.00	5.85	452.00
	1408.56	0.00	5.85	451.00
	1408.57	0.00	5.86	450.00
	1408.58	0.00	5.80	449.00
	1408.60	0.00	5.80	449.00
	1408.61	0.00	5.80	449.00
	1408.62	0.00	5.80	448.00
	1408.63	0.00	5.81	446.00
	1408.64	0.00	5.81	445.00
	1408.65	0.00	5.81	444.00
	1408.67	0.00	5.82	444.00
	1408.68	0.00	5.81	445.00
	1408.69	0.00	5.82	445.00
	1408.70	0.00	5.82	443.00
	1408.71	0.00	5.83	442.00
	1408.72	0.00	5.83	442.00
	1408.73	0.00	5.83	442.00
	1408.75	0.00	5.83	442.00
	1408.76	0.00	5.82	442.00
	1408.77	0.00	5.83	442.00
	1408.78	0.00	5.83	442.00
	1408.79	0.00	5.83	442.00
	1408.80	0.00	5.82	443.00
	1408.82	0.00	5.82	443.00
	1408.83	0.00	5.82	442.00
	1408.84	0.00	5.83	441.00
	1408.85	0.00	5.82	442.00
	1408.86	0.00	5.83	442.00
	1408.87	0.00	5.84	442.00
	1408.89	0.00	5.82	442.00
	1408.90	0.00	5.81	442.00
	1408.91	0.00	5.83	441.00
	1408.92	0.00	5.82	442.00
	1408.93	0.00	5.82	442.00
	1408.94	0.00	5.81	441.00
	1408.95	0.00	5.80	443.00
	1408.97	0.00	5.81	444.00
	1408.98	0.00	5.80	442.00
	1408.99	0.00	5.81	442.00
	1409.00	0.00	5.81	441.00
	1409.01	0.00	5.81	443.00
	1409.02	0.00	5.82	442.00
	1409.04	0.00	5.81	444.00
	1409.05	0.00	5.79	442.00
	1409.06	0.00	5.80	441.00
	1409.07	0.00	5.84	444.00
	1409.08	0.00	5.87	444.00
	1409.09	0.00	5.88	443.00
	1409.10	0.00	5.87	443.00
	1409.12	0.00	5.87	446.00
	1409.13	0.00	5.86	449.00
	1409.14	0.00	5.83	448.00
	1409.15	0.00	5.85	449.00
	1409.16	0.00	5.84	449.00
	1409.17	0.00	5.84	448.00
	1409.19	0.00	5.84	447.00
	1409.20	0.00	5.84	447.00
	1409.21	0.00	5.84	447.00
	1409.22	0.00	5.84	447.00
	1409.23	0.00	5.85	446.00
	1409.24	0.00	5.85	446.00
	1409.25	0.00	5.85	448.00
	1409.27	0.00	5.85	448.00
	1409.28	0.00	5.85	448.00
	1409.29	0.00	5.85	449.00
	1409.30	0.00	5.85	446.00
	1409.31	0.00	5.84	445.00
	1409.32	0.00	5.83	448.00
	1409.33	0.00	5.85	449.00
	1409.35	0.00	5.84	444.00
	1409.36	0.00	5.85	447.00
	1409.37	0.00	5.84	447.00
	1409.38	0.00	5.85	447.00
	1409.39	0.00	5.83	449.00
	1409.40	0.00	5.83	448.00
	1409.42	0.00	5.85	447.00
	1409.43	0.00	5.84	446.00
	1409.44	0.00	5.81	446.00
	1409.45	0.00	5.84	445.00
	1409.46	0.00	5.90	447.00
	1409.47	0.00	5.91	446.00
	1409.48	0.00	5.92	445.00
	1409.50	0.00	5.92	443.00
	1409.51	0.00	5.89	452.00
	1409.52	0.00	5.89	453.00
	1409.53	0.00	5.89	452.00
	1409.54	0.00	5.90	451.00
	1409.55	0.00	5.90	451.00
	1409.56	0.00	5.91	451.00
	1409.58	0.00	5.88	450.00
	1409.59	0.00	5.88	450.00
	1409.60	0.00	5.88	451.00
	1409.61	0.00	5.91	452.00
	1409.62	0.00	5.88	451.00
	1409.64	0.00	5.89	451.00
	1409.65	0.00	5.91	451.00
	1409.66	0.00	5.89	450.00
	1409.67	0.00	5.90	447.00
	1409.68	0.00	5.89	452.00
	1409.69	0.00	5.89	451.00
	1409.70	0.00	5.89	451.00
	1409.72	0.00	5.89	451.00
	1409.73	0.00	5.88	451.00
	1409.74	0.00	5.89	451.00
	1409.75	0.00	5.89	451.00
	1409.76	0.00	5.91	450.00
	1409.77	0.00	5.89	450.00
	1409.78	0.00	5.91	450.00
	1409.80	0.00	5.89	452.00
	1409.81	0.00	5.91	450.00
	1409.82	0.00	5.91	450.00
	1409.83	0.00	5.91	451.00
	1409.84	0.00	5.85	449.00
	1409.85	0.00	5.85	450.00
	1409.86	0.00	5.85	450.00
	1409.88	0.00	5.85	450.00
	1409.89	0.00	5.85	447.00
	1409.90	0.00	5.86	447.00
	1409.91	0.00	5.86	447.00
	1409.92	0.00	5.87	447.00
	1409.93	0.00	5.87	445.00
	1409.94	0.00	5.88	443.00
	1409.96	0.00	5.87	445.00
	1409.97	0.00	5.88	444.00
	1409.98	0.00	5.89	442.00
	1409.99	0.00	5.88	442.00
	1410.00	0.00	5.88	447.00
	1410.01	0.00	5.88	447.00
	1410.03	0.00	5.89	446.00
	1410.04	0.00	5.88	442.00
	1410.05	0.00	5.81	441.00
	1410.06	0.00	5.82	441.00
	1410.07	0.00	5.82	440.00
	1410.08	0.00	5.83	438.00
	1410.09	0.00	5.84	436.00
	1410.11	0.00	5.84	436.00
	1410.12	0.00	5.84	435.00
	1410.13	0.00	5.85	434.00
	1410.14	0.00	5.86	432.00
	1410.15	0.00	5.85	432.00
	1410.16	0.00	5.85	431.00
	1410.17	0.00	5.85	430.00
	1410.19	0.00	5.85	431.00
	1410.20	0.00	5.85	431.00
	1410.21	0.00	5.85	430.00
	1410.22	0.00	5.85	431.00
	1410.23	0.00	5.87	432.00
	1410.24	0.00	5.83	432.00
	1410.26	0.00	5.84	432.00
	1410.27	0.00	5.84	432.00
	1410.28	0.00	5.82	433.00
	1410.29	0.00	5.83	433.00
	1410.30	0.00	5.83	434.00
	1410.31	0.00	5.83	433.00
	1410.32	0.00	5.83	433.00
	1410.34	0.00	5.82	430.00
	1410.35	0.00	5.82	430.00
	1410.36	0.00	5.78	430.00
	1410.37	0.00	5.80	429.00
	1410.38	0.00	5.79	430.00
	1410.39	0.00	5.80	430.00
	1410.41	0.00	5.80	432.00
	1410.42	0.	1410.91	0.00	6.51	585.00
	1410.92	0.00	6.81	511.00
	1410.93	0.00	6.82	490.00
	1410.94	0.00	7.25	512.00
	1410.96	0.00	7.33	491.00
	1410.97	0.00	7.89	513.00
	1410.98	0.00	7.97	479.00
	1410.99	0.00	8.17	312.00
	1411.00	0.00	7.89	262.00
	1411.01	0.00	8.72	313.00
	1411.02	0.00	8.19	268.00
	1411.04	0.00	8.28	274.00
	1411.05	0.00	8.36	280.00
	1411.06	0.00	8.33	278.00
	1411.07	0.00	8.48	284.00
	1411.08	0.00	8.51	285.00
	1411.09	0.00	8.59	290.00
	1411.10	0.00	8.67	292.00
	1411.12	0.00	8.52	280.00
	1411.13	0.00	8.48	274.00
	1411.14	0.00	8.25	260.00
	1411.15	0.00	7.99	249.00
	1411.16	0.00	7.67	229.00
	1411.17	0.00	6.53	176.00
	1411.19	0.00	6.64	176.00
	1411.20	0.00	6.71	176.00
	1411.21	0.00	6.86	176.00
	1411.22	0.00	6.84	176.00
	1411.23	0.00	6.87	176.00
	1411.24	0.00	6.87	176.00
	1411.26	0.00	6.87	176.00
	1411.27	0.00	6.86	175.00
	1411.28	0.00	6.90	176.00
	1411.29	0.00	6.89	175.00
	1411.30	0.00	6.88	175.00
	1411.31	0.00	6.89	175.00
	1411.32	0.00	6.88	175.00
	1411.34	0.00	6.89	175.00
	1411.35	0.00	6.89	175.00
	1411.36	0.00	6.89	175.00
	1411.37	0.00	6.92	176.00
	1411.38	0.00	6.89	175.00
	1411.40	0.00	6.89	175.00
	1411.41	0.00	6.88	175.00
	1411.42	0.00	6.89	175.00
	1411.43	0.00	6.89	175.00
	1411.44	0.00	6.92	175.00
	1411.45	0.00	6.89	175.00
	1411.46	0.00	6.88	175.00
	1411.48	0.00	6.92	176.00
	1411.49	0.00	6.89	175.00
	1411.50	0.00	6.92	176.00
	1411.51	0.00	6.90	176.00
	1411.52	0.00	6.90	176.00
	1411.54	0.00	6.88	175.00
	1411.55	0.00	6.93	176.00
	1411.56	0.00	6.91	175.00
	1411.57	0.00	6.91	175.00
	1411.58	0.00	6.56	229.00
	1411.59	0.00	6.51	243.00
	1411.60	0.00	5.80	389.00
	1411.62	0.00	5.51	467.00
	1411.63	0.00	5.24	590.00
	1411.64	0.00	5.18	653.00
	1411.65	0.00	5.14	705.00
	1411.66	0.00	5.11	754.00
	1411.67	0.00	5.09	793.00
	1411.69	0.00	5.07	807.00
	1411.70	0.00	5.04	821.00
	1411.71	0.00	5.02	835.00
	1411.72	0.00	5.02	837.00
	1411.73	0.00	5.02	829.00
	1411.74	0.00	5.04	820.00
	1411.75	0.00	5.03	807.00
	1411.77	0.00	5.10	785.00
	1411.78	0.00	5.17	753.00
	1411.79	0.00	5.51	768.00
	1411.80	0.00	5.57	736.00
	1411.81	0.00	5.65	704.00
	1411.82	0.00	5.70	674.00
	1411.83	0.00	5.97	604.00
	1411.85	0.00	5.74	538.00
	1411.86	0.00	5.76	527.00
	1411.87	0.00	5.76	519.00
	1411.88	0.00	5.78	510.00
	1411.89	0.00	5.81	500.00
	1411.90	0.00	5.88	482.00
	1411.91	0.00	6.08	420.00
	1411.93	0.00	6.11	411.00
	1411.94	0.00	6.15	403.00
	1411.95	0.00	6.16	392.00
	1411.96	0.00	6.17	378.00
	1411.97	0.00	6.22	369.00
	1411.98	0.00	6.33	364.00
	1412.00	0.00	6.39	356.00
	1412.01	0.00	7.11	395.00
	1412.02	0.00	7.15	385.00
	1412.03	0.00	7.23	374.00
	1412.04	0.00	7.30	365.00
	1412.05	0.00	7.68	310.00
	1412.06	0.00	7.94	262.00
	1412.07	0.00	7.94	265.00
	1412.09	0.00	7.97	267.00
	1412.10	0.00	8.75	309.00
	1412.11	0.00	8.03	252.00
	1412.12	0.00	8.02	252.00
	1412.13	0.00	7.97	249.00
	1412.14	0.00	7.99	249.00
	1412.16	0.00	8.03	252.00
	1412.17	0.00	9.55	304.00
	1412.18	0.00	9.51	301.00
	1412.19	0.00	9.60	305.00
	1412.20	0.00	8.13	252.00
	1412.21	0.00	8.37	263.00
	1412.22	0.00	8.67	282.00
	1412.24	0.00	8.70	280.00
	1412.25	0.00	8.34	255.00
	1412.26	0.00	6.74	178.00
	1412.27	0.00	6.84	177.00
	1412.28	0.00	6.88	177.00
	1412.29	0.00	6.96	178.00
	1412.31	0.00	6.95	178.00
	1412.32	0.00	6.98	178.00
	1412.33	0.00	7.00	178.00
	1412.34	0.00	7.03	178.00
	1412.35	0.00	7.04	178.00
	1412.36	0.00	7.05	177.00
	1412.38	0.00	7.02	176.00
	1412.39	0.00	7.02	176.00
	1412.40	0.00	6.95	176.00
	1412.41	0.00	6.96	176.00
	1412.42	0.00	6.96	176.00
	1412.43	0.00	6.96	176.00
	1412.44	0.00	6.94	175.00
	1412.46	0.00	6.94	175.00
	1412.47	0.00	6.96	176.00
	1412.48	0.00	6.96	177.00
	1412.49	0.00	6.97	177.00
	1412.50	0.00	6.97	177.00
	1412.51	0.00	6.97	177.00
	1412.53	0.00	6.97	177.00
	1412.54	0.00	6.95	176.00
	1412.55	0.00	6.97	177.00
	1412.56	0.00	6.99	177.00
	1412.57	0.00	6.96	176.00
	1412.58	0.00	6.90	176.00
	1412.59	0.00	6.92	176.00
	1412.60	0.00	6.92	176.00
	1412.62	0.00	6.90	176.00
	1412.63	0.00	6.88	175.00
	1412.64	0.00	6.89	175.00
	1412.65	0.00	6.93	176.00
	1412.66	0.00	6.93	176.00
	1412.67	0.00	6.98	176.00
	1412.69	0.00	6.53	240.00
	1412.70	0.00	5.83	380.00
	1412.71	0.00	5.58	456.00
	1412.72	0.00	5.44	519.00
	1412.73	0.00	5.16	660.00
	1412.74	0.00	5.06	756.00
	1412.76	0.00	4.97	826.00
	1412.77	0.00	4.95	869.00
	1412.78	0.00	4.94	892.00
	1412.79	0.00	4.91	917.00
	1412.80	0.00	4.89	926.00
	1412.81	0.00	4.89	927.00
	1412.82	0.00	4.89	919.00
	1412.84	0.00	4.89	913.00
	1412.85	0.00	4.92	899.00
	1412.86	0.00	4.95	870.00
	1412.87	0.00	5.02	832.00
	1412.88	0.00	5.07	790.00
	1412.89	0.00	5.16	749.00
	1412.91	0.00	5.23	703.00
	1412.92	0.00	5.52	620.00
	1412.93	0.00	5.55	601.00
	1412.94	0.00	5.60	584.00
	1412.95	0.00	5.61	570.00
	1412.96	0.00	5.63	565.00
	1412.97	0.00	5.65	554.00
	1412.98	0.00	5.68	539.00
	1413.00	0.00	5.71	526.00
	1413.01	0.00	5.75	511.00
	1413.02	0.00	5.76	502.00
	1413.03	0.00	5.80	486.00
	1413.04	0.00	5.86	469.00
	1413.06	0.00	5.85	461.00
	1413.07	0.00	5.92	440.00
	1413.08	0.00	6.17	376.00
	1413.09	0.00	6.18	366.00
	1413.10	0.00	6.24	352.00
	1413.11	0.00	7.25	389.00
	1413.12	0.00	7.41	382.00
	1413.14	0.00	7.53	372.00
	1413.15	0.00	7.98	314.00
	1413.16	0.00	8.23	263.00
	1413.17	0.00	8.25	264.00
	1413.18	0.00	8.26	266.00
	1413.19	0.00	8.25	265.00
	1413.20	0.00	8.27	265.00
	1413.21	0.00	8.23	263.00
	1413.23	0.00	8.28	264.00
	1413.24	0.00	8.21	259.00
	1413.25	0.00	7.99	247.00
	1413.26	0.00	8.09	250.00
	1413.27	0.00	8.09	249.00
	1413.28	0.00	8.08	248.00
	1413.30	0.00	8.32	258.00
	1413.31	0.00	8.59	272.00
	1413.32	0.00	8.54	264.00
	1413.33	0.00	8.05	234.00
	1413.34	0.00	6.81	179.00
	1413.35	0.00	6.91	179.00
	1413.36	0.00	6.96	179.00
	1413.38	0.00	6.94	179.00
	1413.39	0.00	6.96	179.00
	1413.40	0.00	6.95	178.00
	1413.41	0.00	6.93	178.00
	1413.42	0.00	6.96	178.00
	1413.43	0.00	6.96	178.00
	1413.44	0.00	6.96	178.00
	1413.46	0.00	6.98	178.00
	1413.47	0.00	6.96	178.00
	1413.48	0.00	6.98	178.00
	1413.49	0.00	6.97	177.00
	1413.50	0.00	6.97	177.00
	1413.52	0.00	7.00	178.00
	1413.53	0.00	7.00	177.00
	1413.54	0.00	7.00	178.00
	1413.55	0.00	7.01	178.00
	1413.56	0.00	7.03	178.00
	1413.57	0.00	6.93	177.00
	1413.58	0.00	6.93	177.00
	1413.60	0.00	6.91	177.00
	1413.61	0.00	6.93	177.00
	1413.62	0.00	6.90	176.00
	1413.63	0.00	6.90	176.00
	1413.64	0.00	6.92	176.00
	1413.65	0.00	6.95	176.00
	1413.66	0.00	6.94	177.00
	1413.68	0.00	6.94	177.00
	1413.69	0.00	6.94	177.00
	1413.70	0.00	6.94	177.00
	1413.71	0.00	7.00	177.00
	1413.72	0.00	6.95	176.00
	1413.73	0.00	6.95	176.00
	1413.75	0.00	6.96	176.00
	1413.76	0.00	6.53	234.00
	1413.77	0.00	6.33	306.00
	1413.78	0.00	5.67	415.00
	1413.79	0.00	5.53	484.00
	1413.80	0.00	5.31	588.00
	1413.81	0.00	5.20	669.00
	1413.83	0.00	5.15	732.00
	1413.84	0.00	5.11	776.00
	1413.85	0.00	5.07	807.00
	1413.86	0.00	5.07	820.00
	1413.87	0.00	5.08	819.00
	1413.88	0.00	5.10	810.00
	1413.90	0.00	5.14	787.00
	1413.91	0.00	5.23	757.00
	1413.92	0.00	5.27	729.00
	1413.93	0.00	5.50	656.00
	1413.94	0.00	5.54	631.00
	1413.95	0.00	5.62	598.00
	1413.96	0.00	5.68	561.00
	1413.98	0.00	5.76	518.00
	1413.99	0.00	5.83	484.00
	1414.00	0.00	5.92	450.00
	1414.01	0.00	6.14	384.00
	1414.02	0.00	6.18	367.00
	1414.03	0.00	6.22	357.00
	1414.04	0.00	6.25	345.00
	1414.06	0.00	6.27	335.00
	1414.07	0.00	6.31	328.00
	1414.08	0.00	6.34	323.00
	1414.09	0.00	6.37	316.00
	1414.10	0.00	6.42	312.00
	1414.11	0.00	6.43	305.00
	1414.13	0.00	6.44	302.00
	1414.14	0.00	6.47	300.00
	1414.15	0.00	6.47	296.00
	1414.16	0.00	6.76	245.00
	1414.17	0.00	6.93	196.00
	1414.18	0.00	6.91	196.00
	1414.19	0.00	6.90	196.00
	1414.20	0.00	6.93	198.00
	1414.22	0.00	8.00	249.00
	1414.23	0.00	8.01	250.00
	1414.24	0.00	6.94	199.00
	1414.25	0.00	6.90	199.00
	1414.26	0.00	6.88	198.00
	1414.28	0.00	6.89	198.00
	1414.29	0.00	6.87	197.00
	1414.30	0.00	6.85	196.00
	1414.31	0.00	6.82	195.00
	1414.32	0.00	6.79	194.00
	1414.33	0.00	6.81	195.00
	1414.34	0.00	6.79	193.00
	1414.35	0.00	6.79	192.00
	1414.37	0.00	6.73	189.00
	1414.38	0.00	6.66	185.00
	1414.39	0.00	7.92	242.00
	1414.40	0.00	8.01	247.00
	1414.41	0.00	8.18	255.00
	1414.42	0.00	8.33	261.00
	1414.44	0.00	8.14	247.00
	1414.45	0.00	6.70	178.00
	1414.46	0.00	6.81	177.00
	1414.47	0.00	6.90	177.00
	1414.48	0.00	6.99	177.00
	1414.49	0.00	6.98	178.00
	1414.51	0.00	6.96	178.00
	1414.52	0.00	6.96	177.00
	1414.53	0.00	6.96	177.00
	1414.54	0.00	6.96	177.00
	1414.55	0.00	6.97	177.00
	1414.56	0.00	6.97	177.00
	1414.57	0.00	6.97	177.00
	1414.58	0.00	7.00	177.00
	1414.60	0.00	6.96	176.00
	1414.61	0.00	6.96	176.00
	1414.62	0.00	6.96	176.00
	1414.63	0.00	6.98	176.00
	1414.64	0.00	7.00	177.00
	1414.65	0.00	6.98	176.00
	1414.67	0.00	6.98	176.00
	1414.68	0.00	6.96	176.00
	1414.69	0.00	7.02	177.00
	1414.70	0.00	7.01	176.00
	1414.71	0.00	7.01	176.00
	1414.72	0.00	6.93	176.00
	1414.73	0.00	6.95	176.00
	1414.75	0.00	6.93	176.00
	1414.76	0.00	6.93	176.00
	1414.77	0.00	6.93	176.00
	1414.78	0.00	6.93	176.00
	1414.79	0.00	6.92	175.00
	1414.80	0.00	6.96	177.00
	1414.82	0.00	6.94	177.00
	1414.83	0.00	6.92	176.00
	1414.84	0.00	6.92	176.00
	1414.85	0.00	6.93	176.00
	1414.86	0.00	6.96	176.00
	1414.87	0.00	7.01	176.00
	1414.89	0.00	6.59	238.00
	1414.90	0.00	6.27	326.00
	1414.91	0.00	5.61	460.00
	1414.92	0.00	5.44	521.00
	1414.93	0.00	5.25	638.00
	1414.94	0.00	5.17	702.00
	1414.95	0.00	5.16	738.00
	1414.97	0.00	5.14	759.00
	1414.98	0.00	5.13	781.00
	1414.99	0.00	5.12	797.00
	1415.00	0.00	5.12	800.00
	1415.01	0.00	5.13	803.00
	1415.02	0.00	5.14	797.00
	1415.04	0.00	5.18	785.00
	1415.05	0.00	5.20	769.00
	1415.06	0.00	5.24	753.00
	1415.07	0.00	5.47	677.00
	1415.08	0.00	5.51	638.00
	1415.09	0.00	5.60	587.00
	1415.10	0.00	5.69	549.00
	1415.11	0.00	5.77	508.00
	1415.13	0.00	5.87	470.00
	1415.14	0.00	5.93	438.00
	1415.15	0.00	6.18	368.00
	1415.16	0.00	6.22	350.00
	1415.17	0.00	6.26	337.00
	1415.18	0.00	6.29	325.00
	1415.20	0.00	6.35	314.00
	1415.21	0.00	6.40	305.00
	1415.22	0.00	6.42	298.00
	1415.23	0.00	6.72	242.00
	1415.24	0.00	6.86	193.00
	1415.25	0.00	6.90	194.00
	1415.27	0.00	7.97	244.00
	1415.28	0.00	6.91	196.00
	1415.29	0.00	7.99	246.00
	1415.30	0.00	6.89	196.00
	1415.31	0.00	6.89	196.00
	1415.32	0.00	6.90	197.00
	1415.33	0.00	8.00	249.00
	1415.34	0.00	6.93	198.00
	1415.36	0.00	6.92	198.00
	1415.37	0.00	6.92	198.00
	1415.38	0.00	6.92	198.00
	1415.39	0.00	6.89	198.00
	1415.40	0.00	6.90	198.00
	1415.41	0.00	6.89	198.00
	1415.43	0.00	6.90	198.00
	1415.44	0.00	6.87	197.00
	1415.45	0.00	6.88	197.00
	1415.46	0.00	6.87	197.00
	1415.47	0.00	6.85	195.00
	1415.48	0.00	6.87	196.00
	1415.49	0.00	6.83	194.00
	1415.51	0.00	6.81	192.00
	1415.52	0.00	7.84	239.00
	1415.53	0.00	7.88	240.00
	1415.54	0.00	8.02	246.00
	1415.55	0.00	8.05	246.00
	1415.56	0.00	7.98	237.00
	1415.57	0.00	6.81	179.00
	1415.59	0.00	6.87	179.00
	1415.60	0.00	6.96	179.00
	1415.61	0.00	6.98	178.00
	1415.62	0.00	6.98	178.00
	1415.63	0.00	7.00	178.00
	1415.65	0.00	6.97	177.00
	1415.66	0.00	6.95	176.00
	1415.67	0.00	6.98	178.00
	1415.68	0.00	6.96	177.00
	1415.69	0.00	6.99	177.00
	1415.70	0.00	6.97	177.00
	1415.71	0.00	6.99	177.00
	1415.72	0.00	6.95	176.00
	1415.74	0.00	7.00	177.00
	1415.75	0.00	7.00	177.00
	1415.76	0.00	6.99	176.00
	1415.77	0.00	6.99	177.00
	1415.78	0.00	6.99	177.00
	1415.79	0.00	6.99	177.00
	1415.81	0.00	6.99	177.00
	1415.82	0.00	6.99	177.00
	1415.83	0.00	7.00	177.00
	1415.84	0.00	7.02	177.00
	1415.85	0.00	7.06	178.00
	1415.86	0.00	7.05	177.00
	1415.88	0.00	6.96	176.00
	1415.89	0.00	6.92	175.00
	1415.90	0.00	6.95	176.00
	1415.91	0.00	6.95	176.00
	1415.92	0.00	6.95	176.00
	1415.93	0.00	6.95	176.00
	1415.94	0.00	6.95	176.00
	1415.95	0.00	6.94	175.00
	1415.97	0.00	6.97	177.00
	1415.98	0.00	6.97	177.00
	1415.99	0.00	6.95	176.00
	1416.00	0.00	6.99	177.00
	1416.01	0.00	6.99	176.00
	1416.03	0.00	6.43	293.00
	1416.04	0.00	5.86	388.00
	1416.05	0.00	5.66	450.00
	1416.06	0.00	5.38	555.00
	1416.07	0.00	5.31	614.00
	1416.08	0.00	5.27	656.00
	1416.09	0.00	5.24	681.00
	1416.10	0.00	5.21	703.00
	1416.12	0.00	5.20	716.00
	1416.13	0.00	5.17	737.00
	1416.14	0.00	5.14	756.00
	1416.15	0.00	5.12	767.00
	1416.16	0.00	5.14	769.00
	1416.17	0.00	5.15	760.00
	1416.19	0.00	5.81	797.00
	1416.20	0.00	6.17	741.00
	1416.21	0.00	6.25	722.00
	1416.22	0.00	6.38	697.00
	1416.23	0.00	6.50	664.00
	1416.24	0.00	6.62	639.00
	1416.26	0.00	6.75	611.00
	1416.27	0.00	6.86	579.00
	1416.28	0.00	7.01	552.00
	1416.29	0.00	7.12	528.00
	1416.30	0.00	7.21	506.00
	1416.31	0.00	7.28	491.00
	1416.32	0.00	7.66	426.00
	1416.34	0.00	7.70	415.00
	1416.35	0.00	7.77	411.00
	1416.36	0.00	7.84	400.00
	1416.37	0.00	7.95	394.00
	1416.38	0.00	8.42	346.00
	1416.39	0.00	8.47	344.00
	1416.41	0.00	8.79	296.00
	1416.42	0.00	8.85	300.00
	1416.43	0.00	8.86	304.00
	1416.44	0.00	8.94	309.00
	1416.45	0.00	8.98	314.00
	1416.46	0.00	9.02	317.00
	1416.47	0.00	9.06	320.00
	1416.48	0.00	9.12	324.00
	1416.50	0.00	9.15	326.00
	1416.51	0.00	9.14	324.00
	1416.52	0.00	9.09	320.00
	1416.53	0.00	9.06	317.00
	1416.54	0.00	9.06	317.00
	1416.56	0.00	9.03	312.00
	1416.57	0.00	8.94	305.00
	1416.58	0.00	8.87	300.00
	1416.59	0.00	8.72	290.00
	1416.60	0.00	8.50	276.00
	1416.61	0.00	8.53	277.00
	1416.62	0.00	8.57	280.00
	1416.64	0.00	8.67	286.00
	1416.65	0.00	9.00	303.00
	1416.66	0.00	9.37	324.00
	1416.67	0.00	9.66	342.00
	1416.68	0.00	9.81	345.00
	1416.69	0.00	9.49	318.00
	1416.70	0.00	8.78	273.00
	1416.72	0.00	8.07	235.00
	1416.73	0.00	6.74	175.00
	1416.74	0.00	6.88	174.00
	1416.75	0.00	6.89	175.00
	1416.76	0.00	6.91	175.00
	1416.77	0.00	6.85	174.00
	1416.79	0.00	6.85	174.00
	1416.80	0.00	6.87	173.00
	1416.81	0.00	6.86	172.00
	1416.82	0.00	6.86	172.00
	1416.83	0.00	6.84	171.00
	1416.84	0.00	6.95	175.00
	1416.85	0.00	6.97	175.00
	1416.87	0.00	6.97	175.00
	1416.88	0.00	6.99	176.00
	1416.89	0.00	6.97	175.00
	1416.90	0.00	6.97	175.00
	1416.91	0.00	6.95	175.00
	1416.92	0.00	6.97	175.00
	1416.94	0.00	6.96	174.00
	1416.95	0.00	6.92	173.00
	1416.96	0.00	6.99	176.00
	1416.97	0.00	6.98	176.00
	1416.98	0.00	6.98	176.00
	1416.99	0.00	6.98	176.00
	1417.01	0.00	6.98	176.00
	1417.02	0.00	6.99	177.00
	1417.03	0.00	6.96	176.00
	1417.04	0.00	6.96	176.00
	1417.05	0.00	6.98	176.00
	1417.06	0.00	6.98	176.00
	1417.07	0.00	6.99	176.00
	1417.08	0.00	6.99	176.00
	1417.10	0.00	6.99	176.00
	1417.11	0.00	7.01	176.00
	1417.12	0.00	6.94	175.00
	1417.13	0.00	6.94	175.00
	1417.14	0.00	6.95	175.00
	1417.15	0.00	6.93	174.00
	1417.17	0.00	6.93	174.00
	1417.18	0.00	6.95	175.00
	1417.19	0.00	6.93	174.00
	1417.20	0.00	6.54	229.00
	1417.21	0.00	5.69	400.00
	1417.22	0.00	5.25	537.00
	1417.23	0.00	4.93	731.00
	1417.25	0.00	4.82	862.00
	1417.26	0.00	4.79	938.00
	1417.27	0.00	4.82	960.00
	1417.28	0.00	4.86	967.00
	1417.29	0.00	4.92	950.00
	1417.31	0.00	4.97	933.00
	1417.32	0.00	4.98	927.00
	1417.33	0.00	5.01	909.00
	1417.34	0.00	5.04	894.00
	1417.35	0.00	5.07	868.00
	1417.36	0.00	5.14	839.00
	1417.37	0.00	5.18	812.00
	1417.38	0.00	5.28	768.00
	1417.40	0.00	5.52	671.00
	1417.41	0.00	5.60	628.00
	1417.42	0.00	5.70	585.00
	1417.43	0.00	5.78	553.00
	1417.44	0.00	5.83	525.00
	1417.45	0.00	5.87	506.00
	1417.46	0.00	5.91	489.00
	1417.48	0.00	5.91	478.00
	1417.49	0.00	5.93	472.00
	1417.50	0.00	5.93	465.00
	1417.51	0.00	5.94	458.00
	1417.52	0.00	6.15	402.00
	1417.53	0.00	6.17	393.00
	1417.55	0.00	6.20	383.00
	1417.56	0.00	6.25	371.00
	1417.57	0.00	6.28	363.00
	1417.58	0.00	6.33	351.00
	1417.59	0.00	6.40	344.00
	1417.60	0.00	6.42	334.00
	1417.61	0.00	6.44	327.00
	1417.63	0.00	7.14	374.00
	1417.64	0.00	7.19	370.00
	1417.65	0.00	7.21	364.00
	1417.66	0.00	7.26	360.00
	1417.67	0.00	7.62	309.00
	1417.68	0.00	7.62	307.00
	1417.69	0.00	7.63	307.00
	1417.71	0.00	7.84	257.00
	1417.72	0.00	7.82	258.00
	1417.73	0.00	7.80	257.00
	1417.74	0.00	7.79	255.00
	1417.75	0.00	7.72	252.00
	1417.76	0.00	8.00	253.00
	1417.78	0.00	8.02	255.00
	1417.79	0.00	8.05	257.00
	1417.80	0.00	8.02	256.00
	1417.81	0.00	9.41	302.00
	1417.82	0.00	9.40	300.00
	1417.83	0.00	9.46	302.00
	1417.84	0.00	9.53	305.00
	1417.86	0.00	9.50	303.00
	1417.87	0.00	9.45	298.00
	1417.88	0.00	9.58	304.00
	1417.89	0.00	9.64	309.00
	1417.90	0.00	9.76	318.00
	1417.91	0.00	8.66	284.00
	1417.93	0.00	8.54	274.00
	1417.94	0.00	8.30	252.00
	1417.95	0.00	8.01	232.00
	1417.96	0.00	6.70	175.00
	1417.97	0.00	6.73	174.00
	1417.98	0.00	6.90	173.00
	1417.99	0.00	6.87	173.00
	1418.01	0.00	6.86	172.00
	1418.02	0.00	6.98	176.00
	1418.03	0.00	6.96	176.00
	1418.04	0.00	6.98	176.00
	1418.05	0.00	6.99	176.00
	1418.06	0.00	6.99	176.00
	1418.07	0.00	7.01	176.00
	1418.09	0.00	6.98	175.00
	1418.10	0.00	7.01	176.00
	1418.11	0.00	6.97	175.00
	1418.12	0.00	6.97	175.00
	1418.13	0.00	7.01	176.00
	1418.14	0.00	6.98	176.00
	1418.16	0.00	6.96	176.00
	1418.17	0.00	6.96	176.00
	1418.18	0.00	6.98	176.00
	1418.19	0.00	6.96	176.00
	1418.20	0.00	6.96	176.00
	1418.21	0.00	6.98	176.00
	1418.22	0.00	6.96	176.00
	1418.24	0.00	6.95	176.00
	1418.25	0.00	6.99	177.00
	1418.26	0.00	6.97	177.00
	1418.27	0.00	6.97	177.00
	1418.28	0.00	6.95	176.00
	1418.29	0.00	6.97	177.00
	1418.31	0.00	6.99	177.00
	1418.32	0.00	7.00	177.00
	1418.33	0.00	7.00	177.00
	1418.34	0.00	7.00	177.00
	1418.35	0.00	7.00	177.00
	1418.36	0.00	6.93	176.00
	1418.38	0.00	6.95	176.00
	1418.39	0.00	6.92	175.00
	1418.40	0.00	6.92	175.00
	1418.41	0.00	6.92	175.00
	1418.42	0.00	6.94	175.00
	1418.43	0.00	6.93	176.00
	1418.44	0.00	6.95	176.00
	1418.46	0.00	6.95	176.00
	1418.47	0.00	6.98	176.00
	1418.48	0.00	6.61	232.00
	1418.49	0.00	5.73	395.00
	1418.50	0.00	5.33	522.00
	1418.51	0.00	5.00	693.00
	1418.53	0.00	4.84	839.00
	1418.54	0.00	4.81	924.00
	1418.55	0.00	4.81	952.00
	1418.56	0.00	4.84	965.00
	1418.57	0.00	4.84	983.00
	1418.58	0.00	4.89	989.00
	1418.59	0.00	4.90	992.00
	1418.60	0.00	4.92	986.00
	1418.62	0.00	4.94	972.00
	1418.63	0.00	4.97	947.00
	1418.64	0.00	5.02	914.00
	1418.65	0.00	5.08	868.00
	1418.66	0.00	5.15	820.00
	1418.68	0.00	5.39	711.00
	1418.69	0.00	5.49	659.00
	1418.70	0.00	5.58	612.00
	1418.71	0.00	5.66	568.00
	1418.72	0.00	5.76	521.00
	1418.73	0.00	5.83	481.00
	1418.74	0.00	5.92	456.00
	1418.76	0.00	5.95	441.00
	1418.77	0.00	6.21	378.00
	1418.78	0.00	6.22	369.00
	1418.79	0.00	6.26	353.00
	1418.80	0.00	6.30	339.00
	1418.81	0.00	6.36	326.00
	1418.82	0.00	6.42	319.00
	1418.83	0.00	6.46	315.00
	1418.85	0.00	6.54	309.00
	1418.86	0.00	7.64	308.00
	1418.87	0.00	7.72	309.00
	1418.88	0.00	7.80	312.00
	1418.89	0.00	8.12	267.00
	1418.90	0.00	8.15	269.00
	1418.92	0.00	8.19	272.00
	1418.93	0.00	8.16	270.00
	1418.94	0.00	8.19	272.00
	1418.95	0.00	8.22	275.00
	1418.96	0.00	8.24	276.00
	1418.97	0.00	8.24	276.00
	1418.98	0.00	8.27	278.00
	1419.00	0.00	8.25	279.00
	1419.01	0.00	8.28	282.00
	1419.02	0.00	8.31	285.00
	1419.03	0.00	8.29	284.00
	1419.04	0.00	8.19	280.00
	1419.05	0.00	9.53	322.00
	1419.06	0.00	9.06	269.00
	1419.08	0.00	9.17	272.00
	1419.09	0.00	9.32	274.00
	1419.10	0.00	9.48	280.00
	1419.11	0.00	9.57	282.00
	1419.12	0.00	9.61	282.00
	1419.13	0.00	9.60	279.00
	1419.15	0.00	9.44	270.00
	1419.16	0.00	9.24	260.00
	1419.17	0.00	9.05	252.00
	1419.18	0.00	9.91	309.00
	1419.19	0.00	10.03	321.00
	1419.20	0.00	9.95	316.00
	1419.21	0.00	8.38	250.00
	1419.23	0.00	6.82	177.00
	1419.24	0.00	6.84	176.00
	1419.25	0.00	6.88	175.00
	1419.26	0.00	7.02	175.00
	1419.27	0.00	6.99	176.00
	1419.28	0.00	7.02	176.00
	1419.30	0.00	7.00	175.00
	1419.31	0.00	7.01	176.00
	1419.32	0.00	7.02	177.00
	1419.33	0.00	7.01	176.00
	1419.34	0.00	7.01	176.00
	1419.35	0.00	7.01	176.00
	1419.36	0.00	7.01	176.00
	1419.38	0.00	7.03	177.00
	1419.39	0.00	7.03	177.00
	1419.40	0.00	7.03	177.00
	1419.41	0.00	7.03	177.00
	1419.42	0.00	6.99	176.00
	1419.44	0.00	6.99	176.00
	1419.45	0.00	7.01	176.00
	1419.46	0.00	7.01	176.00
	1419.47	0.00	7.05	177.00
	1419.48	0.00	7.06	177.00
	1419.49	0.00	7.05	177.00
	1419.50	0.00	7.05	177.00
	1419.51	0.00	6.96	176.00
	1419.53	0.00	7.01	176.00
	1419.54	0.00	6.97	177.00
	1419.55	0.00	6.95	176.00
	1419.56	0.00	6.95	176.00
	1419.57	0.00	6.95	176.00
	1419.58	0.00	6.93	176.00
	1419.59	0.00	6.98	176.00
	1419.61	0.00	6.92	175.00
	1419.62	0.00	6.94	177.00
	1419.63	0.00	6.93	177.00
	1419.64	0.00	6.93	177.00
	1419.65	0.00	6.93	177.00
	1419.67	0.00	6.94	177.00
	1419.68	0.00	6.96	177.00
	1419.69	0.00	6.97	177.00
	1419.70	0.00	6.87	176.00
	1419.71	0.00	6.89	176.00
	1419.72	0.00	6.92	176.00
	1419.73	0.00	6.55	235.00
	1419.75	0.00	5.68	408.00
	1419.76	0.00	5.14	606.00
	1419.77	0.00	4.88	778.00
	1419.78	0.00	4.79	912.00
	1419.79	0.00	4.78	982.00
	1419.80	0.00	4.82	982.00
	1419.81	0.00	4.89	968.00
	1419.83	0.00	4.95	963.00
	1419.84	0.00	4.95	978.00
	1419.85	0.00	4.97	974.00
	1419.86	0.00	4.96	978.00
	1419.87	0.00	4.95	978.00
	1419.88	0.00	4.95	975.00
	1419.90	0.00	4.97	959.00
	1419.91	0.00	5.00	935.00
	1419.92	0.00	5.03	900.00
	1419.93	0.00	5.07	855.00
	1419.94	0.00	5.31	760.00
	1419.95	0.00	5.37	719.00
	1419.96	0.00	5.42	676.00
	1419.98	0.00	5.48	631.00
	1419.99	0.00	5.54	589.00
	1420.00	0.00	5.65	538.00
	1420.01	0.00	5.75	483.00
	1420.02	0.00	5.83	444.00
	1420.03	0.00	5.91	406.00
	1420.05	0.00	6.23	326.00
	1420.06	0.00	6.26	312.00
	1420.07	0.00	6.29	301.00
	1420.08	0.00	6.60	241.00
	1420.09	0.00	6.74	187.00
	1420.10	0.00	6.76	188.00
	1420.11	0.00	6.76	188.00
	1420.13	0.00	6.76	188.00
	1420.14	0.00	6.76	188.00
	1420.15	0.00	6.75	188.00
	1420.16	0.00	6.74	188.00
	1420.17	0.00	6.76	189.00
	1420.18	0.00	6.77	189.00
	1420.19	0.00	6.78	190.00
	1420.21	0.00	7.85	240.00
	1420.22	0.00	6.78	191.00
	1420.23	0.00	8.54	242.00
	1420.24	0.00	9.62	303.00
	1420.25	0.00	9.73	307.00
	1420.26	0.00	9.85	311.00
	1420.28	0.00	10.11	322.00
	1420.29	0.00	10.25	327.00
	1420.30	0.00	9.53	274.00
	1420.31	0.00	9.50	274.00
	1420.32	0.00	9.53	273.00
	1420.33	0.00	9.60	274.00
	1420.34	0.00	9.46	267.00
	1420.36	0.00	9.28	259.00
	1420.37	0.00	8.81	243.00
	1420.38	0.00	8.49	231.00
	1420.39	0.00	7.89	236.00
	1420.40	0.00	8.12	244.00
	1420.41	0.00	8.26	245.00
	1420.43	0.00	6.73	175.00
	1420.44	0.00	6.77	175.00
	1420.45	0.00	6.79	174.00
	1420.46	0.00	6.85	172.00
	1420.47	0.00	6.96	177.00
	1420.48	0.00	6.93	176.00
	1420.49	0.00	6.95	176.00
	1420.51	0.00	6.93	176.00
	1420.52	0.00	6.96	176.00
	1420.53	0.00	6.98	176.00
	1420.54	0.00	6.98	176.00
	1420.55	0.00	6.98	176.00
	1420.56	0.00	6.95	175.00
	1420.57	0.00	6.96	176.00
	1420.59	0.00	6.96	176.00
	1420.60	0.00	6.96	176.00
	1420.61	0.00	6.96	176.00
	1420.62	0.00	6.96	176.00
	1420.63	0.00	6.98	176.00
	1420.64	0.00	6.96	176.00
	1420.66	0.00	6.96	176.00
	1420.67	0.00	6.98	176.00
	1420.68	0.00	6.95	176.00
	1420.69	0.00	6.96	176.00
	1420.70	0.00	6.97	177.00
	1420.71	0.00	6.97	177.00
	1420.72	0.00	6.96	177.00
	1420.74	0.00	6.97	177.00
	1420.75	0.00	6.97	177.00
	1420.76	0.00	6.97	177.00
	1420.77	0.00	7.00	177.00
	1420.78	0.00	6.90	176.00
	1420.79	0.00	6.90	176.00
	1420.81	0.00	6.90	176.00
	1420.82	0.00	6.90	176.00
	1420.83	0.00	6.92	176.00
	1420.84	0.00	6.93	176.00
	1420.85	0.00	6.89	175.00
	1420.86	0.00	6.94	175.00
	1420.88	0.00	6.91	175.00
	1420.89	0.00	6.93	176.00
	1420.90	0.00	6.92	176.00
	1420.91	0.00	6.92	176.00
	1420.92	0.00	6.92	176.00
	1420.93	0.00	6.96	176.00
	1420.94	0.00	6.62	228.00
	1420.95	0.00	5.92	364.00
	1420.97	0.00	5.36	502.00
	1420.98	0.00	4.99	678.00
	1420.99	0.00	4.82	845.00
	1421.00	0.00	4.77	959.00
	1421.01	0.00	4.80	991.00
	1421.03	0.00	4.86	982.00
	1421.04	0.00	4.94	953.00
	1421.05	0.00	4.99	941.00
	1421.06	0.00	5.01	931.00
	1421.07	0.00	5.05	919.00
	1421.08	0.00	5.07	913.00
	1421.09	0.00	5.08	902.00
	1421.11	0.00	5.12	882.00
	1421.12	0.00	5.33	806.00
	1421.13	0.00	5.37	771.00
	1421.14	0.00	5.44	727.00
	1421.15	0.00	5.53	678.00
	1421.16	0.00	5.60	636.00
	1421.17	0.00	5.69	598.00
	1421.19	0.00	5.76	566.00
	1421.20	0.00	5.85	535.00
	1421.21	0.00	5.94	507.00
	1421.22	0.00	6.03	481.00
	1421.23	0.00	6.12	451.00
	1421.24	0.00	6.83	483.00
	1421.25	0.00	7.21	418.00
	1421.27	0.00	7.37	413.00
	1421.28	0.00	7.49	410.00
	1421.29	0.00	7.57	401.00
	1421.30	0.00	7.66	397.00
	1421.31	0.00	7.69	392.00
	1421.32	0.00	7.70	386.00
	1421.33	0.00	7.69	382.00
	1421.35	0.00	7.69	379.00
	1421.36	0.00	7.64	376.00
	1421.37	0.00	7.61	376.00
	1421.38	0.00	7.55	373.00
	1421.39	0.00	7.55	375.00
	1421.40	0.00	7.55	377.00
	1421.42	0.00	7.91	329.00
	1421.43	0.00	7.97	331.00
	1421.44	0.00	8.02	333.00
	1421.45	0.00	8.07	336.00
	1421.46	0.00	8.10	337.00
	1421.47	0.00	8.27	290.00
	1421.48	0.00	8.22	293.00
	1421.50	0.00	8.17	291.00
	1421.51	0.00	8.25	284.00
	1421.52	0.00	8.03	268.00
	1421.53	0.00	8.84	260.00
	1421.54	0.00	9.03	265.00
	1421.55	0.00	9.16	269.00
	1421.56	0.00	9.17	267.00
	1421.58	0.00	9.26	269.00
	1421.59	0.00	9.59	279.00
	1421.60	0.00	9.68	279.00
	1421.61	0.00	9.40	264.00
	1421.62	0.00	9.16	254.00
	1421.63	0.00	9.83	302.00
	1421.65	0.00	9.82	304.00
	1421.66	0.00	9.73	300.00
	1421.67	0.00	8.01	229.00
	1421.68	0.00	6.85	177.00
	1421.69	0.00	6.88	177.00
	1421.70	0.00	7.02	177.00
	1421.71	0.00	6.98	176.00
	1421.73	0.00	6.96	176.00
	1421.74	0.00	6.97	177.00
	1421.75	0.00	6.99	177.00
	1421.76	0.00	7.02	177.00
	1421.77	0.00	7.00	177.00
	1421.78	0.00	7.00	177.00
	1421.80	0.00	7.00	177.00
	1421.81	0.00	7.02	177.00
	1421.82	0.00	6.99	176.00
	1421.83	0.00	6.99	176.00
	1421.84	0.00	6.99	176.00
	1421.85	0.00	6.99	176.00
	1421.86	0.00	7.01	176.00
	1421.88	0.00	6.99	176.00
	1421.89	0.00	7.01	176.00
	1421.90	0.00	7.03	177.00
	1421.91	0.00	7.04	176.00
	1421.92	0.00	6.96	176.00
	1421.93	0.00	6.95	176.00
	1421.94	0.00	6.95	176.00
	1421.96	0.00	6.92	175.00
	1421.97	0.00	6.95	176.00
	1421.98	0.00	6.95	176.00
	1421.99	0.00	6.95	176.00
	1422.00	0.00	6.95	176.00
	1422.01	0.00	6.98	176.00
	1422.03	0.00	6.96	177.00
	1422.04	0.00	6.96	177.00
	1422.05	0.00	6.99	177.00
	1422.06	0.00	6.94	177.00
	1422.07	0.00	6.94	177.00
	1422.08	0.00	6.97	177.00
	1422.09	0.00	6.99	177.00
	1422.11	0.00	6.90	176.00
	1422.12	0.00	6.90	176.00
	1422.13	0.00	6.90	176.00
	1422.14	0.00	6.90	176.00
	1422.15	0.00	6.93	176.00
	1422.16	0.00	6.96	176.00
	1422.18	0.00	6.38	295.00
	1422.19	0.00	5.39	497.00
	1422.20	0.00	4.94	722.00
	1422.21	0.00	4.79	886.00
	1422.22	0.00	4.78	980.00
	1422.23	0.00	4.82	1004.00
	1422.24	0.00	4.87	995.00
	1422.26	0.00	4.94	979.00
	1422.27	0.00	5.00	968.00
	1422.28	0.00	5.01	957.00
	1422.29	0.00	5.03	942.00
	1422.30	0.00	5.23	870.00
	1422.31	0.00	5.26	847.00
	1422.32	0.00	5.28	828.00
	1422.34	0.00	5.30	802.00
	1422.35	0.00	5.33	770.00
	1422.36	0.00	5.38	731.00
	1422.37	0.00	5.43	694.00
	1422.38	0.00	5.48	657.00
	1422.39	0.00	5.53	628.00
	1422.41	0.00	5.57	602.00
	1422.42	0.00	5.60	580.00
	1422.43	0.00	5.61	571.00
	1422.44	0.00	5.63	565.00
	1422.45	0.00	5.63	561.00
	1422.46	0.00	5.62	558.00
	1422.47	0.00	5.63	559.00
	1422.49	0.00	5.61	559.00
	1422.50	0.00	5.62	558.00
	1422.51	0.00	5.62	560.00
	1422.52	0.00	5.62	560.00
	1422.53	0.00	5.64	554.00
	1422.54	0.00	5.66	544.00
	1422.56	0.00	5.72	522.00
	1422.57	0.00	5.76	500.00
	1422.58	0.00	5.80	480.00
	1422.59	0.00	5.85	462.00
	1422.60	0.00	5.89	442.00
	1422.61	0.00	5.92	426.00
	1422.62	0.00	5.98	413.00
	1422.64	0.00	6.03	400.00
	1422.65	0.00	6.09	379.00
	1422.66	0.00	6.35	321.00
	1422.67	0.00	6.66	265.00
	1422.68	0.00	6.67	258.00
	1422.69	0.00	6.68	253.00
	1422.70	0.00	6.68	244.00
	1422.72	0.00	8.68	248.00
	1422.73	0.00	8.85	254.00
	1422.74	0.00	9.05	262.00
	1422.75	0.00	9.39	274.00
	1422.76	0.00	9.66	283.00
	1422.77	0.00	9.75	285.00
	1422.79	0.00	10.11	297.00
	1422.80	0.00	10.32	304.00
	1422.81	0.00	10.52	311.00
	1422.82	0.00	10.65	317.00
	1422.83	0.00	10.37	300.00
	1422.84	0.00	10.02	284.00
	1422.85	0.00	9.70	271.00
	1422.87	0.00	10.00	303.00
	1422.88	0.00	9.99	307.00
	1422.89	0.00	8.32	245.00
	1422.90	0.00	8.08	230.00
	1422.91	0.00	6.93	179.00
	1422.92	0.00	6.94	177.00
	1422.94	0.00	6.99	176.00
	1422.95	0.00	6.99	176.00
	1422.96	0.00	7.00	177.00
	1422.97	0.00	6.99	177.00
	1422.98	0.00	6.99	177.00
	1422.99	0.00	6.99	177.00
	1423.00	0.00	7.00	177.00
	1423.02	0.00	7.00	177.00
	1423.03	0.00	6.99	176.00
	1423.04	0.00	6.99	176.00
	1423.05	0.00	7.02	177.00
	1423.06	0.00	7.00	177.00
	1423.07	0.00	6.99	176.00
	1423.08	0.00	7.03	177.00
	1423.10	0.00	7.01	176.00
	1423.11	0.00	7.03	177.00
	1423.12	0.00	7.05	177.00
	1423.13	0.00	7.02	175.00
	1423.14	0.00	6.96	176.00
	1423.15	0.00	6.96	176.00
	1423.17	0.00	6.94	175.00
	1423.18	0.00	6.96	176.00
	1423.19	0.00	6.95	176.00
	1423.20	0.00	6.95	176.00
	1423.21	0.00	6.98	176.00
	1423.22	0.00	6.95	175.00
	1423.23	0.00	6.98	176.00
	1423.25	0.00	6.98	176.00
	1423.26	0.00	6.98	176.00
	1423.27	0.00	6.97	177.00
	1423.28	0.00	6.99	177.00
	1423.29	0.00	6.97	177.00
	1423.30	0.00	6.97	177.00
	1423.31	0.00	6.99	177.00
	1423.33	0.00	7.00	177.00
	1423.34	0.00	6.99	177.00
	1423.35	0.00	7.02	177.00
	1423.36	0.00	7.02	177.00
	1423.37	0.00	6.93	176.00
	1423.39	0.00	6.95	176.00
	1423.40	0.00	6.93	176.00
	1423.41	0.00	6.93	176.00
	1423.42	0.00	6.96	176.00
	1423.43	0.00	6.93	176.00
	1423.44	0.00	6.96	176.00
	1423.45	0.00	6.56	230.00
	1423.47	0.00	5.53	438.00
	1423.48	0.00	4.97	671.00
	1423.49	0.00	4.72	895.00
	1423.50	0.00	4.67	1051.00
	1423.51	0.00	4.76	1089.00
	1423.52	0.00	4.86	1081.00
	1423.54	0.00	4.98	1053.00
	1423.55	0.00	5.01	1028.00
	1423.56	0.00	5.01	1017.00
	1423.57	0.00	5.17	959.00
	1423.58	0.00	5.18	950.00
	1423.59	0.00	5.17	938.00
	1423.60	0.00	5.19	922.00
	1423.62	0.00	5.20	906.00
	1423.63	0.00	5.22	881.00
	1423.64	0.00	5.26	850.00
	1423.65	0.00	5.31	805.00
	1423.66	0.00	5.35	761.00
	1423.67	0.00	5.41	718.00
	1423.69	0.00	5.44	677.00
	1423.70	0.00	5.51	642.00
	1423.71	0.00	5.55	615.00
	1423.72	0.00	5.59	594.00
	1423.73	0.00	5.62	574.00
	1423.74	0.00	5.62	560.00
	1423.75	0.00	5.63	555.00
	1423.77	0.00	6.76	607.00
	1423.78	0.00	6.79	607.00
	1423.79	0.00	6.94	615.00
	1423.80	0.00	7.02	618.00
	1423.81	0.00	7.17	625.00
	1423.82	0.00	7.13	627.00
	1423.83	0.00	7.26	637.00
	1423.85	0.00	7.24	634.00
	1423.86	0.00	7.32	633.00
	1423.87	0.00	7.41	627.00
	1423.88	0.00	7.43	616.00
	1423.89	0.00	7.49	597.00
	1423.90	0.00	7.52	577.00
	1423.92	0.00	7.61	560.00
	1423.93	0.00	7.60	548.00
	1423.94	0.00	7.63	541.00
	1423.95	0.00	7.63	524.00
	1423.96	0.00	7.59	514.00
	1423.97	0.00	7.65	507.00
	1423.98	0.00	7.48	498.00
	1424.00	0.00	7.40	495.00
	1424.01	0.00	7.36	495.00
	1424.02	0.00	7.31	493.00
	1424.03	0.00	7.32	491.00
	1424.04	0.00	7.31	489.00
	1424.05	0.00	7.27	479.00
	1424.07	0.00	7.30	472.00
	1424.08	0.00	5.98	410.00
	1424.09	0.00	6.03	395.00
	1424.10	0.00	6.05	384.00
	1424.11	0.00	6.34	322.00
	1424.12	0.00	6.38	317.00
	1424.14	0.00	6.38	308.00
	1424.15	0.00	6.67	254.00
	1424.16	0.00	6.70	247.00
	1424.17	0.00	6.71	243.00
	1424.18	0.00	6.73	240.00
	1424.19	0.00	6.73	237.00
	1424.20	0.00	6.72	235.00
	1424.22	0.00	6.70	236.00
	1424.23	0.00	6.70	236.00
	1424.24	0.00	6.67	235.00
	1424.25	0.00	6.79	241.00
	1424.26	0.00	6.78	242.00
	1424.27	0.00	6.79	243.00
	1424.28	0.00	6.79	243.00
	1424.30	0.00	6.79	244.00
	1424.31	0.00	6.81	243.00
	1424.32	0.00	6.78	242.00
	1424.33	0.00	6.80	240.00
	1424.34	0.00	6.83	240.00
	1424.35	0.00	6.82	238.00
	1424.36	0.00	6.82	237.00
	1424.38	0.00	6.82	237.00
	1424.39	0.00	6.83	236.00
	1424.40	0.00	6.80	237.00
	1424.41	0.00	6.81	237.00
	1424.42	0.00	6.82	237.00
	1424.43	0.00	6.82	237.00
	1424.44	0.00	6.85	236.00
	1424.46	0.00	6.86	236.00
	1424.47	0.00	6.85	236.00
	1424.48	0.00	6.75	235.00
	1424.49	0.00	6.77	234.00
	1424.50	0.00	6.76	234.00
	1424.51	0.00	6.77	234.00
	1424.53	0.00	6.77	235.00
	1424.54	0.00	6.77	235.00
	1424.55	0.00	6.76	236.00
	1424.56	0.00	6.79	237.00
	1424.57	0.00	6.80	237.00
	1424.58	0.00	6.81	239.00
	1424.59	0.00	6.77	238.00
	1424.61	0.00	6.77	239.00
	1424.62	0.00	6.77	239.00
	1424.63	0.00	6.77	239.00
	1424.64	0.00	6.78	239.00
	1424.65	0.00	6.78	239.00
	1424.66	0.00	6.75	237.00
	1424.68	0.00	6.75	238.00
	1424.69	0.00	6.77	237.00
	1424.70	0.00	6.77	238.00
	1424.71	0.00	6.69	237.00
	1424.72	0.00	6.72	236.00
	1424.73	0.00	6.69	237.00
	1424.75	0.00	6.69	236.00
	1424.76	0.00	6.67	237.00
	1424.77	0.00	6.69	237.00
	1424.78	0.00	6.69	237.00
	1424.79	0.00	6.69	237.00
	1424.80	0.00	6.70	237.00
	1424.81	0.00	6.69	237.00
	1424.82	0.00	6.69	237.00
	1424.84	0.00	6.69	237.00
	1424.85	0.00	6.68	238.00
	1424.86	0.00	6.68	238.00
	1424.87	0.00	6.70	238.00
	1424.88	0.00	6.70	238.00
	1424.89	0.00	6.70	238.00
	1424.91	0.00	6.67	238.00
	1424.92	0.00	6.70	238.00
	1424.93	0.00	6.67	238.00
	1424.94	0.00	6.67	238.00
	1424.95	0.00	6.67	239.00
	1424.96	0.00	6.68	239.00
	1424.97	0.00	6.68	239.00
	1424.99	0.00	6.72	239.00
	1425.00	0.00	6.74	241.00
	1425.01	0.00	6.74	240.00
	1425.02	0.00	6.73	240.00
	1425.03	0.00	6.73	240.00
	1425.04	0.00	6.72	240.00
	1425.06	0.00	6.73	240.00
	1425.07	0.00	6.73	240.00
	1425.08	0.00	6.73	240.00
	1425.09	0.00	6.73	240.00
	1425.10	0.00	6.74	239.00
	1425.11	0.00	6.73	239.00
	1425.13	0.00	6.73	240.00
	1425.14	0.00	6.71	239.00
	1425.15	0.00	6.75	240.00
	1425.16	0.00	6.72	238.00
	1425.17	0.00	6.71	241.00
	1425.18	0.00	6.69	240.00
	1425.19	0.00	6.68	239.00
	1425.20	0.00	6.80	244.00
	1425.22	0.00	6.80	244.00
	1425.23	0.00	6.80	244.00
	1425.24	0.00	6.81	245.00
	1425.25	0.00	6.81	246.00
	1425.26	0.00	6.79	245.00
	1425.27	0.00	6.78	245.00
	1425.29	0.00	6.79	247.00
	1425.30	0.00	6.79	248.00
	1425.31	0.00	6.79	248.00
	1425.32	0.00	6.79	248.00
	1425.33	0.00	6.79	249.00
	1425.34	0.00	6.80	249.00
	1425.35	0.00	6.79	249.00
	1425.37	0.00	6.79	249.00
	1425.38	0.00	6.80	250.00
	1425.39	0.00	6.79	250.00
	1425.40	0.00	6.80	250.00
	1425.41	0.00	6.79	250.00
	1425.42	0.00	6.81	250.00
	1425.44	0.00	6.80	250.00
	1425.45	0.00	6.85	250.00
	1425.46	0.00	6.81	250.00
	1425.47	0.00	6.82	250.00
	1425.48	0.00	6.82	248.00
	1425.49	0.00	6.76	249.00
	1425.50	0.00	6.74	249.00
	1425.52	0.00	6.76	248.00
	1425.53	0.00	6.76	249.00
	1425.54	0.00	6.74	249.00
	1425.55	0.00	6.76	249.00
	1425.56	0.00	6.76	249.00
	1425.57	0.00	6.76	250.00
	1425.58	0.00	6.76	250.00
	1425.60	0.00	6.76	250.00
	1425.61	0.00	6.76	250.00
	1425.62	0.00	6.76	250.00
	1425.63	0.00	6.76	250.00
	1425.64	0.00	6.76	250.00
	1425.65	0.00	6.76	248.00
	1425.67	0.00	6.77	248.00
	1425.68	0.00	6.66	246.00
	1425.69	0.00	6.68	246.00
	1425.70	0.00	6.68	247.00
	1425.71	0.00	6.68	247.00
	1425.72	0.00	6.70	247.00
	1425.73	0.00	6.70	247.00
	1425.75	0.00	6.69	246.00
	1425.76	0.00	6.70	247.00
	1425.77	0.00	6.68	246.00
	1425.78	0.00	6.68	246.00
	1425.79	0.00	6.68	245.00
	1425.80	0.00	6.68	245.00
	1425.81	0.00	6.68	245.00
	1425.82	0.00	6.67	245.00
	1425.84	0.00	6.67	245.00
	1425.85	0.00	6.67	244.00
	1425.86	0.00	6.67	245.00
	1425.87	0.00	6.68	245.00
	1425.88	0.00	6.67	245.00
	1425.90	0.00	6.68	246.00
	1425.91	0.00	6.68	245.00
	1425.92	0.00	6.65	244.00
	1425.93	0.00	6.68	245.00
	1425.94	0.00	6.69	245.00
	1425.95	0.00	6.72	246.00
	1425.96	0.00	6.74	246.00
	1425.98	0.00	6.75	247.00
	1425.99	0.00	6.72	246.00
	1426.00	0.00	6.74	246.00
	1426.01	0.00	6.75	246.00
	1426.02	0.00	6.75	245.00
	1426.03	0.00	6.75	245.00
	1426.04	0.00	6.75	246.00
	1426.06	0.00	6.77	246.00
	1426.07	0.00	6.76	246.00
	1426.08	0.00	6.76	246.00
	1426.09	0.00	6.73	243.00
	1426.10	0.00	6.74	246.00
	1426.11	0.00	6.74	246.00
	1426.13	0.00	6.72	245.00
	1426.14	0.00	6.73	245.00
	1426.15	0.00	6.69	243.00
	1426.16	0.00	6.80	248.00
	1426.17	0.00	6.80	248.00
	1426.18	0.00	6.81	247.00
	1426.19	0.00	6.81	247.00
	1426.21	0.00	6.81	247.00
	1426.22	0.00	6.80	248.00
	1426.23	0.00	6.80	248.00
	1426.24	0.00	6.82	248.00
	1426.25	0.00	6.80	247.00
	1426.26	0.00	6.82	249.00
	1426.28	0.00	6.82	249.00
	1426.29	0.00	6.80	248.00
	1426.30	0.00	6.80	248.00
	1426.31	0.00	6.80	248.00
	1426.32	0.00	6.79	248.00
	1426.33	0.00	6.80	248.00
	1426.34	0.00	6.80	248.00
	1426.36	0.00	6.82	248.00
	1426.37	0.00	6.82	249.00
	1426.38	0.00	6.82	248.00
	1426.39	0.00	6.80	248.00
	1426.40	0.00	6.82	248.00
	1426.41	0.00	6.80	248.00
	1426.43	0.00	6.83	248.00
	1426.44	0.00	6.84	248.00
	1426.45	0.00	6.86	247.00
	1426.46	0.00	6.77	246.00
	1426.47	0.00	6.76	246.00
	1426.48	0.00	6.76	246.00
	1426.49	0.00	6.76	247.00
	1426.51	0.00	6.77	247.00
	1426.52	0.00	6.76	246.00
	1426.53	0.00	6.78	248.00
	1426.54	0.00	6.78	248.00
	1426.55	0.00	6.76	246.00
	1426.56	0.00	6.78	247.00
	1426.57	0.00	6.78	247.00
	1426.59	0.00	6.77	246.00
	1426.60	0.00	6.79	245.00
	1426.61	0.00	6.79	245.00
	1426.62	0.00	6.75	244.00
	1426.63	0.00	6.68	243.00
	1426.64	0.00	6.70	244.00
	1426.66	0.00	6.70	243.00
	1426.67	0.00	6.67	242.00
	1426.68	0.00	6.68	243.00
	1426.69	0.00	6.68	243.00
	1426.70	0.00	6.70	243.00
	1426.71	0.00	6.68	243.00
	1426.72	0.00	6.70	242.00
	1426.74	0.00	6.69	242.00
	1426.75	0.00	6.67	242.00
	1426.76	0.00	6.69	242.00
	1426.77	0.00	6.70	242.00
	1426.78	0.00	6.70	242.00
	1426.79	0.00	6.70	242.00
	1426.80	0.00	6.69	242.00
	1426.82	0.00	6.69	242.00
	1426.83	0.00	6.66	241.00
	1426.84	0.00	6.68	243.00
	1426.85	0.00	6.69	242.00
	1426.86	0.00	6.66	241.00
	1426.87	0.00	6.72	242.00
	1426.88	0.00	6.74	243.00
	1426.90	0.00	6.74	243.00
	1426.91	0.00	6.75	242.00
	1426.92	0.00	6.74	243.00
	1426.93	0.00	6.72	242.00
	1426.94	0.00	6.74	243.00
	1426.95	0.00	6.75	242.00
	1426.96	0.00	6.75	242.00
	1426.98	0.00	6.73	243.00
	1426.99	0.00	6.75	242.00
	1427.00	0.00	6.73	241.00
	1427.01	0.00	6.72	243.00
	1427.02	0.00	6.72	243.00
	1427.03	0.00	6.72	241.00
	1427.05	0.00	6.72	241.00
	1427.06	0.00	6.82	246.00
	1427.07	0.00	6.83	246.00
	1427.08	0.00	6.85	245.00
	1427.09	0.00	6.82	245.00
	1427.10	0.00	6.82	246.00
	1427.11	0.00	6.83	245.00
	1427.13	0.00	6.80	245.00
	1427.14	0.00	6.82	246.00
	1427.15	0.00	6.82	246.00
	1427.16	0.00	6.82	246.00
	1427.17	0.00	6.82	246.00
	1427.18	0.00	6.82	246.00
	1427.19	0.00	6.82	246.00
	1427.21	0.00	6.83	246.00
	1427.22	0.00	6.83	246.00
	1427.23	0.00	6.82	246.00
	1427.24	0.00	6.82	247.00
	1427.25	0.00	6.83	246.00
	1427.26	0.00	6.83	246.00
	1427.28	0.00	6.83	246.00
	1427.29	0.00	6.81	245.00
	1427.30	0.00	6.83	246.00
	1427.31	0.00	6.87	247.00
	1427.32	0.00	6.87	248.00
	1427.33	0.00	6.76	246.00
	1427.34	0.00	6.75	245.00
	1427.36	0.00	6.76	246.00
	1427.37	0.00	6.77	247.00
	1427.38	0.00	6.77	247.00
	1427.39	0.00	6.76	246.00
	1427.40	0.00	6.74	246.00
	1427.41	0.00	6.79	248.00
	1427.43	0.00	6.78	249.00
	1427.44	0.00	6.79	249.00
	1427.45	0.00	6.79	250.00
	1427.46	0.00	6.79	249.00
	1427.47	0.00	6.77	247.00
	1427.48	0.00	6.78	248.00
	1427.49	0.00	6.77	247.00
	1427.51	0.00	6.77	247.00
	1427.52	0.00	6.70	247.00
	1427.53	0.00	6.67	247.00
	1427.54	0.00	6.67	247.00
	1427.55	0.00	6.70	247.00
	1427.56	0.00	6.68	249.00
	1427.57	0.00	6.70	249.00
	1427.59	0.00	6.70	248.00
	1427.60	0.00	6.68	249.00
	1427.61	0.00	6.68	249.00
	1427.62	0.00	6.68	249.00
	1427.63	0.00	6.68	249.00
	1427.64	0.00	6.69	249.00
	1427.66	0.00	6.69	250.00
	1427.67	0.00	6.68	249.00
	1427.68	0.00	6.69	250.00
	1427.69	0.00	6.68	250.00
	1427.70	0.00	6.68	250.00
	1427.71	0.00	6.67	250.00
	1427.72	0.00	6.68	251.00
	1427.73	0.00	6.67	250.00
	1427.75	0.00	6.67	250.00
	1427.76	0.00	6.72	252.00
	1427.77	0.00	6.72	252.00
	1427.78	0.00	6.75	253.00
	1427.79	0.00	6.73	252.00
	1427.81	0.00	6.73	252.00
	1427.82	0.00	6.73	252.00
	1427.83	0.00	6.73	252.00
	1427.84	0.00	6.73	252.00
	1427.85	0.00	6.75	252.00
	1427.86	0.00	6.76	253.00
	1427.87	0.00	6.75	252.00
	1427.89	0.00	6.75	252.00
	1427.90	0.00	6.75	253.00
	1427.91	0.00	6.73	252.00
	1427.92	0.00	6.74	250.00
	1427.93	0.00	6.73	253.00
	1427.94	0.00	6.74	252.00
	1427.95	0.00	6.70	251.00
	1427.96	0.00	6.72	251.00
	1427.98	0.00	6.74	251.00
	1427.99	0.00	6.81	255.00
	1428.00	0.00	6.81	255.00
	1428.01	0.00	6.81	254.00
	1428.02	0.00	6.82	255.00
	1428.04	0.00	6.82	255.00
	1428.05	0.00	6.82	255.00
	1428.06	0.00	6.84	256.00
	1428.07	0.00	6.83	256.00
	1428.08	0.00	6.83	256.00
	1428.09	0.00	6.83	256.00
	1428.10	0.00	6.83	256.00
	1428.11	0.00	6.81	255.00
	1428.13	0.00	6.81	255.00
	1428.14	0.00	6.83	256.00
	1428.15	0.00	6.79	255.00
	1428.16	0.00	6.83	257.00
	1428.17	0.00	6.83	256.00
	1428.19	0.00	6.86	256.00
	1428.20	0.00	6.85	255.00
	1428.21	0.00	6.81	255.00
	1428.22	0.00	6.77	255.00
	1428.23	0.00	6.79	255.00
	1428.24	0.00	6.76	254.00
	1428.25	0.00	6.76	254.00
	1428.26	0.00	6.76	255.00
	1428.28	0.00	6.78	254.00
	1428.29	0.00	6.76	256.00
	1428.30	0.00	6.77	256.00
	1428.31	0.00	6.79	255.00
	1428.32	0.00	6.79	254.00
	1428.33	0.00	6.78	253.00
	1428.34	0.00	6.79	253.00
	1428.36	0.00	6.69	253.00
	1428.37	0.00	6.71	253.00
	1428.38	0.00	6.71	252.00
	1428.39	0.00	6.70	252.00
	1428.40	0.00	6.70	252.00
	1428.41	0.00	6.69	253.00
	1428.43	0.00	6.71	253.00
	1428.44	0.00	6.70	252.00
	1428.45	0.00	6.70	252.00
	1428.46	0.00	6.70	252.00
	1428.47	0.00	6.71	252.00
	1428.48	0.00	6.69	251.00
	1428.49	0.00	6.70	251.00
	1428.51	0.00	6.69	251.00
	1428.52	0.00	6.71	251.00
	1428.53	0.00	6.69	251.00
	1428.54	0.00	6.69	251.00
	1428.55	0.00	6.69	252.00
	1428.56	0.00	6.67	252.00
	1428.57	0.00	6.66	250.00
	1428.59	0.00	6.73	253.00
	1428.60	0.00	6.73	253.00
	1428.61	0.00	6.73	252.00
	1428.62	0.00	6.75	252.00
	1428.63	0.00	6.73	253.00
	1428.64	0.00	6.75	252.00
	1428.66	0.00	6.73	251.00
	1428.67	0.00	6.73	252.00
	1428.68	0.00	6.73	252.00
	1428.69	0.00	6.74	251.00
	1428.70	0.00	6.75	252.00
	1428.71	0.00	6.75	252.00
	1428.72	0.00	6.72	252.00
	1428.74	0.00	6.72	252.00
	1428.75	0.00	6.70	251.00
	1428.76	0.00	6.69	250.00
	1428.77	0.00	6.81	255.00
	1428.78	0.00	6.81	255.00
	1428.79	0.00	6.81	255.00
	1428.81	0.00	6.82	255.00
	1428.82	0.00	6.81	254.00
	1428.83	0.00	6.84	255.00
	1428.84	0.00	6.82	255.00
	1428.85	0.00	6.80	254.00
	1428.86	0.00	6.81	255.00
	1428.87	0.00	6.81	255.00
	1428.89	0.00	6.81	255.00
	1428.90	0.00	6.81	254.00
	1428.91	0.00	6.81	255.00
	1428.92	0.00	6.81	255.00
	1428.93	0.00	6.85	255.00
	1428.94	0.00	6.81	255.00
	1428.95	0.00	6.81	255.00
	1428.97	0.00	6.81	255.00
	1428.98	0.00	6.81	255.00
	1428.99	0.00	6.81	255.00
	1429.00	0.00	6.82	255.00
	1429.01	0.00	6.80	254.00
	1429.02	0.00	6.84	255.00
	1429.04	0.00	6.86	255.00
	1429.05	0.00	6.75	254.00
	1429.06	0.00	6.75	254.00
	1429.07	0.00	6.75	253.00
	1429.08	0.00	6.75	254.00
	1429.09	0.00	6.73	253.00
	1429.10	0.00	6.73	253.00
	1429.11	0.00	6.75	254.00
	1429.13	0.00	6.75	255.00
	1429.14	0.00	6.75	2550.00	6.67	252.00
	1429.25	0.00	6.67	252.00
	1429.26	0.00	6.67	252.00
	1429.28	0.00	6.67	252.00
	1429.29	0.00	6.67	251.00
	1429.30	0.00	6.69	252.00
	1429.31	0.00	6.67	251.00
	1429.32	0.00	6.67	251.00
	1429.33	0.00	6.68	251.00
	1429.34	0.00	6.68	251.00
	1429.36	0.00	6.65	251.00
	1429.37	0.00	6.65	251.00
	1429.38	0.00	6.65	251.00
	1429.39	0.00	6.65	251.00
	1429.40	0.00	6.65	252.00
	1429.41	0.00	6.63	251.00
	1429.43	0.00	6.64	251.00
	1429.44	0.00	6.70	252.00
	1429.45	0.00	6.72	252.00
	1429.46	0.00	6.71	252.00
	1429.47	0.00	6.72	253.00
	1429.48	0.00	6.72	253.00
	1429.49	0.00	6.74	252.00
	1429.51	0.00	6.71	253.00
	1429.52	0.00	6.73	251.00
	1429.53	0.00	6.71	251.00
	1429.54	0.00	6.71	251.00
	1429.55	0.00	6.73	250.00
	1429.56	0.00	6.71	252.00
	1429.57	0.00	6.69	251.00
	1429.59	0.00	6.69	250.00
	1429.60	0.00	6.70	251.00
	1429.61	0.00	6.69	250.00
	1429.62	0.00	6.76	253.00
	1429.63	0.00	6.71	250.00
	1429.64	0.00	6.79	254.00
	1429.66	0.00	6.79	253.00
	1429.67	0.00	6.79	253.00
	1429.68	0.00	6.79	253.00
	1429.69	0.00	6.80	253.00
	1429.70	0.00	6.78	252.00
	1429.71	0.00	6.79	253.00
	1429.72	0.00	6.79	253.00
	1429.74	0.00	6.78	253.00
	1429.75	0.00	6.80	253.00
	1429.76	0.00	6.80	253.00
	1429.77	0.00	6.83	254.00
	1429.78	0.00	6.81	252.00
	1429.79	0.00	6.79	252.00
	1429.81	0.00	6.80	253.00
	1429.82	0.00	6.80	253.00
	1429.83	0.00	6.80	253.00
	1429.84	0.00	6.83	253.00
	1429.85	0.00	6.84	253.00
	1429.86	0.00	6.87	253.00
	1429.87	0.00	6.74	251.00
	1429.89	0.00	6.74	251.00
	1429.90	0.00	6.75	251.00
	1429.91	0.00	6.75	251.00
	1429.92	0.00	6.75	251.00
	1429.93	0.00	6.75	251.00
	1429.94	0.00	6.77	251.00
	1429.95	0.00	6.77	251.00
	1429.96	0.00	6.76	251.00
	1429.98	0.00	6.79	250.00
	1429.99	0.00	6.75	249.00
	1430.00	0.00	6.78	249.00
	1430.01	0.00	6.76	248.00
	1430.02	0.00	6.78	249.00
	1430.04	0.00	6.76	248.00
	1430.05	0.00	6.74	248.00
	1430.06	0.00	6.77	248.00
	1430.07	0.00	6.78	247.00
	1430.08	0.00	6.76	246.00
	1430.09	0.00	6.79	245.00
	1430.10	0.00	6.78	246.00
	1430.12	0.00	6.70	244.00
	1430.13	0.00	6.68	244.00
	1430.14	0.00	6.68	244.00
	1430.15	0.00	6.68	244.00
	1430.16	0.00	6.68	244.00
	1430.17	0.00	6.70	245.00
	1430.19	0.00	6.68	244.00
	1430.20	0.00	6.68	244.00
	1430.21	0.00	6.70	243.00
	1430.22	0.00	6.68	243.00
	1430.23	0.00	6.68	243.00
	1430.24	0.00	6.72	243.00
	1430.26	0.00	6.68	243.00
	1430.27	0.00	6.70	243.00
	1430.28	0.00	6.67	241.00
	1430.29	0.00	6.70	242.00
	1430.30	0.00	6.69	242.00
	1430.31	0.00	6.69	241.00
	1430.32	0.00	6.70	241.00
	1430.34	0.00	6.70	241.00
	1430.35	0.00	6.70	241.00
	1430.36	0.00	6.70	241.00
	1430.37	0.00	6.70	241.00
	1430.38	0.00	6.69	241.00
	1430.39	0.00	6.67	240.00
	1430.41	0.00	6.69	240.00
	1430.42	0.00	6.71	240.00
	1430.43	0.00	6.68	240.00
	1430.44	0.00	6.67	240.00
	1430.45	0.00	6.67	240.00
	1430.46	0.00	6.67	241.00
	1430.47	0.00	6.67	240.00
	1430.49	0.00	6.68	240.00
	1430.50	0.00	6.68	240.00
	1430.51	0.00	6.75	241.00
	1430.52	0.00	6.75	242.00
	1430.53	0.00	6.73	240.00
	1430.54	0.00	6.73	240.00
	1430.55	0.00	6.74	240.00
	1430.56	0.00	6.74	240.00
	1430.58	0.00	6.72	239.00
	1430.59	0.00	6.75	241.00
	1430.60	0.00	6.73	240.00
	1430.61	0.00	6.73	239.00
	1430.62	0.00	6.75	238.00
	1430.64	0.00	6.73	241.00
	1430.65	0.00	6.74	241.00
	1430.66	0.00	6.72	239.00
	1430.67	0.00	6.71	239.00
	1430.68	0.00	6.86	244.00
	1430.69	0.00	6.83	243.00
	1430.70	0.00	6.85	242.00
	1430.71	0.00	6.83	241.00
	1430.73	0.00	6.83	243.00
	1430.74	0.00	6.82	242.00
	1430.75	0.00	6.81	242.00
	1430.76	0.00	6.81	242.00
	1430.77	0.00	6.82	242.00
	1430.79	0.00	6.83	241.00
	1430.80	0.00	6.84	241.00
	1430.81	0.00	6.82	240.00
	1430.82	0.00	6.82	241.00
	1430.83	0.00	6.84	241.00
	1430.84	0.00	6.82	241.00
	1430.85	0.00	6.84	241.00
	1430.86	0.00	6.84	241.00
	1430.88	0.00	6.86	241.00
	1430.89	0.00	6.85	241.00
	1430.90	0.00	6.85	241.00
	1430.91	0.00	6.84	241.00
	1430.92	0.00	6.84	241.00
	1430.93	0.00	6.85	241.00
	1430.95	0.00	6.86	241.00
	1430.96	0.00	6.85	240.00
	1430.97	0.00	6.85	240.00
	1430.98	0.00	6.85	240.00
	1430.99	0.00	6.87	240.00
	1431.00	0.00	6.87	239.00
	1431.02	0.00	6.86	239.00
	1431.03	0.00	6.78	239.00
	1431.04	0.00	6.78	238.00
	1431.05	0.00	6.78	238.00
	1431.06	0.00	6.79	239.00
	1431.07	0.00	6.78	239.00
	1431.08	0.00	6.81	239.00
	1431.10	0.00	6.82	239.00
	1431.11	0.00	6.80	241.00
	1431.12	0.00	6.80	240.00
	1431.13	0.00	6.80	240.00
	1431.14	0.00	6.78	239.00
	1431.15	0.00	6.79	239.00
	1431.16	0.00	6.81	239.00
	1431.18	0.00	6.72	238.00
	1431.19	0.00	6.72	237.00
	1431.20	0.00	6.72	238.00
	1431.21	0.00	6.70	236.00
	1431.22	0.00	6.70	236.00
	1431.23	0.00	6.72	237.00
	1431.25	0.00	6.70	236.00
	1431.26	0.00	6.72	236.00
	1431.27	0.00	6.74	237.00
	1431.28	0.00	6.74	237.00
	1431.29	0.00	6.74	237.00
	1431.30	0.00	6.72	238.00
	1431.31	0.00	6.74	237.00
	1431.32	0.00	6.73	238.00
	1431.34	0.00	6.74	237.00
	1431.35	0.00	6.78	236.00
	1431.36	0.00	6.69	235.00
	1431.37	0.00	6.71	236.00
	1431.38	0.00	6.69	235.00
	1431.40	0.00	6.69	236.00
	1431.41	0.00	6.69	235.00
	1431.42	0.00	6.69	235.00
	1431.43	0.00	6.74	236.00
	1431.44	0.00	6.77	236.00
	1431.45	0.00	6.77	236.00
	1431.46	0.00	6.79	235.00
	1431.47	0.00	6.77	234.00
	1431.49	0.00	6.78	234.00
	1431.50	0.00	6.78	234.00
	1431.51	0.00	6.78	235.00
	1431.52	0.00	6.80	236.00
	1431.53	0.00	6.80	236.00
	1431.54	0.00	6.76	233.00
	1431.56	0.00	6.78	234.00
	1431.57	0.00	6.78	235.00
	1431.58	0.00	6.79	235.00
	1431.59	0.00	6.78	234.00
	1431.60	0.00	6.80	233.00
	1431.61	0.00	6.80	233.00
	1431.63	0.00	6.95	183.00
	1431.64	0.00	6.77	233.00
	1431.65	0.00	6.75	232.00
	1431.66	0.00	6.74	231.00
	1431.67	0.00	6.78	232.00
	1431.68	0.00	6.86	236.00
	1431.69	0.00	6.86	236.00
	1431.71	0.00	6.86	236.00
	1431.72	0.00	6.86	237.00
	1431.73	0.00	6.89	237.00
	1431.74	0.00	6.85	236.00
	1431.75	0.00	6.83	235.00
	1431.76	0.00	6.89	237.00
	1431.78	0.00	6.87	237.00
	1431.79	0.00	6.87	237.00
	1431.80	0.00	6.86	237.00
	1431.81	0.00	6.87	237.00
	1431.82	0.00	6.87	237.00
	1431.83	0.00	6.87	237.00
	1431.84	0.00	6.87	237.00
	1431.85	0.00	6.87	238.00
	1431.87	0.00	6.89	237.00
	1431.88	0.00	6.89	237.00
	1431.89	0.00	6.91	237.00
	1431.90	0.00	6.93	238.00
	1431.91	0.00	6.91	237.00
	1431.92	0.00	6.81	236.00
	1431.94	0.00	6.81	236.00
	1431.95	0.00	6.81	236.00
	1431.96	0.00	6.81	236.00
	1431.97	0.00	6.79	235.00
	1431.98	0.00	6.79	236.00
	1431.99	0.00	6.81	236.00
	1432.00	0.00	6.85	237.00
	1432.02	0.00	6.83	238.00
	1432.03	0.00	6.83	237.00
	1432.04	0.00	6.83	236.00
	1432.05	0.00	6.84	235.00
	1432.06	0.00	6.83	234.00
	1432.07	0.00	6.73	233.00
	1432.08	0.00	6.73	233.00
	1432.10	0.00	6.73	233.00
	1432.11	0.00	6.75	233.00
	1432.12	0.00	6.75	233.00
	1432.13	0.00	6.75	233.00
	1432.14	0.00	6.76	233.00
	1432.15	0.00	6.75	233.00
	1432.17	0.00	6.73	233.00
	1432.18	0.00	6.76	233.00
	1432.19	0.00	6.75	233.00
	1432.20	0.00	6.76	233.00
	1432.21	0.00	6.78	232.00
	1432.22	0.00	6.74	232.00
	1432.23	0.00	6.75	232.00
	1432.25	0.00	6.88	182.00
	1432.26	0.00	6.74	232.00
	1432.27	0.00	6.75	232.00
	1432.28	0.00	6.73	231.00
	1432.29	0.00	6.73	231.00
	1432.30	0.00	6.73	231.00
	1432.31	0.00	6.81	233.00
	1432.33	0.00	6.81	233.00
	1432.34	0.00	6.96	183.00
	1432.35	0.00	6.98	183.00
	1432.36	0.00	6.94	182.00
	1432.37	0.00	6.95	182.00
	1432.38	0.00	6.96	183.00
	1432.40	0.00	6.98	183.00
	1432.41	0.00	6.95	183.00
	1432.42	0.00	6.95	183.00
	1432.43	0.00	6.96	183.00
	1432.44	0.00	6.94	182.00
	1432.45	0.00	6.93	181.00
	1432.46	0.00	6.92	180.00
	1432.47	0.00	7.04	185.00
	1432.49	0.00	7.04	185.00
	1432.50	0.00	7.04	185.00
	1432.51	0.00	7.04	185.00
	1432.52	0.00	7.03	184.00
	1432.53	0.00	7.03	184.00
	1432.54	0.00	7.04	185.00
	1432.56	0.00	7.02	185.00
	1432.57	0.00	7.02	185.00	1432.77	0.00	7.00	184.00
	1432.78	0.00	7.00	184.00
	1432.80	0.00	7.01	183.00
	1432.81	0.00	6.91	182.00
	1432.82	0.00	6.91	182.00
	1432.83	0.00	6.91	182.00
	1432.84	0.00	6.91	182.00
	1432.85	0.00	6.91	182.00
	1432.86	0.00	184.00
	1433.85	0.00	7.03	184.00
	1433.86	0.00	7.03	184.00
	1433.87	0.00	7.03	184.00
	1433.89	0.00	7.05	184.00
	1433.90	0.00	7.05	185.00
	1433.91	0.00	7.03	184.00
	1433.92	0.00	7.02	184.00
	1433.93	0.00	7.05	184.00
	1433.94	0.00	7.03	184.00
	1433.95	0.00	7.05	184.00
	1433.97	0.00	7.03	184.00
	1433.98	0.00	7.03	184.00
	1433.99	0.00	7.03	184.00
	1434.00	0.00	7.05	184.00
	1434.01	0.00	7.03	184.00
	1434.02	0.00	7.05	184.00
	1434.04	0.00	7.06	184.00
	1434.05	0.00	7.08	184.00
	1434.06	0.00	6.99	183.00
	1434.07	0.00	6.97	182.00
	1434.08	0.00	6.97	182.00
	1434.09	0.00	6.99	183.00
	1434.10	0.00	7.01	183.00
	1434.12	0.00	6.95	182.00
	1434.13	0.00	6.97	182.00
	1434.1.00
	1434.44	0.00	6.90	181.00
	1434.45	0.00	6.97	182.00
	1434.46	0.00	6.97	182.00
	1434.47	0.00	6.95	182.00
	1434.48	0.00	6.95	181.00
	1434.49	0.00	6.97	182.00
	1434.51	0.00	6.95	181.00
	1434.52	0.00	6.97	182.00
	1434.53		7.00	182.00
	1435.32	0.00	6.98	182.00
	1435.33	0.00	6.98	182.00
	1435.34	0.00	7.00	182.00
	1435.35	0.00	6.99	181.00
	1435.37	0.00	6.99	181.00
	1435.38	0.00	7.00	182.00
	1435.39	0.00	6.84	232.00
	1435.40	0.00	6.82	233.00
	1435.41	0.00	6.84	233.00
	1435.42	0.00	6.82	234.00
	1435.44	0.00	6.82	235.00
	1435.45	0.00	6.82	236.00
	1435.46	0.00	6.81	237.00
	1435.47	0.00	6.81	238.00
	1435.48	0.00	6.82	238.00
	1435.49	0.00	6.83	239.00
	1435.50	0.00	6.85	239.00
	1435.52	0.00	6.84	238.00
	1435.53	0.00	6.75	238.00
	1435.54	0.00	6.75	239.00
	1435.55	0.00	6.75	239.00
	1435.56	0.00	6.74	241.00
	1435.57	0.00	6.74	242.00
	1435.58	0.00	6.74	243.00
	1435.59	0.00	6.74	243.00
	1435.61	0.00	6.73	244.00
	1435.62	0.00	6.75	244.00
	1435.63	0.00	6.72	245.00
	1435.64	0.00	6.73	245.00
	1435.65	0.00	6.73	246.00
	1435.67	0.00	6.74	247.00
	1435.68	0.00	6.74	248.00
	1435.69	0.00	6.74	249.00
	1435.70	0.00	6.76	249.00
	1435.71	0.00	6.76	249.00
	1435.72	0.00	6.73	249.00
	1435.73	0.00	6.75	250.00
	1435.75	0.00	6.73	249.00
	1435.76	0.00	6.76	249.00
	1435.77	0.00	6.73	250.00
	1435.78	0.00	6.43	298.00
	1435.79	0.00	6.46	300.00
	1435.80	0.00	6.42	298.00
	1435.81	0.00	6.70	249.00
	1435.83	0.00	6.68	249.00
	1435.84	0.00	6.68	249.00
	1435.85	0.00	6.69	248.00
	1435.86	0.00	6.69	248.00
	1435.87	0.00	6.70	247.00
	1435.88	0.00	6.70	246.00
	1435.90	0.00	6..39	0.00	6.70	237.00
	1436.40	0.00	6.68	235.00
	1436.41	0.00	6.70	233.00
	1436.43	0.00	6.81	236.00
	1436.44	0.00	6.79	235.00
	1436.45	0.00	6.95	185.00
	1436.46	0.00	6.95	185.00
	1436.47	0.00	6.94	185.00
	1436.48	0.00	6.95	185.00
	1436.49	0.00	6.96	185.00
	1436.51	0.00	6.96	185.00
	1436.52	0.00	6.96	185.00
	1436.53	0.00	6.96	186.00
	1436.54	0.00	6.97	186.00
	1436.55	0.00	6.97	186.00
	1436.56	0.00	6.97	186.00
	1436.57	0.00	6.97	186.00
	1436.58	0.00	6.97	186.00
	1436.60	0.00	6.96	186.00
	1436.61	0.00	6.97	186.00
	1436.62	0.00	6.97	186.00
	1436.63	0.00	6.80	235.00
	1436.64	0.00	6.83	237.00
	1436.65	0.00	6.81	237.00
	1436.67	0.00	6.82	237.00
	1436.68	0.00	6.82	237.00
	1436.69	0.00	6.82	238.00
	1436.70	0.00	6.82	238.00
	1436.71	0.00	6.79	238.00
	1436.72	0.00	6.79	238.00
	1436.73	0.00	6.80	238.00
	1436.75	0.00	6.80	239.00
	1436.76	0.00	6.80	240.00
	1436.77	0.00	6.82	241.00
	1436.78	0.00	6.81	242.00
	1436.79	0.00	6.81	242.00
	1436.81	0.00	6.82	243.00
	1436.82	0.00	6.83	244.00
	1436.83	0.00	6.85	244.00
	1436.84	0.00	6.84	244.00
	1436.85	0.00	6.87	244.00
	1436.86	0.00	6.83	244.00
	1436.87	0.00	6.75	242.00
	1436.89	0.00	6.75	242.00
	1436.90	0.00	6.76	242.00
	1436.91	0.00	6.76	242.00
	1436.92	0.00	6.75	242.00
	1436.93	0.00	6.75	242.00
	1436.94	0.00	6.76	241.00
	1436.95	0.00	6.76	242.00
	1436.96	0.00	6.76	242.00
	1436.98	0.00	6.76	242.00
	1436.99	0.00	6.77	242.00
	1437.00	0.00	6.77	244.00
	1437.01	0.00	6.77	243.00
	1437.02	0.00	6.74	243.00
	1437.04	0.00	6.77	243.00
	1437.05	0.00	6.77	243.00
	1437.06	0.00	6.77	243.00
	1437.07	0.00	6.78	243.00
	1437.08	0.00	6.78	243.00
	1437.09	0.00	6.78	242.00
	1437.10	0.00	6.80	242.00
	1437.12	0.00	6.80	242.00
	1437.13	0.00	6.78	243.00
	1437.14	0.00	6.77	242.00
	1437.15	0.00	6.74	241.00
	1437.16	0.00	6.78	241.00
	1437.17	0.00	6.77	242.00
	1437.19	0.00	6.77	242.00
	1437.20	0.00	6.70	241.00
	1437.21	0.00	6.74	241.00
	1437.22	0.00	6.66	241.00
	1437.23	0.00	6.68	243.00
	1437.24	0.00	6.66	242.00
	1437.25	0.00	6.69	243.00
	1437.27	0.00	6.68	243.00
	1437.28	0.00	6.68	244.00
	1437.29	0.00	6.69	243.00
	1437.30	0.00	6.67	243.00
	1437.31	0.00	6.68	243.00
	1437.32	0.00	6.68	243.00
	1437.33	0.00	6.69	243.00
	1437.35	0.00	6.68	243.00
	1437.36	0.00	6.68	243.00
	1437.37	0.00	6.68	243.00
	1437.38	0.00	6.66	242.00
	1437.39	0.00	6.68	244.00
	1437.40	0.00	6.68	244.00
	1437.42	0.00	6.69	244.00
	1437.43	0.00	6.67	244.00
	1437.44	0.00	6.69	245.00
	1437.45	0.00	6.66	245.00
	1437.46	0.00	6.66	245.0438.45	0.00	8.80	245.00
	1438.46	0.00	8.88	247.00
	1438.47	0.00	8.80	245.00
	1438.48	0.00	8.79	245.00
	1438.49	0.00	8.75	244.00
	1438.51	0.00	8.79	245.00
	1438.52	0.00	8.79	245.00
	1438.53	0.00	8.77	246.00
	1438.54	0.00	8.82	247.00
	1438.55	0.00	8.86	249.00
	1438.56	0.00	8.94	252.00
	1438.57	0.00	8.97	252.00
	1438.59	0.00	8.97	252.00
	1438.60	0.00	8.97	252.00
	1438.61	0.00	9.03	253.00
	1438.62	0.00	8.96	250.00
	1438.63	0.00	8.99	251.00
	1438.64	0.00	9.03	253.00
	1438.66	0.00	9.08	253.00
	1438.67	0.00	9.12	255.00
	1438.68	0.00	9.06	254.00
	1438.69	0.00	9.15	256.00
	1438.70	0.00	9.18	257.00
	1438.71	0.00	9.26	259.00
	1438.73	0.00	9.32	261.00
	1438.74	0.00	9.3