66	1039.56
	1423.62	0.00	13.62	1050.58
	1423.63	0.00	13.59	1058.59
	1423.64	0.00	13.55	1069.60
	1423.66	0.00	13.55	1079.61
	1423.67	0.00	13.54	1081.61
	1423.68	0.00	13.54	1082.61
	1423.69	0.00	13.57	1084.60
	1423.70	0.00	13.60	1087.60
	1423.71	0.00	13.63	1084.59
	1423.73	0.00	13.70	1087.57
	1423.74	0.00	13.77	1081.56
	1423.75	0.00	13.84	1080.53
	1423.76	0.00	13.93	1075.51
	1423.77	0.00	14.00	1071.48
	1423.78	0.00	14.06	1069.46
	1423.80	0.00	14.11	1063.43
	1423.81	0.00	14.15	1058.42
	1423.82	0.00	14.20	1057.40
	1423.83	0.00	14.22	1051.38
	1423.84	0.00	14.22	1054.39
	1423.85	0.00	14.23	1055.38
	1423.86	0.00	14.22	1057.39
	1423.88	0.00	14.21	1058.40
	1423.89	0.00	14.16	1056.41
	1423.90	0.00	14.16	1060.42
	1423.91	0.00	14.15	1060.43
	1423.92	0.00	14.13	1062.44
	1423.94	0.00	14.13	1063.45
	1423.95	0.00	14.14	1064.45
	1423.96	0.00	14.12	1059.46
	1423.97	0.00	14.12	1062.46
	1423.98	0.00	14.12	1062.46
	1423.99	0.00	14.12	1064.46
	1424.01	0.00	14.12	1060.46
	1424.02	0.00	14.11	1062.46
	1424.03	0.00	14.11	1059.46
	1424.04	0.00	14.10	1058.46
	1424.05	0.00	14.11	1060.46
	1424.06	0.00	14.10	1057.46
	1424.08	0.00	14.10	1057.46
	1424.09	0.00	14.08	1057.47
	1424.10	0.00	14.08	1059.46
	1424.11	0.00	14.06	1061.48
	1424.12	0.00	14.03	1084.48
	1424.14	0.00	14.04	1065.48
	1424.15	0.00	14.02	1083.47
	1424.16	0.00	14.00	1060.48
	1424.17	0.00	14.03	1060.47
	1424.18	0.00	14.01	1054.47
	1424.19	0.00	14.01	1045.46
	1424.20	0.00	14.02	1038.46
	1424.22	0.00	14.06	1022.43
	1424.23	0.00	14.17	1014.35
	1424.24	0.00	14.36	990.28
	1424.25	0.00	14.45	975.23
	1424.26	0.00	14.50	965.18
	1424.27	0.00	14.58	956.13
	1424.29	0.00	14.67	944.06
	1424.30	0.00	14.68	935.03
	1424.31	0.00	14.73	922.97
	1424.32	0.00	14.85	889.92
	1424.33	0.00	14.87	882.90
	1424.34	0.00	14.95	877.83
	1424.36	0.00	14.97	871.80
	1424.37	0.00	14.97	858.78
	1424.38	0.00	14.95	850.77
	1424.39	0.00	14.94	845.77
	1424.40	0.00	14.94	843.77
	1424.41	0.00	14.92	839.78
	1424.43	0.00	14.92	835.78
	1424.44	0.00	14.90	835.78
	1424.45	0.00	14.90	833.79
	1424.46	0.00	14.93	844.79
	1424.47	0.00	14.98	848.79
	1424.48	0.00	15.00	850.79
	1424.50	0.00	14.99	851.80
	1424.51	0.00	15.00	849.80
	1424.52	0.00	15.00	851.81
	1424.53	0.00	14.97	847.82
	1424.54	0.00	14.97	847.82
	1424.55	0.00	14.96	846.83
	1424.56	0.00	14.94	839.82
	1424.58	0.00	14.97	847.82
	1424.59	0.00	14.97	843.81
	1424.60	0.00	14.97	840.80
	1424.61	0.00	14.97	845.81
	1424.62	0.00	14.97	846.81
	1424.63	0.00	14.96	845.82
	1424.65	0.00	14.96	843.82
	1424.66	0.00	14.96	844.82
	1424.67	0.00	14.96	842.82
	1424.68	0.00	14.96	842.82
	1424.69	0.00	14.96	836.80
	1424.70	0.00	14.96	835.80
	1424.71	0.00	14.95	836.81
	1424.73	0.00	14.96	839.81
	1424.74	0.00	14.95	839.82
	1424.75	0.00	14.93	845.84
	1424.76	0.00	14.94	848.84
	1424.77	0.00	14.93	853.85
	1424.79	0.00	14.91	846.86
	1424.80	0.00	14.95	857.88
	1424.81	0.00	14.89	871.92
	1424.82	0.00	14.86	881.96
	1424.83	0.00	14.82	891.00
	1424.84	0.00	14.78	893.03
	1424.85	0.00	14.70	892.07
	1424.87	0.00	14.63	896.10
	1424.88	0.00	14.60	903.13
	1424.89	0.00	14.56	909.16
	1424.90	0.00	14.48	913.19
	1424.91	0.00	14.40	921.23
	1424.92	0.00	14.30	929.28
	1424.94	0.00	14.24	934.30
	1424.95	0.00	14.19	939.33
	1424.96	0.00	14.13	945.36
	1424.97	0.00	14.08	945.37
	1424.98	0.00	14.01	944.39
	1424.99	0.00	13.98	951.42
	1425.01	0.00	13.96	961.44
	1425.02	0.00	13.91	966.46
	1425.03	0.00	13.89	971.47
	1425.04	0.00	13.80	1004.49
	1425.05	0.00	13.77	1016.50
	1425.06	0.00	13.74	1025.51
	1425.08	0.00	13.70	1059.52
	1425.09	0.00	13.66	1066.52
	1425.10	0.00	13.65	1070.50
	1425.11	0.00	13.61	1084.50
	1425.12	0.00	13.56	1091.52
	1425.13	0.00	13.53	1100.52
	1425.15	0.00	13.53	1116.51
	1425.16	0.00	13.50	1120.52
	1425.17	0.00	13.49	1130.52
	1425.18	0.00	13.48	1134.53
	1425.19	0.00	13.48	1146.53
	1425.20	0.00	13.48	1152.53
	1425.21	0.00	13.46	1157.53
	1425.23	0.00	13.47	1165.53
	1425.24	0.00	13.46	1166.54
	1425.25	0.00	13.47	1165.54
	1425.26	0.00	13.48	1167.54
	1425.27	0.00	13.46	1163.56
	1425.29	0.00	13.46	1164.57
	1425.30	0.00	13.45	1167.58
	1425.31	0.00	13.46	1171.58
	1425.32	0.00	13.46	1180.58
	1425.33	0.00	13.45	1187.58
	1425.34	0.00	13.47	1194.58
	1425.35	0.00	13.47	1196.58
	1425.37	0.00	13.47	1201.58
	1425.38	0.00	13.47	1207.58
	1425.39	0.00	13.44	1214.59
	1425.40	0.00	13.44	1219.59
	1425.41	0.00	13.44	1230.59
	1425.43	0.00	13.44	1236.59
	1425.44	0.00	13.44	1245.59
	1425.45	0.00	13.44	1250.58
	1425.46	0.00	13.45	1256.57
	1425.47	0.00	13.45	1265.57
	1425.48	0.00	13.46	1268.57
	1425.50	0.00	13.46	1269.57
	1425.51	0.00	13.44	1270.57
	1425.52	0.00	13.45	1270.57
	1425.53	0.00	13.45	1274.57
	1425.54	0.00	13.44	1273.57
	1425.55	0.00	13.46	1283.57
	1425.56	0.00	13.47	1288.56
	1425.57	0.00	13.48	1297.56
	1425.59	0.00	13.47	1303.57
	1425.60	0.00	13.48	1299.55
	1425.61	0.00	13.52	1306.54
	1425.62	0.00	13.55	1306.52
	1425.63	0.00	13.55	1302.53
	1425.65	0.00	13.56	1298.54
	1425.66	0.00	13.56	1295.54
	1425.67	0.00	13.56	1291.55
	1425.68	0.00	13.58	1284.54
	1425.69	0.00	13.59	1282.54
	1425.70	0.00	13.60	1276.55
	1425.72	0.00	13.60	1273.55
	1425.73	0.00	13.58	1272.56
	1425.74	0.00	13.60	1274.56
	1425.75	0.00	13.59	1281.56
	1425.76	0.00	13.59	1286.55
	1425.77	0.00	13.60	1290.55
	1425.79	0.00	13.57	1296.55
	1425.80	0.00	13.56	1302.55
	1425.81	0.00	13.56	1304.55
	1425.82	0.00	13.56	1306.56
	1425.83	0.00	13.55	1303.56
	1425.84	0.00	13.54	1305.57
	1425.85	0.00	13.54	1302.57
	1425.87	0.00	13.55	1296.54
	1425.88	0.00	13.55	1290.55
	1425.89	0.00	13.56	1285.55
	1425.90	0.00	13.55	1284.56
	1425.91	0.00	13.56	1279.56
	1425.93	0.00	13.55	1275.58
	1425.94	0.00	13.54	1274.58
	1425.95	0.00	13.54	1276.58
	1425.96	0.00	13.52	1276.59
	1425.97	0.00	13.51	1276.60
	1425.98	0.00	13.51	1278.61
	1425.99	0.00	13.50	1280.61
	1426.01	0.00	13.51	1281.60
	1426.02	0.00	13.52	1281.60
	1426.03	0.00	13.53	1282.60
	1426.04	0.00	13.53	1282.60
	1426.05	0.00	13.55	1285.59
	1426.06	0.00	13.55	1287.58
	1426.08	0.00	13.56	1286.57
	1426.09	0.00	13.55	1287.57
	1426.10	0.00	13.57	1288.55
	1426.11	0.00	13.58	1289.55
	1426.12	0.00	13.58	1290.55
	1426.14	0.00	13.58	1291.56
	1426.15	0.00	13.58	1293.56
	1426.16	0.00	13.58	1291.56
	1426.17	0.00	13.59	1291.56
	1426.18	0.00	13.58	1290.56
	1426.19	0.00	13.58	1291.56
	1426.20	0.00	13.57	1289.55
	1426.21	0.00	13.57	1290.54
	1426.23	0.00	13.56	1291.55
	1426.24	0.00	13.56	1296.54
	1426.25	0.00	13.57	1302.53
	1426.26	0.00	13.57	1303.54
	1426.27	0.00	13.57	1306.53
	1426.29	0.00	13.58	1315.53
	1426.30	0.00	13.57	1318.53
	1426.31	0.00	13.58	1326.50
	1426.32	0.00	13.58	1332.52
	1426.33	0.00	13.59	1331.51
	1426.34	0.00	13.61	1341.50
	1426.35	0.00	13.61	1334.50
	1426.37	0.00	13.64	1339.50
	1426.38	0.00	13.66	1338.50
	1426.39	0.00	13.69	1340.49
	1426.40	0.00	13.71	1341.49
	1426.41	0.00	13.74	1332.49
	1426.42	0.00	13.75	1330.48
	1426.44	0.00	13.78	1328.48
	1426.45	0.00	13.80	1325.47
	1426.46	0.00	13.81	1324.46
	1426.47	0.00	13.83	1320.46
	1426.48	0.00	13.86	1320.44
	1426.50	0.00	13.85	1318.45
	1426.51	0.00	13.86	1314.44
	1426.52	0.00	13.83	1306.44
	1426.53	0.00	13.86	1313.44
	1426.54	0.00	13.87	1314.45
	1426.55	0.00	13.85	1312.45
	1426.56	0.00	13.85	1311.45
	1426.58	0.00	13.85	1309.45
	1426.59	0.00	13.86	1310.44
	1426.60	0.00	13.83	1306.45
	1426.61	0.00	13.83	1305.45
	1426.62	0.00	13.83	1306.45
	1426.63	0.00	13.81	1305.46
	1426.65	0.00	13.81	1310.46
	1426.66	0.00	13.79	1307.46
	1426.67	0.00	13.77	1306.46
	1426.68	0.00	13.79	1310.46
	1426.69	0.00	13.78	1310.47
	1426.70	0.00	13.77	1306.47
	1426.72	0.00	13.79	1313.47
	1426.73	0.00	13.77	1310.47
	1426.74	0.00	13.79	1310.47
	1426.75	0.00	13.79	1306.46
	1426.76	0.00	13.78	1304.47
	1426.78	0.00	13.80	1302.47
	1426.79	0.00	13.79	1295.47
	1426.80	0.00	13.80	1293.46
	1426.81	0.00	13.79	1291.47
	1426.82	0.00	13.80	1289.47
	1426.83	0.00	13.79	1286.47
	1426.84	0.00	13.80	1285.48
	1426.85	0.00	13.79	1284.48
	1426.87	0.00	13.77	1283.49
	1426.88	0.00	13.75	1281.50
	1426.89	0.00	13.70	1284.51
	1426.90	0.00	13.67	1288.53
	1426.91	0.00	13.64	1294.54
	1426.93	0.00	13.61	1295.55
	1426.94	0.00	13.59	1297.56
	1426.95	0.00	13.59	1297.55
	1426.96	0.00	13.59	1295.56
	1426.97	0.00	13.59	1292.57
	1426.98	0.00	13.60	1280.56
	1427.00	0.00	13.61	1280.57
	1427.01	0.00	13.63	1269.56
	1427.02	0.00	13.65	1262.56
	1427.03	0.00	13.68	1252.55
	1427.04	0.00	13.70	1234.54
	1427.05	0.00	13.76	1222.52
	1427.06	0.00	13.78	1208.51
	1427.08	0.00	13.82	1194.50
	1427.09	0.00	13.90	1185.46
	1427.10	0.00	13.93	1180.45
	1427.11	0.00	13.96	1179.44
	1427.12	0.00	13.96	1174.45
	1427.14	0.00	13.97	1173.45
	1427.15	0.00	13.97	1171.45
	1427.16	0.00	13.96	1159.45
	1427.17	0.00	14.00	1155.44
	1427.18	0.00	14.05	1141.38
	1427.19	0.00	14.08	1131.37
	1427.20	0.00	14.10	1122.37
	1427.22	0.00	14.16	1108.34
	1427.23	0.00	14.24	1093.32
	1427.24	0.00	14.26	1079.31
	1427.25	0.00	14.30	1064.28
	1427.26	0.00	14.33	1049.26
	1427.28	0.00	14.36	1026.24
	1427.29	0.00	14.45	1013.22
	1427.30	0.00	14.55	978.19
	1427.31	0.00	14.60	964.16
	1427.32	0.00	14.70	962.11
	1427.33	0.00	14.72	960.07
	1427.34	0.00	14.75	946.03
	1427.36	0.00	14.80	941.00
	1427.37	0.00	14.83	931.96
	1427.38	0.00	14.90	889.93
	1427.39	0.00	14.84	907.91
	1427.40	0.00	14.91	878.90
	1427.42	0.00	14.91	874.89
	1427.43	0.00	14.89	865.89
	1427.44	0.00	14.89	859.88
	1427.45	0.00	14.88	852.88
	1427.46	0.00	14.89	852.87
	1427.47	0.00	14.89	848.87
	1427.48	0.00	14.87	842.86
	1427.50	0.00	14.87	841.86
	1427.51	0.00	14.88	842.86
	1427.52	0.00	14.88	844.86
	1427.53	0.00	14.88	844.85
	1427.54	0.00	14.86	833.86
	1427.55	0.00	14.89	844.87
	1427.56	0.00	14.92	848.88
	1427.58	0.00	14.92	848.88
	1427.59	0.00	14.92	848.89
	1427.60	0.00	14.92	847.89
	1427.61	0.00	14.90	844.90
	1427.62	0.00	14.89	837.89
	1427.64	0.00	14.90	837.88
	1427.65	0.00	14.88	836.88
	1427.66	0.00	14.89	835.88
	1427.67	0.00	14.89	835.88
	1427.68	0.00	14.89	834.88
	1427.69	0.00	14.87	831.89
	1427.70	0.00	14.88	834.89
	1427.72	0.00	14.88	834.89
	1427.73	0.00	14.88	834.89
	1427.74	0.00	14.88	835.89
	1427.75	0.00	14.87	832.89
	1427.76	0.00	14.85	826.89
	1427.77	0.00	14.86	829.89
	1427.79	0.00	14.86	829.89
	1427.80	0.00	14.86	829.89
	1427.81	0.00	14.87	831.89
	1427.82	0.00	14.87	831.89
	1427.83	0.00	14.86	833.89
	1427.84	0.00	14.86	832.89
	1427.86	0.00	14.87	833.88
	1427.87	0.00	14.83	821.88
	1427.88	0.00	14.85	825.88
	1427.89	0.00	14.84	827.89
	1427.90	0.00	14.86	829.88
	1427.91	0.00	14.87	830.88
	1427.93	0.00	14.87	830.88
	1427.94	0.00	14.87	830.88
	1427.95	0.00	14.87	830.88
	1427.96	0.00	14.88	831.87
	1427.97	0.00	14.89	830.87
	1427.98	0.00	14.87	828.88
	1427.99	0.00	14.87	831.88
	1428.01	0.00	14.88	830.88
	1428.02	0.00	14.86	833.89
	1428.03	0.00	14.87	830.89
	1428.04	0.00	14.87	830.89
	1428.05	0.00	14.86	831.89
	1428.06	0.00	14.87	830.89
	1428.08	0.00	14.89	836.90
	1428.09	0.00	14.83	837.92
	1428.10	0.00	14.78	842.95
	1428.11	0.00	14.74	850.01
	1428.12	0.00	14.64	853.07
	1428.13	0.00	14.60	860.10
	1428.15	0.00	14.53	872.13
	1428.16	0.00	14.52	883.15
	1428.17	0.00	14.53	894.12
	1428.18	0.00	14.52	904.13
	1428.19	0.00	14.52	910.15
	1428.20	0.00	14.48	916.17
	1428.21	0.00	14.43	920.19
	1428.23	0.00	14.35	930.24
	1428.24	0.00	14.21	958.27
	1428.25	0.00	14.14	966.31
	1428.26	0.00	14.13	969.26
	1428.27	0.00	14.08	974.27
	1428.29	0.00	14.03	982.29
	1428.30	0.00	13.99	985.30
	1428.31	0.00	13.91	992.32
	1428.32	0.00	13.85	1020.35
	1428.33	0.00	13.75	1020.37
	1428.34	0.00	13.62	1025.38
	1428.35	0.00	13.29	1053.38
	1428.37	0.00	13.23	1043.37
	1428.38	0.00	0	12.82	1062.55
	1428.48	0.00	12.83	1080.57
	1428.49	0.00	12.81	1099.60
	1428.51	0.00	12.83	1108.62
	1428.52	0.00	12.83	1119.63
	1428.53	0.00	12.84	1128.65
	1428.54	0.00	12.86	1135.66
	1428.55	0.00	12.88	1133.66
	1428.56	0.00	12.99	1176.65
	1428.58	0.00	13.01	1191.66
	1428.59	0.00	13.12	1189.65
	1428.60	0.00	13.21	1193.64
	1428.61	0.00	13.30	1201.62
	1428.62	0.00	13.58	1178.60
	1428.63	0.00	13.68	1180.59
	1428.65	0.00	13.75	1171.57
	1428.66	0.00	13.82	1169.56
	1428.67	0.00	13.83	1159.55
	1428.68	0.00	13.85	1161.53
	1428.69	0.00	13.88	1165.52
	1428.70	0.00	13.90	1163.51
	1428.71	0.00	13.91	1164.51
	1428.73	0.00	13.92	1158.50
	1428.74	0.00	13.93	1164.50
	14255
	1445.96	0.00	13.46	939.57
	1445.97	0.00	13.47	939.58
	1445.99	0.00	13.48	938.58
	1446.00	0.00	13.47	940.60
	1446.01	0.00	13.45	939.61
	1446.02	0.00	13.45	939.61
	1446.03	0.00	13.45	938.62
	1446.04	0.00	13.40	924.60
	1446.06	0.00	13.37	918.60
	1446.07	0.00	13.41	931.62
	1446.08	0.00	13.41	932.62
	1446.09	0.00	13.42	934.64
	1446.10	0.00	13.43	935.63
	1446.11	0.00	13.43	936.63
	1446.13	0.00	13.43	935.63
	1446.14	0.00	13.44	937.63
	1446.15	0.00	13.38	920.61
	1446.16	0.00	13.41	924.60
	1446.17	0.00	13.43	931.61
	1446.18	0.00	13..63
	1446.29	0.00	13.44	940.63
	1446.30	0.00	13.45	941.63
	1446.31	0.00	13.45	943.63
	1446.32	0.00	13.44	942.64
	1446.33	0.00	13.44	943.64
	1446.34	0.00	13.44	943.64
	1446.36	0.00	13.43	937.62
	1446.37	0.00	13.44	937.61
	1446.38	0.00	13.46	940.61
	1446.39	0.00	13.46	941.61
	1446.40	0.00	13.44	940.63
	1446.42	0.00	13.45	943.62
	1446.43	0.00	13.46	943.62
	1446.44	0.00	13.46	942.62
	1446.45	0.00	13.42	933.62
	1446.46	0.00	13.42	939.63
	1446.47	0.00	13.43	939.63
	1446.48	0.00	13.43	939.63
	1446.50	0.00	13.43	939.63
	1446.51	0.00	13.44	940.63
	1446.52	0.00	13.44	940.63
	1446.53	0.00	13.44	940.63
	1446.54	0.00	13.44	940.63
	1446.55	0.00	13.39	930.63
	1446.56	0.00	13.40	932.63
	1446.58	0.00	13.41	935.63
	1446.59	0.00	13.43	936.63
	1446.60	0.00	13.41	936.64
	1446.61	0.00	13.43	936.63
	1446.62	0.00	13.43	937.63
	1446.64	0.00	13.43	937.63
	1446.65	0.00	13.46	939.60
	1446.66	0.00	13.45	939.61
	1446.67	0.00	13.43	938.63
	1446.68	0.00	13.42	941.64
	1446.69	0.00	13.44	940.63
	1446.70	0.00	13.41	938.65
	1446.72	0.00	13.42	940.65
	1446.73	0.00	13.41	939.65
	1446.74	0.00	13.42	942.65
	1446.75	0.00	13.42	939.64
	1446.76	0.00	13.42	942.64
	1446.77	0.00	13.43	939.63
	1446.79	0.00	13.42	940.64
	1446.80	0.00	13.41	939.65
	1446.81	0.00	13.43	941.64
	1446.82	0.00	13.42	942.64
	1446.83	0.00	13.42	940.65
	1446.84	0.00	13.42	941.65
	1446.86	0.00	13.41	941.65
	1446.87	0.00	13.41	942.65
	1446.88	0.00	13.45	938.59
	1446.89	0.00	13.49	940.56
	1446.90	0.00	13.50	945.57
	1446.91	0.00	13.49	944.58
	1446.93	0.00	13.48	944.59
	1446.94	0.00	13.47	943.60
	1446.95	28.61
	1447.15	0.00	13.36	933.64
	1447.16	0.00	13.38	934.64
	1447.17	0.00	13.39	935.65
	1447.18	0.00	13.39	934.65
	1447.19	0.00	13.37	938.66
	1447.20	0.00	13.38	939.66
	1447.22	0.00	13.36	941.66
	1447.23	0.00	13.34	944.67
	1447.24	0.00	13.31	925.62
	1447.25	0.00	13.30	934.65
	1447.26	0.00	13.32	936.65
	1447.27	0.00	13.33	940.65
	1447.29	0.00	13.33	944.67
	1447.30	0.00	13.34	945.66
	1447.31	0.00	13.33	946.66
	1447.32	0.00	13.32	949.67
	1447.33	0.00	13.33	948.66
	1447.34	0.00	13.29	942.67
	1447.35	0.00	13.31	945.66
	1447.37	0.00	13.32	949.67
	1447.38	0.00	13.31	950.67
	1447.39	0.00	13.31	951.68
	1447.40	0.00	13.31	950.68
	1447.41	0.00	13.31	952.68
	1447.43	0.00	13.32	953.68
	1447.44	0.00	13.32	953.68
	1447.45	0.00	13.30	950.67
	1447.46	0.00	13.30	948.66
	1447.47	0.00	13.31	949.66
	1447.48	0.00	13.30	952.67
	1447.49	0.00	13.31	952.66
	1447.51	0.00	13.29	951.67
	1447.52	0.00	13.31	954.67
	1447.53	0.00	13.30	953.67
	1447.54	0.00	13.29	951.67
	1447.55	0.00	13.26	947.67
	1447.56	0.00	13.27	949.67
	1447.57	0.00	13.29	951.66
	1447.59	0.00	13.29	953.67
	1447.60	0.00	13.29	950.67
	1447.61	0.00	13.29	950.67
	1447.62	0.00	13.30	952.67
	1447.63	0.00	13.29	952.68
	1447.65	0.00	13.28	948.67
	1447.66	0.00	13.25	941.67
	1447.67	0.00	13.26	944.67
	1447.68	0.00	13.26	946.68
	1447.69	0.00	13.28	951.67
	1447.70	0.00	13.28	949.67
	1447.71	0.00	13.28	950.68
	1447.73	0.00	13.29	951.67
	1447.74	0.00	13.28	950.67
	1447.75	0.00	13.32	951.64
	1447.76	0.00	13.29	949.66
	1447.77	0.00	13.28	951.68
	1447.78	0.00	13.28	953.68
	1447.80	0.00	13.27	949.69
	1447.81	0.00	13.27	953.69
	1447.82	0.00	13.27	953.69
	1447.83	0.00	13.27	952.70
	1447.84	0.00	13.27	952.70
	1447.85	0.00	13.26	950.70
	1447.86	0.00	13.28	950.68
	1447.88	0.00	13.28	953.68
	1447.89	0.00	13.28	953.68
	1447.90	0.00	13.28	954.69
	1447.91	0.00	13.27	951.69
	1447.92	0.00	13.26	953.70
	1447.93	0.00	13.27	955.70
	1447.95	0.00	13.27	954.70
	1447.96	0.00	13.27	954.70
	1447.97	0.00	13.31	951.64
	1447.98	0.00	13.35	955.61
	1447.99	0.00	13.35	956.62
	1448.00	0.00	13.34	956.63
	1448.02	0.00	13.33	958.64
	1448.03	0.00	13.32	955.65
	1448.04	0.00	13.31	954.65
	1448.05	0.00	13.32	957.65
	1448.06	0.00	13.31	957.66
	1448.07	0.00	13.31	956.66
	1448.09	0.00	13.34	950.60
	1448.10	0.00	13.36	949.57
	1448.11	0.00	13.35	950.59
	1448.12	0.00	13.33	953.62
	1448.13	0.00	13.32	952.63
	1448.14	0.00	13.34	951.64
	1448.16	0.00	13.32	952.65
	1448.17	0.00	13.32	952.65
	1448.18	0.00	13.31	951.65
	1448.19	0.00	13.25	935.64
	1448.20	0.00	13.26	939.65
	1448.21	0.00	13.26	944.67
	1448.22	0.00	13.28	947.67
	1448.24	0.00	13.28	948.68
	1448.25	0.00	13.28	950.68
	1448.26	0.00	13.26	951.69
	1448.27	0.00	13.26	950.69
	1448.28	0.00	13.22	934.66
	1448.30	0.00	13.25	942.66
	1448.31	0.00	13.26	946.67
	1448.32	0.00	13.27	949.67
	1448.33	0.00	13.29	950.67
	1448.34	0.00	13.27	952.68
	1448.35	0.00	13.29	952.68
	1448.36	0.00	13.28	951.68
	1448.38	0.00	13.25	943.68
	1448.39	0.00	13.29	949.67
	1448.40	0.00	13.29	951.67
	1448.41	0.00	13.29	953.68
	1448.42	0.00	13.31	951.68
	1448.43	0.00	13.30	949.68
	1448.44	0.00	13.30	952.68
	1448.46	0.00	13.31	952.68
	1448.47	0.00	13.30	952.68
	1448.48	0.00	13.31	946.65
	1448.49	0.00	13.33	950.65
	1448.50	0.00	13.32	948.65
	1448.52	0.00	13.34	950.65
	1448.53	0.00	13.35	948.64
	1448.54	0.00	13.35	951.65
	1448.55	0.00	13.35	951.65
	1448.56	0.00	13.35	951.65
	1448.57	0.00	13.31	945.65
	1448.58	0.00	13.30	943.66
	1448.60	0.00	13.32	945.65
	1448.61	0.00	13.32	945.65
	1448.62	0.00	13.32	948.66
	1448.63	0.00	13.34	947.65
	1448.64	0.00	13.32	947.66
	1448.65	0.00	13.32	946.65
	1448.67	0.00	13.33	948.65
	1448.68	0.00	13.30	943.66
	1448.69	0.00	13.30	939.65
	1448.70	0.00	13.32	941.65
	1448.71	0.00	13.32	944.65
	1448.72	0.00	13.32	945.65
	1448.74	0.00	13.32	942.66
	1448.75	0.00	13.32	946.66
	1448.76	0.00	13.32	947.66
	1448.77	0.00	13.32	948.66
	1448.78	0.00	13.36	947.62
	1448.79	0.00	13.33	947.65
	1448.81	0.00	13.31	948.66
	1448.82	0.00	13.30	948.67
	1448.83	0.00	13.30	947.68
	1448.84	0.00	13.30	949.68
	1448.85	0.00	13.30	949.68
	1448.86	0.00	13.31	949.68
	1448.88	0.00	13.30	949.68
	1448.89	0.00	13.29	949.69
	1448.90	0.00	13.29	949.69
	1448.91	0.00	13.30	948.67
	1448.92	0.00	13.31	949.67
	1448.93	0.00	13.31	949.67
	1448.94	0.00	13.30	949.68
	1448.96	0.00	13.31	948.68
	1448.97	0.00	13.30	949.68
	1448.98	0.00	13.33	949.65
	1448.99	0.00	13.31	952.68
	1449.00	0.00	13.34	946.62
	1449.02	0.00	13.38	950.60
	1449.03	0.00	13.37	950.61
	1449.04	0.00	13.33	940.61
	1449.05	0.00	13.37	952.62
	1449.06	0.00	13.35	949.63
	1449.07	0.00	13.34	950.64
	1449.08	0.00	13.36	949.63
	1449.10	0.00	13.34	950.64
	1449.11	0.00	13.35	949.64
	1449.12	0.00	13.40	943.55
	1449.13	0.00	13.39	945.56
	1449.14	0.00	13.38	947.58
	1449.15	0.00	13.37	946.59
	1449.17	0.00	13.37	948.61
	1449.18	0.00	13.36	945.62
	1449.19	0.00	13.36	946.63
	1449.20	0.00	13.35	948.63
	1449.21	0.00	13.35	949.64
	1449.22	0.00	13.30	929.60
	1449.23	0.00	13.30	935.63
	1449.25	0.00	13.31	939.64
	1449.26	0.00	13.31	943.65
	1449.27	0.00	13.34	941.65
	1449.28	0.00	13.35	945.65
	1449.29	0.00	13.34	944.65
	1449.31	0.00	13.34	944.65
	1449.32	0.00	13.28	930.65
	1449.33	0.00	13.29	932.64
	1449.34	0.00	13.33	939.64
	1449.35	0.00	13.34	943.64
	1449.36	0.00	13.34	944.65
	1449.37	0.00	13.34	944.65
	1449.39	0.00	13.35	945.65
	1449.40	0.00	13.33	947.66
	1449.41	0.00	13.34	947.65
	1449.42	0.00	13.32	940.64
	1449.43	0.00	13.33	945.65
	1449.44	0.00	13.34	947.65
	1449.46	0.00	13.34	949.66
	1449.47	0.00	13.34	947.67
	1449.48	0.00	13.35	948.66
	1449.49	0.00	13.35	949.66
	1449.50	0.00	13.35	950.66
	1449.51	0.00	13.34	944.64
	1449.53	0.00	13.36	944.63
	1449.54	0.00	13.37	950.63
	1449.55	0.00	13.36	948.64
	1449.56	0.00	13.37	947.63
	1449.57	0.00	13.38	947.63
	1449.58	0.00	13.38	950.63
	1449.59	0.00	13.37	947.64
	1449.61	0.00	13.37	950.64
	1449.62	0.00	13.37	950.64
	1449.63	0.00	13.35	946.65
	1449.64	0.00	13.33	940.64
	1449.65	0.00	13.32	940.64
	1449.67	0.00	13.33	942.64
	1449.68	0.00	13.33	944.65
	1449.69	0.00	13.35	947.64
	1449.70	0.00	13.36	948.64
	1449.71	0.00	13.35	947.64
	1449.72	0.00	13.36	946.64
	1449.73	0.00	13.37	948.64
	1449.75	0.00	13.36	946.64
	1449.76	0.00	13.36	946.64
	1449.77	0.00	13.36	946.64
	1449.78	0.00	13.36	946.64
	1449.79	0.00	13.36	948.64
	1449.80	0.00	13.36	946.64
	1449.82	0.00	13.35	945.64
	1449.83	0.00	13.36	946.64
	1449.84	0.00	13.35	944.64
	1449.85	0.00	13.36	946.64
	1449.86	0.00	13.35	947.64
	1449.87	0.00	13.31	938.64
	1449.89	0.00	13.33	943.64
	1449.90	0.00	13.34	944.64
	1449.91	0.00	13.32	943.65
	1449.92	0.00	13.34	945.64
	1449.93	0.00	13.35	945.64
	1449.94	0.00	13.35	947.64
	1449.95	0.00	13.35	947.64
	1449.97	0.00	13.37	947.62
	1449.98	0.00	13.35	944.63
	1449.99	0.00	13.37	948.63
	1450.00	0.00	13.36	944.62
	1450.01	0.00	13.34	944.64
	1450.02	0.00	13.34	945.64
	1450.04	0.00	13.36	946.64
	1450.05	0.00	13.35	947.64
	1450.06	0.00	13.35	946.64
	1450.07	0.00	13.35	946.64
	1450.08	0.00	13.33	943.64
	1450.09	0.00	13.36	947.63
	1450.11	0.00	13.36	945.62
	1450.12	0.00	13.34	945.64
	1450.13	0.00	13.36	947.63
	1450.14	0.00	13.35	947.66
	1450.15	0.00	13.34	946.65
	1450.16	0.00	13.35	948.65
	1450.18	0.00	13.35	948.65
	1450.19	0.00	13.33	947.66
	1450.20	0.00	13.33	946.66
	1450.21	0.00	13.33	945.66
	1450.22	0.00	13.35	946.64
	1450.23	0.00	13.33	948.67
	1450.25	0.00	13.32	947.67
	1450.26	0.00	13.33	948.67
	1450.27	0.00	13.33	948.67
	1450.28	0.00	13.33	948.66
	1450.29	0.00	13.31	946.67
	1450.30	0.00	13.33	947.67
	1450.31	0.00	13.31	946.67
	1450.33	0.00	13.31	943.67
	1450.34	0.00	13.30	941.67
	1450.35	0.00	13.34	947.65
	1450.36	0.00	13.34	946.65
	1450.37	0.00	13.32	947.67
	1450.39	0.00	13.33	950.66
	1450.40	0.00	13.34	947.65
	1450.41	0.00	13.34	948.66
	1450.42	0.00	13.34	948.66
	1450.43	0.00	13.33	948.67
	1450.44	0.00	13.32	951.67
	1450.45	0.00	13.32	951.67
	1450.47	0.00	13.27	940.67
	1450.48	0.00	13.38	949.59
	1450.49	0.00	13.39	952.59
	1450.50	0.00	13.39	952.60
	1450.51	0.00	13.39	952.60
	1450.52	0.00	13.39	951.61
	1450.54	0.00	13.38	950.61
	1450.55	0.00	13.37	951.61
	1450.56	0.00	13.38	952.61
	1450.57	0.00	13.38	951.62
	1450.58	0.00	13.36	950.62
	1450.59	0.00	13.36	951.62
	1450.60	0.00	13.37	950.62
	1450.62	0.00	13.36	952.63
	1450.63	0.00	13.35	951.64
	1450.64	0.00	13.40	945.55
	1450.65	0.00	13.33	946.63
	1450.66	0.00	13.38	947.58
	1450.68	0.00	13.42	945.53
	1450.69	0.00	13.38	947.58
	1450.70	0.00	13.37	948.60
	1450.71	0.00	13.36	948.61
	1450.72	0.00	13.38	945.59
	1450.73	0.00	13.35	948.63
	1450.74	0.00	13.35	947.63
	1450.76	0.00	13.34	950.64
	1450.77	0.00	13.34	948.63
	1450.78	0.00	13.34	950.64
	1450.79	0.00	13.36	949.62
	1450.80	0.00	13.28	931.62
	1450.81	0.00	13.29	937.64
	1450.83	0.00	13.31	944.65
	1450.84	0.00	13.31	942.65
	1450.85	0.00	13.30	943.66
	1450.86	0.00	13.31	945.66
	1450.87	0.00	13.32	946.66
	1450.89	1.00	13.32	947.66
	1450.90	1.00	13.33	947.65
	1450.91	1.00	13.27	930.63
	1450.92	1.00	13.30	936.64
	1450.93	1.00	13.32	936.62
	1450.94	1.00	13.36	942.62
	1450.95	1.00	13.36	944.63
	1450.97	1.00	13.36	943.62
	1450.98	1.00	13.38	946.62
	1450.99	1.00	13.38	946.62
	1451.00	1.00	13.40	943.62
	1451.01	1.00	13.41	945.61
	1451.02	1.00	13.35	937.63
	1451.04	1.00	13.38	946.63
	1451.05	1.00	13.39	948.63
	1451.06	1.00	13.34	940.63
	1451.07	1.00	13.37	945.64
	1451.08	1.00	13.39	943.62
	1451.09	1.00	13.37	947.63
	1451.10	1.00	13.37	949.64
	1451.12	0.00	13.36	949.65
	1451.13	0.00	13.38	951.64
	1451.14	0.00	13.38	951.64
	1451.15	0.00	13.37	950.64
	1451.16	0.00	13.38	951.64
	1451.18	0.00	13.36	949.65
	1451.19	0.00	13.35	949.65
	1451.20	0.00	13.35	950.65
	1451.21	0.00	13.36	943.61
	1451.22	0.00	13.36	948.63
	1451.23	0.00	13.37	949.63
	1451.25	0.00	13.37	949.63
	1451.26	0.00	13.35	950.64
	1451.27	0.00	13.36	950.63
	1451.28	0.00	13.36	952.64
	1451.29	0.00	13.34	951.64
	1451.30	0.00	13.35	953.64
	1451.31	0.00	13.33	951.65
	1451.33	0.00	13.35	954.65
	1451.34	0.00	13.30	944.65
	1451.35	0.00	13.31	947.65
	1451.36	0.00	13.32	948.65
	1451.37	0.00	13.30	950.65
	1451.38	0.00	13.30	948.65
	1451.40	0.00	13.31	950.65
	1451.41	0.00	13.31	950.66
	1451.42	0.00	13.32	949.64
	1451.43	0.00	13.31	950.66
	1451.44	0.00	13.31	950.66
	1451.45	0.00	13.32	951.65
	1451.46	0.00	13.29	940.63
	1451.48	0.00	13.28	939.65
	1451.49	0.00	13.30	944.65
	1451.50	0.00	13.30	944.65
	1451.51	0.00	13.34	946.63
	1451.52	0.00	13.33	948.64
	1451.54	0.00	13.34	947.64
	1451.55	0.00	13.34	947.64
	1451.56	0.00	13.38	946.60
	1451.57	0.00	13.35	945.63
	1451.58	0.00	13.35	946.63
	1451.59	0.00	13.35	944.64
	1451.60	0.00	13.35	944.64
	1451.62	0.00	13.36	944.64
	1451.63	0.00	13.36	947.65
	1451.64	0.00	13.35	944.65
	1451.65	0.00	13.36	944.65
	1451.66	0.00	13.39	945.63
	1451.67	0.00	13.37	942.65
	1451.69	0.00	13.39	942.63
	1451.70	0.00	13.38	944.63
	1451.71	0.00	13.38	946.64
	1451.72	0.00	13.41	943.62
	1451.73	0.00	13.39	943.64
	1451.74	0.00	13.39	943.64
	1451.76	0.00	13.40	941.64
	1451.77	0.00	13.39	943.64
	1451.78	0.00	13.45	939.62
	1451.79	0.00	13.44	942.64
	1451.80	0.00	13.44	938.64
	1451.81	0.00	13.39	930.64
	1451.82	0.00	13.49	934.56
	1451.84	0.00	13.51	938.56
	1451.85	0.00	13.50	938.57
	1451.86	0.00	13.49	940.58
	1451.87	0.00	13.50	938.58
	1451.88	0.00	13.49	936.59
	1451.89	0.00	13.49	938.59
	1451.91	0.00	13.50	937.59
	1451.92	0.00	13.48	939.60
	1451.93	0.00	13.49	936.59
	1451.94	0.00	13.52	930.52
	1451.95	0.00	13.55	932.51
	1451.96	0.00	13.53	931.53
	1451.98	0.00	13.51	932.55
	1451.99	0.00	13.49	929.58
	1452.00	0.00	13.49	931.58
	1452.01	0.00	13.49	932.59
	1452.02	0.00	13.49	931.58
	1452.04	0.00	13.43	914.57
	1452.05	0.00	13.44	918.58
	1452.06	0.00	13.44	920.59
	1452.07	0.00	13.45	925.60
	1452.08	0.00	13.47	922.60
	1452.09	0.00	13.47	926.61
	1452.10	0.00	13.46	926.61
	1452.11	0.00	13.43	920.61
	1452.13	0.00	13.46	928.61
	1452.14	0.00	13.44	913.58
	1452.15	0.00	13.47	921.58
	1452.16	0.00	13.48	921.59
	1452.17	0.00	13.52	924.58
	1452.19	0.00	13.52	926.58
	1452.20	0.00	13.51	925.59
	1452.21	0.00	13.52	926.59
	1452.22	0.00	13.53	928.58
	1452.23	0.00	13.52	922.57
	1452.24	0.00	13.53	924.58
	1452.26	0.00	13.53	925.58
	1452.27	0.00	13.54	924.58
	1452.28	0.00	13.54	927.58
	1452.29	0.00	13.55	927.58
	1452.30	0.00	13.54	925.58
	1452.31	0.00	13.56	920.55
	1452.32	0.00	13.56	924.55
	1452.34	0.00	13.57	923.55
	1452.35	0.00	13.57	925.56
	1452.36	0.00	13.57	924.56
	1452.37	0.00	13.57	924.56
	1452.38	0.00	13.58	925.56
	1452.39	0.00	13.54	917.56
	1452.41	0.00	13.55	918.56
	1452.42	0.00	13.56	920.56
	1452.43	0.00	13.56	921.56
	1452.44	0.00	13.58	923.56
	1452.45	0.00	13.58	921.55
	1452.46	0.00	13.58	917.55
	1452.48	0.00	13.58	919.56
	1452.49	0.00	13.53	911.56
	1452.50	0.00	13.54	912.55
	1452.51	0.00	13.57	914.55
	1452.52	0.00	13.58	919.55
	1452.53	0.00	13.59	917.55
	1452.55	0.00	13.59	917.55
	1452.56	0.00	13.61	919.54
	1452.57	0.00	13.62	917.53
	1452.58	0.00	13.60	916.54
	1452.59	0.00	13.60	916.55
	1452.60	0.00	13.60	918.56
	1452.61	0.00	13.60	917.56
	1452.63	0.00	13.62	916.56
	1452.64	0.00	13.62	917.56
	1452.65	0.00	13.66	916.50
	1452.66	0.00	13.64	914.54
	1452.67	0.00	13.63	915.54
	1452.69	0.00	13.64	914.54
	1452.70	0.00	13.65	912.54
	1452.71	0.00	13.66	914.54
	1452.72	0.00	13.67	912.54
	1452.73	0.00	13.70	910.49
	1452.74	0.00	13.74	911.46
	1452.75	0.00	13.76	914.46
	1452.77	0.00	13.75	912.47
	1452.78	0.00	13.74	912.48
	1452.79	0.00	13.74	913.48
	1452.80	0.00	13.73	914.49
	1452.81	0.00	13.72	911.50
	1452.82	0.00	13.78	905.41
	1452.84	0.00	13.79	907.41
	1452.85	0.00	13.76	908.44
	1452.86	0.00	13.76	906.45
	1452.87	0.00	13.76	903.46
	1452.88	0.00	13.71	897.47
	1452.89	0.00	13.75	908.48
	1452.91	0.00	13.70	891.46
	1452.92	0.00	13.69	897.48
	1452.93	0.00	13.69	900.51
	1452.94	0.00	13.72	903.50
	1452.95	0.00	13.72	904.50
	1452.96	0.00	13.72	904.50
	1452.98	0.00	13.72	904.50
	1452.99	0.00	13.72	904.50
	1453.00	0.00	13.72	906.50
	1453.01	0.00	13.72	906.50
	1453.02	0.00	13.72	907.50
	1453.03	0.00	13.67	889.48
	1453.05	0.00	13.71	901.49
	1453.06	0.00	13.72	906.49
	1453.07	0.00	13.72	907.50
	1453.08	0.00	13.72	909.50
	1453.09	0.00	13.70	908.51
	1453.10	0.00	13.69	904.49
	1453.11	0.00	13.72	909.50
	1453.13	0.00	13.73	913.50
	1453.14	0.00	13.72	912.51
	1453.15	0.00	13.74	912.49
	1453.16	0.00	13.74	916.51
	1453.17	0.00	13.73	914.51
	1453.19	0.00	13.73	914.51
	1453.20	0.00	13.71	915.53
	1453.21	0.00	13.74	918.51
	1453.22	0.00	13.73	909.49
	1453.23	0.00	13.75	913.48
	1453.24	0.00	13.75	914.49
	1453.26	0.00	13.74	917.49
	1453.27	0.00	13.75	916.49
	1453.28	0.00	13.74	916.50
	1453.29	0.00	13.73	920.50
	1453.30	0.00	13.71	911.48
	1453.31	0.00	13.70	913.50
	1453.32	0.00	13.72	916.50
	1453.34	0.00	13.72	913.50
	1453.35	0.00	13.72	917.50
	1453.36	0.00	13.70	917.50
	1453.37	0.00	13.71	918.50
	1453.38	0.00	13.68	911.50
	1453.39	0.00	13.70	917.50
	1453.41	0.00	13.71	918.50
	1453.42	0.00	13.66	910.51
	1453.43	0.00	13.68	912.50
	1453.44	0.00	13.69	914.50
	1453.45	0.00	13.68	914.51
	1453.46	0.00	13.68	915.51
	1453.47	0.00	13.69	917.51
	1453.49	0.00	13.73	918.47
	1453.50	0.00	13.69	915.49
	1453.51	0.00	13.70	916.50
	1453.52	0.00	13.67	916.52
	1453.53	0.00	13.67	919.53
	1453.55	0.00	13.68	919.53
	1453.56	0.00	13.69	919.51
	1453.57	0.00	13.65	920.54
	1453.58	0.00	13.67	918.52
	1453.59	0.00	13.66	918.52
	1453.60	0.00	13.66	918.52
	1453.62	0.00	13.65	918.53
	1453.63	0.00	13.65	920.53
	1453.64	0.00	13.64	919.53
	1453.65	0.00	13.65	920.53
	1453.66	0.00	13.66	921.51
	1453.67	0.00	13.60	913.54
	1453.69	0.00	13.64	922.54
	1453.70	0.00	13.68	919.48
	1453.71	0.00	13.73	922.43
	1453.72	0.00	13.70	924.47
	1453.73	0.00	13.69	925.48
	1453.74	0.00	13.68	924.49
	1453.76	0.00	13.67	926.50
	1453.77	0.00	13.65	925.52
	1453.78	0.00	13.65	926.51
	1453.79	0.00	13.64	926.51
	1453.80	0.00	13.69	920.43
	1453.81	0.00	13.69	920.44
	1453.82	0.00	13.66	922.47
	1453.84	0.00	13.64	922.49
	1453.85	0.00	13.65	922.50
	1453.86	0.00	13.63	923.51
	1453.87	0.00	13.63	924.51
	1453.88	0.00	13.64	928.52
	1453.89	0.00	13.57	909.50
	1453.91	0.00	13.55	910.52
	1453.92	0.00	13.56	916.53
	1453.93	0.00	13.54	911.54
	1453.94	0.00	13.58	918.54
	1453.95	0.00	13.58	925.55
	1453.96	0.00	13.58	925.55
	1453.98	0.00	13.56	926.56
	1453.99	0.00	13.52	908.53
	1454.00	0.00	13.55	917.53
	1454.01	0.00	13.57	924.54
	1454.02	0.00	13.57	926.54
	1454.03	0.00	13.59	929.54
	1454.05	0.00	13.57	926.55
	1454.06	0.00	13.58	923.55
	1454.07	0.00	13.56	925.56
	1454.08	0.00	13.57	928.55
	1454.09	0.00	13.56	928.55
	1454.10	0.00	13.55	928.56
	1454.11	0.00	13.55	930.56
	1454.13	0.00	13.58	929.53
	1454.14	0.00	13.55	930.56
	1454.15	0.00	13.55	929.56
	1454.16	0.00	13.53	924.55
	1454.17	0.00	13.54	929.56
	1454.19	0.00	13.55	929.55
	1454.20	0.00	13.55	929.55
	1454.21	0.00	13.54	928.56
	1454.22	0.00	13.54	930.56
	1454.23	0.00	13.54	931.56
	1454.24	0.00	13.55	934.56
	1454.26	0.00	13.53	933.57
	1454.27	0.00	13.53	932.56
	1454.28	0.00	13.55	930.55
	1454.29	0.00	13.54	931.55
	1454.30	0.00	13.53	927.55
	1454.31	0.00	13.55	929.55
	1454.32	0.00	13.54	929.56
	1454.34	0.00	13.56	928.55
	1454.35	0.00	13.55	933.56
	1454.36	0.00	13.56	935.56
	1454.37	0.00	13.56	935.56
	1454.38	0.00	13.59	934.54
	1454.40	0.00	13.57	928.55
	1454.41	0.00	13.59	935.55
	1454.42	0.00	13.58	930.53
	1454.43	0.00	13.60	934.54
	1454.44	0.00	13.61	937.54
	1454.45	0.00	13.61	937.55
	1454.46	0.00	13.62	939.55
	1454.48	0.00	13.64	937.54
	1454.49	0.00	13.64	939.54
	1454.50	0.00	13.66	941.54
	1454.51	0.00	13.66	941.54
	1454.52	0.00	13.67	941.53
	1454.53	0.00	13.68	943.53
	1454.55	0.00	13.70	945.53
	1454.56	0.00	13.69	943.53
	1454.57	0.00	13.69	943.53
	1454.58	0.00	13.69	938.51
	1454.59	0.00	13.72	940.50
	1454.60	0.00	13.72	941.50
	1454.61	0.00	13.73	942.50
	1454.63	0.00	13.72	943.51
	1454.64	0.00	13.73	942.50
	1454.65	0.00	13.71	937.50
	1454.66	0.00	13.72	944.51
	1454.67	0.00	13.73	945.51
	1454.69	0.00	13.73	945.51
	1454.70	0.00	13.73	945.51
	1454.71	0.00	13.69	935.51
	1454.72	0.00	13.69	936.51
	1454.73	0.00	13.68	934.51
	1454.74	0.00	13.70	938.51
	1454.75	0.00	13.71	937.51
	1454.77	0.00	13.70	939.51
	1454.78	0.00	13.70	939.51
	1454.79	0.00	13.71	939.50
	1454.80	0.00	13.69	937.51
	1454.81	0.00	13.70	937.51
	1454.82	0.00	13.70	937.51
	1454.84	0.00	13.69	936.51
	1454.85	0.00	13.69	938.51
	1454.86	0.00	13.67	937.52
	1454.87	0.00	13.62	926.52
	1454.88	0.00	13.60	928.53
	1454.90	0.00	13.60	928.53
	1454.91	0.00	13.60	932.53
	1454.92	0.00	13.60	931.53
	1454.93	0.00	13.58	930.54
	1454.94	0.00	13.57	932.54
	1454.95	0.00	13.54	928.55
	1454.96	0.00	13.55	930.55
	1454.98	0.00	13.54	930.55
	1454.99	0.00	13.53	932.56
	1455.00	0.00	13.51	931.57
	1455.01	0.00	13.50	935.57
	1455.02	0.00	13.44	937.58
	1455.03	0.00	13.45	938.56
	1455.05	0.00	13.43	940.57
	1455.06	0.00	13.40	940.60
	1455.07	0.00	13.39	938.60
	1455.08	0.00	13.37	941.61
	1455.09	0.00	13.33	941.63
	1455.10	0.00	13.31	945.64
	1455.11	0.00	13.29	947.65
	1455.13	0.00	13.28	950.65
	1455.14	0.00	13.26	951.65
	1455.15	0.00	13.27	952.65
	1455.16	0.00	13.27	952.65
	1455.17	0.00	13.28	954.62
	1455.18	0.00	13.29	955.63
	1455.20	0.00	13.28	957.63
	1455.21	0.00	13.27	960.63
	1455.22	0.00	13.25	963.64
	1455.23	0.00	13.23	969.64
	1455.24	0.00	13.22	970.64
	1455.25	0.00	13.20	976.65
	1455.27	0.00	12.96	1007.66
	1455.28	0.00	12.96	1012.66
	1455.29	0.00	12.94	1021.68
	1455.30	0.00	12.90	1026.68
	1455.31	0.00	12.85	1044.69
	1455.32	0.00	12.88	1061.65
	1455.33	0.00	12.84	1104.67
	1455.35	0.00	12.79	1127.69
	1455.36	0.00	12.74	1145.71
	1455.37	0.00	12.73	1165.74
	1455.38	0.00	12.70	1183.77
	1455.39	0.00	12.72	1199.79
	1455.41	0.00	12.74	1210.79
	1455.42	0.00	12.78	1214.76
	1455.43	0.00	12.87	1217.71
	1455.44	0.00	12.96	1221.71
	1455.45	0.00	13.08	1209.68
	1455.46	0.00	13.27	1198.65
	1455.47	0.00	13.55	1168.62
	1455.49	0.00	13.63	1152.57
	1455.50	0.00	13.73	1147.55
	1455.51	0.00	13.83	1140.51
	1455.52	0.00	13.99	1137.46
	1455.53	0.00	14.14	1136.40
	1455.55	0.00	14.32	1135.31
	1455.56	0.00	14.48	1126.28
	1455.57	0.00	14.59	1116.24
	1455.58	0.00	14.71	1120.21
	1455.59	0.00	14.85	1116.17
	1455.60	0.00	14.98	1110.08
	1455.62	0.00	15.12	1114.99
	1455.63	0.00	15.24	1114.89
	1455.64	0.00	15.34	1105.77
	1455.65	0.00	15.46	1095.72
	1455.66	0.00	15.49	1100.71
	1455.67	0.00	15.56	1087.65
	1455.69	0.00	15.60	1088.65
	1455.70	0.00	15.67	1057.67
	1455.71	0.00	15.69	1052.65
	1455.72	0.00	15.89	1055.63
	1455.73	0.00	15.93	1052.63
	1455.74	0.00	16.05	1051.59
	1455.76	0.00	16.07	1049.61
	1455.77	0.00	16.10	1057.59
	1455.78	0.00	16.12	1055.61
	1455.79	0.00	16.16	1057.59
	1455.80	0.00	16.16	1049.60
	1455.81	0.00	16.19	1046.58
	1455.82	0.00	16.22	1044.58
	1455.84	0.00	16.22	1038.60
	1455.85	0.00	16.27	1040.59
	1455.86	0.00	16.31	1043.58
	1455.87	0.00	16.33	1048.57
	1455.88	0.00	16.37	1055.57
	1455.90	0.00	16.37	1052.58
	1455.91	0.00	16.38	1061.59
	1455.92	0.00	16.39	1064.58
	1455.93	0.00	16.37	1060.58
	1455.94	0.00	16.36	1048.55
	1455.95	0.00	16.32	1033.55
	1455.97	0.00	16.30	998.54
	1455.98	0.00	16.24	977.55
	1455.99	0.00	16.13	944.56
	1456.00	0.00	16.04	911.55
	1456.01	0.00	15.85	869.55
	1456.02	0.00	15.65	827.55
	1456.04	0.00	15.20	776.60
	1456.05	0.00	15.16	769.65
	1456.06	0.00	15.15	769.67
	1456.07	0.00	15.09	770.69
	1456.08	0.00	15.14	778.68
	1456.09	0.00	15.16	782.68
	1456.10	0.00	15.14	780.69
	1456.12	0.00	15.10	772.69
	1456.13	0.00	15.09	764.68
	1456.14	0.00	15.05	758.69
	1456.15	0.00	15.06	760.69
	1456.16	0.00	15.04	757.69
	1456.18	0.00	15.01	753.70
	1456.19	0.00	15.01	752.70
	1456.20	0.00	15.02	754.70
	1456.21	0.00	15.00	751.70
	1456.22	0.00	15.03	753.69
	1456.23	0.00	15.03	754.69
	1456.24	0.00	15.03	754.69
	1456.26	0.00	15.02	755.69
	1456.27	0.00	15.02	756.70
	1456.28	0.00	15.03	758.69
	1456.29	0.00	15.03	756.70
	1456.30	0.00	15.03	758.70
	1456.31	0.00	15.04	759.70
	1456.32	0.00	15.03	760.70
	1456.34	0.00	15.03	761.70
	1456.35	0.00	15.04	759.70
	1456.36	0.00	15.03	756.68
	1456.37	0.00	15.05	761.69
	1456.38	0.00	15.06	765.69
	1456.40	0.00	15.06	765.69
	1456.41	0.00	15.06	764.69
	1456.42	0.00	15.07	767.69
	1456.43	0.00	15.07	767.69
	1456.44	0.00	15.07	766.69
	1456.45	0.00	15.07	768.69
	1456.46	0.00	15.07	768.69
	1456.48	0.00	15.11	761.66
	1456.49	0.00	15.09	762.65
	1456.50	0.00	15.05	755.66
	1456.51	0.00	15.09	766.66
	1456.52	0.00	15.10	768.66
	1456.53	0.00	15.11	770.66
	1456.55	0.00	15.11	770.66
	1456.56	0.00	15.11	771.66
	1456.57	0.00	15.12	770.66
	1456.58	0.00	15.11	771.66
	1456.59	0.00	15.10	771.67
	1456.60	0.00	15.08	776.68
	1456.61	0.00	15.03	775.72
	1456.63	0.00	14.76	781.80
	1456.64	0.00	13.19	872.16
	1456.65	0.00	11.59	1020.52
	1456.66	0.00	10.81	1155.78
	1456.67	0.00	10.63	1200.93
	1456.69	0.00	10.56	1226.05
	1456.70	0.00	10.60	1238.12
	1456.71	0.00	10.69	1263.13
	1456.72	0.00	10.80	1267.20
	1456.73	0.00	10.79	1284.27
	1456.74	0.00	10.72	1317.33
	1456.75	0.00	10.67	1334.37
	1456.77	0.00	10.66	1345.43
	1456.78	0.00	10.64	1352.44
	1456.79	0.00	10.61	1362.44
	1456.80	0.00	10.64	1367.44
	1456.81	0.00	10.70	1361.41
	1456.82	0.00	10.78	1348.36
	1456.84	0.00	10.92	1327.29
	1456.85	0.00	11.04	1313.21
	1456.86	0.00	11.17	1296.14
	1456.87	0.00	11.28	1277.09
	1456.88	0.00	11.39	1261.04
	1456.89	0.00	11.52	1244.99
	1456.91	0.00	11.66	1218.96
	1456.92	0.00	11.80	1196.93
	1456.93	0.00	11.88	1174.93
	1456.94	0.00	11.99	1152.91
	1456.95	0.00	12.05	1115.88
	1456.96	0.00	12.22	1117.86
	1456.98	0.00	12.31	1106.85
	1456.99	0.00	12.38	1105.86
	1457.00	0.00	12.39	1103.87
	1457.01	0.00	12.44	1100.88
	1457.02	0.00	12.47	1110.90
	1457.04	0.00	12.58	1115.88
	1457.05	0.00	12.77	1111.86
	1457.06	0.00	12.94	1108.86
	1457.07	0.00	13.17	1116.81
	1457.08	0.00	13.54	1100.76
	1457.09	0.00	13.82	1105.68
	1457.10	0.00	14.13	1114.58
	1457.12	0.00	14.73	1131.45
	1457.13	0.00	15.22	1147.24
	1457.14	0.00	15.66	1166.98
	1457.15	0.00	15.99	1159.76
	1457.16	0.00	16.25	1139.66
	1457.17	0.00	16.30	1128.66
	1457.19	0.00	16.38	1117.60
	1457.20	0.00	16.38	1094.59
	1457.21	0.00	16.35	1072.62
	1457.22	0.00	16.35	1057.59
	1457.23	0.00	16.30	1031.57
	1457.24	0.00	16.25	989.55
	1457.26	0.00	16.17	951.55
	1457.27	0.00	15.92	889.60
	1457.28	0.00	15.67	834.58
	1457.29	0.00	15.30	799.60
	1457.30	0.00	15.23	789.63
	1457.31	0.00	15.23	790.64
	1457.33	0.00	15.20	787.65
	1457.34	0.00	15.15	794.66
	1457.35	0.00	15.12	771.66
	1457.36	0.00	15.07	767.67
	1457.37	0.00	15.03	752.67
	1457.38	0.00	15.02	753.68
	1457.40	0.00	15.03	756.68
	1457.41	0.00	15.03	756.68
	1457.42	0.00	15.03	755.68
	1457.43	0.00	15.03	754.68
	1457.44	0.00	15.04	753.68
	1457.45	0.00	15.02	753.68
	1457.46	0.00	15.01	755.68
	1457.48	0.00	15.03	774.68
	1457.49	0.00	15.03	771.68
	1457.50	0.00	15.04	773.68
	1457.51	0.00	15.03	774.68
	1457.52	0.00	15.06	773.68
	1457.53	0.00	15.04	773.68
	1457.55	0.00	15.04	753.68
	1457.56	0.00	15.03	774.69
	1457.57	0.00	15.04	774.69
	1457.58	0.00	15.03	775.69
	1457.59	0.00	15.04	780.69
	1457.60	0.00	15.03	779.69
	1457.61	0.00	15.03	779.69
	1457.63	0.00	15.00	770.68
	1457.64	0.00	15.04	783.67
	1457.65	0.00	15.05	784.67
	1457.66	0.00	15.04	783.68
	1457.67	0.00	15.03	785.68
	1457.69	0.00	15.05	789.68
	1457.70	0.00	15.05	788.68
	1457.71	0.00	15.01	779.68
	1457.72	0.00	15.03	779.67
	1457.73	0.00	15.03	784.68
	1457.74	0.00	14.97	788.73
	1457.76	0.00	14.70	796.80
	1457.77	0.00	12.97	875.14
	1457.78	0.00	11.15	1060.61
	1457.79	0.00	10.29	1229.92
	1457.80	0.00	10.12	1272.04
	1457.81	0.00	10.23	1271.14
	1457.82	0.00	10.28	1281.20
	1457.84	0.00	10.50	1313.31
	1457.85	0.00	10.62	1313.36
	1457.86	0.00	10.92	1345.39
	1457.87	0.00	11.08	1359.36
	1457.88	0.00	11.28	1337.31
	1457.89	0.00	11.40	1328.29
	1457.91	0.00	11.53	1305.26
	1457.92	0.00	11.70	1270.19
	1457.93	0.00	11.98	1218.09
	1457.94	0.00	12.28	1175.02
	1457.95	0.00	12.56	1129.96
	1457.96	0.00	12.99	1080.87
	1457.98	0.00	13.17	1056.82
	1457.99	0.00	13.39	1035.73
	1458.00	0.00	13.54	1018.67
	1458.01	0.00	13.67	1009.61
	1458.02	0.00	13.80	984.53
	1458.03	0.00	14.00	974.46
	1458.05	0.00	14.21	961.36
	1458.06	0.00	14.47	929.28
	1458.07	0.00	14.58	926.24
	1458.08	0.00	14.63	915.18
	1458.09	0.00	14.71	924.16
	1458.10	0.00	14.76	925.14
	1458.12	0.00	14.84	928.12
	1458.13	0.00	14.89	939.10
	1458.14	0.00	14.99	954.06
	1458.15	0.00	15.06	953.01
	1458.16	0.00	15.18	968.97
	1458.17	0.00	15.38	983.84
	1458.19	0.00	15.84	1012.67
	1458.20	0.00	15.92	1026.66
	1458.21	0.00	15.99	1041.66
	1458.22	0.00	16.12	1066.65
	1458.23	0.00	16.17	1065.64
	1458.24	0.00	16.27	1072.65
	1458.26	0.00	16.34	1080.64
	1458.27	0.00	16.38	1076.64
	1458.28	0.00	16.40	1057.65
	1458.29	0.00	16.40	1032.64
	1458.30	0.00	16.39	1028.62
	1458.31	0.00	16.37	1027.61
	1458.33	0.00	16.36	1024.57
	1458.34	0.00	16.39	1027.55
	1458.35	0.00	16.25	992.53
	1458.36	0.00	16.10	953.54
	1458.37	0.00	15.90	898.54
	1458.38	0.00	15.43	822.56
	1458.40	0.00	15.26	796.62
	1458.41	0.00	15.14	787.69
	1458.42	0.00	15.04	779.74
	1458.43	0.00	15.06	778.73
	1458.44	0.00	15.05	781.74
	1458.45	0.00	15.02	777.75
	1458.46	0.00	15.00	768.75
	1458.48	0.00	14.96	762.75
	1458.49	0.00	14.94	762.75
	1458.50	0.00	14.93	760.76
	1458.51	0.00	14.93	763.76
	1458.52	0.00	14.93	762.76
	1458.54	0.00	14.90	755.76
	1458.55	0.00	14.90	752.76
	1458.56	0.00	14.92	752.76
	1458.57	0.00	14.92	755.76
	1458.58	0.00	14.94	756.76
	1458.59	0.00	14.93	755.76
	1458.60	0.00	14.92	755.76
	1458.62	0.00	14.93	756.75
	1458.63	0.00	14.90	751.76
	1458.64	0.00	14.91	753.76
	1458.65	0.00	14.87	748.76
	1458.66	0.00	14.85	751.76
	1458.67	0.00	14.87	753.76
	1458.69	0.00	14.87	757.76
	1458.70	0.00	14.90	760.75
	1458.71	0.00	14.91	763.75
	1458.72	0.00	14.93	759.74
	1458.73	0.00	14.94	762.73
	1458.74	0.00	14.96	763.73
	1458.76	0.00	14.95	763.72
	1458.77	0.00	14.96	763.73
	1458.78	0.00	14.92	752.73
	1458.79	0.00	14.94	763.73
	1458.80	0.00	14.94	764.73
	1458.81	0.00	14.96	762.71
	1458.82	0.00	14.96	761.71
	1458.84	0.00	14.92	753.72
	1458.85	0.00	14.95	761.72
	1458.86	0.00	14.94	762.73
	1458.87	0.00	14.86	765.77
	1458.88	0.00	14.26	791.92
	1458.89	0.00	11.75	1001.36
	1458.91	0.00	10.21	1246.81
	1458.92	0.00	9.68	1338.21
	1458.93	0.00	9.73	1361.29
	1458.94	0.00	9.83	1348.34
	1458.95	0.00	9.90	1332.38
	1458.96	0.00	10.05	1353.44
	1458.97	0.00	10.22	1361.55
	1458.99	0.00	10.29	1364.61
	1459.00	0.00	10.39	1377.62
	1459.01	0.00	10.47	1396.66
	1459.02	0.00	10.52	1413.66
	1459.03	0.00	10.58	1411.64
	1459.05	0.00	10.75	1401.55
	1459.06	0.00	11.01	1368.41
	1459.07	0.00	11.29	1343.25
	1459.08	0.00	11.74	1328.09
	1459.09	0.00	12.09	1291.99
	1459.10	0.00	12.46	1241.91
	1459.12	0.00	12.77	1208.82
	1459.13	0.00	13.19	1159.75
	1459.14	0.00	13.37	1139.68
	1459.15	0.00	13.54	1122.60
	1459.16	0.00	13.67	1099.53
	1459.17	0.00	13.84	1078.48
	1459.19	0.00	14.03	1063.39
	1459.20	0.00	14.21	1045.31
	1459.21	0.00	14.32	1037.27
	1459.22	0.00	14.45	1018.22
	1459.23	0.00	14.54	1026.19
	1459.24	0.00	14.64	1006.16
	1459.26	0.00	14.65	1009.15
	1459.27	0.00	14.67	1012.13
	1459.28	0.00	14.70	1022.14
	1459.29	0.00	14.76	1034.12
	1459.30	0.00	14.87	1042.08
	1459.31	0.00	15.01	1057.00
	1459.32	0.00	15.22	1073.87
	1459.34	0.00	15.35	1077.75
	1459.35	0.00	15.60	1067.65
	1459.36	0.00	15.74	1075.61
	1459.37	0.00	15.80	1083.59
	1459.38	0.00	16.01	1099.59
	1459.40	0.00	16.04	1065.58
	1459.41	0.00	16.11	1062.58
	1459.42	0.00	16.10	1038.59
	1459.43	0.00	16.12	1023.58
	1459.44	0.00	16.17	1029.59
	1459.45	0.00	16.18	1010.58
	1459.47	0.00	16.22	986.55
	1459.48	0.00	16.20	983.57
	1459.49	0.00	16.16	967.55
	1459.50	0.00	15.99	922.57
	1459.51	0.00	15.80	881.57
	1459.52	0.00	15.25	810.62
	1459.54	0.00	15.19	795.65
	1459.55	0.00	15.12	790.70
	1459.56	0.00	15.11	786.72
	1459.57	0.00	15.11	788.72
	1459.58	0.00	15.10	789.73
	1459.59	0.00	15.09	783.73
	1459.60	0.00	15.05	779.73
	1459.62	0.00	15.03	776.74
	1459.63	0.00	15.01	776.74
	1459.64	0.00	15.05	774.72
	1459.65	0.00	15.03	776.74
	1459.66	0.00	15.01	765.73
	1459.68	0.00	15.00	768.73
	1459.69	0.00	15.01	765.73
	1459.70	0.00	14.99	761.73
	1459.71	0.00	15.00	769.73
	1459.72	0.00	15.01	771.73
	1459.73	0.00	15.02	771.73
	1459.74	0.00	15.03	772.73
	1459.76	0.00	15.02	773.73
	1459.77	0.00	15.02	765.73
	1459.78	0.00	15.01	771.73
	1459.79	0.00	15.03	772.72
	1459.80	0.00	15.04	779.72
	1459.81	0.00	15.04	779.72
	1459.82	0.00	15.04	779.72
	1459.84	0.00	15.05	779.71
	1459.85	0.00	15.04	778.71
	1459.86	0.00	15.04	778.71
	1459.87	0.00	15.02	780.72
	1459.88	0.00	15.02	780.72
	1459.90	0.00	15.01	781.72
	1459.91	0.00	15.01	782.72
	1459.92	0.00	15.02	780.72
	1459.93	0.00	15.02	782.72
	1459.94	0.00	15.02	780.72
	1459.95	0.00	15.02	779.72
	1459.96	0.00	14.97	779.75
	1459.98	0.00	14.37	805.88
	1459.99	0.00	11.79	1014.40
	1460.00	0.00	10.10	1295.85
	1460.01	0.00	9.71	1391.15
	1460.02	0.00	9.73	1411.25
	1460.03	0.00	9.89	1391.32
	1460.05	0.00	10.04	1424.44
	1460.06	0.00	10.37	1417.50
	1460.07	0.00	10.52	1420.57
	1460.08	0.00	10.74	1475.60
	1460.09	0.00	10.96	1477.52
	1460.10	0.00	11.14	1451.46
	1460.12	0.00	11.31	1428.42
	1460.13	0.00	11.45	1399.32
	1460.14	0.00	11.67	1362.21
	1460.15	0.00	11.92	1318.12
	1460.16	0.00	12.20	1272.03
	1460.17	0.00	12.53	1229.93
	1460.19	0.00	12.96	1178.85
	1460.20	0.00	13.01	1174.73
	1460.21	0.00	13.37	1112.67
	1460.22	0.00	13.57	1085.61
	1460.23	0.00	13.73	1065.54
	1460.24	0.00	13.84	1051.49
	1460.26	0.00	13.97	1028.43
	1460.27	0.00	14.08	1010.39
	1460.28	0.00	14.12	995.37
	1460.29	0.00	14.18	986.35
	1460.30	0.00	14.30	982.31
	1460.31	0.00	14.35	979.29
	1460.33	0.00	14.48	974.26
	1460.34	0.00	14.53	975.25
	1460.35	0.00	14.62	958.24
	1460.36	0.00	14.63	968.24
	1460.37	0.00	14.66	977.23
	1460.38	0.00	14.73	992.22
	1460.40	0.00	14.82	999.19
	1460.41	0.00	14.94	1025.17
	1460.42	0.00	15.05	1034.12
	1460.43	0.00	15.19	1039.00
	1460.44	0.00	15.41	1053.84
	1460.45	0.00	15.66	1065.67
	1460.46	0.00	15.75	1065.63
	1460.48	0.00	15.80	1060.60
	1460.49	0.00	16.01	1073.59
	1460.50	0.00	16.07	1071.59
	1460.51	0.00	16.08	1062.61
	1460.53	0.00	16.10	1041.58
	1460.54	0.00	16.07	1028.59
	1460.55	0.00	16.06	996.59
	1460.56	0.00	16.12	1004.57
	1460.57	0.00	16.12	1003.58
	1460.58	0.00	16.09	997.57
	1460.59	0.00	16.07	986.56
	1460.60	0.00	15.70	924.58
	1460.62	0.00	15.57	880.58
	1460.63	0.00	15.37	827.59
	1460.64	0.00	15.19	794.65
	1460.65	0.00	15.20	789.63
	1460.66	0.00	15.10	788.70
	1460.68	0.00	15.07	780.70
	1460.69	0.00	15.00	760.70
	1460.70	0.00	15.03	763.69
	1460.71	0.00	14.98	766.73
	1460.72	0.00	14.95	757.73
	1460.73	0.00	14.95	765.73
	1460.75	0.00	14.97	764.73
	1460.76	0.00	14.98	763.73
	1460.77	0.00	14.97	764.74
	1460.78	0.00	14.96	767.74
	1460.79	0.00	14.97	765.74
	1460.80	0.00	14.92	742.73
	1460.81	0.00	14.89	742.74
	1460.83	0.00	14.91	743.74
	1460.84	0.00	14.94	757.74
	1460.85	0.00	14.97	764.74
	1460.86	0.00	15.00	765.74
	1460.87	0.00	15.00	772.74
	1460.88	0.00	14.98	770.75
	1460.90	0.00	14.98	771.75
	1460.91	0.00	14.97	772.75
	1460.92	0.00	14.97	774.75
	1460.93	0.00	14.99	780.75
	1460.94	0.00	14.96	767.74
	1460.95	0.00	14.96	773.73
	1460.97	0.00	14.99	795.73
	1460.98	0.00	15.01	783.72
	1460.99	0.00	14.99	781.73
	1461.00	0.00	14.98	781.74
	1461.01	0.00	14.96	781.75
	1461.02	0.00	14.94	779.75
	1461.04	0.00	14.95	785.75
	1461.05	0.00	14.92	785.76
	1461.06	0.00	14.92	785.76
	1461.07	0.00	14.92	777.74
	1461.08	0.00	14.95	778.73
	1461.09	0.00	14.95	779.73
	1461.10	0.00	14.94	780.74
	1461.12	0.00	14.61	785.86
	1461.13	0.00	13.12	884.09
	1461.14	0.00	11.21	1075.51
	1461.15	0.00	10.40	1193.85
	1461.16	0.00	10.30	1250.01
	1461.17	0.00	10.37	1260.07
	1461.19	0.00	10.38	1279.21
	1461.20	0.00	10.44	1307.27
	1461.21	0.00	10.52	1335.36
	1461.22	0.00	10.63	1356.42
	1461.23	0.00	10.76	1377.45
	1461.24	0.00	10.92	1438.44
	1461.26	0.00	11.06	1468.41
	1461.27	0.00	11.22	1476.36
	1461.28	0.00	11.39	1478.31
	1461.29	0.00	11.52	1470.24
	1461.30	0.00	11.66	1447.16
	1461.31	0.00	11.91	1432.08
	1461.32	0.00	12.20	1404.98
	1461.34	0.00	12.50	1370.89
	1461.35	0.00	12.79	1340.78
	1461.36	0.00	13.21	1296.70
	1461.37	0.00	13.47	1275.61
	1461.38	0.00	13.65	1267.52
	1461.40	0.00	13.87	1248.42
	1461.41	0.00	14.01	1234.34
	1461.42	0.00	14.21	1213.26
	1461.43	0.00	14.33	1197.23
	1461.44	0.00	14.42	1187.20
	1461.45	0.00	14.49	1178.18
	1461.47	0.00	14.57	1172.14
	1461.48	0.00	14.66	1166.11
	1461.49	0.00	14.72	1172.08
	1461.50	0.00	14.85	1173.02
	1461.51	0.00	14.87	1178.03
	1461.52	0.00	14.88	1184.02
	1461.54	0.00	14.94	1183.98
	1461.55	0.00	14.98	1195.97
	1461.56	0.00	15.00	1193.96
	1461.57	0.00	15.02	1191.96
	1461.58	0.00	15.05	1176.95
	1461.59	0.00	15.05	1168.96
	1461.61	0.00	15.12	1164.92
	1461.62	0.00	15.21	1173.87
	1461.63	0.00	15.35	1175.76
	1461.64	0.00	15.50	1177.64
	1461.65	0.00	15.64	1155.62
	1461.66	0.00	15.77	1120.59
	1461.68	0.00	15.77	1097.58
	1461.69	0.00	15.97	1095.60
	1461.70	0.00	15.99	1070.59
	1461.71	0.00	16.04	1047.58
	1461.72	0.00	16.03	1036.59
	1461.73	0.00	16.04	1023.58
	1461.75	0.00	16.01	1006.60
	1461.76	0.00	15.96	987.60
	1461.77	0.00	15.88	948.60
	1461.78	0.00	15.84	925.57
	1461.79	0.00	15.47	864.59
	1461.80	0.00	15.35	824.59
	1461.82	0.00	15.23	803.63
	1461.83	0.00	15.14	794.69
	1461.84	0.00	15.12	797.71
	1461.85	0.00	15.11	795.71
	1461.86	0.00	15.06	780.71
	1461.87	0.00	15.05	776.71
	1461.89	0.00	15.05	776.72
	1461.90	0.00	15.02	774.72
	1461.91	0.00	15.03	776.72
	1461.92	0.00	15.04	778.72
	1461.93	0.00	15.04	775.72
	1461.94	0.00	15.02	774.73
	1461.95	0.00	15.00	773.73
	1461.97	0.00	14.99	770.73
	1461.98	0.00	15.01	766.73
	1461.99	0.00	15.01	767.73
	1462.00	0.00	15.02	765.73
	1462.01	0.00	14.98	768.74
	1462.03	0.00	14.98	768.74
	1462.04	0.00	15.02	769.72
	1462.05	0.00	15.00	769.74
	1462.06	0.00	14.99	771.73
	1462.07	0.00	14.99	774.73
	1462.08	0.00	14.93	758.73
	1462.09	0.00	14.93	758.73
	1462.11	0.00	14.98	774.73
	1462.12	0.00	14.96	769.73
	1462.13	0.00	14.96	768.73
	1462.14	0.00	14.92	753.72
	1462.15	0.00	14.87	740.72
	1462.16	0.00	14.94	757.72
	1462.18	0.00	14.95	762.72
	1462.19	0.00	14.96	765.72
	1462.20	0.00	14.95	768.73
	1462.21	0.00	14.93	765.72
	1462.22	0.00	14.92	757.72
	1462.23	0.00	14.94	762.72
	1462.25	0.00	14.95	765.72
	1462.26	0.00	14.95	765.73
	1462.27	0.00	14.90	773.76
	1462.28	0.00	14.59	786.85
	1462.29	0.00	12.72	919.20
	1462.30	0.00	11.20	1115.58
	1462.31	0.00	10.42	1247.91
	1462.33	0.00	10.07	1329.13
	1462.34	0.00	9.96	1367.28
	1462.35	0.00	9.88	1387.38
	1462.36	0.00	9.92	1432.42
	1462.37	0.00	9.98	1465.49
	1462.38	0.00	10.07	1502.51
	1462.40	0.00	10.17	1521.51
	1462.41	0.00	10.33	1534.49
	1462.42	0.00	10.47	1530.47
	1462.43	0.00	10.64	1527.46
	1462.44	0.00	10.83	1519.39
	1462.45	0.00	10.95	1509.34
	1462.47	0.00	11.16	1491.27
	1462.48	0.00	11.35	1466.20
	1462.49	0.00	11.51	1431.12
	1462.50	0.00	11.68	1400.02
	1462.51	0.00	11.89	1372.94
	1462.52	0.00	12.08	1354.88
	1462.54	0.00	12.26	1331.80
	1462.55	0.00	12.45	1317.73
	1462.56	0.00	12.64	1295.66
	1462.57	0.00	12.78	1288.61
	1462.58	0.00	12.90	1278.58
	1462.59	0.00	13.17	1249.54
	1462.60	0.00	13.23	1250.53
	1462.62	0.00	13.26	1253.51
	1462.63	0.00	13.27	1263.51
	1462.64	0.00	13.27	1271.52
	1462.65	0.00	13.27	1282.53
	1462.66	0.00	13.25	1288.56
	1462.68	0.00	13.20	1290.58
	1462.69	0.00	13.19	1299.61
	1462.70	0.00	12.99	1329.64
	1462.71	0.00	12.99	1344.65
	1462.72	0.00	13.09	1352.65
	1462.73	0.00	13.36	1332.63
	1462.75	0.00	13.46	1317.60
	1462.76	0.00	13.56	1310.58
	1462.77	0.00	13.70	1298.52
	1462.78	0.00	13.89	1288.45
	1462.79	0.00	14.11	1271.37
	1462.80	0.00	14.29	1257.29
	1462.81	0.00	14.49	1240.22
	1462.83	0.00	14.66	1212.16
	1462.84	0.00	14.83	1194.10
	1462.85	0.00	15.07	1178.95
	1462.86	0.00	15.20	1156.88
	1462.87	0.00	15.36	1134.74
	1462.89	0.00	15.45	1086.69
	1462.90	0.00	15.59	1066.65
	1462.91	0.00	15.62	1044.61
	1462.92	0.00	15.65	1022.59
	1462.93	0.00	15.64	1006.58
	1462.94	0.00	15.60	983.60
	1462.96	0.00	15.57	955.61
	1462.97	0.00	15.54	947.64
	1462.98	0.00	15.45	921.66
	1462.99	0.00	15.39	898.66
	1463.00	0.00	15.35	879.65
	1463.01	0.00	15.30	864.65
	1463.03	0.00	15.25	845.65
	1463.04	0.00	15.21	837.66
	1463.05	0.00	15.22	837.64
	1463.06	0.00	15.16	836.68
	1463.07	0.00	15.15	826.68
	1463.08	0.00	15.15	829.69
	1463.09	0.00	15.20	829.66
	1463.11	0.00	15.20	832.67
	1463.12	0.00	15.18	830.68
	1463.13	0.00	15.18	827.69
	1463.14	0.00	15.18	829.69
	1463.15	0.00	15.17	830.69
	1463.16	0.00	15.10	809.69
	1463.18	0.00	15.11	815.70
	1463.19	0.00	15.14	818.70
	1463.20	0.00	15.13	818.70
	1463.21	0.00	15.13	818.70
	1463.22	0.00	15.14	824.70
	1463.23	0.00	15.17	824.70
	1463.25	0.00	15.16	826.70
	1463.26	0.00	15.14	828.71
	1463.27	0.00	15.16	830.70
	1463.28	0.00	15.16	830.70
	1463.29	0.00	15.15	831.71
	1463.30	0.00	15.08	806.70
	1463.32	0.00	15.12	822.70
	1463.33	0.00	15.12	828.71
	1463.34	0.00	15.14	834.71
	1463.35	0.00	15.16	834.71
	1463.36	0.00	15.15	835.71
	1463.37	0.00	15.14	836.71
	1463.39	0.00	15.13	839.71
	1463.40	0.00	15.15	841.71
	1463.41	0.00	15.12	839.71
	1463.42	0.00	15.12	841.71
	1463.43	0.00	15.16	840.69
	1463.44	0.00	15.14	838.72
	1463.45	0.00	15.13	838.72
	1463.47	0.00	15.14	836.72
	1463.48	0.00	15.13	835.72
	1463.49	0.00	15.14	836.72
	1463.50	0.00	15.13	833.72
	1463.51	0.00	15.13	833.72
	1463.53	0.00	15.08	824.72
	1463.54	0.00	15.09	822.73
	1463.55	0.00	15.03	802.74
	1463.56	0.00	14.90	824.77
	1463.57	0.00	14.60	840.87
	1463.58	0.00	13.51	916.12
	1463.59	0.00	12.73	990.30
	1463.61	0.00	12.06	1065.46
	1463.62	0.00	11.81	1101.56
	1463.63	0.00	11.66	1126.67
	1463.64	0.00	11.50	1166.76
	1463.65	0.00	11.47	1206.84
	1463.66	0.00	11.46	1240.91
	1463.68	0.00	11.49	1287.95
	1463.69	0.00	11.53	1341.98
	1463.70	0.00	11.58	1368.99
	1463.71	0.00	11.62	1366.97
	1463.72	0.00	11.71	1362.94
	1463.73	0.00	11.82	1348.92
	1463.75	0.00	11.92	1333.89
	1463.76	0.00	12.08	1313.85
	1463.77	0.00	12.24	1282.81
	1463.78	0.00	12.39	1257.76
	1463.79	0.00	12.51	1233.76
	1463.80	0.00	12.61	1205.73
	1463.82	0.00	12.77	1188.70
	1463.83	0.00	12.88	1147.68
	1463.84	0.00	13.00	1136.64
	1463.85	0.00	13.33	1100.61
	1463.86	0.00	13.43	1092.59
	1463.87	0.00	13.53	1082.59
	1463.89	0.00	13.60	1085.57
	1463.90	0.00	13.70	1089.55
	1463.91	0.00	13.80	1093.52
	1463.92	0.00	13.86	1109.50
	1463.93	0.00	13.98	1106.47
	1463.94	0.00	14.14	1102.44
	1463.95	0.00	14.22	1104.40
	1463.97	0.00	14.35	1097.34
	1463.98	0.00	14.44	1095.29
	1463.99	0.00	14.62	1074.25
	1464.00	0.00	14.78	1080.20
	1464.01	0.00	14.93	1082.13
	1464.03	0.00	15.04	1086.07
	1464.04	0.00	15.19	1084.98
	1464.05	0.00	15.27	1092.89
	1464.06	0.00	15.35	1083.80
	1464.07	0.00	15.52	1065.77
	1464.08	0.00	15.56	1057.73
	1464.09	0.00	15.59	1050.71
	1464.11	0.00	15.62	1035.68
	1464.12	0.00	15.68	1023.63
	1464.13	0.00	15.69	1016.62
	1464.14	0.00	15.68	1004.62
	1464.15	0.00	15.70	996.61
	1464.17	0.00	15.65	981.62
	1464.18	0.00	15.66	965.62
	1464.19	0.00	15.62	954.63
	1464.20	0.00	15.58	942.63
	1464.21	0.00	15.57	915.64
	1464.22	0.00	15.48	885.64
	1464.24	0.00	15.46	870.62
	1464.25	0.00	15.44	848.59
	1464.26	0.00	15.32	831.62
	1464.27	0.00	15.21	815.68
	1464.28	0.00	15.19	800.66
	1464.29	0.00	15.11	797.70
	1464.31	0.00	15.10	796.73
	1464.32	0.00	15.05	783.72
	1464.33	0.00	15.08	798.73
	1464.34	0.00	15.17	817.73
	1464.35	0.00	15.18	820.73
	1464.36	0.00	15.18	819.73
	1464.38	0.00	15.17	818.74
	1464.39	0.00	15.17	816.74
	1464.40	0.00	15.16	814.74
	1464.41	0.00	15.12	799.73
	1464.42	0.00	15.13	806.74
	1464.43	0.00	15.14	811.74
	1464.44	0.00	15.14	809.74
	1464.46	0.00	15.14	811.74
	1464.47	0.00	15.14	811.74
	1464.48	0.00	15.13	811.74
	1464.49	0.00	15.14	811.74
	1464.50	0.00	15.13	811.74
	1464.51	0.00	15.14	809.74
	1464.53	0.00	15.13	810.75
	1464.54	0.00	15.12	809.75
	1464.55	0.00	15.11	810.75
	1464.56	0.00	15.12	811.75
	1464.57	0.00	15.12	807.74
	1464.58	0.00	15.12	809.74
	1464.59	0.00	15.13	811.74
	1464.61	0.00	15.13	810.74
	1464.62	0.00	15.13	810.74
	1464.63	0.00	15.12	813.75
	1464.64	0.00	15.12	811.75
	1464.65	0.00	15.11	810.75
	1464.67	0.00	15.11	810.75
	1464.68	0.00	15.11	806.74
	1464.69	0.00	15.13	810.74
	1464.70	0.00	15.13	810.74
	1464.71	0.00	15.12	809.74
	1464.72	0.00	15.11	810.75
	1464.73	0.00	15.12	809.74
	1464.75	0.00	15.11	809.75
	1464.76	0.00	15.10	807.75
	1464.77	0.00	15.05	800.77
	1464.78	0.00	14.99	797.80
	1464.79	0.00	14.66	803.88
	1464.80	0.00	13.77	885.08
	1464.81	0.00	12.96	950.33
	1464.83	0.00	12.23	1025.53
	1464.84	0.00	11.81	1076.66
	1464.85	0.00	11.53	1123.81
	1464.86	0.00	11.36	1176.95
	1464.87	0.00	11.30	1226.02
	1464.89	0.00	11.29	1253.07
	1464.90	0.00	11.29	1290.12
	1464.91	0.00	11.32	1314.15
	1464.92	0.00	11.35	1331.19
	1464.93	0.00	11.34	1339.17
	1464.94	0.00	11.40	1338.13
	1464.95	0.00	11.48	1325.11
	1464.97	0.00	11.57	1311.05
	1464.98	0.00	11.71	1314.05
	1464.99	0.00	11.85	1301.98
	1465.00	0.00	12.01	1281.92
	1465.01	0.00	12.21	1262.89
	1465.03	0.00	12.40	1243.84
	1465.04	0.00	12.61	1224.77
	1465.05	0.00	12.77	1206.74
	1465.06	0.00	12.89	1193.70
	1465.07	0.00	13.25	1152.67
	1465.08	0.00	13.29	1145.66
	1465.09	0.00	13.41	1138.60
	1465.11	0.00	13.48	1132.59
	1465.12	0.00	13.57	1133.57
	1465.13	0.00	13.60	1133.57
	1465.14	0.00	13.65	1139.57
	1465.15	0.00	13.76	1139.53
	1465.17	0.00	13.83	1141.51
	1465.18	0.00	13.94	1140.48
	1465.19	0.00	14.03	1140.46
	1465.20	0.00	14.14	1138.40
	1465.21	0.00	14.30	1127.33
	1465.22	0.00	14.48	1129.28
	1465.23	0.00	14.57	1127.24
	1465.25	0.00	14.81	1129.15
	1465.26	0.00	14.90	1129.12
	1465.27	0.00	15.04	1127.01
	1465.28	0.00	15.13	1123.96
	1465.29	0.00	15.24	1104.90
	1465.31	0.00	15.30	1091.86
	1465.32	0.00	15.35	1079.80
	1465.33	0.00	15.50	1055.75
	1465.34	0.00	15.60	1044.66
	1465.35	0.00	15.63	1034.64
	1465.36	0.00	15.67	1023.61
	1465.38	0.00	15.71	1008.60
	1465.39	0.00	15.70	993.60
	1465.40	0.00	15.67	977.61
	1465.41	0.00	15.66	956.59
	1465.42	0.00	15.63	950.61
	1465.43	0.00	15.59	936.62
	1465.44	0.00	15.55	905.63
	1465.46	0.00	15.50	878.61
	1465.47	0.00	15.49	866.59
	1465.48	0.00	15.43	848.59
	1465.49	0.00	15.32	823.62
	1465.50	0.00	15.16	811.70
	1465.52	0.00	15.05	804.76
	1465.53	0.00	15.03	804.78
	1465.54	0.00	15.02	813.77
	1465.55	0.00	15.04	826.79
	1465.56	0.00	15.08	835.79
	1465.57	0.00	15.09	833.78
	1465.58	0.00	15.10	836.78
	1465.60	0.00	15.11	838.78
	1465.61	0.00	15.08	819.79
	1465.62	0.00	15.10	816.78
	1465.63	0.00	15.09	814.78
	1465.64	0.00	15.09	813.78
	1465.66	0.00	15.08	811.78
	1465.67	0.00	15.01	792.78
	1465.68	0.00	15.08	808.78
	1465.69	0.00	15.08	809.78
	1465.70	0.00	15.09	811.78
	1465.71	0.00	15.09	811.78
	1465.72	0.00	15.11	830.78
	1465.74	0.00	15.09	832.79
	1465.75	0.00	15.10	831.79
	1465.76	0.00	15.10	812.78
	1465.77	0.00	15.09	829.78
	1465.78	0.00	15.07	825.79
	1465.79	0.00	15.08	829.79
	1465.81	0.00	15.08	830.79
	1465.82	0.00	15.09	833.79
	1465.83	0.00	15.10	832.78
	1465.84	0.00	15.10	831.78
	1465.85	0.00	15.10	831.78
	1465.86	0.00	15.11	833.78
	1465.88	0.00	15.10	830.77
	1465.89	0.00	15.09	830.78
	1465.90	0.00	15.11	832.77
	1465.91	0.00	15.11	832.77
	1465.92	0.00	15.11	829.78
	1465.93	0.00	15.09	811.78
	1465.94	0.00	15.11	830.78
	1465.96	0.00	15.11	829.78
	1465.97	0.00	15.13	829.76
	1465.98	0.00	15.10	827.78
	1465.99	0.00	15.07	827.79
	1466.00	0.00	15.06	801.81
	1466.01	0.00	14.76	810.87
	1466.03	0.00	13.71	877.12
	1466.04	0.00	12.45	1014.47
	1466.05	0.00	11.35	1151.74
	1466.06	0.00	10.91	1227.92
	1466.07	0.00	10.78	1288.02
	1466.08	0.00	10.74	1327.11
	1466.09	0.00	10.78	1346.18
	1466.11	0.00	10.87	1374.19
	1466.12	0.00	11.02	1405.18
	1466.13	0.00	11.24	1432.16
	1466.14	0.00	11.45	1440.09
	1466.15	0.00	11.56	1444.07
	1466.17	0.00	11.68	1433.03
	1466.18	0.00	11.84	1408.97
	1466.19	0.00	12.04	1381.92
	1466.20	0.00	12.29	1347.84
	1466.21	0.00	12.55	1316.78
	1466.22	0.00	12.75	1301.71
	1466.23	0.00	12.95	1274.64
	1466.25	0.00	13.37	1220.56
	1466.26	0.00	13.49	1208.53
	1466.27	0.00	13.66	1186.48
	1466.28	0.00	13.79	1174.42
	1466.29	0.00	13.96	1165.37
	1466.31	0.00	14.10	1157.34
	1466.32	0.00	14.19	1155.30
	1466.33	0.00	14.24	1150.30
	1466.34	0.00	14.28	1153.28
	1466.35	0.00	14.34	1151.25
	1466.36	0.00	14.43	1159.23
	1466.38	0.00	14.52	1152.21
	1466.39	0.00	14.63	1143.18
	1466.40	0.00	14.74	1142.14
	1466.41	0.00	14.84	1137.08
	1466.42	0.00	14.99	1138.99
	1466.43	0.00	15.10	1137.93
	1466.44	0.00	15.15	1136.90
	1466.46	0.00	15.19	1140.87
	1466.47	0.00	15.26	1134.83
	1466.48	0.00	15.36	1103.79
	1466.49	0.00	15.38	1092.76
	1466.50	0.00	15.52	1061.71
	1466.52	0.00	15.55	1052.67
	1466.53	0.00	15.60	1045.63
	1466.54	0.00	15.63	1035.63
	1466.55	0.00	15.64	1023.62
	1466.56	0.00	15.65	1009.61
	1466.57	0.00	15.67	997.59
	1466.59	0.00	15.66	982.59
	1466.60	0.00	15.63	967.60
	1466.61	0.00	15.64	959.59
	1466.62	0.00	15.64	944.58
	1466.63	0.00	15.62	936.59
	1466.64	0.00	15.60	931.60
	1466.66	0.00	15.58	901.60
	1466.67	0.00	15.53	880.58
	1466.68	0.00	15.51	872.58
	1466.69	0.00	15.43	852.60
	1466.70	0.00	15.33	827.61
	1466.71	0.00	15.22	809.65
	1466.72	0.00	15.19	811.69
	1466.74	0.00	15.13	809.73
	1466.75	0.00	15.19	819.73
	1466.76	0.00	15.19	825.73
	1466.77	0.00	15.22	827.73
	1466.78	0.00	15.18	830.74
	1466.80	0.00	15.18	826.74
	1466.81	0.00	15.18	825.74
	1466.82	0.00	15.17	823.74
	1466.83	0.00	15.18	825.74
	1466.84	0.00	15.14	812.75
	1466.85	0.00	15.14	818.75
	1466.86	0.00	15.16	823.75
	1466.88	0.00	15.16	817.75
	1466.89	0.00	15.17	819.75
	1466.90	0.00	15.17	819.75
	1466.91	0.00	15.17	821.75
	1466.92	0.00	15.17	818.74
	1466.93	0.00	15.18	820.74
	1466.94	0.00	15.16	818.75
	1466.96	0.00	15.17	820.75
	1466.97	0.00	15.11	811.75
	1466.98	0.00	15.15	823.75
	1466.99	0.00	15.18	819.74
	1467.00	0.00	15.16	822.74
	1467.02	0.00	15.17	826.73
	1467.03	0.00	15.12	825.74
	1467.04	0.00	15.13	827.74
	1467.05	0.00	15.14	825.73
	1467.06	0.00	15.14	846.74
	1467.07	0.00	15.12	823.74
	1467.08	0.00	15.11	824.75
	1467.10	0.00	15.11	822.75
	1467.11	0.00	15.12	823.75
	1467.12	0.00	15.12	824.75
	1467.13	0.00	15.11	822.75
	1467.14	0.00	15.10	822.76
	1467.15	0.00	15.11	820.76
	1467.17	0.00	15.12	823.76
	1467.18	0.00	15.08	819.78
	1467.19	0.00	15.02	815.81
	1467.20	0.00	14.87	817.84
	1467.21	0.00	14.47	831.93
	1467.22	0.00	13.25	926.20
	1467.23	0.00	12.32	1039.48
	1467.25	0.00	11.81	1098.65
	1467.26	0.00	11.56	1133.75
	1467.27	0.00	11.43	1159.81
	1467.28	0.00	11.37	1178.90
	1467.29	0.00	11.41	1208.97
	1467.30	0.00	11.45	1233.05
	1467.32	0.00	11.49	1268.09
	1467.33	0.00	11.60	1315.12
	1467.34	0.00	11.76	1346.13
	1467.35	0.00	11.85	1357.13
	1467.36	0.00	11.91	1348.09
	1467.37	0.00	11.99	1332.05
	1467.39	0.00	12.14	1312.00
	1467.40	0.00	12.27	1294.95
	1467.41	0.00	12.47	1272.90
	1467.42	0.00	12.69	1238.81
	1467.43	0.00	13.04	1196.76
	1467.44	0.00	13.16	1183.74
	1467.46	0.00	13.27	1169.70
	1467.47	0.00	13.43	1155.64
	1467.48	0.00	13.48	1144.61
	1467.49	0.00	13.55	1132.58
	1467.50	0.00	13.59	1128.57
	1467.51	0.00	13.69	1118.54
	1467.53	0.00	13.78	1127.51
	1467.54	0.00	13.85	1124.47
	1467.55	0.00	13.91	1114.46
	1467.56	0.00	13.99	1110.43
	1467.57	0.00	14.08	1114.41
	1467.58	0.00	14.12	1114.38
	1467.60	0.00	14.20	1115.35
	1467.61	0.00	14.28	1123.32
	1467.62	0.00	14.35	1115.30
	1467.63	0.00	14.42	1124.30
	1467.64	0.00	14.54	1129.27
	1467.65	0.00	14.63	1128.26
	1467.67	0.00	14.75	1125.22
	1467.68	0.00	14.85	1132.17
	1467.69	0.00	15.00	1106.13
	1467.70	0.00	15.08	1114.07
	1467.71	0.00	15.19	1106.98
	1467.72	0.00	15.28	1103.88
	1467.74	0.00	15.35	1091.83
	1467.75	0.00	15.48	1060.79
	1467.76	0.00	15.54	1052.73
	1467.77	0.00	15.57	1033.69
	1467.78	0.00	15.63	1017.63
	1467.79	0.00	15.64	999.61
	1467.81	0.00	15.63	981.62
	1467.82	0.00	15.60	955.62
	1467.83	0.00	15.61	939.60
	1467.84	0.00	15.56	903.61
	1467.85	0.00	15.51	891.63
	1467.86	0.00	15.46	874.63
	1467.88	0.00	15.47	857.59
	1467.89	0.00	15.46	856.59
	1467.90	0.00	15.41	841.59
	1467.91	0.00	15.23	819.66
	1467.92	0.00	15.19	810.68
	1467.93	0.00	15.16	812.72
	1467.94	0.00	15.16	816.74
	1467.96	0.00	15.17	825.75
	1467.97	0.00	15.19	831.75
	1467.98	0.00	15.21	856.75
	1467.99	0.00	15.20	854.75
	1468.00	0.00	15.20	850.74
	1468.02	0.00	15.17	845.75
	1468.03	0.00	15.15	843.76
	1468.04	0.00	15.13	822.76
	1468.05	0.00	15.13	819.76
	1468.06	0.00	15.11	814.76
	1468.07	0.00	15.12	810.76
	1468.08	0.00	15.11	808.76
	1468.10	0.00	15.10	806.76
	1468.11	0.00	15.10	805.76
	1468.12	0.00	15.10	822.76
	1468.13	0.00	15.09	803.76
	1468.14	0.00	15.11	821.76
	1468.15	0.00	15.09	803.76
	1468.17	0.00	15.11	823.76
	1468.18	0.00	15.09	826.77
	1468.19	0.00	15.07	826.77
	1468.20	0.00	15.07	829.77
	1468.21	0.00	15.03	813.75
	1468.22	0.00	15.08	829.75
	1468.23	0.00	15.09	832.75
	1468.25	0.00	15.09	832.75
	1468.26	0.00	15.09	833.75
	1468.27	0.00	15.10	836.75
	1468.28	0.00	15.11	837.75
	1468.29	0.00	15.10	835.75
	1468.31	0.00	15.10	834.75
	1468.32	0.00	15.11	827.72
	1468.33	0.00	15.13	831.72
	1468.34	0.00	15.11	830.73
	1468.35	0.00	15.10	827.73
	1468.36	0.00	15.11	811.73
	1468.38	0.00	15.11	830.73
	1468.39	0.00	15.11	829.74
	1468.40	0.00	15.13	807.73
	1468.41	0.00	15.10	807.74
	1468.42	0.00	15.10	807.74
	1468.43	0.00	15.09	806.74
	1468.44	0.00	15.11	801.74
	1468.45	0.00	15.05	785.74
	1468.47	0.00	15.05	784.74
	1468.48	0.00	15.05	784.74
	1468.49	0.00	15.02	785.75
	1468.50	0.00	15.01	786.78
	1468.51	0.00	14.89	815.80
	1468.53	0.00	14.40	841.95
	1468.54	0.00	12.76	947.32
	1468.55	0.00	11.76	1087.58
	1468.56	0.00	11.28	1151.77
	1468.57	0.00	11.06	1194.87
	1468.58	0.00	11.08	1236.95
	1468.59	0.00	11.18	1249.98
	1468.61	0.00	11.31	1244.01
	1468.62	0.00	11.61	1254.02
	1468.63	0.00	11.87	1260.01
	1468.64	0.00	12.17	1253.00
	1468.65	0.00	12.31	1237.98
	1468.67	0.00	12.37	1216.97
	1468.68	0.00	12.38	1203.96
	1468.69	0.00	12.40	1197.95
	1468.70	0.00	12.47	1182.94
	1468.71	0.00	12.68	1158.94
	1468.72	0.00	12.75	1147.92
	1468.73	0.00	12.85	1133.87
	1468.75	0.00	12.98	1123.80
	1468.76	0.00	13.08	1107.77
	1468.77	0.00	13.13	1101.75
	1468.78	0.00	13.22	1092.71
	1468.79	0.00	13.24	1080.71
	1468.81	0.00	13.26	1076.71
	1468.82	0.00	13.25	1080.71
	1468.83	0.00	13.26	1078.71
	1468.84	0.00	13.26	1077.71
	1468.85	0.00	13.25	1074.71
	1468.86	0.00	13.26	1074.71
	1468.88	0.00	13.26	1075.71
	1468.89	0.00	13.26	1077.70
	1468.90	0.00	13.26	1075.71
	1468.91	0.00	13.28	1079.71
	1468.92	0.00	13.26	1078.72
	1468.93	0.00	13.28	1078.71
	1468.94	0.00	13.29	1080.70
	1468.96	0.00	13.31	1083.71
	1468.97	0.
	1470.97	0.00	13.81	921.44
	1470.98	0.00	13.80	923.44
	1470.99	0.00	13.79	923.45
	1471.00	0.00	13.78	923.45
	1471.01	0.00	13.80	924.44
	1471.03	0.00	13.75	915.45
	1471.04	0.00	13.79	925.45
	1471.05	0.00	13.79	925.45
	1471.06	0.00	13.75	911.44
	1471.07	0.00	13.69	896.43
	1471.08	0.00	13.77	916.44
	1471.09	0.00	13.78	922.44
	1471.11	0.00	13.76	919.44
	1471.12	0.00	13.74	916.44
	1471.13	0.00	13.74	917.44
	1471.14	0.00	13.75	926.45
	1471.15	0.00	13.76	930.45
	1471.17	0.00	13.77	928.45
	1471.18	0.00	13.76	934.46
	1471.19	0.00	13.75	932.46
	1471.20	0.00	13.74	930.46
	1471.21	0.00	13.73	932.47
	1471.22	0.00	13.71	932.47
	1471.23	0.00	13.70	935.48
	1471.25	0.00	13.71	937.48
	1471.26	0.00	13.65	930.49
	1471.27	0.00	13.67	931.48
	1471.28	0.00	13.67	933.48
	1471.29	0.00	13.66	934.49
	1471.30	0.00	13.65	939.50
	1471.32	0.00	13.64	939.50
	1471.33	0.00	13.62	936.50
	1471.34	0.00	13.63	938