2.21	0.00	13.02	2232.28
	4692.22	0.00	13.02	2232.28
	4692.23	0.00	13.02	2232.28
	4692.24	0.00	13.01	2232.30
	4692.25	0.00	13.02	2232.28
	4692.26	0.00	13.02	2234.28
	4692.28	0.00	13.01	2229.29
	4692.29	0.00	13.03	2239.29
	4692.30	0.00	13.03	2241.29
	4692.31	0.00	13.02	2240.30
	4692.32	0.00	13.02	2239.30
	4692.34	0.00	13.00	2234.32
	4692.35	0.00	13.00	2240.36
	4692.36	0.00	12.99	2240.37
	4692.37	0.00	12.98	2240.38
	4692.38	0.00	12.98	2242.39
	4692.39	0.00	12.98	2241.40
	4692.41	0.00	12.97	2239.40
	4692.42	0.00	12.98	2237.36
	4692.43	0.00	12.99	2241.36
	4692.44	0.00	12.98	2241.38
	4692.45	0.00	12.98	2241.39
	4692.47	0.00	12.98	2243.39
	4692.48	0.00	12.97	2244.41
	4692.49	0.00	13.08	2243.10
	4692.50	0.00	13.08	2247.12
	4692.51	0.00	13.07	2244.14
	4692.52	0.00	13.05	2235.15
	4692.54	0.00	13.08	2247.14
	4692.55	0.00	13.06	2240.15
	4692.56	0.00	13.07	2236.10
	4692.57	0.00	13.00	2228.26
	4692.58	0.00	12.97	2225.32
	4692.60	0.00	12.99	2224.34
	4692.61	0.00	12.99	2228.34
	4692.62	0.00	12.99	2229.33
	4692.63	0.00	12.96	2206.32
	4692.64	0.00	12.96	2208.33
	4692.65	0.00	12.97	2218.35
	4692.67	0.00	12.98	2223.36
	4692.68	0.00	12.98	2224.36
	4692.69	0.00	12.97	2226.37
	4692.70	0.00	12.96	2229.39
	4692.71	0.00	12.98	2232.35
	4692.73	0.00	12.99	2240.36
	4692.74	0.00	12.99	2240.37
	4692.75	0.00	12.98	2240.38
	4692.76	0.00	12.98	2238.37
	4692.77	0.00	12.98	2242.37
	4692.79	0.00	12.99	2243.37
	4692.80	0.00	13.00	2242.32
	4692.81	0.00	13.00	2246.33
	4692.82	0.00	13.00	2247.34
	4692.83	0.00	13.00	2249.34
	4692.84	0.00	13.01	2247.34
	4692.86	0.00	13.01	2248.34
	4692.87	0.00	13.01	2246.33
	4692.88	0.00	13.01	2242.31
	4692.89	0.00	13.01	2243.30
	4692.90	0.00	13.02	2249.30
	4692.91	0.00	13.01	2241.30
	4692.93	0.00	13.03	2243.30
	4692.94	0.00	13.05	2243.24
	4692.95	0.00	13.04	2245.29
	4692.96	0.00	13.01	2224.28
	4692.97	0.00	13.01	2226.28
	4692.99	0.00	13.00	2228.30
	4693.00	0.00	13.01	2230.28
	4693.01	0.00	13.01	2227.28
	4693.02	0.00	13.01	2228.28
	4693.03	0.00	13.03	2227.23
	4693.04	0.00	13.02	2230.28
	4693.06	0.00	13.01	2225.28
	4693.07	0.00	13.02	2235.28
	4693.08	0.00	13.02	2237.29
	4693.09	0.00	13.03	2240.28
	4693.10	0.00	13.02	2239.29
	4693.12	0.00	13.02	2238.29
	4693.13	0.00	13.03	2238.25
	4693.14	0.00	13.00	2238.32
	4693.15	0.00	12.99	2238.35
	4693.16	0.00	12.99	2239.37
	4693.17	0.00	12.98	2239.38
	4693.19	0.00	12.98	2240.38
	4693.20	0.00	12.98	2240.39
	4693.21	0.00	12.97	2240.39
	4693.22	0.00	12.99	2241.35
	4693.23	0.00	12.98	2241.37
	4693.25	0.00	12.98	2242.38
	4693.26	0.00	12.97	2244.40
	4693.27	0.00	12.97	2243.39
	4693.28	0.00	13.08	2247.10
	4693.29	0.00	13.07	2246.10
	4693.31	0.00	13.06	2246.13
	4693.32	0.00	13.06	2247.13
	4693.33	0.00	13.05	2241.15
	4693.34	0.00	13.05	2241.15
	4693.35	0.00	13.03	2228.13
	4693.36	0.00	13.01	2227.20
	4693.38	0.00	12.99	2230.26
	4693.39	0.00	12.97	2229.31
	4693.40	0.00	12.97	2224.35
	4693.41	0.00	12.97	2226.35
	4693.42	0.00	12.97	2230.36
	4693.43	0.00	12.94	2209.34
	4693.45	0.00	12.96	2222.36
	4693.46	0.00	12.96	2223.37
	4693.47	0.00	12.96	2226.38
	4693.48	0.00	12.96	2229.38
	4693.49	0.00	12.96	2228.37
	4693.51	0.00	12.96	2227.35
	4693.52	0.00	12.97	2235.36
	4693.53	0.00	12.98	2239.36
	4693.54	0.00	12.97	2239.37
	4693.55	0.00	12.97	2239.38
	4693.57	0.00	12.96	2241.38
	4693.58	0.00	12.97	2239.38
	4693.59	0.00	12.97	2237.33
	4693.60	0.00	12.99	2242.34
	4693.61	0.00	12.99	2243.34
	4693.62	0.00	12.99	2241.35
	4693.64	0.00	12.98	2241.34
	4693.65	0.00	12.99	2244.34
	4693.66	0.00	12.99	2238.31
	4693.67	0.00	12.99	2239.31
	4693.68	0.00	13.00	2243.31
	4693.70	0.00	12.99	2241.31
	4693.71	0.00	13.00	2241.31
	4693.72	0.00	13.00	2241.32
	4693.73	0.00	12.99	2238.31
	4693.74	0.00	12.96	2221.31
	4693.75	0.00	12.96	2222.31
	4693.77	0.00	12.96	2225.32
	4693.78	0.00	12.97	2226.30
	4693.79	0.00	12.97	2225.31
	4693.80	0.00	12.97	2226.31
	4693.81	0.00	12.97	2226.30
	4693.83	0.00	12.97	2226.31
	4693.84	0.00	12.97	2223.30
	4693.85	0.00	12.99	2232.30
	4693.86	0.00	12.99	2234.30
	4693.87	0.00	12.99	2234.30
	4693.88	0.00	12.99	2234.30
	4693.90	0.00	13.00	2235.30
	4693.91	0.00	12.99	2235.32
	4693.92	0.00	13.00	2236.30
	4693.93	0.00	12.98	2234.35
	4693.94	0.00	12.97	2233.36
	4693.96	0.00	12.97	2235.37
	4693.97	0.00	12.97	2237.38
	4693.98	0.00	12.97	2236.38
	4693.99	0.00	12.97	2234.38
	4694.00	0.00	12.98	2236.34
	4694.01	0.00	12.98	2237.36
	4694.03	0.00	12.98	2239.37
	4694.04	0.00	12.97	2239.37
	4694.05	0.00	12.97	2239.38
	4694.06	0.00	13.06	2238.13
	4694.07	0.00	13.06	2239.10
	4694.09	0.00	13.07	2240.10
	4694.10	0.00	13.06	2239.11
	4694.11	0.00	13.06	2235.12
	4694.12	0.00	13.05	2236.13
	4694.13	0.00	13.05	2227.09
	4694.14	0.00	13.00	2224.23
	4694.16	0.00	12.99	2224.25
	4694.17	0.00	12.97	2222.28
	4694.18	0.00	12.97	2220.33
	4694.19	0.00	12.98	2222.33
	4694.20	0.00	12.98	2224.33
	4694.22	0.00	12.94	2205.33
	4694.23	0.00	12.96	2214.34
	4694.24	0.00	12.96	2219.35
	4694.25	0.00	12.97	2217.35
	4694.26	0.00	12.97	2220.36
	4694.28	0.00	12.96	2223.36
	4694.29	0.00	12.96	2224.36
	4694.30	0.00	12.96	2226.34
	4694.31	0.00	12.98	2236.35
	4694.32	0.00	12.97	2236.38
	4694.33	0.00	12.98	2237.36
	4694.35	0.00	12.97	2235.36
	4694.36	0.00	12.98	2238.36
	4694.37	0.00	12.98	2239.33
	4694.38	0.00	12.98	2235.32
	4694.39	0.00	12.99	2241.33
	4694.41	0.00	12.99	2243.33
	4694.42	0.00	12.98	2242.34
	4694.43	0.00	12.99	2241.34
	4694.44	0.00	12.98	2244.34
	4694.45	0.00	12.99	2245.34
	4694.46	0.00	12.99	2245.34
	4694.48	0.00	12.98	2238.31
	4694.49	0.00	12.99	2240.31
	4694.50	0.00	12.99	2240.30
	4694.51	0.00	12.99	2241.31
	4694.52	0.00	12.99	2241.31
	4694.54	0.00	12.99	2241.31
	4694.55	0.00	13.00	2236.24
	4694.56	0.00	12.96	2228.32
	4694.57	0.00	12.95	2221.32
	4694.58	0.00	12.96	2221.31
	4694.59	0.00	12.95	2226.33
	4694.61	0.00	12.96	2226.32
	4694.62	0.00	12.97	2226.31
	4694.63	0.00	12.95	2221.31
	4694.64	0.00	12.97	2231.32
	4694.65	0.00	12.97	2230.31
	4694.67	0.00	12.98	2232.31
	4694.68	0.00	12.98	2233.31
	4694.69	0.00	12.98	2233.32
	4694.70	0.00	12.98	2234.31
	4694.71	0.00	12.97	2233.33
	4694.72	0.00	12.97	2232.34
	4694.74	0.00	12.95	2233.38
	4694.75	0.00	12.96	2233.38
	4694.76	0.00	12.95	2233.39
	4694.77	0.00	12.96	2237.39
	4694.78	0.00	12.96	2236.37
	4694.80	0.00	12.96	2234.37
	4694.81	0.00	12.96	2236.38
	4694.82	0.00	12.95	2238.39
	4694.83	0.00	12.95	2236.40
	4694.84	0.00	12.96	2236.39
	4694.85	0.00	12.95	2237.39
	4694.87	0.00	13.05	2239.10
	4694.88	0.00	13.04	2239.13
	4694.89	0.00	13.04	2234.14
	4694.90	0.00	13.03	2233.14
	4694.91	0.00	13.03	2233.15
	4694.93	0.00	13.02	2233.16
	4694.94	0.00	12.98	2222.20
	4694.95	0.00	12.94	2222.31
	4694.96	0.00	12.94	2218.34
	4694.97	0.00	12.97	2221.30
	4694.98	0.00	12.94	2220.36
	4695.00	0.00	12.91	2202.35
	4695.01	0.00	12.92	2210.36
	4695.02	0.00	12.93	2214.36
	4695.03	0.00	12.92	2215.37
	4695.04	0.00	12.94	2217.37
	4695.06	0.00	12.93	2220.38
	4695.07	0.00	12.92	2224.40
	4695.08	0.00	12.93	2219.36
	4695.09	0.00	12.94	2234.37
	4695.10	0.00	12.95	2237.38
	4695.12	0.00	12.94	2235.40
	4695.13	0.00	12.94	2238.39
	4695.14	0.00	12.94	2236.39
	4695.15	0.00	12.94	2239.39
	4695.16	0.00	12.94	2233.36
	4695.17	0.00	12.95	2242.36
	4695.19	0.00	12.96	2243.36
	4695.20	0.00	12.95	2242.36
	4695.21	0.00	12.95	2239.37
	4695.22	0.00	12.96	2243.36
	4695.23	0.00	12.96	2242.36
	4695.25	0.00	12.95	2235.33
	4695.26	0.00	12.96	2239.34
	4695.27	0.00	12.96	2242.33
	4695.28	0.00	12.96	2239.34
	4695.29	0.00	12.96	2240.33
	4695.31	0.00	12.96	2241.34
	4695.32	0.00	12.95	2232.33
	4695.33	0.00	12.92	2221.33
	4695.34	0.00	12.93	2222.33
	4695.35	0.00	12.93	2225.33
	4695.36	0.00	12.93	2224.33
	4695.37	0.00	12.93	2226.33
	4695.39	0.00	12.94	2226.33
	4695.40	0.00	12.94	2221.30
	4695.41	0.00	12.92	2217.33
	4695.42	0.00	12.95	2229.33
	4695.43	0.00	12.95	2232.33
	4695.45	0.00	12.95	2232.33
	4695.46	0.00	12.95	2232.33
	4695.47	0.00	12.95	2233.34
	4695.48	0.00	12.93	2231.38
	4695.49	0.00	12.93	2232.39
	4695.50	0.00	12.93	2235.40
	4695.52	0.00	12.92	2232.41
	4695.53	0.00	12.92	2233.41
	4695.54	0.00	12.92	2235.41
	4695.55	0.00	12.94	2237.38
	4695.56	0.00	12.93	2235.40
	4695.58	0.00	12.93	2236.40
	4695.59	0.00	12.92	2237.41
	4695.60	0.00	12.93	2241.41
	4695.61	0.00	12.93	2238.41
	4695.62	0.00	13.02	2239.12
	4695.63	0.00	13.01	2239.15
	4695.65	0.00	13.00	2234.16
	4695.66	0.00	13.01	2233.17
	4695.67	0.00	13.00	2230.17
	4695.68	0.00	12.99	2231.18
	4695.69	0.00	12.99	2231.17
	4695.71	0.00	12.94	2218.25
	4695.72	0.00	12.92	2220.32
	4695.73	0.00	12.93	2217.36
	4695.74	0.00	12.92	2219.37
	4695.75	0.00	12.93	2224.38
	4695.77	0.00	12.89	2201.35
	4695.78	0.00	12.90	2208.37
	4695.79	0.00	12.89	2210.38
	4695.80	0.00	12.90	2214.39
	4695.81	0.00	12.91	2216.39
	4695.83	0.00	12.90	2221.40
	4695.84	0.00	12.90	2223.40
	4695.85	0.00	12.90	2217.37
	4695.86	0.00	12.90	2223.38
	4695.87	0.00	12.91	2227.38
	4695.88	0.00	12.91	2233.40
	4695.90	0.00	12.92	2236.40
	4695.91	0.00	12.92	2238.41
	4695.92	0.00	12.91	2238.41
	4695.93	0.00	12.92	2233.37
	4695.94	0.00	12.93	2241.37
	4695.95	0.00	12.93	2243.38
	4695.97	0.00	12.93	2242.38
	4695.98	0.00	12.93	2242.38
	4695.99	0.00	12.93	2243.38
	4696.00	0.00	12.93	2245.38
	4696.01	0.00	12.93	2241.36
	4696.03	0.00	12.93	2240.36
	4696.04	0.00	12.93	2242.36
	4696.05	0.00	12.93	2240.36
	4696.06	0.00	12.93	2241.36
	4696.07	0.00	12.93	2241.36
	4696.08	0.00	12.93	2239.36
	4696.10	0.00	12.93	2242.36
	4696.11	0.00	12.89	2222.36
	4696.12	0.00	12.90	2225.37
	4696.13	0.00	12.90	2226.36
	4696.14	0.00	12.90	2227.36
	4696.16	0.00	12.91	2228.35
	4696.17	0.00	12.91	2228.37
	4696.18	0.00	12.91	2229.35
	4696.19	0.00	12.92	2233.35
	4696.20	0.00	12.93	2234.35
	4696.21	0.00	12.95	2235.28
	4696.23	0.00	12.93	2238.35
	4696.24	0.00	12.93	2236.35
	4696.25	0.00	12.92	2234.36
	4696.26	0.00	12.91	2235.40
	4696.27	0.00	12.92	2237.39
	4696.29	0.00	12.91	2236.41
	4696.30	0.00	12.91	2236.42
	4696.31	0.00	12.91	2238.42
	4696.32	0.00	12.91	2239.43
	4696.33	0.00	12.92	2239.39
	4696.35	0.00	12.92	2240.40
	4696.36	0.00	12.92	2239.41
	4696.37	0.00	12.92	2241.41
	4696.38	0.00	12.92	2239.41
	4696.39	0.00	12.93	2241.37
	4696.40	0.00	12.92	2242.42
	4696.42	0.00	13.02	2244.13
	4696.43	0.00	13.01	2244.15
	4696.44	0.00	13.01	2240.16
	4696.45	0.00	13.00	2237.16
	4696.46	0.00	13.00	2236.16
	4696.47	0.00	13.00	2235.17
	4696.49	0.00	13.00	2227.12
	4696.50	0.00	12.94	2225.27
	4696.51	0.00	12.92	2226.34
	4696.52	0.00	12.92	2224.35
	4696.54	0.00	12.93	2220.34
	4696.55	0.00	12.93	2223.37
	4696.56	0.00	12.93	2225.37
	4696.57	0.00	12.89	2202.37
	4696.58	0.00	12.91	2215.37
	4696.59	0.00	12.91	2220.38
	4696.60	0.00	12.92	2222.39
	4696.62	0.00	12.91	2224.41
	4696.63	0.00	12.92	2225.39
	4696.64	0.00	12.92	2231.37
	4696.65	0.00	12.93	2233.38
	4696.66	0.00	12.93	2235.37
	4696.68	0.00	12.93	2239.39
	4696.69	0.00	12.92	2240.40
	4696.70	0.00	12.92	2239.40
	4696.71	0.00	12.92	2236.37
	4696.72	0.00	12.93	2241.37
	4696.73	0.00	12.94	2245.37
	4696.75	0.00	12.93	2244.38
	4696.76	0.00	12.94	2245.37
	4696.77	0.00	12.94	2246.37
	4696.78	0.00	12.94	2247.37
	4696.79	0.00	12.93	2238.36
	4696.81	0.00	12.93	2243.35
	4696.82	0.00	12.94	2242.35
	4696.83	0.00	12.94	2241.35
	4696.84	0.00	12.94	2242.35
	4696.85	0.00	12.94	2243.35
	4696.87	0.00	12.93	2243.35
	4696.88	0.00	12.94	2241.34
	4696.89	0.00	12.90	2224.35
	4696.90	0.00	12.91	2226.35
	4696.91	0.00	12.91	2226.34
	4696.92	0.00	12.91	2227.36
	4696.94	0.00	12.92	2228.34
	4696.95	0.00	12.92	2227.34
	4696.96	0.00	12.92	2228.34
	4696.97	0.00	12.92	2227.34
	4696.98	0.00	12.93	2234.34
	4697.00	0.00	12.93	2236.34
	4697.01	0.00	12.93	2235.34
	4697.02	0.00	12.95	2236.29
	4697.03	0.00	12.94	2235.32
	4697.04	0.00	12.93	2234.34
	4697.06	0.00	12.91	2232.38
	4697.07	0.00	12.91	2234.41
	4697.08	0.00	12.91	2235.41
	4697.09	0.00	12.91	2237.42
	4697.10	0.00	12.91	2237.41
	4697.11	0.00	12.91	2238.42
	4697.13	0.00	12.92	2237.38
	4697.14	0.00	12.92	2238.39
	4697.15	0.00	12.93	2239.37
	4697.16	0.00	12.92	2240.41
	4697.17	0.00	12.91	2241.41
	4697.18	0.00	12.96	2241.29
	4697.20	0.00	13.00	2238.14
	4697.21	0.00	13.01	2244.15
	4697.22	0.00	13.01	2244.15
	4697.23	0.00	13.00	2238.16
	4697.24	413.02	2230.28
	4733.11	0.00	133.06	0.00	12.99	2223.31
	4733.08	0.00	13.01	2228.28
	4733.09	0.00	13.02	2232.28
	4733.10	0.00	13.02	2230.28
	4733.11	0.00	133.06	0.00	12.99	2223.31
	4733.08	0.00	13.01	2228.28
	4733.09	0.00	13.02	2232.28
	4733.10	0.00	13.02	2230.28
	4733.11	0.00	13.02	2232.28
	4733.12	0.00	13.02	2233.29
	4733.13	0.00	13.02	2229.26
	4733.15	0.00	13.02	2229.26
	4733.16	0.00	13.02	2233.26
	4733.17	0.00	13.02	2234.26
	4733.18	0.00	13.02	2233.27
	4733.19	0.00	13.03	2233.26
	4733.21	0.00	13.03	2234.26
	4733.22	0.00	13.03	2233.26
	4733.23	0.00	13.00	2215.24
	4733.24	0.00	13.00	2217.26
	4733.25	0.00	13.00	2220.27
	4733.27	0.00	13.00	2224.27
	4733.28	0.00	12.99	2222.29
	4733.29	0.00	12.99	2222.28
	4733.30	0.00	12.99	2227.29
	4733.31	0.00	13.00	2232.29
	4733.33	0.00	12.99	2234.30
	4733.34	0.00	12.99	2235.31
	4733.35	0.00	12.99	2235.32
	4733.36	0.00	13.00	2236.30
	4733.37	0.00	12.98	2234.37
	4733.38	0.00	12.97	2236.39
	4733.40	0.00	12.97	2241.40
	4733.41	0.00	12.96	2239.41
	4733.42	0.00	12.96	2243.42
	4733.43	0.00	12.97	2245.39
	4733.44	0.00	12.96	2245.40
	4733.45	0.00	12.96	2247.40
	4733.47	0.00	12.95	2249.41
	4733.48	0.00	12.95	2249.42
	4733.49	0.00	13.04	2248.16
	4733.50	0.00	13.05	2249.14
	4733.51	0.00	13.05	2249.14
	4733.53	0.00	13.04	2249.16
	4733.54	0.00	13.03	2246.19
	4733.55	0.00	13.03	2243.18
	4733.56	0.00	13.02	2242.19
	4733.57	0.00	12.98	2229.22
	4733.59	0.00	12.94	2232.34
	4733.60	0.00	12.95	2228.36
	4733.61	0.00	12.95	2227.37
	4733.62	0.00	12.95	2228.37
	4733.63	0.00	12.93	2231.40
	4733.64	0.00	12.90	2204.37
	4733.66	0.00	12.91	2216.39
	4733.67	0.00	12.92	2222.40
	4733.68	0.00	12.93	2222.41
	4733.69	0.00	12.92	2224.41
	4733.70	0.00	12.92	2221.38
	4733.72	0.00	12.93	2231.40
	4733.73	0.00	12.94	2232.39
	4733.74	0.00	12.94	2233.40
	4733.75	0.00	12.94	2232.40
	4733.76	0.00	12.93	2231.40
	4733.77	0.00	12.94	2232.40
	4733.79	0.00	12.95	2232.36
	4733.80	0.00	12.96	2235.36
	4733.81	0.00	12.96	2235.36
	4733.82	0.00	12.96	2232.37
	4733.83	0.00	12.97	2232.36
	4733.85	0.00	12.96	2231.36
	4733.86	0.00	12.97	2233.35
	4733.87	0.00	12.97	2228.33
	4733.88	0.00	12.98	2229.33
	4733.89	0.00	12.98	2227.32
	4733.90	0.00	12.98	2227.32
	4733.92	0.00	12.98	2223.32
	4733.93	0.00	12.98	2221.32
	4733.94	0.00	12.98	2223.33
	4733.95	0.00	12.94	2201.32
	4733.96	0.00	12.94	2205.32
	4733.98	0.00	12.95	2207.32
	4733.99	0.00	12.95	2205.32
	4734.00	0.00	12.96	2208.31
	4734.01	0.00	12.96	2206.31
	4734.02	0.00	12.96	2205.31
	4734.03	0.00	12.95	2201.29
	4734.05	0.00	12.96	2210.31
	4734.06	0.00	12.97	2212.31
	4734.07	0.00	12.97	2213.30
	4734.08	0.00	12.97	2214.31
	4734.09	0.00	12.97	2212.31
	4734.11	0.00	12.96	2210.30
	4734.12	0.00	12.96	2210.32
	4734.13	0.00	12.95	2207.35
	4734.14	0.00	12.95	2210.36
	4734.15	0.00	12.95	2211.37
	4734.17	0.00	12.94	2211.39
	4734.18	0.00	12.96	2210.34
	4734.19	0.00	12.95	2211.34
	4734.20	0.00	12.95	2213.35
	4734.21	0.00	12.94	2212.36
	4734.22	0.00	12.95	2212.36
	4734.24	0.00	12.94	2211.37
	4734.25	0.00	13.01	2206.14
	4734.26	0.00	13.04	2211.08
	4734.27	0.00	13.04	2214.10
	4734.28	0.00	13.02	2208.12
	4734.30	0.00	13.02	2208.13
	4734.31	0.00	13.03	2208.12
	4734.32	0.00	13.02	2208.12
	4734.33	0.00	13.01	2195.09
	4734.34	0.00	12.96	2194.22
	4734.35	0.00	12.94	2197.28
	4734.37	0.00	12.95	2192.30
	4734.38	0.00	12.96	2194.30
	4734.39	0.00	12.97	2195.28
	4734.40	0.00	12.96	2196.31
	4734.41	0.00	12.93	2176.28
	4734.43	0.00	12.93	2183.31
	4734.44	0.00	12.93	2186.33
	4734.45	0.00	12.94	2190.33
	4734.46	0.00	12.93	2190.34
	4734.47	0.00	12.93	2196.35
	4734.48	0.00	12.94	2199.34
	4734.50	0.00	12.93	2191.31
	4734.51	0.00	12.95	2204.32
	4734.52	0.00	12.96	2208.32
	4734.53	0.00	12.95	2206.34
	4734.54	0.00	12.95	2209.34
	4734.56	0.00	12.95	2208.34
	4734.57	0.00	12.96	2208.30
	4734.58	0.00	12.97	2216.31
	4734.59	0.00	12.97	2214.31
	4734.60	0.00	12.96	2213.31
	4734.62	0.00	12.96	2214.32
	4734.63	0.00	12.97	2213.31
	4734.64	0.00	12.97	2214.31
	4734.65	0.00	12.98	2209.26
	4734.66	0.00	12.97	2207.28
	4734.67	0.00	12.98	2212.28
	4734.69	0.00	12.98	2212.28
	4734.70	0.00	12.97	2211.29
	4734.71	0.00	12.98	2209.28
	4734.72	0.00	12.98	2210.28
	4734.73	0.00	12.94	2191.28
	4734.75	0.00	12.95	2191.26
	4734.76	0.00	12.94	2193.28
	4734.77	0.00	12.95	2196.28
	4734.78	0.00	12.95	2195.27
	4734.79	0.00	12.96	2195.27
	4734.80	0.00	12.96	2197.27
	4734.82	0.00	12.96	2197.27
	4734.83	0.00	12.94	2190.27
	4734.84	0.00	12.96	2197.27
	4734.85	0.00	12.96	2200.27
	4734.86	0.00	12.97	2202.27
	4734.87	0.00	12.97	2203.27
	4734.89	0.00	12.97	2204.27
	4734.90	0.00	12.97	2204.27
	4734.91	0.00	12.98	2204.24
	4734.92	0.00	12.97	2203.26
	4734.93	0.00	12.96	2206.32
	4734.95	0.00	12.95	2205.34
	4734.96	0.00	12.95	2205.34
	4734.97	0.00	12.95	2206.34
	4734.98	0.00	12.95	2207.35
	4734.99	0.00	12.95	2207.35
	4735.00	0.00	12.97	2207.31
	4735.02	0.00	12.96	2208.33
	4735.03	0.00	12.96	2210.33
	4735.04	0.00	12.95	2209.34
	4735.05	0.00	12.95	2209.34
	4735.06	0.00	12.95	2209.36
	4735.08	0.00	12.95	2212.35
	4735.09	0.00	13.05	2210.06
	4735.10	0.00	13.05	2211.06
	4735.11	0.00	13.05	2214.08
	4735.12	0.00	13.04	2206.09
	4735.13	0.00	13.04	2205.09
	4735.15	0.00	13.04	2206.09
	4735.16	0.00	13.04	2207.10
	4735.17	0.00	13.04	2196.04
	4735.18	0.00	12.98	2195.19
	4735.19	0.00	12.96	2197.26
	4735.21	0.00	12.98	2193.27
	4735.22	0.00	12.97	2194.28
	4735.23	0.00	12.95	2176.26
	4735.24	0.00	12.95	2172.24
	4735.25	0.00	12.94	2174.27
	4735.27	0.00	12.95	2183.30
	4735.28	0.00	12.95	2189.31
	4735.29	0.00	12.96	2192.30
	4735.30	0.00	12.95	2196.32
	4735.31	0.00	12.94	2190.29
	4735.33	0.00	12.96	2204.30
	4735.34	0.00	12.98	2208.27
	4735.35	0.00	12.97	2207.31
	4735.36	0.00	12.96	2207.32
	4735.37	0.00	12.96	2210.32
	4735.38	0.00	12.96	2206.30
	4735.39	0.00	12.97	2205.29
	4735.41	0.00	12.98	2214.29
	4735.42	0.00	12.98	2212.30
	4735.43	0.00	12.98	2214.30
	4735.44	0.00	12.98	2215.30
	4735.45	0.00	12.98	2214.30
	4735.47	0.00	12.98	2213.27
	4735.48	0.00	12.98	2213.27
	4735.49	0.00	12.98	2212.27
	4735.50	0.00	12.99	2213.27
	4735.51	0.00	12.99	2214.27
	4735.52	0.00	12.98	2210.27
	4735.54	0.00	12.98	2213.28
	4735.55	0.00	12.99	2214.27
	4735.56	0.00	12.93	2194.29
	4735.57	0.00	12.95	2198.27
	4735.58	0.00	12.95	2199.28
	4735.60	0.00	12.94	2197.28
	4735.61	0.00	12.95	2199.28
	4735.62	0.00	12.95	2202.28
	4735.63	0.00	12.93	2195.28
	4735.64	0.00	12.93	2196.29
	4735.65	0.00	12.93	2198.29
	4735.67	0.00	12.96	2207.29
	4735.68	0.00	12.96	2210.29
	4735.69	0.00	12.96	2210.29
	4735.70	0.00	12.96	2210.29
	4735.71	0.00	12.95	2207.32
	4735.73	0.00	12.95	2209.33
	4735.74	0.00	12.94	2210.34
	4735.75	0.00	12.93	2206.36
	4735.76	0.00	12.94	2211.36
	4735.77	0.00	12.94	2213.37
	4735.79	0.00	12.94	2213.35
	4735.80	0.00	12.93	2205.35
	4735.81	0.00	12.94	2212.35
	4735.82	0.00	12.95	2211.35
	4735.83	0.00	12.94	2214.36
	4735.85	0.00	12.94	2213.36
	4735.86	0.00	13.02	2209.11
	4735.87	0.00	13.03	2214.10
	4735.88	0.00	13.03	2216.10
	4735.89	0.00	13.03	2209.11
	4735.90	0.00	13.03	2209.11
	4735.92	0.00	13.03	2209.11
	4735.93	0.00	13.03	2212.12
	4735.94	0.00	13.00	2197.13
	4735.95	0.00	12.96	2196.23
	4735.96	0.00	12.95	2194.28
	4735.97	0.00	12.96	2194.28
	4735.99	0.00	12.96	2198.29
	4736.00	0.00	12.92	2174.27
	4736.01	0.00	12.92	2177.29
	4736.02	0.00	12.93	2184.30
	4736.03	0.00	12.94	2192.32
	4736.05	0.00	12.94	2191.32
	4736.06	0.00	12.93	2193.33
	4736.07	0.00	12.94	2197.32
	4736.08	0.00	12.95	2203.31
	4736.09	0.00	12.95	2207.33
	4736.10	0.00	12.95	2210.32
	4736.12	0.00	12.96	2206.32
	4736.13	0.00	12.95	2209.33
	4736.14	0.00	12.96	2210.31
	4736.15	0.00	12.96	2208.29
	4736.16	0.00	12.96	2214.30
	4736.18	0.00	12.97	2214.30
	4736.19	0.00	12.97	2214.30
	4736.20	0.00	12.97	2215.30
	4736.21	0.00	12.97	2214.30
	4736.22	0.00	12.97	2215.31
	4736.23	0.00	12.97	2210.27
	4736.25	0.00	12.97	2209.28
	4736.26	0.00	12.97	2211.27
	4736.27	0.00	12.97	2211.28
	4736.28	0.00	12.97	2211.27
	4736.29	0.00	12.98	2211.27
	4736.31	0.00	12.97	2208.27
	4736.32	0.00	12.94	2192.27
	4736.33	0.00	12.95	2193.27
	4736.34	0.00	12.95	2194.27
	4736.35	0.00	12.95	2194.27
	4736.37	0.00	12.96	2194.25
	4736.38	0.00	12.96	2198.27
	4736.39	0.00	12.95	2194.27
	4736.40	0.00	12.95	2191.27
	4736.41	0.00	12.96	2200.28
	4736.42	0.00	12.97	2202.27
	4736.44	0.00	12.97	2203.27
	4736.45	0.00	12.99	2204.22
	4736.46	0.00	12.96	2202.30
	4736.47	0.00	12.95	2205.32
	4736.48	0.00	12.95	2206.33
	4736.50	0.00	12.98	2205.26
	4736.51	0.00	12.95	2207.34
	4736.52	0.00	12.95	2207.34
	4736.53	0.00	12.97	2209.30
	4736.54	0.00	12.97	2207.30
	4736.56	0.00	12.96	2207.33
	4736.57	0.00	12.96	2208.33
	4736.58	0.00	12.96	2208.33
	4736.59	0.00	12.96	2209.34
	4736.60	0.00	13.06	2206.04
	4736.61	0.00	13.06	2209.05
	4736.63	0.00	13.06	2207.07
	4736.64	0.00	13.05	2201.08
	4736.65	0.00	13.05	2201.08
	4736.66	0.00	13.02	2184.07
	4736.67	0.00	12.99	2187.19
	4736.68	0.00	12.98	2186.20
	4736.70	0.00	12.97	2187.23
	4736.71	0.00	12.98	2183.25
	4736.72	0.00	12.98	2185.27
	4736.73	0.00	12.93	2161.26
	4736.74	0.00	12.95	2173.28
	4736.76	0.00	12.95	2182.30
	4736.77	0.00	12.95	2181.30
	4736.78	0.00	12.95	2182.31
	4736.79	0.00	12.94	2186.31
	4736.80	0.00	12.93	2189.32
	4736.82	0.00	12.94	2188.30
	4736.83	0.00	12.96	2200.31
	4736.84	0.00	12.96	2201.31
	4736.85	0.00	12.96	2202.31
	4736.86	0.00	12.95	2202.32
	4736.87	0.00	12.95	2197.28
	4736.89	0.00	12.97	2205.29
	4736.90	0.00	12.96	2205.31
	4736.91	0.00	12.97	2206.29
	4736.92	0.00	12.97	2205.30
	4736.93	0.00	12.97	2208.30
	4736.95	0.00	12.97	2208.30
	4736.96	0.00	12.97	2206.27
	4736.97	0.00	12.97	2204.27
	4736.98	0.00	12.97	2204.27
	4736.99	0.00	12.97	2205.28
	4737.00	0.00	12.97	2206.27
	4737.02	0.00	12.98	2206.27
	4737.03	0.00	12.98	2208.26
	4737.04	0.00	12.99	2207.26
	4737.05	0.00	12.94	2188.26
	4737.06	0.00	12.95	2186.26
	4737.08	0.00	12.95	2189.27
	4737.09	0.00	12.95	2193.26
	4737.10	0.00	12.96	2192.26
	4737.11	0.00	12.96	2193.26
	4737.12	0.00	12.96	2195.26
	4737.13	0.00	12.96	2189.26
	4737.15	0.00	12.97	2197.25
	4737.16	0.00	12.98	2199.25
	4737.17	0.00	12.99	2201.25
	4737.18	0.00	12.99	2203.25
	4737.19	0.00	12.99	2202.26
	4737.21	0.00	12.97	2199.29
	4737.22	0.00	12.97	2204.32
	4737.23	0.00	12.97	2204.32
	4737.24	0.00	12.97	2206.33
	4737.25	0.00	12.97	2207.33
	4737.27	0.00	12.98	2206.29
	4737.28	0.00	12.98	2208.30
	4737.29	0.00	12.98	2209.31
	4737.30	0.00	12.97	2210.33
	4737.31	0.00	12.98	2212.32
	4737.32	0.00	13.05	2206.09
	4737.34	0.00	13.08	2210.04
	4737.35	0.00	13.07	2212.07
	4737.36	0.00	13.08	2213.06
	4737.37	0.00	13.06	2205.07
	4737.38	0.00	13.06	2204.08
	4737.39	0.00	13.06	2199.02
	4737.41	0.00	13.00	2194.16
	4737.42	0.00	12.98	2198.22
	4737.43	0.00	12.97	2197.24
	4737.44	0.00	12.98	2192.26
	4737.45	0.00	12.98	2196.26
	4737.47	0.00	12.98	2197.27
	4737.48	0.00	12.94	2176.26
	4737.49	0.00	12.95	2187.28
	4737.50	0.00	12.96	2196.30
	4737.51	0.00	12.96	2195.31
	4737.52	0.00	12.96	2199.31
	4737.54	0.00	12.94	2201.33
	4737.55	0.00	12.95	2201.32
	4737.56	0.00	12.95	2205.30
	4737.57	0.00	12.96	2211.31
	4737.58	0.00	12.96	2213.32
	4737.60	0.00	12.95	2211.33
	4737.61	0.00	12.95	2214.33
	4737.62	0.00	12.97	2212.28
	4737.63	0.00	12.97	2213.27
	4737.64	0.00	12.97	2220.30
	4737.65	0.00	12.97	2220.31
	4737.67	0.00	12.97	2221.31
	4737.68	0.00	12.96	2221.32
	4737.69	0.00	12.96	2214.29
	4737.70	0.00	12.96	2218.29
	4737.71	0.00	12.97	2219.28
	4737.73	0.00	12.97	2217.29
	4737.74	0.00	12.97	2217.29
	4737.75	0.00	12.97	2217.29
	4737.76	0.00	12.97	2217.29
	4737.77	0.00	12.93	2198.29
	4737.79	0.00	12.94	2200.28
	4737.80	0.00	12.94	2202.28
	4737.81	0.00	12.94	2202.30
	4737.82	0.00	12.95	2203.28
	4737.83	0.00	12.93	2196.28
	4737.85	0.00	12.94	2201.28
	4737.86	0.00	12.94	2200.28
	4737.87	0.00	12.96	2207.28
	4737.88	0.00	12.96	2208.28
	4737.89	0.00	12.97	2210.28
	4737.90	0.00	12.97	2206.24
	4737.91	0.00	12.94	2207.33
	4737.93	0.00	12.95	2208.33
	4737.94	0.00	12.95	2207.33
	4737.95	0.00	12.95	2207.33
	4737.96	0.00	12.95	2207.34
	4737.97	0.00	12.97	2208.30
	4737.99	0.00	12.96	2207.32
	4738.00	0.00	12.96	2207.33
	4738.01	0.00	12.96	2207.33
	4738.02	0.00	12.96	2206.33
	4738.03	0.00	12.96	2206.33
	4738.04	0.00	13.02	2205.16
	4738.06	0.00	13.06	2204.04
	4738.07	0.00	13.06	2206.07
	4738.08	0.00	13.05	2200.08
	4738.09	0.00	13.04	2200.10
	4738.10	0.00	13.05	2200.08
	4738.12	0.00	13.05	2201.08
	4738.13	0.00	13.05	2188.02
	4738.14	0.00	13.00	2185.15
	4738.15	0.00	12.97	2187.22
	4738.16	0.00	12.98	2180.24
	4738.18	0.00	12.98	2185.25
	4738.19	0.00	12.99	2185.24
	4738.20	0.00	12.95	2168.26
	4738.21	0.00	12.94	2168.27
	4738.22	0.00	12.95	2169.27
	4738.23	0.00	12.97	2176.26
	4738.25	0.00	12.97	2178.28
	4738.26	0.00	12.96	2182.29
	4738.27	0.00	12.96	2174.26
	4738.28	0.00	12.97	2188.28
	4738.29	0.00	12.97	2193.28
	4738.31	0.00	12.97	2193.28
	4738.32	0.00	12.98	2194.28
	4738.33	0.00	12.97	2194.29
	4738.34	0.00	12.97	2194.29
	4738.35	0.00	12.98	2188.24
	4738.37	0.00	13.00	2197.22
	4738.38	0.00	12.98	2198.27
	4738.39	0.00	12.99	2200.27
	4738.40	0.00	12.99	2201.27
	4738.41	0.00	12.98	2202.29
	4738.42	0.00	12.99	2200.25
	4738.44	0.00	12.99	2197.24
	4738.45	0.00	12.99	2196.24
	4738.46	0.00	12.99	2199.24
	4738.47	0.00	13.00	2199.24
	4738.48	0.00	13.00	2198.24
	4738.50	0.00	12.99	2199.24
	4738.51	0.00	12.99	2199.26
	4738.52	0.00	13.00	2199.24
	4738.53	0.00	12.95	2180.24
	4738.54	0.00	12.96	2181.24
	4738.55	0.00	12.96	2183.25
	4738.57	0.00	12.96	2185.24
	4738.58	0.00	12.96	2185.24
	4738.59	0.00	12.95	2180.24
	4738.60	0.00	12.97	2186.24
	4738.61	0.00	12.97	2185.24
	4738.62	0.00	12.97	2192.24
	4738.64	0.00	12.98	2193.24
	4738.65	0.00	12.97	2193.25
	4738.66	0.00	12.96	2193.26
	4738.67	0.00	12.96	2192.28
	4738.68	0.00	12.96	2194.29
	4738.70	0.00	12.96	2195.28
	4738.71	0.00	12.94	2194.32
	4738.72	0.00	12.94	2195.33
	4738.73	0.00	12.94	2196.34
	4738.74	0.00	12.94	2195.32
	4738.75	0.00	12.95	2199.32
	4738.77	0.00	12.94	2196.33
	4738.78	0.00	12.95	2199.33
	4738.79	0.00	12.94	2197.33
	4738.80	0.00	12.93	2200.34
	4738.81	0.00	13.01	2197.09
	4738.83	0.00	13.02	2199.07
	4738.84	0.00	13.02	2202.10
	4738.85	0.00	13.01	2196.10
	4738.86	0.00	13.01	2196.10
	4738.87	0.00	13.00	2192.11
	4738.88	0.00	13.01	2193.09
	4738.90	0.00	12.96	2185.17
	4738.91	0.00	12.93	2184.25
	4738.92	0.00	12.93	2180.28
	4738.93	0.00	12.94	2182.28
	4738.94	0.00	12.93	2186.30
	4738.96	0.00	12.89	2162.29
	4738.97	0.00	12.90	2173.31
	4738.98	0.00	12.90	2173.32
	4738.99	0.00	12.91	2179.32
	4739.00	0.00	12.91	2181.33
	4739.02	0.00	12.91	2186.33
	4739.03	0.00	12.91	2182.31
	4739.04	0.00	12.92	2191.31
	4739.05	0.00	12.93	2197.32
	4739.06	0.00	12.93	2198.33
	4739.08	0.00	12.93	2198.33
	4739.09	0.00	12.92	2198.33
	4739.10	0.00	12.93	2199.33
	4739.11	0.00	12.94	2198.30
	4739.12	0.00	12.94	2204.31
	4739.13	0.00	12.94	2205.31
	4739.14	0.00	12.94	2204.31
	4739.16	0.00	12.95	2206.31
	4739.17	0.00	12.95	2206.31
	4739.18	0.00	12.95	2206.30
	4739.19	0.00	12.95	2201.28
	4739.20	0.00	12.95	2200.28
	4739.22	0.00	12.95	2203.28
	4739.23	0.00	12.96	2204.27
	4739.24	0.00	12.96	2203.27
	4739.25	0.00	12.96	2205.27
	4739.26	0.00	12.96	2204.28
	4739.28	0.00	12.92	2184.27
	4739.29	0.00	12.93	2185.27
	4739.30	0.00	12.93	2187.27
	4739.31	0.00	12.94	2189.27
	4739.32	0.00	12.94	2198.27
	4739.33	0.00	12.94	2191.27
	4739.35	0.00	12.93	2189.27
	4739.36	0.00	12.95	2196.27
	4739.37	0.00	12.95	2196.26
	4739.38	0.00	12.96	2198.26
	4739.39	0.00	12.96	2199.26
	4739.41	0.00	12.96	2199.27
	4739.42	0.00	12.96	2198.28
	4739.43	0.00	12.95	2199.30
	4739.44	0.00	12.95	2200.31
	4739.45	0.00	12.93	2195.32
	4739.46	0.00	12.94	2201.33
	4739.48	0.00	12.93	2200.34
	4739.49	0.00	12.94	2201.32
	4739.50	0.00	12.95	2202.31
	4739.51	0.00	12.94	2204.33
	4739.52	0.00	12.94	2204.33
	4739.54	0.00	12.94	2204.33
	4739.55	0.00	12.94	2205.34
	4739.56	0.00	12.94	2206.34
	4739.57	0.00	13.04	2207.05
	4739.58	0.00	13.03	2207.08
	4739.60	0.00	13.03	2206.09
	4739.61	0.00	13.02	2201.09
	4739.62	0.00	13.02	2202.10
	4739.63	0.00	12.99	2188.11
	4739.64	0.00	12.95	2191.21
	4739.65	0.00	12.94	2188.25
	4739.67	0.00	12.95	2187.27
	4739.68	0.00	12.96	2188.25
	4739.69	0.00	12.95	2189.28
	4739.70	0.00	12.95	2188.28
	4739.71	0.00	12.91	2169.28
	4739.72	0.00	12.92	2178.31
	4739.74	0.00	12.93	2182.31
	4739.75	0.00	12.93	2187.31
	4739.76	0.00	12.93	2187.31
	4739.77	0.00	12.92	2188.33
	4739.78	0.00	12.92	2191.32
	4739.80	0.00	12.93	2188.29
	4739.81	0.00	12.94	2199.30
	4739.82	0.00	12.94	2200.32
	4739.83	0.00	12.94	2200.31
	4739.84	0.00	12.95	2199.31
	4739.86	0.00	12.94	2201.32
	4739.87	0.00	12.94	2202.33
	4739.88	0.00	12.95	2201.28
	4739.89	0.00	12.96	2205.29
	4739.90	0.00	12.96	2208.29
	4739.91	0.00	12.96	2207.29
	4739.93	0.00	12.96	2209.29
	4739.94	0.00	12.97	2208.27
	4739.95	0.00	12.96	2203.26
	4739.96	0.00	12.96	2204.27
	4739.97	0.00	12.97	2205.26
	4739.99	0.00	12.97	2204.26
	4740.00	0.00	12.97	2205.26
	4740.01	0.00	12.97	2205.26
	4740.02	0.00	12.94	2189.27
	4740.03	0.00	12.93	2186.26
	4740.04	0.00	12.93	2186.26
	4740.06	0.00	12.94	2187.26
	4740.07	0.00	12.94	2188.25
	4740.08	0.00	12.94	2190.26
	4740.09	0.00	12.94	2191.26
	4740.10	0.00	12.94	2190.26
	4740.12	0.00	12.93	2184.25
	4740.13	0.00	12.95	2192.26
	4740.14	0.00	12.95	2194.26
	4740.15	0.00	12.96	2196.26
	4740.16	0.00	12.96	2197.25
	4740.17	0.00	12.96	2196.26
	4740.19	0.00	12.94	2194.28
	4740.20	0.00	12.94	2196.31
	4740.21	0.00	12.93	2196.33
	4740.22	0.00	12.94	2200.32
	4740.23	0.00	12.93	2197.33
	4740.25	0.00	12.93	2197.33
	4740.26	0.00	12.93	2196.32
	4740.27	0.00	12.95	2201.31
	4740.28	0.00	12.94	2201.32
	4740.29	0.00	12.94	2200.33
	4740.31	0.00	12.94	2201.33
	4740.32	0.00	12.94	2202.33
	4740.33	0.00	12.94	2203.33
	4740.34	0.00	13.04	2203.05
	4740.35	0.00	13.03	2203.07
	4740.36	0.00	13.03	2205.08
	4740.38	0.00	13.02	2197.08
	4740.39	0.00	13.02	2198.09
	4740.40	0.00	13.02	2198.09
	4740.41	0.00	13.02	2196.07
	4740.42	0.00	12.98	2186.13
	4740.43	0.00	12.95	2186.22
	4740.45	0.00	12.95	2181.26
	4740.46	0.00	12.95	2185.27
	4740.47	0.00	12.96	2186.25
	4740.48	0.00	12.91	2165.27
	4740.49	0.00	12.92	2176.30
	4740.51	0.00	12.92	2177.29
	4740.52	0.00	12.92	2179.30
	4740.53	0.00	12.93	2179.30
	4740.54	0.00	12.92	2182.30
	4740.55	0.00	12.92	2185.31
	4740.57	0.00	12.92	2184.28
	4740.58	0.00	12.94	2197.30
	4740.59	0.00	12.94	2197.31
	4740.60	0.00	12.93	2193.31
	4740.61	0.00	12.94	2197.30
	4740.62	0.00	12.94	2199.31
	4740.64	0.00	12.94	2198.30
	4740.65	0.00	12.95	2199.28
	4740.66	0.00	12.96	2203.28
	4740.67	0.00	12.96	2203.28
	4740.68	0.00	12.95	2202.30
	4740.70	0.00	12.96	2202.29
	4740.71	0.00	12.96	2202.29
	4740.72	0.00	12.96	2205.29
	4740.73	0.00	12.96	2197.25
	4740.74	0.00	12.96	2202.26
	4740.75	0.00	12.96	2200.26
	4740.77	0.00	12.97	2201.26
	4740.78	0.00	12.97	2201.25
	4740.79	0.00	12.97	2201.26
	4740.80	0.00	12.94	2182.25
	4740.81	0.00	12.94	2183.25
	4740.83	0.00	12.95	2185.25
	4740.84	0.00	12.95	2185.25
	4740.85	0.00	12.95	2187.25
	4740.86	0.00	12.95	2187.25
	4740.87	0.00	12.94	2180.24
	4740.88	0.00	12.96	2186.24
	4740.90	0.00	12.97	2191.24
	4740.91	0.00	12.97	2192.24
	4740.92	0.00	12.97	2192.24
	4740.93	0.00	12.96	2192.26
	4740.94	0.00	12.98	2193.24
	4740.96	0.00	12.96	2192.28
	4740.97	0.00	12.96	2194.30
	4740.98	0.00	12.95	2192.32
	4740.99	0.00	12.96	2195.31
	4741.00	0.00	12.96	2195.31
	4741.01	0.00	12.96	2196.31
	4741.03	0.00	12.96	2196.29
	4741.04	0.00	12.97	2198.29
	4741.05	0.00	12.96	2198.30
	4741.06	0.00	12.96	2198.30
	4741.07	0.00	12.95	2198.33
	4741.09	0.00	13.04	2198.05
	4741.10	0.00	13.06	2198.02
	4741.11	0.00	13.06	2202.03
	4741.12	0.00	13.05	2201.05
	4741.13	0.00	13.04	2195.06
	4741.14	0.00	13.05	2195.06
	4741.16	0.00	13.04	2183.03
	4741.17	0.00	12.99	2183.17
	4741.18	0.00	12.98	2184.21
	4741.19	0.00	12.98	2179.22
	4741.20	0.00	12.97	2176.23
	4741.22	0.00	12.98	2183.24
	4741.23	0.00	12.99	2183.22
	4741.24	0.00	12.94	2166.25
	4741.25	0.00	12.94	2172.27
	4741.26	0.00	12.96	2177.28
	4741.27	0.00	12.96	2180.28
	4741.29	0.00	12.96	2182.28
	4741.30	0.00	12.96	2182.28
	4741.31	0.00	12.95	2179.27
	4741.32	0.00	12.97	2193.27
	4741.33	0.00	12.97	2195.28
	4741.35	0.00	12.97	2196.29
	4741.36	0.00	12.96	2196.29
	4741.37	0.00	12.98	2194.24
	4741.38	0.00	12.97	2194.25
	4741.39	0.00	12.99	2197.22
	4741.40	0.00	12.97	2200.27
	4741.42	0.00	12.98	2201.27
	4741.43	0.00	12.98	2202.27
	4741.44	0.00	12.97	2204.28
	4741.45	0.00	12.98	2204.27
	4741.46	0.00	12.98	2204.27
	4741.48	0.00	12.98	2198.24
	4741.49	0.00	13.00	2201.20
	4741.50	0.00	12.98	2199.24
	4741.51	0.00	12.98	2199.24
	4741.52	0.00	12.98	2200.24
	4741.54	0.00	12.94	2183.26
	4741.55	0.00	12.94	2185.25
	4741.56	0.00	12.94	2185.24
	4741.57	0.00	12.95	2186.24
	4741.58	0.00	12.95	2184.25
	4741.59	0.00	12.95	2184.24
	4741.61	0.00	12.95	2185.24
	4741.62	0.00	12.95	2183.24
	4741.63	0.00	12.97	2192.24
	4741.64	0.00	12.97	2191.24
	4741.65	0.00	12.97	2193.24
	4741.66	1.00	12.97	2194.24
	4741.68	1.00	12.97	2194.24
	4741.69	1.00	12.98	2191.22
	4741.70	1.00	12.96	2193.28
	4741.71	1.00	12.95	2195.30
	4741.72	1.00	12.96	2196.30
	4741.74	1.00	12.95	2196.32
	4741.75	1.00	12.95	2197.32
	4741.76	1.00	12.94	2198.32
	4741.77	1.00	12.96	2198.29
	4741.78	1.00	12.95	2197.30
	4741.79	1.00	12.95	2197.31
	4741.81	1.00	12.95	2199.31
	4741.82	1.00	12.94	2200.33
	4741.83	1.00	13.05	2205.03
	4741.84	1.00	13.04	2202.05
	4741.85	1.00	13.03	2199.07
	4741.87	1.00	13.04	2195.03
	4741.88	0.00	13.03	2197.08
	4741.89	0.00	13.02	2196.08
	4741.90	0.00	13.03	2197.08
	4741.91	0.00	13.01	2185.05
	4741.92	0.00	12.96	2186.20
	4741.94	0.00	12.95	2185.24
	4741.95	0.00	12.95	2184.26
	4741.96	0.00	12.95	2183.26
	4741.97	0.00	12.95	2184.26
	4741.98	0.00	12.95	2187.27
	4742.00	0.00	12.91	2164.27
	4742.01	0.00	12.92	2175.30
	4742.02	0.00	12.93	2180.30
	4742.03	0.00	12.94	2177.30
	4742.04	0.00	12.93	2184.30
	4742.06	0.00	12.92	2184.31
	4742.07	0.00	12.93	2187.31
	4742.08	0.00	12.93	2188.29
	4742.09	0.00	12.94	2196.29
	4742.10	0.00	12.94	2196.31
	4742.12	0.00	12.94	2198.31
	4742.13	0.00	12.94	2198.31
	4742.14	0.00	12.94	2198.30
	4742.15	0.00	12.92	2193.32
	4742.16	0.00	12.95	2199.28
	4742.17	0.00	12.95	2204.29
	4742.18	0.00	12.94	2205.31
	4742.20	0.00	12.95	2204.29
	4742.21	0.00	12.95	2204.29
	4742.22	0.00	12.95	2199.27
	4742.23	0.00	12.94	2198.28
	4742.25	0.00	12.95	2202.27
	4742.26	0.00	12.95	2202.27
	4742.27	0.00	12.95	2200.27
	4742.28	0.00	12.96	2201.25
	4742.29	0.00	12.95	2201.27
	4742.30	0.00	12.95	2200.27
	4742.32	0.00	12.91	2179.27
	4742.33	0.00	12.91	2179.28
	4742.34	0.00	12.91	2182.28
	4742.35	0.00	12.92	2184.28
	4742.36	0.00	12.92	2185.28
	4742.37	0.00	12.92	2184.28
	4742.39	0.00	12.92	2186.28
	4742.40	0.00	12.91	2183.28
	4742.41	0.00	12.93	2191.28
	4742.42	0.00	12.94	2190.27
	4742.43	0.00	12.93	2193.29
	4742.45	0.00	12.93	2191.29
	4742.46	0.00	12.94	2193.28
	4742.47	0.00	12.92	2191.32
	4742.48	0.00	12.92	2194.34
	4742.49	0.00	12.92	2192.35
	4742.50	0.00	12.91	2192.35
	4742.52	0.00	12.91	2194.37
	4742.53	0.00	12.91	2196.37
	4742.54	0.00	12.91	2196.34
	4742.55	0.00	12.91	2196.34
	4742.56	0.00	12.91	2198.35
	4742.58	0.00	12.91	2199.36
	4742.59	0.00	12.91	2201.36
	4742.60	0.00	12.95	2200.22
	4742.61	0.00	13.00	2201.09
	4742.62	0.00	13.00	2205.11
	4742.63	0.00	12.98	2197.12
	4742.65	0.00	12.98	2199.12
	4742.66	0.00	12.98	2199.13
	4742.67	0.00	12.98	2199.13
	4742.68	0.00	12.95	2187.16
	4742.69	0.00	12.92	2185.25
	4742.71	0.00	12.91	2186.26
	4742.72	0.00	12.90	2185.28
	4742.73	0.00	12.92	2183.30
	4742.74	0.00	12.91	2187.32
	4742.75	0.00	12.91	2178.28
	4742.77	0.00	12.88	2170.32
	4742.78	0.00	12.89	2178.33
	4742.79	0.00	12.90	2179.34
	4742.80	0.00	12.90	2186.35
	4742.81	0.00	12.89	2188.35
	4742.82	0.00	12.88	2182.32
	4742.84	0.00	12.90	2197.35
	4742.85	0.00	12.90	2199.34
	4742.86	0.00	12.90	2200.35
	4742.87	0.00	12.90	2199.35
	4742.88	0.00	12.90	2200.35
	4742.89	0.00	12.89	2203.36
	4742.91	0.00	12.89	2202.36
	4742.92	0.00	12.90	2201.32
	4742.93	0.00	12.92	2205.31
	4742.94	0.00	12.91	2209.33
	4742.95	0.00	12.91	2208.33
	4742.97	0.00	12.91	2209.33
	4742.98	0.00	12.91	2208.34
	4742.99	0.00	12.91	2203.31
	4743.00	0.00	12.91	2202.31
	4743.01	0.00	12.91	2206.31
	4743.02	0.00	12.91	2207.32
	4743.04	0.00	12.91	2204.30
	4743.05	0.00	12.91	2206.31
	4743.06	0.00	12.91	2206.31
	4743.07	0.00	12.88	2187.32
	4743.08	0.00	12.88	2190.31
	4743.10	0.00	12.88	2192.31
	4743.11	0.00	12.88	2191.31
	4743.12	0.00	12.88	2192.32
	4743.13	0.00	12.89	2192.31
	4743.14	0.00	12.89	2192.31
	4743.16	0.00	12.89	2192.31
	4743.17	0.00	12.89	2188.30
	4743.18	0.00	12.90	2196.30
	4743.19	0.00	12.91	2198.30
	4743.20	0.00	12.91	2198.30
	4743.21	0.00	12.91	2198.31
	4743.23	0.00	12.92	2200.30
	4743.24	0.00	12.92	2200.29
	4743.25	0.00	12.89	2198.34
	4743.26	0.00	12.89	2201.36
	4743.27	0.00	12.89	2200.37
	4743.29	0.00	12.89	2200.37
	4743.30	0.00	12.89	2202.38
	4743.31	0.00	12.89	2202.38
	4743.32	0.00	12.90	2200.35
	4743.33	0.00	12.90	2205.36
	4743.35	0.00	12.90	2203.36
	4743.36	0.00	12.90	2204.37
	4743.37	0.00	12.90	2205.37
	4743.38	0.00	12.94	2203.25
	4743.39	0.00	13.02	2204.04
	4743.40	0.00	13.00	2207.10
	4743.42	0.00	12.99	2203.11
	4743.43	0.00	12.98	2201.12
	4743.44	0.00	12.98	2200.12
	4743.45	0.00	12.97	2188.10
	4743.46	0.00	12.93	2187.22
	4743.47	0.00	12.92	2187.25
	4743.49	0.00	12.91	2186.28
	4743.50	0.00	12.92	2181.28
	4743.51	0.00	12.92	2183.29
	4743.52	0.00	12.93	2186.30
	4743.53	0.00	12.88	2161.29
	4743.55	0.00	12.90	2172.31
	4743.56	0.00	12.90	2176.32
	4743.57	0.00	12.91	2177.33
	4743.58	0.00	12.90	2176.35
	4743.59	0.00	12.91	2180.33
	4743.60	0.00	12.91	2183.34
	4743.62	0.00	12.91	2181.31
	4743.63	0.00	12.91	2187.32
	4743.64	0.00	12.93	2193.32
	4743.65	0.00	12.93	2194.33
	4743.66	0.00	12.93	2195.33
	4743.68	0.00	12.93	2194.34
	4743.69	0.00	12.93	2194.33
	4743.70	0.00	12.93	2189.29
	4743.71	0.00	12.94	2195.30
	4743.72	0.00	12.95	2200.30
	4743.74	0.00	12.94	2198.31
	4743.75	0.00	12.94	2199.31
	4743.76	0.00	12.94	2200.31
	4743.77	0.00	12.94	2199.31
	4743.78	0.00	12.94	2199.31
	4743.79	0.00	12.94	2193.28
	4743.81	0.00	12.95	2197.27
	4743.82	0.00	12.95	2198.28
	4743.83	0.00	12.95	2197.28
	4743.84	0.00	12.95	2196.27
	4743.85	0.00	12.95	2197.27
	4743.87	0.00	12.95	2196.28
	4743.88	0.00	12.92	2179.27
	4743.89	0.00	12.91	2177.27
	4743.90	0.00	12.92	2182.27
	4743.91	0.00	12.92	2181.27
	4743.92	0.00	12.92	2181.27
	4743.94	0.00	12.93	2183.27
	4743.95	0.00	12.92	2176.26
	4743.96	0.00	12.94	2186.27
	4743.97	0.00	12.94	2186.27
	4743.98	0.00	12.94	2189.27
	4744.00	0.00	12.94	2189.28
	4744.01	0.00	12.95	2191.27
	4744.02	0.00	12.96	2190.23
	4744.03	0.00	12.93	2189.29
	4744.04	0.00	12.93	2187.30
	4744.05	0.00	12.93	2188.31
	4744.07	0.00	12.93	2191.32
	4744.08	0.00	12.92	2192.34
	4744.09	0.00	12.93	2193.34
	4744.10	0.00	12.93	2194.35
	4744.11	0.00	12.94	2191.31
	4744.13	0.00	12.94	2193.32
	4744.14	0.00	12.95	2193.29
	4744.15	0.00	12.94	2195.33
	4744.16	0.00	12.93	2195.34
	4744.17	0.00	12.93	2197.34
	4744.18	0.00	13.05	2196.01
	4744.20	0.00	13.03	2198.07
	4744.21	0.00	13.02	2193.08
	4744.22	0.00	13.02	2193.09
	4744.23	0.00	13.01	2194.10
	4744.24	0.00	13.02	2193.10
	4744.26	0.00	13.00	2180.05
	4744.27	0.00	12.95	2180.19
	4744.28	0.00	12.94	2181.24
	4744.29	0.00	12.94	2177.27
	4744.30	0.00	12.95	2178.27
	4744.31	0.00	12.95	2181.27
	4744.33	0.00	12.90	2159.29
	4744.34	0.00	12.91	2170.30
	4744.35	0.00	12.92	2171.30
	4744.36	0.00	12.92	2172.30
	4744.37	0.00	12.92	2171.31
	4744.39	0.00	12.92	2176.32
	4744.40	0.00	12.92	2177.32
	4744.41	0.00	12.92	2172.28
	4744.42	0.00	12.93	2185.30
	4744.43	0.00	12.94	2188.30
	4744.44	0.00	12.94	2192.31
	4744.46	0.00	12.94	2190.30
	4744.47	0.00	12.93	2192.32
	4744.48	0.00	12.93	2192.32
	4744.49	0.00	12.94	2185.27
	4744.50	0.00	12.94	2193.30
	4744.52	0.00	12.95	2197.29
	4744.53	0.00	12.95	2196.29
	4744.54	0.00	12.95	2194.29
	4744.55	0.00	12.95	2197.31
	4744.56	0.00	12.95	2198.30
	4744.57	0.00	12.95	2198.30
	4744.59	0.00	12.95	2192.27
	4744.60	0.00	12.96	2195.26
	4744.61	0.00	12.96	2196.27
	4744.62	0.00	12.95	2195.27
	4744.63	0.00	12.96	2195.27
	4744.65	0.00	12.96	2194.27
	4744.66	0.00	12.96	2197.27
	4744.67	0.00	12.92	2175.27
	4744.68	0.00	12.92	2179.27
	4744.69	0.00	12.92	2180.27
	4744.71	0.00	12.92	2181.27
	4744.72	0.00	12.92	2181.27
	4744.73	0.00	12.93	2182.27
	4744.74	0.00	12.93	2182.27
	4744.75	0.00	12.91	2175.27
	4744.76	0.00	12.93	2184.27
	4744.78	0.00	12.94	2190.27
	4744.79	0.00	12.94	2191.28
	4744.80	0.00	12.94	2191.27
	4744.81	0.00	12.94	2190.26
	4744.82	0.00	12.93	2190.29
	4744.84	0.00	12.93	2191.31
	4744.85	0.00	12.92	2190.33
	4744.86	0.00	12.92	2192.34
	4744.87	0.00	12.92	2193.35
	4744.88	0.00	12.92	2191.33
	4744.89	0.00	12.94	2197.31
	4744.91	0.00	12.93	2195.33
	4744.92	0.00	12.93	2195.33
	4744.93	0.00	12.92	2196.34
	4744.94	0.00	12.92	2197.34
	4744.95	0.00	12.92	2197.35
	4744.97	0.00	12.97	2200.19
	4744.98	0.00	13.01	2199.07
	4744.99	0.00	13.00	2201.09
	4745.00	0.00	13.00	2201.09
	4745.01	0.00	13.00	2198.09
	4745.02	0.00	13.00	2196.10
	4745.04	0.00	12.99	2197.11
	4745.05	0.00	12.99	2186.06
	4745.06	0.00	12.94	2184.17
	4745.07	0.00	12.92	2184.23
	4745.08	0.00	12.91	2184.26
	4745.10	0.00	12.92	2180.27
	4745.11	0.00	12.92	2181.29
	4745.12	0.00	12.92	2184.29
	4745.13	0.00	12.88	2160.28
	4745.14	0.00	12.89	2172.31
	4745.15	0.00	12.90	2176.30
	4745.17	0.00	12.90	2177.33
	4745.18	0.00	12.90	2180.33
	4745.19	0.00	12.89	2181.34
	4745.20	0.00	12.89	2182.34
	4745.21	0.00	12.89	2187.34
	4745.23	0.00	12.88	2177.31
	4745.24	0.00	12.90	2191.32
	4745.25	0.00	12.90	2195.34
	4745.26	0.00	12.91	2197.34
	4745.27	0.00	12.90	2196.34
	4745.28	0.00	12.90	2197.35
	4745.30	0.00	12.90	2197.35
	4745.31	0.00	12.89	2195.35
	4745.32	0.00	12.91	2199.32
	4745.33	0.00	12.92	2205.33
	4745.34	0.00	12.91	2204.33
	4745.36	0.00	12.91	2206.33
	4745.37	0.00	12.91	2207.34
	4745.38	0.00	12.91	2204.31
	4745.39	0.00	12.90	2203.33
	4745.40	0.00	12.90	2202.31
	4745.41	0.00	12.90	2202.32
	4745.43	0.00	12.90	2204.32
	4745.44	0.00	12.91	2204.31
	4745.45	0.00	12.91	2205.32
	4745.46	0.00	12.90	2205.32
	4745.47	0.00	12.90	2206.33
	4745.49	0.00	12.86	2190.34
	4745.50	0.00	12.86	2186.32
	4745.51	0.00	12.86	2188.32
	4745.52	0.00	12.86	2191.33
	4745.53	0.00	12.86	2191.34
	4745.54	0.00	12.86	2192.33
	4745.56	0.00	12.85	2191.33
	4745.57	0.00	12.85	2190.33
	4745.58	0.00	12.86	2196.33
	4745.59	0.00	12.85	2193.33
	4745.60	0.00	12.86	2196.33
	4745.62	0.00	12.86	2197.33
	4745.63	0.00	12.85	2196.34
	4745.64	0.00	12.85	2198.35
	4745.65	0.00	12.83	2197.38
	4745.66	0.00	12.83	2199.40
	4745.67	0.00	12.82	2200.41
	4745.69	0.00	12.82	2203.41
	4745.70	0.00	12.81	2201.41
	4745.71	0.00	12.81	2204.42
	4745.72	0.00	12.81	2207.39
	4745.73	0.00	12.80	2208.40
	4745.75	0.00	12.79	2209.41
	4745.76	0.00	12.79	2212.42
	4745.77	0.00	12.77	2209.43
	4745.78	0.00	12.77	2209.43
	4745.79	0.00	12.75	2214.44
	4745.81	0.00	12.81	2212.22
	4745.82	0.00	12.74	2241.20
	4745.83	0.00	12.72	2254.22
	4745.84	0.00	12.66	2264.24
	4745.85	0.00	12.63	2268.26
	4745.87	0.00	12.62	2267.29
	4745.88	0.00	12.59	2261.29
	4745.89	0.00	12.58	2273.30
	4745.90	0.00	12.54	2264.32
	4745.91	0.00	12.48	2264.44
	4745.92	0.00	12.46	2263.47
	4745.93	0.00	12.46	2261.50
	4745.95	0.00	12.45	2264.51
	4745.96	0.00	12.45	2264.51
	4745.97	0.00	12.41	2240.49
	4745.98	0.00	12.40	2243.53
	4746.00	0.00	12.41	2248.55
	4746.01	0.00	12.43	2247.55
	4746.02	0.00	12.44	2242.55
	4746.03	0.00	12.46	2231.55
	4746.04	0.00	12.52	2209.50
	4746.05	0.00	12.58	2196.50
	4746.06	0.00	12.65	2178.49
	4746.08	0.00	12.69	2172.49
	4746.09	0.00	12.73	2160.48
	4746.10	0.00	12.75	2155.46
	4746.11	0.00	12.75	2154.44
	4746.12	0.00	12.78	2139.37
	4746.14	0.00	12.81	2132.34
	4746.15	0.00	12.87	2120.29
	4746.16	0.00	12.93	2110.23
	4746.17	0.00	12.97	2103.16
	4746.18	0.00	13.02	2100.11
	4746.19	0.00	13.04	2104.07
	4746.21	0.00	13.05	2107.05
	4746.22	0.00	13.11	2137.04
	4746.23	0.00	13.13	2144.03
	4746.24	0.00	13.14	2145.01
	4746.25	0.00	13.15	2150.00
	4746.27	0.00	13.17	2153.98
	4746.28	0.00	13.17	2154.98
	4746.29	0.00	13.19	2154.93
	4746.30	0.00	13.20	2156.92
	4746.31	0.00	13.20	2159.92
	4746.33	0.00	13.21	2163.93
	4746.34	0.00	13.22	2165.92
	4746.35	0.00	13.22	2164.91
	4746.36	0.00	13.23	2163.90
	4746.37	0.00	13.23	2163.89
	4746.38	0.00	13.24	2166.88
	4746.40	0.00	13.21	2151.88
	4746.41	0.00	13.22	2152.87
	4746.42	0.00	13.23	2158.86
	4746.43	0.00	13.24	2157.85
	4746.44	0.00	13.24	2155.84
	4746.46	0.00	13.24	2149.82
	4746.47	0.00	13.25	2149.80
	4746.48	0.00	13.26	2149.80
	4746.49	0.00	13.26	2145.78
	4746.50	0.00	13.28	2151.76
	4746.51	0.00	13.29	2149.74
	4746.53	0.00	13.29	2150.73
	4746.54	0.00	13.31	2152.72
	4746.55	0.00	13.31	2149.70
	4746.56	0.00	13.30	2145.70
	4746.57	0.00	13.30	2151.73
	4746.58	0.00	13.31	2158.73
	4746.60	0.00	13.31	2166.76
	4746.61	0.00	13.30	2163.77
	4746.62	0.00	13.31	2171.76
	4746.63	0.00	13.32	2174.76
	4746.64	0.00	13.28	2175.85
	4746.66	0.00	13.14	2182.03
	4746.67	0.00	12.92	2235.31
	4746.68	0.00	12.65	2309.53
	4746.69	0.00	12.41	2391.67
	4746.70	0.00	12.30	2431.74
	4746.71	0.00	12.24	2466.76
	4746.73	0.00	12.20	2495.78
	4746.74	0.00	12.15	2529.78
	4746.75	0.00	12.13	2579.83
	4746.76	0.00	12.11	2579.84
	4746.77	0.00	12.13	2579.75
	4746.79	0.00	12.14	2584.75
	4746.80	0.00	12.14	2587.86
	4746.81	0.00	12.17	2586.87
	4746.82	0.00	12.22	2576.85
	4746.83	0.00	12.27	2572.84
	4746.85	0.00	12.32	2560.81
	4746.86	0.00	12.38	2542.76
	4746.87	0.00	12.42	2529.74
	4746.88	0.00	12.47	2511.73
	4746.89	0.00	12.51	2498.67
	4746.90	0.00	12.54	2481.67
	4746.92	0.00	12.57	2467.66
	4746.93	0.00	12.58	2457.65
	4746.94	0.00	12.60	2440.65
	4746.95	0.00	12.61	2429.65
	4746.96	0.00	12.62	2420.65
	4746.98	0.00	12.68	2407.64
	4746.99	0.00	12.79	2386.64
	4747.00	0.00	12.88	2379.59
	4747.01	0.00	12.94	2380.57
	4747.02	0.00	13.03	2377.55
	4747.04	0.00	13.08	2386.53
	4747.05	0.00	13.11	2391.51
	4747.06	0.00	13.16	2399.49
	4747.07	0.00	13.23	2401.46
	4747.08	0.00	13.26	2410.43
	4747.10	0.00	13.33	2415.37
	4747.11	0.00	13.41	2427.35
	4747.12	0.00	13.47	2434.28
	4747.13	0.00	13.64	2456.19
	4747.14	0.00	13.77	2466.06
	4747.15	0.00	13.83	2478.06
	4747.16	0.00	13.92	2491.97
	4747.18	0.00	14.08	2525.95
	4747.19	0.00	14.20	2542.86
	4747.20	0.00	14.27	2553.81
	4747.21	0.00	14.33	2559.78
	4747.22	0.00	14.41	2564.72
	4747.24	0.00	14.46	2558.67
	4747.25	0.00	14.48	2556.64
	4747.26	0.00	14.55	2535.41
	4747.27	0.00	14.47	2493.38
	4747.28	0.00	14.38	2441.31
	4747.29	0.00	14.28	2374.19
	4747.31	0.00	14.05	2289.18
	4747.32	0.00	13.83	2195.28
	4747.33	0.00	13.55	2117.39
	4747.34	0.00	13.30	2064.51
	4747.35	0.00	13.15	2025.64
	4747.37	0.00	13.09	2033.77
	4747.38	0.00	13.12	2062.81
	4747.39	0.00	13.15	2072.82
	4747.40	0.00	13.18	2098.81
	4747.41	0.00	13.20	2109.82
	4747.42	0.00	13.21	2112.82
	4747.44	0.00	13.22	2117.81
	4747.45	0.00	13.22	2124.81
	4747.46	0.00	13.23	2109.72
	4747.47	0.00	13.25	2121.75
	4747.48	0.00	13.24	2126.75
	4747.50	0.00	13.26	2128.74
	4747.51	0.00	13.27	2133.74
	4747.52	0.00	13.26	2134.73
	4747.53	0.00	13.27	2142.73
	4747.54	0.00	13.27	2143.72
	4747.56	0.00	13.31	2159.69
	4747.57	0.00	13.31	2164.70
	4747.58	0.00	13.32	2164.70
	4747.59	0.00	13.32	2167.70
	4747.60	0.00	13.32	2167.70
	4747.61	0.00	13.33	2168.67
	4747.63	0.00	13.33	2170.68
	4747.64	0.00	13.33	2170.68
	4747.65	0.00	13.33	2169.68
	4747.66	0.00	13.34	2168.65
	4747.67	0.00	13.35	2183.67
	4747.68	0.00	13.35	2183.67
	4747.70	0.00	13.35	2183.67
	4747.71	0.00	13.35	2184.67
	4747.72	0.00	13.35	2186.68
	4747.73	0.00	13.35	2185.67
	4747.74	0.00	13.35	2189.68
	4747.75	0.00	13.35	2189.68
	4747.77	0.00	13.38	2190.61
	4747.78	0.00	13.38	2195.61
	4747.79	0.00	13.28	2200.80
	4747.80	0.00	12.93	2259.11
	4747.81	0.00	12.41	2390.50
	4747.83	0.00	11.96	2559.70
	4747.84	0.00	11.90	2589.74
	4747.85	0.00	12.07	2549.68
	4747.86	0.00	12.06	2558.68
	4747.87	0.00	12.02	2613.71
	4747.88	0.00	12.01	2693.77
	4747.90	0.00	12.06	2704.78
	4747.91	0.00	12.11	2740.80
	4747.92	0.00	12.13	2749.84
	4747.93	0.00	12.20	2777.83
	4747.94	0.00	12.25	2762.85
	4747.96	0.00	12.29	2737.84
	4747.97	0.00	12.33	2694.83
	4747.98	0.00	12.38	2665.78
	4747.99	0.00	12.46	2633.76
	4748.00	0.00	12.55	2605.73
	4748.02	0.00	12.64	2572.70
	4748.03	0.00	12.74	2547.66
	4748.04	0.00	12.96	2498.48
	4748.05	0.00	13.12	2455.45
	4748.06	0.00	13.20	2437.40
	4748.08	0.00	13.25	2435.33
	4748.09	0.00	13.24	2420.38
	4748.10	0.00	13.30	2414.29
	4748.11	0.00	13.41	2403.10
	4748.12	0.00	13.44	2398.03
	4748.13	0.00	13.46	2390.98
	4748.15	0.00	13.47	2399.89
	4748.16	0.00	13.50	2379.87
	4748.17	0.00	13.51	2372.85
	4748.18	0.00	13.51	2363.84
	4748.19	0.00	13.52	2362.83
	4748.20	0.00	13.53	2356.80
	4748.22	0.00	13.55	2358.78
	4748.23	0.00	13.58	2366.78
	4748.24	0.00	13.61	2376.78
	4748.25	0.00	13.64	2392.79
	4748.26	0.00	13.76	2421.80
	4748.28	0.00	13.81	2447.80
	4748.29	0.00	13.87	2463.79
	4748.30	0.00	13.93	2476.77
	4748.31	0.00	14.06	2508.74
	4748.32	0.00	14.11	2514.68
	4748.33	0.00	14.16	2524.64
	4748.35	0.00	14.20	2527.60
	4748.36	0.00	14.23	2537.59
	4748.37	0.00	14.24	2533.53
	4748.38	0.00	14.23	2500.46
	4748.39	0.00	14.20	2468.44
	4748.41	0.00	14.17	2448.41
	4748.42	0.00	14.09	2410.31
	4748.43	0.00	14.09	2366.19
	4748.44	0.00	13.99	2323.26
	4748.45	0.00	13.80	2268.41
	4748.46	0.00	13.61	2217.49
	4748.48	0.00	13.36	2154.55
	4748.49	0.00	13.26	2129.67
	4748.50	0.00	13.21	2120.70
	4748.51	0.00	13.20	2119.70
	4748.52	0.00	13.20	2118.69
	4748.54	0.00	13.26	2129.64
	4748.55	0.00	13.23	2123.71
	4748.56	0.00	13.16	2083.78
	4748.57	0.00	13.15	2071.78
	4748.58	0.00	13.15	2075.81
	4748.60	0.00	13.15	2078.82
	4748.61	0.00	13.15	2079.83
	4748.62	0.00	13.15	2082.84
	4748.63	0.00	13.15	2082.84
	4748.64	0.00	13.17	2082.78
	4748.65	0.00	13.17	2084.79
	4748.66	0.00	13.17	2087.80
	4748.68	0.00	13.18	2089.80
	4748.69	0.00	13.24	2127.75
	4748.70	0.00	13.25	2129.75
	4748.71	0.00	13.24	2131.76
	4748.72	0.00	13.25	2137.75
	4748.74	0.00	13.36	2140.47
	4748.75	0.00	13.37	2145.48
	4748.76	0.00	13.38	2147.47
	4748.77	0.00	13.36	2146.50
	4748.78	0.00	13.36	2145.50
	4748.79	0.00	13.36	2144.51
	4748.81	0.00	13.36	2142.51
	4748.82	0.00	13.34	2138.52
	4748.83	0.00	13.27	2129.67
	4748.84	0.00	13.26	2130.71
	4748.85	0.00	13.26	2138.72
	4748.87	0.00	13.26	2137.72
	4748.88	0.00	13.28	2138.71
	4748.89	0.00	13.28	2139.71
	4748.90	0.00	13.29	2143.71
	4748.91	0.00	13.31	2152.67
	4748.92	0.00	13.30	2147.66
	4748.94	0.00	13.31	2151.66
	4748.95	0.00	13.31	2153.67
	4748.96	0.00	13.31	2153.66
	4748.97	0.00	13.23	2168.85
	4748.98	0.00	12.84	2245.22
	4749.00	0.00	12.35	2409.59
	4749.01	0.00	11.93	2565.80
	4749.02	0.00	11.97	2571.82
	4749.03	0.00	11.96	2590.82
	4749.04	0.00	11.96	2601.81
	4749.05	0.00	11.97	2635.83
	4749.07	0.00	12.00	2679.87
	4749.08	0.00	12.03	2688.87
	4749.09	0.00	12.08	2710.89
	4749.10	0.00	12.14	2724.89
	4749.11	0.00	12.18	2735.88
	4749.13	0.00	12.24	2714.81
	4749.14	0.00	12.31	2690.78
	4749.15	0.00	12.40	2654.75
	4749.16	0.00	12.50	2595.72
	4749.17	0.00	12.58	2568.69
	4749.19	0.00	12.64	2556.68
	4749.20	0.00	12.81	2492.64
	4749.21	0.00	12.91	2455.62
	4749.22	0.00	13.02	2426.58
	4749.23	0.00	13.10	2419.54
	4749.25	0.00	13.15	2415.51
	4749.26	0.00	13.21	2410.45
	4749.27	0.00	13.25	2401.44
	4749.28	0.00	13.30	2397.41
	4749.29	0.00	13.35	2392.36
	4749.30	0.00	13.40	2393.27
	4749.32	0.00	13.49	2390.11
	4749.33	0.00	13.53	2388.04
	4749.34	0.00	13.52	2374.03
	4749.35	0.00	13.45	2317.10
	4749.36	0.00	13.59	2335.97
	4749.37	0.00	13.62	2340.93
	4749.39	0.00	13.66	2350.92
	4749.40	0.00	13.69	2354.92
	4749.41	0.00	13.73	2363.88
	4749.42	0.00	13.70	2361.98
	4749.43	0.00	13.71	2366.98
	4749.45	0.00	13.77	2367.92
	4749.46	0.00	13.76	2363.95
	4749.47	0.00	13.78	2359.90
	4749.48	0.00	13.79	2357.88
	4749.49	0.00	13.81	2365.87
	4749.50	0.00	13.82	2368.86
	4749.52	0.00	13.85	2375.84
	4749.53	0.00	13.89	2385.80
	4749.54	0.00	13.98	2409.80
	4749.55	0.00	13.92	2389.77
	4749.56	0.00	14.01	2401.72
	4749.58	0.00	13.93	2366.69
	4749.59	0.00	13.92	2351.68
	4749.60	0.00	13.94	2340.63
	4749.61	0.00	13.99	2323.46
	4749.62	0.00	14.00	2297.37
	4749.63	0.00	13.97	2268.31
	4749.65	0.00	13.91	2240.32
	4749.66	0.00	13.78	2196.40
	4749.67	0.00	13.59	2152.52
	4749.68	0.00	13.27	2077.66
	4749.69	0.00	13.18	2053.72
	4749.71	0.00	13.11	2042.79
	4749.72	0.00	13.09	2045.82
	4749.73	0.00	13.08	2043.82
	4749.74	0.00	13.14	2065.79
	4749.75	0.00	13.11	2051.79
	4749.77	0.00	13.12	2054.79
	4749.78	0.00	13.14	2062.78
	4749.79	0.00	13.15	2066.78
	4749.80	0.00	13.19	2070.72
	4749.81	0.00	13.14	2061.79
	4749.83	0.00	13.17	2073.79
	4749.84	0.00	13.17	2075.78
	4749.85	0.00	13.18	2077.78
	4749.86	0.00	13.18	2074.77
	4749.87	0.00	13.19	2079.77
	4749.88	0.00	13.20	2084.76
	4749.89	0.00	13.20	2085.75
	4749.91	0.00	13.19	2078.75
	4749.92	0.00	13.20	2086.77
	4749.93	0.00	13.19	2086.80
	4749.94	0.00	13.17	2086.83
	4749.95	0.00	13.18	2087.81
	4749.97	0.00	13.19	2088.80
	4749.98	0.00	13.19	2087.80
	4749.99	0.00	13.20	2090.78
	4750.00	0.00	13.21	2092.79
	4750.01	0.00	13.21	2099.80
	4750.02	0.00	13.22	2105.80
	4750.04	0.00	13.23	2108.78
	4750.05	0.00	13.23	2108.77
	4750.06	0.00	13.24	2108.74
	4750.07	0.00	13.27	2111.67
	4750.08	0.00	13.27	2115.68
	4750.10	0.00	13.34	2160.61
	4750.11	0.00	13.36	2168.59
	4750.12	0.00	13.35	2170.61
	4750.13	0.00	13.33	2175.67
	4750.14	0.00	13.33	2178.67
	4750.15	0.00	13.33	2182.68
	4750.17	0.00	13.33	2185.68
	4750.18	0.00	13.34	2187.67
	4750.19	0.00	13.35	2189.67
	4750.20	0.00	13.15	2209.03
	4750.21	0.00	12.68	2224.51
	4750.22	0.00	12.32	2415.75
	4750.24	0.00	11.96	2546.01
	4750.25	0.00	11.99	2558.05
	4750.26	0.00	11.99	2566.02
	4750.27	0.00	11.98	2578.01
	4750.28	0.00	11.91	2618.00
	4750.30	0.00	11.83	2654.03
	4750.31	0.00	11.83	2682.02
	4750.32	0.00	11.87	2699.00
	4750.33	0.00	11.95	2720.98
	4750.34	0.00	11.99	2713.97
	4750.35	0.00	12.05	2708.95
	4750.37	0.00	12.13	2688.92
	4750.38	0.00	12.21	2670.89
	4750.39	0.00	12.31	2639.86
	4750.40	0.00	12.42	2609.77
	4750.41	0.00	12.52	2578.75
	4750.43	0.00	12.62	2549.71
	4750.44	0.00	12.70	2520.67
	4750.45	0.00	12.78	2488.63
	4750.46	0.00	12.98	2424.63
	4750.47	0.00	13.10	2392.57
	4750.48	0.00	13.14	2381.54
	4750.50	0.00	13.16	2371.50
	4750.51	0.00	13.17	2373.48
	4750.52	0.00	13.19	2370.46
	4750.53	0.00	13.24	2365.42
	4750.54	0.00	13.27	2371.39
	4750.56	0.00	13.29	2377.38
	4750.57	0.00	13.29	2382.41
	4750.58	0.00	13.31	2383.40
	4750.59	0.00	13.34	2393.38
	4750.60	0.00	13.37	2398.34
	4750.62	0.00	13.40	2405.33
	4750.63	0.00	13.46	2412.26
	4750.64	0.00	13.50	2422.24
	4750.65	0.00	13.56	2423.13
	4750.66	0.00	13.65	2435.97
	4750.67	0.00	13.76	2461.97
	4750.69	0.00	13.80	2465.94
	4750.70	0.00	13.85	2476.90
	4750.71	0.00	13.88	2481.88
	4750.72	0.00	14.02	2514.88
	4750.73	0.00	14.09	2524.86
	4750.75	0.00	14.16	2527.81
	4750.76	0.00	14.20	2530.83
	4750.77	0.00	14.24	2520.77
	4750.78	0.00	14.26	2506.76
	4750.79	0.00	14.29	2497.72
	4750.80	0.00	14.27	2477.73
	4750.82	0.00	14.21	2424.71
	4750.83	0.00	14.18	2392.63
	4750.84	0.00	14.15	2350.47
	4750.85	0.00	13.96	2285.45
	4750.86	0.00	13.89	2256.43
	4750.87	0.00	13.70	2207.53
	4750.89	0.00	13.32	2103.67
	4750.90	0.00	13.19	2076.80
	4750.91	0.00	13.11	2055.87
	4750.92	0.00	13.09	2056.87
	4750.93	0.00	13.08	2055.90
	4750.95	0.00	13.14	2069.82
	4750.96	0.00	13.14	2074.85
	4750.97	0.00	13.17	2081.84
	4750.98	0.00	13.18	2088.84
	4750.99	0.00	13.19	2093.83
	4751.00	0.00	13.20	2096.82
	4751.02	0.00	13.21	2099.82
	4751.03	0.00	13.21	2101.82
	4751.04	0.00	13.22	2101.81
	4751.05	0.00	13.22	2104.81
	4751.06	0.00	13.22	2102.81
	4751.08	0.00	13.22	2104.81
	4751.09	0.00	13.25	2103.73
	4751.10	0.00	13.23	2107.78
	4751.11	0.00	13.23	2109.78
	4751.12	0.00	13.23	2110.78
	4751.13	0.00	13.24	2110.77
	4751.15	0.00	13.24	2114.78
	4751.16	0.00	13.24	2110.78
	4751.17	0.00	13.24	2111.77
	4751.18	0.00	13.24	2110.78
	4751.19	0.00	13.21	2095.77
	4751.21	0.00	13.21	2096.77
	4751.22	0.00	13.23	2098.73
	4751.23	0.00	13.21	2096.76
	4751.24	0.00	13.23	2102.75
	4751.25	0.00	13.23	2101.75
	4751.27	0.00	13.23	2103.76
	4751.28	0.00	13.23	2100.75
	4751.29	0.00	13.25	2106.73
	4751.30	0.00	13.24	2106.73
	4751.31	0.00	13.24	2106.74
	4751.32	0.00	13.24	2109.73
	4751.34	0.00	13.30	2144.67
	4751.35	0.00	13.30	2150.67
	4751.36	0.00	13.29	2153.71
	4751.37	0.00	13.29	2159.73
	4751.38	0.00	13.29	2159.73
	4751.39	0.00	13.29	2163.73
	4751.41	0.00	13.28	2165.76
	4751.42	0.00	13.02	2206.07
	4751.43	0.00	12.50	2346.40
	4751.44	0.00	12.14	2499.60
	4751.45	0.00	11.90	2585.77
	4751.46	0.00	11.86	2615.81
	4751.48	0.00	11.89	2626.80
	4751.49	0.00	11.93	2629.79
	4751.50	0.00	11.96	2665.81
	4751.51	0.00	12.00	2670.74
	4751.52	0.00	12.06	2682.70
	4751.54	0.00	12.10	2690.70
	4751.55	0.00	12.14	2696.70
	4751.56	0.00	12.14	2683.79
	4751.57	0.00	12.21	2680.80
	4751.58	0.00	12.29	2667.77
	4751.60	0.00	12.36	2649.76
	4751.61	0.00	12.45	2626.67
	4751.62	0.00	12.52	2606.64
	4751.63	0.00	12.62	2587.61
	4751.64	0.00	12.70	2568.59
	4751.65	0.00	12.78	2546.53
	4751.67	0.00	12.88	2528.46
	4751.68	0.00	13.07	2475.43
	4751.69	0.00	13.22	2438.40
	4751.70	0.00	13.32	2421.33
	4751.71	0.00	13.36	2423.24
	4751.73	0.00	13.41	2424.11
	4751.74	0.00	13.48	2429.96
	4751.75	0.00	13.50	2455.89
	4751.76	0.00	13.52	2459.83
	4751.77	0.00	13.53	2463.82
	4751.78	0.00	13.57	2465.73
	4751.80	0.00	13.58	2467.72
	4751.81	0.00	13.68	2489.70
	4751.82	0.00	13.69	2489.68
	4751.83	0.00	13.72	2498.69
	4751.84	0.00	13.72	2483.71
	4751.85	0.00	13.76	2461.69
	4751.87	0.00	13.77	2454.69
	4751.88	0.00	13.88	2479.70
	4751.89	0.00	13.94	2485.69
	4751.90	0.00	13.99	2491.70
	4751.91	0.00	14.07	2503.69
	4751.93	0.00	14.12	2512.68
	4751.94	0.00	14.22	2515.63
	4751.95	0.00	14.28	2529.63
	4751.96	0.00	14.34	2540.60
	4751.97	0.00	14.42	2558.56
	4751.98	0.00	14.45	2557.55
	4752.00	0.00	14.49	2561.52
	4752.01	0.00	14.51	2561.51
	4752.02	0.00	14.51	2554.48
	4752.03	0.00	14.46	2542.49
	4752.04	0.00	14.40	2524.51
	4752.06	0.00	14.35	2506.48
	4752.07	0.00	14.25	2459.42
	4752.08	0.00	14.14	2410.40
	4752.09	0.00	13.96	2344.36
	4752.10	0.00	13.84	2271.27
	4752.12	0.00	13.60	2203.40
	4752.13	0.00	13.38	2153.47
	4752.14	0.00	13.31	2133.54
	4752.15	0.00	13.27	2126.58
	4752.16	0.00	13.27	2127.59
	4752.17	0.00	13.31	2143.58
	4752.19	0.00	13.31	2143.58
	4752.20	0.00	13.32	2144.58
	4752.21	0.00	13.33	2145.58
	4752.22	0.00	13.33	2143.57
	4752.23	0.00	13.33	2144.57
	4752.25	0.00	13.31	2134.59
	4752.26	0.00	13.28	2139.68
	4752.27	0.00	13.27	2138.71
	4752.28	0.00	13.29	2145.69
	4752.29	0.00	13.30	2145.69
	4752.30	0.00	13.31	2145.69
	4752.32	0.00	13.31	2142.72
	4752.33	0.00	13.31	2145.73
	4752.34	0.00	13.33	2151.73
	4752.35	0.00	13.28	2127.73
	4752.36	0.00	13.29	2126.71
	4752.37	0.00	13.31	2139.71
	4752.39	0.00	13.33	2148.71
	4752.40	0.00	13.33	2155.74
	4752.41	0.00	13.35	2163.72
	4752.42	0.00	13.36	2169.71
	4752.43	0.00	13.36	2173.71
	4752.45	0.00	13.35	2165.68
	4752.46	0.00	13.37	2177.69
	4752.47	0.00	13.37	2182.69
	4752.48	0.00	13.37	2182.70
	4752.49	0.00	13.37	2185.70
	4752.50	0.00	13.37	2185.70
	4752.52	0.00	13.37	2187.70
	4752.53	0.00	13.37	2189.71
	4752.54	0.00	13.39	2204.70
	4752.55	0.00	13.40	2209.69
	4752.56	0.00	13.41	2210.69
	4752.58	0.00	13.40	2211.69
	4752.59	0.00	13.43	2208.61
	4752.60	0.00	13.43	2211.61
	4752.61	0.00	13.44	2212.59
	4752.62	0.00	13.45	2213.58
	4752.63	0.00	13.44	2208.59
	4752.65	0.00	13.39	2218.68
	4752.66	0.00	13.16	2258.94
	4752.67	0.00	12.57	2410.28
	4752.68	0.00	12.17	2536.55
	4752.69	0.00	11.94	2627.69
	4752.70	0.00	11.92	2647.70
	4752.72	0.00	12.00	2649.67
	4752.73	0.00	12.08	2646.63
	4752.74	0.00	12.16	2674.62
	4752.75	0.00	12.20	2683.63
	4752.76	0.00	12.23	2680.64
	4752.78	0.00	12.27	2688.67
	4752.79	0.00	12.28	2691.73
	4752.80	0.00	12.32	2691.75
	4752.81	0.00	12.39	2686.73
	4752.82	0.00	12.48	2663.68
	4752.84	0.00	12.54	2642.68
	4752.85	0.00	12.59	2626.67
	4752.86	0.00	12.64	2620.65
	4752.87	0.00	12.69	2625.59
	4752.88	0.00	12.76	2609.53
	4752.90	0.00	12.82	2595.51
	4752.91	0.00	12.86	2575.48
	4752.92	0.00	12.89	2556.56
	4752.93	0.00	12.94	2539.55
	4752.94	0.00	13.00	2523.53
	4752.95	0.00	13.15	2480.46
	4752.97	0.00	13.22	2464.45
	4752.98	0.00	13.28	2433.43
	4752.99	0.00	13.32	2422.42
	4753.00	0.00	13.32	2427.42
	4753.01	0.00	13.34	2423.38
	4753.03	0.00	13.35	2429.38
	4753.04	0.00	13.35	2432.38
	4753.05	0.00	13.36	2425.34
	4753.06	0.00	13.39	2436.38
	4753.07	0.00	13.40	2443.37
	4753.08	0.00	13.41	2444.35
	4753.10	0.00	13.45	2447.28
	4753.11	0.00	13.48	2447.25
	4753.12	0.00	13.50	2449.21
	4753.13	0.00	13.55	2453.16
	4753.14	0.00	13.60	2453.06
	4753.16	0.00	13.68	2450.88
	4753.17	0.00	13.71	2453.84
	4753.18	0.00	13.76	2449.72
	4753.19	0.00	13.85	2464.71
	4753.20	0.00	13.87	2458.66
	4753.21	0.00	13.99	2478.60
	4753.23	0.00	14.02	2479.59
	4753.24	0.00	14.03	2465.54
	4753.25	0.00	14.06	2463.49
	4753.26	0.00	14.04	2450.49
	4753.27	0.00	13.99	2426.52
	4753.29	0.00	13.95	2405.53
	4753.30	0.00	13.92	2388.54
	4753.31	0.00	13.89	2369.51
	4753.32	0.00	13.74	2311.49
	4753.33	0.00	13.66	2272.52
	4753.35	0.00	13.47	2216.58
	4753.36	0.00	13.38	2179.63
	4753.37	0.00	13.29	2160.71
	4753.38	0.00	13.23	2147.77
	4753.39	0.00	13.22	2147.79
	4753.40	0.00	13.19	2130.79
	4753.42	0.00	13.23	2146.78
	4753.43	0.00	13.27	2163.78
	4753.44	0.00	13.27	2163.78
	4753.45	0.00	13.27	2164.78
	4753.46	0.00	13.24	2141.81
	4753.47	0.00	13.19	2102.85
	4753.49	0.00	13.20	2105.85
	4753.50	0.00	13.26	2104.67
	4753.51	0.00	13.32	2111.56
	4753.52	0.00	13.31	2111.58
	4753.53	0.00	13.31	2111.59
	4753.55	0.00	13.32	2117.59
	4753.56	0.00	13.30	2110.60
	4753.57	0.00	13.32	2118.60
	4753.58	0.00	13.32	2119.61
	4753.59	0.00	13.20	2103.80
	4753.60	0.00	13.21	2104.82
	4753.62	0.00	13.20	2108.84
	4753.63	0.00	13.22	2103.84
	4753.64	0.00	13.22	2102.84
	4753.65	0.00	13.22	2105.84
	4753.66	0.00	13.22	2105.84
	4753.68	0.00	13.22	2093.79
	4753.69	0.00	13.23	2100.79
	4753.70	0.00	13.24	2105.79
	4753.71	0.00	13.25	2110.79
	4753.72	0.00	13.29	2140.76
	4753.73	0.00	13.30	2146.75
	4753.75	0.00	13.31	2146.72
	4753.76	0.00	13.32	2151.73
	4753.77	0.00	13.31	2152.74
	4753.78	0.00	13.34	2172.72
	4753.79	0.00	13.35	2178.70
	4753.81	0.00	13.36	2183.70
	4753.82	0.00	13.35	2186.71
	4753.83	0.00	13.33	2197.77
	4753.84	0.00	13.09	2239.03
	4753.85	0.00	12.69	2363.33
	4753.86	0.00	12.42	2458.53
	4753.87	0.00	12.26	2528.64
	4753.89	0.00	12.19	2583.70
	4753.90	0.00	12.20	2606.68
	4753.91	0.00	12.24	2621.62
	4753.92	0.00	12.27	2630.61
	4753.93	0.00	12.30	2644.61
	4753.95	0.00	12.31	2660.63
	4753.96	0.00	12.33	2665.62
	4753.97	0.00	12.36	2662.63
	4753.98	0.00	12.40	2655.64
	4753.99	0.00	12.44	2654.63
	4754.01	0.00	12.48	2641.62
	4754.02	0.00	12.54	2630.59
	4754.03	0.00	12.60	2617.57
	4754.04	0.00	12.68	2600.57
	4754.05	0.00	12.71	2582.58
	4754.06	0.00	12.77	2577.56
	4754.08	0.00	12.83	2564.55
	4754.09	0.00	12.88	2561.52
	4754.10	0.00	12.94	2550.49
	4754.11	0.00	13.00	2535.48
	4754.12	0.00	13.06	2525.46
	4754.14	0.00	13.20	2494.43
	4754.15	0.00	13.31	2475.31
	4754.16	0.00	13.38	2463.28
	4754.17	0.00	13.42	2459.24
	4754.18	0.00	13.44	2461.19
	4754.20	0.00	13.47	2464.13
	4754.21	0.00	13.46	2460.17
	4754.22	0.00	13.51	2461.05
	4754.23	0.00	13.56	2463.00
	4754.24	0.00	13.60	2477.91
	4754.25	0.00	13.63	2481.80
	4754.27	0.00	13.67	2482.73
	4754.28	0.00	13.72	2465.70
	4754.29	0.00	13.73	2465.69
	4754.30	0.00	13.74	2466.68
	4754.31	0.00	13.76	2465.64
	4754.33	0.00	13.76	2460.65
	4754.34	0.00	13.77	2454.63
	4754.35	0.00	13.87	2469.61
	4754.36	0.00	13.98	2495.60
	4754.37	0.00	13.98	2481.59
	4754.38	0.00	14.02	2479.56
	4754.40	0.00	14.06	2483.49
	4754.41	0.00	14.09	2483.44
	4754.42	0.00	14.12	2486.40
	4754.43	0.00	14.16	2484.32
	4754.44	0.00	14.17	2481.31
	4754.45	0.00	14.19	2484.28
	4754.47	0.00	14.19	2477.26
	4754.48	0.00	14.18	2461.23
	4754.49	0.00	14.16	2444.17
	4754.50	0.00	14.13	2418.09
	4754.51	0.00	14.03	2370.00
	4754.53	0.00	13.93	2348.14
	4754.54	0.00	13.84	2314.22
	4754.55	0.00	13.66	2257.28
	4754.56	0.00	13.51	2222.48
	4754.57	0.00	13.38	2191.63
	4754.58	0.00	13.32	2171.65
	4754.60	0.00	13.28	2159.69
	4754.61	0.00	13.28	2158.67
	4754.62	0.00	13.27	2153.67
	4754.63	0.00	13.29	2161.66
	4754.64	0.00	13.32	2175.67
	4754.66	0.00	13.32	2168.68
	4754.67	0.00	13.28	2145.73
	4754.68	0.00	13.24	2120.76
	4754.69	0.00	13.24	2121.80
	4754.70	0.00	13.22	2114.82
	4754.71	0.00	13.22	2113.83
	4754.73	0.00	13.23	2116.82
	4754.74	0.00	13.22	2112.83
	4754.75	0.00	13.22	2113.83
	4754.76	0.00	13.22	2114.83
	4754.77	0.00	13.22	2113.83
	4754.79	0.00	13.24	2116.80
	4754.80	0.00	13.25	2120.80
	4754.81	0.00	13.24	2120.82
	4754.82	0.00	13.24	2121.81
	4754.83	0.00	13.24	2121.81
	4754.85	0.00	13.24	2120.81
	4754.86	0.00	13.31	2115.61
	4754.87	0.00	13.35	2119.54
	4754.88	0.00	13.35	2123.54
	4754.89	0.00	13.35	2121.55
	4754.90	0.00	13.34	2122.56
	4754.92	0.00	13.34	2122.56
	4754.93	0.00	13.35	2124.55
	4754.94	0.00	13.35	2122.55
	4754.95	0.00	13.31	2114.61
	4754.96	0.00	13.25	2109.75
	4754.97	0.00	13.23	2114.80
	4754.99	0.00	13.24	2117.80
	4755.00	0.00	13.25	2115.81
	4755.01	0.00	13.24	2119.83
	4755.02	0.00	13.25	2118.81
	4755.04	0.00	13.24	2106.77
	4755.05	0.00	13.29	2145.74
	4755.06	0.00	13.31	2185.77
	4755.07	0.00	13.12	2231.01
	4755.08	0.00	12.87	2298.27
	4755.09	0.00	12.65	2374.42
	4755.10	0.00	12.48	2436.52
	4755.12	0.00	12.38	2477.53
	4755.13	0.00	12.37	2510.57
	4755.14	0.00	12.39	2548.59
	4755.15	0.00	12.41	2557.60
	4755.16	0.00	12.38	2563.64
	4755.18	0.00	12.38	2581.65
	4755.19	0.00	12.35	2597.71
	4755.20	0.00	12.36	2605.72
	4755.21	0.00	12.40	2607.74
	4755.22	0.00	12.42	2612.73
	4755.23	0.00	12.46	2602.68
	4755.25	0.00	12.50	2591.67
	4755.26	0.00	12.55	2582.65
	4755.27	0.00	12.56	2582.64
	4755.28	0.00	12.59	2563.62
	4755.29	0.00	12.58	2572.61
	4755.31	0.00	12.62	2560.59
	4755.32	0.00	12.66	2547.57
	4755.33	0.00	12.70	2540.55
	4755.34	0.00	12.75	2528.54
	4755.35	0.00	12.79	2525.52
	4755.37	0.00	12.84	2516.50
	4755.38	0.00	12.90	2512.51
	4755.39	0.00	13.00	2484.50
	4755.40	0.00	13.10	2471.49
	4755.41	0.00	13.20	2451.47
	4755.42	0.00	13.28	2447.45
	4755.44	0.00	13.31	2450.39
	4755.45	0.00	13.33	2454.36
	4755.46	0.00	13.36	2459.30
	4755.47	0.00	13.40	2465.25
	4755.48	0.00	13.44	2467.12
	4755.50	0.00	13.50	2473.05
	4755.51	0.00	13.53	2464.96
	4755.52	0.00	13.58	2467.87
	4755.53	0.00	13.61	2467.80
	4755.54	0.00	13.63	2462.77
	4755.56	0.00	13.64	2481.72
	4755.57	0.00	13.65	2479.70
	4755.58	0.00	13.69	2475.66
	4755.59	0.00	13.72	2452.65
	4755.60	0.00	13.74	2442.60
	4755.61	0.00	13.76	2443.56
	4755.62	0.00	13.88	2461.53
	4755.64	0.00	14.00	2481.51
	4755.65	0.00	14.02	2484.47
	4755.66	0.00	14.06	2486.42
	4755.67	0.00	14.09	2485.36
	4755.68	0.00	14.12	2500.35
	4755.70	0.00	14.12	2479.31
	4755.71	0.00	14.14	2473.25
	4755.72	0.00	14.13	2453.21
	4755.73	0.00	14.05	2411.09
	4755.74	0.00	14.02	2385.09
	4755.76	0.00	13.98	2358.15
	4755.77	0.00	13.92	2337.22
	4755.78	0.00	13.73	2279.30
	4755.79	0.00	13.60	2261.45
	4755.80	0.00	13.47	2226.60
	4755.81	0.00	13.37	2188.68
	4755.83	0.00	13.26	2125.76
	4755.84	0.00	13.26	2125.76
	4755.85	0.00	13.34	2186.67
	4755.86	0.00	13.29	2141.74
	4755.87	0.00	13.28	2134.76
	4755.89	0.00	13.28	2128.73
	4755.90	0.00	13.27	2129.76
	4755.91	0.00	13.27	2131.76
	4755.92	0.00	13.27	2127.76
	4755.93	0.00	13.27	2127.75
	4755.94	0.00	13.27	2132.76
	4755.96	0.00	13.28	2131.74
	4755.97	0.00	13.29	2130.74
	4755.98	0.00	13.30	2133.74
	4755.99	0.00	13.31	2133.71
	4756.00	0.00	13.26	2115.73
	4756.02	0.00	13.26	2116.74
	4756.03	0.00	13.26	2116.73
	4756.04	0.00	13.26	2115.73
	4756.05	0.00	13.28	2123.73
	4756.06	0.00	13.29	2125.72
	4756.07	0.00	13.29	2125.71
	4756.09	0.00	13.30	2130.72
	4756.10	0.00	13.30	2130.71
	4756.11	0.00	13.29	2127.71
	4756.12	0.00	13.29	2126.73
	4756.13	0.00	13.29	2129.72
	4756.14	0.00	13.31	2136.71
	4756.16	0.00	13.32	2137.71
	4756.17	0.00	13.32	2138.71
	4756.18	0.00	13.32	2137.70
	4756.19	0.00	13.32	2138.70
	4756.20	0.00	13.33	2136.69
	4756.21	0.00	13.32	2133.69
	4756.23	0.00	13.34	2137.65
	4756.24	0.00	13.31	2136.72
	4756.25	0.00	13.30	2136.75
	4756.26	0.00	13.30	2136.75
	4756.27	0.00	13.33	2185.76
	4756.29	0.00	13.28	2189.90
	4756.30	0.00	13.09	2233.12
	4756.31	0.00	12.84	2321.32
	4756.32	0.00	12.76	2359.39
	4756.33	0.00	12.67	2405.48
	4756.35	0.00	12.65	2444.56
	4756.36	0.00	12.66	2470.59
	4756.37	0.00	12.66	2475.61
	4756.38	0.00	12.64	2481.61
	4756.39	0.00	12.64	2499.57
	4756.40	0.00	12.60	2522.59
	4756.42	0.00	12.52	2554.62
	4756.43	0.00	12.50	2573.63
	4756.44	0.00	12.45	2574.70
	4756.45	0.00	12.42	2581.72
	4756.46	0.00	12.42	2584.73
	4756.47	0.00	12.43	2587.69
	4756.49	0.00	12.43	2585.68
	4756.50	0.00	12.45	2592.69
	4756.51	0.00	12.47	2586.68
	4756.52	0.00	12.48	2581.68
	4756.54	0.00	12.52	2580.63
	4756.55	0.00	12.55	2572.64
	4756.56	0.00	12.58	2560.63
	4756.57	0.00	12.62	2549.62
	4756.58	0.00	12.72	2522.60
	4756.59	0.00	12.76	2519.60
	4756.61	0.00	12.79	2513.59
	4756.62	0.00	12.83	2516.57
	4756.63	0.00	12.84	2528.53
	4756.64	0.00	12.87	2527.50
	4756.65	0.00	12.90	2520.48
	4756.67	0.00	12.94	2518.47
	4756.68	0.00	12.94	2521.47
	4756.69	0.00	12.96	2527.46
	4756.70	0.00	13.00	2501.45
	4756.71	0.00	13.06	2490.44
	4756.72	0.00	13.10	2482.43
	4756.74	0.00	13.13	2474.42
	4756.75	0.00	13.16	2465.41
	4756.76	0.00	13.25	2455.40
	4756.77	0.00	13.29	2452.40
	4756.78	0.00	13.31	2444.38
	4756.80	0.00	13.35	2456.34
	4756.81	0.00	13.37	2463.33
	4756.82	0.00	13.42	2461.24
	4756.83	0.00	13.48	2457.15
	4756.84	0.00	13.56	2458.99
	4756.85	0.00	13.61	2475.85
	4756.87	0.00	13.77	2476.81
	4756.88	0.00	13.81	2479.78
	4756.89	0.00	13.87	2481.73
	4756.90	0.00	13.92	2479.61
	4756.91	0.00	13.97	2485.49
	4756.93	0.00	14.17	2496.18
	4756.94	0.00	14.17	2494.22
	4756.95	0.00	14.13	2461.25
	4756.96	0.00	14.13	2448.26
	4756.97	0.00	14.11	2434.26
	4756.98	0.00	13.98	2387.25
	4757.00	0.00	13.89	2362.35
	4757.01	0.00	13.82	2325.40
	4757.02	0.00	13.64	2269.45
	4757.03	0.00	13.50	2217.50
	4757.04	0.00	13.38	2183.64
	4757.06	0.00	13.30	2158.72
	4757.07	0.00	13.30	2168.70
	4757.08	0.00	13.30	2162.66
	4757.09	0.00	13.28	2159.71
	4757.10	0.00	13.30	2170.73
	4757.11	0.00	13.30	2171.74
	4757.13	0.00	13.32	2164.75
	4757.14	0.00	13.30	2152.77
	4757.15	0.00	13.26	2123.80
	4757.16	0.00	13.26	2121.80
	4757.17	0.00	13.26	2122.80
	4757.18	0.00	13.26	2124.80
	4757.20	0.00	13.26	2125.80
	4757.21	0.00	13.23	2100.77
	4757.22	0.00	13.24	2110.79
	4757.23	0.00	13.25	2117.82
	4757.24	0.00	13.25	2113.80
	4757.26	0.00	13.27	2124.80
	4757.27	0.00	13.26	2127.80
	4757.28	0.00	13.32	2166.76
	4757.29	0.00	13.34	2173.71
	4757.30	0.00	13.37	2191.71
	4757.31	0.00	13.36	2187.70
	4757.33	0.00	13.37	2193.71
	4757.34	0.00	13.39	2204.71
	4757.35	0.00	13.39	2206.72
	4757.36	0.00	13.39	2206.72
	4757.37	0.00	13.39	2205.72
	4757.39	0.00	13.39	2205.72
	4757.40	0.00	13.39	2206.71
	4757.41	0.00	13.39	2205.71
	4757.42	0.00	13.39	2196.65
	4757.43	0.00	13.38	2197.70
	4757.44	0.00	13.39	2206.71
	4757.46	0.00	13.38	2203.70
	4757.47	0.00	13.39	2204.70
	4757.48	0.00	13.38	2203.71
	4757.49	0.00	13.28	2207.93
	4757.50	0.00	13.05	2277.16
	4757.52	0.00	12.63	2401.42
	4757.53	0.00	12.50	2452.60
	4757.54	0.00	12.39	2525.62
	4757.55	0.00	12.30	2537.63
	4757.56	0.00	12.30	2556.63
	4757.57	0.00	12.33	2571.62
	4757.59	0.00	12.37	2599.62
	4757.60	0.00	12.37	2619.60
	4757.61	0.00	12.35	2642.66
	4757.62	0.00	12.34	2655.68
	4757.63	0.00	12.33	2665.69
	4757.65	0.00	12.35	2669.66
	4757.66	0.00	12.39	2679.70
	4757.67	0.00	12.43	2673.68
	4757.68	0.00	12.47	2663.67
	4757.69	0.00	12.51	2653.68
	4757.70	0.00	12.56	2636.68
	4757.72	0.00	12.62	2621.65
	4757.73	0.00	12.71	2593.63
	4757.74	0.00	12.77	2578.57
	4757.75	0.00	12.80	2574.55
	4757.77	0.00	12.85	2564.53
	4757.78	0.00	12.91	2551.50
	4757.79	0.00	12.95	2541.48
	4757.80	0.00	13.11	2519.32
	4757.81	0.00	13.27	2489.21
	4757.82	0.00	13.36	2473.27
	4757.83	0.00	13.40	2471.24
	4757.85	0.00	13.39	2473.29
	4757.86	0.00	13.39	2475.29
	4757.87	0.00	13.41	2477.26
	4757.88	0.00	13.44	2488.22
	4757.89	0.00	13.46	2490.15
	4757.91	0.00	13.51	2493.06
	4757.92	0.00	13.56	2501.97
	4757.93	0.00	13.60	2496.88
	4757.94	0.00	13.64	2501.81
	4757.95	0.00	13.65	2517.77
	4757.96	0.00	13.68	2520.70
	4757.98	0.00	13.70	2519.68
	4757.99	0.00	13.72	2496.63
	4758.00	0.00	13.74	2472.61
	4758.01	0.00	13.74	2461.61
	4758.02	0.00	13.75	2451.58
	4758.04	0.00	13.76	2443.53
	4758.05	0.00	13.85	2457.51
	4758.06	0.00	13.98	2478.47
	4758.07	0.00	14.03	2472.37
	4758.08	0.00	14.07	2478.36
	4758.10	0.00	14.08	2468.34
	4758.11	0.00	14.10	2473.35
	4758.12	0.00	14.11	2474.33
	4758.13	0.00	14.08	2446.29
	4758.14	0.00	13.98	2410.29
	4758.15	0.00	13.94	2386.30
	4758.17	0.00	13.89	2361.34
	4758.18	0.00	13.79	2337.45
	4758.19	0.00	13.58	2261.51
	4758.20	0.00	13.48	2227.56
	4758.21	0.00	13.44	2213.58
	4758.22	0.00	13.37	2192.64
	4758.24	0.00	13.35	2185.66
	4758.25	0.00	13.34	2176.65
	4758.26	0.00	13.36	2189.65
	4758.27	0.00	13.38	2197.64
	4758.28	0.00	13.38	2195.65
	4758.30	0.00	13.37	2187.65
	4758.31	0.00	13.38	2185.63
	4758.32	0.00	13.39	2190.64
	4758.33	0.00	13.38	2185.64
	4758.34	0.00	13.35	2162.67
	4758.35	0.00	13.33	2144.69
	4758.37	0.00	13.32	2137.70
	4758.38	0.00	13.33	2139.70
	4758.39	0.00	13.32	2140.71
	4758.40	0.00	13.31	2142.75
	4758.41	0.00	13.31	2141.76
	4758.43	0.00	13.31	2142.76
	4758.44	0.00	13.31	2142.77
	4758.45	0.00	13.30	2140.77
	4758.46	0.00	13.31	2141.77
	4758.47	0.00	13.38	2181.69
	4758.49	0.00	13.39	2186.69
	4758.50	0.00	13.40	2195.67
	4758.51	0.00	13.41	2199.68
	4758.52	0.00	13.41	2206.67
	4758.53	0.00	13.42	2209.67
	4758.54	0.00	13.42	2210.66
	4758.56	0.00	13.43	2209.66
	4758.57	0.00	13.42	2212.66
	4758.58	0.00	13.51	2204.39
	4758.59	0.00	13.52	2214.42
	4758.60	0.00	13.51	2216.44
	4758.62	0.00	13.48	2213.52
	4758.63	0.00	13.49	2216.49
	4758.64	0.00	13.51	2231.46
	4758.65	0.00	13.51	2231.46
	4758.66	0.00	13.46	2219.53
	4758.67	0.00	13.43	2223.61
	4758.68	0.00	13.38	2226.76
	4758.70	0.00	13.29	2238.97
	4758.71	0.00	12.90	2330.25
	4758.72	0.00	12.66	2397.44
	4758.73	0.00	12.47	2470.52
	4758.75	0.00	12.35	2511.59
	4758.76	0.00	12.31	2545.61
	4758.77	0.00	12.42	2616.62
	4758.78	0.00	12.38	2592.62
	4758.79	0.00	12.43	2633.60
	4758.80	0.00	12.41	2651.63
	4758.82	0.00	12.40	2671.66
	4758.83	0.00	12.37	2666.68
	4758.84	0.00	12.38	2672.70
	4758.85	0.00	12.40	2673.70
	4758.86	0.00	12.45	2675.69
	4758.87	0.00	12.50	2665.68
	4758.89	0.00	12.55	2663.65
	4758.90	0.00	12.61	2644.60
	4758.91	0.00	12.65	2624.58
	4758.92	0.00	12.78	2591.56
	4758.93	0.00	12.84	2574.54
	4758.95	0.00	12.86	2554.54
	4758.96	0.00	12.87	2557.50
	4758.97	0.00	12.90	2550.48
	4758.98	0.00	12.93	2543.46
	4758.99	0.00	12.97	2535.45
	4759.01	0.00	13.00	2531.42
	4759.02	0.00	13.14	2501.39
	4759.03	0.00	13.25	2476.37
	4759.04	0.00	13.33	2462.33
	4759.05	0.00	13.37	2456.31
	4759.06	0.00	13.37	2450.32
	4759.08	0.00	13.38	2460.30
	4759.09	0.00	13.40	2462.27
	4759.10	0.00	13.40	2458.27
	4759.11	0.00	13.42	2455.19
	4759.12	0.00	13.43	2450.17
	4759.14	0.00	13.44	2453.15
	4759.15	0.00	13.52	2494.15
	4759.16	0.00	13.56	2507.13
	4759.17	0.00	13.61	2497.10
	4759.18	0.00	13.72	2480.96
	4759.19	0.00	13.80	2486.85
	4759.21	0.00	13.85	2487.81
	4759.22	0.00	13.92	2489.78
	4759.23	0.00	14.03	2512.75
	4759.24	0.00	14.03	2514.79
	4759.25	0.00	14.03	2508.82
	4759.27	0.00	14.06	2507.79
	4759.28	0.00	14.09	2508.78
	4759.29	0.00	14.12	2510.76
	4759.30	0.00	14.14	2503.70
	4759.31	0.00	14.15	2500.68
	4759.32	0.00	14.16	2493.66
	4759.33	0.00	14.16	2492.67
	4759.35	0.00	14.14	2491.68
	4759.36	0.00	14.12	2489.70
	4759.37	0.00	14.08	2480.67
	4759.38	0.00	14.01	2457.68
	4759.39	0.00	13.83	2403.69
	4759.41	0.00	13.77	2373.70
	4759.42	0.00	13.70	2338.70
	4759.43	0.00	13.63	2307.70
	4759.44	0.00	13.56	2283.71
	4759.45	0.00	13.49	2255.73
	4759.46	0.00	13.36	2221.75
	4759.48	0.00	13.33	2217.79
	4759.49	0.00	13.34	2212.74
	4759.50	0.00	13.34	2214.76
	4759.51	0.00	13.32	2209.78
	4759.52	0.00	13.31	2204.77
	4759.54	0.00	13.34	2220.77
	4759.55	0.00	13.36	2223.77
	4759.56	0.00	13.36	2225.76
	4759.57	0.00	13.37	2226.76
	4759.58	0.00	13.36	2223.76
	4759.60	0.00	13.37	2224.76
	4759.61	0.00	13.37	2222.76
	4759.62	0.00	13.37	2217.72
	4759.63	0.00	13.37	2215.73
	4759.64	0.00	13.37	2217.73
	4759.65	0.00	13.38	2216.72
	4759.67	0.00	13.38	2215.72
	4759.68	0.00	13.38	2215.72
	4759.69	0.00	13.38	2215.71
	4759.70	0.00	13.39	2216.71
	4759.71	0.00	13.36	2198.71
	4759.73	0.00	13.36	2201.71
	4759.74	0.00	13.37	2202.71
	4759.75	0.00	13.38	2202.70
	4759.76	0.00	13.38	2201.70
	4759.77	0.00	13.38	2198.70
	4759.78	0.00	13.36	2187.71
	4759.80	0.00	13.36	2187.71
	4759.81	0.00	13.36	2184.71
	4759.82	0.00	13.37	2191.70
	4759.83	0.00	13.38	2194.71
	4759.84	0.00	13.37	2189.70
	4759.86	0.00	13.38	2195.70
	4759.87	0.00	13.39	2202.69
	4759.88	0.00	13.41	2216.67
	4759.89	0.00	13.41	2217.68
	4759.90	0.00	13.41	2220.66
	4759.91	0.00	13.42	2227.67
	4759.93	0.00	13.41	2231.70
	4759.94	0.00	13.44	2244.67
	4759.95	0.00	13.44	2251.72
	4759.96	0.00	13.44	2255.73
	4759.97	0.00	13.44	2256.73
	4759.98	0.00	13.43	2255.74
	4760.00	0.00	13.44	2253.71
	4760.01	0.00	13.43	2253.71
	4760.02	0.00	13.43	2255.73
	4760.03	0.00	13.41	2257.77
	4760.04	0.00	13.38	2256.82
	4760.06	0.00	13.37	2261.86
	4760.07	0.00	13.35	2265.90
	4760.08	0.00	13.39	2264.76
	4760.09	0.00	13.37	2267.78
	4760.10	0.00	13.37	2274.79
	4760.12	0.00	13.34	2276.84
	4760.13	0.00	13.32	2276.88
	4760.14	0.00	13.30	2279.92
	4760.15	0.00	13.28	2274.96
	4760.16	0.00	13.27	2276.97
	4760.17	0.00	13.22	2269.06
	4760.19	0.00	13.20	2274.12
	4760.20	0.00	13.17	2281.13
	4760.21	0.00	13.16	2283.19
	4760.22	0.00	13.14	2284.25
	4760.23	0.00	13.13	2280.29
	4760.25	0.00	13.14	2289.25
	4760.26	0.00	13.10	2287.30
	4760.27	0.00	13.05	2275.31
	4760.28	0.00	13.04	2284.33
	4760.29	0.00	13.04	2294.36
	4760.30	0.00	13.04	2301.36
	4760.32	0.00	13.03	2303.38
	4760.33	0.00	13.02	2308.39
	4760.34	0.00	12.97	2315.37
	4760.35	0.00	12.93	2330.37
	4760.36	0.00	12.93	2333.38
	4760.38	0.00	12.91	2348.39
	4760.39	0.00	12.90	2358.41
	4760.40	0.00	12.87	2366.42
	4760.41	0.00	12.84	2376.43
	4760.42	0.00	12.82	2383.43
	4760.43	0.00	12.84	2380.32
	4760.45	0.00	12.82	2388.39
	4760.46	0.00	12.82	2392.39
	4760.47	0.00	12.81	2393.39
	4760.48	0.00	12.81	2394.40
	4760.49	0.00	12.80	2394.40
	4760.51	0.00	12.80	2398.40
	4760.52	0.00	12.80	2394.38
	4760.53	0.00	12.79	2392.40
	4760.54	0.00	12.80	2392.40
	4760.55	0.00	12.79	2393.41
	4760.56	0.00	12.79	2395.40
	4760.58	0.00	12.79	2392.41
	4760.59	0.00	12.79	2393.41
	4760.60	0.00	12.79	2396.41
	4760.61	0.00	12.76	2378.39
	4760.62	0.00	12.77	2384.41
	4760.64	0.00	12.76	2381.41
	4760.65	0.00	12.76	2381.41
	4760.66	0.00	12.76	2384.42
	4760.67	0.00	12.76	2381.41
	4760.68	0.00	12.77	2380.40
	4760.69	0.00	12.78	2385.40
	4760.71	0.00	12.78	2387.41
	4760.72	0.00	12.79	2387.40
	4760.73	0.00	12.80	2389.36
	4760.74	0.00	12.78	2386.44
	4760.75	0.00	12.78	2386.46
	4760.77	0.00	12.78	2386.46
	4760.78	0.00	12.79	2384.46
	4760.79	0.00	12.79	2385.46
	4760.80	0.00	12.79	2384.46
	4760.81	0.00	12.81	2384.43
	4760.83	0.00	12.81	2383.43
	4760.84	0.00	12.82	2385.44
	4760.85	0.00	12.81	2385.45
	4760.86	0.00	12.81	2383.45
	4760.87	0.00	12.81	2384.45
	4760.88	0.00	12.80	2385.46
	4760.90	0.00	12.84	2388.33
	4760.91	0.00	12.89	2390.20
	4760.92	0.00	12.88	2389.21
	4760.93	0.00	12.87	2389.23
	4760.94	0.00	12.86	2388.23
	4760.95	0.00	12.86	2385.24
	4760.97	0.00	12.86	2384.24
	4760.98	0.00	12.85	2386.25
	4760.99	0.00	12.81	2374.32
	4761.00	0.00	12.79	2375.40
	4761.02	0.00	12.79	2373.43
	4761.03	0.00	12.79	2376.44
	4761.04	0.00	12.79	2374.41
	4761.05	0.00	12.76	2354.41
	4761.06	0.00	12.77	2355.41
	4761.07	0.00	12.78	2364.42
	4761.08	0.00	12.80	2369.43
	4761.10	0.00	12.81	2366.43
	4761.11	0.00	12.81	2366.44
	4761.12	0.00	12.82	2361.42
	4761.13	0.00	12.84	2367.41
	4761.14	0.00	12.86	2364.42
	4761.16	0.00	12.87	2363.42
	4761.17	0.00	12.87	2358.44
	4761.18	0.00	12.88	2358.43
	4761.19	0.00	12.90	2349.43
	4761.20	0.00	12.92	2347.37
	4761.22	0.00	12.94	2344.37
	4761.23	0.00	12.95	2344.37
	4761.24	0.00	12.98	2331.37
	4761.25	0.00	12.99	2329.35
	4761.26	0.00	12.99	2324.37
	4761.27	0.00	13.00	2324.36
	4761.29	0.00	13.00	2315.35
	4761.30	0.00	13.01	2315.36
	4761.31	0.00	13.02	2312.35
	4761.32	0.00	13.03	2311.35
	4761.33	0.00	13.03	2309.35
	4761.35	0.00	13.04	2304.36
	4761.36	0.00	13.04	2307.34
	4761.37	0.00	13.01	2289.34
	4761.38	0.00	13.02	2290.34
	4761.39	0.00	13.02	2291.34
	4761.40	0.00	13.05	2284.34
	4761.42	0.00	13.05	2284.34
	4761.43	0.00	13.06	2280.33
	4761.44	0.00	13.09	2286.33
	4761.45	0.00	13.08	2288.33
	4761.46	0.00	13.09	2288.33
	4761.48	0.00	13.09	2289.33
	4761.49	0.00	13.10	2287.32
	4761.50	0.00	13.09	2290.33
	4761.51	0.00	13.08	2288.35
	4761.52	0.00	13.07	2289.39
	4761.54	0.00	13.08	2286.39
	4761.55	0.00	13.08	2289.40
	4761.56	0.00	13.09	2291.40
	4761.57	0.00	13.11	2292.36
	4761.58	0.00	13.11	2292.37
	4761.59	0.00	13.11	2295.38
	4761.61	0.00	13.11	2294.38
	4761.62	0.00	13.12	2294.37
	4761.63	0.00	13.11	2293.37
	4761.64	0.00	13.17	2288.19
	4761.65	0.00	13.21	2296.11
	4761.66	0.00	13.20	2297.14
	4761.68	0.00	13.19	2287.14
	4761.69	0.00	13.19	2288.15
	4761.70	0.00	13.19	2290.16
	4761.71	0.00	13.16	2275.18
	4761.72	0.00	13.13	2280.28
	4761.74	0.00	13.12	2275.31
	4761.75	0.00	13.13	2279.33
	4761.76	0.00	13.13	2280.31
	4761.77	0.00	13.10	2265.32
	4761.78	0.00	13.11	2270.32
	4761.79	0.00	13.11	2273.33
	4761.81	0.00	13.12	2275.33
	4761.82	0.00	13.12	2277.33
	4761.83	0.00	13.14	2279.28
	4761.84	0.00	13.12	2277.31
	4761.85	0.00	13.13	2286.33
	4761.87	0.00	13.13	2288.34
	4761.88	0.00	13.15	2289.28
	4761.89	0.00	13.11	2283.35
	4761.90	0.00	13.12	2289.35
	4761.91	0.00	13.13	2287.30
	4761.93	0.00	13.14	2293.31
	4761.94	0.00	13.14	2290.31
	4761.95	0.00	13.14	2292.31
	4761.96	0.00	13.14	2290.31
	4761.97	0.00	13.14	2287.29
	4761.98	0.00	13.13	2288.30
	4762.00	0.00	13.13	2288.30
	4762.01	0.00	13.13	2289.31
	4762.02	0.00	13.13	2288.30
	4762.03	0.00	13.13	2290.30
	4762.04	0.00	13.13	2290.30
	4762.06	0.00	13.09	2272.30
	4762.07	0.00	13.09	2275.31
	4762.08	0.00	13.09	2277.31
	4762.09	0.00	13.09	2277.31
	4762.10	0.00	13.09	2276.31
	4762.12	0.00	13.09	2279.32
	4762.13	0.00	13.09	2278.32
	4762.14	0.00	13.09	2280.32
	4762.15	0.00	13.09	2283.32
	4762.16	0.00	13.10	2283.32
	4762.17	0.00	13.10	2285.32
	4762.19	0.00	13.10	2286.28
	4762.20	0.00	13.08	2281.33
	4762.21	0.00	13.08	2284.35
	4762.22	0.00	13.07	2285.38
	4762.23	0.00	13.06	2284.41
	4762.25	0.00	13.06	2283.40
	4762.26	0.00	13.06	2286.41
	4762.27	0.00	13.07	2284.37
	4762.28	0.00	13.07	2288.38
	4762.29	0.00	13.07	2289.39
	4762.30	0.00	13.07	2288.39
	4762.32	0.00	13.06	2289.40
	4762.33	0.00	13.06	2289.40
	4762.34	0.00	13.15	2289.15
	4762.35	0.00	13.15	2291.15
	4762.36	0.00	13.17	2292.10
	4762.37	0.00	13.15	2293.16
	4762.39	0.00	13.14	2285.17
	4762.40	0.00	13.13	2285.18
	4762.41	0.00	13.14	2278.13
	4762.42	0.00	13.08	2274.28
	4762.43	0.00	13.06	2275.33
	4762.45	0.00	13.07	2273.35
	4762.46	0.00	13.06	2273.37
	4762.47	0.00	13.07	2274.36
	4762.48	0.00	13.07	2274.36
	4762.49	0.00	13.04	2254.34
	4762.50	0.00	13.05	2265.36
	4762.52	0.00	13.06	2267.37
	4762.53	0.00	13.06	2269.37
	4762.54	0.00	13.07	2272.34
	4762.55	0.00	13.06	2269.34
	4762.56	0.00	13.07	2277.36
	4762.58	0.00	13.08	2279.36
	4762.59	0.00	13.07	2278.37
	4762.60	0.00	13.07	2280.37
	4762.61	0.00	13.07	2280.37
	4762.62	0.00	13.08	2275.33
	4762.63	0.00	13.09	2283.34
	4762.65	0.00	13.09	2283.32
	4762.66	0.00	13.09	2282.33
	4762.67	0.00	13.10	2283.32
	4762.68	0.00	13.09	2282.33
	4762.69	0.00	13.09	2282.33
	4762.71	0.00	13.09	2278.31
	4762.72	0.00	13.09	2281.31
	4762.73	0.00	13.09	2281.31
	4762.74	0.00	13.09	2279.31
	4762.75	0.00	13.10	2281.31
	4762.77	0.00	13.09	2280.31
	4762.78	0.00	13.10	2281.30
	4762.79	0.00	13.07	2264.30
	4762.80	0.00	13.07	2266.31
	4762.81	0.00	13.07	2267.31
	4762.82	0.00	13.07	2269.31
	4762.83	0.00	13.07	2270.31
	4762.85	0.00	13.06	2264.31
	4762.86	0.00	13.08	2271.28
	4762.87	0.00	13.07	2274.31
	4762.88	0.00	13.07	2275.31
	4762.89	0.00	13.07	2276.31
	4762.91	0.00	13.09	2276.25
	4762.92	0.00	13.06	2276.35
	4762.93	0.00	13.05	2277.38
	4762.94	0.00	13.04	2276.39
	4762.95	0.00	13.04	2275.39
	4762.97	0.00	13.04	2277.39
	4762.98	0.00	13.04	2278.40
	4762.99	0.00	13.06	2279.36
	4763.00	0.00	13.05	2278.37
	4763.01	0.00	13.05	2279.38
	4763.02	0.00	13.05	2282.39
	4763.04	0.00	13.05	2283.39
	4763.05	0.00	13.14	2282.12
	4763.06	0.00	13.13	2282.13
	4763.07	0.00	13.14	2284.13
	4763.08	0.00	13.13	2284.14
	4763.10	0.00	13.12	2278.16
	4763.11	0.00	13.12	2277.17
	4763.12	0.00	13.12	2278.17
	4763.13	0.00	13.09	2264.18
	4763.14	0.00	13.08	2265.22
	4763.15	0.00	13.06	2264.26
	4763.17	0.00	13.04	2267.32
	4763.18	0.00	13.05	2264.34
	4763.19	0.00	13.05	2267.35
	4763.20	0.00	13.02	2246.33
	4763.21	0.00	13.04	2258.34
	4763.23	0.00	13.05	2262.34
	4763.24	0.00	13.05	2261.35
	4763.25	0.00	13.05	2260.35
	4763.26	0.00	13.04	2265.36
	4763.27	0.00	13.04	2263.35
	4763.29	0.00	13.05	2272.34
	4763.30	0.00	13.05	2274.35
	4763.31	0.00	13.05	2276.36
	4763.32	0.00	13.04	2276.38
	4763.33	0.00	13.05	2276.37
	4763.34	0.00	13.04	2273.37
	4763.36	0.00	13.06	2273.32
	4763.37	0.00	13.06	2277.32
	4763.38	0.00	13.06	2273.32
	4763.39	0.00	13.06	2278.33
	4763.40	0.00	13.06	2279.33
	4763.41	0.00	13.07	2275.27
	4763.43	0.00	13.06	2273.31
	4763.44	0.00	13.06	2275.31
	4763.45	0.00	13.06	2275.31
	4763.46	0.00	13.06	2273.32
	4763.47	0.00	13.07	2276.31
	4763.49	0.00	13.06	2273.31
	4763.50	0.00	13.03	2259.31
	4763.51	0.00	13.03	2260.32
	4763.52	0.00	13.04	2261.31
	4763.53	0.00	13.04	2261.31
	4763.54	0.00	13.04	2262.31
	4763.56	0.00	13.03	2262.33
	4763.57	0.00	13.03	2258.31
	4763.58	0.00	13.05	2265.31
	4763.59	0.00	13.06	2268.30
	4763.60	0.00	13.05	2266.32
	4763.62	0.00	13.06	2268.30
	4763.63	0.00	13.07	2267.28
	4763.64	0.00	13.04	2265.34
	4763.65	0.00	13.03	2266.37
	4763.66	0.00	13.03	2265.38
	4763.67	0.00	13.02	2266.39
	4763.69	0.00	13.04	2265.35
	4763.70	0.00	13.03	2267.37
	4763.71	0.00	13.04	2270.37
	4763.72	0.00	13.04	2269.37
	4763.73	0.00	13.04	2269.37
	4763.75	0.00	13.02	2269.40
	4763.76	0.00	13.03	2270.38
	4763.77	0.00	13.12	2271.12
	4763.78	0.00	13.12	2270.14
	4763.79	0.00	13.11	2268.16
	4763.81	0.00	13.11	2266.16
	4763.82	0.00	13.11	2266.16
	4763.83	0.00	13.10	2268.17
	4763.84	0.00	13.07	2252.18
	4763.85	0.00	13.04	2257.29
	4763.87	0.00	13.03	2253.33
	4763.88	0.00	13.04	2254.34
	4763.89	0.00	13.03	2257.35
	4763.90	0.00	12.99	2231.33
	4763.91	0.00	13.02	2248.35
	4763.92	0.00	13.01	2246.35
	4763.94	0.00	13.03	2249.32
	4763.95	0.00	13.01	2243.36
	4763.96	0.00	13.02	2255.36
	4763.97	0.00	13.02	2252.33
	4763.98	0.00	13.03	2262.36
	4764.00	0.00	13.03	2265.36
	4764.01	0.00	13.03	2264.37
	4764.02	0.00	13.03	2264.37
	4764.03	0.00	13.02	2266.37
	4764.04	0.00	13.02	2267.37
	4764.05	0.00	13.02	2264.33
	4764.07	0.00	13.03	2270.33
	4764.08	0.00	13.03	2272.35
	4764.09	0.00	13.04	2271.33
	4764.10	0.00	13.03	2273.34
	4764.11	0.00	13.03	2272.33
	4764.12	0.00	13.02	2274.35
	4764.14	0.00	13.02	2269.32
	4764.15	0.00	13.02	2272.32
	4764.16	0.00	13.02	2274.32
	4764.17	0.00	13.02	2271.33
	4764.18	0.00	13.02	2274.32
	4764.20	0.00	12.99	2259.32
	4764.21	0.00	12.99	2258.32
	4764.22	0.00	12.99	2261.33
	4764.23	0.00	12.99	2262.33
	4764.24	0.00	12.99	2263.33
	4764.26	0.00	12.99	2262.33
	4764.27	0.00	13.00	2265.30
	4764.28	0.00	12.97	2254.33
	4764.29	0.00	12.99	2265.34
	4764.30	0.00	12.99	2271.34
	4764.31	0.00	12.99	2272.34
	4764.33	0.00	13.00	2274.34
	4764.34	0.00	13.00	2274.34
	4764.35	0.00	12.98	2271.38
	4764.36	0.00	12.99	2273.35
	4764.37	0.00	12.96	2276.42
	4764.39	0.00	12.96	2279.43
	4764.40	0.00	12.96	2279.44
	4764.41	0.00	12.95	2280.45
	4764.42	0.00	12.96	2286.41
	4764.43	0.00	12.95	2290.42
	4764.44	0.00	12.94	2292.42
	4764.46	0.00	12.93	2294.44
	4764.47	0.00	13.00	2293.24
	4764.48	0.00	13.02	2297.17
	4764.49	0.00	13.02	2299.17
	4764.50	0.00	13.01	2301.20
	4764.52	0.00	13.00	2295.21
	4764.53	0.00	12.99	2293.22
	4764.54	0.00	13.00	2298.22
	4764.55	0.00	12.95	2284.29
	4764.56	0.00	12.92	2288.36
	4764.58	0.00	12.93	2283.39
	4764.59	0.00	12.93	2290.40
	4764.60	0.00	12.89	2267.39
	4764.61	0.00	12.91	2280.40
	4764.62	0.00	12.91	2281.40
	4764.63	0.00	12.92	2284.40
	4764.65	0.00	12.93	2284.40
	4764.66	0.00	12.92	2286.41
	4764.67	0.00	12.92	2284.38
	4764.68	0.00	12.92	2284.38
	4764.69	0.00	12.91	2286.40
	4764.70	0.00	12.95	2296.40
	4764.72	0.00	12.93	2299.41
	4764.73	0.00	12.93	2299.41
	4764.74	0.00	12.92	2301.43
	4764.75	0.00	12.93	2298.38
	4764.76	0.00	12.93	2298.37
	4764.78	0.00	12.94	2302.37
	4764.79	0.00	12.94	2307.38
	4764.80	0.00	12.95	2305.37
	4764.81	0.00	12.95	2307.37
	4764.82	0.00	12.95	2303.35
	4764.83	0.00	12.94	2300.35
	4764.85	0.00	12.95	2304.35
	4764.86	0.00	12.95	2303.35
	4764.87	0.00	12.95	2301.35
	4764.88	0.00	12.95	2303.35
	4764.89	0.00	12.95	2303.35
	4764.91	0.00	12.92	2286.35
	4764.92	0.00	12.92	2287.34
	4764.93	0.00	12.92	2289.35
	4764.94	0.00	12.93	2290.34
	4764.95	0.00	12.93	2290.34
	4764.96	0.00	12.93	2289.34
	4764.98	0.00	12.93	2289.35
	4764.99	0.00	12.93	2288.34
	4765.00	0.00	12.94	2294.34
	4765.01	0.00	12.94	2295.34
	4765.02	0.00	12.95	2296.34
	4765.04	0.00	12.96	2296.30
	4765.05	0.00	12.94	2294.34
	4765.06	0.00	12.93	2291.36
	4765.07	0.00	12.93	2296.39
	4765.08	0.00	12.91	2289.41
	4765.10	0.00	12.92	2296.42
	4765.11	0.00	12.92	2298.42
	4765.12	0.00	12.94	2298.38
	4765.13	0.00	12.93	2301.40
	4765.14	0.00	12.93	2301.41
	4765.15	0.00	12.93	2299.41
	4765.17	0.00	12.93	2300.40
	4765.18	0.00	12.92	2300.42
	4765.19	0.00	13.01	2302.16
	4765.20	0.00	13.01	2303.17
	4765.21	0.00	13.00	2303.20
	4765.22	0.00	13.00	2300.20
	4765.24	0.00	12.99	2299.20
	4765.25	0.00	13.00	2302.20
	4765.26	0.00	12.96	2287.23
	4765.27	0.00	12.93	2291.33
	4765.29	0.00	12.92	2291.34
	4765.30	0.00	12.94	2288.36
	4765.31	0.00	12.92	2287.39
	4765.32	0.00	12.92	2276.35
	4765.33	0.00	12.90	2269.36
	4765.34	0.00	12.90	2273.37
	4765.36	0.00	12.91	2280.39
	4765.37	0.00	12.91	2280.39
	4765.38	0.00	12.92	2288.40
	4765.39	0.00	12.91	2287.39
	4765.40	0.00	12.93	2290.35
	4765.41	0.00	12.90	2285.39
	4765.43	0.00	12.92	2296.39
	4765.44	0.00	12.92	2299.40
	4765.45	0.00	12.92	2298.41
	4765.46	0.00	12.91	2301.41
	4765.47	0.00	12.91	2297.37
	4765.49	0.00	12.92	2301.37
	4765.50	0.00	12.92	2305.38
	4765.51	0.00	12.93	2306.38
	4765.52	0.00	12.92	2304.38
	4765.53	0.00	12.93	2305.38
	4765.54	0.00	12.92	2305.39
	4765.56	0.00	12.92