.95	2404.78
	4940.51	0.00	12.95	2408.77
	4940.52	0.00	12.94	2410.78
	4940.54	0.00	12.93	2415.78
	4940.55	0.00	12.92	2421.75
	4940.56	0.00	12.92	2426.75
	4940.57	0.00	12.91	2429.74
	4940.58	0.00	12.89	2434.74
	4940.60	0.00	12.88	2438.73
	4940.61	0.00	12.86	2440.76
	4940.62	0.00	12.83	2452.74
	4940.63	0.00	12.79	2458.77
	4940.64	0.00	12.77	2464.79
	4940.65	0.00	12.77	2469.79
	4940.67	0.00	12.74	2472.80
	4940.68	0.00	12.74	2472.80
	4940.69	0.00	12.74	2477.82
	4940.70	0.00	12.73	2473.81
	4940.71	0.00	12.73	2473.80
	4940.73	0.00	12.72	2472.80
	4940.74	0.00	12.73	2478.80
	4940.75	0.00	12.72	2480.81
	4940.76	0.00	12.72	2484.81
	4940.77	0.00	12.72	2487.81
	4940.79	0.00	12.72	2491.81
	4940.80	0.00	12.71	2486.81
	4940.81	0.00	12.72	2493.81
	4940.82	0.00	12.71	2490.81
	4940.83	0.00	12.72	2494.81
	4940.85	0.00	12.72	2496.81
	4940.86	0.00	12.73	2493.80
	4940.87	0.00	12.79	2475.80
	4940.88	0.00	12.80	2476.75
	4940.89	0.00	12.78	2475.80
	4940.90	0.00	12.78	2475.80
	4940.92	0.00	12.78	2476.80
	4940.93	0.00	12.79	2475.80
	4940.94	0.00	12.79	2474.80
	4940.95	0.00	12.79	2474.79
	4940.96	0.00	12.79	2474.79
	4940.98	0.00	12.79	2468.79
	4940.99	0.00	12.79	2466.78
	4941.00	0.00	12.80	2465.78
	4941.01	0.00	12.80	2465.76
	4941.02	0.00	12.80	2465.78
	4941.03	0.00	12.81	2464.78
	4941.05	0.00	12.81	2463.78
	4941.06	0.00	12.81	2462.77
	4941.07	0.00	12.81	2466.78
	4941.08	0.00	12.82	2466.77
	4941.09	0.00	12.82	2464.77
	4941.11	0.00	12.82	2464.78
	4941.12	0.00	12.82	2464.77
	4941.13	0.00	12.75	2485.78
	4941.14	0.00	12.76	2487.77
	4941.15	0.00	12.76	2487.78
	4941.16	0.00	12.75	2485.78
	4941.18	0.00	12.75	2486.78
	4941.19	0.00	12.75	2484.78
	4941.20	0.00	12.78	2481.77
	4941.21	0.00	12.77	2483.77
	4941.22	0.00	12.79	2479.76
	4941.24	0.00	12.81	2473.77
	4941.25	0.00	12.89	2454.74
	4941.26	0.00	12.93	2439.74
	4941.27	0.00	12.97	2431.70
	4941.28	0.00	12.99	2428.68
	4941.29	0.00	13.09	2444.67
	4941.31	0.00	13.13	2437.66
	4941.32	0.00	13.15	2434.65
	4941.33	0.00	13.16	2432.65
	4941.34	0.00	13.17	2430.64
	4941.35	0.00	13.18	2429.63
	4941.37	0.00	13.18	2428.66
	4941.38	0.00	13.17	2427.67
	4941.39	0.00	13.18	2424.68
	4941.40	0.00	13.17	2419.67
	4941.41	0.00	13.17	2419.67
	4941.42	0.00	13.17	2421.68
	4941.44	0.00	13.17	2419.68
	4941.45	0.00	13.15	2413.68
	4941.46	0.00	13.16	2413.68
	4941.47	0.00	13.16	2414.67
	4941.48	0.00	13.15	2410.68
	4941.50	0.00	13.15	2410.63
	4941.51	0.00	13.14	2410.68
	4941.52	0.00	13.12	2410.69
	4941.53	0.00	13.12	2408.69
	4941.54	0.00	13.11	2405.71
	4941.55	0.00	13.11	2406.69
	4941.57	0.00	13.11	2409.69
	4941.58	0.00	13.10	2408.70
	4941.59	0.00	13.01	2384.69
	4941.60	0.00	13.01	2389.70
	4941.61	0.00	13.00	2387.70
	4941.62	0.00	12.99	2389.71
	4941.64	0.00	12.99	2387.69
	4941.65	0.00	12.99	2389.70
	4941.66	0.00	12.98	2388.70
	4941.67	0.00	12.98	2386.70
	4941.68	0.00	12.97	2389.71
	4941.70	0.00	12.98	2387.70
	4941.71	0.00	12.97	2388.70
	4941.72	0.00	12.97	2389.70
	4941.73	0.00	12.97	2388.71
	4941.74	0.00	12.97	2388.71
	4941.75	0.00	12.97	2389.71
	4941.77	0.00	12.98	2387.68
	4941.78	0.00	12.96	2386.71
	4941.79	0.00	12.96	2387.71
	4941.80	0.00	12.96	2388.71
	4941.81	0.00	12.96	2386.72
	4941.83	0.00	12.97	2386.71
	4941.84	0.00	12.95	2385.71
	4941.85	0.00	12.95	2383.71
	4941.86	0.00	12.94	2382.73
	4941.87	0.00	12.95	2382.71
	4941.88	0.00	12.95	2384.71
	4941.90	0.00	12.97	2384.65
	4941.91	0.00	12.96	2386.71
	4941.92	0.00	12.96	2387.70
	4941.93	0.00	12.96	2386.71
	4941.94	0.00	12.95	2386.72
	4941.96	0.00	12.96	2390.71
	4941.97	0.00	12.97	2394.70
	4941.98	0.00	12.97	2395.71
	4941.99	0.00	12.97	2395.72
	4942.00	0.00	12.98	2396.70
	4942.02	0.00	12.99	2395.70
	4942.03	0.00	13.00	2394.70
	4942.04	0.00	13.00	2392.72
	4942.05	0.00	13.01	2393.71
	4942.06	0.00	13.01	2393.71
	4942.07	0.00	13.01	2393.70
	4942.09	0.00	13.01	2396.72
	4942.10	0.00	13.01	2393.71
	4942.11	0.00	13.02	2394.70
	4942.12	0.00	13.01	2394.73
	4942.13	0.00	13.02	2397.71
	4942.14	0.00	13.02	2397.70
	4942.16	0.00	13.02	2397.69
	4942.17	0.00	13.01	2393.70
	4942.18	0.00	13.03	2398.67
	4942.19	0.00	13.03	2396.66
	4942.20	0.00	13.03	2397.66
	4942.22	0.00	13.03	2396.67
	4942.23	0.00	13.04	2398.66
	4942.24	0.00	13.05	2393.63
	4942.25	0.00	13.04	2394.66
	4942.26	0.00	13.04	2393.65
	4942.28	0.00	13.03	2394.68
	4942.29	0.00	13.03	2393.69
	4942.30	0.00	13.02	2390.70
	4942.31	0.00	13.00	2390.71
	4942.32	0.00	12.96	2383.71
	4942.34	0.00	12.93	2383.73
	4942.35	0.00	12.90	2383.74
	4942.36	0.00	12.87	2382.75
	4942.37	0.00	12.83	2377.75
	4942.38	0.00	12.82	2373.74
	4942.39	0.00	12.79	2365.75
	4942.41	0.00	12.78	2367.75
	4942.42	0.00	12.76	2375.76
	4942.43	0.00	12.71	2393.77
	4942.44	0.00	12.70	2397.78
	4942.45	0.00	12.68	2400.79
	4942.47	0.00	12.65	2403.78
	4942.48	0.00	12.65	2409.79
	4942.49	0.00	12.66	2407.76
	4942.50	0.00	12.66	2407.77
	4942.51	0.00	12.67	2404.77
	4942.52	0.00	12.68	2402.77
	4942.54	0.00	12.68	2401.77
	4942.55	0.00	12.67	2399.77
	4942.56	0.00	12.67	2398.75
	4942.57	0.00	12.67	2398.77
	4942.58	0.00	12.67	2396.77
	4942.60	0.00	12.67	2397.76
	4942.61	0.00	12.68	2395.76
	4942.62	0.00	12.70	2384.76
	4942.63	0.00	12.72	2381.76
	4942.64	0.00	12.73	2383.76
	4942.65	0.00	12.71	2374.75
	4942.67	0.00	12.74	2363.77
	4942.68	0.00	12.74	2359.75
	4942.69	0.00	12.75	2363.75
	4942.70	0.00	12.76	2366.74
	4942.71	0.00	12.77	2367.74
	4942.73	0.00	12.77	2363.73
	4942.74	0.00	12.77	2363.73
	4942.75	0.00	12.77	2363.72
	4942.76	0.00	12.79	2364.69
	4942.77	0.00	12.78	2366.73
	4942.79	0.00	12.80	2363.73
	4942.80	0.00	12.80	2369.74
	4942.81	0.00	12.82	2371.73
	4942.82	0.00	12.82	2374.74
	4942.83	0.00	12.83	2379.75
	4942.84	0.00	12.83	2377.77
	4942.86	0.00	12.86	2374.68
	4942.87	0.00	12.87	2372.77
	4942.88	0.00	12.87	2369.77
	4942.89	0.00	12.88	2373.77
	4942.90	0.00	12.88	2375.77
	4942.91	0.00	12.88	2371.76
	4942.93	0.00	12.90	2365.72
	4942.94	0.00	12.90	2362.72
	4942.95	0.00	12.88	2358.72
	4942.96	0.00	12.88	2355.71
	4942.97	0.00	12.87	2348.70
	4942.99	0.00	12.87	2343.68
	4943.00	0.00	12.85	2337.70
	4943.01	0.00	12.85	2339.70
	4943.02	0.00	12.84	2333.70
	4943.03	0.00	12.82	2325.69
	4943.04	0.00	12.82	2320.69
	4943.06	0.00	12.82	2319.69
	4943.07	0.00	12.81	2322.71
	4943.08	0.00	12.80	2319.71
	4943.09	0.00	12.81	2322.72
	4943.10	0.00	12.92	2348.71
	4943.12	0.00	12.93	2350.70
	4943.13	0.00	12.92	2350.70
	4943.14	0.00	12.82	2334.71
	4943.15	0.00	12.81	2341.71
	4943.16	0.00	12.81	2347.71
	4943.17	0.00	12.81	2359.72
	4943.19	0.00	12.81	2368.73
	4943.20	0.00	12.81	2377.75
	4943.21	0.00	12.80	2382.77
	4943.22	0.00	12.81	2388.77
	4943.23	0.00	12.80	2392.78
	4943.25	0.00	12.80	2395.78
	4943.26	0.00	12.80	2398.79
	4943.27	0.00	12.80	2401.80
	4943.28	0.00	12.79	2403.80
	4943.29	0.00	12.80	2402.81
	4943.31	0.00	12.80	2406.81
	4943.32	0.00	12.81	2407.81
	4943.33	0.00	12.81	2408.81
	4943.34	0.00	12.81	2406.81
	4943.35	0.00	12.81	2402.81
	4943.37	0.00	12.81	2402.80
	4943.38	0.00	12.80	2396.80
	4943.39	0.00	12.79	2393.80
	4943.40	0.00	12.78	2393.82
	4943.41	0.00	12.79	2390.80
	4943.42	0.00	12.78	2392.80
	4943.43	0.00	12.79	2391.79
	4943.45	0.00	12.80	2391.78
	4943.46	0.00	12.82	2389.78
	4943.47	0.00	12.86	2385.77
	4943.48	0.00	12.89	2384.76
	4943.50	0.00	13.00	2404.77
	4943.51	0.00	13.05	2405.75
	4943.52	0.00	13.07	2412.74
	4943.53	0.00	13.12	2412.73
	4943.54	0.00	13.13	2416.72
	4943.55	0.00	13.16	2424.72
	4943.56	0.00	13.19	2428.71
	4943.58	0.00	13.21	2433.71
	4943.59	0.00	13.25	2447.70
	4943.60	0.00	13.26	2447.69
	4943.61	0.00	13.28	2451.69
	4943.62	0.00	13.30	2456.68
	4943.64	0.00	13.32	2463.68
	4943.65	0.00	13.35	2469.67
	4943.66	0.00	13.35	2470.66
	4943.67	0.00	13.37	2475.66
	4943.68	0.00	13.38	2476.65
	4943.69	0.00	13.39	2481.64
	4943.71	0.00	13.40	2479.64
	4943.72	0.00	13.41	2480.63
	4943.73	0.00	13.42	2482.60
	4943.74	0.00	13.42	2492.61
	4943.75	0.00	13.41	2486.59
	4943.77	0.00	13.42	2488.58
	4943.78	0.00	13.39	2485.59
	4943.79	0.00	13.36	2480.60
	4943.80	0.00	13.36	2478.57
	4943.81	0.00	13.31	2472.59
	4943.82	0.00	13.30	2476.61
	4943.84	0.00	13.21	2457.66
	4943.85	0.00	13.24	2468.63
	4943.86	0.00	13.23	2461.63
	4943.87	0.00	13.22	2461.63
	4943.88	0.00	13.23	2464.63
	4943.90	0.00	13.24	2470.62
	4943.91	0.00	13.25	2474.62
	4943.92	0.00	13.24	2471.62
	4943.93	0.00	13.25	2481.62
	4943.94	0.00	13.26	2486.62
	4943.95	0.00	13.26	2490.62
	4943.97	0.00	13.26	2489.62
	4943.98	0.00	13.27	2492.62
	4943.99	0.00	13.27	2495.62
	4944.00	0.00	13.28	2499.62
	4944.02	0.00	13.27	2497.62
	4944.03	0.00	13.26	2499.63
	4944.04	0.00	13.25	2500.63
	4944.05	0.00	13.23	2502.64
	4944.06	0.00	13.22	2499.64
	4944.07	0.00	13.20	2493.64
	4944.09	0.00	13.20	2493.64
	4944.10	0.00	13.18	2487.65
	4944.11	0.00	13.16	2477.65
	4944.12	0.00	13.14	2465.66
	4944.13	0.00	13.11	2460.68
	4944.14	0.00	13.08	2463.70
	4944.16	0.00	13.07	2457.72
	4944.17	0.00	13.06	2454.72
	4944.18	0.00	13.05	2452.72
	4944.19	0.00	13.04	2447.73
	4944.20	0.00	13.03	2449.74
	4944.22	0.00	13.03	2451.72
	4944.23	0.00	13.02	2448.72
	4944.24	0.00	13.03	2453.72
	4944.25	0.00	13.02	2451.72
	4944.26	0.00	13.02	2450.72
	4944.27	0.00	13.03	2451.72
	4944.29	0.00	13.02	2448.72
	4944.30	0.00	13.01	2447.72
	4944.31	0.00	13.02	2450.73
	4944.32	0.00	13.01	2446.72
	4944.33	0.00	13.01	2445.73
	4944.35	0.00	13.00	2443.75
	4944.36	0.00	13.00	2443.73
	4944.37	0.00	13.00	2437.72
	4944.38	0.00	12.99	2437.73
	4944.39	0.00	12.99	2438.75
	4944.40	0.00	12.99	2439.73
	4944.42	0.00	13.00	2438.69
	4944.43	0.00	13.00	2438.69
	4944.44	0.00	13.01	2439.66
	4944.45	0.00	12.99	2441.69
	4944.46	0.00	12.98	2439.69
	4944.48	0.00	12.98	2441.69
	4944.49	0.00	12.98	2437.68
	4944.50	0.00	12.97	2435.70
	4944.51	0.00	12.96	2434.73
	4944.52	0.00	12.95	2434.74
	4944.54	0.00	12.95	2434.74
	4944.55	0.00	12.95	2433.74
	4944.56	0.00	12.95	2433.74
	4944.57	0.00	12.93	2428.74
	4944.58	0.00	12.93	2430.75
	4944.59	0.00	12.93	2428.74
	4944.61	0.00	12.94	2430.74
	4944.62	0.00	12.90	2445.75
	4944.63	0.00	12.89	2443.75
	4944.64	0.00	12.90	2448.75
	4944.65	0.00	12.90	2448.75
	4944.66	0.00	12.89	2446.75
	4944.68	0.00	12.88	2453.76
	4944.69	0.00	12.87	2456.75
	4944.70	0.00	12.86	2456.75
	4944.71	0.00	12.85	2461.77
	4944.72	0.00	12.86	2464.75
	4944.74	0.00	12.85	2467.75
	4944.75	0.00	12.84	2463.75
	4944.76	0.00	12.86	2469.73
	4944.77	0.00	12.84	2468.75
	4944.78	0.00	12.84	2469.75
	4944.79	0.00	12.84	2472.75
	4944.81	0.00	12.83	2471.77
	4944.82	0.00	12.83	2471.75
	4944.83	0.00	12.82	2473.75
	4944.84	0.00	12.82	2474.75
	4944.85	0.00	12.81	2474.75
	4944.87	0.00	12.82	2474.75
	4944.88	0.00	12.81	2476.75
	4944.89	0.00	12.82	2477.74
	4944.90	0.00	12.81	2478.75
	4944.91	0.00	12.81	2477.75
	4944.92	0.00	12.81	2479.75
	4944.94	0.00	12.81	2477.75
	4944.95	0.00	12.81	2479.75
	4944.96	0.00	12.82	2481.75
	4944.97	0.00	12.82	2482.75
	4944.98	0.00	12.82	2480.75
	4945.00	0.00	12.81	2479.75
	4945.01	0.00	12.82	2481.75
	4945.02	0.00	12.82	2482.76
	4945.03	0.00	12.82	2482.75
	4945.04	0.00	12.81	2480.75
	4945.06	0.00	12.81	2480.75
	4945.07	0.00	12.83	2477.69
	4945.08	0.00	12.82	2482.74
	4945.09	0.00	12.82	2478.75
	4945.10	0.00	12.82	2477.72
	4945.12	0.00	12.83	2479.70
	4945.13	0.00	12.83	2475.70
	4945.14	0.00	12.82	2474.70
	4945.15	0.00	12.83	2474.69
	4945.16	0.00	12.83	2472.70
	4945.17	0.00	12.83	2472.70
	4945.18	0.00	12.83	2469.69
	4945.20	0.00	12.82	2465.73
	4945.21	0.00	12.81	2461.73
	4945.22	0.00	12.81	2458.73
	4945.23	0.00	12.82	2459.73
	4945.25	0.00	12.83	2459.73
	4945.26	0.00	12.82	2449.73
	4945.27	0.00	12.83	2448.73
	4945.28	0.00	12.83	2447.74
	4945.29	0.00	12.84	2444.73
	4945.30	0.00	12.84	2443.73
	4945.31	0.00	12.84	2442.73
	4945.33	0.00	12.86	2433.73
	4945.34	0.00	12.87	2435.73
	4945.35	0.00	12.87	2437.72
	4945.36	0.00	12.88	2437.71
	4945.37	0.00	12.88	2431.73
	4945.39	0.00	12.91	2422.73
	4945.40	0.00	12.91	2416.73
	4945.41	0.00	12.93	2418.73
	4945.42	0.00	12.93	2418.72
	4945.43	0.00	12.95	2412.72
	4945.44	0.00	12.95	2413.72
	4945.46	0.00	12.96	2412.72
	4945.47	0.00	12.96	2407.72
	4945.48	0.00	12.97	2407.72
	4945.49	0.00	12.97	2404.72
	4945.50	0.00	12.98	2406.71
	4945.52	0.00	12.98	2404.71
	4945.53	0.00	12.99	2404.71
	4945.54	0.00	12.99	2402.72
	4945.55	0.00	12.98	2396.70
	4945.56	0.00	12.99	2397.70
	4945.58	0.00	13.00	2395.70
	4945.59	0.00	13.00	2393.70
	4945.60	0.00	13.00	2394.70
	4945.61	0.00	13.00	2393.70
	4945.62	0.00	13.00	2392.71
	4945.63	0.00	13.00	2392.7200	12..97	0.00	12.87	2447.65
	4968.98	0.00	12.87	2452.65
	4969.00	0.00	12.88	2454.65
	4969.01	0.00	12.87	2452.65
	4969.02	0.00	12..97	0.00	12.87	2447.65
	4968.98	0.00	12.87	2452.65
	4969.00	0.00	12.88	2454.65
	4969.01	0.00	12.87	2452.65
	4969.02	0.00	12.87	2452.65
	4969.03	0.00	12.87	2453.65
	4969.04	0.00	12.87	2452.65
	4969.05	0.00	12.87	2450.65
	4969.07	0.00	12.86	2450.65
	4969.08	0.00	12.85	2449.68
	4969.09	0.00	12.85	2448.66
	4969.10	0.00	12.86	2451.66
	4969.11	0.00	12.85	2451.66
	4969.12	0.00	12.85	2452.66
	4969.14	0.00	12.84	2446.66
	4969.15	0.00	12.84	2442.65
	4969.16	0.00	12.86	2445.65
	4969.17	0.00	12.86	2440.64
	4969.18	0.00	12.89	2432.62
	4969.20	0.00	12.88	2439.60
	4969.21	0.00	12.98	2401.59
	4969.22	0.00	13.11	2360.51
	4969.23	0.00	13.17	2338.43
	4969.24	0.00	13.23	2312.32
	4969.25	0.00	13.28	2293.21
	4969.27	0.00	13.28	2277.12
	4969.28	0.00	13.28	2269.10
	4969.29	0.00	13.28	2263.09
	4969.30	0.00	13.28	2264.08
	4969.31	0.00	13.30	2273.07
	4969.33	0.00	13.30	2276.05
	4969.34	0.00	13.32	2275.03
	4969.35	0.00	13.32	2273.02
	4969.36	0.00	13.32	2274.02
	4969.37	0.00	13.36	2298.02
	4969.38	0.00	13.32	2271.01
	4969.40	0.00	13.33	2271.00
	4969.41	0.00	13.32	2270.99
	4969.42	0.00	13.33	2268.99
	4969.43	0.00	13.34	2270.95
	4969.44	0.00	13.34	2274.97
	4969.46	0.00	13.34	2273.97
	4969.47	0.00	13.34	2268.96
	4969.48	0.00	13.33	2270.99
	4969.49	0.00	13.34	2270.96
	4969.50	0.00	13.34	2269.95
	4969.52	0.00	13.34	2269.95
	4969.53	0.00	13.36	2269.89
	4969.54	0.00	13.35	2270.95
	4969.55	0.00	13.34	2271.95
	4969.56	0.00	13.35	2274.95
	4969.57	0.00	13.35	2271.94
	4969.58	0.00	13.34	2272.95
	4969.60	0.00	13.35	2272.94
	4969.61	0.00	13.36	2274.94
	4969.62	0.00	13.35	2274.95
	4969.63	0.00	13.37	2280.94
	4969.64	0.00	13.37	2277.93
	4969.66	0.00	13.36	2276.94
	4969.67	0.00	13.37	2275.94
	4969.68	0.00	13.37	2277.94
	4969.69	0.00	13.37	2275.93
	4969.70	0.00	13.36	2276.95
	4969.71	0.00	13.37	2277.93
	4969.73	0.00	13.37	2277.93
	4969.74	0.00	13.37	2278.93
	4969.75	0.00	13.37	2279.94
	4969.76	0.00	13.39	2280.92
	4969.77	0.00	13.37	2276.92
	4969.79	0.00	13.38	2279.92
	4969.80	0.00	13.38	2279.93
	4969.81	0.00	13.38	2284.92
	4969.82	0.00	13.38	2279.92
	4969.83	0.00	13.38	2280.92
	4969.85	0.00	13.38	2281.93
	4969.86	0.00	13.38	2279.92
	4969.87	0.00	13.38	2279.92
	4969.88	0.00	13.38	2279.91
	4969.89	0.00	13.38	2281.91
	4969.90	0.00	13.38	2282.92
	4969.92	0.00	13.38	2282.91
	4969.93	0.00	13.38	2281.91
	4969.94	0.00	13.38	2279.92
	4969.95	0.00	13.38	2282.91
	4969.96	0.00	13.37	2281.91
	4969.97	0.00	13.37	2279.91
	4969.99	0.00	13.38	2283.90
	4970.00	0.00	13.38	2282.90
	4970.01	0.00	13.38	2286.90
	4970.02	0.00	13.39	2292.89
	4970.03	0.00	13.39	2298.90
	4970.05	0.00	13.39	2306.93
	4970.06	0.00	13.42	2323.92
	4970.07	0.00	13.41	2323.94
	4970.08	0.00	13.36	2322.01
	4970.09	0.00	13.32	2322.12
	4970.10	0.00	13.26	2339.24
	4970.12	0.00	13.20	2349.36
	4970.13	0.00	13.16	2354.43
	4970.14	0.00	13.14	2365.47
	4970.15	0.00	13.11	2377.52
	4970.16	0.00	13.07	2388.54
	4970.18	0.00	13.04	2405.56
	4970.19	0.00	13.01	2417.59
	4970.20	0.00	13.00	2428.61
	4970.21	0.00	12.96	2447.63
	4970.22	0.00	12.92	2468.64
	4970.23	0.00	12.90	2484.66
	4970.25	0.00	12.87	2496.68
	4970.26	0.00	12.85	2505.69
	4970.27	0.00	12.85	2512.70
	4970.28	0.00	12.82	2519.73
	4970.29	0.00	12.82	2528.73
	4970.31	0.00	12.82	2535.74
	4970.32	0.00	12.81	2538.74
	4970.33	0.00	12.81	2540.75
	4970.34	0.00	12.82	2543.74
	4970.35	0.00	12.84	2547.71
	4970.36	0.00	12.84	2545.72
	4970.38	0.00	12.84	2547.73
	4970.39	0.00	12.84	2544.73
	4970.40	0.00	12.85	2542.73
	4970.41	0.00	12.86	2536.71
	4970.42	0.00	12.87	2532.72
	4970.44	0.00	12.87	2527.74
	4970.45	0.00	12.91	2515.75
	4970.46	0.00	12.92	2513.75
	4970.47	0.00	12.92	2512.75
	4970.48	0.00	12.93	2502.75
	4970.50	0.00	12.93	2499.75
	4970.51	0.00	12.93	2504.75
	4970.52	0.00	12.90	2515.75
	4970.53	0.00	12.91	2511.75
	4970.54	0.00	12.90	2508.75
	4970.55	0.00	12.92	2508.75
	4970.57	0.00	12.95	2498.76
	4970.58	0.00	12.96	2497.76
	4970.59	0.00	12.96	2497.76
	4970.60	0.00	12.96	2497.76
	4970.61	0.00	12.95	2491.76
	4970.63	0.00	12.96	2496.76
	4970.64	0.00	12.96	2492.72
	4970.65	0.00	12.94	2490.77
	4970.66	0.00	12.94	2490.77
	4970.67	0.00	12.94	2489.77
	4970.68	0.00	12.93	2488.79
	4970.70	0.00	12.94	2490.77
	4970.71	0.00	12.92	2485.77
	4970.72	0.00	12.93	2480.77
	4970.73	0.00	12.95	2473.76
	4970.74	0.00	12.94	2463.77
	4970.76	0.00	12.94	2461.77
	4970.77	0.00	12.96	2456.77
	4970.78	0.00	12.97	2452.76
	4970.79	0.00	12.98	2447.77
	4970.80	0.00	12.99	2445.76
	4970.81	0.00	12.98	2441.76
	4970.83	0.00	12.99	2441.75
	4970.84	0.00	12.99	2439.76
	4970.85	0.00	12.99	2437.75
	4970.86	0.00	12.99	2435.75
	4970.87	0.00	12.99	2434.75
	4970.89	0.00	12.99	2430.76
	4970.90	0.00	13.00	2430.75
	4970.91	0.00	12.99	2427.75
	4970.92	0.00	12.99	2425.75
	4970.93	0.00	12.99	2423.75
	4970.94	0.00	12.97	2417.75
	4970.96	0.00	12.98	2421.75
	4970.97	0.00	12.98	2420.75
	4970.98	0.00	12.97	2419.76
	4970.99	0.00	12.97	2418.75
	4971.00	0.00	12.97	2415.75
	4971.02	0.00	12.97	2414.72
	4971.03	0.00	12.98	2414.70
	4971.04	0.00	12.97	2408.72
	4971.05	0.00	12.96	2403.71
	4971.06	0.00	12.96	2398.71
	4971.08	0.00	12.96	2395.71
	4971.09	0.00	12.96	2394.70
	4971.10	0.00	12.96	2390.70
	4971.11	0.00	12.95	2383.71
	4971.12	0.00	12.94	2381.74
	4971.13	0.00	12.94	2382.73
	4971.15	0.00	12.94	2381.73
	4971.16	0.00	12.94	2381.73
	4971.17	0.00	12.92	2371.73
	4971.18	0.00	12.92	2371.73
	4971.19	0.00	12.93	2373.73
	4971.20	0.00	12.93	2369.72
	4971.22	0.00	12.93	2368.73
	4971.23	0.00	12.92	2364.73
	4971.24	0.00	12.92	2366.73
	4971.25	0.00	12.92	2364.73
	4971.27	0.00	12.91	2364.73
	4971.28	0.00	12.90	2366.73
	4971.29	0.00	12.89	2363.73
	4971.30	0.00	12.89	2364.73
	4971.31	0.00	12.89	2362.73
	4971.32	0.00	12.89	2358.72
	4971.33	0.00	12.90	2357.72
	4971.35	0.00	12.90	2356.71
	4971.36	0.00	12.91	2355.70
	4971.37	0.00	12.92	2351.70
	4971.38	0.00	12.92	2347.69
	4971.39	0.00	12.95	2346.67
	4971.41	0.00	12.95	2340.66
	4971.42	0.00	12.97	2334.64
	4971.43	0.00	12.99	2329.62
	4971.44	0.00	13.01	2324.59
	4971.45	0.00	13.04	2321.57
	4971.46	0.00	13.07	2321.53
	4971.48	0.00	13.09	2318.50
	4971.49	0.00	13.11	2315.46
	4971.50	0.00	13.12	2312.44
	4971.51	0.00	13.15	2308.39
	4971.52	0.00	13.16	2303.35
	4971.54	0.00	13.18	2302.32
	4971.55	0.00	13.19	2300.28
	4971.56	0.00	13.22	2294.22
	4971.57	0.00	13.24	2295.17
	4971.58	0.00	13.25	2294.14
	4971.60	0.00	13.26	2290.12
	4971.61	0.00	13.26	2292.11
	4971.62	0.00	13.28	2297.10
	4971.63	0.00	13.28	2298.08
	4971.64	0.00	13.29	2300.08
	4971.65	0.00	13.29	2300.07
	4971.67	0.00	13.29	2296.07
	4971.68	0.00	13.33	2302.99
	4971.69	0.00	13.30	2303.06
	4971.70	0.00	13.30	2303.06
	4971.71	0.00	13.31	2303.05
	4971.72	0.00	13.31	2304.05
	4971.74	0.00	13.31	2304.04
	4971.75	0.00	13.31	2306.04
	4971.76	0.00	13.31	2305.05
	4971.77	0.00	13.31	2305.04
	4971.78	0.00	13.32	2307.04
	4971.80	0.00	13.32	2308.04
	4971.81	0.00	13.32	2309.03
	4971.82	0.00	13.32	2310.04
	4971.83	0.00	13.33	2309.03
	4971.84	0.00	13.32	2307.03
	4971.85	0.00	13.32	2307.03
	4971.87	0.00	13.32	2308.03
	4971.88	0.00	13.32	2308.03
	4971.89	0.00	13.32	2306.04
	4971.90	0.00	13.33	2306.02
	4971.91	0.00	13.33	2308.02
	4971.93	0.00	13.33	2305.02
	4971.94	0.00	13.37	2311.95
	4971.95	0.00	13.34	2313.02
	4971.96	0.00	13.35	2316.02
	4971.97	0.00	13.34	2319.03
	4971.98	0.00	13.33	2322.06
	4972.00	0.00	13.32	2324.06
	4972.01	0.00	13.32	2335.08
	4972.02	0.00	13.32	2337.09
	4972.03	0.00	13.30	2337.13
	4972.04	0.00	13.31	2342.12
	4972.06	0.00	13.31	2341.13
	4972.07	0.00	13.31	2347.14
	4972.08	0.00	13.30	2347.15
	4972.09	0.00	13.31	2349.14
	4972.10	0.00	13.30	2348.15
	4972.11	0.00	13.29	2349.15
	4972.13	0.00	13.30	2351.15
	4972.14	0.00	13.29	2350.16
	4972.15	0.00	13.29	2351.17
	4972.16	0.00	13.29	2355.17
	4972.17	0.00	13.28	2356.18
	4972.18	0.00	13.27	2361.20
	4972.20	0.00	13.27	2364.21
	4972.21	0.00	13.26	2367.23
	4972.22	0.00	13.24	2364.26
	4972.23	0.00	13.23	2370.28
	4972.24	0.00	13.23	2371.27
	4972.26	0.00	13.21	2371.33
	4972.27	0.00	13.19	2371.36
	4972.28	0.00	13.19	2374.37
	4972.29	0.00	13.19	2373.38
	4972.30	0.00	13.19	2377.38
	4972.31	0.00	13.17	2379.42
	4972.33	0.00	13.15	2371.44
	4972.34	0.00	13.14	2378.46
	4972.35	0.00	13.13	2381.49
	4972.36	0.00	13.13	2386.50
	4972.37	0.00	13.11	2389.52
	4972.39	0.00	13.09	2388.53
	4972.40	0.00	13.07	2395.56
	4972.41	0.00	13.06	2401.56
	4972.42	0.00	13.05	2405.58
	4972.43	0.00	13.03	2412.60
	4972.44	0.00	13.02	2418.60
	4972.46	0.00	13.00	2421.62
	4972.47	0.00	12.99	2430.63
	4972.48	0.00	12.97	2434.64
	4972.49	0.00	12.96	2439.65
	4972.50	0.00	12.95	2443.66
	4972.52	0.00	12.93	2450.67
	4972.53	0.00	12.92	2461.67
	4972.54	0.00	12.89	2468.68
	4972.55	0.00	12.87	2475.69
	4972.56	0.00	12.85	2480.72
	4972.58	0.00	12.91	2463.70
	4972.59	0.00	12.90	2469.70
	4972.60	0.00	12.89	2465.70
	4972.61	0.00	12.88	2468.73
	4972.62	0.00	12.90	2471.71
	4972.63	0.00	12.90	2473.71
	4972.65	0.00	12.89	2474.71
	4972.66	0.00	12.88	2476.74
	4972.67	0.00	12.90	2482.71
	4972.68	0.00	12.90	2483.72
	4972.69	0.00	12.92	2488.71
	4972.71	0.00	12.91	2486.71
	4972.72	0.00	12.91	2487.71
	4972.73	0.00	12.92	2486.71
	4972.74	0.00	12.92	2485.71
	4972.75	0.00	12.93	2486.70
	4972.77	0.00	12.92	2483.70
	4972.78	0.00	12.93	2482.70
	4972.79	0.00	12.93	2480.70
	4972.80	0.00	12.90	2495.69
	4972.81	0.00	12.91	2494.69
	4972.82	0.00	12.92	2483.69
	4972.84	0.00	12.96	2485.61
	4972.85	0.00	12.97	2480.63
	4972.86	0.00	13.00	2470.63
	4972.87	0.00	13.01	2469.63
	4972.88	0.00	13.02	2465.61
	4972.90	0.00	13.01	2463.62
	4972.91	0.00	13.02	2457.59
	4972.92	0.00	13.03	2452.63
	4972.93	0.00	13.04	2448.64
	4972.94	0.00	13.04	2443.65
	4972.95	0.00	13.06	2436.64
	4972.97	0.00	13.09	2434.59
	4972.98	0.00	13.07	2426.64
	4972.99	0.00	13.07	2426.63
	4973.00	0.00	13.08	2426.64
	4973.01	0.00	13.09	2425.62
	4973.03	0.00	13.09	2426.63
	4973.04	0.00	13.09	2425.63
	4973.05	0.00	13.10	2425.62
	4973.06	0.00	13.09	2416.63
	4973.07	0.00	13.11	2424.61
	4973.08	0.00	13.11	2421.61
	4973.10	0.00	13.11	2422.61
	4973.11	0.00	13.11	2422.60
	4973.12	0.00	13.11	2423.60
	4973.13	0.00	13.11	2423.60
	4973.14	0.00	13.11	2422.60
	4973.16	0.00	13.11	2422.61
	4973.17	0.00	13.12	2422.59
	4973.18	0.00	13.11	2420.60
	4973.19	0.00	13.11	2422.60
	4973.20	0.00	13.10	2418.60
	4973.21	0.00	13.10	2418.59
	4973.23	0.00	13.11	2418.59
	4973.24	0.00	13.11	2420.59
	4973.25	0.00	13.10	2415.61
	4973.26	0.00	13.12	2414.58
	4973.27	0.00	13.11	2411.58
	4973.29	0.00	13.10	2406.58
	4973.30	0.00	13.10	2404.58
	4973.31	0.00	13.10	2406.58
	4973.32	0.00	13.09	2402.58
	4973.33	0.00	13.09	2403.58
	4973.34	0.00	13.09	2400.58
	4973.36	0.00	13.09	2399.58
	4973.37	0.00	13.09	2398.58
	4973.38	0.00	13.09	2401.58
	4973.39	0.00	13.09	2402.58
	4973.40	0.00	13.09	2400.58
	4973.41	0.00	13.09	2397.58
	4973.43	0.00	13.09	2399.59
	4973.44	0.00	13.09	2401.58
	4973.45	0.00	13.09	2398.58
	4973.46	0.00	13.09	2393.58
	4973.47	0.00	13.12	2396.48
	4973.49	0.00	13.09	2399.58
	4973.50	0.00	13.10	2396.58
	4973.51	0.00	13.09	2392.58
	4973.52	0.00	13.10	2397.58
	4973.53	0.00	13.09	2395.58
	4973.54	0.00	13.09	2393.57
	4973.56	0.00	13.10	2395.54
	4973.57	0.00	13.09	2396.56
	4973.58	0.00	13.10	2396.55
	4973.59	0.00	13.09	2398.55
	4973.60	0.00	13.08	2396.53
	4973.62	0.00	13.06	2396.56
	4973.63	0.00	13.05	2383.55
	4973.64	0.00	13.06	2393.57
	4973.65	0.00	13.05	2393.58
	4973.66	0.00	13.07	2391.53
	4973.67	0.00	13.06	2395.59
	4973.69	0.00	13.05	2386.59
	4973.70	0.00	13.05	2388.59
	4973.71	0.00	13.05	2389.59
	4973.72	0.00	13.06	2389.59
	4973.73	0.00	13.06	2390.59
	4973.75	0.00	13.05	2388.60
	4973.76	0.00	13.05	2391.59
	4973.77	0.00	13.05	2387.59
	4973.78	0.00	13.05	2393.59
	4973.79	0.00	13.06	2394.59
	4973.81	0.00	13.06	2396.59
	4973.82	0.00	13.06	2393.59
	4973.83	0.00	13.06	2395.59
	4973.84	0.00	13.06	2398.59
	4973.85	0.00	13.06	2396.60
	4973.86	0.00	13.06	2397.59
	4973.88	0.00	13.05	2397.60
	4973.89	0.00	13.06	2399.58
	4973.90	0.00	13.05	2396.60
	4973.91	0.00	13.05	2398.60
	4973.92	0.00	13.05	2396.60
	4973.94	0.00	13.05	2395.61
	4973.95	0.00	13.05	2397.60
	4973.96	0.00	13.05	2400.60
	4973.97	0.00	13.05	2399.60
	4973.98	0.00	13.05	2399.60
	4974.00	0.00	13.05	2398.60
	4974.01	0.00	13.05	2399.60
	4974.02	0.00	13.03	2402.62
	4974.03	0.00	13.02	2396.61
	4974.04	0.00	13.01	2398.61
	4974.05	0.00	13.01	2401.61
	4974.07	0.00	13.00	2400.64
	4974.08	0.00	13.01	2402.62
	4974.09	0.00	13.00	2400.62
	4974.10	0.00	13.00	2398.63
	4974.11	0.00	12.99	2402.63
	4974.12	0.00	13.00	2404.63
	4974.14	0.00	12.99	2406.64
	4974.15	0.00	12.98	2408.64
	4974.16	0.00	12.98	2409.64
	4974.17	0.00	12.97	2408.64
	4974.18	0.00	12.98	2408.64
	4974.20	0.00	12.97	2410.65
	4974.21	0.00	12.98	2412.65
	4974.22	0.00	12.97	2411.65
	4974.23	0.00	12.98	2413.65
	4974.24	0.00	12.97	2412.65
	4974.25	0.00	12.97	2414.65
	4974.27	0.00	12.97	2413.65
	4974.28	0.00	12.97	2410.65
	4974.29	0.00	12.96	2409.66
	4974.30	0.00	12.97	2411.65
	4974.31	0.00	12.97	2412.65
	4974.33	0.00	12.98	2414.63
	4974.34	0.00	12.98	2412.61
	4974.35	0.00	12.98	2413.61
	4974.36	0.00	12.98	2411.61
	4974.37	0.00	12.98	2411.62
	4974.38	0.00	12.97	2404.61
	4974.40	0.00	12.98	2412.61
	4974.41	0.00	12.98	2407.59
	4974.42	0.00	12.97	2408.63
	4974.43	0.00	12.97	2408.63
	4974.44	0.00	12.96	2406.64
	4974.46	0.00	12.96	2406.64
	4974.47	0.00	12.98	2405.60
	4974.48	0.00	12.96	2402.64
	4974.49	0.00	12.96	2404.64
	4974.50	0.00	12.96	2401.64
	4974.52	0.00	12.96	2404.65
	4974.53	0.00	12.96	2405.65
	4974.54	0.00	12.96	2407.65
	4974.55	0.00	12.96	2407.66
	4974.56	0.00	12.96	2406.65
	4974.57	0.00	12.96	2405.65
	4974.59	0.00	12.95	2400.65
	4974.60	0.00	12.96	2408.65
	4974.61	0.00	12.96	2410.65
	4974.62	0.00	12.96	2409.65
	4974.63	0.00	12.96	2408.65
	4974.64	0.00	12.96	2410.64
	4974.66	0.00	12.96	2412.65
	4974.67	0.00	12.96	2413.65
	4974.68	0.00	12.96	2412.65
	4974.69	0.00	12.96	2409.66
	4974.70	0.00	12.97	2414.65
	4974.72	0.00	12.97	2412.64
	4974.73	0.00	12.97	2412.63
	4974.74	0.00	12.96	2412.65
	4974.75	0.00	12.96	2411.64
	4974.76	0.00	12.96	2410.64
	4974.77	0.00	12.96	2410.66
	4974.79	0.00	12.97	2410.64
	4974.80	0.00	12.96	2411.64
	4974.81	0.00	12.96	2409.64
	4974.82	0.00	12.95	2405.66
	4974.83	0.00	12.96	2407.64
	4974.85	0.00	12.96	2404.64
	4974.86	0.00	12.96	2405.64
	4974.87	0.00	12.96	2400.60
	4974.88	0.00	12.96	2406.64
	4974.89	0.00	12.96	2405.64
	4974.90	0.00	12.96	2405.64
	4974.92	0.00	12.96	2404.64
	4974.93	0.00	12.96	2407.64
	4974.94	0.00	12.96	2404.64
	4974.95	0.00	12.96	2405.64
	4974.96	0.00	12.97	2408.63
	4974.98	0.00	12.96	2407.64
	4974.99	0.00	12.96	2406.64
	4975.00	0.00	12.96	2406.63
	4975.01	0.00	12.96	2409.64
	4975.02	0.00	12.96	2408.64
	4975.04	0.00	12.97	2407.63
	4975.05	0.00	12.96	2407.66
	4975.06	0.00	12.96	2407.64
	4975.07	0.00	12.96	2407.63
	4975.08	0.00	12.96	2408.64
	4975.09	0.00	12.96	2408.64
	4975.11	0.00	12.96	2408.64
	4975.12	0.00	12.96	2407.64
	4975.13	0.00	12.96	2407.64
	4975.14	0.00	12.97	2408.63
	4975.15	0.00	12.96	2407.63
	4975.16	0.00	12.97	2408.61
	4975.18	0.00	12.98	2407.59
	4975.19	0.00	12.98	2408.60
	4975.20	0.00	12.97	2407.60
	4975.21	1.00	12.96	2408.64
	4975.22	1.00	12.96	2407.65
	4975.24	1.00	12.97	2409.63
	4975.25	1.00	12.97	2409.63
	4975.26	1.00	12.96	2404.63
	4975.27	1.00	12.97	2409.63
	4975.28	1.00	12.97	2408.63
	4975.30	1.00	12.97	2408.63
	4975.31	1.00	12.96	2407.63
	4975.32	1.00	12.96	2407.63
	4975.33	1.00	12.96	2405.63
	4975.34	1.00	12.96	2405.63
	4975.35	1.00	12.97	2410.63
	4975.37	1.00	12.96	2407.63
	4975.38	1.00	12.96	2407.63
	4975.39	1.00	12.96	2404.63
	4975.40	1.00	12.96	2408.64
	4975.41	1.00	12.95	2396.63
	4975.43	0.00	12.97	2404.63
	4975.44	0.00	12.97	2402.63
	4975.45	0.00	12.97	2401.64
	4975.46	0.00	12.96	2404.63
	4975.47	0.00	12.97	2405.63
	4975.48	0.00	12.96	2403.63
	4975.50	0.00	12.97	2407.63
	4975.51	0.00	12.97	2405.63
	4975.52	0.00	12.97	2406.63
	4975.53	0.00	12.97	2407.63
	4975.54	0.00	12.97	2407.63
	4975.56	0.00	12.97	2405.63
	4975.57	0.00	12.97	2407.63
	4975.58	0.00	12.97	2407.63
	4975.59	0.00	12.98	2403.58
	4975.60	0.00	12.97	2403.62
	4975.62	0.00	12.97	2404.63
	4975.63	0.00	12.98	2406.62
	4975.64	0.00	12.97	2403.62
	4975.65	0.00	12.96	2401.63
	4975.66	0.00	12.96	2402.63
	4975.67	0.00	12.96	2401.62
	4975.69	0.00	12.96	2402.63
	4975.70	0.00	12.96	2401.62
	4975.71	0.00	12.96	2400.63
	4975.72	0.00	12.96	2401.64
	4975.73	0.00	12.96	2403.63
	4975.75	0.00	12.96	2403.63
	4975.76	0.00	12.96	2404.63
	4975.77	0.00	12.96	2403.64
	4975.78	0.00	12.96	2404.63
	4975.79	0.00	12.96	2404.63
	4975.80	0.00	12.96	2400.63
	4975.82	0.00	12.98	2405.58
	4975.83	0.00	12.97	2405.63
	4975.84	0.00	12.97	2405.63
	4975.85	0.00	12.97	2405.63
	4975.86	0.00	12.97	2403.61
	4975.88	0.00	12.96	2408.63
	4975.89	0.00	12.96	2404.63
	4975.90	0.00	12.96	2405.63
	4975.91	0.00	12.96	2404.64
	4975.92	0.00	12.96	2407.63
	4975.93	0.00	12.96	2405.63
	4975.95	0.00	12.93	2406.64
	4975.96	0.00	12.94	2410.66
	4975.97	0.00	12.95	2410.63
	4975.98	0.00	12.94	2408.61
	4975.99	0.00	12.94	2414.60
	4976.01	0.00	12.93	2412.60
	4976.02	0.00	12.93	2417.61
	4976.03	0.00	12.93	2416.60
	4976.04	0.00	12.90	2421.61
	4976.05	0.00	12.90	2422.61
	4976.06	0.00	12.90	2424.61
	4976.08	0.00	12.89	2422.59
	4976.09	0.00	12.87	2424.62
	4976.10	0.00	12.87	2426.63
	4976.11	0.00	12.86	2429.63
	4976.12	0.00	12.86	2429.64
	4976.14	0.00	12.87	2428.62
	4976.15	0.00	12.85	2430.64
	4976.16	0.00	12.84	2425.64
	4976.17	0.00	12.84	2425.64
	4976.18	0.00	12.84	2429.64
	4976.19	0.00	12.84	2429.65
	4976.21	0.00	12.84	2430.65
	4976.22	0.00	12.85	2431.64
	4976.23	0.00	12.84	2428.66
	4976.24	0.00	12.84	2429.65
	4976.25	0.00	12.85	2433.65
	4976.27	0.00	12.84	2434.65
	4976.28	0.00	12.84	2436.66
	4976.29	0.00	12.85	2436.65
	4976.30	0.00	12.85	2437.65
	4976.31	0.00	12.85	2441.65
	4976.32	0.00	12.85	2436.61
	4976.34	0.00	12.83	2441.66
	4976.35	0.00	12.83	2442.65
	4976.36	0.00	12.83	2446.66
	4976.37	0.00	12.83	2446.65
	4976.38	0.00	12.83	2446.65
	4976.40	0.00	12.82	2445.66
	4976.41	0.00	12.82	2446.66
	4976.42	0.00	12.82	2444.66
	4976.43	0.00	12.82	2446.66
	4976.44	0.00	12.82	2444.66
	4976.45	0.00	12.82	2442.68
	4976.47	0.00	12.83	2444.66
	4976.48	0.00	12.83	2441.66
	4976.49	0.00	12.84	2440.66
	4976.50	0.00	12.85	2435.68
	4976.51	0.00	12.87	2424.66
	4976.53	0.00	12.87	2421.66
	4976.54	0.00	12.86	2421.66
	4976.55	0.00	12.87	2422.67
	4976.56	0.00	12.87	2422.66
	4976.57	0.00	12.87	2423.66
	4976.58	0.00	12.87	2426.66
	4976.60	0.00	12.86	2423.67
	4976.61	0.00	12.87	2422.66
	4976.62	0.00	12.87	2423.66
	4976.63	0.00	12.87	2426.66
	4976.64	0.00	12.86	2426.68
	4976.66	0.00	12.87	2427.66
	4976.67	0.00	12.87	2425.66
	4976.68	0.00	12.87	2425.66
	4976.69	0.00	12.87	2425.68
	4976.70	0.00	12.88	2426.66
	4976.71	0.00	12.87	2425.66
	4976.73	0.00	12.87	2426.66
	4976.74	0.00	12.87	2427.66
	4976.75	0.00	12.88	2427.66
	4976.76	0.00	12.87	2423.66
	4976.77	0.00	12.87	2426.67
	4976.79	0.00	12.87	2427.67
	4976.80	0.00	12.87	2426.67
	4976.81	0.00	12.87	2425.66
	4976.82	0.00	12.87	2426.66
	4976.83	0.00	12.88	2423.63
	4976.85	0.00	12.88	2424.63
	4976.86	0.00	12.87	2422.63
	4976.87	0.00	12.88	2420.62
	4976.88	0.00	12.88	2421.62
	4976.89	0.00	12.87	2421.63
	4976.90	0.00	12.87	2421.63
	4976.92	0.00	12.87	2416.61
	4976.93	0.00	12.86	2417.64
	4976.94	0.00	12.86	2416.65
	4976.95	0.00	12.86	2416.65
	4976.96	0.00	12.88	2415.59
	4976.97	0.00	12.85	2415.66
	4976.99	0.00	12.86	2415.66
	4977.00	0.00	12.85	2409.65
	4977.01	0.00	12.84	2408.66
	4977.02	0.00	12.85	2412.66
	4977.03	0.00	12.85	2411.66
	4977.05	0.00	12.86	2412.66
	4977.06	0.00	12.85	2411.66
	4977.07	0.00	12.86	2416.65
	4977.08	0.00	12.85	2413.66
	4977.09	0.00	12.85	2409.65
	4977.10	0.00	12.85	2411.66
	4977.12	0.00	12.86	2414.66
	4977.13	0.00	12.86	2415.66
	4977.14	0.00	12.86	2415.66
	4977.15	0.00	12.86	2419.66
	4977.16	0.00	12.85	2416.66
	4977.18	0.00	12.86	2418.66
	4977.19	0.00	12.86	2418.65
	4977.20	0.00	12.86	2420.66
	4977.21	0.00	12.86	2420.66
	4977.22	0.00	12.86	2421.66
	4977.23	0.00	12.86	2418.65
	4977.25	0.00	12.86	2420.66
	4977.26	0.00	12.86	2419.66
	4977.27	0.00	12.86	2421.66
	4977.28	0.00	12.86	2420.66
	4977.29	0.00	12.86	2419.66
	4977.31	0.00	12.86	2419.66
	4977.32	0.00	12.85	2417.66
	4977.33	0.00	12.87	2413.60
	4977.34	0.00	12.85	2414.66
	4977.35	0.00	12.85	2413.66
	4977.37	0.00	12.85	2414.66
	4977.38	0.00	12.87	2414.59
	4977.39	0.00	12.85	2414.66
	4977.40	0.00	12.85	2414.66
	4977.41	0.00	12.85	2412.66
	4977.42	0.00	12.84	2413.68
	4977.44	0.00	12.84	2407.66
	4977.45	0.00	12.86	2415.66
	4977.46	0.00	12.86	2414.66
	4977.47	0.00	12.86	2415.65
	4977.48	0.00	12.86	2415.65
	4977.50	0.00	12.86	2412.65
	4977.51	0.00	12.86	2415.66
	4977.52	0.00	12.86	2416.66
	4977.53	0.00	12.86	2416.66
	4977.54	0.00	12.86	2416.66
	4977.56	0.00	12.86	2416.67
	4977.57	0.00	12.86	2416.65
	4977.58	0.00	12.86	2414.66
	4977.59	0.00	12.86	2416.66
	4977.60	0.00	12.86	2416.65
	4977.61	0.00	12.85	2414.66
	4977.63	0.00	12.86	2416.65
	4977.64	0.00	12.87	2416.63
	4977.65	0.00	12.87	2416.62
	4977.66	0.00	12.87	2414.63
	4977.67	0.00	12.87	2412.62
	4977.68	0.00	12.88	2415.62
	4977.70	0.00	12.88	2413.62
	4977.71	0.00	12.88	2415.62
	4977.72	0.00	12.87	2411.62
	4977.73	0.00	12.88	2411.60
	4977.74	0.00	12.87	2409.62
	4977.76	0.00	12.87	2409.63
	4977.77	0.00	12.86	2409.64
	4977.78	0.00	12.87	2409.64
	4977.79	0.00	12.86	2408.64
	4977.80	0.00	12.86	2407.64
	4977.81	0.00	12.85	2402.64
	4977.83	0.00	12.85	2402.64
	4977.84	0.00	12.86	2403.64
	4977.85	0.00	12.86	2404.64
	4977.86	0.00	12.87	2404.64
	4977.87	0.00	12.86	2404.65
	4977.89	0.00	12.87	2405.63
	4977.90	0.00	12.86	2403.64
	4977.91	0.00	12.87	2408.64
	4977.92	0.00	12.86	2406.66
	4977.93	0.00	12.87	2410.64
	4977.94	0.00	12.87	2406.64
	4977.96	0.00	12.87	2408.64
	4977.97	0.00	12.86	2409.65
	4977.98	0.00	12.87	2407.64
	4977.99	0.00	12.87	2410.64
	4978.00	0.00	12.87	2410.64
	4978.02	0.00	12.87	2410.66
	4978.03	0.00	12.87	2409.64
	4978.04	0.00	12.87	2409.64
	4978.05	0.00	12.87	2410.64
	4978.06	0.00	12.87	2410.66
	4978.08	0.00	12.87	2411.64
	4978.09	0.00	12.87	2408.64
	4978.10	0.00	12.87	2410.64
	4978.11	0.00	12.88	2411.60
	4978.12	0.00	12.87	2409.64
	4978.13	0.00	12.87	2408.63
	4978.15	0.00	12.87	2409.63
	4978.16	0.00	12.86	2405.64
	4978.17	0.00	12.86	2404.64
	4978.18	0.00	12.86	2404.64
	4978.19	0.00	12.86	2404.64
	4978.20	0.00	12.86	2404.64
	4978.22	0.00	12.86	2405.64
	4978.23	0.00	12.86	2404.63
	4978.24	0.00	12.85	2405.66
	4978.25	0.00	12.86	2407.64
	4978.26	0.00	12.86	2406.63
	4978.28	0.00	12.86	2405.63
	4978.29	0.00	12.85	2408.66
	4978.30	0.00	12.87	2407.63
	4978.31	0.00	12.86	2407.63
	4978.32	0.00	12.86	2405.63
	4978.33	0.00	12.86	2405.63
	4978.35	0.00	12.86	2409.64
	4978.36	0.00	12.86	2408.64
	4978.37	0.00	12.85	2408.64
	4978.38	0.00	12.85	2407.64
	4978.39	0.00	12.85	2410.64
	4978.41	0.00	12.84	2406.64
	4978.42	0.00	12.84	2410.63
	4978.43	0.00	12.85	2409.61
	4978.44	0.00	12.83	2404.64
	4978.45	0.00	12.83	2408.64
	4978.46	0.00	12.82	2407.64
	4978.48	0.00	12.84	2411.61
	4978.49	0.00	12.84	2408.61
	4978.50	0.00	12.83	2407.61
	4978.51	0.00	12.83	2407.61
	4978.52	0.00	12.83	2407.62
	4978.54	0.00	12.83	2407.61
	4978.55	0.00	12.83	2405.61
	4978.56	0.00	12.83	2405.61
	4978.57	0.00	12.81	2404.62
	4978.58	0.00	12.79	2404.63
	4978.60	0.00	12.79	2403.64
	4978.61	0.00	12.79	2403.64
	4978.62	0.00	12.80	2402.59
	4978.63	0.00	12.78	2400.65
	4978.64	0.00	12.78	2401.65
	4978.65	0.00	12.76	2398.66
	4978.67	0.00	12.74	2405.67
	4978.68	0.00	12.74	2412.67
	4978.69	0.00	12.74	2415.67
	4978.70	0.00	12.73	2418.67
	4978.71	0.00	12.72	2422.68
	4978.72	0.00	12.72	2427.64
	4978.74	0.00	12.70	2429.70
	4978.75	0.00	12.69	2437.71
	4978.76	0.00	12.69	2442.73
	4978.77	0.00	12.68	2446.73
	4978.79	0.00	12.67	2454.75
	4978.80	0.00	12.66	2458.75
	4978.81	0.00	12.64	2464.76
	4978.82	0.00	12.63	2472.77
	4978.83	0.00	12.62	2476.77
	4978.84	0.00	12.60	2482.79
	4978.85	0.00	12.60	2489.79
	4978.87	0.00	12.59	2492.80
	4978.88	0.00	12.58	2499.80
	4978.89	0.00	12.57	2505.81
	4978.90	0.00	12.55	2519.83
	4978.91	0.00	12.53	2530.80
	4978.93	0.00	12.48	2559.82
	4978.94	0.00	12.45	2577.84
	4978.95	0.00	12.40	2591.86
	4978.96	0.00	12.38	2611.86
	4978.97	0.00	12.37	2631.87
	4978.98	0.00	12.35	2639.89
	4979.00	0.00	12.31	2646.88
	4979.01	0.00	12.32	2672.89
	4979.02	0.00	12.33	2686.89
	4979.03	0.00	12.34	2694.89
	4979.04	0.00	12.35	2695.89
	4979.06	0.00	12.36	2694.89
	4979.07	0.00	12.37	2692.88
	4979.08	0.00	12.38	2687.87
	4979.09	0.00	12.41	2684.86
	4979.10	0.00	12.43	2681.85
	4979.12	0.00	12.44	2677.84
	4979.13	0.00	12.46	2669.84
	4979.14	0.00	12.48	2670.84
	4979.15	0.00	12.52	2670.75
	4979.16	0.00	12.56	2674.76
	4979.17	0.00	12.56	2659.76
	4979.19	0.00	12.62	2660.76
	4979.20	0.00	12.66	2658.76
	4979.21	0.00	12.70	2644.77
	4979.22	0.00	12.75	2636.78
	4979.23	0.00	12.83	2622.76
	4979.25	0.00	12.88	2620.74
	4979.26	0.00	12.93	2619.71
	4979.27	0.00	13.13	2550.68
	4979.28	0.00	13.28	2532.63
	4979.29	0.00	13.33	2538.58
	4979.31	0.00	13.37	2536.50
	4979.32	0.00	13.45	2537.37
	4979.33	0.00	13.52	2535.23
	4979.34	0.00	13.58	2539.14
	4979.35	0.00	13.71	2564.10
	4979.36	0.00	13.82	2584.04
	4979.38	0.00	13.87	2594.02
	4979.39	0.00	13.92	2593.95
	4979.40	0.00	13.98	2601.91
	4979.41	0.00	14.07	2614.83
	4979.42	0.00	14.12	2617.74
	4979.43	0.00	14.17	2622.69
	4979.45	0.00	14.22	2631.67
	4979.46	0.00	14.27	2633.62
	4979.47	0.00	14.31	2634.55
	4979.48	0.00	14.34	2628.52
	4979.49	0.00	14.34	2615.48
	4979.51	0.00	14.32	2599.46
	4979.52	0.00	14.29	2570.44
	4979.53	0.00	14.21	2539.46
	4979.54	0.00	14.09	2479.55
	4979.55	0.00	13.87	2422.68
	4979.56	0.00	13.71	2384.80
	4979.58	0.00	13.56	2345.85
	4979.59	0.00	13.38	2297.93
	4979.60	0.00	13.34	2288.95
	4979.61	0.00	13.38	2318.97
	4979.62	0.00	13.35	2296.96
	4979.64	0.00	13.36	2300.95
	4979.65	0.00	13.35	2294.96
	4979.66	0.00	13.35	2289.95
	4979.67	0.00	13.36	2292.95
	4979.68	0.00	13.35	2292.96
	4979.69	0.00	13.37	2293.94
	4979.71	0.00	13.37	2292.94
	4979.72	0.00	13.37	2290.94
	4979.73	0.00	13.36	2289.97
	4979.74	0.00	13.34	2286.99
	4979.75	0.00	13.36	2296.99
	4979.77	0.00	13.36	2300.99
	4979.78	0.00	13.37	2303.99
	4979.79	0.00	13.37	2307.99
	4979.80	0.00	13.36	2302.99
	4979.81	0.00	13.38	2305.96
	4979.83	0.00	13.38	2306.96
	4979.84	0.00	13.38	2297.91
	4979.85	0.00	13.41	2312.90
	4979.86	0.00	13.41	2311.90
	4979.87	0.00	13.43	2311.83
	4979.88	0.00	13.40	2309.90
	4979.90	0.00	13.40	2306.90
	4979.91	0.00	13.40	2302.89
	4979.92	0.00	13.40	2309.90
	4979.93	0.00	13.41	2308.88
	4979.94	0.00	13.42	2309.88
	4979.95	0.00	13.42	2308.88
	4979.97	0.00	13.41	2307.88
	4979.98	0.00	13.40	2305.91
	4979.99	0.00	13.39	2304.93
	4980.00	0.00	13.37	2305.97
	4980.01	0.00	13.26	2327.10
	4980.03	0.00	13.10	2365.21
	4980.04	0.00	12.80	2477.43
	4980.05	0.00	12.50	2587.61
	4980.06	0.00	12.34	2656.73
	4980.07	0.00	12.26	2697.80
	4980.08	0.00	12.27	2731.84
	4980.10	0.00	12.33	2761.82
	4980.11	0.00	12.32	2776.86
	4980.12	0.00	12.31	2781.88
	4980.13	0.00	12.31	2798.91
	4980.14	0.00	12.33	2823.92
	4980.16	0.00	12.33	2828.92
	4980.17	0.00	12.37	2837.91
	4980.18	0.00	12.42	2841.90
	4980.19	0.00	12.46	2835.87
	4980.20	0.00	12.51	2822.86
	4980.21	0.00	12.56	2813.84
	4980.23	0.00	12.62	2803.82
	4980.24	0.00	12.67	2785.79
	4980.25	0.00	12.70	2765.77
	4980.26	0.00	12.76	2759.75
	4980.27	0.00	12.80	2743.73
	4980.29	0.00	12.87	2732.69
	4980.30	0.00	12.92	2720.65
	4980.31	0.00	12.99	2718.60
	4980.32	0.00	13.03	2717.56
	4980.33	0.00	13.09	2715.51
	4980.35	0.00	13.23	2684.46
	4980.36	0.00	13.30	2679.41
	4980.37	0.00	13.36	2679.37
	4980.38	0.00	13.41	2671.32
	4980.39	0.00	13.48	2667.27
	4980.40	0.00	13.57	2677.18
	4980.42	0.00	13.61	2681.10
	4980.43	0.00	13.64	2677.02
	4980.44	0.00	13.70	2665.91
	4980.45	0.00	13.72	2658.85
	4980.46	0.00	13.74	2659.80
	4980.47	0.00	13.77	2651.74
	4980.49	0.00	13.78	2651.70
	4980.50	0.00	13.79	2647.69
	4980.51	0.00	13.78	2666.66
	4980.52	0.00	13.79	2661.65
	4980.54	0.00	13.87	2669.63
	4980.55	0.00	13.90	2663.61
	4980.56	0.00	13.93	2632.59
	4980.57	0.00	13.96	2619.58
	4980.58	0.00	13.99	2615.54
	4980.59	0.00	14.10	2626.50
	4980.60	0.00	14.14	2625.47
	4980.62	0.00	14.15	2610.43
	4980.63	0.00	14.19	2616.41
	4980.64	0.00	14.22	2621.38
	4980.65	0.00	14.25	2617.35
	4980.66	0.00	14.24	2606.36
	4980.68	0.00	14.24	2586.34
	4980.69	0.00	14.23	2587.38
	4980.70	0.00	14.20	2574.40
	4980.71	0.00	14.12	2553.51
	4980.72	0.00	13.98	2514.65
	4980.73	0.00	13.81	2459.69
	4980.75	0.00	13.70	2420.75
	4980.76	0.00	13.51	2383.86
	4980.77	0.00	13.46	2372.94
	4980.78	0.00	13.44	2375.98
	4980.79	0.00	13.43	2378.98
	4980.81	0.00	13.42	2370.98
	4980.82	0.00	13.41	2365.98
	4980.83	0.00	13.41	2361.98
	4980.84	0.00	13.41	2360.97
	4980.85	0.00	13.41	2352.98
	4980.87	0.00	13.41	2351.98
	4980.88	0.00	13.40	2348.98
	4980.89	0.00	13.41	2342.96
	4980.90	0.00	13.39	2337.97
	4980.91	0.00	13.40	2339.96
	4980.92	0.00	13.40	2339.97
	4980.94	0.00	13.40	2341.96
	4980.95	0.00	13.41	2338.95
	4980.96	0.00	13.42	2342.95
	4980.97	0.00	13.42	2339.95
	4980.98	0.00	13.41	2333.95
	4981.00	0.00	13.39	2321.95
	4981.01	0.00	13.40	2322.94
	4981.02	0.00	13.40	2324.95
	4981.03	0.00	13.41	2327.93
	4981.04	0.00	13.41	2327.93
	4981.05	0.00	13.41	2331.93
	4981.07	0.00	13.42	2334.92
	4981.08	0.00	13.40	2323.92
	4981.09	0.00	13.42	2332.92
	4981.10	0.00	13.43	2334.91
	4981.11	0.00	13.43	2331.91
	4981.12	0.00	13.43	2330.90
	4981.14	0.00	13.43	2332.90
	4981.15	0.00	13.44	2336.89
	4981.16	0.00	13.46	2353.90
	4981.17	0.00	13.45	2355.92
	4981.18	0.00	13.46	2355.92
	4981.20	0.00	13.43	2361.99
	4981.21	0.00	13.39	2364.08
	4981.22	0.00	13.15	2398.27
	4981.23	0.00	12.87	2480.51
	4981.24	0.00	12.68	2543.66
	4981.25	0.00	12.53	2590.74
	4981.27	0.00	12.47	2619.80
	4981.28	0.00	12.44	2644.82
	4981.29	0.00	12.44	2667.84
	4981.30	0.00	12.43	2708.84
	4981.31	0.00	12.39	2751.91
	4981.33	0.00	12.33	2768.96
	4981.34	0.00	12.26	2786.02
	4981.35	0.00	12.22	2801.03
	4981.36	0.00	12.20	2802.06
	4981.37	0.00	12.20	2797.06
	4981.39	0.00	12.22	2793.05
	4981.40	0.00	12.25	2781.05
	4981.41	0.00	12.29	2769.05
	4981.42	0.00	12.34	2759.96
	4981.43	0.00	12.35	2754.02
	4981.44	0.00	12.37	2742.02
	4981.46	0.00	12.40	2731.00
	4981.47	0.00	12.45	2713.00
	4981.48	0.00	12.48	2700.98
	4981.49	0.00	12.52	2691.96
	4981.50	0.00	12.55	2685.94
	4981.52	0.00	12.57	2681.93
	4981.53	0.00	12.60	2682.94
	4981.54	0.00	12.62	2681.92
	4981.55	0.00	12.65	2683.91
	4981.56	0.00	12.68	2687.91
	4981.58	0.00	12.72	2697.91
	4981.59	0.00	12.78	2700.89
	4981.60	0.00	12.82	2703.89
	4981.61	0.00	12.86	2710.87
	4981.62	0.00	12.92	2706.86
	4981.63	0.00	12.99	2701.85
	4981.65	0.00	13.09	2683.85
	4981.66	0.00	13.16	2667.83
	4981.67	0.00	13.25	2669.77
	4981.68	0.00	13.32	2651.78
	4981.69	0.00	13.39	2649.74
	4981.71	0.00	13.45	2639.70
	4981.72	0.00	13.60	2665.65
	4981.73	0.00	13.66	2664.59
	4981.74	0.00	13.74	2666.49
	4981.75	0.00	13.82	2664.33
	4981.77	0.00	13.88	2673.24
	4981.78	0.00	13.90	2669.19
	4981.79	0.00	13.96	2663.07
	4981.80	0.00	13.98	2651.01
	4981.81	0.00	14.01	2640.94
	4981.82	0.00	14.05	2623.81
	4981.84	0.00	14.11	2608.77
	4981.85	0.00	14.11	2582.73
	4981.86	0.00	14.03	2514.72
	4981.87	0.00	13.90	2468.85
	4981.88	0.00	13.79	2417.73
	4981.90	0.00	13.73	2379.69
	4981.91	0.00	13.59	2337.84
	4981.92	0.00	13.37	2276.92
	4981.93	0.00	13.30	2257.01
	4981.94	0.00	13.26	2250.05
	4981.95	0.00	13.30	2284.03
	4981.97	0.00	13.32	2298.03
	4981.98	0.00	13.35	2314.02
	4981.99	0.00	13.35	2310.02
	4982.00	0.00	13.35	2304.00
	4982.01	0.00	13.32	2283.98
	4982.02	0.00	13.32	2291.03
	4982.04	0.00	13.32	2292.04
	4982.05	0.00	13.32	2295.04
	4982.06	0.00	13.33	2294.04
	4982.07	0.00	13.33	2297.05
	4982.08	0.00	13.33	2300.04
	4982.10	0.00	13.33	2300.05
	4982.11	0.00	13.34	2299.02
	4982.12	0.00	13.34	2303.02
	4982.13	0.00	13.34	2307.03
	4982.14	0.00	13.36	2310.01
	4982.15	0.00	13.35	2311.04
	4982.17	0.00	13.35	2313.04
	4982.18	0.00	13.35	2313.04
	4982.19	0.00	13.35	2321.05
	4982.20	0.00	13.36	2322.04
	4982.21	0.00	13.36	2327.04
	4982.22	0.00	13.38	2331.98
	4982.24	0.00	13.39	2337.99
	4982.25	0.00	13.39	2339.98
	4982.26	0.00	13.39	2339.98
	4982.27	0.00	13.39	2338.99
	4982.29	0.00	13.38	2340.02
	4982.30	0.00	13.38	2340.02
	4982.31	0.00	13.38	2341.02
	4982.32	0.00	13.41	2343.95
	4982.33	0.00	13.40	2344.96
	4982.34	0.00	13.41	2345.96
	4982.35	0.00	13.44	2363.93
	4982.37	0.00	13.43	2365.93
	4982.38	0.00	13.44	2364.92
	4982.39	0.00	13.43	2364.92
	4982.40	0.00	13.33	2389.01
	4982.41	0.00	13.04	2455.21
	4982.43	0.00	12.73	2539.47
	4982.44	0.00	12.48	2625.60
	4982.45	0.00	12.36	2670.68
	4982.46	0.00	12.33	2692.72
	4982.47	0.00	12.31	2713.75
	4982.49	0.00	12.33	2740.75
	4982.50	0.00	12.32	2759.78
	4982.51	0.00	12.26	2754.81
	4982.52	0.00	12.26	2782.82
	4982.53	0.00	12.25	2792.87
	4982.54	0.00	12.25	2802.94
	4982.56	0.00	12.26	2803.97
	4982.57	0.00	12.31	2814.95
	4982.58	0.00	12.35	2801.94
	4982.59	0.00	12.42	2801.93
	4982.60	0.00	12.47	2793.91
	4982.62	0.00	12.53	2778.89
	4982.63	0.00	12.58	2771.87
	4982.64	0.00	12.65	2759.80
	4982.65	0.00	12.68	2742.78
	4982.66	0.00	12.73	2729.76
	4982.67	0.00	12.76	2717.77
	4982.69	0.00	12.80	2704.74
	4982.70	0.00	12.84	2694.74
	4982.71	0.00	12.88	2680.73
	4982.72	0.00	12.90	2669.71
	4982.73	0.00	12.94	2666.71
	4982.75	0.00	12.98	2652.69
	4982.76	0.00	13.05	2640.67
	4982.77	0.00	13.16	2609.64
	4982.78	0.00	13.24	2599.60
	4982.79	0.00	13.31	2571.58
	4982.81	0.00	13.36	2570.55
	4982.82	0.00	13.41	2569.51
	4982.83	0.00	13.47	2573.46
	4982.84	0.00	13.51	2568.38
	4982.85	0.00	13.56	2600.30
	4982.87	0.00	13.62	2590.24
	4982.88	0.00	13.65	2590.19
	4982.89	0.00	13.67	2582.13
	4982.90	0.00	13.72	2602.11
	4982.91	0.00	13.83	2626.06
	4982.92	0.00	13.86	2626.99
	4982.94	0.00	13.90	2623.92
	4982.95	0.00	13.92	2622.87
	4982.96	0.00	14.04	2642.78
	4982.97	0.00	14.09	2648.71
	4982.98	0.00	14.14	2646.62
	4983.00	0.00	14.18	2655.56
	4983.01	0.00	14.20	2656.55
	4983.02	0.00	14.26	2661.46
	4983.03	0.00	14.28	2652.44
	4983.04	0.00	14.32	2652.33
	4983.05	0.00	14.35	2620.17
	4983.07	0.00	14.32	2592.19
	4983.08	0.00	14.22	2551.24
	4983.09	0.00	14.14	2504.19
	4983.10	0.00	13.89	2430.26
	4983.11	0.00	13.74	2389.44
	4983.12	0.00	13.61	2352.56
	4983.14	0.00	13.50	2326.66
	4983.15	0.00	13.41	2307.81
	4983.16	0.00	13.36	2304.87
	4983.17	0.00	13.37	2306.90
	4983.18	0.00	13.37	2310.90
	4983.20	0.00	13.40	2321.89
	4983.21	0.00	13.39	2312.90
	4983.22	0.00	13.40	2311.90
	4983.23	0.00	13.37	2294.92
	4983.24	0.00	13.36	2280.94
	4983.25	0.00	13.37	2275.90
	4983.27	0.00	13.35	2277.95
	4983.28	0.00	13.35	2277.95
	4983.29	0.00	13.36	2276.94
	4983.30	0.00	13.35	2277.96
	4983.31	0.00	13.36	2279.95
	4983.33	0.00	13.37	2277.91
	4983.34	0.00	13.38	2277.89
	4983.35	0.00	13.38	2277.89
	4983.36	0.00	13.39	2280.88
	4983.37	0.00	13.39	2277.88
	4983.38	0.00	13.39	2278.88
	4983.40	0.00	13.38	2278.89
	4983.41	0.00	13.39	2278.87
	4983.42	0.00	13.39	2273.85
	4983.43	0.00	13.38	2273.88
	4983.44	0.00	13.38	2274.90
	4983.45	0.00	13.37	2269.90
	4983.47	0.00	13.38	2273.90
	4983.48	0.00	13.38	2272.90
	4983.49	0.00	13.43	2302.87
	4983.50	0.00	13.43	2311.86
	4983.52	0.00	13.42	2315.87
	4983.53	0.00	13.44	2323.86
	4983.54	0.00	13.44	2331.87
	4983.55	0.00	13.45	2340.85
	4983.56	0.00	13.45	2341.85
	4983.57	0.00	13.42	2346.94
	4983.58	0.00	13.28	2376.01
	4983.60	0.00	13.02	2433.21
	4983.61	0.00	12.77	2497.39
	4983.62	0.00	12.58	2549.54
	4983.63	0.00	12.49	2579.62
	4983.64	0.00	12.48	2598.65
	4983.66	0.00	12.45	2629.68
	4983.67	0.00	12.45	2666.71
	4983.68	0.00	12.41	2696.77
	4983.69	0.00	12.36	2716.82
	4983.70	0.00	12.31	2745.86
	4983.71	0.00	12.28	2769.82
	4983.73	0.00	12.27	2792.82
	4983.74	0.00	12.25	2797.87
	4983.75	0.00	12.28	2805.84
	4983.76	0.00	12.30	2802.84
	4983.77	0.00	12.31	2794.85
	4983.79	0.00	12.36	2801.84
	4983.80	0.00	12.42	2798.82
	4983.81	0.00	12.46	2789.81
	4983.82	0.00	12.54	2782.79
	4983.83	0.00	12.60	2768.77
	4983.85	0.00	12.66	2749.78
	4983.86	0.00	12.72	2734.79
	4983.87	0.00	12.78	2717.77
	4983.88	0.00	12.85	2710.75
	4983.89	0.00	12.90	2696.72
	4983.91	0.00	12.95	2683.68
	4983.92	0.00	13.01	2677.64
	4983.93	0.00	13.14	2641.60
	4983.94	0.00	13.29	2615.41
	4983.95	0.00	13.41	2606.34
	4983.96	0.00	13.49	2597.29
	4983.98	0.00	13.52	2600.22
	4983.99	0.00	13.58	2601.09
	4984.00	0.00	13.63	2571.01
	4984.01	0.00	13.65	2570.97
	4984.02	0.00	13.67	2570.95
	4984.04	0.00	13.69	2573.91
	4984.05	0.00	13.73	2572.83
	4984.06	0.00	13.74	2575.82
	4984.07	0.00	13.76	2579.80
	4984.08	0.00	13.76	2579.80
	4984.10	0.00	13.88	2606.76
	4984.11	0.00	13.91	2608.69
	4984.12	0.00	13.94	2611.66
	4984.13	0.00	13.96	2610.63
	4984.14	0.00	14.05	2628.62
	4984.15	0.00	14.11	2636.55
	4984.17	0.00	14.13	2633.51
	4984.18	0.00	14.18	2641.44
	4984.19	0.00	14.21	2640.41
	4984.20	0.00	14.25	2646.40
	4984.21	0.00	14.26	2651.40
	4984.22	0.00	14.29	2652.31
	4984.24	0.00	14.33	2643.26
	4984.25	0.00	14.35	2631.16
	4984.26	0.00	14.35	2610.07
	4984.27	0.00	14.34	2588.97
	4984.28	0.00	14.32	2551.91
	4984.30	0.00	14.21	2514.98
	4984.31	0.00	14.03	2455.13
	4984.32	0.00	13.80	2403.34
	4984.33	0.00	13.66	2372.51
	4984.34	0.00	13.48	2336.78
	4984.35	0.00	13.41	2321.83
	4984.37	0.00	13.36	2307.89
	4984.38	0.00	13.31	2294.93
	4984.39	0.00	13.34	2308.91
	4984.40	0.00	13.37	2324.90
	4984.41	0.00	13.38	2321.90
	4984.43	0.00	13.37	2308.91
	4984.44	0.00	13.37	2303.91
	4984.45	0.00	13.36	2300.92
	4984.46	0.00	13.36	2298.91
	4984.47	0.00	13.35	2294.91
	4984.48	0.00	13.36	2298.92
	4984.50	0.00	13.35	2298.94
	4984.51	0.00	13.37	2303.92
	4984.52	0.00	13.38	2311.91
	4984.53	0.00	13.39	2315.91
	4984.54	0.00	13.39	2321.91
	4984.56	0.00	13.40	2324.90
	4984.57	0.00	13.39	2325.94
	4984.58	0.00	13.38	2325.96
	4984.59	0.00	13.36	2317.98
	4984.60	0.00	13.38	2326.98
	4984.61	0.00	13.38	2328.97
	4984.63	0.00	13.37	2328.99
	4984.64	0.00	13.38	2328.97
	4984.65	0.00	13.39	2328.94
	4984.66	0.00	13.39	2328.95
	4984.67	0.00	13.39	2327.96
	4984.69	0.00	13.39	2328.96
	4984.70	0.00	13.39	2328.96
	4984.71	0.00	13.39	2326.96
	4984.72	0.00	13.38	2325.96
	4984.73	0.00	13.41	2325.89
	4984.74	0.00	13.43	2333.87
	4984.76	0.00	13.42	2334.88
	4984.77	0.00	13.42	2331.90
	4984.78	0.00	13.41	2332.90
	4984.79	0.00	13.41	2331.90
	4984.80	0.00	13.39	2325.94
	4984.81	0.00	13.36	2325.99
	4984.83	0.00	13.24	2351.14
	4984.84	0.00	12.98	2433.26
	4984.85	0.00	12.65	2535.50
	4984.86	0.00	12.40	2628.66
	4984.87	0.00	12.24	2693.77
	4984.89	0.00	12.17	2733.79
	4984.90	0.00	12.13	2760.83
	4984.91	0.00	12.14	2784.85
	4984.92	0.00	12.16	2816.88
	4984.93	0.00	12.19	2844.88
	4984.94	0.00	12.17	2856.88
	4984.96	0.00	12.17	2863.91
	4984.97	0.00	12.18	2871.93
	4984.98	0.00	12.20	2873.94
	4984.99	0.00	12.24	2880.94
	4985.00	0.00	12.27	2880.93
	4985.02	0.00	12.31	2874.93
	4985.03	0.00	12.35	2865.91
	4985.04	0.00	12.40	2851.89
	4985.05	0.00	12.45	2840.84
	4985.06	0.00	12.50	2826.81
	4985.08	0.00	12.55	2811.79
	4985.09	0.00	12.59	2795.77
	4985.10	0.00	12.64	2776.75
	4985.11	0.00	12.68	2763.74
	4985.12	0.00	12.73	2757.72
	4985.14	0.00	12.79	2745.70
	4985.15	0.00	12.82	2733.68
	4985.16	0.00	12.85	2735.67
	4985.17	0.00	12.86	2738.66
	4985.18	0.00	12.87	2736.65
	4985.19	0.00	12.85	2736.68
	4985.21	0.00	12.84	2759.68
	4985.22	0.00	12.85	2760.68
	4985.23	0.00	12.86	2762.67
	4985.24	0.00	12.89	2761.68
	4985.25	0.00	12.90	2761.65
	4985.27	0.00	12.89	2761.67
	4985.28	0.00	12.91	2757.66
	4985.29	0.00	12.91	2725.68
	4985.30	0.00	12.96	2731.60
	4985.31	0.00	12.96	2736.61
	4985.32	0.00	12.98	2740.61
	4985.34	0.00	13.04	2728.60
	4985.35	0.00	13.19	2687.58
	4985.36	0.00	13.26	2670.54
	4985.37	0.00	13.38	2627.57
	4985.38	0.00	13.46	2638.47
	4985.40	0.00	13.54	2632.32
	4985.41	0.00	13.62	2624.13
	4985.42	0.00	13.75	2629.98
	4985.43	0.00	13.80	2633.94
	4985.44	0.00	13.85	2635.88
	4985.45	0.00	13.89	2630.78
	4985.47	0.00	13.92	2627.68
	4985.48	0.00	13.98	2618.54
	4985.49	0.00	13.98	2610.53
	4985.50	0.00	13.95	2585.55
	4985.51	0.00	13.92	2561.54
	4985.53	0.00	13.80	2514.53
	4985.54	0.00	13.77	2495.55
	4985.55	0.00	13.70	2442.65
	4985.56	0.00	13.59	2415.79
	4985.57	0.00	13.48	2377.91
	4985.58	0.00	13.39	2348.96
	4985.60	0.00	13.35	2340.00
	4985.61	0.00	13.34	2343.02
	4985.62	0.00	13.33	2340.03
	4985.63	0.00	13.35	2348.02
	4985.64	0.00	13.36	2351.01
	4985.66	0.00	13.37	2348.01
	4985.67	0.00	13.36	2342.01
	4985.68	0.00	13.36	2337.00
	4985.69	0.00	13.36	2334.00
	4985.70	0.00	13.36	2331.99
	4985.71	0.00	13.37	2329.96
	4985.73	0.00	13.35	2319.00
	4985.74	0.00	13.35	2309.97
	4985.75	0.00	13.34	2308.99
	4985.76	0.00	13.34	2312.00
	4985.77	0.00	13.35	2313.00
	4985.79	0.00	13.35	2310.99
	4985.80	0.00	13.35	2310.99
	4985.81	0.00	13.35	2313.00
	4985.82	0.00	13.36	2312.99
	4985.83	0.00	13.36	2311.99
	4985.84	0.00	13.33	2296.98
	4985.86	0.00	13.33	2296.00
	4985.87	0.00	13.33	2296.98
	4985.88	0.00	13.34	2298.97
	4985.89	0.00	13.35	2299.97
	4985.90	0.00	13.34	2298.98
	4985.92	0.00	13.35	2298.96
	4985.93	0.00	13.35	2297.96
	4985.94	0.00	13.35	2295.95
	4985.95	0.00	13.34	2294.96
	4985.96	0.00	13.35	2297.94
	4985.97	0.00	13.36	2300.94
	4985.99	0.00	13.37	2302.93
	4986.00	0.00	13.39	2306.91
	4986.01	0.00	13.40	2312.88
	4986.02	0.00	13.41	2324.88
	4986.03	0.00	13.41	2324.87
	4986.04	0.00	13.40	2323.91
	4986.06	0.00	13.38	2323.94
	4986.07	0.00	13.37	2317.95
	4986.08	0.00	13.35	2322.99
	4986.09	0.00	13.14	2404.21
	4986.10	0.00	12.69	2537.46
	4986.12	0.00	12.18	2712.67
	4986.13	0.00	12.02	2771.75
	4986.14	0.00	11.95	2803.86
	4986.15	0.00	11.99	2801.89
	4986.16	0.00	12.09	2786.91
	4986.17	0.00	12.05	2802.94
	4986.19	0.00	12.04	2829.96
	4986.20	0.00	12.04	2873.97
	4986.21	0.00	12.07	2888.97
	4986.22	0.00	12.05	2871.97
	4986.23	0.00	12.06	2869.97
	4986.25	0.00	12.05	2859.04
	4986.26	0.00	12.10	2861.04
	4986.27	0.00	12.16	2852.02
	4986.28	0.00	12.22	2844.00
	4986.29	0.00	12.30	2832.97
	4986.31	0.00	12.37	2824.94
	4986.32	0.00	12.47	2804.92
	4986.33	0.00	12.55	2786.90
	4986.34	0.00	12.63	2772.87
	4986.35	0.00	12.71	2753.84
	4986.37	0.00	12.79	2738.80
	4986.38	0.00	12.86	2721.76
	4986.39	0.00	12.93	2704.72
	4986.40	0.00	12.99	2701.69
	4986.41	0.00	13.06	2691.65
	4986.42	0.00	13.24	2650.59
	4986.44	0.00	13.35	2623.53
	4986.45	0.00	13.49	2599.47
	4986.46	0.00	13.52	2600.45
	4986.47	0.00	13.58	2610.39
	4986.48	0.00	13.62	2614.32
	4986.50	0.00	13.66	2616.26
	4986.51	0.00	13.69	2618.20
	4986.52	0.00	13.71	2624.16
	4986.53	0.00	13.73	2623.13
	4986.54	0.00	13.75	2621.09
	4986.56	0.00	13.77	2623.05
	4986.57	0.00	13.86	2634.97
	4986.58	0.00	14.01	2664.90
	4986.59	0.00	14.03	2667.88
	4986.60	0.00	14.15	2682.74
	4986.61	0.00	14.18	2692.76
	4986.63	0.00	14.26	2708.72
	4986.64	0.00	14.33	2718.68
	4986.65	0.00	14.39	2731.63
	4986.66	0.00	14.44	2739.62
	4986.67	0.00	14.49	2746.59
	4986.68	0.00	14.51	2751.57
	4986.70	0.00	14.50	2760.52
	4986.71	0.00	14.46	2730.45
	4986.72	0.00	14.49	2704.22
	4986.73	0.00	14.42	2653.08
	4986.74	0.00	14.24	2582.11
	4986.76	0.00	14.09	2520.24
	4986.77	0.00	14.03	2522.33
	4986.78	0.00	13.74	2405.48
	4986.79	0.00	13.44	2340.78
	4986.80	0.00	13.28	2290.97
	4986.81	0.00	13.26	2257.99
	4986.83	0.00	13.27	2280.99
	4986.84	0.00	13.30	2295.01
	4986.85	0.00	13.28	2266.04
	4986.86	0.00	13.27	2254.05
	4986.87	0.00	13.27	2254.06
	4986.89	0.00	13.26	2252.06
	4986.90	0.00	13.27	2257.06
	4986.91	0.00	13.27	2259.07
	4986.92	0.00	13.25	2240.05
	4986.93	0.00	13.24	2241.08
	4986.94	0.00	13.24	2247.10
	4986.96	0.00	13.25	2252.10
	4986.97	0.00	13.27	2252.08
	4986.98	0.00	13.26	2252.11
	4986.99	0.00	13.27	2256.11
	4987.00	0.00	13.27	2259.11
	4987.02	0.00	13.25	2253.10
	4987.03	0.00	13.27	2263.10
	4987.04	0.00	13.28	2268.11
	4987.05	0.00	13.28	2270.12
	4987.06	0.00	13.28	2272.12
	4987.08	0.00	13.28	2272.12
	4987.09	0.00	13.28	2272.12
	4987.10	0.00	13.27	2272.13
	4987.11	0.00	13.28	2273.12
	4987.12	0.00	13.28	2272.10
	4987.13	0.00	13.29	2278.11
	4987.15	0.00	13.29	2281.12
	4987.16	0.00	13.29	2281.12
	4987.17	0.00	13.29	2281.12
	4987.18	0.00	13.29	2279.13
	4987.19	0.00	13.29	2283.12
	4987.20	0.00	13.29	2281.12
	4987.22	0.00	13.30	2275.05
	4987.23	0.00	13.33	2279.00
	4987.24	0.00	13.33	2282.00
	4987.25	0.00	13.34	2281.99
	4987.26	0.00	13.37	2326.98
	4987.27	0.00	13.37	2328.00
	4987.29	0.00	13.36	2319.01
	4987.30	0.00	13.37	2315.97
	4987.31	0.00	13.18	2363.19
	4987.32	0.00	12.74	2485.42
	4987.33	0.00	12.28	2652.64
	4987.35	0.00	12.03	2753.83
	4987.36	0.00	12.06	2783.90
	4987.37	0.00	12.04	2818.92
	4987.38	0.00	12.08	2833.91
	4987.39	0.00	12.09	2865.92
	4987.40	0.00	12.14	2844.92
	4987.42	0.00	12.16	2858.94
	4987.43	0.00	12.16	2869.97
	4987.44	0.00	12.16	2877.03
	4987.45	0.00	12.18	2879.04
	4987.46	0.00	12.24	2889.04
	4987.47	0.00	12.27	2877.04
	4987.49	0.00	12.34	2863.00
	4987.50	0.00	12.39	2841.99
	4987.51	0.00	12.47	2826.97
	4987.52	0.00	12.56	2806.87
	4987.54	0.00	12.65	2791.83
	4987.55	0.00	12.72	2769.77
	4987.56	0.00	12.81	2744.71
	4987.57	0.00	12.89	2727.67
	4987.58	0.00	12.95	2716.64
	4987.59	0.00	12.97	2699.70
	4987.61	0.00	13.03	2687.65
	4987.62	0.00	13.21	2637.59
	4987.63	0.00	13.30	2620.54
	4987.64	0.00	13.38	2620.43
	4987.65	0.00	13.43	2604.38
	4987.67	0.00	13.47	2611.33
	4987.68	0.00	13.49	2609.29
	4987.69	0.00	13.55	2616.20
	4987.70	0.00	13.57	2615.14
	4987.71	0.00	13.62	2621.00
	4987.72	0.00	13.63	2621.97
	4987.74	0.00	13.64	2622.96
	4987.75	0.00	13.67	2618.92
	4987.76	0.00	13.71	2604.92
	4987.77	0.00	13.79	2618.91
	4987.78	0.00	13.84	2627.89
	4987.80	0.00	13.98	2651.82
	4987.81	0.00	14.08	2673.80
	4987.82	0.00	14.20	2700.76
	4987.83	0.00	14.29	2721.75
	4987.84	0.00	14.40	2745.71
	4987.85	0.00	14.44	2755.75
	4987.87	0.00	14.49	2773.73
	4987.88	0.00	14.51	2766.71
	4987.89	0.00	14.53	2764.66
	4987.90	0.00	14.52	2745.59
	4987.91	0.00	14.50	2732.56
	4987.93	0.00	14.43	2692.52
	4987.94	0.00	14.32	2628.50
	4987.95	0.00	14.08	2532.52
	4987.96	0.00	13.88	2457.62
	4987.97	0.00	13.61	2386.81
	4987.98	0.00	13.36	2311.94
	4988.00	0.00	13.25	2275.04
	4988.01	0.00	13.23	2277.08
	4988.02	0.00	13.23	2285.12
	4988.03	0.00	13.28	2305.11
	4988.04	0.00	13.27	2302.11
	4988.06	0.00	13.27	2292.12
	4988.07	0.00	13.27	2296.13
	4988.08	0.00	13.22	2261.18
	4988.09	0.00	13.23	2262.18
	4988.10	0.00	13.25	2264.13
	4988.11	0.00	13.25	2265.13
	4988.13	0.00	13.26	2269.13
	4988.14	0.00	13.26	2272.14
	4988.15	0.00	13.31	2305.09
	4988.16	0.00	13.32	2306.07
	4988.17	0.00	13.33	2310.06
	4988.19	0.00	13.36	2313.98
	4988.20	0.00	13.43	2313.78
	4988.21	0.00	13.44	2319.79
	4988.22	0.00	13.44	2325.81
	4988.23	0.00	13.43	2325.84
	4988.24	0.00	13.45	2330.83
	4988.26	0.00	13.40	2334.94
	4988.27	0.00	13.43	2333.87
	4988.28	0.00	13.36	2317.00
	4988.29	0.00	13.35	2321.04
	4988.30	0.00	13.35	2317.05
	4988.31	0.00	13.35	2314.05
	4988.33	0.00	13.37	2318.03
	4988.34	0.00	13.36	2319.04
	4988.35	0.00	13.36	2316.04
	4988.36	0.00	13.31	2267.04
	4988.37	0.00	13.30	2270.05
	4988.39	0.00	13.31	2270.04
	4988.40	0.00	13.30	2270.04
	4988.41	0.00	13.35	2308.99
	4988.42	0.00	13.36	2316.98
	4988.43	0.00	13.41	2320.86
	4988.44	0.00	13.39	2320.93
	4988.46	0.00	13.26	2346.18
	4988.47	0.00	12.81	2458.42
	4988.48	0.00	12.37	2624.69
	4988.49	0.00	11.99	2782.94
	4988.50	0.00	11.98	2808.06
	4988.52	0.00	11.97	2817.08
	4988.53	0.00	12.03	2810.07
	4988.54	0.00	12.07	2818.07
	4988.55	0.00	12.09	2864.11
	4988.56	0.00	12.13	2881.12
	4988.58	0.00	12.15	2887.06
	4988.59	0.00	12.19	2907.06
	4988.60	0.00	12.22	2910.07
	4988.61	0.00	12.28	2911.08
	4988.62	0.00	12.34	2904.08
	4988.63	0.00	12.42	2878.03
	4988.65	0.00	12.49	2850.01
	4988.66	0.00	12.55	2831.99
	4988.67	0.00	12.62	2812.95
	4988.68	0.00	12.69	2796.91
	4988.69	0.00	12.77	2775.86
	4988.70	0.00	12.84	2752.83
	4988.72	0.00	12.91	2732.83
	4988.73	0.00	12.97	2710.80
	4988.74	0.00	13.18	2663.76
	4988.75	0.00	13.30	2629.71
	4988.77	0.00	13.40	2612.61
	4988.78	0.00	13.44	2607.51
	4988.79	0.00	13.50	2606.38
	4988.80	0.00	13.57	2601.17
	4988.81	0.00	13.61	2594.09
	4988.82	0.00	13.62	2587.09
	4988.84	0.00	13.61	2587.11
	4988.85	0.00	13.61	2565.16
	4988.86	0.00	13.62	2561.15
	4988.87	0.00	13.64	2571.14
	4988.88	0.00	13.68	2584.13
	4988.90	0.00	13.70	2589.12
	4988.91	0.00	13.72	2589.08
	4988.92	0.00	13.75	2594.06
	4988.93	0.00	13.86	2623.03
	4988.94	0.00	13.90	2635.01
	4988.95	0.00	14.02	2669.99
	4988.97	0.00	14.09	2684.95
	4988.98	0.00	14.16	2707.96
	4988.99	0.00	14.25	2724.91
	4989.00	0.00	14.29	2728.87
	4989.01	0.00	14.35	2739.85
	4989.03	0.00	14.37	2728.84
	4989.04	0.00	14.42	2732.79
	4989.05	0.00	14.46	2728.66
	4989.06	0.00	14.46	2710.57
	4989.07	0.00	14.42	2702.48
	4989.08	0.00	14.38	2665.38
	4989.10	0.00	14.21	2590.37
	4989.11	0.00	14.07	2539.48
	4989.12	0.00	13.87	2478.61
	4989.13	0.00	13.53	2370.80
	4989.14	0.00	13.39	2327.96
	4989.16	0.00	13.27	2283.05
	4989.17	0.00	13.25	2251.09
	4989.18	0.00	13.25	2252.07
	4989.19	0.00	13.29	2269.04
	4989.20	0.00	13.28	2255.05
	4989.21	0.00	13.29	2264.05
	4989.23	0.00	13.27	2253.04
	4989.24	0.00	13.25	2247.05
	4989.25	0.00	13.27	2250.05
	4989.26	0.00	13.29	2262.05
	4989.27	0.00	13.29	2262.05
	4989.29	0.00	13.30	2267.05
	4989.30	0.00	13.30	2269.04
	4989.31	0.00	13.30	2267.05
	4989.32	0.00	13.31	2268.04
	4989.33	0.00	13.31	2270.04
	4989.34	0.00	13.30	2267.04
	4989.36	0.00	13.32	2276.03
	4989.37	0.00	13.33	2281.03
	4989.38	0.00	13.33	2283.03
	4989.39	0.00	13.35	2285.01
	4989.40	0.00	13.35	2288.01
	4989.41	0.00	13.34	2286.04
	4989.43	0.00	13.34	2287.05
	4989.44	0.00	13.33	2286.06
	4989.45	0.00	13.33	2288.06
	4989.46	0.00	13.33	2287.08
	4989.47	0.00	13.33	2287.09
	4989.49	0.00	13.32	2284.09
	4989.50	0.00	13.32	2286.09
	4989.51	0.00	13.32	2286.09
	4989.52	0.00	13.33	2287.06
	4989.53	0.00	13.33	2289.06
	4989.54	0.00	13.38	2331.03
	4989.56	0.00	13.40	2341.02
	4989.57	0.00	13.39	2345.03
	4989.58	0.00	13.40	2351.02
	4989.59	0.00	13.41	2353.02
	4989.60	0.00	13.41	2351.01
	4989.62	0.00	13.41	2353.02
	4989.63	0.00	13.39	2351.06
	4989.64	0.00	13.19	2405.35
	4989.65	0.00	12.60	2581.66
	4989.66	0.00	12.01	2790.02
	4989.67	0.00	11.91	2836.15
	4989.69	0.00	11.96	2842.19
	4989.70	0.00	11.95	2844.17
	4989.71	0.00	12.02	2840.13
	4989.72	0.00	12.05	2851.14
	4989.73	0.00	12.06	2856.15
	4989.75	0.00	12.12	2883.16
	4989.76	0.00	12.18	2899.15
	4989.77	0.00	12.22	2910.11
	4989.78	0.00	12.27	2919.11
	4989.79	0.00	12.31	2936.11
	4989.81	0.00	12.36	2919.09
	4989.82	0.00	12.45	2907.04
	4989.83	0.00	12.50	2890.05
	4989.84	0.00	12.58	2870.02
	4989.85	0.00	12.63	2847.97
	4989.86	0.00	12.70	2833.94
	4989.88	0.00	12.79	2790.90
	4989.89	0.00	12.87	2771.86
	4989.90	0.00	12.94	2751.81
	4989.91	0.00	13.01	2726.72
	4989.92	0.00	13.21	2672.66
	4989.93	0.00	13.36	2633.60
	4989.95	0.00	13.45	2613.55
	4989.96	0.00	13.50	2609.44
	4989.97	0.00	13.49	2636.35
	4989.98	0.00	13.53	2633.25
	4990.00	0.00	13.56	2636.16
	4990.01	0.00	13.59	2636.11
	4990.02	0.00	13.60	2636.08
	4990.03	0.00	13.61	2632.07
	4990.04	0.00	13.62	2634.05
	4990.05	0.00	13.62	2627.07
	4990.06	0.00	13.64	2617.07
	4990.08	0.00	13.63	2609.12
	4990.09	0.00	13.64	2617.14
	4990.10	0.00	13.69	2602.13
	4990.11	0.00	13.73	2616.13
	4990.12	0.00	13.87	2654.10
	4990.14	0.00	14.00	2681.09
	4990.15	0.00	14.07	2698.07
	4990.16	0.00	14.14	2714.03
	4990.17	0.00	14.21	2732.00
	4990.18	0.00	14.29	2742.90
	4990.19	0.00	14.36	2751.83
	4990.21	0.00	14.40	2750.81
	4990.22	0.00	14.45	2747.70
	4990.23	0.00	14.51	2732.51
	4990.24	0.00	14.50	2711.42
	4990.25	0.00	14.43	2673.42
	4990.27	0.00	14.43	2630.18
	4990.28	0.00	14.20	2565.36
	4990.29	0.00	14.04	2498.53
	4990.30	0.00	13.80	2442.80
	4990.31	0.00	13.51	2374.99
	4990.33	0.00	13.40	2330.02
	4990.34	0.00	13.30	2288.13
	4990.35	0.00	13.28	2289.15
	4990.36	0.00	13.29	2296.13
	4990.37	0.00	13.31	2294.13
	4990.38	0.00	13.29	2283.14
	4990.40	0.00	13.27	2263.17
	4990.41	0.00	13.26	2256.15
	4990.42	0.00	13.27	2267.18
	4990.43	0.00	13.28	2275.19
	4990.44	0.00	13.27	2274.20
	4990.45	0.00	13.28	2277.20
	4990.47	0.00	13.27	2274.20
	4990.48	0.00	13.30	2289.20
	4990.49	0.00	13.29	2290.20
	4990.50	0.00	13.32	2289.13
	4990.52	0.00	13.32	2292.13
	4990.53	0.00	13.34	2300.12
	4990.54	0.00	13.41	2348.07
	4990.55	0.00	13.42	2357.07
	4990.56	0.00	13.42	2363.07
	4990.57	0.00	13.44	2369.02
	4990.58	0.00	13.43	2363.02
	4990.60	0.00	13.43	2366.03
	4990.61	0.00	13.44	2368.03
	4990.62	0.00	13.44	2365.03
	4990.63	0.00	13.44	2369.03
	4990.64	0.00	13.44	2367.02
	4990.66	0.00	13.45	2370.01
	4990.67	0.00	13.43	2360.01
	4990.68	0.00	13.43	2362.00
	4990.69	0.00	13.44	2361.99
	4990.70	0.00	13.44	2362.98
	4990.71	0.00	13.47	2374.96
	4990.73	0.00	13.47	2374.96
	4990.74	0.00	13.47	2374.96
	4990.75	0.00	13.49	2373.89
	4990.76	0.00	13.47	2374.95
	4990.77	0.00	13.47	2373.95
	4990.79	0.00	13.47	2375.95
	4990.80	0.00	13.47	2375.95
	4990.81	0.00	13.49	2374.90
	4990.82	0.00	13.43	2380.02
	4990.83	0.00	13.21	2416.29
	4990.84	0.00	12.59	2598.63
	4990.86	0.00	12.16	2741.95
	4990.87	0.00	12.13	2762.03
	4990.88	0.00	12.14	2767.02
	4990.89	0.00	12.15	2767.06
	4990.90	0.00	12.14	2773.11
	4990.91	0.00	11.62	2583.16
	4990.93	0.00	12.08	2843.21
	4990.94	0.00	12.11	2853.23
	4990.95	0.00	12.14	2872.22
	4990.96	0.00	12.17	2872.23
	4990.97	0.00	12.23	2869.23
	4990.99	0.00	12.29	2852.19
	4991.00	0.00	12.35	2841.18
	4991.01	0.00	12.47	2825.97
	4991.02	0.00	12.55	2810.96
	4991.03	0.00	12.63	2789.94
	4991.05	0.00	12.73	2787.92
	4991.06	0.00	12.77	2761.04
	4991.07	0.00	12.91	2727.01
	4991.08	0.00	13.16	2660.97
	4991.09	0.00	13.31	2623.89
	4991.11	0.00	13.40	2605.77
	4991.12	0.00	13.46	2610.69
	4991.13	0.00	13.53	2598.59
	4991.14	0.00	13.59	2594.45
	4991.15	0.00	13.63	2595.37
	4991.16	0.00	13.64	2592.32
	4991.18	0.00	13.65	2584.28
	4991.19	0.00	13.66	2579.25
	4991.20	0.00	13.75	2598.23
	4991.21	0.00	13.85	2617.22
	4991.22	0.00	13.88	2623.19
	4991.24	0.00	13.94	2631.17
	4991.25	0.00	14.00	2643.16
	4991.26	0.00	14.07	2659.15
	4991.27	0.00	14.15	2667.06
	4991.28	0.00	14.23	2678.04
	4991.29	0.00	14.30	2695.03
	4991.31	0.00	14.34	2698.00
	4991.32	0.00	14.38	2708.01
	4991.33	0.00	14.40	2709.00
	4991.34	0.00	14.41	2705.98
	4991.35	0.00	14.43	2708.97
	4991.37	0.00	14.43	2706.95
	4991.38	0.00	14.40	2693.94
	4991.39	0.00	14.40	2683.91
	4991.40	0.00	14.37	2677.91
	4991.41	0.00	14.32	2649.86
	4991.42	0.00	14.19	2607.86
	4991.44	0.00	14.08	2545.86
	4991.45	0.00	13.90	2487.95
	4991.46	0.00	13.68	2422.00
	4991.47	0.00	13.41	2308.13
	4991.48	0.00	13.20	2249.21
	4991.50	0.00	13.18	2252.24
	4991.51	0.00	13.16	2249.28
	4991.52	0.00	13.16	2245.27
	4991.53	0.00	13.19	2254.27
	4991.54	0.00	13.20	2258.26
	4991.56	0.00	13.21	2257.23
	4991.57	0.00	13.23	2261.21
	4991.58	0.00	13.24	2263.20
	4991.59	0.00	13.25	2271.23
	4991.60	0.00	13.26	2276.23
	4991.61	0.00	13.26	2280.23
	4991.63	0.00	13.27	2282.21
	4991.64	0.00	13.27	2284.21
	4991.65	0.00	13.38	2284.92
	4991.66	0.00	13.44	2335.87
	4991.67	0.00	13.45	2343.89
	4991.68	0.00	13.45	2342.89
	4991.70	0.00	13.45	2345.89
	4991.71	0.00	13.45	2347.89
	4991.72	0.00	13.45	2345.90
	4991.73	0.00	13.41	2333.96
	4991.74	0.00	13.38	2327.99
	4991.75	0.00	13.38	2327.99
	4991.77	0.00	13.36	2330.05
	4991.78	0.00	13.35	2332.11
	4991.79	0.00	13.34	2331.13
	4991.80	0.00	13.36	2331.13
	4991.81	0.00	13.36	2327.12
	4991.83	0.00	13.35	2327.14
	4991.84	0.00	13.34	2306.09
	4991.85	0.00	13.35	2307.08
	4991.86	0.00	13.35	2312.08
	4991.87	0.00	13.36	2311.08
	4991.88	0.00	13.36	2316.08
	4991.90	0.00	13.36	2319.08
	4991.91	0.00	13.36	2319.08
	4991.92	0.00	13.36	2320.07
	4991.93	0.00	13.37	2323.07
	4991.94	0.00	13.37	2321.06
	4991.95	0.00	13.38	2329.03
	4991.97	0.00	13.38	2334.05
	4991.98	0.00	13.40	2350.04
	4991.99	0.00	13.39	2349.04
	4992.00	0.00	13.41	2361.03
	4992.01	0.00	13.31	2383.25
	4992.03	0.00	12.82	2508.56
	4992.04	0.00	12.26	2689.95
	4992.05	0.00	11.97	2813.16
	4992.06	0.00	11.88	2857.24
	4992.07	0.00	11.89	2860.24
	4992.09	0.00	11.94	2841.21
	4992.10	0.00	12.00	2851.12
	4992.11	0.00	12.05	2838.10
	4992.12	0.00	12.10	2854.09
	4992.13	0.00	12.19	2869.09
	4992.14	0.00	12.25	2877.09
	4992.16	0.00	12.26	2888.09
	4992.17	0.00	12.29	2883.08
	4992.18	0.00	12.32	2874.07
	4992.19	0.00	12.38	2858.06
	4992.20	0.00	12.45	2839.05
	4992.22	0.00	12.50	2826.03
	4992.23	0.00	12.57	2790.02
	4992.24	0.00	12.62	2771.01
	4992.25	0.00	12.66	2757.99
	4992.26	0.00	12.71	2756.93
	4992.27	0.00	12.74	2747.96
	4992.29	0.00	12.85	2718.92
	4992.30	0.00	12.96	2693.88
	4992.31	0.00	13.07	2655.85
	4992.32	0.00	13.21	2674.81
	4992.33	0.00	13.27	2667.82
	4992.35	0.00	13.33	2661.79
	4992.36	0.00	13.37	2663.79
	4992.37	0.00	13.40	2667.78
	4992.38	0.00	13.43	2672.74
	4992.39	0.00	13.49	2681.65
	4992.40	0.00	13.52	2681.63
	4992.42	0.00	13.52	2687.63
	4992.43	0.00	13.53	2690.63
	4992.44	0.00	13.50	2686.71
	4992.45	0.00	13.49	2685.72
	4992.46	0.00	13.51	2688.72
	4992.48	0.00	13.52	2692.71
	4992.49	0.00	13.52	2692.68
	4992.50	0.00	13.53	2695.67
	4992.51	0.00	13.53	2696.68
	4992.52	0.00	13.53	2699.68
	4992.53	0.00	13.51	2697.71
	4992.55	0.00	13.52	2697.68
	4992.56.76
	4994.53	0.00	13.12	2501.76
	4994.54	0.00	13.13	2499.77
	4994.56	0.00	13.13	2501.76
	4994.57	0.00	13.13	2500.76
	4994.58	0.00	13.13	2498.75
	4994.59	0.00	13.12	2494.75
	4994.60	0.00	13.13	2498.75
	4994.62	0.00	13.13	2501.75
	4994.63	0.00	13.13	2502.75
	4994.64	0.00	13.14	2502.73
	4994.65	0.00	13.12	2503.79
	4994.66	0.00	13.12	2505.80
	4994.67	0.00	13.11	2505.82
	4994.69	0.00	13.11	2505.82
	4994.70	0.00	13.11	2506.83
	4994.71	0.00	13.11	2507.83
	4994.72	0.00	13.13	2509.79
	4994.73	0.00	13.11	2497.80
	4994.75	0.00	13.12	2510.81
	4994.76	0.00	13.12	2508.82
	4994.77	0.00	13.12	2508.82
	4994.78	0.00	13.12	2507.83
	4994.79	0.00	13.19	2507.59
	4994.80	0.00	13.19	2508.58
	4994.82	0.00	13.19	2509.59
	4994.83	0.00	13.20	2511.58
	4994.84	0.00	13.20	2510.59
	4994.85	0.00	13.19	2508.59
	4994.86	0.00	13.18	2505.60
	4994.88	0.00	13.19	2506.60
	4994.89	0.00	13.18	2505.61
	4994.90	0.00	13.18	2494.57
	4994.91	0.00	13.15	2495.65
	4994.92	0.00	13.15	2494.68
	4994.93	0.00	13.14	2491.70
	4994.95	0.00	13.14	2493.71
	4994.96	0.00	13.11	2472.72
	4994.97	0.00	13.10	2474.75
	4994.98	0.00	13.10	2481.78
	4994.99	0.00	13.11	2486.77
	4995.01	0.00	13.11	2485.79
	4995.02	0.00	13.12	2485.79
	4995.03	0.00	13.12	2488.79
	4995.04	0.00	13.12	2488.80
	4995.05	0.00	13.11	2481.77
	4995.06	0.00	13.13	2491.78
	4995.08	0.00	13.13	2494.79
	4995.09	0.00	13.13	2498.79
	4995.10	0.00	13.13	2497.80
	4995.11	0.00	13.13	2503.80
	4995.12	0.00	13.12	2500.82
	4995.14	0.00	13.14	2500.76
	4995.15	0.00	13.15	2505.76
	4995.16	0.00	13.15	2506.76
	4995.17	0.00	13.14	2504.76
	4995.18	00	13.14	2459.68
	4997.82	0.00	13.16	2464.66
	4997.83	0.00	13.14	2464.72
	4997.85	0.00	13.13	2468.75
	4997.86	0.00	13.14	2467.75
	4997.87	0.00	13.14	2468.76
	4997.88	0.00	13.14	2469.76
	4997.89	0.00	13.14	2468.75
	4997.90	0.00	13.14	2470.74
	4997.92	0.00	13.14	2468.73
	4997.93	0.00	13.14	2468.73
	4997.94	0.00	13.14	2470.75
	4997.95	0.00	13.14	2467.75
	4997.96	0.00	13.14	2473.75
	4997.98	0.00	13.22	2472.51
	4997.99	0.00	13.22	2472.50
	4998.00	0.00	13.22	2471.50
	4998.01	0.00	13.22	2473.51
	4998.02	0.00	13.21	2467.52
	4998.04	0.00	13.22	2468.52
	4998.05	0.00	13.21	2466.53
	4998.06	0.00	13.22	2455.44
	4998.07	0.00	13.19	2456.54
	4998.08	0.00	13.17	2457.59
	4998.09	0.00	13.17	2450.61
	4998.11	0.00	13.17	2450.62
	4998.12	0.00	13.17	2451.63
	4998.13	0.00	13.17	2454.63
	4998.14	0.00	13.13	2435.66
	4998.15	0.00	13.13	2443.71
	4998.17	0.00	13.13	2447.72
	4998.18	0.00	13.13	2443.72
	4998.19	0.00	13.14	2449.72
	4998.20	0.00	13.14	2453.73
	4998.21	0.00	13.14	2452.72
	4998.22	0.00	13.14	2447.70
	4998.24	0.00	13.15	2458.71
	4998.25	0.00	13.15	2460.72
	4998.26	0.00	13.14	2461.73
	4998.27	0.00	13.14	2459.73
	4998.28	0.00	13.14	2464.73
	4998.30	0.00	13.14	2461.73
	4998.31	0.00	13.16	2466.69
	4998.32	0.00	13.17	2469.69
	4998.33	0.00	13.17	2468.69
	4998.34	0.00	13.17	2470.69
	4998.35	0.00	13.16	2472.69
	4998.37	0.00	13.17	2467.66
	4998.38	0.00	13.16	2467.67
	4998.39	0.00	13.17	2468.65
	4998.40	0.00	13.17	2466.67
	4998.41	0.00	13.17	2468.67
	4998.43	0.00	13.17	2468.67
	4998.44	0.00	13.17	2467.67
	4998.45	0.00	13.14	2451.67
	4998.46	0.00	13.14	2452.67.00	13.15	2368.65
	5000.64	0.00	13.16	2372.65
	5000.65	0.00	13.17	2371.65
	5000.66	0.00	13.17	2370.65
	5000.67	0.00	13.17	2370.64
	5000.69	0.00	13.17	2374.65
	5000.70	0.00	13.17	2373.64
	5000.71	0.00	13.17	2366.62
	5000.72	0.00	13.18	2376.62
	5000.73	0.00	13.19	2378.62
	5000.74	0.00	13.19	2376.62
	5000.76	0.00	13.18	2375.62
	5000.77	0.00	13.17	2373.62
	5000.78	0.00	13.19	2367.57
	5000.79	0.00	13.20	2371.56
	5000.80	0.00	13.20	2369.55
	5000.82	0.00	13.21	2365.54
	5000.83	0.00	13.21	2364.53
	5000.84	0.00	13.22	2365.52
	5000.85	0.00	13.24	2363.50
	5000.86	0.00	13.25	2360.48
	5000.87	0.00	13.27	2360.46
	5000.89	0.00	13.28	2359.44
	5000.90	0.00	13.30	2361.42
	5000.91	0.00	13.31	2360.39
	5000.92	0.00	13.31	2358.37
	5000.93	0.00	13.32	2362.36
	5000.95	0.00	13.33	2365.35
	5000.96	0.00	13.33	2365.34
	5000.97	0.00	13.33	2366.34
	5000.98	0.00	13.35	2368.30
	5000.99	0.00	13.34	2370.33
	5001.01	0.00	13.33	2369.33
	5001.02	0.00	13.31	2355.33
	5001.03	0.00	13.32	2358.30
	5001.04	0.00	13.30	2360.34
	5001.05	0.00	13.30	2362.35
	5001.06	0.00	13.29	2362.36
	5001.08	0.00	13.28	2363.37
	5001.09	0.00	13.28	2367.38
	5001.10	0.00	13.26	2360.39
	5001.11	0.00	13.27	2372.40
	5001.12	0.00	13.27	2375.41
	5001.14	0.00	13.27	2379.41
	5001.15	0.00	13.27	2382.42
	5001.16	0.00	13.26	2383.44
	5001.17	0.00	13.28	2386.40
	5001.18	0.00	13.26	2390.47
	5001.19	0.00	13.26	2397.50
	5001.21	0.00	13.26	2396.51
	5001.22	0.00	13.26	2398.52
	5001.23	0.00	13.26	2401.52
	5001.24	0.00	13.26	2402.52
	5001.25	0.00	13.26	2402.52
	5001.27	0.00	13.28	2404.48
	5001.28	0.00	13.27	2405.0.00	13.32	2290.25
	5002.05	0.00	13.32	2292.24
	5002.06	0.00	13.32	2294.24
	5002.07	0.00	13.33	2296.23
	5002.08	0.00	13.30	2299.30
	5002.09	0.00	13.29	2303.33
	5002.10	0.00	13.24	2308.41
	5002.12	0.00	13.17	2379.50
	5002.13	0.00	13.03	2430.58
	5002.14	0.00	12.84	2511.67
	5002.15	0.00	12.80	2557.74
	5002.16	0.00	12.76	2587.78
	5002.18	0.00	12.74	2614.78
	5002.19	0.00	12.71	2633.82
	5002.20	0.00	12.66	2644.87
	5002.21	0.00	12.59	2665.91
	5002.22	0.00	12.54	2700.91
	5002.23	0.00	12.56	2699.76
	5002.25	0.00	12.51	2717.78
	5002.26	0.00	12.45	2727.80
	5002.27	0.00	12.41	2751.84
	5002.28	0.00	12.32	2753.99
	5002.29	0.00	12.30	2761.07
	5002.31	0.00	12.30	2766.08
	5002.32	0.00	12.32	2772.08
	5002.33	0.00	12.32	2772.09
	5002.34	0.00	12.34	2765.04
	5002.35	0.00	12.36	2768.05
	5002.37	0.00	12.38	2766.05
	5002.38	0.00	12.38	2762.03
	5002.39	0.00	12.41	2772.04
	5002.40	0.00	12.41	2766.04
	5002.41	0.00	12.42	2772.05
	5002.43	0.00	12.41	2768.06
	5002.44	0.00	12.44	2772.05
	5002.45	0.00	12.45	2766.04
	5002.46	0.00	12.46	2764.04
	5002.47	0.00	12.47	2756.99
	5002.48	0.00	12.49	2759.98
	5002.50	0.00	12.48	2746.98
	5002.51	0.00	12.50	2753.98
	5002.52	0.00	12.48	2742.98
	5002.53	0.00	12.49	2741.98
	5002.54	0.00	12.51	2740.97
	5002.56	0.00	12.51	2737.97
	5002.57	0.00	12.52	2740.98
	5002.58	0.00	12.53	2744.00
	5002.59	0.00	12.54	2743.99
	5002.60	0.00	12.56	2743.97
	5002.62	0.00	12.55	2736.03
	5002.63	0.00	12.56	2739.03
	5002.64	0.00	12.57	2737.00
	5002.65	0.00	12.56	2738.04
	5002.66	0.00	12.58	2740.01
	5002.67	0.00	12.58	2743.02
	5002.69	0.00	12.58	2741.03
	5002.70	0.00	12.61	2740.94
	5002.71	0.00	12.64	2742.84
	5002.72	0.00	12.64	2744.85
	5002.73	0.00	12.64	2745.86
	5002.75	0.00	12.65	2749.86
	5002.76	0.00	12.62	2741.95
	5002.77	0.00	12.61	2738.02
	5002.78	0.00	12.63	2739.03
	5002.79	0.00	12.65	2734.01
	5002.81	0.00	12.67	2724.98
	5002.82	0.00	12.69	2723.98
	5002.83	0.00	12.73	2716.98
	5002.84	0.00	12.77	2709.98
	5002.85	0.00	12.80	2689.97
	5002.86	0.00	12.90	2674.94
	5002.88	0.00	12.95	2656.96
	5002.89	0.00	12.98	2645.96
	5002.90	0.00	13.00	2643.95
	5002.91	0.00	13.06	2626.95
	5002.92	0.00	13.09	2613.95
	5002.93	0.00	13.15	2596.95
	5002.95	0.00	13.16	2592.95
	5002.96	0.00	13.20	2590.94
	5002.97	0.00	13.22	2587.90
	5002.98	0.00	13.22	2587.89
	5002.99	0.00	13.23	2583.88
	5003.01	0.00	13.24	2578.88
	5003.02	0.00	13.25	2573.87
	5003.03	0.00	13.27	2571.85
	5003.04	0.00	13.27	2549.82
	5003.05	0.00	13.29	2537.78
	5003.06	0.00	13.31	2532.70
	5003.08	0.00	13.31	2540.65
	5003.09	0.00	13.36	2512.59
	5003.10	0.00	13.39	2503.52
	5003.11	0.00	13.40	2494.47
	5003.12	0.00	13.43	2490.40
	5003.14	0.00	13.43	2476.36
	5003.15	0.00	13.44	2469.33
	5003.16	0.00	13.44	2464.31
	5003.17	0.00	13.44	2454.28
	5003.18	0.00	13.45	2451.26
	5003.19	0.00	13.44	2439.25
	5003.21	0.00	13.44	2428.24
	5003.22	0.00	13.43	2421.25
	5003.23	0.00	13.42	2413.27
	5003.24	0.00	13.39	2395.28
	5003.25	0.00	13.39	2389.28
	5003.27	0.00	13.37	2382.30
	5003.28	0.00	13.36	2376.30
	5003.29	0.00	13.36	2373.30
	5003.30	0.00	13.35	2367.31
	5003.31	0.00	13.35	2367.32
	5003.33	0.00	13.37	2371.29
	5003.34	0.00	13.36	2370.30
	5003.35	0.00	13.34	2361.31
	5003.36	0.00	13.33	2353.32
	5003.37	0.00	13.31	2345.32
	5003.38	0.00	13.31	2343.33
	5003.40	0.00	13.31	2344.33
	5003.41	0.00	13.32	2346.33
	5003.42	0.00	13.32	2349.33
	5003.43	0.00	13.33	2357.33
	5003.44	0.00	13.35	2352.24
	5003.46	0.00	13.42	2360.08
	5003.47	0.00	13.41	2359.09
	5003.48	0.00	13.42	2362.08
	5003.49	0.00	13.42	2363.08
	5003.50	0.00	13.42	2362.09
	5003.51	0.00	13.42	2360.09
	5003.53	0.00	13.42	2359.09
	5003.54	0.00	13.42	2359.09
	5003.55	0.00	13.43	2346.02
	5003.56	0.00	13.40	2342.07
	5003.57	0.00	13.39	2338.10
	5003.59	0.00	13.35	2324.17
	5003.60	0.00	13.34	2311.23
	5003.61	0.00	13.33	2313.24
	5003.62	0.00	13.33	2312.25
	5003.63	0.00	13.28	2294.29
	5003.64	0.00	13.28	2295.32
	5003.66	0.00	13.28	2296.33
	5003.67	0.00	13.28	2295.33
	5003.68	0.00	13.29	2294.33
	5003.69	0.00	13.28	2296.33
	5003.70	0.00	13.29	2297.33
	5003.72	0.00	13.30	2300.30
	5003.73	0.00	13.28	2296.32
	5003.74	0.00	13.30	2309.33
	5003.75	0.00	13.29	2308.34
	5003.76	0.00	13.30	2310.32
	5003.77	0.00	13.29	2314.34
	5003.79	0.00	13.29	2313.34
	5003.80	0.00	13.29	2312.34
	5003.81	0.00	13.31	2311.29
	5003.82	0.00	13.32	2316.27
	5003.83	0.00	13.32	2315.27
	5003.85	0.00	13.33	2316.26
	5003.86	0.00	13.31	2315.28
	5003.87	0.00	13.29	2320.33
	5003.88	0.00	13.26	2324.39
	5003.89	0.00	13.23	2329.45
	5003.90	0.00	13.22	2373.48