.00	9.81	865.23
	1354.78	0.00	9.82	868.25
	1354.79	0.00	9.80	867.25
	1354.80	0.00	9.80	866.26
	1354.81	0.00	9.80	865.25
	1354.82	0.00	9.81	867.25
	1354.83	0.00	9.79	866.25
	1354.85	0.00	9.79	847.25
	1354.86	0.00	9.79	866.27
	1354.87	0.00	9.80	848.25
	1354.88	0.00	9.79	846.25
	1354.89	0.00	9.79	847.25
	1354.90	0.00	9.80	869.27
	1354.92	0.00	9.81	867.26
	1354.93	0.00	9.81	869.26
	1354.94	0.00	9.79	847.26
	1354.95	0.00	9.80	848.24
	1354.96	0.00	9.77	847.26
	1354.97	0.00	9.78	849.26
	1354.98	0.00	9.78	849.26
	1355.00	0.00	9.84	849.14
	1355.01	0.00	9.76	847.26
	1355.02	0.00	9.78	847.26
	1355.03	0.00	9.78	848.26
	1355.04	0.00	9.77	850.26
	1355.06	0.00	9.76	849.28
	1355.07	0.00	9.74	844.26
	1355.08	0.00	9.74	844.26
	1355.09	0.00	9.74	845.26
	1355.10	0.00	9.72	844.29
	1355.11	0.00	9.74	844.27
	1355.12	0.00	9.73	845.27
	1355.14	0.00	9.74	846.27
	1355.15	0.00	9.75	848.27
	1355.16	0.00	9.76	849.27
	1355.17	0.00	9.75	848.27
	1355.18	0.00	9.76	850.27
	1355.19	0.00	9.77	849.25
	1355.20	0.00	9.76	849.27
	1355.22	0.00	9.75	849.27
	1355.23	0.00	9.75	850.28
	1355.24	0.00	9.75	850.26
	1355.25	0.00	9.74	849.27
	1355.26	0.00	9.75	851.28
	1355.27	0.00	9.75	850.27
	1355.29	0.00	9.75	852.27
	1355.30	0.00	9.74	852.28
	1355.31	0.00	9.74	852.28
	1355.32	0.00	9.75	853.28
	1355.33	0.00	9.78	852.22
	1355.34	0.00	9.80	854.18
	1355.35	0.00	9.77	852.24
	1355.37	0.00	9.73	850.28
	1355.38	0.00	9.73	853.30
	1355.39	0.00	9.77	851.22
	1355.40	0.00	9.74	852.26
	1355.41	0.00	9.73	852.28
	1355.42	0.00	9.71	851.30
	1355.44	0.00	9.71	854.35
	1355.45	0.00	9.72	853.32
	1355.46	0.00	9.73	854.33
	1355.47	0.00	9.71	852.33
	1355.48	0.00	9.74	853.28
	1355.49	0.00	9.73	853.33
	1355.51	0.00	9.71	853.33
	1355.52	0.00	9.71	852.33
	1355.53	0.00	9.73	854.31
	1355.54	0.00	9.72	854.33
	1355.55	0.00	9.73	855.34
	1355.56	0.00	9.73	854.34
	1355.57	0.00	9.72	855.36
	1355.59	0.00	9.73	870.32
	1355.60	0.00	9.74	874.34
	1355.61	0.00	9.74	874.34
	1355.62	0.00	9.74	874.34
	1355.63	0.00	9.74	874.35
	1355.64	0.00	9.74	869.28
	1355.66	0.00	9.77	872.28
	1355.67	0.00	9.77	873.29
	1355.68	0.00	9.76	874.33
	1355.69	0.00	9.77	874.30
	1355.70	0.00	9.78	874.29
	1355.71	0.00	9.77	874.30
	1355.72	0.00	9.79	875.29
	1355.74	0.00	9.77	876.31
	1355.75	0.00	9.77	874.32
	1355.76	0.00	9.77	874.32
	1355.77	0.00	9.75	855.30
	1355.78	0.00	9.76	878.33
	1355.79	0.00	9.77	876.32
	1355.81	0.00	9.76	874.32
	1355.82	0.00	9.77	877.32
	1355.83	0.00	9.75	877.34
	1355.84	0.00	9.75	857.33
	1355.85	0.00	9.76	878.33
	1355.86	0.00	9.86	876.13
	1355.88	0.00	9.83	875.18
	1355.89	0.00	9.77	878.33
	1355.90	0.00	9.82	875.19
	1355.91	0.00	9.88	875.08
	1355.92	0.00	9.89	875.07
	1355.93	0.00	9.92	877.04
	1355.94	0.00	9.92	877.04
	1355.96	0.00	9.91	878.05
	1355.97	0.00	9.91	877.04
	1355.98	0.00	9.91	876.05
	1355.99	0.00	9.92	878.05
	1356.00	0.00	9.91	878.05
	1356.01	0.00	9.92	880.05
	1356.02	0.00	9.89	874.08
	1356.04	0.00	9.90	875.06
	1356.05	0.00	9.90	874.06
	1356.06	0.00	9.87	854.07
	1356.07	0.00	9.90	873.05
	1356.08	0.00	9.90	874.06
	1356.09	0.00	9.90	875.06
	1356.10	0.00	9.90	874.06
	1356.12	0.00	9.86	855.09
	1356.13	0.00	9.87	872.07
	1356.14	0.00	9.89	874.07
	1356.15	0.00	9.89	877.07
	1356.16	0.00	9.91	876.04
	1356.18	0.00	9.93	873.95
	1356.19	0.00	9.98	866.81
	1356.20	0.00	9.91	864.89
	1356.21	0.00	9.85	863.97
	1356.22	0.00	9.84	867.03
	1356.23	0.00	9.81	865.06
	1356.24	0.00	9.83	864.04
	1356.26	0.00	9.86	864.99
	1356.27	0.00	9.84	864.02
	1356.28	0.00	9.88	865.95
	1356.29	0.00	9.91	862.88
	1356.30	0.00	9.88	865.95
	1356.31	0.00	9.83	865.03
	1356.32	0.00	9.83	866.04
	1356.34	0.00	9.81	866.07
	1356.35	0.00	9.81	867.09
	1356.36	0.00	9.77	859.12
	1356.37	0.00	9.79	856.11
	1356.38	0.00	9.81	860.12
	1356.39	0.00	9.78	857.13
	1356.41	0.00	9.81	862.14
	1356.42	0.00	9.78	858.16
	1356.43	0.00	9.81	859.13
	1356.44	0.00	9.81	861.13
	1356.45	0.00	9.80	859.14
	1356.46	0.00	9.79	861.17
	1356.47	0.00	9.82	862.13
	1356.49	0.00	9.83	860.13
	1356.50	0.00	9.84	862.14
	1356.51	0.00	9.86	862.11
	1356.52	0.00	9.83	860.14
	1356.53	0.00	9.80	858.14
	1356.55	0.00	9.74	851.15
	1356.56	0.00	9.81	859.14
	1356.57	0.00	9.79	856.14
	1356.58	0.00	9.80	858.14
	1356.59	0.00	9.82	861.14
	1356.60	0.00	9.73	850.17
	1356.61	0.00	9.70	849.23
	1356.63	0.00	9.67	850.25
	1356.64	0.00	9.70	852.25
	1356.65	0.00	9.70	856.28
	1356.66	0.00	9.70	856.28
	1356.67	0.00	9.70	856.30
	1356.68	0.00	9.70	856.28
	1356.69	0.00	9.68	851.27
	1356.70	0.00	9.69	855.28
	1356.72	0.00	9.71	859.29
	1356.73	0.00	9.70	858.30
	1356.74	0.00	9.71	853.30
	1356.75	0.00	9.72	854.31
	1356.76	0.00	9.72	855.34
	1356.78	0.00	9.74	857.31
	1356.79	0.00	9.72	853.31
	1356.80	0.00	9.73	856.31
	1356.81	0.00	9.71	856.34
	1356.82	0.00	9.74	861.31
	1356.83	0.00	9.73	861.32
	1356.84	0.00	9.74	862.32
	1356.86	0.00	9.72	862.33
	1356.87	0.00	9.73	861.31
	1356.88	0.00	9.73	861.32
	1356.89	0.00	9.74	862.31
	1356.90	0.00	9.73	862.32
	1356.91	0.00	9.71	861.32
	1356.93	0.00	9.74	861.27
	1356.94	0.00	9.75	864.28
	1356.95	0.00	9.76	866.29
	1356.96	0.00	9.74	865.32
	1356.97	0.00	9.75	865.29
	1356.98	0.00	9.77	866.28
	1356.99	0.00	9.77	867.29
	1357.01	0.00	9.79	870.29
	1357.02	0.00	9.77	870.30
	1357.03	0.00	9.78	869.30
	1357.04	0.00	9.77	870.30
	1357.05	0.00	9.78	868.27
	1357.06	0.00	9.77	869.29
	1357.07	0.00	9.78	869.29
	1357.09	0.00	9.77	870.30
	1357.10	0.00	9.78	871.30
	1357.11	0.00	9.76	866.32
	1357.12	0.00	9.78	870.31
	1357.13	0.00	9.78	872.31
	1357.15	0.00	9.79	874.31
	1357.16	0.00	9.78	873.31
	1357.17	0.00	9.79	872.31
	1357.18	0.00	9.79	871.31
	1357.19	0.00	9.76	871.31
	1357.20	0.00	9.78	873.31
	1357.21	0.00	9.79	874.31
	1357.22	0.00	9.79	874.31
	1357.24	0.00	9.77	873.32
	1357.25	0.00	9.76	874.34
	1357.26	0.00	9.79	874.31
	1357.27	0.00	9.77	875.32
	1357.28	0.00	9.77	875.32
	1357.29	0.00	9.76	869.26
	1357.31	0.00	9.80	872.26
	1357.32	0.00	9.78	874.32
	1357.33	0.00	9.77	875.33
	1357.34	0.00	9.77	873.33
	1357.35	0.00	9.76	872.33
	1357.36	0.00	9.76	854.32
	1357.38	0.00	9.78	873.33
	1357.39	0.00	9.77	872.33
	1357.40	0.00	9.75	853.35
	1357.41	0.00	9.78	873.33
	1357.42	0.00	9.76	853.33
	1357.43	0.00	9.75	852.33
	1357.44	0.00	9.77	873.33
	1357.46	0.00	9.78	873.33
	1357.47	0.00	9.78	872.33
	1357.48	0.00	9.75	850.33
	1357.49	0.00	9.77	853.33
	1357.50	0.00	9.78	872.33
	1357.51	0.00	9.79	872.33
	1357.53	0.00	9.78	871.33
	1357.54	0.00	9.79	870.32
	1357.55	0.00	9.80	871.32
	1357.56	0.00	9.80	870.32
	1357.57	0.00	9.79	869.32
	1357.58	0.00	9.79	869.32
	1357.59	0.00	9.78	868.35
	1357.61	0.00	9.82	867.28
	1357.62	0.00	9.81	868.28
	1357.63	0.00	9.83	869.28
	1357.64	0.00	9.83	870.27
	1357.65	0.00	9.86	871.22
	1357.66	0.00	9.84	870.27
	1357.68	0.00	9.83	849.26
	1357.69	0.00	9.84	871.27
	1357.70	0.00	9.84	872.27
	1357.71	0.00	9.84	871.27
	1357.72	0.00	9.84	851.26
	1357.73	0.00	9.82	849.27
	1357.75	0.00	9.83	869.28
	1357.76	0.00	9.84	869.26
	1357.77	0.00	9.85	870.26
	1357.78	0.00	9.84	869.26
	1357.79	0.00	9.85	869.26
	1357.80	0.00	9.85	869.26
	1357.81	0.00	9.87	870.26
	1357.83	0.00	9.85	869.26
	1357.84	0.00	9.87	871.26
	1357.85	0.00	9.86	870.26
	1357.86	0.00	9.88	871.26
	1357.87	0.00	9.83	848.26
	1357.88	0.00	9.85	869.26
	1357.90	0.00	9.85	870.28
	1357.91	0.00	9.80	863.26
	1357.92	0.00	9.81	866.26
	1357.93	0.00	9.81	865.26
	1357.94	0.00	9.80	867.28
	1357.95	0.00	9.82	866.26
	1357.96	0.00	9.81	865.26
	1357.98	0.00	9.82	867.26
	1357.99	0.00	9.82	867.26
	1358.00	0.00	9.84	869.20
	1358.01	0.00	9.81	870.26
	1358.02	0.00	9.81	869.26
	1358.03	0.00	9.81	869.26
	1358.05	0.00	9.80	871.30
	1358.06	0.00	9.80	866.26
	1358.07	0.00	9.80	868.26
	1358.08	0.00	9.80	868.26
	1358.09	0.00	9.78	868.30
	1358.10	0.00	9.75	863.27
	1358.11	0.00	9.79	850.27
	1358.13	0.00	9.79	850.27
	1358.14	0.00	9.77	849.27
	1358.15	0.00	9.78	850.27
	1358.16	0.00	9.78	850.27
	1358.17	0.00	9.78	850.27
	1358.18	0.00	9.77	849.27
	1358.19	0.00	9.75	848.30
	1358.21	0.00	9.77	849.27
	1358.22	0.00	9.78	850.27
	1358.23	0.00	9.73	845.27
	1358.24	0.00	9.72	844.27
	1358.25	0.00	9.72	846.27
	1358.27	0.00	9.74	846.27
	1358.28	0.00	9.75	849.27
	1358.29	0.00	9.73	847.30
	1358.30	0.00	9.77	851.27
	1358.31	0.00	9.77	850.27
	1358.32	0.00	9.76	852.27
	1358.33	0.00	9.80	851.20
	1358.34	0.00	9.75	849.27
	1358.36	0.00	9.75	851.27
	1358.37	0.00	9.76	852.27
	1358.38	0.00	9.75	851.27
	1358.39	0.00	9.75	851.30
	1358.40	0.00	9.75	851.27
	1358.41	0.00	9.75	852.27
	1358.43	0.00	9.76	853.27
	1358.44	0.00	9.75	852.27
	1358.45	0.00	9.77	852.27
	1358.46	0.00	9.75	851.27
	1358.47	0.00	9.75	850.27
	1358.48	0.00	9.75	851.27
	1358.50	0.00	9.75	851.27
	1358.51	0.00	9.76	853.27
	1358.52	0.00	9.76	852.27
	1358.53	0.00	9.76	852.27
	1358.54	0.00	9.74	853.30
	1358.55	0.00	9.76	853.27
	1358.56	0.00	9.80	852.20
	1358.58	0.00	9.78	851.23
	1358.59	0.00	9.80	851.18
	1358.60	0.00	9.77	853.27
	1358.61	0.00	9.78	852.23
	1358.62	0.00	9.84	852.13
	1358.63	0.00	9.79	853.22
	1358.65	0.00	9.78	851.27
	1358.66	0.00	9.74	852.30
	1358.67	0.00	9.75	851.30
	1358.68	0.00	9.74	853.32
	1358.69	0.00	9.75	853.32
	1358.70	0.00	9.74	851.32
	1358.71	0.00	9.75	853.32
	1358.73	0.00	9.75	852.31
	1358.74	0.00	9.74	852.34
	1358.75	0.00	9.74	852.32
	1358.76	0.00	9.75	852.32
	1358.77	0.00	9.75	852.32
	1358.78	0.00	9.75	854.33
	1358.80	0.00	9.75	853.32
	1358.81	0.00	9.75	852.32
	1358.82	0.00	9.75	853.32
	1358.83	0.00	9.75	854.34
	1358.84	0.00	9.74	853.33
	1358.85	0.00	9.75	854.33
	1358.86	0.00	9.74	853.33
	1358.88	0.00	9.77	874.33
	1358.89	0.00	9.78	872.29
	1358.90	0.00	9.76	872.33
	1358.91	0.00	9.74	852.33
	1358.92	0.00	9.74	853.33
	1358.93	0.00	9.77	849.24
	1358.95	0.00	9.77	851.27
	1358.96	0.00	9.77	853.28
	1358.97	0.00	9.79	873.28
	1358.98	0.00	9.79	874.29
	1358.99	0.00	9.77	855.30
	1359.00	0.00	9.77	853.30
	1359.01	0.00	9.77	873.31
	1359.03	0.00	9.79	873.30
	1359.04	0.00	9.78	872.30
	1359.05	0.00	9.79	873.30
	1359.06	0.00	9.79	874.31
	1359.07	0.00	9.79	872.31
	1359.08	0.00	9.76	872.34
	1359.09	0.00	9.76	852.31
	1359.11	0.00	9.77	853.31
	1359.12	0.00	9.78	872.31
	1359.13	0.00	9.75	852.33
	1359.14	0.00	9.76	850.31
	1359.15	0.00	9.77	853.31
	1359.17	0.00	9.77	854.31
	1359.18	0.00	9.79	874.31
	1359.19	0.00	9.79	874.32
	1359.20	0.00	9.78	855.32
	1359.21	0.00	9.77	854.32
	1359.22	0.00	9.77	874.35
	1359.23	0.00	9.84	853.16
	1359.25	0.00	9.92	875.07
	1359.26	0.00	9.90	850.04
	1359.27	0.00	9.92	852.03
	1359.28	0.00	9.96	876.02
	1359.29	0.00	9.91	851.03
	1359.30	0.00	9.94	875.03
	1359.31	0.00	9.94	873.03
	1359.33	0.00	9.92	873.07
	1359.34	0.00	9.94	874.03
	1359.35	0.00	9.94	873.03
	1359.36	0.00	9.92	873.04
	1359.37	0.00	9.91	869.07
	1359.38	0.00	9.92	869.05
	1359.40	0.00	9.92	869.05
	1359.41	0.00	9.92	869.05
	1359.42	0.00	9.92	869.05
	1359.43	0.00	9.91	867.05
	1359.44	0.00	9.91	867.05
	1359.45	0.00	9.91	867.05
	1359.46	0.00	9.92	868.05
	1359.48	0.00	9.97	857.84
	1359.49	0.00	10.02	859.77
	1359.50	0.00	9.96	858.87
	1359.51	0.00	10.00	856.80
	1359.52	0.00	10.01	858.80
	1359.54	0.00	9.95	855.87
	1359.55	0.00	9.92	857.94
	1359.56	0.00	9.88	856.99
	1359.57	0.00	9.83	857.06
	1359.58	0.00	9.84	856.06
	1359.59	0.00	9.84	853.07
	1359.60	0.00	9.81	848.08
	1359.62	0.00	9.83	851.06
	1359.63	0.00	9.81	850.07
	1359.64	0.00	9.81	847.09
	1359.65	0.00	9.82	849.09
	1359.66	0.00	9.82	850.10
	1359.67	0.00	9.78	830.14
	1359.69	0.00	9.82	851.11
	1359.70	0.00	9.82	851.11
	1359.71	0.00	9.81	850.11
	1359.72	0.00	9.81	850.12
	1359.73	0.00	9.81	833.12
	1359.74	0.00	9.81	834.12
	1359.75	0.00	9.81	833.12
	1359.77	0.00	9.69	821.16
	1359.78	0.00	9.70	844.22
	1359.79	0.00	9.70	844.24
	1359.80	0.00	9.68	826.25
	1359.81	0.00	9.70	844.23
	1359.82	0.00	9.69	827.24
	1359.83	0.00	9.68	825.24
	1359.85	0.00	9.68	827.26
	1359.86	0.00	9.69	829.27
	1359.87	0.00	9.70	832.28
	1359.88	0.00	9.69	832.28
	1359.89	0.00	9.74	828.29
	1359.90	0.00	9.76	848.29
	1359.92	0.00	9.72	829.32
	1359.93	0.00	9.73	828.29
	1359.94	0.00	9.75	848.29
	1359.95	0.00	9.75	831.29
	1359.96	0.00	9.77	852.28
	1359.97	0.00	9.74	834.30
	1359.98	0.00	9.77	854.29
	1360.00	0.00	9.74	833.29
	1360.01	0.00	9.73	832.29
	1360.02	0.00	9.73	834.31
	1360.03	0.00	9.76	837.29
	1360.04	0.00	9.74	835.30
	1360.05	0.00	9.77	858.30
	13016
	1385.08	0.00	9.81	825.21
	1385.09.82	825.22
	1385.05	0.00	9.83	827.22
	1385.06	0.00	9.87	828.16
	1385.07	0.00	9.88	828.16
	1385.08	0.00	9.81	825.21
	1385.09	0.00	9.81	823.20
	1385.10	0.00	9.83	828.22
	1385.11	0.00	9.81	823.19
	1385.13	0.00	9.84	827.20
	1385.14	0.00	9.83	828.22
	1385.15	0.00	9.83	829.23
	1385.16	0.00	9.81	829.27
	1385.17	0.00	9.83	829.24
	1385.18	0.00	9.83	828.23
	1385.19	0.00	9.82	828.24
	1385.21	0.00	9.82	827.23
	1385.22	0.00	9.82	830.24
	1385.23	0.00	9.83	829.24
	1385.24	0.00	9.83	829.24
	1385.25	0.00	9.81	831.27
	1385.27	0.00	9.80	827.24
	1385.28	0.00	9.83	832.24
	1385.29	0.00	9.84	832.24
	1385.30	0.00	9.84	831.23
	1385.31	0.00	9.84	832.24
	1385.32	0.00	9.82	832.24
	1385.33	0.00	9.84	832.24
	1385.35	0.00	9.84	833.24
	1385.36	0.00	9.84	833.24
	1385.37	0.00	9.84	833.24
	1385.38	0.00	9.84	833.24
	1385.39	0.00	9.84	833.24
	1385.40	0.00	9.84	833.24
	1385.41	0.00	9.83	833.24
	1385.43	0.00	9.84	834.24
	1385.44	0.00	9.84	833.20
	1385.45	0.00	9.81	830.24
	1385.46	0.00	9.84	832.21
	1385.47	0.00	9.84	834.24
	1385.48	0.00	9.86	856.24
	1385.50	0.00	9.87	832.16
	1385.51	0.00	9.85	833.20
	1385.52	0.00	9.84	833.20
	1385.53	0.00	9.86	854.20
	1385.54	0.00	9.88	836.17
	1385.55	0.00	9.86	836.19
	1385.56	0.00	9.86	835.20
	1385.58	0.00	9.86	835.20
	1385.59	0.00	9.84	837.23
	1385.60	0.00	9.89	856.19
	1385.61	0.00	9.86	836.19
	1385.62	0.00	9.86	835.19
	1385.63	0.00	9.85	835.20
	1385.65	0.00	9.86	836.19
	1385.66	0.00	9.85	835.19
	1385.67	0.00	9.85	836.20
	1385.68	0.00	9.85	837.19
	1385.69	0.00	9.85	836.21
	1385.70	0.00	9.86	836.19
	1385.71	0.00	9.84	836.20
	1385.73	0.00	9.87	858.19
	1385.74	0.00	9.93	839.07
	1385.75	0.00	9.85	838.20
	1385.76	0.00	9.85	838.19
	1385.77	0.00	9.83	835.19
	1385.78	0.00	9.80	834.22
	1385.80	0.00	9.81	836.20
	1385.81	0.00	9.81	833.20
	1385.82	0.00	9.80	834.20
	1385.83	0.00	9.82	838.22
	1385.84	0.00	9.82	835.20
	1385.85	0.00	9.80	834.20
	1385.86	0.00	9.82	835.19
	1385.88	0.00	9.79	834.22
	1385.89	0.00	9.81	835.20
	1385.90	0.00	9.80	834.20
	1385.91	0.00	9.80	833.20
	1385.92	0.00	9.80	834.20
	1385.93	0.00	9.81	835.20
	1385.95	0.00	9.81	836.20
	1385.96	0.00	9.80	834.20
	1385.97	0.00	9.81	836.20
	1385.98	0.00	9.79	853.23
	1385.99	0.00	9.82	855.20
	1386.00	0.00	9.82	855.20
	1386.01	0.00	9.80	835.20
	1386.03	0.00	9.87	856.13
	1386.04	0.00	9.82	855.20
	1386.05	0.00	9.80	835.20
	1386.06	0.00	9.79	834.20
	1386.07	0.00	9.77	833.23
	1386.08	0.00	9.81	835.20
	1386.09	0.00	9.83	856.20
	1386.11	0.00	9.83	856.20
	1386.12	0.00	9.79	835.22
	1386.13	0.00	9.81	835.20
	1386.14	0.00	9.80	835.20
	1386.15	0.00	9.80	833.20
	1386.17	0.00	9.79	835.24
	1386.18	0.00	9.81	833.20
	1386.19	0.00	9.82	836.20
	1386.20	0.00	9.81	833.20
	1386.21	0.00	9.85	834.13
	1386.22	0.00	9.80	832.20
	1386.23	0.00	9.81	837.20
	1386.25	0.00	9.81	836.20
	1386.26	0.00	9.85	836.20
	1386.27	0.00	9.89	839.20
	1386.28	0.00	9.98	840.18
	1386.29	0.00	10.03	841.15
	1386.30	0.00	10.11	839.11
	1386.31	0.00	10.24	839.99
	1386.33	0.00	10.32	842.93
	1386.34	0.00	10.40	844.88
	1386.35	0.00	10.47	845.81
	1386.36	0.00	10.50	842.77
	1386.37	0.00	10.52	844.76
	1386.38	0.00	10.54	846.75
	1386.40	0.00	10.53	847.78
	1386.41	0.00	10.55	851.77
	1386.42	0.00	10.50	854.82
	1386.43	0.00	10.45	856.87
	1386.44	0.00	10.43	860.88
	1386.45	0.00	10.32	864.04
	1386.47	0.00	10.33	870.00
	1386.48	0.00	10.27	870.09
	1386.49	0.00	10.22	873.18
	1386.50	0.00	10.19	870.16
	1386.51	0.00	10.19	880.23
	1386.52	0.00	10.19	882.24
	1386.53	0.00	10.18	880.24
	1386.55	0.00	10.15	876.26
	1386.56	0.00	10.18	878.23
	1386.57	0.00	10.20	878.22
	1386.58	0.00	10.22	881.22
	1386.59	0.00	10.24	881.21
	1386.60	0.00	10.24	882.20
	1386.62	0.00	10.28	882.19
	1386.63	0.00	10.32	883.12
	1386.64	0.00	10.35	884.13
	1386.65	0.00	10.39	884.09
	1386.66	0.00	10.42	880.05
	1386.67	0.00	10.47	880.99
	1386.69	0.00	10.47	880.99
	1386.70	0.00	10.51	871.93
	1386.71	0.00	10.51	865.88
	1386.72	0.00	10.51	853.83
	1386.73	0.00	10.50	860.77
	1386.74	0.00	10.54	856.72
	1386.76	0.00	10.59	847.63
	1386.77	0.00	10.64	842.53
	1386.78	0.00	10.74	815.31
	1386.79	0.00	10.77	809.23
	1386.80	0.00	10.70	794.19
	1386.81	0.00	10.70	788.16
	1386.82	0.00	10.66	781.16
	1386.84	0.00	10.60	767.17
	1386.85	0.00	10.45	744.20
	1386.86	0.00	10.41	740.22
	1386.87	0.00	10.45	739.17
	1386.88	0.00	10.43	732.13
	1386.89	0.00	10.38	728.16
	1386.91	0.00	10.30	722.18
	1386.92	0.00	10.23	716.19
	1386.93	0.00	10.10	709.26
	1386.94	0.00	9.96	700.33
	1386.95	0.00	9.91	698.36
	1386.96	0.00	9.76	695.54
	1386.97	0.00	9.76	695.54
	1386.99	0.00	9.68	685.53
	1387.00	0.00	9.64	681.53
	1387.01	0.00	9.66	684.54
	1387.02	0.00	9.66	683.54
	1387.03	0.00	9.67	682.53
	1387.04	0.00	9.68	680.53
	1387.06	0.00	9.66	683.54
	1387.07	0.00	9.68	682.52
	1387.08	0.00	9.68	681.51
	1387.09	0.00	9.68	681.51
	1387.10	0.00	9.68	680.50
	1387.11	0.00	9.64	678.52
	1387.12	0.00	9.65	681.55
	1387.14	0.00	9.63	679.55
	1387.15	0.00	9.65	680.54
	1387.16	0.00	9.65	682.54
	1387.17	0.00	9.67	681.52
	1387.18	0.00	9.67	682.53
	1387.19	0.00	9.67	680.52
	1387.20	0.00	9.72	682.48
	1387.22	0.00	9.74	683.46
	1387.23	0.00	9.79	683.40
	1387.24	0.00	9.81	684.40
	1387.25	0.00	9.82	683.38
	1387.26	0.00	9.78	682.41
	1387.28	0.00	9.76	682.45
	1387.29	0.00	9.72	679.44
	1387.30	0.00	9.77	681.42
	1387.31	0.00	9.77	680.40
	1387.32	0.00	9.76	679.40
	1387.33	0.00	9.78	679.40
	1387.34	0.00	9.78	679.38
	1387.35	0.00	9.80	680.36
	1387.37	0.00	9.78	678.36
	1387.38	0.00	9.83	680.32
	1387.39	0.00	9.79	679.36
	1387.40	0.00	9.80	679.35
	1387.41	0.00	9.79	677.34
	1387.42	0.00	9.78	677.36
	1387.44	0.00	9.82	678.34
	1387.45	0.00	9.80	678.34
	1387.46	0.00	9.79	677.33
	1387.47	0.00	9.77	676.35
	1387.48	0.00	9.79	675.33
	1387.49	0.00	9.77	674.33
	1387.50	0.00	9.79	673.30
	1387.52	0.00	9.98	679.13
	1387.53	0.00	10.16	683.99
	1387.54	0.00	10.31	691.88
	1387.55	0.00	10.51	700.76
	1387.56	0.00	10.65	711.72
	1387.57	0.00	10.76	723.72
	1387.58	0.00	10.82	730.71
	1387.60	0.00	10.84	735.72
	1387.61	0.00	10.89	742.73
	1387.62	0.00	10.93	747.73
	1387.63	0.00	11.04	769.74
	1387.64	0.00	11.12	783.75
	1387.66	0.00	11.11	786.76
	1387.67	0.00	11.13	792.79
	1387.68	0.00	11.14	794.79
	1387.69	0.00	11.15	799.81
	1387.70	0.00	11.17	803.83
	1387.71	0.00	11.14	802.84
	1387.72	0.00	11.20	811.84
	1387.74	0.00	11.21	813.85
	1387.75	0.00	11.17	809.86
	1387.76	0.00	11.22	813.85
	1387.77	0.00	11.21	815.86
	1387.78	0.00	11.25	822.87
	1387.79	0.00	11.25	823.88
	1387.81	0.00	11.25	824.88
	1387.82	0.00	11.29	829.89
	1387.83	0.00	11.28	830.89
	1387.84	0.00	11.27	832.91
	1387.85	0.00	11.29	836.92
	1387.86	0.00	11.26	835.93
	1387.88	0.00	11.26	834.93
	1387.89	0.00	11.24	833.94
	1387.90	0.00	11.25	835.95
	1387.91	0.00	11.25	836.96
	1387.92	0.00	11.22	832.97
	1387.93	0.00	11.22	832.98
	1387.94	0.00	11.27	841.99
	1387.96	0.00	11.29	839.95
	1387.97	0.00	11.27	839.97
	1387.98	0.00	11.23	839.01
	1387.99	0.00	11.22	839.03
	1388.00	0.00	11.23	838.03
	1388.01	0.00	11.20	837.04
	1388.03	0.00	11.16	835.08
	1388.04	0.00	11.10	833.12
	1388.05	0.00	11.09	836.17
	1388.06	0.00	11.04	834.22
	1388.07	0.00	10.99	827.23
	1388.08	0.00	10.99	827.23
	1388.09	0.00	10.92	820.24
	1388.11	0.00	10.89	814.24
	1388.12	0.00	10.86	809.25
	1388.13	0.00	10.87	804.19
	1388.14	0.00	10.77	796.26
	1388.15	0.00	10.72	788.26
	1388.16	0.00	10.66	780.27
	1388.18	0.00	10.56	762.28
	1388.19	0.00	10.43	746.31
	1388.20	0.00	10.39	741.32
	1388.21	0.00	10.34	736.33
	1388.22	0.00	10.28	730.35
	1388.23	0.00	10.19	721.34
	1388.24	0.00	10.11	712.35
	1388.26	0.00	10.08	707.34
	1388.27	0.00	9.97	698.38
	1388.28	0.00	9.92	692.37
	1388.29	0.00	9.89	693.43
	1388.30	0.00	9.85	688.41
	1388.31	0.00	9.85	689.44
	1388.32	0.00	9.81	687.45
	1388.34	0.00	9.81	687.45
	1388.35	0.00	9.81	686.46
	1388.36	0.00	9.80	685.45
	1388.37	0.00	9.77	683.45
	1388.38	0.00	9.81	688.45
	1388.40	0.00	9.81	686.46
	1388.41	0.00	9.83	689.46
	1388.42	0.00	9.80	687.46
	1388.43	0.00	9.81	688.46
	1388.44	0.00	9.80	688.47
	1388.45	0.00	9.82	689.46
	1388.46	0.00	9.81	687.45
	1388.48	0.00	9.81	687.45
	1388.49	0.00	9.84	687.43
	1388.50	0.00	9.88	695.45
	1388.51	0.00	9.83	697.53
	1388.52	0.00	9.81	700.60
	1388.53	0.00	9.68	701.77
	1388.55	0.00	9.66	705.83
	1388.56	0.00	9.62	705.87
	1388.57	0.00	9.60	710.92
	1388.58	0.00	9.65	728.97
	1388.59	0.00	9.68	734.99
	1388.60	0.00	9.72	742.99
	1388.61	0.00	9.73	747.00
	1388.63	0.00	9.77	752.00
	1388.64	0.00	9.80	753.95
	1388.65	0.00	9.70	750.04
	1388.66	0.00	9.77	762.06
	1388.67	0.00	9.77	765.07
	1388.68	0.00	9.80	771.11
	1388.69	0.00	9.81	779.14
	1388.71	0.00	9.82	783.15
	1388.72	0.00	9.83	784.15
	1388.73	0.00	9.83	788.18
	1388.74	0.00	9.84	795.21
	1388.75	0.00	9.86	800.20
	1388.76	0.00	9.87	801.20
	1388.78	0.00	9.87	809.22
	1388.79	0.00	9.88	810.23
	1388.80	0.00	9.89	814.23
	1388.81	0.00	9.89	814.24
	1388.82	0.00	9.90	817.25
	1388.83	0.00	9.90	821.26
	1388.84	0.00	9.89	823.27
	1388.86	0.00	9.87	822.27
	1388.87	0.00	9.86	826.29
	1388.88	0.00	9.87	829.29
	1388.89	0.00	9.85	832.33
	1388.90	0.00	9.86	835.31
	1388.91	0.00	9.86	836.31
	1388.93	0.00	9.86	837.31
	1388.94	0.00	9.84	832.29
	1388.95	0.00	9.84	841.31
	1388.96	0.00	9.85	845.33
	1388.97	0.00	9.82	843.33
	1388.98	0.00	9.85	851.33
	1389.00	0.00	9.83	855.36
	1389.01	0.00	9.82	855.37
	1389.02	0.00	9.83	863.38
	1389.03	0.00	9.80	865.42
	1389.04	0.00	9.82	868.40
	1389.05	0.00	9.82	867.40
	1389.06	0.00	9.87	877.39
	1389.08	0.00	9.83	874.40
	1389.09	0.00	9.88	884.41
	1389.10	0.00	9.88	885.42
	1389.11	0.00	9.91	890.42
	1389.12	0.00	9.93	892.38
	1389.13	0.00	9.93	892.38
	1389.15	0.00	9.92	892.38
	1389.16	0.00	9.95	898.39
	1389.17	0.00	9.96	899.37
	1389.18	0.00	10.01	908.42
	1389.19	0.00	10.03	908.38
	1389.20	0.00	10.05	909.38
	1389.21	0.00	10.08	910.36
	1389.22	0.00	10.09	909.37
	1389.24	0.00	10.10	910.36
	1389.25	0.00	10.14	915.36
	1389.26	0.00	10.14	916.38
	1389.27	0.00	10.15	915.36
	1389.28	0.00	10.16	917.35
	1389.30	0.00	10.15	920.36
	1389.31	0.00	10.14	922.39
	1389.32	0.00	10.15	923.36
	1389.33	0.00	10.15	926.36
	1389.34	0.00	10.12	924.37
	1389.35	0.00	10.12	927.37
	1389.36	0.00	10.13	929.37
	1389.38	0.00	10.14	928.37
	1389.39	0.00	10.15	929.37
	1389.40	0.00	10.15	932.38
	1389.41	0.00	10.15	931.38
	1389.42	0.00	10.16	932.38
	1389.43	0.00	10.17	935.38
	1389.45	0.00	10.13	929.38
	1389.46	0.00	10.16	934.38
	1389.47	0.00	10.15	932.38
	1389.48	0.00	10.14	930.38
	1389.49	0.00	10.14	931.38
	1389.50	0.00	10.15	930.38
	1389.52	0.00	10.10	923.38
	1389.53	0.00	10.11	922.38
	1389.54	0.00	10.17	925.29
	1389.55	0.00	10.11	924.37
	1389.56	0.00	10.11	922.38
	1389.57	0.00	10.11	923.37
	1389.58	0.00	10.11	921.35
	1389.60	0.00	10.09	920.37
	1389.61	0.00	10.09	918.37
	1389.62	0.00	10.10	919.37
	1389.63	0.00	10.12	918.32
	1389.64	0.00	10.08	917.38
	1389.66	0.00	10.06	917.41
	1389.67	0.00	10.08	919.40
	1389.68	0.00	10.08	919.39
	1389.69	0.00	10.07	917.40
	1389.70	0.00	10.07	918.42
	1389.71	0.00	10.07	916.42
	1389.72	0.00	10.06	913.41
	1389.73	0.00	10.08	915.39
	1389.75	0.00	10.07	912.41
	1389.76	0.00	10.07	913.41
	1389.77	0.00	10.08	915.41
	1389.78	0.00	10.10	912.34
	1389.79	0.00	10.08	913.41
	1389.81	0.00	10.09	913.41
	1389.82	0.00	10.09	912.41
	1389.83	0.00	10.08	912.44
	1389.84	0.00	10.09	910.41
	1389.85	0.00	10.11	907.35
	1389.86	0.00	10.12	910.36
	1389.88	0.00	10.11	910.39
	1389.89	0.00	10.11	905.38
	1389.90	0.00	10.12	906.38
	1389.91	0.00	10.10	905.39
	1389.92	0.00	10.09	905.42
	1389.93	0.00	10.11	902.38
	1389.94	0.00	10.12	901.38
	1389.96	0.00	10.17	893.23
	1389.97	0.00	10.24	892.11
	1389.98	0.00	10.25	892.10
	1389.99	0.00	10.24	891.10
	1390.00	0.00	10.24	890.10
	1390.01	0.00	10.24	890.10
	1390.03	0.00	10.25	886.08
	1390.04	0.00	10.21	884.10
	1390.05	0.00	10.24	885.10
	1390.06	0.00	10.24	885.09
	1390.07	0.00	10.25	887.10
	1390.08	0.00	10.20	880.10
	1390.09	0.00	10.19	879.11
	1390.11	0.00	10.19	879.11
	1390.12	0.00	10.26	878.99
	1390.13	0.00	10.28	880.94
	1390.14	0.00	10.24	870.89
	1390.15	0.00	10.14	868.03
	1390.16	0.00	10.17	867.98
	1390.18	0.00	10.23	869.91
	1390.19	0.00	10.14	867.02
	1390.20	0.00	10.10	869.08
	1390.21	0.00	10.06	868.15
	1390.22	0.00	10.05	859.16
	1390.23	0.00	10.04	857.16
	1390.25	0.00	10.04	858.15
	1390.26	0.00	10.04	856.16
	1390.27	0.00	10.04	858.18
	1390.28	0.00	10.04	860.19
	1390.29	0.00	10.05	862.19
	1390.30	0.00	10.06	863.17
	1390.32	0.00	9.89	846.27
	1390.33	0.00	9.92	852.28
	1390.34	0.00	9.91	851.29
	1390.35	0.00	9.92	849.25
	1390.36	0.00	9.92	850.26
	1390.37	0.00	9.90	850.30
	1390.39	0.00	9.92	855.31
	1390.40	0.00	9.92	857.33
	1390.41	0.00	9.91	859.37
	1390.42	0.00	9.94	854.34
	1390.43	0.00	9.98	857.34
	1390.44	0.00	9.95	855.34
	1390.45	0.00	9.97	855.34
	1390.47	0.00	9.96	857.35
	1390.48	0.00	9.96	858.35
	1390.49	0.00	9.96	862.35
	1390.50	0.00	9.95	861.35
	1390.51	0.00	9.96	862.34
	1390.52	0.00	9.94	857.30
	1390.54	0.00	9.96	860.31
	1390.55	0.00	9.96	859.30
	1390.56	0.00	9.92	857.34
	1390.57	0.00	9.95	858.30
	1390.58	0.00	9.95	859.31
	1390.59	0.00	9.98	863.31
	1390.60	0.00	9.96	863.34
	1390.62	0.00	9.98	863.32
	1390.63	0.00	9.96	863.32
	1390.64	0.00	9.96	862.32
	1390.65	0.00	9.98	865.33
	1390.66	0.00	9.98	860.33
	1390.67	0.00	9.97	862.33
	1390.69	0.00	9.97	863.33
	1390.70	0.00	9.96	866.34
	1390.71	0.00	9.93	864.36
	1390.72	0.00	9.96	866.34
	1390.73	0.00	9.95	866.34
	1390.74	0.00	9.95	866.34
	1390.76	0.00	9.95	870.37
	1390.77	0.00	9.95	869.34
	1390.78	0.00	9.95	864.29
	1390.79	0.00	9.94	864.31
	1390.80	0.00	9.91	868.37
	1390.81	0.00	9.93	870.35
	1390.82	0.00	9.93	871.36
	1390.84	0.00	9.91	871.37
	1390.85	0.00	9.91	873.40
	1390.86	0.00	9.94	873.37
	1390.87	0.00	9.90	870.37
	1390.88	0.00	9.90	870.37
	1390.89	0.00	9.88	870.40
	1390.91	0.00	9.89	871.37
	1390.92	0.00	9.89	871.38
	1390.93	0.00	9.89	871.38
	1390.94	0.00	9.93	873.31
	1390.95	0.00	9.88	871.38
	1390.96	0.00	9.89	871.38
	1390.97	0.00	9.89	871.37
	1390.99	0.00	9.90	872.38
	1391.00	0.00	9.91	874.37
	1391.01	0.00	9.88	871.38
	1391.02	0.00	9.89	872.38
	1391.03	0.00	9.89	873.38
	1391.04	0.00	9.88	871.37
	1391.06	0.00	9.91	871.38
	1391.07	0.00	9.88	870.38
	1391.08	0.00	9.90	873.38
	1391.09	0.00	9.90	874.40
	1391.10	0.00	9.92	874.37
	1391.11	0.00	9.96	879.37
	1391.12	0.00	9.97	879.37
	1391.14	0.00	9.94	878.40
	1391.15	0.00	9.98	880.37
	1391.16	0.00	9.99	879.34
	1391.17	0.00	9.99	876.33
	1391.18	0.00	9.98	877.33
	1391.19	0.00	9.99	876.32
	1391.20	0.00	10.00	879.32
	1391.22	0.00	9.99	879.32
	1391.23	0.00	10.00	879.32
	1391.24	0.00	9.97	877.35
	1391.25	0.00	10.00	880.32
	1391.26	0.00	9.99	877.32
	1391.28	0.00	10.00	878.32
	1391.29	0.00	10.02	881.27
	1391.30	0.00	9.99	879.32
	1391.31	0.00	9.98	880.32
	1391.32	0.00	9.98	882.32
	1391.33	0.00	9.95	881.36
	1391.34	0.00	9.98	882.33
	1391.35	0.00	9.97	882.33
	1391.37	0.00	9.97	882.33
	1391.38	0.00	9.97	882.33
	1391.39	0.00	9.97	883.33
	1391.40	0.00	9.93	877.33
	1391.41	0.00	9.92	877.33
	1391.43	0.00	9.93	878.33
	1391.44	0.00	9.92	874.30
	1391.45	0.00	9.91	877.33
	1391.46	0.00	9.92	879.33
	1391.47	0.00	9.92	877.33
	1391.48	0.00	9.88	875.36
	1391.49	0.00	9.88	874.33
	1391.51	0.00	9.91	879.33
	1391.52	0.00	9.91	879.33
	1391.53	0.00	9.90	879.35
	1391.54	0.00	9.90	877.33
	1391.55	0.00	9.90	878.33
	1391.56	0.00	9.90	878.33
	1391.57	0.00	9.90	878.33
	1391.59	0.00	9.92	879.32
	1391.60	0.00	9.91	880.33
	1391.61	0.00	9.90	877.33
	1391.62	0.00	9.90	879.33
	1391.63	0.00	9.88	879.34
	1391.64	0.00	9.90	879.33
	1391.66	0.00	9.90	879.34
	1391.67	0.00	9.89	878.33
	1391.68	0.00	9.88	878.35
	1391.69	0.00	9.89	879.33
	1391.70	0.00	9.89	879.33
	1391.71	0.00	9.89	880.34
	1391.72	0.00	9.88	880.33
	1391.74	0.00	9.89	878.34
	1391.75	0.00	9.89	877.33
	1391.76	0.00	9.88	878.33
	1391.77	0.00	9.84	873.34
	1391.78	0.00	9.87	876.32
	1391.80	0.00	9.85	875.33
	1391.81	0.00	9.86	877.33
	1391.82	0.00	9.86	877.34
	1391.83	0.00	9.91	879.27
	1391.84	0.00	9.86	875.33
	1391.85	0.00	9.86	877.33
	1391.86	0.00	9.86	879.34
	1391.88	0.00	9.88	879.31
	1391.89	0.00	9.87	879.33
	1391.90	0.00	9.87	880.33
	1391.91	0.00	9.87	880.33
	1391.92	0.00	9.88	880.32
	1391.93	0.00	9.88	881.33
	1391.94	0.00	9.86	878.33
	1391.95	0.00	9.87	880.33
	1391.97	0.00	9.87	879.32
	1391.98	0.00	9.84	877.34
	1391.99	0.00	9.84	877.33
	1392.00	0.00	9.86	879.33
	1392.01	0.00	9.86	880.33
	1392.03	0.00	9.83	877.36
	1392.04	0.00	9.84	877.33
	1392.05	0.00	9.86	880.34
	1392.06	0.00	9.86	879.33
	1392.07	0.00	9.89	880.28
	1392.08	0.00	9.86	878.33
	1392.09	0.00	9.86	879.33
	1392.11	0.00	9.86	879.33
	1392.12	0.00	9.83	878.37
	1392.13	0.00	9.83	876.33
	1392.14	0.00	9.90	878.24
	1392.15	0.00	9.84	876.32
	1392.16	0.00	9.85	879.34
	1392.18	0.00	9.85	879.35
	1392.19	0.00	9.86	877.35
	1392.20	0.00	9.86	878.34
	1392.21	0.00	9.84	878.36
	1392.22	0.00	9.86	876.35
	1392.23	0.00	9.87	878.36
	1392.24	0.00	9.86	877.37
	1392.26	0.00	9.84	876.37
	1392.27	0.00	9.88	880.36
	1392.28	0.00	9.83	875.38
	1392.29	0.00	9.84	877.38
	1392.30	0.00	9.83	875.38
	1392.31	0.00	9.83	877.40
	1392.32	0.00	9.85	877.38
	1392.34	0.00	9.85	875.38
	1392.35	0.00	9.84	876.38
	1392.36	0.00	9.83	875.42
	1392.37	0.00	9.86	876.39
	1392.38	0.00	9.87	879.38
	1392.40	0.00	9.87	877.38
	1392.41	0.00	9.85	876.40
	1392.42	0.00	9.86	875.38
	1392.43	0.00	9.86	876.38
	1392.44	0.00	9.86	876.38
	1392.45	0.00	9.86	872.35
	1392.46	0.00	9.91	879.34
	1392.48	0.00	9.89	877.34
	1392.49	0.00	9.90	877.33
	1392.50	0.00	9.86	874.36
	1392.51	0.00	9.88	875.33
	1392.52	0.00	9.89	877.34
	1392.53	0.00	9.89	878.35
	1392.55	0.00	9.89	878.36
	1392.56	0.00	9.90	878.36
	1392.57	0.00	9.89	877.36
	1392.58	0.00	9.90	877.36
	1392.59	0.00	9.89	877.37
	1392.60	0.00	9.92	877.33
	1392.61	0.00	9.89	878.37
	1392.63	0.00	9.89	878.37
	1392.64	0.00	9.89	877.37
	1392.65	0.00	9.90	879.37
	1392.66	0.00	9.89	877.37
	1392.67	0.00	9.88	877.37
	1392.68	0.00	9.90	879.37
	1392.69	0.00	9.89	879.38
	1392.71	0.00	9.90	879.37
	1392.72	0.00	9.89	878.37
	1392.73	0.00	9.90	877.37
	1392.74	0.00	10.01	877.17
	1392.75	0.00	10.02	875.10
	1392.76	0.00	10.05	876.08
	1392.78	0.00	10.06	878.09
	1392.79	0.00	10.13	878.98
	1392.80	0.00	10.06	880.09
	1392.81	0.00	10.07	875.09
	1392.82	0.00	10.02	872.10
	1392.83	0.00	10.03	873.10
	1392.84	0.00	10.01	870.11
	1392.86	0.00	10.03	873.11
	1392.87	0.00	10.02	872.11
	1392.88	0.00	10.02	874.13
	1392.89	0.00	10.05	875.11
	1392.90	0.00	10.14	864.84
	1392.92	0.00	10.10	861.88
	1392.93	0.00	10.04	859.97
	1392.94	0.00	9.95	858.09
	1392.95	0.00	9.96	860.11
	1392.96	0.00	9.94	859.12
	1392.97	0.00	9.95	857.13
	1392.98	0.00	9.93	856.12
	1393.00	0.00	9.97	858.09
	1393.01	0.00	9.96	860.12
	1393.02	0.00	9.92	851.14
	1393.03	0.00	9.94	851.10
	1393.04	0.00	9.92	850.15
	1393.05	0.00	9.92	850.16
	1393.06	0.00	9.93	852.16
	1393.08	0.00	9.89	846.16
	1393.09	0.00	9.91	849.16
	1393.10	0.00	9.92	850.16
	1393.11	0.00	9.92	850.16
	1393.12	0.00	9.92	852.19
	1393.13	0.00	9.92	853.18
	1393.15	0.00	9.93	854.18
	1393.16	0.00	9.94	856.19
	1393.17	0.00	9.85	844.21
	1393.18	0.00	9.82	841.23
	1393.19	0.00	9.94	851.17
	1393.20	0.00	9.94	853.18
	1393.21	0.00	9.97	854.15
	1393.23	0.00	9.84	840.21
	1393.24	0.00	9.82	842.25
	1393.25	0.00	9.81	844.28
	1393.26	0.00	9.83	848.29
	1393.27	0.00	9.83	848.29
	1393.29	0.00	9.85	847.28
	1393.30	0.00	9.84	845.27
	1393.31	0.00	9.85	849.29
	1393.32	0.00	9.86	851.29
	1393.33	0.00	9.86	851.31
	1393.34	0.00	9.85	851.32
	1393.35	0.00	9.89	849.32
	1393.37	0.00	9.89	849.32
	1393.38	0.00	9.86	849.32
	1393.39	0.00	9.84	851.32
	1393.40	0.00	9.87	847.32
	1393.41	0.00	9.91	848.27
	1393.42	0.00	9.88	852.33
	1393.43	0.00	9.88	853.33
	1393.45	0.00	9.88	853.33
	1393.46	0.00	9.89	855.31
	1393.47	0.00	9.88	856.33
	1393.48	0.00	9.88	855.33
	1393.49	0.00	9.88	854.33
	1393.50	0.00	9.88	855.33
	1393.52	0.00	9.88	856.34
	1393.53	0.00	9.88	856.33
	1393.54	0.00	9.86	851.29
	1393.55	0.00	9.89	857.29
	1393.56	0.00	9.90	859.30
	1393.57	0.00	9.90	859.30
	1393.58	0.00	9.89	857.29
	1393.60	0.00	9.84	852.33
	1393.61	0.00	9.92	854.25
	1393.62	0.00	9.90	858.29
	1393.63	0.00	9.90	859.30
	1393.64	0.00	9.92	861.30
	1393.65	0.00	9.89	860.34
	1393.67	0.00	9.92	863.31
	1393.68	0.00	9.92	862.31
	1393.69	0.00	9.92	862.31
	1393.70	0.00	9.92	865.33
	1393.71	0.00	9.92	865.32
	1393.72	0.00	9.94	864.32
	1393.73	0.00	9.95	864.32
	1393.75	0.00	9.92	865.34
	1393.76	0.00	9.94	866.32
	1393.77	0.00	9.94	866.32
	1393.78	0.00	9.95	864.32
	1393.79	0.00	9.90	863.36
	1393.80	0.00	9.92	864.33
	1393.81	0.00	9.93	866.33
	1393.83	0.00	9.93	866.33
	1393.84	0.00	9.92	869.33
	1393.85	0.00	9.90	864.31
	1393.86	0.00	9.92	869.34
	1393.87	0.00	9.92	869.33
	1393.89	0.00	9.91	869.33
	1393.90	0.00	9.91	869.36
	1393.91	0.00	9.90	868.34
	1393.92	0.00	9.91	869.34
	1393.93	0.00	9.90	871.34
	1393.94	0.00	9.89	871.36
	1393.95	0.00	9.88	869.35
	1393.97	0.00	9.89	870.34
	1393.98	0.00	9.89	871.34
	1393.99	0.00	9.86	869.37
	1394.00	0.00	9.88	871.35
	1394.01	0.00	9.87	871.35
	1394.02	0.00	9.86	868.30
	1394.03	0.00	9.85	872.35
	1394.05	0.00	9.88	876.35
	1394.06	0.00	9.86	873.36
	1394.07	0.00	9.86	874.36
	1394.08	0.00	9.87	873.34
	1394.09	0.00	9.87	876.36
	1394.10	0.00	9.86	875.36
	1394.11	0.00	9.86	876.37
	1394.13	0.00	9.86	877.37
	1394.14	0.00	9.88	879.35
	1394.15	0.00	9.87	877.38
	1394.16	0.00	9.84	877.38
	1394.17	0.00	9.86	879.38
	1394.19	0.00	9.83	879.40
	1394.20	0.00	9.78	878.49
	1394.21	0.00	9.82	880.44
	1394.22	0.00	9.83	881.42
	1394.23	0.00	9.88	885.35
	1394.24	0.00	9.84	884.42
	1394.25	0.00	9.83	883.41
	1394.27	0.00	9.83	883.41
	1394.28	0.00	9.82	884.41
	1394.29	0.00	9.82	883.41
	1394.30	0.00	9.82	883.41
	1394.31	0.00	9.83	884.41
	1394.32	0.00	9.84	884.38
	1394.33	0.00	9.83	884.41
	1394.35	0.00	9.84	883.38
	1394.36	0.00	9.83	881.37
	1394.37	0.00	9.83	884.41
	1394.38	0.00	9.82	884.41
	1394.39	0.00	9.81	883.41
	1394.40	0.00	9.82	882.37
	1394.42	0.00	9.82	882.37
	1394.43	0.00	9.83	883.37
	1394.44	0.00	9.83	885.37
	1394.45	0.00	9.84	886.36
	1394.46	0.00	9.86	886.36
	1394.47	0.00	9.86	886.36
	1394.48	0.00	9.84	884.37
	1394.50	0.00	9.84	887.36
	1394.51	0.00	9.85	885.36
	1394.52	0.00	9.83	887.39
	1394.53	0.00	9.84	887.36
	1394.54	0.00	9.84	884.36
	1394.55	0.00	9.85	885.36
	1394.57	0.00	9.85	886.35
	1394.58	0.00	9.85	886.36
	1394.59	0.00	9.84	884.36
	1394.60	0.00	9.84	884.36
	1394.61	0.00	9.85	884.35
	1394.62	0.00	9.84	885.36
	1394.64	1.00	9.84	885.36
	1394.65	1.00	9.84	885.36
	1394.66	1.00	9.85	886.35
	1394.67	1.00	9.84	885.36
	1394.68	1.00	9.83	883.36
	1394.69	1.00	9.85	886.36
	1394.70	1.00	9.83	884.36
	1394.71	1.00	9.84	887.36
	1394.73	1.00	9.83	884.36
	1394.74	1.00	9.83	885.35
	1394.75	1.00	9.84	884.35
	1394.76	1.00	9.82	885.37
	1394.77	1.00	9.84	885.36
	1394.79	1.00	9.84	885.36
	1394.80	1.00	9.80	878.35
	1394.81	1.00	9.79	880.38
	1394.82	1.00	9.80	878.35
	1394.83	1.00	9.81	881.35
	1394.84	1.00	9.80	879.35
	1394.85	1.00	9.81	882.35
	1394.87	0.00	9.81	882.35
	1394.88	0.00	9.81	882.35
	1394.89	0.00	9.81	880.35
	1394.90	0.00	9.81	877.33
	1394.91	0.00	9.81	881.35
	1394.92	0.00	9.81	882.35
	1394.94	0.00	9.80	880.35
	1394.95	0.00	9.79	880.38
	1394.96	0.00	9.82	881.35
	1394.97	0.00	9.80	880.35
	1394.98	0.00	9.80	880.35
	1394.99	0.00	9.79	880.37
	1395.00	0.00	9.81	881.35
	1395.02	0.00	9.80	879.35
	1395.03	0.00	9.81	880.35
	1395.04	0.00	9.82	879.32
	1395.05	0.00	9.80	880.35
	1395.06	0.00	9.81	878.35
	1395.07	0.00	9.82	879.35
	1395.08	0.00	9.80	879.35
	1395.10	0.00	9.81	881.36
	1395.11	0.00	9.80	879.35
	1395.12	0.00	9.80	879.35
	1395.13	0.00	9.80	879.35
	1395.14	0.00	9.82	880.33
	1395.15	0.00	9.80	879.35
	1395.17	0.00	9.80	879.35
	1395.18	0.00	9.80	880.35
	1395.19	0.00	9.79	880.37
	1395.20	0.00	9.79	879.35
	1395.21	0.00	9.76	875.35
	1395.22	0.00	9.78	877.35
	1395.23	0.00	9.77	878.38
	1395.25	0.00	9.79	879.35
	1395.26	0.00	9.80	879.35
	1395.27	0.00	9.80	880.35
	1395.28	0.00	9.80	879.36
	1395.29	0.00	9.81	881.35
	1395.31	0.00	9.80	880.35
	1395.32	0.00	9.80	880.35
	1395.33	0.00	9.79	878.37
	1395.34	0.00	9.80	878.35
	1395.35	0.00	9.80	879.35
	1395.36	0.00	9.80	878.35
	1395.37	0.00	9.84	881.31
	1395.39	0.00	9.82	881.35
	1395.40	0.00	9.80	878.35
	1395.41	0.00	9.80	879.35
	1395.42	0.00	9.80	878.35
	1395.43	0.00	9.81	878.35
	1395.44	0.00	9.81	879.35
	1395.45	0.00	9.80	877.35
	1395.47	0.00	9.81	878.35
	1395.48	0.00	9.81	878.34
	1395.49	0.00	9.87	878.23
	1395.50	0.00	9.84	876.29
	1395.51	0.00	9.81	876.34
	1395.52	0.00	9.82	878.35
	1395.54	0.00	9.87	876.24
	1395.55	0.00	9.86	877.27
	1395.56	0.00	9.82	877.33
	1395.57	0.00	9.77	872.36
	1395.58	0.00	9.82	877.36
	1395.59	0.00	9.81	877.37
	1395.60	0.00	9.80	877.39
	1395.62	0.00	9.80	878.41
	1395.63	0.00	9.81	879.39
	1395.64	0.00	9.81	878.39
	1395.65	0.00	9.81	878.38
	1395.66	0.00	9.78	876.41
	1395.67	0.00	9.79	875.39
	1395.69	0.00	9.80	877.40
	1395.70	0.00	9.79	876.40
	1395.71	0.00	9.81	878.39
	1395.72	0.00	9.79	875.39
	1395.73	0.00	9.81	874.39
	1395.74	0.00	9.80	876.39
	1395.76	0.00	9.80	878.40
	1395.77	0.00	9.81	877.40
	1395.78	0.00	9.80	878.40
	1395.79	0.00	9.79	875.40
	1395.80	0.00	9.79	875.40
	1395.81	0.00	9.80	878.42
	1395.82	0.00	9.81	877.40
	1395.83	0.00	9.78	873.40
	1395.85	0.00	9.81	877.40
	1395.86	0.00	9.79	879.44
	1395.87	0.00	9.79	875.40
	1395.88	0.00	9.80	878.40
	1395.89	0.00	9.81	879.40
	1395.91	0.00	9.83	877.33
	1395.92	0.00	9.81	877.40
	1395.93	0.00	9.80	877.40
	1395.94	0.00	9.80	878.40
	1395.95	0.00	9.79	876.39
	1395.96	0.00	9.82	877.35
	1395.97	0.00	9.82	877.35
	1395.99	0.00	9.83	879.36
	1396.00	0.00	9.82	878.36
	1396.01	0.00	9.82	878.37
	1396.02	0.00	9.83	878.37
	1396.03	0.00	9.83	880.38
	1396.04	0.00	9.82	879.37
	1396.06	0.00	9.83	879.36
	1396.07	0.00	9.82	877.37
	1396.08	0.00	9.83	879.37
	1396.09	0.00	9.81	876.38
	1396.10	0.00	9.81	877.41
	1396.11	0.00	9.82	877.38
	1396.12	0.00	9.82	878.38
	1396.14	0.00	9.83	879.38
	1396.15	0.00	9.80	875.38
	1396.16	0.00	9.82	878.38
	1396.17	0.00	9.82	877.38
	1396.18	0.00	9.82	878.38
	1396.19	0.00	9.81	879.41
	1396.20	0.00	9.83	880.39
	1396.22	0.00	9.82	880.39
	1396.23	0.00	9.82	878.39
	1396.24	0.00	9.80	878.42
	1396.25	0.00	9.83	881.39
	1396.26	0.00	9.82	880.39
	1396.28	0.00	9.82	880.39
	1396.29	0.00	9.82	880.39
	1396.30	0.00	9.88	880.29
	1396.31	0.00	9.91	877.20
	1396.32	0.00	9.82	880.39
	1396.33	0.00	9.82	880.39
	1396.34	0.00	9.83	880.40
	1396.35	0.00	9.88	877.25
	1396.37	0.00	9.93	876.15
	1396.38	0.00	9.95	876.11
	1396.39	0.00	10.01	879.05
	1396.40	0.00	9.96	877.11
	1396.41	0.00	9.97	879.11
	1396.42	0.00	9.98	880.11
	1396.44	0.00	9.97	877.08
	1396.45	0.00	9.98	879.11
	1396.46	0.00	9.98	880.11
	1396.47	0.00	9.97	877.12
	1396.48	0.00	9.95	873.11
	1396.49	0.00	9.94	873.12
	1396.51	0.00	9.95	874.12
	1396.52	0.00	9.94	872.12
	1396.53	0.00	9.94	875.14
	1396.54	0.00	9.94	873.12
	1396.55	0.00	9.94	873.12
	1396.56	0.00	9.94	873.13
	1396.57	0.00	9.92	872.15
	1396.59	0.00	9.95	874.13
	1396.60	0.00	9.99	871.01
	1396.61	0.00	10.06	866.86
	1396.62	0.00	10.03	873.98
	1396.63	0.00	9.93	872.13
	1396.64	0.00	10.05	866.85
	1396.66	0.00	9.97	862.94
	1396.67	0.00	9.91	862.03
	1396.68	0.00	9.88	863.08
	1396.69	0.00	9.87	865.12
	1396.70	0.00	9.84	862.15
	1396.71	0.00	9.86	863.15
	1396.72	0.00	9.86	860.11
	1396.74	0.00	9.86	863.12
	1396.75	0.00	9.86	863.15
	1396.76	0.00	9.84	860.16
	1396.77	0.00	9.82	856.19
	1396.78	0.00	9.81	855.19
	1396.79	0.00	9.83	858.20
	1396.81	0.00	9.83	857.20
	1396.82	0.00	9.82	856.20
	1396.83	0.00	9.84	860.20
	1396.84	0.00	9.83	857.20
	1396.85	0.00	9.83	858.20
	1396.86	0.00	9.84	858.18
	1396.88	0.00	9.84	860.21
	1396.89	0.00	9.84	860.21
	1396.90	0.00	9.86	862.19
	1396.91	0.00	9.73	847.23
	1396.92	0.00	9.87	863.19
	1396.93	0.00	9.84	863.21
	1396.94	0.00	9.84	861.21
	1396.96	0.00	9.72	848.26
	1396.97	0.00	9.72	850.29
	1396.98	0.00	9.72	852.31
	1396.99	0.00	9.71	850.30
	1397.00	0.00	9.70	849.28
	1397.01	0.00	9.71	847.26
	1397.03	0.00	9.71	850.28
	1397.04	0.00	9.71	852.31
	1397.05	0.00	9.71	853.32
	1397.06	0.00	9.70	856.37
	1397.07	0.00	9.72	858.34
	1397.08	0.00	9.72	859.35
	1397.09	0.00	9.74	859.35
	1397.11	0.00	9.74	859.35
	1397.12	0.00	9.73	860.36
	1397.13	0.00	9.74	859.36
	1397.14	0.00	9.73	859.36
	1397.15	0.00	9.75	861.32
	1397.16	0.00	9.77	857.36
	1397.18	0.00	9.78	859.37
	1397.19	0.00	9.78	860.37
	1397.20	0.00	9.84	860.26
	1397.21	0.00	9.79	863.37
	1397.22	0.00	9.77	861.37
	1397.23	0.00	9.76	860.37
	1397.24	0.00	9.75	861.40
	1397.26	0.00	9.77	861.37
	1397.27	0.00	9.78	864.37
	1397.28	0.00	9.76	859.34
	1397.29	0.00	9.77	861.32
	1397.30	0.00	9.81	867.34
	1397.31	0.00	9.79	864.33
	1397.32	0.00	9.78	862.33
	1397.34	0.00	9.76	861.33
	1397.35	0.00	9.76	863.35
	1397.36	0.00	9.79	868.34
	1397.37	0.00	9.79	869.35
	1397.38	0.00	9.80	871.35
	1397.39	0.00	9.78	873.39
	1397.41	0.00	9.77	871.35
	1397.42	0.00	9.77	873.34
	1397.43	0.00	9.77	877.35
	1397.44	0.00	9.77	881.36
	1397.45	0.00	9.76	882.37
	1397.46	0.00	9.77	885.38
	1397.47	0.00	9.76	882.39
	1397.49	0.00	9.76	877.39
	1397.50	0.00	9.74	883.38
	1397.51	0.00	9.72	884.40
	1397.52	0.00	9.71	887.41
	1397.53	0.00	9.71	885.42
	1397.54	0.00	9.69	886.44
	1397.56	0.00	9.67	892.44
	1397.57	0.00	9.65	896.45
	1397.58	0.00	9.65	902.45
	1397.59	0.00	9.63	906.45
	1397.60	0.00	9.59	906.49
	1397.61	0.00	9.60	910.46
	1397.63	0.00	9.56	921.47
	1397.64	0.00	9.54	923.48
	1397.65	0.00	9.51	923.42
	1397.66	0.00	9.49	929.47
	1397.67	0.00	9.45	938.50
	1397.68	0.00	9.42	948.51
	1397.69	0.00	9.39	954.50
	1397.71	0.00	9.34	957.51
	1397.72	0.00	9.33	963.52
	1397.73	0.00	9.31	966.54
	1397.74	0.00	9.31	969.54
	1397.75	0.00	9.30	975.55
	1397.76	0.00	9.28	979.56
	1397.78	0.00	9.28	981.51
	1397.79	0.00	9.25	985.57
	1397.80	0.00	9.21	989.57
	1397.81	0.00	9.18	993.58
	1397.82	0.00	9.15	997.63
	1397.83	0.00	9.14	1002.60
	1397.84	0.00	9.11	1007.60
	1397.86	0.00	9.11	1009.58
	1397.87	0.00	9.10	1008.58
	1397.88	0.00	9.13	1036.53
	1397.89	0.00	9.07	1029.58
	1397.90	0.00	9.08	1028.58
	1397.92	0.00	9.07	1024.58
	1397.93	0.00	9.07	1020.58
	1397.94	0.00	9.05	1007.58
	1397.95	0.00	9.09	995.56
	1397.96	0.00	9.10	956.54
	1397.97	0.00	9.21	919.52
	1397.98	0.00	9.37	871.53
	1398.00	0.00	9.50	844.47
	1398.01	0.00	9.50	832.42
	1398.02	0.00	9.55	805.35
	1398.03	0.00	9.56	776.29
	1398.04	0.00	9.66	752.10
	1398.05	0.00	9.65	726.94
	1398.06	0.00	9.61	714.89
	1398.08	0.00	9.61	711.88
	1398.09	0.00	9.61	710.85
	1398.10	0.00	9.57	706.87
	1398.11	0.00	9.57	708.90
	1398.12	0.00	9.55	704.89
	1398.13	0.00	9.56	706.88
	1398.15	0.00	9.55	703.88
	1398.16	0.00	9.55	702.87
	1398.17	0.00	9.55	703.86
	1398.18	0.00	9.55	703.85
	1398.19	0.00	9.57	700.81
	1398.20	0.00	9.55	700.86
	1398.21	0.00	9.56	701.85
	1398.23	0.00	9.55	700.84
	1398.24	0.00	9.56	698.82
	1398.25	0.00	9.57	698.81
	1398.26	0.00	9.56	697.81
	1398.27	0.00	9.57	696.80
	1398.29	0.00	9.56	695.80
	1398.30	0.00	9.56	695.81
	1398.31	0.00	9.55	693.79
	1398.32	0.00	9.58	694.78
	1398.33	0.00	9.58	694.77
	1398.34	0.00	9.58	694.77
	1398.35	0.00	9.63	695.72
	1398.37	0.00	9.64	694.68
	1398.38	0.00	9.67	693.67
	1398.39	0.00	9.67	692.66
	1398.40	0.00	9.71	696.66
	1398.41	0.00	9.68	694.65
	1398.42	0.00	9.66	692.65
	1398.43	0.00	9.63	688.64
	1398.45	0.00	9.66	691.64
	1398.46	0.00	9.69	690.58
	1398.47	0.00	9.71	689.56
	1398.48	0.00	9.74	692.55
	1398.49	0.00	9.72	688.55
	1398.50	0.00	9.76	693.54
	1398.52	0.00	9.61	693.72
	1398.53	0.00	9.55	695.78
	1398.54	0.00	9.52	701.84
	1398.55	0.00	9.46	732.99
	1398.56	0.00	9.19	802.21
	1398.57	0.00	9.05	898.33
	1398.58	0.00	9.09	930.31
	1398.60	0.00	9.15	945.33
	1398.61	0.00	9.20	961.34
	1398.62	0.00	9.28	984.39
	1398.63	0.00	9.28	1005.39
	1398.64	0.00	9.28	1041.44
	1398.65	0.00	9.26	1069.48
	1398.67	0.00	9.21	1089.56
	1398.68	0.00	9.23	1108.60
	1398.69	0.00	9.30	1123.61
	1398.70	0.00	9.32	1128.62
	1398.71	0.00	9.38	1129.61
	1398.72	0.00	9.44	1128.60
	1398.73	0.00	9.49	1120.60
	1398.75	0.00	9.56	1111.56
	1398.76	0.00	9.64	1102.55
	1398.77	0.00	9.71	1092.54
	1398.78	0.00	9.79	1076.52
	1398.79	0.00	9.97	1056.47
	1398.81	0.00	10.20	1036.44
	1398.82	0.00	10.34	1012.42
	1398.83	0.00	10.43	984.41
	1398.84	0.00	10.49	1000.39
	1398.85	0.00	10.54	988.33
	1398.86	0.00	10.58	1000.35
	1398.88	0.00	10.64	994.32
	1398.89	0.00	10.68	1000.30
	1398.90	0.00	10.69	1000.31
	1398.91	0.00	10.79	1005.20
	1398.92	0.00	10.82	1008.18
	1398.93	0.00	10.94	1015.10
	1398.94	0.00	11.01	1011.01
	1398.96	0.00	11.14	1017.91
	1398.97	0.00	11.29	1015.72
	1398.98	0.00	11.53	1016.42
	1398.99	0.00	11.60	1011.34
	1399.00	0.00	11.61	1004.31
	1399.02	0.00	11.61	986.20
	1399.03	0.00	11.69	984.12
	1399.04	0.00	11.74	953.04
	1399.05	0.00	11.73	939.98
	1399.06	0.00	11.72	924.92
	1399.07	0.00	12.07	938.81
	1399.08	0.00	12.08	925.78
	1399.10	0.00	12.09	908.72
	1399.11	0.00	12.10	897.70
	1399.12	0.00	12.21	891.65
	1399.13	0.00	12.21	877.65
	1399.14	0.00	12.15	862.66
	1399.15	0.00	12.24	856.65
	1399.17	0.00	12.33	858.60
	1399.18	0.00	12.33	848.56
	1399.19	0.00	12.39	855.53
	1399.20	0.00	12.33	850.53
	1399.21	0.00	12.21	838.53
	1399.22	0.00	11.88	803.54
	1399.23	0.00	11.48	777.64
	1399.25	0.00	10.63	722.87
	1399.26	0.00	10.29	717.17
	1399.27	0.00	10.03	694.22
	1399.28	0.00	9.86	684.31
	1399.29	0.00	9.79	681.36
	1399.30	0.00	9.71	675.38
	1399.32	0.00	9.66	672.39
	1399.33	0.00	9.63	670.40
	1399.34	0.00	9.66	671.37
	1399.35	0.00	9.75	681.38
	1399.36	0.00	9.75	679.38
	1399.37	0.00	9.75	679.37
	1399.39	0.00	9.76	678.37
	1399.40	0.00	9.77	679.35
	1399.41	0.00	9.77	679.35
	1399.42	0.00	9.78	679.35
	1399.43	0.00	9.82	682.33
	1399.44	0.00	9.84	684.32
	1399.45	0.00	9.85	684.29
	1399.46	0.00	9.89	684.27
	1399.48	0.00	9.85	679.26
	1399.49	0.00	9.90	687.26
	1399.50	0.00	9.93	688.26
	1399.51	0.00	9.93	688.26
	1399.52	0.00	9.94	688.26
	1399.53	0.00	9.95	689.26
	1399.55	0.00	9.95	695.23
	1399.56	0.00	9.97	694.20
	1399.57	0.00	9.97	694.20
	1399.58	0.00	9.96	691.20
	1399.59	0.00	9.98	691.19
	1399.60	0.00	9.95	692.22
	1399.61	0.00	9.94	691.24
	1399.63	0.00	9.90	691.30
	1399.64	0.00	9.79	680.31
	1399.65	0.00	9.89	695.32
	1399.66	0.00	9.87	691.34
	1399.67	0.00	9.88	690.33
	1399.68	0.00	9.88	690.33
	1399.70	0.00	9.88	692.35
	1399.71	0.00	9.89	692.34
	1399.72	0.00	9.87	692.34
	1399.73	0.00	9.62	695.69
	1399.74	0.00	9.55	709.85
	1399.75	0.00	9.09	755.19
	1399.76	0.00	8.71	868.44
	1399.78	0.00	8.58	945.56
	1399.79	0.00	8.61	1000.62
	1399.80	0.00	8.67	1035.63
	1399.81	0.00	8.71	1049.59
	1399.82	0.00	8.71	1069.52
	1399.83	0.00	8.73	1108.63
	1399.85	0.00	8.71	1136.66
	1399.86	0.00	8.73	1172.73
	1399.87	0.00	8.80	1219.76
	1399.88	0.00	8.93	1253.73
	1399.89	0.00	9.05	1277.74
	1399.90	0.00	9.16	1287.73
	1399.92	0.00	9.24	1288.72
	1399.93	0.00	9.34	1288.69
	1399.94	0.00	9.44	1287.67
	1399.95	0.00	9.54	1279.59
	1399.96	0.00	9.60	1265.59
	1399.97	0.00	9.69	1253.57
	1399.99	0.00	9.74	1239.58
	1400.00	0.00	9.82	1225.55
	1400.01	0.00	9.91	1217.53
	1400.02	0.00	9.96	1206.54
	1400.03	0.00	10.00	1203.53
	1400.04	0.00	10.07	1202.53
	1400.06	0.00	10.14	1201.50
	1400.07	0.00	10.16	1194.48
	1400.08	0.00	10.23	1196.48
	1400.09	0.00	10.32	1198.39
	1400.10	0.00	10.39	1202.43
	1400.11	0.00	10.44	1198.42
	1400.13	0.00	10.55	1188.40
	1400.14	0.00	10.71	1172.39
	1400.15	0.00	10.94	1175.37
	1400.16	0.00	11.05	1146.34
	1400.17	0.00	11.16	1142.29
	1400.18	0.00	11.27	1138.21
	1400.20	0.00	11.36	1134.08
	1400.21	0.00	11.41	1129.97
	1400.22	0.00	11.45	1124.90
	1400.23	0.00	11.64	1114.67
	1400.24	0.00	11.77	1110.48
	1400.25	0.00	11.91	1108.35
	1400.27	0.00	11.98	1103.26
	1400.28	0.00	12.00	1091.20
	1400.29	0.00	12.08	1074.07
	1400.30	0.00	12.08	1053.00
	1400.31	0.00	12.15	1038.87
	1400.32	0.00	12.22	994.72
	1400.33	0.00	12.15	975.71
	1400.35	0.00	12.12	954.65
	1400.36	0.00	12.06	930.62
	1400.37	0.00	12.27	928.59
	1400.38	0.00	12.20	901.55
	1400.39	0.00	12.10	879.55
	1400.40	0.00	12.08	870.55
	1400.42	0.00	12.11	867.54
	1400.43	0.00	12.02	855.56
	1400.44	0.00	11.67	821.62
	1400.45	0.00	11.07	776.71
	1400.46	0.00	10.71	763.03
	1400.47	0.00	10.44	759.27
	1400.48	0.00	10.28	754.41
	1400.50	0.00	10.11	747.53
	1400.51	0.00	10.01	738.56
	1400.52	0.00	9.96	728.51
	1400.53	0.00	9.88	722.56
	1400.54	0.00	9.87	720.55
	1400.55	0.00	9.82	714.56
	1400.56	0.00	9.81	713.55
	1400.58	0.00	9.85	712.48
	1400.59	0.00	9.80	711.53
	1400.60	0.00	9.80	709.52
	1400.61	0.00	9.79	709.52
	1400.62	0.00	9.86	707.42
	1400.64	0.00	9.78	708.52
	1400.65	0.00	9.79	707.50
	1400.66	0.00	9.81	707.49
	1400.67	0.00	9.82	710.49
	1400.68	0.00	9.82	710.49
	1400.69	0.00	9.84	712.49
	1400.70	0.00	9.86	713.48
	1400.72	0.00	9.91	714.42
	1400.73	0.00	9.93	713.37
	1400.74	0.00	9.93	712.39
	1400.75	0.00	9.91	709.38
	1400.76	0.00	9.94	711.38
	1400.77	0.00	9.93	709.37
	1400.78	0.00	9.91	708.38
	1400.80	0.00	9.94	708.37
	1400.81	0.00	9.92	708.37
	1400.82	0.00	9.92	708.37
	1400.83	0.00	9.93	708.36
	1400.84	0.00	9.92	708.37
	1400.85	0.00	9.91	706.37
	1400.86	0.00	9.92	708.37
	1400.88	0.00	9.90	706.37
	1400.89	0.00	9.92	708.37
	1400.90	0.00	9.94	707.35
	1400.91	0.00	9.72	707.64
	1400.92	0.00	9.59	713.78
	1400.93	0.00	9.43	716.97
	1400.95	0.00	9.17	756.23
	1400.96	0.00	8.69	881.39
	1400.97	0.00	8.60	954.49
	1400.98	0.00	8.60	985.52
	1400.99	0.00	8.68	1009.52
	1401.00	0.00	8.77	1021.52
	1401.02	0.00	8.85	1039.47
	1401.03	0.00	8.91	1066.50
	1401.04	0.00	8.94	1100.54
	1401.05	0.00	8.99	1150.57
	1401.06	0.00	9.01	1182.70
	1401.07	0.00	9.05	1202.78
	1401.08	0.00	9.10	1212.77
	1401.10	0.00	9.15	1219.77
	1401.11	0.00	9.20	1218.76
	1401.12	0.00	9.26	1217.76
	1401.13	0.00	9.32	1207.68
	1401.14	0.00	9.44	1199.68
	1401.16	0.00	9.46	1187.68
	1401.17	0.00	9.54	1173.66
	1401.18	0.00	9.61	1153.63
	1401.19	0.00	9.78	1129.44
	1401.20	0.00	9.89	1109.43
	1401.21	0.00	10.04	1091.41
	1401.22	0.00	10.27	1035.38
	1401.24	0.00	10.43	1034.36
	1401.25	0.00	10.54	1023.31
	1401.26	0.00	10.68	1010.26
	1401.27	0.00	10.71	1001.25
	1401.28	0.00	10.77	1008.23
	1401.29	0.00	10.82	1007.20
	1401.31	0.00	10.94	1016.12
	1401.32	0.00	11.04	1023.03
	1401.33	0.00	11.12	1023.97
	1401.34	0.00	11.18	1019.90
	1401.35	0.00	11.28	1011.76
	1401.36	0.00	11.51	1011.45
	1401.38	0.00	11.53	1013.43
	1401.39	0.00	11.55	1005.40
	1401.40	0.00	11.60	997.37
	1401.41	0.00	11.58	961.33
	1401.42	0.00	11.56	952.30
	1401.43	0.00	11.57	945.24
	1401.45	0.00	11.92	963.11
	1401.46	0.00	11.97	954.06
	1401.47	0.00	11.95	933.00
	1401.48	0.00	11.98	916.93
	1401.49	0.00	12.02	901.84
	1401.50	0.00	12.14	893.70
	1401.52	0.00	12.17	889.71
	1401.53	0.00	12.20	892.66
	1401.54	0.00	12.18	882.63
	1401.55	0.00	12.20	873.57
	1401.56	0.00	12.13	863.56
	1401.57	0.00	12.09	856.51
	1401.58	0.00	12.02	847.50
	1401.59	0.00	11.71	822.49
	1401.61	0.00	11.61	810.49
	1401.62	0.00	11.41	789.54
	1401.63	0.00	11.07	758.65
	1401.64	0.00	10.64	740.92
	1401.65	0.00	10.28	732.27
	1401.67	0.00	10.17	726.34
	1401.68	0.00	10.11	722.34
	1401.69	0.00	10.05	714.34
	1401.70	0.00	10.03	707.33
	1401.71	0.00	9.97	704.33
	1401.72	0.00	9.92	697.32
	1401.73	0.00	9.93	699.32
	1401.75	0.00	9.98	701.31
	1401.76	0.00	9.92	697.33
	1401.77	0.00	9.91	696.34
	1401.78	0.00	9.92	698.33
	1401.79	0.00	9.93	697.33
	1401.80	0.00	9.90	696.33
	1401.82	0.00	9.92	695.32
	1401.83	0.00	9.93	698.34
	1401.84	0.00	9.97	702.34
	1401.85	0.00	9.98	703.34
	1401.86	0.00	9.98	704.34
	1401.87	0.00	9.94	700.35
	1401.88	0.00	10.01	706.33
	1401.90	0.00	10.03	707.33
	1401.91	0.00	10.03	708.33
	1401.92	0.00	10.10	710.27
	1401.93	0.00	10.06	710.33
	1401.94	0.00	10.06	710.33
	1401.95	0.00	10.07	710.32
	1401.96	0.00	10.07	712.31
	1401.98	0.00	10.08	713.31
	1401.99	0.00	10.07	713.30
	1402.00	0.00	10.08	712.30
	1402.01	0.00	10.06	713.29
	1402.02	0.00	10.07	711.27
	1402.04	0.00	10.09	713.28
	1402.05	0.00	10.08	715.28
	1402.06	0.00	10.05	712.28
	1402.07	0.00	10.06	711.28
	1402.08	0.00	10.07	714.28
	1402.09	0.00	10.11	714.26
	1402.10	0.00	9.97	720.45
	1402.12	0.00	9.72	725.75
	1402.13	0.00	9.45	743.08
	1402.14	0.00	8.85	886.31
	1402.15	0.00	8.52	1004.63
	1402.16	0.00	8.54	1081.71
	1402.17	0.00	8.60	1120.67
	1402.19	0.00	8.70	1132.67
	1402.20	0.00	8.81	1149.66
	1402.21	0.00	8.88	1162.66
	1402.22	0.00	9.07	1214.67
	1402.23	0.00	9.19	1236.61
	1402.24	0.00	9.26	1251.64
	1402.26	0.00	9.34	1262.66
	1402.27	0.00	9.41	1270.66
	1402.28	0.00	9.50	1275.65
	1402.29	0.00	9.59	1270.64
	1402.30	0.00	9.68	1255.61
	1402.31	0.00	9.78	1247.62
	1402.32	0.00	9.91	1231.57
	1402.34	0.00	10.02	1211.54
	1402.35	0.00	10.17	1196.50
	1402.36	0.00	10.27	1171.45
	1402.37	0.00	10.38	1155.42
	1402.38	0.00	10.50	1135.36
	1402.40	0.00	10.73	1102.31
	1402.41	0.00	10.87	1083.26
	1402.42	0.00	10.95	1079.20
	1402.43	0.00	11.08	1068.12
	1402.44	0.00	11.14	1063.01
	1402.45	0.00	11.22	1063.95
	1402.46	0.00	11.28	1065.89
	1402.48	0.00	11.34	1057.83
	1402.49	0.00	11.52	1058.59
	1402.50	0.00	11.62	1055.43
	1402.51	0.00	11.63	1050.38
	1402.52	0.00	11.64	1040.33
	1402.53	0.00	11.64	1030.30
	1402.55	0.00	11.65	1022.25
	1402.56	0.00	11.61	1004.21
	1402.57	0.00	11.65	998.17
	1402.58	0.00	11.66	959.11
	1402.59	0.00	11.71	955.03
	1402.60	0.00	11.71	947.01
	1402.61	0.00	11.73	928.93
	1402.63	0.00	11.76	919.87
	1402.64	0.00	11.81	904.77
	1402.65	0.00	12.02	907.75
	1402.66	0.00	12.10	897.64
	1402.67	0.00	12.08	887.61
	1402.69	0.00	12.11	886.58
	1402.70	0.00	12.03	871.58
	1402.71	0.00	12.11	881.56
	1402.72	0.00	11.80	853.54
	1402.73	0.00	11.79	846.51
	1402.74	0.00	11.80	845.50
	1402.76	0.00	11.76	839.49
	1402.77	0.00	11.69	832.50
	1402.78	0.00	11.50	808.53
	1402.79	0.00	11.24	784.58
	1402.80	0.00	10.86	764.80
	1402.81	0.00	10.37	753.23
	1402.82	0.00	10.18	744.36
	1402.83	0.00	10.09	735.37
	1402.85	0.00	10.02	725.36
	1402.86	0.00	9.96	719.35
	1402.87	0.00	9.93	715.34
	1402.88	0.00	9.90	710.33
	1402.89	0.00	9.88	708.33
	1402.90	0.00	9.87	706.32
	1402.92	0.00	9.88	705.32
	1402.93	0.00	9.85	703.33
	1402.94	0.00	9.86	703.32
	1402.95	0.00	9.86	702.32
	1402.96	0.00	9.84	698.32
	1402.97	0.00	9.82	698.33
	1402.98	0.00	9.84	700.33
	1403.00	0.00	9.85	701.33
	1403.01	0.00	9.82	699.34
	1403.02	0.00	9.87	704.34
	1403.03	0.00	9.89	705.33
	1403.04	0.00	9.90	707.33
	1403.05	0.00	9.87	706.37
	1403.07	0.00	9.89	708.36
	1403.08	0.00	9.89	708.36
	1403.09	0.00	9.90	709.36
	1403.10	0.00	9.92	712.37
	1403.11	0.00	9.88	708.36
	1403.12	0.00	9.90	709.36
	1403.13	0.00	9.92	708.34
	1403.15	0.00	9.91	707.33
	1403.16	0.00	9.93	709.33
	1403.17	0.00	9.92	707.33
	1403.18	0.00	9.89	705.33
	1403.19	0.00	9.90	704.32
	1403.20	0.00	9.87	703.33
	1403.21	0.00	9.90	707.33
	1403.23	0.00	9.92	703.29
	1403.24	0.00	9.95	706.28
	1403.25	0.00	9.96	705.26
	1403.26	0.00	9.98	710.27
	1403.27	0.00	9.84	708.45
	1403.28	0.00	9.61	714.74
	1403.30	0.00	9.34	715.99
	1403.31	0.00	8.83	811.35
	1403.32	0.00	8.54	945.54
	1403.33	0.00	8.47	1027.63
	1403.34	0.00	8.51	1070.66
	1403.35	0.00	8.59	1091.59
	1403.37	0.00	8.73	1110.52
	1403.38	0.00	8.87	1159.63
	1403.39	0.00	9.01	1188.64
	1403.40	0.00	9.15	1214.61
	1403.41	0.00	9.25	1232.66
	1403.42	0.00	9.41	1249.54
	1403.44	0.00	9.46	1258.66
	1403.45	0.00	9.57	1255.57
	1403.46	0.00	9.69	1247.51
	1403.47	0.00	9.76	1228.50
	1403.48	0.00	9.80	1199.48
	1403.49	0.00	9.98	1183.45
	1403.51	0.00	10.09	1146.42
	1403.52	0.00	10.22	1119.38
	1403.53	0.00	10.41	1064.32
	1403.54	0.00	10.53	1048.39
	1403.55	0.00	10.64	1031.29
	1403.56	0.00	10.85	1010.22
	1403.58	0.00	10.90	1008.11
	1403.59	0.00	10.98	1003.05
	1403.60	0.00	11.09	997.95
	1403.61	0.00	11.14	996.83
	1403.62	0.00	11.26	990.60
	1403.63	0.00	11.37	985.44
	1403.65	0.00	11.41	988.41
	1403.66	0.00	11.48	988.33
	1403.67	0.00	11.53	988.29
	1403.68	0.00	11.62	993.24
	1403.69	0.00	11.66	995.22
	1403.70	0.00	11.73	969.15
	1403.71	0.00	11.80	963.06
	1403.73	0.00	11.76	952.01
	1403.74	0.00	11.76	940.95
	1403.75	0.00	11.79	925.86
	1403.76	0.00	11.76	906.82
	1403.77	0.00	12.03	910.74
	1403.78	0.00	11.72	876.73
	1403.80	0.00	11.91	873.69
	1403.81	0.00	11.92	863.63
	1403.82	0.00	11.95	863.62
	1403.83	0.00	11.97	856.58
	1403.84	0.00	11.94	850.57
	1403.85	0.00	11.96	850.57
	1403.86	0.00	12.21	865.56
	1403.88	0.00	12.30	871.54
	1403.89	0.00	12.31	870.52
	1403.90	0.00	12.02	848.51
	1403.91	0.00	11.95	839.51
	1403.92	0.00	11.64	819.51
	1403.93	0.00	11.52	803.52
	1403.94	0.00	11.35	784.55
	1403.96	0.00	11.10	756.58
	1403.97	0.00	10.76	735.75
	1403.98	0.00	10.44	725.96
	1403.99	0.00	10.09	717.26
	1404.00	0.00	10.00	712.30
	1404.02	0.00	9.91	701.31
	1404.03	0.00	9.89	697.29
	1404.04	0.00	9.86	692.29
	1404.05	0.00	9.85	690.28
	1404.06	0.00	9.82	686.28
	1404.07	0.00	9.78	681.27
	1404.08	0.00	9.82	685.27
	1404.10	0.00	9.81	683.26
	1404.11	0.00	9.82	684.26
	1404.12	0.00	9.82	685.27
	1404.13	0.00	9.82	683.27
	1404.14	0.00	9.82	685.28
	1404.15	0.00	9.85	687.28
	1404.17	0.00	9.85	686.28
	1404.18	0.00	9.88	690.29
	1404.19	0.00	9.92	694.28
	1404.20	0.00	9.95	697.27
	1404.21	0.00	9.96	696.27
	1404.22	0.00	9.95	695.27
	1404.23	0.00	9.93	689.25
	1404.25	0.00	9.92	690.25
	1404.26	0.00	9.94	690.25
	1404.27	0.00	9.93	691.25
	1404.28	0.00	9.96	693.23
	1404.29	0.00	9.98	697.23
	1404.30	0.00	9.96	696.24
	1404.31	0.00	9.91	692.27
	1404.33	0.00	9.95	698.28
	1404.34	0.00	9.97	700.26
	1404.35	0.00	9.99	701.24
	1404.36	0.00	9.98	699.23
	1404.37	0.00	9.99	698.21
	1404.38	0.00	10.00	700.22
	1404.40	0.00	10.03	700.22
	1404.41	0.00	10.01	700.22
	1404.42	0.00	10.01	699.22
	1404.43	0.00	10.05	699.16
	1404.44	0.00	9.96	700.27
	1404.45	0.00	9.69	711.65
	1404.46	0.00	9.44	723.94
	1404.48	0.00	8.66	872.35
	1404.49	0.00	8.48	1010.46
	1404.50	0.00	8.50	1088.63
	1404.51	0.00	8.58	1126.62
	1404.52	0.00	8.66	1141.61
	1404.53	0.00	8.79	1162.57
	1404.55	0.00	8.85	1181.60
	1404.56	0.00	8.94	1227.61
	1404.57	0.00	9.02	1255.63
	1404.58	0.00	9.10	1279.66
	1404.59	0.00	9.17	1291.66
	1404.60	0.00	9.23	1302.67
	1404.62	0.00	9.29	1304.69
	1404.63	0.00	9.34	1287.69
	1404.64	0.00	9.37	1267.67
	1404.65	0.00	9.40	1238.66
	1404.66	0.00	9.41	1211.65
	1404.68	0.00	9.47	1194.58
	1404.69	0.00	9.52	1175.56
	1404.70	0.00	9.63	1165.54
	1404.71	0.00	9.75	1146.50
	1404.72	0.00	9.90	1132.51
	1404.73	0.00	10.10	1104.43
	1404.74	0.00	10.25	1085.38
	1404.76	0.00	10.48	1071.33
	1404.77	0.00	10.71	1041.21
	1404.78	0.00	10.75	1037.25
	1404.79	0.00	10.80	1034.21
	1404.80	0.00	10.86	1028.19
	1404.81	0.00	10.93	1018.18
	1404.82	0.00	10.87	1023.19
	1404.84	0.00	10.87	1028.19
	1404.85	0.00	10.84	1025.20
	1404.86	0.00	10.82	1024.21
	1404.87	0.00	10.84	1027.20
	1404.88	0.00	10.89	1038.23
	1404.90	0.00	10.97	1039.18
	1404.91	0.00	11.08	1050.18
	1404.92	0.00	11.17	1049.06
	1404.93	0.00	11.36	1048.91
	1404.94	0.00	11.57	1024.69
	1404.95	0.00	11.83	1024.39
	1404.96	0.00	11.89	1024.31
	1404.98	0.00	11.95	1029.29
	1404.99	0.00	11.94	1016.26
	1405.00	0.00	11.95	1000.15
	1405.01	0.00	12.16	993.05
	1405.02	0.00	12.48	1006.97
	1405.04	0.00	12.67	1003.81
	1405.05	0.00	12.71	986.74
	1405.06	0.00	12.79	979.70
	1405.07	0.00	12.78	962.66
	1405.08	0.00	12.82	952.60
	1405.09	0.00	12.83	948.59
	1405.10	0.00	12.86	949.56
	1405.12	0.00	12.77	937.53
	1405.13	0.00	12.68	926.51
	1405.14	0.00	12.57	911.49
	1405.15	0.00	12.10	872.49
	1405.16	0.00	11.61	822.49
	1405.17	0.00	11.31	786.51
	1405.19	0.00	10.86	742.58
	1405.20	0.00	10.41	715.77
	1405.21	0.00	10.09	700.95
	1405.22	0.00	9.80	700.29
	1405.23	0.00	9.77	703.33
	1405.24	0.00	9.71	697.34
	1405.25	0.00	9.70	694.32
	1405.27	0.00	9.71	695.32
	1405.28	0.00	9.69	692.33
	1405.29	0.00	9.69	692.32
	1405.30	0.00	9.68	689.31
	1405.31	0.00	9.69	690.31
	1405.32	0.00	9.65	688.35
	1405.33	0.00	9.69	692.34
	1405.35	0.00	9.68	691.34
	1405.36	0.00	9.68	691.34
	1405.37	0.00	9.70	690.34
	1405.38	0.00	9.71	692.35
	1405.39	0.00	9.72	694.34
	1405.41	0.00	9.74	694.34
	1405.42	0.00	9.75	695.33
	1405.43	0.00	9.77	694.32
	1405.44	0.00	9.77	696.33
	1405.45	0.00	9.79	696.32
	1405.46	0.00	9.79	696.31
	1405.47	0.00	9.78	694.31
	1405.48	0.00	9.79	695.31
	1405.50	0.00	9.82	698.32
	1405.51	0.00	9.82	700.32
	1405.52	0.00	9.84	702.32
	1405.53	0.00	9.85	702.32
	1405.54	0.00	9.86	701.32
	1405.55	0.00	9.88	700.31
	1405.56	0.00	9.88	699.29
	1405.58	0.00	9.88	699.29
	1405.59	0.00	9.89	700.29
	1405.60	0.00	9.92	702.28
	1405.61	0.00	9.89	699.28
	1405.62	0.00	9.90	698.27
	1405.63	0.00	9.92	700.26
	1405.65	0.00	9.91	700.26
	1405.66	0.00	9.93	701.25
	1405.67	0.00	9.97	701.22
	1405.68	0.00	9.99	702.21
	1405.69	0.00	9.97	701.22
	1405.70	0.00	9.95	701.24
	1405.71	0.00	9.92	698.25
	1405.73	0.00	9.97	701.23
	1405.74	0.00	9.97	696.19
	1405.75	0.00	9.64	700.61
	1405.76	0.00	9.32	720.99
	1405.77	0.00	8.40	904.50
	1405.79	0.00	8.08	1054.78
	1405.80	0.00	8.10	1114.79
	1405.81	0.00	8.15	1128.75
	1405.82	0.00	8.31	1140.70
	1405.83	0.00	8.48	1156.63
	1405.84	0.00	8.58	1202.72
	1405.85	0.00	8.68	1232.74
	1405.86	0.00	8.74	1240.76
	1405.88	0.00	8.79	1258.76
	1405.89	0.00	8.88	1277.77
	1405.90	0.00	8.96	1283.75
	1405.91	0.00	9.05	1278.64
	1405.92	0.00	9.11	1267.64
	1405.94	0.00	9.21	1252.64
	1405.95	0.00	9.34	1240.62
	1405.96	0.00	9.48	1223.57
	1405.97	0.00	9.54	1206.62
	1405.98	0.00	9.65	1185.64
	1406.00	0.00	9.77	1155.61
	1406.01	0.00	9.94	1130.55
	1406.02	0.00	10.11	1100.49
	1406.03	0.00	10.38	1061.38
	1406.04	0.00	10.53	1018.25
	1406.05	0.00	10.73	1021.08
	1406.06	0.00	10.92	1003.95
	1406.07	0.00	11.04	997.77
	1406.09	0.00	11.16	980.56
	1406.10	0.00	11.24	971.41
	1406.11	0.00	11.26	969.38
	1406.12	0.00	11.29	966.36
	1406.13	0.00	11.28	954.32
	1406.15	0.00	11.30	947.29
	1406.16	0.00	11.31	938.29
	1406.17	0.00	11.32	914.27
	1406.18	0.00	11.36	916.26
	1406.19	0.00	11.35	914.28
	1406.20	0.00	11.35	909.27
	1406.21	0.00	11.84	941.27
	1406.23	0.00	11.98	946.27
	1406.24	0.00	12.15	953.23
	1406.25	0.00	12.38	955.05
	1406.26	0.00	12.43	950.08
	1406.27	0.00	12.47	942.05
	1406.28	0.00	12.56	940.99
	1406.30	0.00	12.63	933.91
	1406.31	0.00	12.66	924.81
	1406.32	0.00	12.72	917.72
	1406.33	0.00	12.73	914.68
	1406.34	0.00	12.69	902.64
	1406.35	0.00	12.73	911.59
	1406.36	0.00	12.58	905.57
	1406.38	0.00	12.40	884.55
	1406.39	0.00	11.86	835.57
	1406.40	0.00	11.12	767.65
	1406.41	0.00	10.63	725.75
	1406.42	0.00	10.16	695.95
	1406.44	0.00	9.93	688.12
	1406.45	0.00	9.70	686.38
	1406.46	0.00	9.65	688.42
	1406.47	0.00	9.58	680.39
	1406.48	0.00	9.53	675.40
	1406.49	0.00	9.48	665.39
	1406.50	0.00	9.52	671.41
	1406.52	0.00	9.54	671.40
	1406.53	0.00	9.56	673.40
	1406.54	0.00	9.60	674.40
	1406.55	0.00	9.61	673.38
	1406.56	0.00	9.67	677.38
	1406.57	0.00	9.70	678.36
	1406.58	0.00	9.74	679.33
	1406.60	0.00	9.78	687.32
	1406.61	0.00	9.79	688.32
	1406.62	0.00	9.79	688.31
	1406.63	0.00	9.81	689.31
	1406.64	0.00	9.81	689.31
	1406.65	0.00	9.81	689.30
	1406.66	0.00	9.83	690.29
	1406.68	0.00	9.84	690.28
	1406.69	0.00	9.85	691.30
	1406.70	0.00	9.88	691.28
	1406.71	0.00	9.88	690.27
	1406.72	0.00	9.88	690.27
	1406.73	0.00	9.88	692.29
	1406.75	0.00	9.91	696.28
	1406.76	0.00	9.91	695.29
	1406.77	0.00	9.89	692.28
	1406.78	0.00	9.98	696.20
	1406.79	0.00	9.91	696.29
	1406.80	0.00	9.93	695.28
	1406.81	0.00	9.93	696.27
	1406.83	0.00	9.92	695.27
	1406.84	0.00	9.93	697.28
	1406.85	0.00	9.94	697.25
	1406.86	0.00	9.96	699.25
	1406.87	0.00	9.96	700.25
	1406.88	0.00	9.97	700.24
	1406.90	0.00	10.02	705.23
	1406.91	0.00	10.02	704.22
	1406.92	0.00	10.01	702.21
	1406.93	0.00	9.71	705.59
	1406.94	0.00	9.35	725.00
	1406.95	0.00	8.78	818.36
	1406.96	0.00	8.19	968.81
	1406.98	0.00	8.00	1035.00
	1406.99	0.00	7.96	1061.07
	1407.00	0.00	8.00	1072.04
	1407.01	0.00	8.12	1083.94
	1407.02	0.00	8.28	1110.81
	1407.03	0.00	8.43	1156.84
	1407.05	0.00	8.59	1211.82
	1407.06	0.00	8.71	1224.80
	1407.07	0.00	8.90	1245.79
	1407.08	0.00	9.03	1258.78
	1407.09	0.00	9.13	1257.80
	1407.10	0.00	9.30	1259.76
	1407.12	0.00	9.36	1238.78
	1407.13	0.00	9.48	1220.76
	1407.14	0.00	9.62	1199.73
	1407.15	0.00	9.77	1182.66
	1407.16	0.00	9.88	1146.67
	1407.17	0.00	10.10	1101.57
	1407.19	0.00	10.35	1051.50
	1407.20	0.00	10.50	1026.41
	1407.21	0.00	10.62	1006.13
	1407.22	0.00	10.72	993.07
	1407.23	0.00	10.84	981.87
	1407.24	0.00	11.02	963.58
	1407.26	0.00	11.21	956.32
	1407.27	0.00	11.20	945.29
	1407.28	0.00	11.22	936.26
	1407.29	0.00	11.19	921.23
	1407.30	0.00	11.14	881.23
	1407.31	0.00	11.10	877.24
	1407.32	0.00	11.02	861.24
	1407.34	0.00	11.03	859.24
	1407.35	0.00	11.02	855.24
	1407.36	0.00	11.07	863.24
	1407.37	0.00	11.08	864.24
	1407.38	0.00	11.12	871.23
	1407.39	0.00	11.16	870.21
	1407.41	0.00	11.37	875.20
	1407.42	0.00	11.46	877.17
	1407.43	0.00	11.51	881.17
	1407.44	0.00	11.62	886.12
	1407.45	0.00	11.72	887.08
	1407.46	0.00	11.80	889.07
	1407.47	0.00	11.93	891.01
	1407.49	0.00	12.02	891.94
	1407.50	0.00	12.12	889.89
	1407.51	0.00	12.24	885.75
	1407.52	0.00	12.20	875.73
	1407.53	0.00	12.24	876.71
	1407.55	0.00	12.32	873.62
	1407.56	0.00	12.34	871.59
	1407.57	0.00	12.33	872.57
	1407.58	0.00	12.23	858.56
	1407.59	0.00	11.87	819.59
	1407.60	0.00	11.12	749.67
	1407.61	0.00	10.28	696.83
	1407.63	0.00	9.96	672.94
	1407.64	0.00	9.63	662.14
	1407.65	0.00	9.41	655.30
	1407.66	0.00	9.31	651.36
	1407.67	0.00	9.27	646.35
	1407.68	0.00	9.28	646.33
	1407.69	0.00	9.34	650.30
	1407.71	0.00	9.36	651.31
	1407.72	0.00	9.42	656.31
	1407.73	0.00	9.46	656.29
	1407.74	0.00	9.47	661.30
	1407.75	0.00	9.50	663.30
	1407.76	0.00	9.49	660.30
	1407.78	0.00	9.50	661.30
	1407.79	0.00	9.50	660.29
	1407.80	0.00	9.56	665.29
	1407.81	0.00	9.56	664.28
	1407.82	0.00	9.56	665.28
	1407.83	0.00	9.57	666.28
	1407.84	0.00	9.63	670.26
	1407.86	0.00	9.67	674.25
	1407.87	0.00	9.68	672.24
	1407.88	0.00	9.69	673.24
	1407.89	0.00	9.71	675.25
	1407.90	0.00	9.70	675.24
	1407.91	0.00	9.75	678.24
	1407.93	0.00	9.79	680.23
	1407.94	0.00	9.80	681.22
	1407.95	0.00	9.80	680.22
	1407.96	0.00	9.81	682.22
	1407.97	0.00	9.82	683.22
	1407.98	0.00	9.80	681.22
	1407.99	0.00	9.81	680.22
	1408.01	0.00	9.81	682.23
	1408.02	0.00	9.81	679.21
	1408.03	0.00	9.86	684.20
	1408.04	0.00	9.88	684.18
	1408.05	0.00	9.85	684.21
	1408.06	0.00	9.87	684.19
	1408.07	0.00	9.90	684.17
	1408.09	0.00	9.89	683.17
	1408.10	0.00	9.91	684.16
	1408.11	0.00	9.90	683.16
	1408.12	0.00	9.48	693.68
	1408.13	0.00	9.16	719.02
	1408.14	0.00	8.18	915.67
	1408.16	0.00	7.75	1077.07
	1408.17	0.00	7.74	1135.18
	1408.18	0.00	7.80	1145.12
	1408.19	0.00	8.04	1167.95
	1408.20	0.00	8.21	1196.87
	1408.21	0.00	8.43	1239.82
	1408.23	0.00	8.64	1264.84
	1408.24	0.00	8.79	1269.84
	1408.25	0.00	9.02	1287.77
	1408.26	0.00	9.14	1291.84
	1408.27	0.00	9.26	1281.84
	1408.28	0.00	9.37	1267.84
	1408.30	0.00	9.51	1244.75
	1408.31	0.00	9.61	1220.77
	1408.32	0.00	9.71	1196.74
	1408.33	0.00	9.82	1158.70
	1408.34	0.00	10.03	1126.64
	1408.35	0.00	10.28	1085.58
	1408.36	0.00	10.41	1057.52
	1408.38	0.00	10.62	1031.35
	1408.39	0.00	10.91	1018.02
	1408.40	0.00	11.06	1020.85
	1408.41	0.00	11.31	1010.50
	1408.42	0.00	11.42	998.32
	1408.44	0.00	11.51	993.23
	1408.45	0.00	11.55	985.13
	1408.46	0.00	11.61	978.04
	1408.47	0.00	11.59	969.03
	1408.48	0.00	11.59	964.00
	1408.49	0.00	11.60	960.97
	1408.50	0.00	11.62	960.97
	1408.52	0.00	11.62	960.96
	1408.53	0.00	11.60	954.96
	1408.54	0.00	11.56	943.96
	1408.55	0.00	11.53	939.99
	1408.56	0.00	11.44	927.03
	1408.57	0.00	11.40	916.08
	1408.58	0.00	11.36	904.11
	1408.60	0.00	11.33	879.13
	1408.61	0.00	11.31	871.13
	1408.62	0.00	11.57	886.14
	1408.63	0.00	11.68	892.13
	1408.64	0.00	11.76	891.10
	1408.66	0.00	11.81	883.09
	1408.67	0.00	11.88	875.08
	1408.68	0.00	11.93	871.03
	1408.69	0.00	12.00	869.98
	1408.70	0.00	12.10	866.88
	1408.71	0.00	12.21	861.74
	1408.72	0.00	12.19	859.74
	1408.74	0.00	12.16	871.70
	1408.75	0.00	12.18	870.67
	1408.76	0.00	12.13	859.61
	1408.77	0.00	11.90	842.65
	1408.78	0.00	11.56	812.67
	1408.79	0.00	10.92	760.72
	1408.81	0.00	10.48	736.99
	1408.82	0.00	10.13	695.17
	1408.83	0.00	9.95	691.32
	1408.84	0.00	9.88	684.33
	1408.85	0.00	9.80	675.32
	1408.86	0.00	9.77	670.31
	1408.87	0.00	9.70	662.30
	1408.89	0.00	9.73	665.29
	1408.90	0.00	9.73	664.28
	1408.91	0.00	9.73	667.28
	1408.92	0.00	9.72	667.26
	1408.93	0.00	9.78	668.20
	1408.94	0.00	9.80	668.19
	1408.95	0.00	9.78	667.20
	1408.97	0.00	9.77	666.19
	1408.98	0.00	9.78	667.22
	1408.99	0.00	9.84	670.19
	1409.00	0.00	9.92	676.14
	1409.01	0.00	9.99	677.08
	1409.02	0.00	10.01	677.08
	1409.04	0.00	9.95	674.12
	1409.05	0.00	9.95	675.13
	1409.06	0.00	9.94	674.13
	1409.07	0.00	9.95	675.13
	1409.08	0.00	9.96	676.13
	1409.09	0.00	9.94	673.13
	1409.10	0.00	10.01	674.05
	1409.12	0.00	10.05	675.01
	1409.13	0.00	10.02	676.05
	1409.14	0.00	9.99	676.10
	1409.15	0.00	9.96	676.14
	1409.16	0.00	9.93	677.19
	1409.17	0.00	9.90	678.24
	1409.19	0.00	9.88	678.26
	1409.20	0.00	9.86	678.29
	1409.21	0.00	9.85	677.31
	1409.22	0.00	9.83	675.31
	1409.23	0.00	9.87	677.29
	1409.24	0.00	9.88	675.25
	1409.25	0.00	9.87	677.28
	1409.27	0.00	9.83	673.29
	1409.28	0.00	9.88	678.29
	1409.29	0.00	9.91	681.28
	1409.30	0.00	9.93	680.27
	1409.31	0.00	9.94	678.24
	1409.32	0.00	9.55	687.73
	1409.33	0.00	9.27	720.08
	1409.35	0.00	8.27	899.73
	1409.36	0.00	7.90	1015.11
	1409.37	0.00	7.82	1055.24
	1409.38	0.00	7.93	1067.17
	1409.39	0.00	8.05	1052.08
	1409.40	0.00	8.15	1051.00
	1409.42	0.00	8.32	1089.92
	1409.43	0.00	8.53	1159.91
	1409.44	0.00	8.71	1166.90
	1409.45	0.00	8.92	1165.83
	1409.46	0.00	9.09	1182.83
	1409.47	0.00	9.20	1174.83
	1409.49	0.00	9.31	1165.82
	1409.50	0.00	9.38	1150.84
	1409.51	0.00	9.50	1121.79
	1409.52	0.00	9.68	1083.76
	1409.53	0.00	9.73	1060.72
	1409.55	0.00	9.84	1036.62
	1409.56	0.00	9.89	1016.59
	1409.57	0.00	10.00	989.50
	1409.58	0.00	10.09	961.44
	1409.59	0.00	10.19	935.36
	1409.60	0.00	10.30	917.24
	1409.61	0.00	10.46	911.08
	1409.63	0.00	10.68	882.82
	1409.64	0.00	10.90	875.58
	1409.65	0.00	11.06	871.39
	1409.66	0.00	11.17	867.23
	1409.67	0.00	11.12	865.31
	1409.68	0.00	11.11	862.29
	1409.69	0.00	11.10	857.26
	1409.71	0.00	11.07	850.25
	1409.72	0.00	11.09	850.25
	1409.73	0.00	11.08	846.24
	1409.74	0.00	11.07	841.24
	1409.75	0.00	11.03	828.23
	1409.77	0.00	11.03	825.20
	1409.78	0.00	11.03	822.18
	1409.79	0.00	11.00	820.20
	1409.80	0.00	11.01	814.16
	1409.81	0.00	11.33	836.14
	1409.82	0.00	11.26	819.16
	1409.83	0.00	11.47	830.06
	1409.85	0.00	11.48	835.12
	1409.86	0.00	11.57	836.08
	1409.87	0.00	11.55	827.06
	1409.88	0.00	11.57	819.04
	1409.89	0.00	11.54	807.99
	1409.90	0.00	11.51	798.93
	1409.91	0.00	11.56	796.85
	1409.93	0.00	11.62	796.76
	1409.94	0.00	11.65	800.73
	1409.95	0.00	11.60	793.71
	1409.96	0.00	11.52	791.70
	1409.97	0.00	11.33	791.70
	1409.98	0.00	10.67	738.72
	1410.00	0.00	10.24	711.95
	1410.01	0.00	9.95	675.04
	1410.02	0.00	9.77	671.20
	1410.03	0.00	9.60	665.34
	1410.04	0.00	9.56	664.37
	1410.05	0.00	9.50	659.38
	1410.06	0.00	9.50	658.36
	1410.08	0.00	9.51	658.36
	1410.09	0.00	9.50	657.36
	1410.10	0.00	9.52	657.36
	1410.11	0.00	9.53	659.36
	1410.12	0.00	9.54	660.37
	1410.14	0.00	9.54	658.36
	1410.15	0.00	9.58	663.38
	1410.16	0.00	9.60	663.37
	1410.17	0.00	9.68	663.28
	1410.18	0.00	9.64	667.38
	1410.19	0.00	9.65	667.37
	1410.20	0.00	9.66	668.37
	1410.21	0.00	9.70	670.36
	1410.23	0.00	9.72	672.36
	1410.24	0.00	9.74	674.36
	1410.25	0.00	9.73	673.36
	1410.26	0.00	9.77	677.36
	1410.27	0.00	9.78	677.36
	1410.28	0.00	9.82	679.36
	1410.30	0.00	9.79	677.35
	1410.31	0.00	9.82	680.35
	1410.32	0.00	9.81	679.35
	1410.33	0.00	9.79	676.35
	1410.34	0.00	9.81	678.34
	1410.35	0.00	9.83	680.34
	1410.36	0.00	9.83	679.34
	1410.38	0.00	9.83	677.32
	1410.39	0.00	9.82	677.33
	1410.40	0.00	9.81	675.32
	1410.41	0.00	9.82	675.32
	1410.42	0.00	9.83	677.31
	1410.43	0.00	9.84	677.31
	1410.44	0.00	9.82	674.31
	1410.46	0.00	9.83	675.31
	1410.47	0.00	9.85	676.30
	1410.48	0.00	9.85	676.30
	1410.49	0.00	9.83	678.30
	1410.50	0.00	9.84	677.30
	1410.51	0.00	9.83	675.29
	1410.53	0.00	9.85	677.29
	1410.54	0.00	9.54	680.69
	1410.55	0.00	9.19	705.08
	1410.56	0.00	8.72	776.65
	1410.57	0.00	7.95	974.07
	1410.58	0.00	7.81	1035.25
	1410.59	0.00	7.91	1037.22
	1410.61	0.00	8.13	1057.04
	1410.62	0.00	8.29	1058.89
	1410.63	0.00	8.64	1129.82
	1410.64	0.00	8.81	1131.79
	1410.65	0.00	8.99	1143.79
	1410.67	0.00	9.12	1155.80
	1410.68	0.00	9.27	1165.80
	1410.69	0.00	9.34	1164.81
	1410.70	0.00	9.49	1162.78
	1410.71	0.00	9.63	1134.77
	1410.72	0.00	9.74	1112.75
	1410.73	0.00	9.81	1083.72
	1410.75	0.00	9.88	1064.63
	1410.76	0.00	9.88	1041.66
	1410.77	0.00	9.90	1003.60
	1410.78	0.00	9.96	979.51
	1410.79	0.00	10.06	943.38
	1410.80	0.00	10.05	921.42
	1410.82	0.00	10.16	904.30
	1410.83	0.00	10.31	888.15
	1410.84	0.00	10.47	877.01
	1410.85	0.00	10.73	871.68
	1410.86	0.00	10.89	849.52
	1410.87	0.00	10.99	849.39
	1410.89	0.00	11.04	850.33
	1410.90	0.00	11.07	848.28
	1410.91	0.00	11.06	850.28
	1410.92	0.00	11.06	844.23
	1410.93	0.00	11.01	834.23
	1410.94	0.00	10.96	822.23
	1410.95	0.00	11.19	830.24
	1410.97	0.00	11.21	825.24
	1410.98	0.00	11.28	823.24
	1410.99	0.00	11.30	820.27
	1411.00	0.00	11.34	812.29
	1411.01	0.00	11.43	819.30
	1411.02	0.00	11.52	823.29
	1411.04	0.00	11.56	825.29
	1411.05	0.00	11.65	829.28
	1411.06	0.00	11.69	828.26
	1411.07	0.00	11.65	820.24
	1411.08	0.00	11.64	809.22
	1411.09	0.00	11.67	809.21
	1411.10	0.00	11.65	805.19
	1411.12	0.00	11.63	800.17
	1411.13	0.00	11.60	795.16
	1411.14	0.00	11.53	796.14
	1411.15	0.00	11.51	793.12
	1411.16	0.00	11.45	786.11
	1411.17	0.00	11.43	787.08
	1411.19	0.00	11.45	794.07
	1411.20	0.00	11.33	787.06
	1411.21	0.00	11.24	778.06
	1411.22	0.00	10.92	753.09
	1411.23	0.00	10.21	704.16
	1411.24	0.00	10.11	694.16
	1411.26	0.00	9.95	685.22
	1411.27	0.00	9.78	672.26
	1411.28	0.00	9.68	666.31
	1411.29	0.00	9.56	663.41
	1411.30	0.00	9.52	660.42
	1411.31	0.00	9.49	659.42
	1411.32	0.00	9.50	657.42
	1411.34	0.00	9.45	651.42
	1411.35	0.00	9.50	656.41
	1411.36	0.00	9.52	655.40
	1411.37	0.00	9.56	656.38
	1411.38	0.00	9.57	657.37
	1411.39	0.00	9.58	658.37
	1411.41	0.00	9.62	660.34
	1411.42	0.00	9.66	662.34
	141.62	0.00	9.81	666.24
	1411.64	0.00	9.81	666.23
	1411.65	0.00	9.80	665.25
	1411.66	0.00	9.76	664.29
	1411.67	0.00	9.75	663.28
	1411.68	0.00	9.74	665.28
	1411.69	0.00	9.73	663.29
	1411.70	0.00	9.73	662.28
	1411.72	0.00	9.70	659.28
	1411.73	0.00	9.83	666.20
	1411.74	0.00	9.87	668.17
	1411.75	0.00	10.01	679.14
	1411.76	0.00	10.00	681.17
	1411.77	0.00	10.08	690.18
	1411.79	0.00	10.10	699.24
	1411.80	0.00	10.02	703.37
	1411.81	0.00	9.99	709.42
	1411.82	0.00	10.40	749.45
	1411.83	0.00	10.28	758.62
	1411.84	0.00	10.29	769.68
	1411.85	0.00	10.25	779.79
	1411.87	0.00	10.31	789.82
	1411.88	0.00	10.45	807.80
	1411.89	0.00	10.58	819.76
	1411.90	0.00	10.68	826.72
	1411.91	0.00	10.72	829.69
	1411.92	0.00	10.78	834.67
	1411.94	0.00	10.82	840.67
	1411.95	0.00	10.89	844.61
	1411.96	0.00	10.91	852.64
	1411.97	0.00	10.96	857.63
	1411.98	0.00	11.01	862.61
	1411.99	0.00	11.03	864.61
	1412.01	0.00	11.05	863.60
	1412.02	0.00	11.07	864.59
	1412.03	0.00	11.14	870.56
	1412.04	0.00	11.08	865.58
	1412.05	0.00	11.08	868.58
	1412.06	0.00	11.09	869.58
	1412.07	0.00	11.06	867.59
	1412.09	0.00	11.05	870.62
	1412.10	0.00	11.08	876.62
	1412.11	0.00	11.09	883.63
	1412.12	0.00	11.08	887.70
	1412.13	0.00	11.09	888.66
	1412.15	0.00	11.15	885.54
	1412.16	0.00	11.17	890.53
	1412.17	0.00	11.17	891.53
	1412.18	0.00	11.14	891.54
	1412.19	0.00	11.10	890.56
	1412.20	0.00	11.05	892.64
	1412.21	0.00	10.76	869.65
	1412.23	0.00	10.72	865.67
	1412.24	0.00	10.71	870.68
	1412.25	0.00	10.71	869.70
	1412.26	0.00	10.74	875.71
	1412.27	0.00	10.67	865.70
	1412.28	0.00	10.68	866.71
	18	0.00	10.03	844.22
	1414.59	0.00	10.00	844.25
	1414.60	0.00	9.98	839.25
	1414.61	0.00	10.00	843.24
	1414.63	0.00	10.00	843.25
	1414.64	0.00	9.98	842.26
	1414.65	0.00	9.98	842.26
	1414.66	0.00	9.99	845.26
	1414.67	0.00	10.00	841.21
	1414.68	0.00	10.02	843.20
	1414.70	0.00	10.00	844.20
	1414.71	0.00	10.05	852.22
	1414.72	0.00	10.02	849.23
	1414.73	0.00	10.02	849.24
	1414.74	0.00	10.02	848.25
	1414.75	0.00	10.00	848.26
	1414.77	0.00	9.99	848.26
	1414.78	0.00	10.01	851.26
	1414.79	0.00	10.09	847.06
	1414.80	0.00	10.15	847.97
	1414.81	0.00	10.23	850.87
	1414.82	0.00	10.14	845.98
	1414.84	0.00	10.15	844.98
	1414.85	0.00	10.13	843.99
	1414.86	0.00	10.12	842.99
	1414.87	0.00	10.13	845.00
	1414.88	0.00	10.19	834.80
	1414.89	0.00	10.18	834.78
	1414.91	0.00	10.09	832.91
	1414.92	0.00	10.03	833.00
	1414.93	0.00	10.11	832.87
	1414.94	0.00	10.03	830.96
	1414.95	0.00	9.99	833.05
	1414.96	0.00	9.93	828.09
	1414.97	0.00	9.93	829.11
	1414.99	0.00	9.91	820.08
	1415.00	0.00	9.89	822.14
	1415.01	0.00	9.90	823.14
	1415.02	0.00	9.89	824.15
	1415.03	0.00	9.92	831.16
	1415.05	0.00	9.91	832.18
	1415.06	0.00	9.93	831.14
	1415.07	0.00	9.82	822.20
	1415.08	0.00	9.83	827.22
	1415.09	0.00	9.85	832.24
	1415.10	0.00	9.89	833.19
	1415.11	0.00	9.89	832.25
	1415.13	0.00	9.87	832.26
	1415.14	0.00	9.89	837.26
	1415.15	0.00	9.88	837.27
	1415.16	0.00	9.87	843.29
	1415.17	0.00	9.85	844.28
	1415.18	0.00	9.86	847.29
	1415.19	0.00	9.81	843.28
	1415.21	0.00	9.87	847.25
	1415.22	0.00	9.88	853.29
	1415.23	0.00	9.90	856.27
	1415.24	0.00	9.90	858.28
	1415.25	0.00	9.88	859.20	9.81	685.50
	1415.56	0.00	9.85	684.46
	1415.57	0.00	9.82	683.48
	1415.59	0.00	9.80	685.50
	1415.60	0.00	9.71	691.65
	1415.61	0.00	9.54	707.96
	1415.62	0.00	9.60	733.03
	1415.63	0.00	9.61	765.18
	1415.65	0.00	9.69	798.28
	1415.66	0.00	9.74	819.31
	1415.67	0.00	9.76	836.33
	1415.68	0.00	9.82	856.33
	1415.69	0.00	9.84	879.37
	1415.70	0.00	9.87	896.33
	1415.71	0.00	9.85	917.40
	1415.73	0.00	9.85	946.47
	1415.74	0.00	9.87	972.49
	1415.75	0.00	9.87	1000.52
	1415.76	0.00	9.84	1024.58
	1415.77	0.00	9.86	1059.60
	1415.78	0.00	9.86	1099.66
	1415.80	0.00	9.92	1109.61
	1415.81	0.00	9.94	1114.61
	1415.82	0.00	9.97	1116.61
	1415.83	0.00	9.99	1119.61
	1415.84	0.00	10.00	1120.61
	1415.85	0.00	10.11	1125.53
	1415.86	0.00	10.05	1106.55
	1415.88	0.00	10.08	1096.54
	1415.89	0.00	10.10	1087.55
	1415.90	0.00	10.13	1077.53
	1415.91	0.00	10.13	1072.52
	1415.92	0.00	10.16	1075.50
	1415.94	0.00	10.14	1072.50
	1415.95	0.00	10.08	1074.53
	1415.96	0.00	10.07	1079.52
	1415.97	0.00	10.03	1083.53
	1415.98	0.00	9.99	1087.54
	1415.99	0.00	9.97	1092.57
	1416.01	0.00	9.94	1097.57
	1416.02	0.00	9.92	1099.58
	1416.03	0.00	9.91	1107.60
	1416.04	0.00	9.89	1107.60
	1416.05	0.00	9.86	1109.65
	1416.06	0.00	9.87	1113.62
	1416.07	0.00	9.87	1114.63
	1416.09	0.00	9.87	1119.63
	1416.10	0.00	9.88	1120.63
	1416.11	0.00	9.87	1118.64
	1416.12	0.00	9.86	1115.66
	1416.13	0.00	9.85	1097.69
	1416.14	0.00	9.85	1089.70
	1416.16	0.00	9.82	1078.70
	1416.17	0.00	9.84	1071.63
	1416.18	0.00	9.82	1066.71
	1416.19	0.00	9.82	1062.71
	1416.20	0.00	9.82	1056.70
	1416.21	0.00	9.82	1047.70
	1416.22	0.00	9.83	1034.69
	1416.24	0.00	9.85	1013.64
	1416.25	0.00	9.79	985.67
	1416.26	0.00	9.83	962.64
	1416.27	0.00	9.81	922.62
	1416.28	0.00	9.82	891.59
	1416.29	0.00	9.83	847.52
	1416.31	0.00	9.92	842.41
	1416.32	0.00	9.93	791.26
	1416.33	0.00	9.83	752.15
	1416.34	0.00	9.78	731.03
	1416.35	0.00	9.72	712.94
	1416.36	0.00	9.75	703.80
	1416.38	0.00	9.71	698.80
	1416.39	0.00	9.67	695.82
	1416.40	0.00	9.66	692.81
	1416.41	0.00	9.67	692.79
	1416.42	0.00	9.68	689.76
	1416.43	0.00	9.68	688.76
	1416.44	0.00	9.67	687.75
	1416.46	0.00	9.67	687.75
	1416.47	0.00	9.67	686.75
	1416.48	0.00	9.68	685.72
	1416.49	0.00	9.67	683.72
	1416.50	0.00	9.67	684.72
	1416.51	0.00	9.65	683.74
	1416.53	0.00	9.67	683.72
	1416.54	0.00	9.67	681.71
	1416.55	0.00	9.67	681.71
	1416.56	0.00	9.66	679.67
	1416.57	0.00	9.66	678.67
	1416.58	0.00	9.66	676.66
	1416.59	0.00	9.67	677.66
	1416.61	0.00	9.70	680.65
	1416.62	0.00	9.69	681.66
	1416.63	0.00	9.67	679.66
	1416.64	0.00	9.67	678.65
	1416.65	0.00	9.65	677.66
	1416.66	0.00	9.66	677.65
	1416.68	0.00	9.65	675.64
	1416.69	0.00	9.65	679.68
	1416.70	0.00	9.66	678.66
	1416.71	0.00	9.67	675.64
	1416.72	0.00	9.69	678.63
	1416.73	0.00	9.68	678.63
	1416.74	0.00	9.64	673.63
	1416.76	0.00	9.66	680.69
	1416.77	0.00	9.57	679.79
	1416.78	0.00	9.50	681.89
	1416.79	0.00	9.45	683.95
	1416.80	0.00	9.37	692.08
	1416.81	0.00	9.26	700.23
	1416.82	0.00	9.22	710.31
	1416.84	0.00	9.20	715.36
	1416.85	0.00	9.20	724.42
	1416.86	0.00	9.20	735.42
	1416.87	0.00	9.28	754.40
	1416.88	0.00	9.30	766.43
	1416.90	0.00	9.31	779.44
	1416.91	0.00	9.28	790.51
	1416.92	0.00	9.31	810.50
	1416.93	0.00	9.35	835.51
	1416.94	0.00	9.43	866.53
	1416.95	0.00	9.44	886.56
	1416.96	0.00	9.41	901.60
	1416.98	0.00	9.40	914.63
	1416.99	0.00	9.42	933.68
	1417.00	0.00	9.41	949.72
	1417.01	0.00	9.39	985.76
	1417.02	0.00	9.37	1011.82
	1417.03	0.00	9.35	1023.83
	1417.04	0.00	9.30	1045.84
	1417.06	0.00	9.28	1069.86
	1417.07	0.00	9.33	1084.83
	1417.08	0.00	9.39	1085.62
	1417.09	0.00	9.39	1088.63
	1417.10	0.00	9.39	1091.64
	1417.11	0.00	9.37	1086.65
	1417.13	0.00	9.38	1087.67
	1417.14	0.00	9.37	1084.66
	1417.15	0.00	9.37	1082.65
	1417.16	0.00	9.37	1081.65
	1417.17	0.00	9.26	1069.79
	1417.19	0.00	9.22	1065.84
	1417.20	0.00	9.21	1065.85
	1417.21	0.00	9.24	1066.85
	1417.22	0.00	9.23	1064.85
	1417.23	0.00	9.26	1066.83
	1417.24	0.00	9.25	1067.86
	1417.25	0.00	9.27	1066.85
	1417.27	0.00	9.33	1070.78
	1417.28	0.00	9.36	1078.81
	1417.29	0.00	9.38	1080.83
	1417.30	0.00	9.40	1080.82
	1417.31	0.00	9.46	1070.81
	1417.32	0.00	9.56	1053.82
	1417.33	0.00	9.55	1047.85
	1417.35	0.00	9.61	1044.74
	1417.36	0.00	9.64	1040.73
	1417.37	0.00	9.66	1041.73
	1417.38	0.00	9.69	1043.74
	1417.39	0.00	9.72	1046.74
	1417.41	0.00	9.73	1043.75
	1417.42	0.00	9.73	1039.75
	1417.43	0.00	9.75	1036.75
	1417.44	0.00	9.75	1034.75
	1417.45	0.00	9.78	1035.75
	1417.46	0.00	9.80	1031.75
	1417.47	0.00	9.81	1023.75
	1417.49	0.00	9.81	1014.76
	1417.50	0.00	9.84	1003.72
	1417.51	0.00	9.81	997.76
	1417.52	0.00	9.82	979.76
	1417.53	0.00	9.81	968.77
	1417.54	0.00	9.85	956.77
	1417.56	0.00	9.86	939.73
	1417.57	0.00	9.89	921.67
	1417.58	0.00	9.90	907.63
	1417.59	0.00	9.90	896.62
	1417.60	0.00	9.90	883.59
	1417.61	0.00	9.84	856.55
	1417.63	0.00	9.83	825.51
	1417.64	0.00	9.82	813.50
	1417.65	0.00	9.80	793.45
	1417.66	0.00	9.81	778.32
	1417.67	0.00	9.82	762.22
	1417.68	0.00	9.88	745.02
	1417.69	0.00	9.83	715.84
	1417.71	0.00	9.82	710.80
	1417.72	0.00	9.78	704.78
	1417.73	0.00	9.76	700.77
	1417.74	0.00	9.78	697.70
	1417.75	0.00	9.71	694.76
	1417.76	0.00	9.68	690.75
	1417.78	0.00	9.68	688.73
	1417.79	0.00	9.67	686.72
	1417.80	0.00	9.64	681.71
	1417.81	0.00	9.63	680.72
	1417.82	0.00	9.68	684.70
	1417.83	0.00	9.69	682.69
	1417.84	0.00	9.69	680.68
	1417.86	0.00	9.69	681.69
	1417.87	0.00	9.69	680.68
	1417.88	0.00	9.67	678.68
	1417.89	0.00	9.66	678.69
	1417.90	0.00	9.68	679.68
	1417.91	0.00	9.70	681.67
	1417.93	0.00	9.69	680.67
	1417.94	0.00	9.69	681.69
	1417.95	0.00	9.69	680.67
	1417.96	0.00	9.56	683.86
	1417.97	0.00	9.48	687.98
	1417.98	0.00	9.43	689.03
	1417.99	0.00	9.40	689.06
	1418.01	0.00	9.45	693.04
	1418.02	0.00	9.46	697.06
	1418.03	0.00	9.48	699.08
	1418.04	0.00	9.49	705.08
	1418.05	0.00	9.51	712.09
	1418.06	0.00	9.55	716.11
	1418.07	0.00	9.65	734.11
	1418.09	0.00	9.65	744.15
	1418.10	0.00	9.70	760.20
	1418.11	0.00	9.64	774.30
	1418.12	0.00	9.63	786.34
	1418.13	0.00	9.62	791.38
	1418.14	0.00	9.62	798.44
	1418.16	0.00	9.63	807.43
	1418.17	0.00	9.63	812.46
	1418.18	0.00	9.63	819.47
	1418.19	0.00	9.65	827.47
	1418.20	0.00	9.66	830.47
	1418.21	0.00	9.67	829.41
	1418.22	0.00	9.69	837.45
	1418.24	0.00	9.68	845.51
	1418.25	0.00	9.73	849.46
	1418.26	0.00	9.73	853.50
	1418.27	0.00	9.76	860.51
	1418.28	0.00	9.78	862.51
	1418.30	0.00	9.76	860.53
	1418.31	0.00	9.78	862.53
	1418.32	0.00	9.78	862.53
	1418.33	0.00	9.78	863.53
	1418.34	0.00	9.76	863.57
	1418.35	0.00	9.76	859.53
	1418.36	0.00	9.79	862.53
	1418.38	0.00	9.81	862.53
	1418.39	0.00	9.79	860.54
	1418.40	0.00	9.83	861.52
	1418.41	0.00	9.81	858.51
	1418.42	0.00	9.82	857.51
	1418.43	0.00	9.83	859.54
	1418.44	0.00	9.88	860.51
	1418.46	0.00	9.89	862.50
	1418.47	0.00	9.92	864.50
	1418.48	0.00	9.92	862.48
	1418.49	0.00	9.93	858.44
	1418.50	0.00	9.98	865.45
	1418.51	0.00	9.97	864.48
	1418.53	0.00	10.01	868.47
	1418.54	0.00	10.04	865.43
	1418.55	0.00	10.06	869.42
	1418.56	0.00	10.08	868.41
	1418.57	0.00	10.07	869.41
	1418.58	0.00	10.10	868.39
	1418.59	0.00	10.09	866.39
	1418.61	0.00	10.10	865.37
	1418.62	0.00	10.11	866.35
	1418.63	0.00	10.10	865.36
	1418.64	0.00	10.11	865.36
	1418.65	0.00	10.11	866.36
	1418.66	0.00	10.06	861.39
	1418.68	0.00	10.08	862.35
	1418.69	0.00	10.09	863.35
	1418.70	0.00	10.09	861.34
	1418.71	0.00	10.07	860.37
	1418.72	0.00	10.11	861.33
	1418.73	0.00	10.12	860.33
	1418.75	0.00	10.12	860.32
	1418.76	0.00	10.12	860.32
	1418.77	0.00	10.07	853.32
	1418.78	0.00	10.10	857.32
	1418.79	0.00	10.10	856.32
	1418.80	0.00	10.08	856.34
	1418.81	0.00	10.07	850.32
	1418.83	0.00	10.10	856.32
	1418.84	0.00	10.10	854.32
	1418.85	0.00	10.10	855.31
	1418.86	0.00	10.10	855.32
	1418.87	0.00	10.14	856.23
	1418.89	0.00	10.06	853.32
	1418.90	0.00	10.05	854.36
	1418.91	0.00	10.01	850.38
	1418.92	0.00	10.02	853.38
	1418.93	0.00	10.01	853.38
	1418.94	0.00	9.99	852.40
	1418.95	0.00	10.00	857.42
	1418.97	0.00	9.99	856.42
	1418.98	0.00	9.98	858.43
	1418.99	0.00	9.97	858.43
	1419.00	0.00	9.96	856.41
	1419.01	0.00	9.95	854.40
	1419.02	0.00	9.97	855.38
	1419.04	0.00	9.98	857.38
	1419.05	0.00	9.95	854.38
	1419.06	0.00	9.96	856.39
	1419.07	0.00	9.95	855.40
	1419.08	0.00	9.90	849.40
	1419.09	0.00	9.85	842.40
	1419.10	0.00	9.88	847.40
	1419.12	0.00	9.86	846.41
	1419.13	0.00	9.87	848.41
	1419.14	0.00	9.86	849.45
	1419.15	0.00	9.87	846.43
	1419.16	0.00	9.88	849.43
	1419.17	0.00	9.86	846.44
	1419.19	0.00	9.86	847.44
	1419.20	0.00	9.84	846.44
	1419.21	0.00	9.84	844.44
	1419.22	0.00	9.83	843.44
	1419.23	0.00	9.92	845.30
	1419.24	0.00	9.80	842.45
	1419.26	0.00	9.88	845.37
	1419.27	0.00	9.94	844.22
	1419.28	0.00	9.94	842.21
	1419.29	0.00	9.95	840.18
	1419.30	0.00	9.95	841.18
	1419.31	0.00	9.98	842.14
	1419.32	0.00	10.01	844.13
	1419.34	0.00	9.98	844.17
	1419.35	0.00	9.99	843.14
	1419.36	0.00	9.98	839.15
	1419.37	0.00	9.95	835.15
	1419.38	0.00	9.95	835.16
	1419.39	0.00	9.98	837.14
	1419.41	0.00	9.97	836.14
	1419.42	0.00	9.98	834.14
	1419.43	0.00	9.95	831.16
	1419.44	0.00	9.97	833.15
	1419.45	0.00	9.98	832.15
	1419.46	0.00	9.96	830.15
	1419.47	0.00	10.06	819.88
	1419.49	0.00	9.92	816.05
	1419.50	0.00	9.91	817.09
	1419.51	0.00	9.93	816.06
	1419.52	0.00	9.89	816.13
	1419.53	0.00	9.84	814.18
	1419.54	0.00	9.82	814.21
	1419.56	0.00	9.82	805.22
	1419.57	0.00	9.84	805.22
	1419.58	0.00	9.83	806.24
	1419.59	0.00	9.82	804.23
	1419.60	0.00	9.83	805.24
	1419.61	0.00	9.85	809.24
	1419.63	0.00	9.84	808.26
	1419.64	0.00	9.84	807.23
	1419.65	0.00	9.72	796.29
	1419.66	0.00	9.74	801.33
	1419.67	0.00	9.78	806.34
	1419.68	0.00	9.78	809.36
	1419.69	0.00	9.78	810.36
	1419.71	0.00	9.76	806.35
	1419.72	0.00	9.77	808.35
	1419.73	0.00	9.78	812.37
	1419.74	0.00	9.80	806.37
	1419.75	0.00	9.82	809.37
	1419.76	0.00	9.81	809.37
	1419.78	0.00	9.82	814.38
	1419.79	0.00	9.81	813.38
	1419.80	0.00	9.82	815.38
	1419.81	0.00	9.81	814.38
	1419.82	0.00	9.79	813.38
	1419.83	0.00	9.79	815.39
	1419.84	0.00	9.78	811.35
	1419.85	0.00	9.81	816.34
	1419.87	0.00	9.83	819.35
	1419.88	0.00	9.82	817.35
	1419.89	0.00	9.82	817.35
	1419.90	0.00	9.87	817.26
	1419.91	0.00	9.82	816.35
	1419.93	0.00	9.83	820.36
	1419.94	0.00	9.83	822.36
	1419.95	0.00	9.84	823.36
	1419.96	0.00	9.82	821.39
	1419.97	0.00	9.83	822.37
	1419.98	0.00	9.83	824.37
	1420.00	0.00	9.83	824.37
	1420.01	0.00	9.82	821.39
	1420.02	0.00	9.83	824.38
	1420.0