0
	1977.42	0.00	6.56	807.00
	1977.43	0.00	6.39	792.00
	1977.44	0.00	6.58	811.00
	1977.46	0.00	6.57	808.00
	1977.47	0.00	6.57	806.00
	1977.48	0.00	6.52	804.00
	1977.49	0.00	6.52	803.00
	1977.50	0.00	6.53	802.00
	1977.51	0.00	6.53	802.00
	1977.53	0.00	6.51	801.00
	1977.54	0.00	6.52	800.00
	1977.55	0.00	6.54	802.00
	1977.56	0.00	6.55	804.00
	1977.57	0.00	6.54	800.00
	1977.58	0.00	6.43	804.00
	1977.59	0.00	6.47	797.00
	1977.61	0.00	6.48	800.00
	1977.62	0.00	6.49	800.00
	1977.63	0.00	6.42	796.00
	1977.64	0.00	6.34	794.00
	1977.65	0.00	6.37	786.00
	1977.66	0.00	6.50	780.00
	1977.68	0.00	6.51	782.00
	1977.69	0.00	6.55	783.00
	1977.70	0.00	6.58	790.00
	1977.71	0.00	6.54	788.00
	1977.72	0.00	6.30	759.00
	1977.73	0.00	6.33	759.00
	1977.74	0.00	6.36	761.00
	1977.76	0.00	6.34	759.00
	1977.77	0.00	6.33	759.00
	1977.78	0.00	6.34	758.00
	1977.79	0.00	6.34	758.00
	1977.80	0.00	6.33	760.00
	1977.81	0.00	6.34	759.00
	1977.82	0.00	6.33	758.00
	1977.84	0.00	6.42	762.00
	1977.85	0.00	6.42	760.00
	1977.86	0.00	6.42	763.00
	1977.87	0.00	6.37	775.00
	1977.88	0.00	6.38	774.00
	1977.89	0.00	6.38	774.00
	1977.91	0.00	6.35	772.00
	1977.92	0.00	6.31	766.00
	1977.93	0.00	6.23	752.00
	1977.94	0.00	6.46	785.00
	1977.95	0.00	6.45	783.00
	1977.96	0.00	6.47	784.00
	1977.97	0.00	6.47	785.00
	1977.99	0.00	6.55	787.00
	1978.00	0.00	6.55	785.00
	1978.01	0.00	6.51	783.00
	1978.02	0.00	6.52	801.00
	1978.03	0.00	6.52	799.00
	1978.04	0.00	6.47	795.00
	1978.06	0.00	6.47	795.00
	1978.07	0.00	6.43	788.00
	1978.08	0.00	6.34	773.00
	1978.09	0.00	6.60	806.00
	1978.10	0.00	6.57	809.00
	1978.11	0.00	6.57	809.00
	1978.13	0.00	6.57	810.00
	1978.14	0.00	6.56	811.00
	1978.15	0.00	6.55	806.00
	1978.16	0.00	6.52	804.00
	1978.17	0.00	6.56	813.00
	1978.18	0.00	6.56	813.00
	1978.19	0.00	6.56	814.00
	1978.21	0.00	6.52	814.00
	1978.22	0.00	6.50	816.00
	1978.23	0.00	6.51	814.00
	1978.24	0.00	6.50	810.00
	1978.25	0.00	6.51	814.00
	1978.26	0.00	6.52	814.00
	1978.27	0.00	6.51	815.00
	1978.29	0.00	6.54	820.00
	1978.30	0.00	6.52	816.00
	1978.31	0.00	6.52	817.00
	1978.32	0.00	6.51	812.00
	1978.33	0.00	6.43	809.00
	1978.34	0.00	6.47	815.00
	1978.35	0.00	6.45	810.00
	1978.37	0.00	6.38	805.00
	1978.38	0.00	6.39	803.00
	1978.39	0.00	6.39	793.00
	1978.40	0.00	6.40	788.00
	1978.41	0.00	6.48	793.00
	1978.43	0.00	6.50	795.00
	1978.44	0.00	6.54	801.00
	1978.45	0.00	6.56	803.00
	1978.46	0.00	6.31	772.00
	1978.47	0.00	6.31	773.00
	1978.48	0.00	6.32	774.00
	1978.49	0.00	6.31	772.00
	1978.51	0.00	6.31	773.00
	1978.52	0.00	6.31	772.00
	1978.53	0.00	6.32	773.00
	1978.54	0.00	6.29	773.00
	1978.55	0.00	6.31	775.00
	1978.56	0.00	6.31	775.00
	1978.57	0.00	6.31	773.00
	1978.59	0.00	6.41	779.00
	1978.60	0.00	6.39	776.00
	1978.61	0.00	6.37	790.00
	1978.62	0.00	6.35	789.00
	1978.63	0.00	6.36	790.00
	1978.64	0.00	6.32	788.00
	1978.66	0.00	6.29	782.00
	1978.67	0.00	6.26	779.00
	1978.68	0.00	6.14	764.00
	1978.69	0.00	6.43	803.00
	1978.70	0.00	6.43	801.00
	1978.71	0.00	6.44	801.00
	1978.72	0.00	6.52	804.00
	1978.74	0.00	6.52	800.00
	1978.75	0.00	6.51	801.00
	1978.76	0.00	6.49	800.00
	1978.77	0.00	6.49	798.00
	1978.78	0.00	6.48	815.00
	1978.79	0.00	6.50	816.00
	1978.81	0.00	6.48	816.00
	1978.82	0.00	6.45	814.00
	1978.83	0.00	6.44	813.00
	1978.84	0.00	6.37	803.00
	1978.85	0.00	6.37	800.00
	1978.86	0.00	6.54	829.00
	1978.87	0.00	6.54	829.00
	1978.89	0.00	6.54	829.00
	1978.90	0.00	6.53	828.00
	1978.91	0.00	6.54	828.00
	1978.92	0.00	6.52	827.00
	1978.93	0.00	6.50	825.00
	1978.94	0.00	6.53	832.00
	1978.95	0.00	6.51	833.00
	1978.97	0.00	6.52	833.00
	1978.98	0.00	6.53	837.00
	1978.99	0.00	6.52	835.00
	1979.00	0.00	6.46	834.00
	1979.01	0.00	6.47	835.00
	1979.03	0.00	6.45	832.00
	1979.04	0.00	6.47	834.00
	1979.05	0.00	6.48	836.00
	1979.06	0.00	6.48	837.00
	1979.07	0.00	6.48	840.00
	1979.08	0.00	6.49	840.00
	1979.09	0.00	6.48	842.00
	1979.11	0.00	6.47	837.00
	1979.12	0.00	6.43	838.00
	1979.13	0.00	6.43	837.00
	1979.14	0.00	6.42	836.00
	1979.15	0.00	6.40	834.00
	1979.16	0.00	6.35	831.00
	1979.18	0.00	6.34	827.00
	1979.19	0.00	6.36	812.00
	1979.20	0.00	6.44	818.00
	1979.21	0.00	6.45	820.00
	1979.22	0.00	6.47	824.00
	1979.23	0.00	6.51	829.00
	1979.24	0.00	6.45	822.00
	1979.26	0.00	6.28	798.00
	1979.27	0.00	6.28	800.00
	1979.28	0.00	6.29	801.00
	1979.29	0.00	6.26	802.00
	1979.30	0.00	6.27	802.00
	1979.31	0.00	6.27	802.00
	1979.32	0.00	6.28	803.00
	1979.34	0.00	6.29	807.00
	1979.35	0.00	6.27	806.00
	1979.36	0.00	6.28	808.00
	1979.37	0.00	6.25	807.00
	1979.38	0.00	6.32	814.00
	1979.40	0.00	6.33	813.00
	1979.41	0.00	6.31	816.00
	1979.42	0.00	6.28	828.00
	1979.43	0.00	6.29	828.00
	1979.44	0.00	6.27	826.00
	1979.45	0.00	6.28	827.00
	1979.46	0.00	6.26	825.00
	1979.47	0.00	6.24	824.00
	1979.49	0.00	6.17	812.00
	1979.50	0.00	6.37	836.00
	1979.51	0.00	6.37	837.00
	1979.52	0.00	6.34	838.00
	1979.53	0.00	6.39	839.00
	1979.54	0.00	6.43	840.00
	1979.56	0.00	6.43	836.00
	1979.57	0.00	6.39	832.00
	1979.58	0.00	6.41	834.00
	1979.59	0.00	6.41	851.00
	1979.60	0.00	6.41	851.00
	1979.61	0.00	6.42	849.00
	1979.63	0.00	6.36	844.00
	1979.64	0.00	6.36	841.00
	1979.65	0.00	6.29	831.00
	1979.66	0.00	6.48	858.00
	1979.67	0.00	6.47	857.00
	1979.68	0.00	6.48	858.00
	1979.69	0.00	6.47	857.00
	1979.71	0.00	6.47	857.00
	1979.72	0.00	6.48	858.00
	1979.73	0.00	6.47	856.00
	1979.74	0.00	6.42	847.00
	1979.75	0.00	6.47	858.00
	1979.76	0.00	6.41	849.00
	1979.78	0.00	6.48	859.00
	1979.79	0.00	6.48	860.00
	1979.80	0.00	6.48	859.00
	1979.81	0.00	6.43	857.00
	1979.82	0.00	6.42	857.00
	1979.83	0.00	6.42	850.00
	1979.84	0.00	6.43	855.00
	1979.86	0.00	6.43	854.00
	1979.87	0.00	6.45	856.00
	1979.88	0.00	6.42	855.00
	1979.89	0.00	6.44	857.00
	1979.90	0.00	6.46	856.00
	1979.91	0.00	6.41	856.00
	1979.93	0.00	6.40	854.00
	1979.94	0.00	6.38	852.00
	1979.95	0.00	6.31	846.00
	1979.96	0.00	6.31	843.00
	1979.97	0.00	6.30	841.00
	1979.98	0.00	6.31	830.00
	1980.00	0.00	6.39	837.00
	1980.01	0.00	6.41	839.00
	1980.02	0.00	6.37	835.00
	1980.03	0.00	6.45	843.00
	1980.04	0.00	6.46	848.00
	1980.05	0.00	6.43	844.00
	1980.06	0.00	6.23	818.00
	1980.08	0.00	6.24	818.00
	1980.09	0.00	6.23	817.00
	1980.10	0.00	6.22	817.00
	1980.11	0.00	6.24	816.00
	1980.12	0.00	6.23	814.00
	1980.13	0.00	6.23	816.00
	1980.14	0.00	6.23	814.00
	1980.16	0.00	6.31	817.00
	1980.17	0.00	6.27	812.00
	1980.18	0.00	6.30	817.00
	1980.19	0.00	6.26	830.00
	1980.20	0.00	6.25	829.00
	1980.21	0.00	6.25	828.00
	1980.22	0.00	6.23	826.00
	1980.24	0.00	6.17	819.00
	1980.25	0.00	6.13	815.00
	1980.26	0.00	6.10	811.00
	1980.27	0.00	6.36	843.00
	1980.28	0.00	6.35	843.00
	1980.30	0.00	6.35	842.00
	1980.31	0.00	6.42	845.00
	1980.32	0.00	6.42	844.00
	1980.33	0.00	6.41	841.00
	1980.34	0.00	6.39	840.00
	1980.35	0.00	6.40	857.00
	1980.36	0.00	6.41	856.00
	1980.38	0.00	6.38	854.00
	1980.39	0.00	6.37	853.00
	1980.40	0.00	6.33	848.00
	1980.41	0.00	6.24	833.00
	1980.42	0.00	6.44	866.00
	1980.43	0.00	6.44	865.00
	1980.44	0.00	6.44	865.00
	1980.45	0.00	6.45	865.00
	1980.47	0.00	6.44	867.00
	1980.48	0.00	6.43	863.00
	1980.49	0.00	6.31	845.00
	1980.50	0.00	6.45	867.00
	1980.51	0.00	6.45	867.00
	1980.53	0.00	6.46	867.00
	1980.54	0.00	6.45	867.00
	1980.55	0.00	6.40	866.00
	1980.56	0.00	6.40	866.00
	1980.57	0.00	6.40	864.00
	1980.58	0.00	6.40	865.00
	1980.59	0.00	6.40	865.00
	1980.61	0.00	6.42	867.00
	1980.62	0.00	6.42	868.00
	1980.63	0.00	6.41	865.00
	1980.64	0.00	6.40	862.00
	1980.65	0.00	6.37	865.00
	1980.66	0.00	6.36	864.00
	1980.68	0.00	6.36	863.00
	1980.69	0.00	6.28	856.00
	1980.70	0.00	6.27	854.00
	1980.71	0.00	6.28	839.00
	1980.72	0.00	6.38	845.00
	1980.73	0.00	6.39	846.00
	1980.74	0.00	6.40	849.00
	1980.76	0.00	6.41	850.00
	1980.77	0.00	6.44	852.00
	1980.78	0.00	6.35	842.00
	1980.79	0.00	6.21	823.00
	1980.80	0.00	6.21	825.00
	1980.81	0.00	6.20	824.00
	1980.82	0.00	6.20	825.00
	1980.84	0.00	6.20	823.00
	1980.85	0.00	6.20	826.00
	1980.86	0.00	6.23	829.00
	1980.87	0.00	6.22	825.00
	1980.88	0.00	6.29	831.00
	1980.89	0.00	6.28	827.00
	1980.91	0.00	6.25	826.00
	1980.92	0.00	6.28	832.00
	1980.93	0.00	6.26	841.00
	1980.94	0.00	6.25	841.00
	1980.95	0.00	6.26	842.00
	1980.96	0.00	6.21	837.00
	1980.97	0.00	6.17	828.00
	1980.99	0.00	6.12	821.00
	1981.00	0.00	6.35	850.00
	1981.01	0.00	6.35	850.00
	1981.02	0.00	6.26	849.00
	1981.03	0.00	6.27	849.00
	1981.04	0.00	6.33	853.00
	1981.06	0.00	6.35	851.00
	1981.07	0.00	6.38	858.00
	1981.08	0.00	6.41	863.00
	1981.09	0.00	6.38	862.00
	1981.10	0.00	6.29	853.00
	1981.11	0.00	6.37	858.00
	1981.12	0.00	6.33	855.00
	1981.14	0.00	6.33	855.00
	1981.15	0.00	6.29	848.00
	1981.16	0.00	6.46	870.00
	1981.17	0.00	6.45	872.00
	1981.18	0.00	6.46	870.00
	1981.19	0.00	6.46	870.00
	1981.21	0.00	6.45	868.00
	1981.22	0.00	6.46	868.00
	1981.23	0.00	6.46	867.00
	1981.24	0.00	6.46	867.00
	1981.25	0.00	6.37	853.00
	1981.26	0.00	6.46	868.00
	1981.28	0.00	6.46	867.00
	1981.29	0.00	6.47	867.00
	1981.30	0.00	6.42	865.00
	1981.31	0.00	6.40	862.00
	1981.32	0.00	6.42	864.00
	1981.33	0.00	6.42	863.00
	1981.34	0.00	6.43	862.00
	1981.36	0.00	6.42	859.00
	1981.37	0.00	6.44	860.00
	1981.38	0.00	6.45	861.00
	1981.39	0.00	6.44	860.00
	1981.40	0.00	6.45	860.00
	1981.41	0.00	6.45	859.00
	1981.43	0.00	6.45	856.00
	1981.44	0.00	6.40	858.00
	1981.45	0.00	6.39	855.00
	1981.46	0.00	6.38	852.00
	1981.47	0.00	6.32	846.00
	1981.48	0.00	6.31	839.00
	1981.49	0.00	6.41	833.00
	1981.51	0.00	6.42	834.00
	1981.52	0.00	6.42	834.00
	1981.53	0.00	6.45	834.00
	1981.54	0.00	6.46	840.00
	1981.55	0.00	6.48	842.00
	1981.56	0.00	6.24	811.00
	1981.57	0.00	6.25	811.00
	1981.59	0.00	6.24	810.00
	1981.60	0.00	6.25	810.00
	1981.61	0.00	6.24	809.00
	1981.62	0.00	6.24	808.00
	1981.63	0.00	6.24	809.00
	1981.64	0.00	6.22	810.00
	1981.66	0.00	6.25	811.00
	1981.67	0.00	6.32	816.00
	1981.68	0.00	6.32	813.00
	1981.69	0.00	6.30	810.00
	1981.70	0.00	6.29	825.00
	1981.71	0.00	6.27	825.00
	1981.72	0.00	6.27	824.00
	1981.74	0.00	6.26	823.00
	1981.75	0.00	6.24	819.00
	1981.76	0.00	6.16	808.00
	1981.77	0.00	6.37	835.00
	1981.78	0.00	6.37	833.00
	1981.79	0.00	6.38	833.00
	1981.81	0.00	6.43	835.00
	1981.82	0.00	6.44	831.00
	1981.83	0.00	6.41	831.00
	1981.84	0.00	6.44	846.00
	1981.85	0.00	6.43	847.00
	1981.86	0.00	6.42	843.00
	1981.88	0.00	6.39	840.00
	1981.89	0.00	6.38	838.00
	1981.90	0.00	6.28	823.00
	1981.91	0.00	6.47	852.00
	1981.92	0.00	6.48	852.00
	1981.93	0.00	6.48	853.00
	1981.94	0.00	6.47	853.00
	1981.96	0.00	6.47	852.00
	1981.97	0.00	6.47	850.00
	1981.98	0.00	6.43	842.00
	1981.99	0.00	6.47	855.00
	1982.00	0.00	6.48	854.00
	1982.01	0.00	6.46	855.00
	1982.02	0.00	6.46	854.00
	1982.04	0.00	6.43	856.00
	1982.05	0.00	6.43	854.00
	1982.06	0.00	6.42	853.00
	1982.07	0.00	6.43	854.00
	1982.08	0.00	6.44	854.00
	1982.09	0.00	6.44	855.00
	1982.10	0.00	6.44	856.00
	1982.12	0.00	6.44	855.00
	1982.13	0.00	6.39	853.00
	1982.14	0.00	6.38	851.00
	1982.15	0.00	6.33	848.00
	1982.16	0.00	6.30	844.00
	1982.18	0.00	6.31	843.00
	1982.19	0.00	6.31	838.00
	1982.20	0.00	6.31	831.00
	1982.21	0.00	6.40	833.00
	1982.22	0.00	6.42	835.00
	1982.23	0.00	6.45	839.00
	1982.24	0.00	6.48	843.00
	1982.26	0.00	6.23	808.00
	1982.27	0.00	6.25	811.00
	1982.28	0.00	6.24	811.00
	1982.29	0.00	6.25	811.00
	1982.30	0.00	6.24	809.00
	1982.31	0.00	6.23	806.00
	1982.32	0.00	6.23	808.00
	1982.34	0.00	6.23	808.00
	1982.35	0.00	6.25	807.00
	1982.36	0.00	6.32	810.00
	1982.37	0.00	6.33	811.00
	1982.38	0.00	6.29	824.00
	1982.39	0.00	6.28	822.00
	1982.41	0.00	6.28	821.00
	1982.42	0.00	6.28	821.00
	1982.43	0.00	6.25	818.00
	1982.44	0.00	6.23	813.00
	1982.45	0.00	6.14	802.00
	1982.46	0.00	6.39	832.00
	1982.47	0.00	6.38	831.00
	1982.48	0.00	6.39	831.00
	1982.50	0.00	6.39	829.00
	1982.51	0.00	6.46	833.00
	1982.52	0.00	6.46	830.00
	1982.53	0.00	6.44	825.00
	1982.54	0.00	6.45	842.00
	1982.56	0.00	6.45	842.00
	1982.57	0.00	6.43	837.00
	1982.58	0.00	6.43	839.00
	1982.59	0.00	6.39	835.00
	1982.60	0.00	6.38	831.00
	1982.61	0.00	6.27	814.00
	1982.62	0.00	6.49	847.00
	1982.64	0.00	6.50	847.00
	1982.65	0.00	6.50	847.00
	1982.66	0.00	6.50	844.00
	1982.67	0.00	6.47	843.00
	1982.68	0.00	6.49	848.00
	1982.69	0.00	6.49	848.00
	1982.70	0.00	6.50	847.00
	1982.71	0.00	6.45	848.00
	1982.73	0.00	6.46	848.00
	1982.74	0.00	6.45	846.00
	1982.75	0.00	6.44	843.822.00
	1992.20	0.00	6.48	818.00
	1992.22	0.00	6.47	817.00
	1992.23	0.00	6.48	818.00
	1992.24	0.00	6.45	815.00
	1992.25	0.00	6.39	810.00
	1992.26	0.00	6.39	807.00
	1992.27	0.00	6.48	799.00
	1992.29	0.00	6.49	798.00
	1992.30	0.00	6.52	801.00
	1992.31	0.00	6.54	803.00
	1992.32	0.00	6.57	807.00
	1992.33	0.00	6.59	809.00
	1992.34	0.00	6.41	786.00
	1992.35	0.00	6.32	778.00
	1992.37	0.00	6.33	778.00
	1992.38	0.00	6.32	775.00
	1992.39	0.00	6.32	775.00
	1992.40	0.00	6.34	774.00
	1992.41	0.00	6.32	776.00
	1992.42	0.00	6.33	776.00
	1992.44	0.00	6.34	777.00
	1992.45	0.00	6.38	777.00
	1992.46	0.00	6.41	778.00
	1992.47	0.00	6.41	778.00
	1992.48	0.00	6.38	792.00
	1992.49	0.00	6.36	791.00
	1992.51	0.00	6.35	789.00
	1992.52	0.00	6.33	787.00
	1992.53	0.00	6.21	774.00
	1992.54	0.00	6.21	772.00
	1992.55	0.00	6.21	771.00
	1992.56	0.00	6.45	804.00
	1992.57	0.00	6.47	803.00
	1992.58	0.00	6.47	800.00
	1992.60	0.00	6.53	804.00
	1992.61	0.00	6.53	804.00
	1992.62	0.00	6.52	801.00
	1992.63	0.00	6.53	821.00
	1992.64	0.00	6.51	818.00
	1992.65	0.00	6.50	816.00
	1992.67	0.00	6.48	814.00
	1992.68	0.00	6.43	808.00
	1992.69	0.00	6.34	793.00
	1992.70	0.00	6.57	823.00
	1992.71	0.00	6.55	827.00
	1992.72	0.00	6.55	829.00
	1992.73	0.00	6.58	830.00
	1992.75	0.00	6.51	828.00
	1992.76	0.00	6.52	829.00
	1992.77	0.00	6.51	821.00
	1992.78	0.00	6.55	831.00
	1992.79	0.00	6.55	829.00
	1992.80	0.00	6.54	830.00
	1992.82	0.00	6.50	829.00
	1992.83	0.00	6.50	828.00
	1992.84	0.00	6.50	828.00
	1992.85	0.00	6.50	827.00
	1992.86	0.00	6.51	826.00
	1992.87	0.00	6.51	827.00
	1992.89	0.00	6.52	828.00
	1992.90	0.00	6.52	829.00
	1992.91	0.00	6.53	829.00
	1992.92	0.00	6.49	825.00
	1992.93	0.00	6.46	823.00
	1992.94	0.00	6.48	823.00
	1992.95	0.00	6.48	823.00
	1992.97	0.00	6.45	819.00
	1992.98	0.00	6.40	816.00
	1992.99	0.00	6.39	808.00
	1993.00	0.00	6.41	797.00
	1993.01	0.00	6.48	803.00
	1993.02	0.00	6.49	805.00
	1993.04	0.00	6.49	806.00
	1993.05	0.00	6.53	810.00
	1993.06	0.00	6.56	813.00
	1993.07	0.00	6.35	785.00
	1993.08	0.00	6.28	775.00
	1993.09	0.00	6.33	783.00
	1993.10	0.00	6.34	783.00
	1993.12	0.00	6.32	783.00
	1993.13	0.00	6.34	783.00
	1993.14	0.00	6.32	781.00
	1993.15	0.00	6.32	784.00
	1993.16	0.00	6.32	782.00
	1993.17	0.00	6.40	786.00
	1993.19	0.00	6.40	784.00
	1993.20	0.00	6.39	788.00
	1993.21	0.00	6.36	799.00
	1993.22	0.00	6.36	797.00
	1993.23	0.00	6.37	798.00
	1993.24	0.00	6.34	795.00
	1993.25	0.00	6.35	792.00
	1993.27	0.00	6.29	787.00
	1993.28	0.00	6.26	781.00
	1993.29	0.00	6.44	807.00
	1993.30	0.00	6.46	808.00
	1993.31	0.00	6.46	808.00
	1993.32	0.00	6.46	801.00
	1993.33	0.00	6.54	808.00
	1993.35	0.00	6.52	803.00
	1993.36	0.00	6.52	820.00
	1993.37	0.00	6.53	820.00
	1993.38	0.00	6.52	818.00
	1993.39	0.00	6.52	818.00
	1993.40	0.00	6.44	817.00
	1993.42	0.00	6.45	814.00
	1993.43	0.00	6.45	808.00
	1993.44	0.00	6.34	793.00
	1993.45	0.00	6.57	826.00
	1993.46	0.00	6.57	826.00
	1993.47	0.00	6.57	827.00
	1993.48	0.00	6.55	826.00
	1993.50	0.00	6.56	826.00
	1993.51	0.00	6.57	826.00
	1993.52	0.00	6.44	806.00
	1993.53	0.00	6.56	827.00
	1993.54	0.00	6.56	827.00
	1993.55	0.00	6.56	825.00
	1993.57	0.00	6.52	825.00
	1993.58	0.00	6.52	825.00
	1993.59	0.00	6.52	821.00
	1993.60	0.00	6.53	819.00
	1993.61	0.00	6.53	822.00
	1993.62	0.00	6.55	824.00
	1993.64	0.00	6.53	822.00
	1993.65	0.00	6.55	825.00
	1993.66	0.00	6.54	822.00
	1993.67	0.00	6.45	821.00
	1993.68	0.00	6.43	818.00
	1993.69	0.00	6.44	814.00
	1993.70	0.00	6.42	810.00
	1993.71	0.00	6.41	804.00
	1993.73	0.00	6.42	793.00
	1993.74	0.00	6.50	797.00
	1993.75	0.00	6.52	799.00
	1993.76	0.00	6.54	802.00
	1993.77	0.00	6.60	808.00
	1993.79	0.00	6.59	805.00
	1993.80	0.00	6.45	786.00
	1993.81	0.00	6.35	775.00
	1993.82	0.00	6.36	774.00
	1993.83	0.00	6.36	773.00
	1993.84	0.00	6.34	771.00
	1993.85	0.00	6.35	769.00
	1993.86	0.00	6.36	772.00
	1993.88	0.00	6.34	768.00
	1993.89	0.00	6.35	770.00
	1993.90	0.00	6.42	774.00
	1993.91	0.00	6.43	773.00
	1993.92	0.00	6.44	773.00
	1993.93	0.00	6.39	786.00
	1993.95	0.00	6.38	784.00
	1993.96	0.00	6.37	784.00
	1993.97	0.00	6.36	782.00
	1993.98	0.00	6.31	776.00
	1993.99	0.00	6.22	764.00
	1994.00	0.00	6.48	797.00
	1994.02	0.00	6.50	797.00
	1994.03	0.00	6.53	796.00
	1994.04	0.00	6.56	797.00
	1994.05	0.00	6.55	796.00
	1994.06	0.00	6.50	797.00
	1994.07	0.00	6.56	813.00
	1994.08	0.00	6.54	812.00
	1994.10	0.00	6.54	812.00
	1994.11	0.00	6.53	810.00
	1994.12	0.00	6.52	811.00
	1994.13	0.00	6.49	807.00
	1994.14	0.00	6.40	793.00
	1994.15	0.00	6.59	821.00
	1994.17	0.00	6.53	822.00
	1994.18	0.00	6.58	821.00
	1994.19	0.00	6.58	821.00
	1994.20	0.00	6.58	821.00
	1994.21	0.00	6.59	823.00
	1994.22	0.00	6.55	818.00
	1994.23	0.00	6.57	822.00
	1994.25	0.00	6.57	821.00
	1994.26	0.00	6.58	821.00
	1994.27	0.00	6.52	820.00
	1994.28	0.00	6.52	820.00
	1994.29	0.00	6.52	820.00
	1994.30	0.00	6.52	816.00
	1994.31	0.00	6.45	810.00
	1994.33	0.00	6.54	819.00
	1994.34	0.00	6.55	820.00
	1994.35	0.00	6.54	821.00
	1994.36	0.00	6.56	820.00
	1994.37	0.00	6.48	815.00
	1994.38	0.00	6.49	816.00
	1994.40	0.00	6.43	811.00
	1994.41	0.00	6.41	808.00
	1994.42	0.00	6.41	808.00
	1994.43	0.00	6.41	805.00
	1994.44	0.00	6.43	789.00
	1994.45	0.00	6.51	795.00
	1994.46	0.00	6.46	789.00
	1994.48	0.00	6.56	799.00
	1994.49	0.00	6.57	800.00
	1994.50	0.00	6.59	804.00
	1994.51	0.00	6.35	774.00
	1994.52	0.00	6.35	772.00
	1994.53	0.00	6.35	772.00
	1994.55	0.00	6.34	772.00
	1994.56	0.00	6.27	759.00
	1994.57	0.00	6.35	773.00
	1994.58	0.00	6.35	771.00
	1994.59	0.00	6.37	772.00
	1994.60	0.00	6.43	772.00
	1994.61	0.00	6.43	773.00
	1994.63	0.00	6.44	771.00
	1994.64	0.00	6.40	783.00
	1994.65	0.00	6.39	784.00
	1994.66	0.00	6.40	784.00
	1994.67	0.00	6.38	780.00
	1994.68	0.00	6.32	772.00
	1994.69	0.00	6.24	761.00
	1994.71	0.00	6.49	791.00
	1994.72	0.00	6.50	792.00
	1994.73	0.00	6.50	792.00
	1994.74	0.00	6.50	791.00
	1994.75	0.00	6.49	782.00
	1994.77	0.00	6.58	789.00
	1994.78	0.00	6.58	789.00
	1994.79	0.00	6.57	787.00
	1994.80	0.00	6.49	799.00
	1994.81	0.00	6.51	803.00
	1994.82	0.00	6.55	801.00
	1994.83	0.00	6.53	796.00
	1994.85	0.00	6.49	794.00
	1994.86	0.00	6.41	783.00
	1994.87	0.00	6.60	810.00
	1994.88	0.00	6.60	809.00
	1994.89	0.00	6.61	809.00
	1994.90	0.00	6.59	807.00
	1994.91	0.00	6.60	808.00
	1994.93	0.00	6.55	800.00
	1994.94	0.00	6.45	792.00
	1994.95	0.00	6.48	791.00
	1994.96	0.00	6.60	810.00
	1994.97	0.00	6.61	809.00
	1994.98	0.00	6.54	807.00
	1995.00	0.00	6.55	808.00
	1995.01	0.00	6.58	806.00
	1995.02	0.00	6.56	805.00
	1995.03	0.00	6.57	806.00
	1995.04	0.00	6.56	806.00
	1995.05	0.00	6.56	807.00
	1995.06	0.00	6.56	808.00
	1995.08	0.00	6.57	807.00
	1995.09	0.00	6.57	809.00
	1995.10	0.00	6.54	805.00
	1995.11	0.00	6.49	803.00
	1995.12	0.00	6.50	804.00
	1995.13	0.00	6.43	798.00
	1995.15	0.00	6.43	793.00
	1995.16	0.00	6.55	787.00
	1995.17	0.00	6.54	786.00
	1995.18	0.00	6.55	784.00
	1995.19	0.00	6.56	787.00
	1995.20	0.00	6.58	789.00
	1995.21	0.00	6.61	795.00
	1995.23	0.00	6.54	787.00
	1995.24	0.00	6.37	766.00
	1995.25	0.00	6.37	766.00
	1995.26	0.00	6.38	765.00
	1995.27	0.00	6.37	764.00
	1995.28	0.00	6.35	765.00
	1995.30	0.00	6.36	766.00
	1995.31	0.00	6.35	762.00
	1995.32	0.00	6.36	764.00
	1995.33	0.00	6.37	763.00
	1995.34	0.00	6.43	767.00
	1995.35	0.00	6.45	766.00
	1995.36	0.00	6.44	769.00
	1995.38	0.00	6.43	773.00
	1995.39	0.00	6.40	782.00
	1995.40	0.00	6.35	777.00
	1995.41	0.00	6.38	780.00
	1995.42	0.00	6.33	774.00
	1995.43	0.00	6.24	763.00
	1995.44	0.00	6.49	796.00
	1995.46	0.00	6.48	797.00
	1995.47	0.00	6.49	794.00
	1995.48	0.00	6.49	793.00
	1995.49	0.00	6.55	796.00
	1995.50	0.00	6.55	794.00
	1995.51	0.00	6.54	809.00
	1995.53	0.00	6.54	808.00
	1995.54	0.00	6.53	806.00
	1995.55	0.00	6.48	804.00
	1995.56	0.00	6.43	795.00
	1995.57	0.00	6.54	803.00
	1995.58	0.00	6.59	816.00
	1995.59	0.00	6.59	818.00
	1995.61	0.00	6.59	816.00
	1995.62	0.00	6.58	817.00
	1995.63	0.00	6.59	816.00
	1995.64	0.00	6.58	814.00
	1995.65	0.00	6.54	808.00
	1995.66	0.00	6.44	796.00
	1995.68	0.00	6.58	817.00
	1995.69	0.00	6.59	816.00
	1995.70	0.00	6.53	815.00
	1995.71	0.00	6.53	815.00
	1995.72	0.00	6.54	813.00
	1995.73	0.00	6.54	811.00
	1995.75	0.00	6.54	811.00
	1995.76	0.00	6.55	813.00
	1995.77	0.00	6.55	811.00
	1995.78	0.00	6.56	811.00
	1995.79	0.00	6.51	806.00
	1995.80	0.00	6.56	812.00
	1995.81	0.00	6.52	808.00
	1995.83	0.00	6.51	808.00
	1995.84	0.00	6.49	804.00
	1995.85	0.00	6.36	788.00
	1995.86	0.00	6.43	790.00
	1995.87	0.00	6.44	783.00
	1995.88	0.00	6.54	782.00
	1995.89	0.00	6.55	783.00
	1995.91	0.00	6.54	783.00
	1995.92	0.00	6.58	788.00
	1995.93	0.00	6.60	789.00
	1995.94	0.00	6.64	793.00
	1995.95	0.00	6.55	780.00
	1995.96	0.00	6.38	761.00
	1995.97	0.00	6.38	760.00
	1995.99	0.00	6.37	759.00
	1996.00	0.00	6.40	763.00
	1996.01	0.00	6.38	759.00
	1996.02	0.00	6.37	759.00
	1996.03	0.00	6.37	758.00
	1996.04	0.00	6.46	762.00
	1996.06	0.00	6.45	761.00
	1996.07	0.00	6.42	775.00
	1996.08	0.00	6.41	776.00
	1996.09	0.00	6.37	770.00
	1996.10	0.00	6.41	774.00
	1996.11	0.00	6.40	771.00
	1996.13	0.00	6.33	764.00
	1996.14	0.00	6.30	759.00
	1996.15	0.00	6.47	780.00
	1996.16	0.00	6.50	786.00
	1996.17	0.00	6.51	785.00
	1996.18	0.00	6.54	784.00
	1996.19	0.00	6.58	787.00
	1996.21	0.00	6.57	782.00
	1996.22	0.00	6.56	800.00
	1996.23	0.00	6.57	799.00
	1996.24	0.00	6.57	800.00
	1996.25	0.00	6.56	798.00
	1996.26	0.00	6.54	795.00
	1996.28	0.00	6.53	790.00
	1996.29	0.00	6.45	784.00
	1996.30	0.00	6.50	789.00
	1996.31	0.00	6.61	807.00
	1996.32	0.00	6.61	809.00
	1996.33	0.00	6.61	809.00
	1996.34	0.00	6.60	808.00
	1996.35	0.00	6.60	808.00
	1996.37	0.00	6.59	804.00
	1996.38	0.00	6.60	808.00
	1996.39	0.00	6.59	807.00
	1996.40	0.00	6.61	809.00
	1996.41	0.00	6.55	808.00
	1996.43	0.00	6.55	807.00
	1996.44	0.00	6.55	806.00
	1996.45	0.00	6.55	804.00
	1996.46	0.00	6.55	802.00
	1996.47	0.00	6.57	805.00
	1996.48	0.00	6.56	804.00
	1996.49	0.00	6.58	806.00
	1996.51	0.00	6.57	808.00
	1996.52	0.00	6.58	808.00
	1996.53	0.00	6.53	804.00
	1996.54	0.00	6.51	803.00
	1996.55	0.00	6.52	804.00
	1996.56	0.00	6.51	803.00
	1996.57	0.00	6.44	796.00
	1996.59	0.00	6.45	794.00
	1996.60	0.00	6.54	782.00
	1996.61	0.00	6.55	784.00
	1996.62	0.00	6.58	786.00
	1996.63	0.00	6.59	789.00
	1996.64	0.00	6.63	791.00
	1996.66	0.00	6.61	791.00
	1996.67	0.00	6.38	762.00
	1996.68	0.00	6.37	761.00
	1996.69	0.00	6.38	762.00
	1996.70	0.00	6.38	761.00
	1996.71	0.00	6.38	759.00
	1996.72	0.00	6.37	760.00
	1996.74	0.00	6.31	753.00
	1996.75	0.00	6.37	762.00
	1996.76	0.00	6.39	760.00
	1996.77	0.00	6.45	763.00
	1996.78	0.00	6.47	763.00
	1996.79	0.00	6.41	777.00
	1996.81	0.00	6.41	774.00
	1996.82	0.00	6.40	773.00
	1996.83	0.00	6.37	769.00
	1996.84	0.00	6.32	761.00
	1996.85	0.00	6.51	783.00
	1996.86	0.00	6.51	784.00
	1996.87	0.00	6.50	783.00
	1996.89	0.00	6.51	782.00
	1996.90	0.00	6.51	781.00
	1996.91	0.00	6.59	786.00
	1996.92	0.00	6.59	782.00
	1996.93	0.00	6.56	779.00
	1996.94	0.00	6.52	781.00
	1996.95	0.00	6.56	796.00
	1996.97	0.00	6.58	792.00
	1996.98	0.00	6.57	793.00
	1996.99	0.00	6.54	792.00
	1997.00	0.00	6.50	785.00
	1997.01	0.00	6.41	770.00
	1997.02	0.00	6.61	802.00
	1997.04	0.00	6.62	802.00
	1997.05	0.00	6.61	801.00
	1997.06	0.00	6.61	801.00
	1997.07	0.00	6.62	802.00
	1997.08	0.00	6.60	799.00
	1997.09	0.00	6.62	803.00
	1997.10	0.00	6.61	801.00
	1997.12	0.00	6.61	802.00
	1997.13	0.00	6.56	800.00
	1997.14	0.00	6.55	800.00
	1997.15	0.00	6.56	799.00
	1997.16	0.00	6.57	799.00
	1997.17	0.00	6.57	798.00
	1997.19	0.00	6.58	799.00
	1997.20	0.00	6.58	800.00
	1997.21	0.00	6.58	801.00
	1997.22	0.00	6.59	801.00
	1997.23	0.00	6.62	802.00
	1997.24	0.00	6.55	797.00
	1997.26	0.00	6.53	796.00
	1997.27	0.00	6.54	796.00
	1997.28	0.00	6.47	790.00
	1997.29	0.00	6.44	788.00
	1997.30	0.00	6.45	781.00
	1997.31	0.00	6.55	778.00
	1997.32	0.00	6.59	782.00
	1997.33	0.00	6.56	779.00
	1997.35	0.00	6.57	780.00
	1997.36	0.00	6.60	787.00
	1997.37	0.00	6.60	784.00
	1997.38	0.00	6.32	750.00
	1997.39	0.00	6.38	757.00
	1997.41	0.00	6.37	755.00
	1997.42	0.00	6.36	755.00
	1997.43	0.00	6.38	755.00
	1997.44	0.00	6.37	754.00
	1997.45	0.00	6.37	755.00
	1997.46	0.00	6.37	757.00
	1997.47	0.00	6.37	755.00
	1997.49	0.00	6.45	760.00
	1997.50	0.00	6.45	759.00
	1997.51	0.00	6.45	760.00
	1997.52	0.00	6.43	772.00
	1997.53	0.00	6.41	771.00
	1997.54	0.00	6.40	771.00
	1997.55	0.00	6.41	771.00
	1997.57	0.00	6.38	768.00
	1997.58	0.00	6.30	757.00
	1997.59	0.00	6.51	784.00
	1997.60	0.00	6.50	783.00
	1997.61	0.00	6.52	782.00
	1997.62	0.00	6.58	785.00
	1997.64	0.00	6.58	782.00
	1997.65	0.00	6.57	780.00
	1997.66	0.00	6.56	779.00
	1997.67	0.00	6.58	798.00
	1997.68	0.00	6.57	794.00
	1997.69	0.00	6.54	793.00
	1997.70	0.00	6.53	792.00
	1997.72	0.00	6.47	784.00
	1997.73	0.00	6.31	762.00
	1997.74	0.00	6.62	805.00
	1997.75	0.00	6.60	803.00
	1997.76	0.00	6.61	804.00
	1997.77	0.00	6.62	804.00
	1997.79	0.00	6.61	803.00
	1997.80	0.00	6.59	800.00
	1997.81	0.00	6.56	803.00
	1997.82	0.00	6.50	805.00
	1997.83	0.00	6.52	803.00
	1997.84	0.00	6.59	802.00
	1997.85	0.00	6.56	802.00
	1997.86	0.00	6.56	801.00
	1997.88	0.00	6.57	800.00
	1997.89	0.00	6.57	799.00
	1997.90	0.00	6.58	801.00
	1997.91	0.00	6.58	800.00
	1997.92	0.00	6.53	794.00
	1997.94	0.00	6.59	802.00
	1997.95	0.00	6.54	796.00
	1997.96	0.00	6.54	796.00
	1997.97	0.00	6.49	794.00
	1997.98	0.00	6.45	788.00
	1997.99	1.00	6.45	777.00
	1998.00	1.00	6.55	776.00
	1998.02	1.00	6.57	778.00
	1998.03	1.00	6.58	778.00
	1998.04	1.00	6.60	781.00
	1998.05	1.00	6.63	786.00
	1998.06	1.00	6.39	755.00
	1998.07	1.00	6.39	755.00
	1998.08	1.00	6.39	755.00
	1998.10	1.00	6.39	754.00
	1998.11	1.00	6.41	754.00
	1998.12	1.00	6.40	756.00
	1998.13	1.00	6.39	752.00
	1998.14	1.00	6.39	752.00
	1998.15	1.00	6.47	757.00
	1998.17	1.00	6.47	755.00
	1998.18	1.00	6.45	762.00
	1998.19	1.00	6.44	769.00
	1998.20	1.00	6.42	769.00
	1998.21	0.00	6.42	766.00
	1998.22	0.00	6.42	769.00
	1998.23	0.00	6.37	762.00
	1998.25	0.00	6.29	751.00
	1998.26	0.00	6.52	780.00
	1998.27	0.00	6.53	781.00
	1998.28	0.00	6.51	776.00
	1998.29	0.00	6.60	782.00
	1998.30	0.00	6.60	778.00
	1998.31	0.00	6.59	777.00
	1998.33	0.00	6.55	775.00
	1998.34	0.00	6.57	793.00
	1998.35	0.00	6.56	792.00
	1998.36	0.00	6.55	790.00
	1998.37	0.00	6.53	788.00
	1998.39	0.00	6.44	776.00
	1998.40	0.00	6.63	802.00
	1998.41	0.00	6.63	804.00
	1998.42	0.00	6.63	802.00
	1998.43	0.00	6.62	804.00
	1998.44	0.00	6.54	804.00
	1998.45	0.00	6.52	804.00
	1998.47	0.00	6.52	801.00
	1998.48	0.00	6.53	805.00
	1998.49	0.00	6.55	806.00
	1998.50	0.00	6.56	804.00
	1998.51	0.00	6.57	805.00
	1998.52	0.00	6.54	804.00
	1998.54	0.00	6.56	804.00
	1998.55	0.00	6.54	800.00
	1998.56	0.00	6.57	804.00
	1998.57	0.00	6.57	801.00
	1998.58	0.00	6.57	804.00
	1998.59	0.00	6.57	805.00
	1998.60	0.00	6.57	803.00
	1998.61	0.00	6.50	796.00
	1998.63	0.00	6.51	801.00
	1998.64	0.00	6.51	801.00
	1998.65	0.00	6.51	801.00
	1998.66	0.00	6.44	795.00
	1998.67	0.00	6.43	791.00
	1998.69	0.00	6.53	783.00
	1998.70	0.00	6.54	784.00
	1998.71	0.00	6.54	785.00
	1998.72	0.00	6.55	786.00
	1998.73	0.00	6.57	791.00
	1998.74	0.00	6.61	795.00
	1998.75	0.00	6.45	774.00
	1998.77	0.00	6.36	765.00
	1998.78	0.00	6.36	766.00
	1998.79	0.00	6.37	765.00
	1998.80	0.00	6.36	764.00
	1998.81	0.00	6.38	766.00
	1998.82	0.00	6.36	763.00
	1998.83	0.00	6.36	767.00
	1998.84	0.00	6.37	766.00
	1998.86	0.00	6.37	765.00
	1998.87	0.00	6.44	769.00
	1998.88	0.00	6.44	767.00
	1998.89	0.00	6.40	782.00
	1998.90	0.00	6.39	782.00
	1998.92	0.00	6.39	781.00
	1998.93	0.00	6.39	781.00
	1998.94	0.00	6.37	781.00
	1998.95	0.00	6.30	770.00
	1998.96	0.00	6.31	769.00
	1998.97	0.00	6.49	795.00
	1998.98	0.00	6.50	794.00
	1999.00	0.00	6.50	792.00
	1999.01	0.00	6.49	795.00
	1999.02	0.00	6.55	798.00
	1999.03	0.00	6.56	796.00
	1999.04	0.00	6.53	793.00
	1999.05	0.00	6.55	812.00
	1999.06	0.00	6.55	813.00
	1999.08	0.00	6.51	810.00
	1999.09	0.00	6.49	809.00
	1999.10	0.00	6.44	809.00
	1999.11	0.00	6.44	809.00
	1999.12	0.00	6.36	797.00
	1999.13	0.00	6.55	820.00
	1999.15	0.00	6.54	824.00
	1999.16	0.00	6.54	825.00
	1999.17	0.00	6.54	823.00
	1999.18	0.00	6.54	823.00
	1999.19	0.00	6.54	822.00
	1999.20	0.00	6.54	820.00
	1999.21	0.00	6.55	825.00
	1999.23	0.00	6.56	825.00
	1999.24	0.00	6.57	826.00
	1999.25	0.00	6.54	827.00
	1999.26	0.00	6.51	825.00
	1999.27	0.00	6.53	823.00
	1999.29	0.00	6.53	820.00
	1999.30	0.00	6.52	821.00
	1999.31	0.00	6.52	823.00
	1999.32	0.00	6.52	824.00
	1999.33	0.00	6.54	821.00
	1999.34	0.00	6.53	826.00
	1999.35	0.00	6.55	827.00
	1999.37	0.00	6.51	822.00
	1999.38	0.00	6.49	823.00
	1999.39	0.00	6.49	823.00
	1999.40	0.00	6.38	813.00
	1999.41	0.00	6.41	814.00
	1999.42	0.00	6.40	815.00
	1999.43	0.00	6.40	808.00
	1999.45	0.00	6.49	801.00
	1999.46	0.00	6.51	803.00
	1999.47	0.00	6.54	805.00
	1999.48	0.00	6.56	811.00
	1999.49	0.00	6.56	809.00
	1999.50	0.00	6.41	789.00
	1999.52	0.00	6.34	781.00
	1999.53	0.00	6.32	780.00
	1999.54	0.00	6.34	780.00
	1999.55	0.00	6.36	783.00
	1999.56	0.00	6.34	780.00
	1999.57	0.00	6.35	779.00
	1999.58	0.00	6.33	780.00
	1999.60	0.00	6.33	778.00
	1999.61	0.00	6.35	778.00
	1999.62	0.00	6.42	782.00
	1999.63	0.00	6.42	781.00
	1999.64	0.00	6.38	795.00
	1999.65	0.00	6.38	796.00
	1999.67	0.00	6.36	792.00
	1999.68	0.00	6.34	787.00
	1999.69	0.00	6.31	785.00
	1999.70	0.00	6.24	774.00
	1999.71	0.00	6.23	771.00
	1999.72	0.00	6.47	804.00
	1999.73	0.00	6.48	803.00
	1999.75	0.00	6.51	803.00
	1999.76	0.00	6.54	804.00
	1999.77	0.00	6.53	800.00
	1999.78	0.00	6.55	812.00
	1999.79	0.00	6.53	816.00
	1999.80	0.00	6.52	814.00
	1999.81	0.00	6.53	814.00
	1999.83	0.00	6.51	812.00
	1999.84	0.00	6.47	810.00
	1999.85	0.00	6.43	802.00
	1999.86	0.00	6.43	800.00
	1999.87	0.00	6.58	823.00
	1999.88	0.00	6.58	823.00
	1999.90	0.00	6.59	823.00
	1999.91	0.00	6.57	819.00
	1999.92	0.00	6.57	821.00
	1999.93	0.00	6.54	813.00
	1999.94	0.00	6.57	820.00
	1999.95	0.00	6.57	820.00
	1999.96	0.00	6.59	820.00
	1999.98	0.00	6.58	819.00
	1999.99	0.00	6.55	819.00
	2000.00	0.00	6.38	811.00
	2000.01	0.00	6.44	817.00
	2000.02	0.00	6.47	814.00
	2000.03	0.00	6.47	816.00
	2000.05	0.00	6.49	816.00
	2000.06	0.00	6.50	818.00
	2000.07	0.00	6.50	816.00
	2000.08	0.00	6.46	814.00
	2000.09	0.00	6.51	815.00
	2000.10	0.00	6.50	814.00
	2000.11	0.00	6.42	807.00
	2000.13	0.00	6.41	804.00
	2000.14	0.00	6.43	788.00
	2000.15	0.00	6.52	792.00
	2000.16	0.00	6.53	795.00
	2000.17	0.00	6.55	798.00
	2000.18	0.00	6.57	799.00
	2000.19	0.00	6.60	803.00
	2000.21	0.00	6.46	785.00
	2000.22	0.00	6.36	772.00
	2000.23	0.00	6.35	770.00
	2000.24	0.00	6.37	773.00
	2000.25	0.00	6.36	770.00
	2000.27	0.00	6.35	769.00
	2000.28	0.00	6.35	772.00
	2000.29	0.00	6.35	771.00
	2000.30	0.00	6.35	771.00
	2000.31	0.00	6.43	774.00
	2000.32	0.00	6.44	772.00
	2000.33	0.00	6.42	779.00
	2000.34	0.00	6.40	787.00
	2000.36	0.00	6.38	786.00
	2000.37	0.00	6.38	783.00
	2000.38	0.00	6.37	782.00
	2000.39	0.00	6.37	783.00
	2000.40	0.00	6.28	770.00
	2000.41	0.00	6.49	795.00
	2000.43	0.00	6.48	795.00
	2000.44	0.00	6.49	794.00
	2000.45	0.00	6.59	799.00
	2000.46	0.00	6.57	795.00
	2000.47	0.00	6.55	791.00
	2000.48	0.00	6.50	790.00
	2000.50	0.00	6.56	809.00
	2000.51	0.00	6.47	808.00
	2000.52	0.00	6.54	806.00
	2000.53	0.00	6.50	804.00
	2000.54	0.00	6.44	795.00
	2000.55	0.00	6.60	812.00
	2000.56	0.00	6.59	817.00
	2000.57	0.00	6.60	816.00
	2000.59	0.00	6.60	816.00
	2000.60	0.00	6.59	815.00
	2000.61	0.00	6.60	816.00
	2000.62	0.00	6.58	812.00
	2000.63	0.00	6.59	816.00
	2000.65	0.00	6.61	816.00
	2000.66	0.00	6.60	813.00
	2000.67	0.00	6.54	812.00
	2000.68	0.00	6.56	811.00
	2000.69	0.00	6.55	809.00
	2000.70	0.00	6.55	805.00
	2000.71	0.00	6.56	807.00
	2000.73	0.00	6.58	808.00
	2000.74	0.00	6.49	796.00
	2000.75	0.00	6.57	806.00
	2000.76	0.00	6.58	803.00
	2000.77	0.00	6.57	796.00
	2000.78	0.00	6.54	804.00
	2000.80	0.00	6.54	803.00
	2000.81	0.00	6.52	802.00
	2000.82	0.00	6.44	795.00
	2000.83	0.00	6.44	790.00
	2000.84	0.00	6.55	783.00
	2000.85	0.00	6.56	784.00
	2000.86	0.00	6.57	784.00
	2000.88	0.00	6.58	786.00
	2000.89	0.00	6.61	789.00
	2000.90	0.00	6.63	791.00
	2000.91	0.00	6.39	760.00
	2000.92	0.00	6.39	761.00
	2000.93	0.00	6.40	760.00
	2000.94	0.00	6.40	757.00
	2000.96	0.00	6.39	755.00
	2000.97	0.00	6.39	757.00
	2000.98	0.00	6.39	756.00
	2000.99	0.00	6.42	755.00
	2001.00	0.00	6.48	758.00
	2001.01	0.00	6.49	756.00
	2001.03	0.00	6.45	768.00
	2001.04	0.00	6.45	770.00
	2001.05	0.00	6.42	768.00
	2001.06	0.00	6.41	766.00
	2001.07	0.00	6.35	758.00
	2001.08	0.00	6.33	756.00
	2001.09	0.00	6.30	752.00
	2001.10	0.00	6.53	780.00
	2001.12	0.00	6.53	780.00
	2001.13	0.00	6.55	780.00
	2001.14	0.00	6.62	784.00
	2001.15	0.00	6.60	778.00
	2001.16	0.00	6.57	777.00
	2001.18	0.00	6.56	777.00
	2001.19	0.00	6.59	795.00
	2001.20	0.00	6.58	791.00
	2001.21	0.00	6.54	789.00
	2001.22	0.00	6.52	788.00
	2001.23	0.00	6.43	776.00
	2001.24	0.00	6.65	805.00
	2001.26	0.00	6.61	802.00
	2001.27	0.00	6.62	804.00
	2001.28	0.00	6.61	802.00
	2001.29	0.00	6.65	806.00
	2001.30	0.00	6.63	804.00
	2001.31	0.00	6.59	799.00
	2001.32	0.00	6.61	804.00
	2001.34	0.00	6.61	805.00
	2001.35	0.00	6.60	805.00
	2001.36	0.00	6.56	804.00
	2001.37	0.00	6.55	805.00
	2001.38	0.00	6.56	803.00
	2001.39	0.00	6.55	800.00
	2001.41	0.00	6.57	801.00
	2001.42	0.00	6.58	803.00
	2001.43	0.00	6.58	804.00
	2001.44	0.00	6.60	806.00
	2001.45	0.00	6.58	801.00
	2001.46	0.00	6.53	801.00
	2001.47	0.00	6.53	803.00
	2001.49	0.00	6.52	802.00
	2001.50	0.00	6.44	796.00
	2001.51	0.00	6.44	793.00
	2001.52	0.00	6.53	784.00
	2001.53	0.00	6.55	786.00
	2001.54	0.00	6.53	785.00
	2001.56	0.00	6.55	788.00
	2001.57	0.00	6.58	791.00
	2001.58	0.00	6.60	796.00
	2001.59	0.00	6.38	767.00
	2001.60	0.00	6.37	767.00
	2001.61	0.00	6.36	766.00
	2001.63	0.00	6.36	765.00
	2001.64	0.00	6.36	765.00
	2001.65	0.00	6.34	763.00
	2001.66	0.00	6.35	763.00
	2001.67	0.00	6.35	762.00
	2001.68	0.00	6.35	762.00
	2001.69	0.00	6.41	762.00
	2001.70	0.00	6.41	763.00
	2001.72	0.00	6.42	766.00
	2001.73	0.00	6.37	776.00
	2001.74	0.00	6.35	775.00
	2001.75	0.00	6.35	774.00
	2001.76	0.00	6.34	774.00
	2001.77	0.00	6.26	767.00
	2001.79	0.00	6.19	759.00
	2001.80	0.00	6.45	794.00
	2001.81	0.00	6.44	796.00
	2001.82	0.00	6.48	798.00
	2001.83	0.00	6.51	802.00
	2001.84	0.00	6.46	798.00
	2001.85	0.00	6.50	804.00
	2001.87	0.00	6.47	822.00
	2001.88	0.00	6.47	824.00
	2001.89	0.00	6.44	822.00
	2001.90	0.00	6.35	812.00
	2001.91	0.00	6.32	808.00
	2001.92	0.00	6.49	835.00
	2001.94	0.00	6.50	836.00
	2001.95	0.00	6.50	836.00
	2001.96	0.00	6.51	838.00
	2001.97	0.00	6.51	838.00
	2001.98	0.00	6.51	836.00
	2001.99	0.00	6.41	828.00
	2002.00	0.00	6.51	838.00
	2002.02	0.00	6.52	842.00
	2002.03	0.00	6.45	842.00
	2002.04	0.00	6.45	842.00
	2002.05	0.00	6.46	845.00
	2002.06	0.00	6.46	848.00
	2002.07	0.00	6.47	851.00
	2002.08	0.00	6.47	852.00
	2002.10	0.00	6.49	856.00
	2002.11	0.00	6.48	859.00
	2002.12	0.00	6.49	863.00
	2002.13	0.00	6.45	861.00
	2002.14	0.00	6.43	864.00
	2002.16	0.00	6.43	870.00
	2002.17	0.00	6.43	870.00
	2002.18	0.00	6.42	876.00
	2002.19	0.00	6.41	879.00
	2002.20	0.00	6.41	882.00
	2002.21	0.00	6.36	878.00
	2002.22	0.00	6.77	929.00
	2002.24	0.00	6.80	929.00
	2002.25	0.00	6.83	934.00
	2002.26	0.00	6.80	933.00
	2002.27	0.00	6.80	934.00
	2002.28	0.00	6.81	932.00
	2002.29	0.00	6.82	924.00
	2002.31	0.00	6.85	913.00
	2002.32	0.00	6.95	896.00
	2002.33	0.00	7.03	891.00
	2002.34	0.00	7.05	879.00
	2002.35	0.00	6.67	821.00
	2002.36	0.00	6.74	806.00
	2002.38	0.00	6.82	789.00
	2002.39	0.00	6.88	775.00
	2002.40	0.00	6.93	764.00
	2002.41	0.00	6.97	751.00
	2002.42	0.00	7.03	745.00
	2002.43	0.00	7.06	739.00
	2002.44	0.00	7.08	735.00
	2002.46	0.00	7.05	727.00
	2002.47	0.00	7.53	774.00
	2002.48	0.00	7.55	776.00
	2002.49	0.00	7.53	772.00
	2002.50	0.00	7.41	758.00
	2002.51	0.00	7.33	747.00
	2002.53	0.00	7.28	748.00
	2002.54	0.00	7.25	760.00
	2002.55	0.00	7.23	797.00
	2002.56	0.00	7.21	831.00
	2002.57	0.00	7.19	861.00
	2002.58	0.00	7.20	882.00
	2002.59	0.00	7.24	899.00
	2002.61	0.00	7.29	905.00
	2002.62	0.00	7.34	903.00
	2002.63	0.00	7.41	898.00
	2002.64	0.00	7.56	890.00
	2002.65	0.00	7.68	868.00
	2002.66	0.00	7.83	840.00
	2002.68	0.00	7.97	826.00
	2002.69	0.00	8.04	799.00
	2002.70	0.00	8.72	825.00
	2002.71	0.00	8.56	750.00
	2002.72	0.00	8.75	756.00
	2002.73	0.00	8.82	760.00
	2002.75	0.00	8.87	764.00
	2002.76	0.00	8.89	763.00
	2002.77	0.00	8.90	763.00
	2002.78	0.00	8.97	765.00
	2002.79	0.00	8.94	759.00
	2002.80	0.00	8.89	748.00
	2002.81	0.00	8.70	726.00
	2002.83	0.00	8.32	683.00
	2002.84	0.00	7.95	645.00
	2002.85	0.00	6.77	563.00
	2002.86	0.00	6.49	536.00
	2002.87	0.00	7.32	573.00
	2002.88	0.00	5.69	468.00
	2002.90	0.00	5.71	466.00
	2002.91	0.00	5.72	465.00
	2002.92	0.00	5.73	468.00
	2002.93	0.00	5.72	470.00
	2002.94	0.00	5.83	476.00
	2002.95	0.00	5.85	475.00
	2002.96	0.00	5.85	477.00
	2002.97	0.00	5.85	477.00
	2002.99	0.00	5.84	478.00
	2003.00	0.00	5.84	478.00
	2003.01	0.00	5.85	479.00
	2003.02	0.00	5.85	479.00
	2003.03	0.00	5.85	479.00
	2003.05	0.00	5.84	479.00
	2003.06	0.00	5.86	478.00
	2003.07	0.00	5.80	480.00
	2003.08	0.00	5.82	479.00
	2003.09	0.00	5.77	477.00
	2003.10	0.00	5.80	477.00
	2003.11	0.00	5.79	476.00
	2003.13	0.00	5.81	477.00
	2003.14	0.00	5.78	477.00
	2003.15	0.00	5.79	477.00
	2003.16	0.00	5.79	477.00
	2003.17	0.00	5.77	476.00
	2003.18	0.00	5.76	476.00
	2003.19	0.00	5.79	475.00
	2003.20	0.00	5.70	470.00
	2003.22	0.00	5.70	468.00
	2003.23	0.00	5.72	466.00
	2003.24	0.00	5.74	466.00
	2003.25	0.00	5.72	466.00
	2003.26	0.00	5.70	464.00
	2003.27	0.00	5.74	468.00
	2003.29	0.00	5.74	467.00
	2003.30	0.00	5.76	467.00
	2003.31	0.00	5.74	467.00
	2003.32	0.00	5.77	473.00
	2003.33	0.00	5.74	477.00
	2003.34	0.00	5.71	494.00
	2003.35	0.00	5.61	553.00
	2003.36	0.00	5.46	646.00
	2003.38	0.00	5.33	755.00
	2003.39	0.00	5.30	810.00
	2003.40	0.00	5.25	837.00
	2003.41	0.00	5.23	864.00
	2003.42	0.00	5.22	886.00
	2003.44	0.00	5.22	898.00
	2003.45	0.00	5.20	924.00
	2003.46	0.00	5.59	1003.00
	2003.47	0.00	6.07	1074.00
	2003.48	0.00	6.10	1081.00
	2003.49	0.00	6.13	1074.00
	2003.51	0.00	6.17	1058.00
	2003.52	0.00	6.23	1034.00
	2003.53	0.00	6.25	994.00
	2003.54	0.00	6.40	970.00
	2003.55	0.00	6.51	933.00
	2003.56	0.00	6.60	896.00
	2003.57	0.00	6.67	859.00
	2003.59	0.00	6.73	830.00
	2003.60	0.00	6.77	804.00
	2003.61	0.00	6.81	781.00
	2003.62	0.00	6.83	765.00
	2003.63	0.00	6.82	756.00
	2003.64	0.00	6.86	753.00
	2003.66	0.00	6.89	750.00
	2003.67	0.00	6.90	744.00
	2003.68	0.00	6.87	732.00
	2003.69	0.00	6.90	731.00
	2003.70	0.00	6.89	727.00
	2003.71	0.00	6.91	728.00
	2003.72	0.00	6.92	731.00
	2003.74	0.00	6.92	737.00
	2003.75	0.00	6.85	747.00
	2003.76	0.00	6.85	760.00
	2003.77	0.00	6.88	768.00
	2003.78	0.00	6.98	777.00
	2003.79	0.00	7.02	770.00
	2003.81	0.00	7.08	756.00
	2003.82	0.00	7.18	746.00
	2003.83	0.00	7.25	741.00
	2003.84	0.00	8.10	786.00
	2003.85	0.00	7.86	721.00
	2003.86	0.00	8.02	729.00
	2003.88	0.00	8.01	738.00
	2003.89	0.00	8.06	735.00
	2003.90	0.00	8.15	736.00
	2003.91	0.00	8.23	727.00
	2003.92	0.00	8.36	733.00
	2003.93	0.00	8.46	727.00
	2003.94	0.00	8.47	723.00
	2003.96	0.00	8.51	721.00
	2003.97	0.00	8.55	712.00
	2003.98	0.00	8.56	704.00
	2003.99	0.00	8.55	702.00
	2004.00	0.00	8.36	682.00
	2004.01	0.00	8.10	652.00
	2004.03	0.00	7.91	628.00
	2004.04	0.00	7.80	610.00
	2004.05	0.00	7.21	550.00
	2004.06	0.00	7.01	535.00
	2004.07	0.00	6.83	524.00
	2004.08	0.00	5.74	477.00
	2004.09	0.00	5.75	480.00
	2004.11	0.00	5.77	483.00
	2004.12	0.00	5.79	484.00
	2004.13	0.00	5.78	483.00
	2004.14	0.00	5.79	483.00
	2004.15	0.00	5.80	485.00
	2004.16	0.00	5.81	487.00
	2004.18	0.00	5.79	486.00
	2004.19	0.00	5.75	485.00
	2004.20	0.00	5.75	484.00
	2004.21	0.00	5.75	484.00
	2004.22	0.00	5.74	483.00
	2004.23	0.00	5.73	484.00
	2004.24	0.00	5.75	486.00
	2004.26	0.00	5.75	486.00
	2004.27	0.00	5.74	485.00
	2004.28	0.00	5.75	482.00
	2004.29	0.00	5.67	478.00
	2004.30	0.00	5.69	476.00
	2004.31	0.00	5.69	472.00
	2004.32	0.00	5.70	471.00
	2004.34	0.00	5.69	470.00
	2004.35	0.00	5.71	471.00
	2004.36	0.00	5.71	472.00
	2004.37	0.00	5.74	473.00
	2004.38	0.00	5.72	471.00
	2004.39	0.00	5.71	471.00
	2004.41	0.00	5.69	472.00
	2004.42	0.00	5.70	472.00
	2004.43	0.00	5.71	471.00
	2004.44	0.00	5.72	472.00
	2004.45	0.00	5.72	472.00
	2004.46	0.00	5.76	473.00
	2004.47	0.00	5.76	473.00
	2004.48	0.00	5.76	473.00
	2004.50	0.00	5.74	472.00
	2004.51	0.00	5.75	472.00
	2004.52	0.00	5.75	473.00
	2004.53	0.00	5.74	482.00
	2004.54	0.00	5.62	528.00
	2004.55	0.00	5.36	683.00
	2004.57	0.00	5.18	876.00
	2004.58	0.00	5.09	989.00
	2004.59	0.00	5.07	1017.00
	2004.60	0.00	5.09	1021.00
	2004.61	0.00	5.10	1028.00
	2004.62	0.00	5.54	1120.00
	2004.64	0.00	5.57	1131.00
	2004.65	0.00	5.66	1134.00
	2004.66	0.00	5.72	1124.00
	2004.67	0.00	5.78	1104.00
	2004.68	0.00	5.85	1085.00
	2004.69	0.00	5.89	1060.00
	2004.70	0.00	5.93	1032.00
	2004.72	0.00	5.93	990.00
	2004.73	0.00	6.04	962.00
	2004.74	0.00	6.52	970.00
	2004.75	0.00	6.59	929.00
	2004.76	0.00	6.65	887.00
	2004.77	0.00	6.73	848.00
	2004.79	0.00	6.79	810.00
	2004.80	0.00	6.88	775.00
	2004.81	0.00	6.94	751.00
	2004.82	0.00	6.99	733.00
	2004.83	0.00	6.98	713.00
	2004.84	0.00	7.01	699.00
	2004.85	0.00	7.01	690.00
	2004.87	0.00	7.02	682.00
	2004.88	0.00	7.03	676.00
	2004.89	0.00	7.05	674.00
	2004.90	0.00	7.08	669.00
	2004.91	0.00	7.10	670.00
	2004.93	0.00	7.23	667.00
	2004.94	0.00	7.27	670.00
	2004.95	0.00	7.25	674.00
	2004.96	0.00	7.23	683.00
	2004.97	0.00	7.24	677.00
	2004.98	0.00	7.28	669.00
	2005.00	0.00	7.28	683.00
	2005.01	0.00	7.34	685.00
	2005.02	0.00	7.36	686.00
	2005.03	0.00	6.97	628.00
	2005.04	0.00	7.01	631.00
	2005.05	0.00	6.98	643.00
	2005.06	0.00	7.06	637.00
	2005.07	0.00	7.12	636.00
	2005.09	0.00	7.95	687.00
	2005.10	0.00	7.99	688.00
	2005.11	0.00	8.06	694.00
	2005.12	0.00	8.09	696.00
	2005.13	0.00	8.11	698.00
	2005.15	0.00	8.11	702.00
	2005.16	0.00	8.17	706.00
	2005.17	0.00	8.09	694.00
	2005.18	0.00	7.98	681.00
	2005.19	0.00	7.94	665.00
	2005.20	0.00	6.91	596.00
	2005.21	0.00	6.70	570.00
	2005.23	0.00	6.51	550.00
	2005.24	0.00	6.35	534.00
	2005.25	0.00	5.68	477.00
	2005.26	0.00	5.70	476.00
	2005.27	0.00	5.72	475.00
	2005.28	0.00	5.70	481.00
	2005.30	0.00	5.74	486.00
	2005.31	0.00	5.75	488.00
	2005.32	0.00	5.78	486.00
	2005.33	0.00	5.71	485.00
	2005.34	0.00	5.70	484.00
	2005.35	0.00	5.70	487.00
	2005.36	0.00	5.71	487.00
	2005.38	0.00	5.67	488.00
	2005.39	0.00	5.68	490.00
	2005.40	0.00	5.69	490.00
	2005.41	0.00	5.68	489.00
	2005.42	0.00	5.68	488.00
	2005.43	0.00	5.71	488.00
	2005.44	0.00	5.60	481.00
	2005.46	0.00	5.63	479.00
	2005.47	0.00	5.65	476.00
	2005.48	0.00	5.65	475.00
	2005.49	0.00	5.68	474.00
	2005.50	0.00	5.70	474.00
	2005.51	0.00	5.69	473.00
	2005.53	0.00	5.69	473.00
	2005.54	0.00	5.69	471.00
	2005.55	0.00	5.69	472.00
	2005.56	0.00	5.70	472.00
	2005.57	0.00	5.74	473.00
	2005.58	0.00	5.72	474.00
	2005.59	0.00	5.72	473.00
	2005.61	0.00	5.72	474.00
	2005.62	0.00	5.72	473.00
	2005.63	0.00	5.73	472.00
	2005.64	0.00	5.78	475.00
	2005.65	0.00	5.76	472.00
	2005.66	0.00	5.77	477.00
	2005.68	0.00	5.74	477.00
	2005.69	0.00	5.74	476.00
	2005.70	0.00	5.75	477.00
	2005.71	0.00	5.76	477.00
	2005.72	0.00	5.74	480.00
	2005.73	0.00	5.70	497.00
	2005.74	0.00	5.60	531.00
	2005.76	0.00	5.46	619.00
	2005.77	0.00	5.31	747.00
	2005.78	0.00	5.22	848.00
	2005.79	0.00	5.19	883.00
	2005.80	0.00	5.21	915.00
	2005.81	0.00	5.23	912.00
	2005.82	0.00	5.20	922.00
	2005.84	0.00	5.17	951.00
	2005.85	0.00	5.21	977.00
	2005.86	0.00	5.23	979.00
	2005.87	0.00	5.22	978.00
	2005.88	0.00	5.75	1026.00
	2005.89	0.00	6.18	1071.00
	2005.91	0.00	6.27	1062.00
	2005.92	0.00	6.36	1042.00
	2005.93	0.00	6.44	1015.00
	2005.94	0.00	7.16	1033.00
	2005.95	0.00	7.28	994.00
	2005.96	0.00	7.35	948.00
	2005.98	0.00	7.43	911.00
	2005.99	0.00	7.50	869.00
	2006.00	0.00	6.84	783.00
	2006.01	0.00	6.89	753.00
	2006.02	0.00	6.93	728.00
	2006.03	0.00	6.92	710.00
	2006.04	0.00	6.52	645.00
	2006.06	0.00	6.53	633.00
	2006.07	0.00	6.56	626.00
	2006.08	0.00	6.57	623.00
	2006.09	0.00	7.08	683.00
	2006.10	0.00	7.09	680.00
	2006.11	0.00	7.10	681.00
	2006.13	0.00	7.13	685.00
	2006.14	0.00	7.16	690.00
	2006.15	0.00	7.19	700.00
	2006.16	0.00	7.22	709.00
	2006.17	0.00	7.27	721.00
	2006.18	0.00	7.23	723.00
	2006.19	0.00	7.24	726.00
	2006.21	0.00	7.26	733.00
	2006.22	0.00	7.29	737.00
	2006.23	0.00	8.05	796.00
	2006.24	0.00	8.10	799.00
	2006.25	0.00	8.13	805.00
	2006.26	0.00	8.17	808.00
	2006.28	0.00	8.36	803.00
	2006.29	0.00	8.43	811.00
	2006.30	0.00	8.41	796.00
	2006.31	0.00	8.38	749.00
	2006.32	0.00	8.45	747.00
	2006.33	0.00	8.59	762.00
	2006.34	0.00	8.68	752.00
	2006.36	0.00	8.75	752.00
	2006.37	0.00	8.77	751.00
	2006.38	0.00	8.85	753.00
	2006.39	0.00	8.97	755.00
	2006.40	0.00	8.96	753.00
	2006.42	0.00	8.88	742.00
	2006.43	0.00	8.80	729.00
	2006.44	0.00	8.75	713.00
	2006.45	0.00	8.55	685.00
	2006.46	0.00	8.35	658.00
	2006.47	0.00	8.15	639.00
	2006.48	0.00	7.99	620.00
	2006.50	0.00	7.21	551.00
	2006.51	0.00	6.86	532.00
	2006.52	0.00	5.69	479.00
	2006.53	0.00	5.70	482.00
	2006.54	0.00	5.72	486.00
	2006.55	0.00	5.74	486.00
	2006.56	0.00	5.76	483.00
	2006.58	0.00	5.71	483.00
	2006.59	0.00	5.66	478.00
	2006.60	0.00	5.67	476.00
	2006.61	0.00	5.68	473.00
	2006.62	0.00	5.70	473.00
	2006.63	0.00	5.69	476.00
	2006.65	0.00	5.65	474.00
	2006.66	0.00	5.62	475.00
	2006.67	0.00	5.60	474.00
	2006.68	0.00	5.70	474.00
	2006.69	0.00	5.60	474.00
	2006.70	0.00	5.61	474.00
	2006.71	0.00	5.63	472.00
	2006.72	0.00	5.63	475.00
	2006.74	0.00	5.72	474.00
	2006.75	0.00	5.63	475.00
	2006.76	0.00	5.66	475.00
	2006.77	0.00	5.76	476.00
	2006.78	0.00	5.77	476.00
	2006.80	0.00	5.73	475.00
	2006.81	0.00	5.77	477.00
	2006.82	0.00	5.77	477.00
	2006.83	0.00	5.78	476.00
	2006.84	0.00	5.78	477.00
	2006.85	0.00	5.76	477.00
	2006.86	0.00	5.76	476.00
	2006.88	0.00	5.77	475.00
	2006.89	0.00	5.78	477.00
	2006.90	0.00	5.76	475.00
	2006.91	0.00	5.74	475.00
	2006.92	0.00	5.81	478.00
	2006.93	0.00	5.81	478.00
	2006.94	0.00	5.81	478.00
	2006.96	0.00	5.80	485.00
	2006.97	0.00	5.79	485.00
	2006.98	0.00	5.75	499.00
	2006.99	0.00	5.74	508.00
	2007.00	0.00	5.65	535.00
	2007.01	0.00	5.52	618.00
	2007.03	0.00	5.37	739.00
	2007.04	0.00	5.29	833.00
	2007.05	0.00	5.26	886.00
	2007.06	0.00	5.21	949.00
	2007.07	0.00	5.64	1040.00
	2007.08	0.00	5.75	1079.00
	2007.09	0.00	5.77	1090.00
	2007.11	0.00	5.82	1109.00
	2007.12	0.00	5.82	1120.00
	2007.13	0.00	5.85	1124.00
	2007.14	0.00	5.84	1122.00
	2007.15	0.00	5.84	1120.00
	2007.16	0.00	5.83	1118.00
	2007.18	0.00	5.81	1112.00
	2007.19	0.00	5.79	1101.00
	2007.20	0.00	5.78	1087.00
	2007.21	0.00	5.74	1068.00
	2007.22	0.00	6.11	1092.00
	2007.23	0.00	6.14	1074.00
	2007.25	0.00	5.82	1005.00
	2007.26	0.00	5.88	994.00
	2007.27	0.00	5.94	982.00
	2007.28	0.00	5.99	973.00
	2007.29	0.00	6.40	1020.00
	2007.30	0.00	6.49	1019.00
	2007.31	0.00	6.57	1020.00
	2007.33	0.00	6.57	1019.00
	2007.34	0.00	6.63	1021.00
	2007.35	0.00	6.47	1012.00
	2007.36	0.00	6.54	1012.00
	2007.37	0.00	6.56	1002.00
	2007.39	0.00	6.61	995.00
	2007.40	0.00	6.70	989.00
	2007.41	0.00	6.77	978.00
	2007.42	0.00	6.83	956.00
	2007.43	0.00	6.95	939.00
	2007.44	0.00	7.04	917.00
	2007.45	0.00	7.17	904.00
	2007.46	0.00	7.98	930.00
	2007.48	0.00	8.08	913.00
	2007.49	0.00	8.32	887.00
	2007.50	0.00	8.24	830.00
	2007.51	0.00	8.41	820.00
	2007.52	0.00	8.48	815.00
	2007.54	0.00	8.63	813.00
	2007.55	0.00	8.85	808.00
	2007.56	0.00	8.86	820.00
	2007.57	0.00	8.99	819.00
	2007.58	0.00	9.04	807.00
	2007.59	0.00	9.10	807.00
	2007.60	0.00	9.11	810.00
	2007.62	0.00	9.19	802.00
	2007.63	0.00	9.16	796.00
	2007.64	0.00	9.10	781.00
	2007.65	0.00	8.84	750.00
	2007.66	0.00	8.47	706.00
	2007.67	0.00	8.12	665.00
	2007.69	0.00	7.90	634.00
	2007.70	0.00	7.69	611.00
	2007.71	0.00	7.66	597.00
	2007.72	0.00	6.85	527.00
	2007.73	0.00	6.74	522.00
	2007.74	0.00	5.71	475.00
	2007.75	0.00	5.68	479.00
	2007.77	0.00	5.63	476.00
	2007.78	0.00	5.65	473.00
	2007.79	0.00	5.68	469.00
	2007.80	0.00	5.69	469.00
	2007.81	0.00	5.70	469.00
	2007.82	0.00	5.70	469.00
	2007.83	0.00	5.71	469.00
	2007.85	0.00	5.71	469.00
	2007.86	0.00	5.71	469.00
	2007.87	0.00	5.70	468.00
	2007.88	0.00	5.70	467.00
	2007.89	0.00	5.70	466.00
	2007.90	0.00	5.70	465.00
	2007.92	0.00	5.69	466.00
	2007.93	0.00	5.71	467.00
	2007.94	0.00	5.69	467.00
	2007.95	0.00	5.79	470.00
	2007.96	0.00	5.80	469.00
	2007.97	0.00	5.79	473.00
	2007.98	0.00	5.77	472.00
	2008.00	0.00	5.77	471.00
	2008.01	0.00	5.79	472.00
	2008.02	0.00	5.78	471.00
	2008.03	0.00	5.78	473.00
	2008.04	0.00	5.78	471.00
	2008.05	0.00	5.77	472.00
	2008.07	0.00	5.76	470.00
	2008.08	0.00	5.83	474.00
	2008.09	0.00	5.83	473.00
	2008.10	0.00	5.85	474.00
	2008.11	0.00	5.82	477.00
	2008.12	0.00	5.81	477.00
	2008.13	0.00	5.80	476.00
	2008.15	0.00	5.82	477.00
	2008.16	0.00	5.83	478.00
	2008.17	0.00	5.80	476.00
	2008.18	0.00	5.83	479.00
	2008.19	0.00	5.79	488.00
	2008.20	0.00	5.74	515.00
	2008.21	0.00	5.55	606.00
	2008.23	0.00	5.33	758.00
	2008.24	0.00	5.22	885.00
	2008.25	0.00	5.20	929.00
	2008.26	0.00	5.17	969.00
	2008.27	0.00	5.18	979.00
	2008.28	0.00	5.16	992.00
	2008.30	0.00	5.18	1014.00
	2008.31	0.00	5.57	1091.00
	2008.32	0.00	5.61	1126.00
	2008.33	0.00	5.62	1136.00
	2008.34	0.00	5.63	1134.00
	2008.35	0.00	5.65	1131.00
	2008.37	0.00	6.10	1170.00
	2008.38	0.00	6.16	1156.00
	2008.39	0.00	6.21	1131.00
	2008.40	0.00	6.17	1084.00
	2008.41	0.00	6.28	1070.00
	2008.42	0.00	6.37	1045.00
	2008.44	0.00	6.42	1017.00
	2008.45	0.00	6.45	993.00
	2008.46	0.00	6.49	963.00
	2008.47	0.00	6.05	881.00
	2008.48	0.00	6.11	857.00
	2008.49	0.00	6.18	838.00
	2008.51	0.00	6.22	817.00
	2008.52	0.00	6.28	803.00
	2008.53	0.00	6.30	792.00
	2008.54	0.00	6.31	789.00
	2008.55	0.00	6.33	793.00
	2008.56	0.00	6.36	800.00
	2008.57	0.00	6.35	800.00
	2008.59	0.00	6.35	805.00
	2008.60	0.00	6.35	804.00
	2008.61	0.00	6.36	809.00
	2008.62	0.00	6.36	812.00
	2008.63	0.00	6.35	810.00
	2008.64	0.00	6.33	807.00
	2008.66	0.00	6.81	855.00
	2008.67	0.00	6.84	844.00
	2008.68	0.00	6.94	834.00
	2008.69	0.00	7.02	812.00
	2008.70	0.00	7.14	792.00
	2008.71	0.00	7.28	788.00
	2008.72	0.00	7.36	771.00
	2008.74	0.00	7.46	766.00
	2008.75	0.00	8.27	783.00
	2008.76	0.00	8.37	786.00
	2008.77	0.00	8.03	719.00
	2008.78	0.00	8.11	722.00
	2008.80	0.00	8.27	725.00
	2008.81	0.00	8.26	718.00
	2008.82	0.00	8.24	715.00
	2008.83	0.00	8.26	713.00
	2008.84	0.00	8.22	704.00
	2008.85	0.00	8.15	694.00
	2008.86	0.00	8.13	679.00
	2008.88	0.00	7.93	651.00
	2008.89	0.00	7.76	630.00
	2008.90	0.00	7.63	611.00
	2008.91	0.00	7.53	593.00
	2008.92	0.00	5.69	472.00
	2008.93	0.00	5.69	472.00
	2008.94	0.00	5.70	471.00
	2008.96	0.00	5.59	472.00
	2008.97	0.00	5.63	480.00
	2008.98	0.00	5.67	475.00
	2008.99	0.00	5.69	475.00
	2009.00	0.00	5.68	473.00
	2009.02	0.00	5.69	472.00
	2009.03	0.00	5.69	473.00
	2009.04	0.00	5.70	475.00
	2009.05	0.00	5.71	477.00
	2009.06	0.00	5.69	476.00
	2009.07	0.00	5.69	476.00
	2009.08	0.00	5.69	476.00
	2009.09	0.00	5.70	474.00
	2009.11	0.00	5.71	473.00
	2009.12	0.00	5.70	476.00
	2009.13	0.00	5.71	475.00
	2009.14	0.00	5.73	472.00
	2009.15	0.00	5.79	476.00
	2009.16	0.00	5.80	473.00
	2009.18	0.00	5.78	476.00
	2009.19	0.00	5.78	475.00
	2009.20	0.00	5.80	476.00
	2009.21	0.00	5.79	474.00
	2009.22	0.00	5.79	474.00
	2009.23	0.00	5.80	474.00
	2009.24	0.00	5.81	472.00
	2009.26	0.00	5.81	471.00
	2009.27	0.00	5.80	473.00
	2009.28	0.00	5.80	473.00
	2009.29	0.00	5.80	473.00
	2009.30	0.00	5.79	472.00
	2009.31	0.00	5.86	477.00
	2009.32	0.00	5.86	477.00
	2009.34	0.00	5.86	475.00
	2009.35	0.00	5.87	480.00
	2009.36	0.00	5.85	480.00
	2009.37	0.00	5.85	479.00
	2009.38	0.00	5.85	481.00
	2009.40	0.00	5.85	480.00
	2009.41	0.00	5.84	481.00
	2009.42	0.00	5.84	480.00
	2009.43	0.00	5.85	478.00
	2009.44	0.00	5.80	497.00
	2009.45	0.00	5.69	535.00
	2009.46	0.00	5.50	642.00
	2009.47	0.00	5.23	834.00
	2009.49	0.00	5.08	999.00
	2009.50	0.00	5.06	1083.00
	2009.51	0.00	5.04	1124.00
	2009.52	0.00	5.06	1150.00
	2009.53	0.00	5.06	1165.00
	2009.54	0.00	5.07	1180.00
	2009.56	0.00	5.09	1188.00
	2009.57	0.00	5.16	1190.00
	2009.58	0.00	5.59	1238.00
	2009.59	0.00	5.65	1224.00
	2009.60	0.00	5.64	1202.00
	2009.61	0.00	5.71	1190.00
	2009.63	0.00	5.72	1160.00
	2009.64	0.00	5.76	1121.00
	2009.65	0.00	5.80	1082.00
	2009.66	0.00	5.85	1044.00
	2009.67	0.00	5.89	1005.00
	2009.68	0.00	5.98	970.00
	2009.70	0.00	6.08	937.00
	2009.71	0.00	6.16	905.00
	2009.72	0.00	6.24	867.00
	2009.73	0.00	6.36	850.00
	2009.74	0.00	6.43	837.00
	2009.75	0.00	6.52	818.00
	2009.77	0.00	6.59	805.00
	2009.78	0.00	6.63	796.00
	2009.79	0.00	6.72	796.00
	2009.80	0.00	6.78	794.00
	2009.81	0.00	6.83	792.00
	2009.82	0.00	6.89	792.00
	2009.83	0.00	6.94	791.00
	2009.85	0.00	6.95	788.00
	2009.86	0.00	6.98	784.00
	2009.87	0.00	6.95	778.00
	2009.88	0.00	6.95	770.00
	2009.89	0.00	6.92	755.00
	2009.91	0.00	6.86	741.00
	2009.92	0.00	6.78	730.00
	2009.93	0.00	7.17	763.00
	2009.94	0.00	7.22	763.00
	2009.95	0.00	7.42	764.00
	2009.96	0.00	7.73	765.00
	2009.97	0.00	8.47	824.00
	2009.99	0.00	8.31	781.00
	2010.00	0.00	8.09	719.00
	2010.01	0.00	8.17	727.00
	2010.02	0.00	8.24	731.00
	2010.03	0.00	8.38	733.00
	2010.04	0.00	8.41	733.00
	2010.06	0.00	8.44	731.00
	2010.07	0.00	8.39	723.00
	2010.08	0.00	8.29	718.00
	2010.09	0.00	8.12	696.00
	2010.10	0.00	7.99	681.00
	2010.11	0.00	7.87	655.00
	2010.13	0.00	7.92	644.00
	2010.14	0.00	7.32	572.00
	2010.15	0.00	7.25	558.00
	2010.16	0.00	7.01	538.00
	2010.17	0.00	6.74	523.00
	2010.18	0.00	5.68	479.00
	2010.19	0.00	5.71	482.00
	2010.21	0.00	5.71	488.00
	2010.22	0.00	5.74	488.00
	2010.23	0.00	5.74	483.00
	2010.24	0.00	5.78	481.00
	2010.25	0.00	5.69	473.00
	2010.26	0.00	5.69	470.00
	2010.27	0.00	5.72	470.00
	2010.29	0.00	5.72	472.00
	2010.30	0.00	5.74	472.00
	2010.31	0.00	5.74	472.00
	2010.32	0.00	5.76	474.00
	2010.33	0.00	5.77	472.00
	2010.34	0.00	5.79	473.00
	2010.35	0.00	5.80	472.00
	2010.37	0.00	5.80	470.00
	2010.38	0.00	5.82	474.00
	2010.39	0.00	5.81	474.00
	2010.40	0.00	5.81	476.00
	2010.41	0.00	5.80	476.00
	2010.43	0.00	5.81	473.00
	2010.44	0.00	5.82	472.00
	2010.45	0.00	5.82	472.00
	2010.46	0.00	5.82	471.00
	2010.47	0.00	5.81	471.00
	2010.48	0.00	5.83	470.00
	2010.49	0.00	5.83	470.00
	2010.51	0.00	5.83	472.00
	2010.52	0.00	5.83	471.00
	2010.53	0.00	5.84	468.00
	2010.54	0.00	5.83	471.00
	2010.55	0.00	5.83	471.00
	2010.56	0.00	5.84	468.00
	2010.57	0.00	5.84	469.00
	2010.59	0.00	5.84	469.00
	2010.60	0.00	5.84	468.00
	2010.61	0.00	5.83	469.00
	2010.62	0.00	5.82	463.00
	2010.63	0.00	5.83	469.00
	2010.64	0.00	5.80	471.00
	2010.66	0.00	5.76	490.00
	2010.67	0.00	5.65	572.00
	2010.68	0.00	5.01	949.00
	2010.69	0.00	5.03	1147.00
	2010.70	0.00	5.04	1196.00
	2010.71	0.00	5.09	1173.00
	2010.72	0.00	5.14	1149.00
	2010.74	0.00	5.14	1163.00
	2010.75	0.00	5.14	1197.00
	2010.76	0.00	5.46	1267.00
	2010.77	0.00	5.47	1268.00
	2010.78	0.00	5.49	1261.00
	2010.80	0.00	5.47	1246.00
	2010.81	0.00	5.83	1275.00
	2010.82	0.00	5.88	1254.00
	2010.83	0.00	5.94	1228.00
	2010.84	0.00	5.99	1192.00
	2010.85	0.00	5.70	1100.00
	2010.86	0.00	5.78	1061.00
	2010.88	0.00	5.90	1024.00
	2010.89	0.00	5.99	987.00
	2010.90	0.00	6.08	948.00
	2010.91	0.00	6.19	912.00
	2010.92	0.00	6.27	867.00
	2010.93	0.00	6.35	838.00
	2010.94	0.00	6.42	806.00
	2010.96	0.00	6.55	785.00
	2010.97	0.00	6.64	762.00
	2010.98	0.00	6.69	734.00
	2010.99	0.00	6.77	708.00
	2011.00	0.00	7.70	743.00
	2011.02	0.00	7.73	746.00
	2011.03	0.00	7.80	742.00
	2011.04	0.00	7.94	743.00
	2011.05	0.00	8.04	747.00
	2011.06	0.00	8.11	748.00
	2011.07	0.00	8.19	751.00
	2011.08	0.00	8.31	759.00
	2011.10	0.00	8.41	781.00
	2011.11	0.00	8.56	772.00
	2011.12	0.00	8.77	789.00
	2011.13	0.00	8.80	803.00
	2011.14	0.00	8.98	801.00
	2011.15	0.00	9.14	797.00
	2011.16	0.00	9.24	808.00
	2011.18	0.00	9.31	807.00
	2011.19	0.00	9.38	805.00
	2011.20	0.00	9.39	801.00
	2011.21	0.00	9.30	788.00
	2011.22	0.00	9.08	757.00
	2011.23	0.00	8.72	716.00
	2011.25	0.00	8.24	665.00
	2011.26	0.00	8.04	638.00
	2011.27	0.00	7.91	614.00
	2011.28	0.00	6.67	536.00
	2011.29	0.00	6.37	517.00
	2011.30	0.00	5.70	474.00
	2011.31	0.00	5.68	485.00
	2011.33	0.00	5.62	485.00
	2011.34	0.00	5.62	487.00
	2011.35	0.00	5.65	486.00
	2011.36	0.00	5.67	482.00
	2011.37	0.00	5.67	479.00
	2011.38	0.00	5.69	479.00
	2011.40	0.00	5.70	481.00
	2011.41	0.00	5.71	481.00
	2011.42	0.00	5.70	480.00
	2011.43	0.00	5.71	483.00
	2011.44	0.00	5.73	481.00
	2011.45	0.00	5.63	475.00
	2011.46	0.00	5.66	475.00
	2011.47	0.00	5.65	474.00
	2011.49	0.00	5.66	471.00
	2011.50	0.00	5.68	466.00
	2011.51	0.00	5.68	466.00
	2011.52	0.00	5.68	465.00
	2011.53	0.00	5.68	466.00
	2011.54	0.00	5.68	466.00
	2011.56	0.00	5.70	466.00
	2011.57	0.00	5.69	466.00
	2011.58	0.00	5.68	469.00
	2011.59	0.00	5.71	466.00
	2011.60	0.00	5.70	464.00
	2011.61	0.00	5.72	462.00
	2011.63	0.00	5.73	459.00
	2011.64	0.00	5.72	457.00
	2011.65	0.00	5.71	459.00
	2011.66	0.00	5.73	458.00
	2011.67	0.00	5.75	459.00
	2011.68	0.00	5.74	462.00
	2011.69	0.00	5.76	455.00
	2011.71	0.00	5.76	457.00
	2011.72	0.00	5.76	457.00
	2011.73	0.00	5.75	458.00
	2011.74	0.00	5.76	460.00
	2011.75	0.00	5.77	459.00
	2011.76	0.00	5.74	478.00
	2011.78	0.00	5.61	533.00
	2011.79	0.00	5.30	743.00
	2011.80	0.00	5.08	979.00
	2011.81	0.00	5.08	1028.00
	2011.82	0.00	5.08	1019.00
	2011.83	0.00	5.14	1008.00
	2011.84	0.00	5.08	1006.00
	2011.86	0.00	5.08	1044.00
	2011.87	0.00	5.16	1101.00
	2011.88	0.00	5.12	1115.00
	2011.89	0.00	5.14	1133.00
	2011.90	0.00	5.13	1136.00
	2011.91	0.00	5.56	1184.00
	2011.93	0.00	5.56	1180.00
	2011.94	0.00	5.57	1172.00
	2011.95	0.00	5.61	1154.00
	2011.96	0.00	5.66	1126.00
	2011.97	0.00	5.73	1095.00
	2011.98	0.00	5.80	1060.00
	2012.00	0.00	5.86	1022.00
	2012.01	0.00	5.91	982.00
	2012.02	0.00	5.99	940.00
	2012.03	0.00	6.03	904.00
	2012.04	0.00	6.08	864.00
	2012.05	0.00	6.16	834.00
	2012.06	0.00	6.22	803.00
	2012.08	0.00	6.25	777.00
	2012.09	0.00	6.27	746.00
	2012.10	0.00	6.24	720.00
	2012.11	0.00	6.37	696.00
	2012.12	0.00	6.55	681.00
	2012.13	0.00	6.50	661.00
	2012.15	0.00	6.62	645.00
	2012.16	0.00	6.68	637.00
	2012.17	0.00	6.74	630.00
	2012.18	0.00	6.77	625.00
	2012.19	0.00	6.88	632.00
	2012.20	0.00	7.83	691.00
	2012.21	0.00	7.96	707.00
	2012.23	0.00	8.10	727.00
	2012.24	0.00	8.27	732.00
	2012.25	0.00	8.48	747.00
	2012.26	0.00	8.67	768.00
	2012.27	0.00	8.90	780.00
	2012.28	0.00	9.05	792.00
	2012.30	0.00	9.15	803.00
	2012.31	0.00	9.26	798.00
	2012.32	0.00	9.40	809.00
	2012.33	0.00	9.50	806.00
	2012.34	0.00	9.43	791.00
	2012.35	0.00	9.49	789.00
	2012.37	0.00	9.39	771.00
	2012.38	0.00	9.24	746.00
	2012.39	0.00	9.04	719.00
	2012.40	0.00	8.90	702.00
	2012.41	0.00	8.76	682.00
	2012.42	0.00	8.43	650.00
	2012.44	0.00	8.02	611.00
	2012.45	0.00	6.94	531.00
	2012.46	0.00	5.71	478.00
	2012.47	0.00	5.71	484.00
	2012.48	0.00	5.69	488.00
	2012.49	0.00	5.66	483.00
	2012.51	0.00	5.67	483.00
	2012.52	0.00	5.69	482.00
	2012.53	0.00	5.72	482.00
	2012.54	0.00	5.74	480.00
	2012.55	0.00	5.72	478.00
	2012.56	0.00	5.67	475.00
	2012.57	0.00	5.72	475.00
	2012.58	0.00	5.71	474.00
	2012.60	0.00	5.71	476.00
	2012.61	0.00	5.72	474.00
	2012.62	0.00	5.69	474.00
	2012.63	0.00	5.70	472.00
	2012.64	0.00	5.68	474.00
	2012.65	0.00	5.70	473.00
	2012.67	0.00	5.70	475.00
	2012.68	0.00	5.69	475.00
	2012.69	0.00	5.70	474.00
	2012.70	0.00	5.64	472.00
	2012.71	0.00	5.64	469.00
	2012.72	0.00	5.65	468.00
	2012.73	0.00	5.68	467.00
	2012.75	0.00	5.69	463.00
	2012.76	0.00	5.70	463.00
	2012.77	0.00	5.72	461.00
	2012.78	0.00	5.70	459.00
	2012.79	0.00	5.72	461.00
	2012.80	0.00	5.72	461.00
	2012.82	0.00	5.72	461.00
	2012.83	0.00	5.70	461.00
	2012.84	0.00	5.72	461.00
	2012.85	0.00	5.72	462.00
	2012.86	0.00	5.74	461.00
	2012.87	0.00	5.73	463.00
	2012.88	0.00	5.73	462.00
	2012.90	0.00	5.73	461.00
	2012.91	0.00	5.74	463.00
	2012.92	0.00	5.74	463.00
	2012.93	0.00	5.74	463.00
	2012.94	0.00	5.73	474.00
	2012.95	0.00	5.64	514.00
	2012.96	0.00	5.35	684.00
	2012.98	0.00	5.14	913.00
	2012.99	0.00	5.11	995.00
	2013.00	0.00	5.14	1006.00
	2013.01	0.00	5.17	981.00
	2013.02	0.00	5.17	975.00
	2013.04	0.00	5.17	1004.00
	2013.05	0.00	5.13	1068.00
	2013.06	0.00	5.13	1100.00
	2013.07	0.00	5.13	1111.00
	2013.08	0.00	5.13	1123.00
	2013.09	0.00	5.56	1178.00
	2013.10	0.00	5.58	1171.00
	2013.12	0.00	5.62	1160.00
	2013.13	0.00	5.66	1145.00
	2013.14	0.00	5.74	1119.00
	2013.15	0.00	5.83	1087.00
	2013.16	0.00	5.90	1057.00
	2013.17	0.00	5.96	1030.00
	2013.19	0.00	6.06	1008.00
	2013.20	0.00	6.12	981.00
	2013.21	0.00	6.19	951.00
	2013.22	0.00	6.27	918.00
	2013.23	0.00	6.33	891.00
	2013.24	0.00	6.42	864.00
	2013.26	0.00	6.49	843.00
	2013.27	0.00	7.33	863.00
	2013.28	0.00	7.49	839.00
	2013.29	0.00	7.53	801.00
	2013.30	0.00	7.68	775.00
	2013.31	0.00	7.81	753.00
	2013.32	0.00	7.97	735.00
	2013.34	0.00	7.98	719.00
	2013.35	0.00	8.10	717.00
	2013.36	0.00	8.10	709.00
	2013.37	0.00	8.14	706.00
	2013.38	0.00	8.22	711.00
	2013.39	0.00	8.26	711.00
	2013.41	0.00	8.28	709.00
	2013.42	0.00	8.36	708.00
	2013.43	0.00	8.44	719.00
	2013.44	0.00	8.46	725.00
	2013.45	0.00	8.50	719.00
	2013.46	0.00	8.70	717.00
	2013.47	0.00	8.78	713.00
	2013.49	0.00	8.94	723.00
	2013.50	0.00	9.01	729.00
	2013.51	0.00	9.06	729.00
	2013.52	0.00	9.10	730.00
	2013.53	0.00	9.06	724.00
	2013.54	0.00	8.96	711.00
	2013.56	0.00	8.93	703.00
	2013.57	0.00	8.76	683.00
	2013.58	0.00	8.68	675.00
	2013.59	0.00	8.48	655.00
	2013.60	0.00	8.24	629.00
	2013.61	0.00	8.09	612.00
	2013.63	0.00	7.73	585.00
	2013.64	0.00	6.80	523.00
	2013.65	0.00	5.71	475.00
	2013.66	0.00	5.74	480.00
	2013.67	0.00	5.74	487.00
	2013.68	0.00	5.74	489.00
	2013.69	0.00	5.74	487.00
	2013.70	0.00	5.74	487.00
	2013.72	0.00	5.74	485.00
	2013.73	0.00	5.77	481.00
	2013.74	0.00	5.76	482.00
	2013.75	0.00	5.78	483.00
	2013.76	0.00	5.80	482.00
	2013.77	0.00	5.75	483.00
	2013.79	0.00	5.76	482.00
	2013.80	0.00	5.76	482.00
	2013.81	0.00	5.76	482.00
	2013.82	0.00	5.77	480.00
	2013.83	0.00	5.77	480.00
	2013.84	0.00	5.77	481.00
	2013.85	0.00	5.76	483.00
	2013.87	0.00	5.77	481.00
	2013.88	0.00	5.76	481.00
	2013.89	0.00	5.76	481.00
	2013.90	0.00	5.78	480.00
	2013.91	0.00	5.77	476.00
	2013.92	0.00	5.69	475.00
	2013.94	0.00	5.70	473.00
	2013.95	0.00	5.72	473.00
	2013.96	0.00	5.72	473.00
	2013.97	0.00	5.72	472.00
	2013.98	0.00	5.72	472.00
	2013.99	0.00	5.74	470.00
	2014.01	0.00	5.74	472.00
	2014.02	0.00	5.75	472.00
	2014.03	0.00	5.75	472.00
	2014.04	0.00	5.76	472.00
	2014.05	0.00	5.75	472.00
	2014.06	0.00	5.76	472.00
	2014.07	0.00	5.77	469.00
	2014.08	0.00	5.78	466.00
	2014.10	0.00	5.77	469.00
	2014.11	0.00	5.74	465.00
	2014.12	0.00	5.78	466.00
	2014.13	0.00	5.77	468.00
	2014.14	0.00	5.77	471.00
	2014.15	0.00	5.73	490.00
	2014.17	0.00	5.56	572.00
	2014.18	0.00	5.28	753.00
	2014.19	0.00	5.14	943.00
	2014.20	0.00	5.13	994.00
	2014.21	0.00	5.11	1011.00
	2014.22	0.00	5.12	1013.00
	2014.23	0.00	5.13	1034.00
	2014.25	0.00	5.10	1070.00
	2014.26	0.00	5.09	1104.00
	2014.27	0.00	5.09	1103.00
	2014.28	0.00	5.09	1099.00
	2014.29	0.00	5.57	1138.00
	2014.31	0.00	5.65	1119.00
	2014.32	0.00	5.72	1102.00
	2014.33	0.00	5.81	1084.00
	2014.34	0.00	5.90	1065.00
	2014.35	0.00	5.99	1048.00
	2014.36	0.00	6.02	1031.00
	2014.38	0.00	6.09	1028.00
	2014.39	0.00	6.15	1013.00
	2014.40	0.00	6.21	989.00
	2014.41	0.00	6.34	964.00
	2014.42	0.00	6.36	938.00
	2014.43	0.00	6.54	915.00
	2014.44	0.00	6.63	890.00
	2014.46	0.00	6.77	865.00
	2014.47	0.00	6.87	832.00
	2014.48	0.00	6.99	797.00
	2014.49	0.00	7.83	815.00
	2014.50	0.00	7.99	785.00
	2014.51	0.00	8.13	761.00
	2014.53	0.00	8.23	747.00
	2014.54	0.00	8.33	745.00
	2014.55	0.00	8.47	747.00
	2014.56	0.00	8.56	752.00
	2014.57	0.00	8.57	752.00
	2014.58	0.00	8.60	755.00
	2014.59	0.00	8.66	755.00
	2014.61	0.00	8.77	758.00
	2014.62	0.00	8.81	762.00
	2014.63	0.00	8.89	769.00
	2014.64	0.00	8.90	770.00
	2014.65	0.00	8.97	775.00
	2014.66	0.00	9.04	768.00
	2014.68	0.00	9.13	762.00
	2014.69	0.00	9.12	762.00
	2014.70	0.00	9.20	765.00
	2014.71	0.00	9.30	776.00
	2014.72	0.00	9.32	774.00
	2014.73	0.00	9.33	774.00
	2014.75	0.00	9.20	767.00
	2014.76	0.00	9.19	756.00
	2014.77	0.00	9.05	739.00
	2014.78	0.00	8.94	722.00
	2014.79	0.00	8.77	703.00
	2014.80	0.00	8.57	681.00
	2014.81	0.00	8.40	658.00
	2014.83	0.00	8.21	637.00
	2014.84	0.00	7.99	613.00
	2014.85	0.00	7.70	587.00
	2014.86	0.00	7.44	575.00
	2014.87	0.00	6.48	524.00
	2014.88	0.00	6.46	521.00
	2014.90	0.00	5.68	470.00
	2014.91	0.00	5.62	475.00
	2014.92	0.00	5.67	476.00
	2014.93	0.00	5.69	477.00
	2014.94	0.00	5.71	477.00
	2014.95	0.00	5.72	474.00
	2014.96	0.00	5.72	474.00
	2014.98	0.00	5.74	473.00
	2014.99	0.00	5.75	471.00
	2015.00	0.00	5.75	471.00
	2015.01	0.00	5.75	471.00
	2015.02	0.00	5.75	469.00
	2015.03	0.00	5.78	469.00
	2015.05	0.00	5.71	468.00
	2015.06	0.00	5.73	466.00
	2015.07	0.00	5.72	466.00
	2015.08	0.00	5.73	466.00
	2015.09	0.00	5.71	470.00
	2015.10	0.00	5.72	469.00
	2015.11	0.00	5.73	469.00
	2015.13	0.00	5.73	469.00
	2015.14	0.00	5.72	468.00
	2015.15	0.00	5.74	467.00
	2015.16	0.00	5.75	464.00
	2015.17	0.00	5.75	466.00
	2015.18	0.00	5.75	465.00
	2015.19	0.00	5.73	463.00
	2015.21	0.00	5.72	464.00
	2015.22	0.00	5.70	462.00
	2015.23	0.00	5.70	463.00
	2015.24	0.00	5.71	460.00
	2015.25	0.00	5.72	460.00
	2015.26	0.00	5.73	460.00
	2015.28	0.00	5.73	460.00
	2015.29	0.00	5.74	460.00
	2015.30	0.00	5.74	459.00
	2015.31	0.00	5.74	459.00
	2015.32	0.00	5.74	459.00
	2015.33	0.00	5.72	460.00
	2015.34	0.00	5.74	460.00
	2015.36	0.00	5.73	461.00
	2015.37	0.00	5.75	462.00
	2015.38	0.00	5.77	460.00
	2015.39	0.00	5.78	459.00
	2015.40	0.00	5.74	461.00
	2015.41	0.00	5.72	481.00
	2015.43	0.00	5.52	574.00
	2015.44	0.00	4.93	944.00
	2015.45	0.00	4.99	1098.00
	2015.46	0.00	5.00	1170.00
	2015.47	0.00	5.02	1175.00
	2015.48	0.00	5.09	1143.00
	2015.50	0.00	5.07	1119.00
	2015.51	0.00	5.10	1126.00
	2015.52	0.00	5.15	1150.00
	2015.53	0.00	5.14	1153.00
	2015.54	0.00	5.15	1152.00
	2015.55	0.00	5.16	1144.00
	2015.56	0.00	5.58	1178.00
	2015.58	0.00	5.60	1153.00
	2015.59	0.00	5.69	1119.00
	2015.60	0.00	5.78	1073.00
	2015.61	0.00	5.87	1010.00
	2015.62	0.00	6.64	1001.00
	2015.64	0.00	6.81	940.00
	2015.65	0.00	6.95	892.00
	2015.66	0.00	7.14	840.00
	2015.67	0.00	7.28	790.00
	2015.68	0.00	7.39	756.00
	2015.69	0.00	7.45	730.00
	2015.70	0.00	7.52	709.00
	2015.72	0.00	7.55	698.00
	2015.73	0.00	7.59	683.00
	2015.74	0.00	7.67	681.00
	2015.75	0.00	7.78	681.00
	2015.76	0.00	7.79	680.00
	2015.77	0.00	7.75	674.00
	2015.79	0.00	7.76	677.00
	2015.80	0.00	7.81	683.00
	2015.81	0.00	7.86	688.00
	2015.82	0.00	7.89	700.00
	2015.83	0.00	7.90	711.00
	2015.84	0.00	7.89	725.00
	2015.85	0.00	7.90	739.00
	2015.87	0.00	7.89	749.00
	2015.88	0.00	7.83	756.00
	2015.89	0.00	7.82	761.00
	2015.90	0.00	7.80	766.00
	2015.91	0.00	7.77	766.00
	2015.93	0.00	7.67	763.00
	2015.94	0.00	7.59	765.00
	2015.95	0.00	7.48	771.00
	2015.96	0.00	7.33	783.00
	2015.97	0.00	7.20	798.00
	2015.98	0.00	7.08	810.00
	2015.99	0.00	6.55	777.00
	2016.01	0.00	6.51	784.00
	2016.02	0.00	6.47	787.00
	2016.03	0.00	6.46	787.00
	2016.04	0.00	6.43	787.00
	2016.05	0.00	6.38	786.00
	2016.06	0.00	6.38	789.00
	2016.07	0.00	6.39	780.00
	2016.09	0.00	6.39	768.00
	2016.10	0.00	5.56	700.00
	2016.11	0.00	5.61	685.00
	2016.12	0.00	5.66	678.00
	2016.13	0.00	5.69	663.00
	2016.14	0.00	5.70	655.00
	2016.16	0.00	5.67	664.00
	2016.17	0.00	5.67	663.00
	2016.18	0.00	5.65	661.00
	2016.19	0.00	5.67	660.00
	2016.20	0.00	5.66	658.00
	2016.21	0.00	5.66	659.00
	2016.22	0.00	5.67	659.00
	2016.24	0.00	5.67	659.00
	2016.25	0.00	5.65	668.00
	2016.26	0.00	5.64	672.00
	2016.27	0.00	5.64	675.00
	2016.28	0.00	5.64	674.00
	2016.29	0.00	5.65	673.00
	2016.31	0.00	5.65	667.00
	2016.32	0.00	5.64	663.00
	2016.33	0.00	5.67	663.00
	2016.34	0.00	5.61	661.00
	2016.35	0.00	5.60	661.00
	2016.36	0.00	5.59	663.00
	2016.37	0.00	5.60	665.00
	2016.39	0.00	5.60	667.00
	2016.40	0.00	5.60	671.00
	2016.41	0.00	5.59	675.00
	2016.42	0.00	5.60	675.00
	2016.43	0.00	5.61	675.00
	2016.44	0.00	5.58	677.00
	2016.45	0.00	5.58	680.00
	2016.47	0.00	5.50	674.00
	2016.48	0.00	5.46	671.00
	2016.49	0.00	5.49	668.00
	2016.50	0.00	5.52	654.00
	2016.51	0.00	5.51	653.00
	2016.52	0.00	5.51	654.00
	2016.54	0.00	5.52	657.00
	2016.55	0.00	5.51	657.00
	2016.56	0.00	5.51	660.00
	2016.57	0.00	5.50	660.00
	2016.58	0.00	5.49	662.00
	2016.59	0.00	5.50	662.00
	2016.60	0.00	5.50	661.00
	2016.62	0.00	5.51	661.00
	2016.63	0.00	5.50	662.00
	2016.64	0.00	5.49	663.00
	2016.65	0.00	5.49	663.00
	2016.66	0.00	5.50	662.00
	2016.67	0.00	5.60	663.00
	2016.69	0.00	5.60	665.00
	2016.70	0.00	5.59	667.00
	2016.71	0.00	5.55	680.00
	2016.72	0.00	5.57	681.00
	2016.73	0.00	5.56	681.00
	2016.74	0.00	5.54	684.00
	2016.75	0.00	5.55	684.00
17.35	0.00	5.53	648.00
	2017.37	0.00	5.54	648.00
	2017.38	0.00	5.54	648.00
	2017.39	0.00	5.54	647.00
	2017.40	0.00	5.54	644.00
	2017.41	0.00	5.49	642.00
	2017.42	0.00	5.48	637.00
	2017.43	0.00	5.53	634.00
	2017.45	0.00	5.594	0.00	5.61	699.00
	2017.95	0.00	5.61	700.00
	2017.96	0.00	5.60	701.00
	2017.98	0.00	5.60	703.00
	2017.99	0.00	5.60	705.00
	2018.00	0.00	5.60	704.00
	2018.01	0.00	5.59	709.00
	2018.02	0.00	5.58	710.00
	2018.03	0.00	5.56	710.00
	2018.05	0.00	5.48	706.00
	2018.06	0.00	5.47	702.00
	2018.07	0.00	5.51	694.00
	2018.08	0.00	5.52	689.00
	2018.09	0.00	5.52	691.00
	2018.10	0.00	5.52	694.00
	2018.11	0.00	5.51	694.00
	2018.13	0.00	5.52	697.00
	2018.14	0.00	5.50	698.00
	2018.15	0.00	5.50	700.00
	2018.16	0.00	5.51	702.00
	2018.17	0.00	5.50	703.00
	2018.18	0.00	5.50	706.00
	2018.19	0.00	5.51	709.00
	2018.21	0.00	5.50	709.00
	2018.22	0.00	5.49	713.00
	2018.23	0.00	5.49	713.00
	2018.24	0.00	5.49	714.00
	2018.25	0.00	5.49	714.00
	2018.27	0.00	5.49	714.00
	2018.28	0.00	5.49	715.00
	2018.29	0.00	5.49	718.00
	2018.30	0.00	5.49	718.00
	2018.31	0.00	5.49	716.00
	2018.32	0.00	5.57	722.00
	2018.33	0.00	5.57	721.00
	2018.34	0.00	5.58	722.00
	2018.36	0.00	5.56	733.00
	2018.37	0.00	5.56	733.00
	2018.38	0.00	5.55	737.00
	2018.39	0.00	5.54	745.00
	2018.40	0.00	5.54	747.00
	2018.41	0.00	5.54	747.00
	2018.43	0.00	5.54	748.00
	2018.44	0.00	5.55	748.00
	2018.45	0.00	5.55	751.00
	2018.46	0.00	5.54	750.00
	2018.47	0.00	5.54	753.00
	2018.48	0.00	5.53	755.00
	2018.50	0.00	5.54	757.00
	2018.51	0.00	5.55	758.00
	2018.52	0.00	5.54	758.00
	2018.53	0
	2018.83	0.00	5.53	770.00
	2018.84	0.00	5.54	767.00
	2018.85	0.00	5.54	765.00
	2018.86	0.00	5.53	768.00
	2018.88	0.00	5.53	767.00
	2018.89	0.00	5.55	768.00
	2018.90	0.00	5.54	768.00
	2018.91	0.00	5.54	769.00
	2018.92	0.00	5.55	767.00
	2018.93	0.00	5.55	768.00
	2018.95	0.00	5.53	768.00
	2018.96	0.00	5.53	767.00
	2018.97	0.00	5.53	764.00
	2018.98	0.00	5.46	762.00
	2018.99	0.00	5.43	758.00
	2019.00	0.00	5.44	753.00
	2019.01	0.00	5.47	737.00
	2019.03	0.00	5.47	737.00
	2019.04	0.00	5.47	737.00
	2019.05	0.00	5.48	737.00
	2019.06	0.00	5.48	736.00
	2019.07	0.00	5.44	736.00
	2019.08	0.00	5.47	737.00
	2019.09	0.00	5.48	736.00
	2019.11	0.00	5.48	735.00
	2019.12	0.0.55	757.00
	2019.72	0.00	5.56	755.00
	2019.73	0.00	5.49	757.00
	2019.74	0.00	5.54	758.00
	2019.75	0.00	5.54	758.00
	2019.76	0.00	5.54	758.00
	2019.78	0.00	5.53	758.00
	2019.79	0.00	5.44	751.00
	2019.80	0.00	5.45	751.00
	2.40	0.00	5.56	779.00
	2020.41	0.00	5.52	779.00
	2020.42	0.00	5.51	778.00
	2020.43	0.00	5.51	777.00
	2020.44	0.00	5.52	776.00
	2020.45	0.00	5.52	775.00
	2020.46	0.00	5.52	776.00
	2020.48	0.00	5.53	776.00
	2020.49	0.00	5.53	777.00
	2020.50	0.00	5.52	777.00
	2020.51	0.00	5.54	775.00
	2020.52	0.00	5.52	778.00
	2020.53	0.00	5.51	777.00
	2020.55	0.00	5.51	777.00
	2020.56	0.00	5.48	775.00
	2020.57	0.00	5.42	770.00
	2020.58	0.00	5.42	767.00
	2020.59	0.00	5.45	755.00
	2020.60	0.00	5.45	751.00
	2020.61	0.00	5.46	750.00
	2020.63	0.00	5.47	750.00
	2020.64	0.00	5.46	750.00
	2020.65	0.00	5.46	751.00
	2020.66	0.00	5.46	751.00
	2020.67	0.00	5.47	749.00
	2020.68	0.00	5.44	750.00
	2020.70	0.00	5.46	750.00
	2020.71	0.00	5.47	749.00
	2020.72	0.00	5.46	746.00
	2020.73	0.00	5.46	746.00
	2020.74	0.00	5.45	750.00
	2020.75	0.00	5.46	748.00
	2020.76	0.00	5.47	749.00
	2020.78	0.00	5.55	752.00
	2020.7	0.00	5.60	779.00
	2021.00	0.00	5.60	779.00
	2021.01	0.00	5.59	779.00
	2021.02	0.00	5.59	780.00
	2021.03	0.00	5.60	778.00
	2021.04	0.00	5.59	778.00
	2021.05	0.00	5.59	779.00
	2021.06	0.00	5.60	776.00
	2021.07	0.00	5.59	781.00
	2021.09	0.00	5.58	782.00
	2021.10	0.00	5.59	782.00
	2021.11	0.00	5.59	780.00
	2021.12	0.00	5.59	782.00
	2021.13	0.00	5.59	780.00
	2021.14	0.00	5.59	780.00
	2021.16	0.00	5.58	783.00
	2021.17	0.00	5.58	783.00
	2021.18	0
	2021.48	0.00	5.48	758.00
	2021.49	0.00	5.48	756.00
	2021.50	0.00	5.48	757.00
	2021.51	0.00	5.49	758.00
	2021.53	0.00	5.48	758.00
	2021.54	0.00	5.47	757.00
	2021.55	0.00	5.47	757.00
	2021.56	0.00	5.48	757.00
	2021.57	0.00	5.48	757.00
	2021.58	0.00	5.49	757.00
	2021.59	0.00	5.47	757.00
	2021.61	0.00	5.47	756.00
	2021.62	0.00	5.47	754.00
	2021.63	0.00	5.48	757.00
	2021.64	0.00	5.48	755.00
	2021.65	0.00	5.48	753.00
	2021.66	0.00	5.49	753.00
	2021.68	0.00	5.49	752.00
	2021.69	0.00	5.56	757.00
	2021.70	0.00	5.56	757.00
	2021.71	0.00	5.56	756.00
	2021.72	0.00	5.56	756.00
	2021.73	0.00	5.55	772.00
	2021.74	0.00	5.55	770.00
	2021.76	0.00	5.53	770.00
	2021.77	0.00	5.55	770.00
	2021.78	0.00	5.56	769.00
	2021.79	0.00	5.55	767.00
	2021.80	0.00	5.56	768.00
	2021.81	0.00	5.57	767.00
	2021.82	0.00	5.56	765.00
	2021.84	0.00	5.56	766.00
	2021.85	0.00	5.57	766.00
	2021.86	0.00	5.57	762.00
	2021.87	0.00	5.60	761.00
	2021.88	0.00	5.65	764.00
	2021.90	0.00	5.66	761.00
	2021.91	0.00	5.66	761.00
	2021.92	0.00	5.64	773.00
	2021.93	0.00	5.63	773.00
	2021.94	0.00	5.64	771.00
	2021.95	0.00	5.64	771.00
	2021.96	0.00	5.61	770.00
	2021.98	0.00	5.61	768.00
	2021.99	0.00	5.60	767.00
	2022.00	0.00	5.61	766.00
	2022.01	0.00	5.63	765.00
	2022.02	0.00	5.63	765.00
	2022.03	0.00	5.63	765.00
	2022.04	0.00	5.64	768.00
	2022.06	0.00	5.64	767.00
	2022.07	0.00	5.64	768.00
	2022.08	0.00	5.63	767.00
	2022.09	0.00	5.63	766.00
	2022.10	0.00	5.64	767.00
	2022.11	0.00	5.63	764.00
	2022.13	0.00	5.62	767.00
	2022.14	0.00	5.62	767.00
	2022.15	0.00	5.62	769.00
	2022.16	0.00	30	934.00
	2022.56	0.00	5.30	926.00
	2022.58	0.00	5.31	912.00
	2022.59	0.00	5.32	894.00
	2022.60	0.00	5.35	859.00
	2022.61	0.00	5.48	820.00
	2022.62	0.00	5.54	763.00
	2022.63	0.00	5.62	695.00
	2022.64	0.00	5.69	633.00
	2022.66	0.00	5.79	569.00
	2022.67	0.00	5.84	540.00
	2022.68	0.00	5.87	527.00
	2022.69	0.00	5.87	524.00
	2022.70	0.00	5.88	521.00
	2022.71	0.00	5.87	514.00
	2022.72	0.00	5.86	508.00
	2022.74	0.00	5.84	505.00
	2022.75	0.00	5.84	501.00
	2022.76	0.00	5.78	507.00
	2022.77	0.00	5.77	505.00
	2022.78	0.00	5.81	503.00
	2022.80	0.00	5.89	504.00
	2022.81	0.00	5.91	501.00
	2022.82	0.00	5.89	509.00
	2022.83	0.00	5.88	509.00
	2022.84	0.00	5.89	508.00
	2022.85	0.00	5.87	508.00
	2022.86	0.00	5.87	509.00
	2022.88	0.00	5.87	508.00
	2022.89	0.00	5.88	508.00
	2022.90	0.00	5.89	504.00
	2022.91	0.00	5.88	507.00
	2022.92	0.00	5.88	507.00
	2022.93	0.00	5.89	507.00
	2022.94	0.00	5.89	506.00
	2022.96	0.00	5.90	506.00
	2022.97	0.00	5.90	505.00
	2022.98	0.00	5.88	503.00
	2022.99	0.00	5.88	502.00
	2023.00	0.00	5.82	501.00
	2023.01	0.00	5.80	501.00
	2023.03	0.00	5.80	502.00
	2023.04	0.00	5.82	500.00
	2023.05	0.00	5.81	500.00
	2023.06	0.00	5.82	499.00
	2023.07	0.00	5.81	502.00
	2023.08	0.00	5.80	505.00
	2023.09	0.00	5.79	510.00
	2023.11	0.00	5.75	511.00
	2023.12	0.00	5.73	533.00
	2023.13	0.00	5.69	558.00
	2023.14	0.00	5.63	575.00
	2023.15	0.00	5.57	602.00
	2023.16	0.00	5.44	634.00
	2023.18	0.00	5.42	656.00
	2023.19	0.00	5.42	671.00
	2023.20	0.00	5.43	683.00
	2023.21	0.00	5.44	710.00
	2023.22	0.00	5.42	740.00
	2023.23	0.00	5.40	775.00
	2023.24	0.00	5.82	863.00
	2023.26	0.00	5.36	831.00
	2023.27	0.00	5.35	847.00
	2023.28	0.00	5.76	907.00
	2023.29	0.00	5.76	910.00
	2023.30	0.00	5.77	915.00
	2023.31	0.00	5.77	917.00
	2023.32	0.00	5.76	921.00
	2023.34	0.00	5.79	924.00
	2023.35	0.00	5.75	928.00
	2023.36	0.00	5.76	933.00
	2023.37	0.00	5.76	940.00
	2023.38	0.00	5.76	948.00
	2023.40	0.00	5.74	954.00
	2023.41	0.00	5.75	957.00
	2023.42	0.00	5.74	962.00
	2023.43	0.00	5.74	967.00
	2023.44	0.00	6.17	1019.00
	2023.45	0.00	6.18	1027.00
	2023.46	0.00	6.23	1041.00
	2023.48	0.00	6.26	1051.00
	2023.49	0.00	6.24	1057.00
	2023.50	0.00	6.24	1059.00
	2023.51	0.00	6.25	1063.00
	2023.52	0.00	6.26	1070.00
	2023.54	0.00	6.26	1068.00
	2023.55	0.00	5.93	1020.00
	2023.56	0.00	5.94	1022.00
	2023.57	0.00	5.99	1029.00
	2023.58	0.00	6.02	1033.00
	2023.59	0.00	6.05	1035.00
	2023.60	0.00	6.10	1039.00
	2023.62	0.00	6.11	1039.00
	2023.63	0.00	6.16	1043.00
	2023.64	0.00	6.16	1043.00
	2023.65	0.00	6.18	1046.00
	2023.66	0.00	6.18	1046.00
	2023.68	0.00	6.23	1051.00
	2023.69	0.00	6.22	1051.00
	2023.70	0.00	6.23	1052.00
	2023.71	0.00	6.25	1054.00
	2023.72	0.00	6.24	1049.00
	2023.73	0.00	6.28	1049.00
	2023.74	0.00	6.29	1043.00
	2023.76	0.00	6.30	1039.00
	2023.77	0.00	6.32	1034.00
	2023.78	0.00	6.30	1024.00
	2023.79	0.00	6.34	1022.00
	2023.80	0.00	6.38	1021.00
	2023.81	0.00	6.38	1018.00
	2023.83	0.00	6.36	1014.00
	2023.84	0.00	7.01	1062.00
	2023.85	0.00	6.99	1058.00
	2023.86	0.00	6.98	1057.00
	2023.87	0.00	6.98	1053.00
	2023.88	0.00	6.96	1051.00
	2023.90	0.00	6.97	1051.00
	2023.91	0.00	6.97	1053.00
	2023.92	0.00	7.01	1054.00
	2023.93	0.00	6.97	1060.00
	2023.94	0.00	6.97	1065.00
	2023.95	0.00	6.98	1070.00
	2023.96	0.00	6.97	1074.00
	2023.98	0.00	6.96	1080.00
	2023.99	0.00	6.95	1087.00
	2024.00	0.00	6.29	1044.00
	2024.01	0.00	6.28	1049.00
	2024.02	0.00	6.30	1058.00
	2024.04	0.00	6.42	1075.00
	2024.05	0.00	6.45	1083.00
	2024.06	0.00	6.49	1089.00
	2024.07	0.00	6.51	1094.00
	2024.08	0.00	6.54	1097.00
	2024.09	0.00	6.52	1099.00
	2024.10	0.00	6.54	1101.00
	2024.12	0.00	6.54	1101.00
	2024.13	0.00	6.52	1101.00
	2024.14	0.00	6.49	1098.00
	2024.15	0.00	6.47	1094.00
	2024.16	0.00	6.41	1087.00
	2024.17	0.00	6.36	1081.00
	2024.19	0.00	6.32	1076.00
	2024.20	0.00	6.28	1071.00
	2024.21	0.00	6.24	1056.00
	2024.22	0.00	6.20	1046.00
	2024.23	0.00	6.16	1035.00
	2024.24	0.00	6.12	1025.00
	2024.26	0.00	6.09	1017.00
	2024.27	0.00	6.09	1012.00
	2024.28	0.00	6.05	1000.00
	2024.29	0.00	6.03	996.00
	2024.30	0.00	6.01	988.00
	2024.31	0.00	5.98	979.00
	2024.32	0.00	5.98	976.00
	2024.34	0.00	5.96	969.00
	2024.35	0.00	5.95	963.00
	2024.36	0.00	5.93	950.00
	2024.37	0.00	5.97	946.00
	2024.38	0.00	5.94	930.00
	2024.39	0.00	5.94	920.00
	2024.41	0.00	5.92	906.00
	2024.42	0.00	5.97	894.00
	2024.43	0.00	5.99	880.00
	2024.44	0.00	5.96	867.00
	2024.45	0.00	5.97	851.00
	2024.46	0.00	5.97	834.00
	2024.47	0.00	5.97	818.00
	2024.49	0.00	5.95	803.00
	2024.50	0.00	5.94	783.00
	2024.51	0.00	5.35	722.00
	2024.52	0.00	5.38	696.00
	2024.53	0.00	5.39	671.00
	2024.54	0.00	5.42	643.00
	2024.56	0.00	5.41	613.00
	2024.57	0.00	5.47	583.00
	2024.58	0.00	5.51	566.00
	2024.59	0.00	5.53	556.00
	2024.60	0.00	5.57	547.00
	2024.61	0.00	5.60	534.00
	2024.63	0.00	5.63	523.00
	2024.64	0.00	5.64	518.00
	2024.65	0.00	5.72	511.00
	2024.66	0.00	5.77	509.00
	2024.67	0.00	5.78	504.00
	2024.68	0.00	5.75	514.00
	2024.69	0.00	5.75	513.00
	2024.71	0.00	5.77	512.00
	2024.72	0.00	5.79	510.00
	2024.73	0.00	5.77	508.00
	2024.74	0.00	5.77	506.00
	2024.75	0.00	5.76	502.00
	2024.76	0.00	5.77	506.00
	2024.78	0.00	5.80	505.00
	2024.79	0.00	5.80	503.00
	2024.80	0.00	5.80	503.00
	2024.81	0.00	5.82	503.00
	2024.82	0.00	5.82	501.00
	2024.83	0.00	5.83	505.00
	2024.84	0.00	5.81	502.00
	2024.85	0.00	5.82	503.00
	2024.87	0.00	5.83	502.00
	2024.88	0.00	5.76	501.00
	2024.89	0.00	5.78	501.00
	2024.90	0.00	5.77	498.00
	2024.91	0.00	5.78	499.00
	2024.93	0.00	5.78	498.00
	2024.94	0.00	5.79	498.00
	2024.95	0.00	5.79	498.00
	2024.96	0.00	5.79	498.00
	2024.97	0.00	5.79	499.00
	2024.98	0.00	5.79	498.00
	2024.99	0.00	5.80	498.00
	2025.01	0.00	5.69	491.00
	2025.02	0.00	5.70	493.00
	2025.03	0.00	5.70	492.00
	2025.04	0.00	5.72	485.00
	2025.05	0.00	5.70	501.00
	2025.06	0.00	5.62	537.00
	2025.07	0.00	5.53	590.00
	2025.08	0.00	5.45	652.00
	2025.10	0.00	5.41	688.00
	2025.11	0.00	5.40	717.00
	2025.12	0.00	5.36	746.00
	2025.13	0.00	5.31	760.00
	2025.14	0.00	5.29	779.00
	2025.16	0.00	5.30	798.00
	2025.17	0.00	5.29	824.00
	2025.18	0.00	5.29	849.00
	2025.19	0.00	5.31	865.00
	2025.20	0.00	5.30	882.00
	2025.21	0.00	5.29	903.00
	2025.22	0.00	5.27	923.00
	2025.24	0.00	5.26	941.00
	2025.25	0.00	5.26	956.00
	2025.26	0.00	5.25	966.00
	2025.27	0.00	5.23	977.00
	2025.28	0.00	5.24	985.00
	2025.29	0.00	5.23	989.00
	2025.31	0.00	5.22	990.00
	2025.32	0.00	5.22	991.00
	2025.33	0.00	5.22	991.00
	2025.34	0.00	5.23	991.00
	2025.35	0.00	5.22	992.00
	2025.36	0.00	5.23	996.00
	2025.38	0.00	5.21	996.00
	2025.39	0.00	5.21	994.00
	2025.40	0.00	5.59	1044.00
	2025.41	0.00	5.23	989.00
	2025.42	0.00	5.23	984.00
	2025.43	0.00	5.23	979.00
	2025.44	0.00	5.24	975.00
	2025.46	0.00	5.24	970.00
	2025.47	0.00	5.25	967.00
	2025.48	0.00	5.24	962.00
	2025.49	0.00	5.25	959.00
	2025.50	0.00	5.24	957.00
	2025.51	0.00	5.26	958.00
	2025.53	0.00	5.26	957.00
	2025.54	0.00	5.25	959.00
	2025.55	0.00	5.63	1011.00
	2025.56	0.00	5.63	1012.00
	2025.57	0.00	5.63	1012.00
	2025.58	0.00	5.63	1019.00
	2025.59	0.00	5.25	972.00
	2025.61	0.00	5.63	1028.00
	2025.62	0.00	5.64	1031.00
	2025.63	0.00	5.62	1036.00
	2025.64	0.00	5.64	1041.00
	2025.65	0.00	5.64	1040.00
	2025.67	0.00	5.64	1039.00
	2025.68	0.00	5.65	1034.00
	2025.69	0.00	5.66	1030.00
	2025.70	0.00	5.66	1027.00
	2025.71	0.00	5.67	1022.00
	2025.72	0.00	5.32	967.00
	2025.73	0.00	5.68	1007.00
	2025.75	0.00	5.33	947.00
	2025.76	0.00	5.33	932.00
	2025.77	0.00	5.35	915.00
	2025.78	0.00	5.37	899.00
	2025.79	0.00	5.38	876.00
	2025.80	0.00	5.41	853.00
	2025.82	0.00	5.42	838.00
	2025.83	0.00	5.42	822.00
	2025.84	0.00	5.44	809.00
	2025.85	0.00	5.44	797.00
	2025.86	0.00	5.46	785.00
	2025.87	0.00	5.48	774.00
	2025.89	0.00	5.90	811.00
	2025.90	0.00	5.50	754.00
	2025.91	0.00	5.57	754.00
	2025.92	0.00	5.57	744.00
	2025.93	0.00	5.55	751.00
	2025.94	0.00	5.55	743.00
	2025.95	0.00	5.58	736.00
	2025.97	0.00	5.59	726.00
	2025.98	0.00	5.60	718.00
	2025.99	0.00	5.62	709.00
	2026.00	0.00	6.11	758.00
	2026.01	0.00	6.12	748.00
	2026.02	0.00	6.14	740.00
	2026.04	0.00	6.24	738.00
	2026.05	0.00	6.23	730.00
	2026.06	0.00	5.76	673.00
	2026.07	0.00	6.25	726.00
	2026.08	0.00	6.29	734.00
	2026.09	0.00	6.27	729.00
	2026.10	0.00	6.27	725.00
	2026.12	0.00	6.25	721.00
	2026.13	0.00	6.28	720.00
	2026.14	0.00	6.25	713.00
	2026.15	0.00	5.78	656.00
	2026.16	0.00	6.35	716.00
	2026.17	0.00	6.35	715.00
	2026.19	0.00	6.34	713.00
	2026.20	0.00	6.35	710.00
	2026.21	0.00	6.34	707.00
	2026.22	0.00	6.36	707.00
	2026.23	0.00	5.77	641.00
	2026.24	0.00	6.35	702.00
	2026.26	0.00	6.37	702.00
	2026.27	0.00	6.34	701.00
	2026.28	0.00	6.33	699.00
	2026.29	0.00	6.31	698.00
	2026.30	0.00	6.30	695.00
	2026.31	0.00	6.32	694.00
	2026.32	0.00	6.34	691.00
	2026.34	0.00	6.33	687.00
	2026.35	0.00	6.34	684.00
	2026.36	0.00	6.34	681.00
	2026.37	0.00	6.33	677.00
	2026.38	0.00	6.37	676.00
	2026.39	0.00	6.33	668.00
	2026.40	0.00	6.35	665.00
	2026.42	0.00	6.33	660.00
	2026.43	0.00	6.36	661.00
	2026.44	0.00	6.28	655.00
	2026.45	0.00	6.25	648.00
	2026.46	0.00	6.25	639.00
	2026.47	0.00	6.35	635.00
	2026.48	0.00	6.36	639.00
	2026.50	0.00	6.39	641.00
	2026.51	0.00	6.39	646.00
	2026.52	0.00	6.40	648.00
	2026.53	0.00	6.36	646.00
	2026.54	0.00	5.74	586.00
	2026.56	0.00	5.73	588.00
	2026.57	0.00	5.74	592.00
	2026.58	0.00	5.72	594.00
	2026.59	0.00	5.70	594.00
	2026.60	0.00	5.72	596.00
	2026.61	0.00	5.71	601.00
	2026.62	0.00	5.71	603.00
	2026.64	0.00	5.74	608.00
	2026.65	0.00	5.78	612.00
	2026.66	0.00	5.77	612.00
	2026.67	0.00	5.76	621.00
	2026.68	0.00	5.76	629.00
	2026.69	0.00	5.74	629.00
	2026.70	0.00	5.75	630.00
	2026.72	0.00	5.75	630.00
	2026.73	0.00	5.73	629.00
	2026.74	0.00	5.76	628.00
	2026.75	0.00	6.23	681.00
	2026.76	0.00	6.21	678.00
	2026.77	0.00	6.30	680.00
	2026.79	0.00	6.32	680.00
	2026.80	0.00	6.33	678.00
	2026.81	0.00	6.31	673.00
	2026.82	0.00	5.85	624.00
	2026.83	0.00	6.39	693.00
	2026.84	0.00	6.35	688.00
	2026.85	0.00	6.37	688.00
	2026.87	0.00	6.35	687.00
	2026.88	0.00	5.85	630.00
	2026.89	0.00	5.86	629.00
	2026.90	0.00	6.42	692.00
	2026.91	0.00	6.43	689.00
	2026.92	0.00	6.43	689.00
	2026.94	0.00	6.42	683.00
	2026.95	0.00	6.44	683.00
	2026.96	0.00	6.44	680.00
	2026.97	0.00	5.88	614.00
	2026.98	0.00	6.38	671.00
	2026.99	0.00	6.45	677.00
	2027.00	0.00	6.45	675.00
	2027.02	0.00	6.37	675.00
	2027.03	0.00	6.37	674.00
	2027.04	0.00	6.39	676.00
	2027.05	0.00	6.40	675.00
	2027.06	0.00	6.42	676.00
	2027.07	0.00	6.42	677.00
	2027.08	0.00	6.41	679.00
	2027.10	0.00	6.44	681.00
	2027.11	0.00	6.45	681.00
	2027.12	0.00	6.43	679.00
	2027.13	0.00	6.39	677.00
	2027.14	0.00	6.38	678.00
	2027.15	0.00	6.36	677.00
	2027.17	0.00	6.34	677.00
	2027.18	0.00	6.25	671.00
	2027.19	0.00	6.25	671.00
	2027.20	0.00	6.25	664.00
	2027.21	0.00	6.31	662.00
	2027.22	0.00	6.34	666.00
	2027.23	0.00	6.33	668.00
	2027.25	0.00	6.35	671.00
	2027.26	0.00	6.38	676.00
	2027.27	0.00	6.36	680.00
	2027.28	0.00	6.21	659.00
	2027.29	0.00	5.71	604.00
	2027.30	0.00	5.70	604.00
	2027.32	0.00	5.69	605.00
	2027.33	0.00	5.69	604.00
	2027.34	0.00	5.69	604.00
	2027.35	0.00	5.70	605.00
	2027.36	0.00	5.69	608.00
	2027.37	0.00	6.16	658.00
	2027.39	0.00	6.17	660.00
	2027.40	0.00	5.77	614.00
	2027.41	0.00	5.78	614.00
	2027.42	0.00	5.77	616.00
	2027.43	0.00	6.22	676.00
	2027.44	0.00	5.73	626.00
	2027.45	0.00	5.75	627.00
	2027.47	0.00	5.75	628.00
	2027.48	0.00	5.75	627.00
	2027.49	0.00	5.76	629.00
	2027.50	0.00	5.76	626.00
	2027.51	0.00	6.28	684.00
	2027.52	0.00	6.27	681.00
	2027.54	0.00	6.24	677.00
	2027.55	0.00	6.28	680.00
	2027.56	0.00	6.36	683.00
	2027.57	0.00	6.35	682.00
	2027.58	0.00	6.35	679.00
	2027.59	0.00	6.37	695.00
	2027.60	0.00	6.36	695.00
	2027.62	0.00	6.37	694.00
	2027.63	0.00	6.34	690.00
	2027.64	0.00	6.35	690.00
	2027.65	0.00	6.30	684.00
	2027.66	0.00	5.84	629.00
	2027.67	0.00	6.41	693.00
	2027.69	0.00	6.41	697.00
	2027.70	0.00	6.39	699.00
	2027.71	0.00	6.39	700.00
	2027.72	0.00	6.39	701.00
	2027.73	0.00	6.39	701.00
	2027.74	0.00	5.84	636.00
	2027.76	0.00	6.38	702.00
	2027.77	0.00	6.38	702.00
	2027.78	0.00	6.39	703.00
	2027.79	0.00	6.27	695.00
	2027.80	0.00	6.34	703.00
	2027.81	0.00	6.33	703.00
	2027.82	0.00	6.31	701.00
	2027.84	0.00	6.34	705.00
	2027.85	0.00	6.33	704.00
	2027.86	0.00	6.34	704.00
	2027.87	0.00	6.33	707.00
	2027.88	0.00	6.33	710.00
	2027.89	0.00	6.33	714.00
	2027.91	0.00	6.31	717.00
	2027.92	0.00	6.25	716.00
	2027.93	0.00	6.23	723.00
	2027.94	0.00	6.22	729.00
	2027.95	0.00	6.21	733.00
	2027.96	0.00	6.15	728.00
	2027.97	0.00	6.11	727.00
	2027.98	0.00	6.11	722.00
	2028.00	0.00	6.19	718.00
	2028.01	0.00	6.21	717.00
	2028.02	0.00	6.21	717.00
	2028.03	0.00	6.24	721.00
	2028.04	0.00	6.25	722.00
	2028.06	0.00	6.29	728.00
	2028.07	0.00	5.61	651.00
	2028.08	0.00	5.61	651.00
	2028.09	0.00	5.62	649.00
	2028.10	0.00	5.60	649.00
	2028.11	0.00	5.60	648.00
	2028.12	0.00	5.60	648.00
	2028.14	0.00	5.61	646.00
	2028.15	0.00	5.61	648.00
	2028.16	0.00	5.60	648.00
	2028.17	0.00	5.70	652.00
	2028.18	0.00	5.71	650.00
	2028.19	0.00	5.67	662.00
	2028.20	0.00	5.68	662.00
	2028.22	0.00	5.66	663.00
	2028.23	0.00	5.66	663.00
	2028.24	0.00	5.69	665.00
	2028.25	0.00	5.68	663.00
	2028.26	0.00	5.68	663.00
	2028.27	0.00	6.18	718.00
	2028.29	0.00	6.18	719.00
	2028.30	0.00	6.18	719.00
	2028.31	0.00	6.16	715.00
	2028.32	0.00	6.17	716.00
	2028.33	0.00	6.25	722.00
	2028.34	0.00	6.25	719.00
	2028.35	0.00	6.22	715.00
	2028.37	0.00	6.25	734.00
	2028.38	0.00	6.25	733.00
	2028.39	0.00	6.24	730.00
	2028.40	0.00	6.24	732.00
	2028.41	0.00	6.20	729.00
	2028.42	0.00	6.21	730.00
	2028.44	0.00	6.21	730.00
	2028.45	0.00	6.19	727.00
	2028.46	0.00	5.75	675.00
	2028.47	0.00	5.75	675.00
	2028.48	0.00	6.29	736.00
	2028.49	0.00	6.29	739.00
	2028.51	0.00	6.27	738.00
	2028.52	0.00	6.28	739.00
	2028.53	0.00	6.28	739.00
	2028.54	0.00	6.29	741.00
	2028.55	0.00	6.25	737.00
	2028.56	0.00	6.19	728.00
	2028.57	0.00	5.74	678.00
	2028.59	0.00	6.27	743.00
	2028.60	0.00	6.26	744.00
	2028.61	0.00	6.27	743.00
	2028.62	0.00	6.22	744.00
	2028.63	0.00	6.23	743.00
	2028.64	0.00	6.24	742.00
	2028.66	0.00	6.23	742.00
	2028.67	0.00	6.24	739.00
	2028.68	0.00	6.23	739.00
	2028.69	0.00	6.23	739.00
	2028.70	0.00	6.24	742.00
	2028.71	0.00	6.23	742.00
	2028.72	0.00	6.23	741.00
	2028.74	0.00	6.23	741.00
	2028.75	0.00	6.20	740.00
	2028.76	0.00	6.19	740.00
	2028.77	0.00	6.18	737.00
	2028.78	0.00	6.10	731.00
	2028.79	0.00	6.12	732.00
	2028.81	0.00	6.08	727.00
	2028.82	0.00	6.09	725.00
	2028.83	0.00	6.17	719.00
	2028.84	0.00	6.21	721.00
	2028.85	0.00	6.22	721.00
	2028.86	0.00	6.23	723.00
	2028.88	0.00	6.29	730.00
	2028.89	0.00	6.17	715.00
	2028.90	0.00	5.62	654.00
	2028.91	0.00	5.62	654.00
	2028.92	0.00	5.63	655.00
	2028.93	0.00	5.63	654.00
	2028.94	0.00	5.61	653.00
	2028.96	0.00	5.62	655.00
	2028.97	0.00	5.62	654.00
	2028.98	0.00	5.62	655.00
	2028.99	0.00	5.61	658.00
	2029.00	0.00	5.63	657.00
	2029.01	0.00	5.61	657.00
	2029.03	0.00	5.71	662.00
	2029.04	0.00	5.71	661.00
	2029.05	0.00	5.71	661.00
	2029.06	0.00	5.69	671.00
	2029.07	0.00	5.69	672.00
	2029.08	0.00	5.68	671.00
	2029.09	0.00	5.69	671.00
	2029.11	0.00	5.70	671.00
	2029.12	0.00	5.69	669.00
	2029.13	0.00	6.19	724.00
	2029.14	0.00	6.17	725.00
	2029.15	0.00	6.19	723.00
	2029.16	0.00	6.17	721.00
	2029.18	0.00	6.26	725.00
	2029.19	0.00	6.27	725.00
	2029.20	0.00	5.78	670.00
	2029.21	0.00	6.26	722.00
	2029.22	0.00	6.23	720.00
	2029.23	0.00	6.26	738.00
	2029.25	0.00	6.26	737.00
	2029.26	0.00	6.26	736.00
	2029.27	0.00	6.20	732.00
	2029.28	0.00	6.22	730.00
	2029.29	0.00	6.21	728.00
	2029.30	0.00	5.72	677.00
	2029.31	0.00	5.77	676.00
	2029.33	0.00	6.30	741.00
	2029.34	0.00	6.30	741.00
	2029.35	0.00	6.30	741.00
	2029.36	0.00	6.31	743.00
	2029.37	0.00	6.31	742.00
	2029.38	0.00	6.30	741.00
	2029.40	0.00	6.29	740.00
	2029.41	0.00	6.24	734.00
	2029.42	0.00	5.76	677.00
	2029.43	0.00	6.31	744.00
	2029.44	0.00	6.31	744.00
	2029.45	0.00	6.20	730.00
	2029.46	0.00	6.25	741.00
	2029.48	0.00	6.25	741.00
	2029.49	0.00	6.24	739.00
	2029.50	0.00	6.24	739.00
	2029.51	0.00	6.19	740.00
	2029.52	0.00	6.25	740.00
	2029.53	0.00	6.27	742.00
	2029.55	0.00	6.18	740.00
	2029.56	0.00	6.17	742.00
	2029.57	0.00	6.20	744.00
	2029.58	0.00	6.21	743.00
	2029.59	0.00	6.20	745.00
	2029.60	0.00	6.19	743.00
	2029.62	0.00	6.20	747.00
	2029.63	0.00	6.20	749.00
	2029.64	0.00	6.20	745.00
	2029.65	0.00	6.06	737.00
	2029.66	0.00	6.13	744.00
	2029.67	0.00	6.12	733.00
	2029.68	0.00	6.21	731.00
	2029.70	0.00	6.21	735.00
	2029.71	0.00	6.22	737.00
	2029.72	0.00	6.23	738.00
	2029.73	0.00	6.27	741.00
	2029.74	0.00	6.31	747.00
	2029.75	0.00	6.08	718.00
	2029.77	0.00	5.63	668.00
	2029.78	0.00	5.64	668.00
	2029.79	0.00	5.64	666.00
	2029.80	0.00	6.09	715.00
	2029.81	0.00	5.63	660.00
	2029.82	0.00	5.63	661.00
	2029.83	0.00	5.61	658.00
	2029.85	0.00	5.64	659.00
	2029.86	0.00	5.63	659.00
	2029.87	0.00	5.67	657.00
	2029.88	0.00	5.72	659.00
	2029.89	0.00	5.72	657.00
	2029.90	0.00	6.16	718.00
	2029.92	0.00	5.70	669.00
	2029.93	0.00	5.70	668.00
	2029.94	0.00	5.71	667.00
	2029.95	0.00	5.72	667.00
	2029.96	0.00	5.71	668.00
	2029.97	0.00	5.72	666.00
	2029.98	0.00	6.22	723.00
	2030.00	0.00	6.21	720.00
	2030.01	0.00	5.72	664.00
	2030.02	0.00	6.22	717.00
	2030.03	0.00	6.30	720.00
	2030.04	0.00	6.30	717.00
	2030.05	0.00	6.29	712.00
	2030.06	0.00	6.31	729.00
	2030.08	0.00	6.31	728.00
	2030.09	0.00	6.29	727.00
	2030.10	0.00	6.28	725.00
	2030.11	0.00	6.25	725.00
	2030.12	0.00	5.78	671.00
	2030.14	0.00	5.79	670.00
	2030.15	0.00	6.34	738.00
	2030.16	0.00	6.33	738.00
	2030.17	0.00	6.33	737.00
	2030.18	0.00	6.34	736.00
	2030.19	0.00	6.33	736.00
	2030.20	0.00	6.34	736.00
	2030.22	0.00	6.33	735.00
	2030.23	0.00	6.33	731.00
	2030.24	0.00	6.31	728.00
	2030.25	0.00	6.34	731.00
	2030.26	0.00	6.34	731.00
	2030.27	0.00	6.34	729.00
	2030.29	0.00	6.34	729.00
	2030.30	0.00	6.32	728.00
	2030.31	0.00	6.18	716.00
	2030.32	0.00	6.28	727.00
	2030.33	0.00	6.23	726.00
	2030.34	0.00	6.25	726.00
	2030.35	0.00	6.28	727.00
	2030.37	0.00	6.24	723.00
	2030.38	0.00	6.29	728.00
	2030.39	0.00	6.29	728.00
	2030.40	0.00	6.29	730.00
	2030.41	0.00	6.29	729.00
	2030.42	0.00	6.30	729.00
	2030.44	0.00	6.24	726.00
	2030.45	0.00	6.25	725.00
	2030.46	0.00	6.24	724.00
	2030.47	0.00	6.26	724.00
	2030.48	0.00	6.25	724.00
	2030.49	0.00	6.16	719.00
	2030.51	0.00	6.15	716.00
	2030.52	0.00	6.15	707.00
	2030.53	0.00	6.24	705.00
	2030.54	0.00	6.24	705.00
	2030.55	0.00	6.29	709.00
	2030.56	0.00	6.29	713.00
	2030.57	0.00	6.33	716.00
	2030.58	0.00	6.33	718.00
	2030.60	0.00	5.64	641.00
	2030.61	0.00	5.64	642.00
	2030.62	0.00	5.64	642.00
	2030.63	0.00	5.62	642.00
	2030.64	0.00	5.61	643.00
	2030.66	0.00	5.63	643.00
	2030.67	0.00	5.63	644.00
	2030.68	0.00	5.63	647.00
	2030.69	0.00	5.62	645.00
	2030.70	0.00	5.63	647.00
	2030.71	0.00	5.71	650.00
	2030.72	0.00	5.72	649.00
	2030.74	0.00	5.68	661.00
	2030.75	0.00	5.70	660.00
	2030.76	0.00	5.69	660.00
	2030.77	0.00	5.69	661.00
	2030.78	0.00	5.70	661.00
	2030.79	0.00	5.70	660.00
	2030.81	0.00	5.72	659.00
	2030.82	0.00	5.71	662.00
	2030.83	0.00	6.20	718.00
	2030.84	0.00	6.20	717.00
	2030.85	0.00	6.20	715.00
	2030.86	0.00	6.30	721.00
	2030.87	0.00	6.26	715.00
	2030.89	0.00	6.30	718.00
	2030.90	0.00	6.26	716.00
	2030.91	0.00	6.28	730.00
	2030.92	0.00	6.28	732.00
	2030.93	0.00	6.28	730.00
	2030.94	0.00	6.26	731.00
	2030.95	0.00	6.27	731.00
	2030.97	0.00	6.26	731.00
	2030.98	0.00	6.23	729.00
	2030.99	0.00	5.78	676.00
	2031.00	0.00	6.33	738.00
	2031.01	0.00	6.33	742.00
	2031.03	0.00	6.30	740.00
	2031.04	0.00	6.32	741.00
	2031.05	0.00	6.32	742.00
	2031.06	0.00	6.27	742.00
	2031.07	0.00	6.25	740.00
	2031.08	0.00	6.24	738.00
	2031.09	0.00	6.28	743.00
	2031.11	0.00	6.30	745.00
	2031.12	0.00	6.31	747.00
	2031.13	0.00	6.26	748.00
	2031.14	0.00	6.25	747.00
	2031.15	0.00	6.25	746.00
	2031.16	0.00	6.24	744.00
	2031.18	0.00	6.25	747.00
	2031.19	0.00	6.25	748.00
	2031.20	0.00	6.25	748.00
	2031.21	0.00	6.26	749.00
	2031.22	0.00	6.28	754.00
	2031.23	0.00	6.27	753.00
	2031.24	0.00	6.27	751.00
	2031.26	0.00	6.22	749.00
	2031.27	0.00	6.16	742.00
	2031.28	0.00	6.20	747.00
	2031.29	0.00	6.12	741.00
	2031.30	0.00	6.11	739.00
	2031.31	0.00	6.11	736.00
	2031.32	0.00	6.13	726.00
	2031.34	0.00	6.19	728.00
	2031.35	0.00	6.20	730.00
	2031.36	0.00	6.22	731.00
	2031.37	0.00	6.23	733.00
	2031.38	0.00	6.25	736.00
	2031.39	0.00	6.30	740.00
	2031.41	0.00	6.30	741.00
	2031.42	0.00	6.08	714.00
	2031.43	0.00	5.62	663.00
	2031.44	0.00	5.62	664.00
	2031.45	0.00	5.62	663.00
	2031.46	0.00	5.62	663.00
	2031.47	0.00	5.62	662.00
	2031.49	0.00	5.61	660.00
	2031.50	0.00	5.62	663.00
	2031.51	0.00	5.62	661.00
	2031.52	0.00	5.63	660.00
	2031.53	0.00	5.70	666.00
	2031.54	0.00	5.71	664.00
	2031.56	0.00	5.69	676.00
	2031.57	0.00	5.68	678.00
	2031.58	0.00	5.67	677.00
	2031.59	0.00	5.68	678.00
	2031.60	0.00	5.69	679.00
	2031.61	0.00	5.69	678.00
	2031.63	0.00	5.69	679.00
	2031.64	0.00	5.70	679.00
	2031.65	0.00	5.70	678.00
	2031.66	0.00	6.19	737.00
	2031.67	0.00	6.20	737.00
	2031.68	0.00	6.19	734.00
	2031.69	0.00	6.27	740.00
	2031.71	0.00	6.22	739.00
	2031.72	0.00	6.23	736.00
	2031.73	0.00	6.27	757.00
	2031.74	0.00	6.26	757.00
	2031.75	0.00	6.24	758.00
	2031.76	0.00	6.25	761.00
	2031.78	0.00	6.26	762.00
	2031.79	0.00	6.19	758.00
	2031.80	0.00	6.18	758.00
	2031.81	0.00	5.72	705.00
	2031.82	0.00	6.20	756.00
	2031.83	0.00	6.27	770.00
	2031.84	0.00	6.28	770.00
	2031.86	0.00	6.28	770.00
	2031.87	0.00	6.27	769.00
	2031.88	0.00	6.29	774.00
	2031.89	0.00	6.28	773.00
	2031.90	0.00	6.26	771.00
	2031.92	0.00	6.26	775.00
	2031.93	0.00	6.29	779.00
	2031.94	0.00	6.27	779.00
	2031.95	0.00	6.27	777.00
	2031.96	0.00	6.21	776.00
	2031.97	0.00	6.20	775.00
	2031.98	0.00	6.19	775.00
	2032.00	0.00	6.20	770.00
	2032.01	0.00	6.21	774.00
	2032.02	0.00	6.23	772.00
	2032.03	0.00	6.23	770.00
	2032.04	0.00	6.24	769.00
	2032.05	0.00	6.24	770.00
	2032.06	0.00	6.26	767.00
	2032.08	0.00	6.27	765.00
	2032.09	0.00	6.26	763.00
	2032.10	0.00	6.27	759.00
	2032.11	0.00	6.22	755.00
	2032.12	0.00	6.22	754.00
	2032.13	0.00	6.22	751.00
	2032.15	0.00	6.24	748.00
	2032.16	0.00	6.16	737.00
	2032.17	0.00	6.15	734.00
	2032.18	0.00	6.14	723.00
	2032.19	0.00	6.25	718.00
	2032.20	0.00	6.26	715.00
	2032.21	0.00	6.29	717.00
	2032.23	0.00	6.36	724.00
	2032.24	0.00	6.36	726.00
	2032.25	0.00	5.67	648.00
	2032.26	0.00	5.68	649.00
	2032.27	0.00	5.66	649.00
	2032.28	0.00	5.66	648.00
	2032.30	0.00	5.68	646.00
	2032.31	0.00	5.66	648.00
	2032.32	0.00	5.66	648.00
	2032.33	0.00	5.67	647.00
	2032.34	0.00	5.66	647.00
	2032.35	0.00	5.66	649.00
	2032.36	0.00	5.67	649.00
	2032.38	0.00	5.67	648.00
	2032.39	0.00	5.76	652.00
	2032.40	0.00	5.75	652.00
	2032.41	0.00	5.75	653.00
	2032.42	0.00	5.72	664.00
	2032.43	0.00	5.73	664.00
	2032.45	0.00	5.72	664.00
	2032.46	0.00	5.72	664.00
	2032.47	0.00	5.72	663.00
	2032.48	0.00	5.74	665.00
	2032.49	0.00	5.73	664.00
	2032.50	0.00	5.73	662.00
	2032.52	0.00	6.25	723.00
	2032.53	0.00	6.23	721.00
	2032.54	0.00	6.24	721.00
	2032.55	0.00	6.23	721.00
	2032.56	0.00	6.25	720.00
	2032.57	0.00	6.32	724.00
	2032.58	0.00	6.31	722.00
	2032.59	0.00	6.27	719.00
	2032.61	0.00	6.30	737.00
	2032.62	0.00	6.29	739.00
	2032.63	0.00	6.29	739.00
	2032.64	0.00	6.28	737.00
	2032.65	0.00	6.26	737.00
	2032.67	0.00	6.22	733.00
	2032.68	0.00	5.78	684.00
	2032.69	0.00	6.34	750.00
	2032.70	0.00	6.31	751.00
	2032.71	0.00	6.34	753.00
	2032.72	0.00	6.32	753.00
	2032.73	0.00	6.31	753.00
	2032.75	0.00	6.32	753.00
	2032.76	0.00	6.33	756.00
	2032.77	0.00	6.32	754.00
	2032.78	0.00	6.33	756.00
	2032.79	0.00	6.28	751.00
	2032.80	0.00	6.30	758.00
	2032.82	0.00	6.29	758.00
	2032.83	0.00	6.28	756.00
	2032.84	0.00	6.30	755.00
	2032.85	0.00	6.25	755.00
	2032.86	0.00	6.28	758.00
	2032.87	0.00	6.25	755.00
	2032.89	0.00	6.26	754.00
	2032.90	0.00	6.27	753.00
	2032.91	0.00	6.26	752.00
	2032.92	0.00	6.27	752.00
	2032.93	0.00	6.28	753.00
	2032.94	0.00	6.28	752.00
	2032.95	0.00	6.28	753.00
	2032.97	0.00	6.29	754.00
	2032.98	0.00	6.29	752.00
	2032.99	0.00	6.25	750.00
	2033.00	0.00	6.26	751.00
	2033.01	0.00	6.23	746.00
	2033.02	0.00	6.14	740.00
	2033.04	0.00	6.13	737.00
	2033.05	0.00	6.14	737.00
	2033.06	0.00	6.15	734.00
	2033.07	0.00	6.24	730.00
	2033.08	0.00	6.23	730.00
	2033.09	0.00	6.26	731.00
	2033.10	0.00	6.28	731.00
	2033.12	0.00	6.31	734.00
	2033.13	0.00	6.33	735.00
	2033.14	0.00	6.35	737.00
	2033.15	0.00	6.12	710.00
	2033.16	0.00	5.66	659.00
	2033.17	0.00	5.65	659.00
	2033.19	0.00	5.65	659.00
	2033.20	0.00	5.65	657.00
	2033.21	0.00	5.67	656.00
	2033.22	0.00	5.66	659.00
	2033.23	0.00	5.65	658.00
	2033.24	0.00	5.68	658.00
	2033.26	0.00	5.76	662.00
	2033.27	0.00	5.76	658.00
	2033.28	0.00	5.75	658.00
	2033.29	0.00	5.75	661.00
	2033.30	0.00	5.73	669.00
	2033.31	0.00	5.73	667.00
	2033.32	0.00	5.73	666.00
	2033.34	0.00	5.73	666.00
	2033.35	0.00	5.74	667.00
	2033.36	0.00	5.75	665.00
	2033.37	0.00	5.75	665.00
	2033.38	0.00	6.25	723.00
	2033.39	0.00	6.28	724.00
	2033.40	0.00	6.26	721.00
	2033.42	0.00	6.29	722.00
	2033.43	0.00	6.35	725.00
	2033.44	0.00	6.34	722.00
	2033.45	0.00	6.33	719.00
	2033.46	0.00	6.30	718.00
	2033.47	0.00	6.33	738.00
	2033.49	0.00	6.32	735.00
	2033.50	0.00	6.33	738.00
	2033.51	0.00	6.32	737.00
	2033.52	0.00	6.32	737.00
	2033.53	0.00	6.30	738.00
	2033.54	0.00	6.25	732.00
	2033.56	0.00	5.78	678.00
	2033.57	0.00	6.34	745.00
	2033.58	0.00	6.34	745.00
	2033.59	0.00	6.31	741.00
	2033.60	0.00	6.33	746.00
	2033.61	0.00	6.33	749.00
	2033.63	0.00	6.34	751.00
	2033.64	0.00	6.33	752.00
	2033.65	0.00	6.30	751.00
	2033.66	0.00	5.76	688.00
	2033.67	0.00	6.30	754.00
	2033.68	0.00	6.31	756.00
	2033.69	0.00	6.32	755.00
	2033.70	0.00	6.26	753.00
	2033.72	0.00	6.26	755.00
	2033.73	0.00	6.26	756.00
	2033.74	0.00	6.27	757.00
	2033.75	0.00	6.25	752.00
	2033.76	0.00	6.25	754.00
	2033.78	0.00	6.27	755.00
	2033.79	0.00	6.29	756.00
	2033.80	0.00	6.28	756.00
	2033.81	0.00	6.27	757.00
	2033.82	0.00	6.28	758.00
	2033.83	0.00	6.26	754.00
	2033.84	0.00	6.23	755.00
	2033.86	0.00	6.24	753.00
	2033.87	0.00	6.22	750.00
	2033.88	0.00	6.13	742.00
	2033.89	0.00	6.15	740.00
	2033.90	0.00	6.14	725.00
	2033.91	0.00	6.23	727.00
	2033.93	0.00	6.24	731.00
	2033.94	0.00	6.28	736.00
	2033.95	0.00	6.30	741.00
	2033.96	0.00	6.34	746.00
	2033.97	0.00	6.33	743.00
	2033.98	0.00	5.64	668.00
	2033.99	0.00	5.64	666.00
	2034.01	0.00	5.66	664.00
	2034.02	0.00	5.65	664.00
	2034.03	0.00	5.63	662.00