	0.00	12.34	1632.30
	3223.86	0.00	12.35	1629.25
	3223.87	0.00	12.35	1630.27
	3223.88	0.00	12.34	1628.28
	3223.90	0.00	12.34	1631.29
	3223.91	0.00	12.33	1631.29
	3223.92	0.00	12.34	1627.25
	3223.93	0.00	12.34	1631.27
	3223.94	0.00	12.34	1633.27
	3223.96	0.00	12.33	1628.28
	3223.97	0.00	12.33	1628.28
	3223.98	0.00	12.33	1623.24
	3223.99	0.00	12.32	1626.30
	3224.00	0.00	12.31	1626.30
	3224.01	0.00	12.31	1625.31
	3224.03	0.00	12.30	1627.32
	3224.04	0.00	12.31	1621.26
	3224.05	0.00	12.31	1621.27
	3224.06	0.00	12.32	1625.27
	3224.07	0.00	12.32	1623.27
	3224.08	0.00	12.32	1625.27
	3224.10	0.00	12.29	1618.27
	3224.11	0.00	12.31	1622.26
	3224.12	0.00	12.30	1624.29
	3224.13	0.00	12.29	1619.29
	3224.14	0.00	12.28	1618.29
	3224.16	0.00	12.28	1619.31
	3224.17	0.00	12.27	1615.30
	3224.18	0.00	12.27	1615.30
	3224.19	0.00	12.26	1615.31
	3224.20	0.00	12.26	1615.32
	3224.21	0.00	12.24	1613.34
	3224.23	0.00	12.23	1612.36
	3224.24	0.00	12.22	1611.37
	3224.25	0.00	12.21	1611.38
	3224.26	0.00	12.21	1614.39
	3224.27	0.00	12.22	1610.36
	3224.29	0.00	12.22	1614.36
	3224.30	0.00	12.19	1613.41
	3224.31	0.00	12.21	1617.40
	3224.32	0.00	12.19	1616.41
	3224.33	0.00	12.27	1616.23
	3224.34	0.00	12.27	1618.23
	3224.36	0.00	12.27	1615.23
	3224.37	0.00	12.27	1615.23
	3224.38	0.00	12.27	1614.23
	3224.39	0.00	12.19	1606.35
	3224.40	0.00	12.15	1606.43
	3224.42	0.00	12.15	1605.45
	3224.43	0.00	12.17	1608.45
	3224.44	0.00	12.17	1610.45
	3224.45	0.00	12.16	1610.46
	3224.46	0.00	12.14	1596.40
	3224.47	0.00	12.16	1603.42
	3224.48	0.00	12.17	1609.43
	3224.50	0.00	12.15	1607.44
	3224.51	0.00	12.14	1610.45
	3224.52	0.00	12.18	1622.43
	3224.53	0.00	12.19	1624.42
	3224.54	0.00	12.19	1626.43
	3224.56	0.00	12.17	1626.44
	3224.57	0.00	12.17	1627.46
	3224.58	0.00	12.15	1621.43
	3224.59	0.00	12.15	1
	3251.38	0.00	11.68	1541.62
	3251.39	0.00	11.63	1556.66
	3251.41	0.00	11.66	1563.66
	3251.42	0.00	11.70	1558.66
	3251.43	0.00	11.77	1552.65
	3251.44	0.00	11.80	1550.61
	3251.45	0.00	11.84	1558.61
	3251.46	0.00	11.87	1559.57
	3251.48	0.00	11.85	1559.62
	3251.49	0.00	11.84	1559.63
	3251.50	0.00	11.83	1564.63
	3251.51	0.00	11.83	1565.63
	3251.52	0.00	11.84	1565.63
	3251.53	0.00	11.87	1567.61
	3251.55	0.00	11.93	1569.58
	3251.56	0.00	11.95	1564.56
	3251.57	0.00	12.00	1558.47
	3251.58	0.00	12.05	1567.46
	3251.59	0.00	12.09	1564.42
	3251.61	0.00	12.15	1546.39
	3251.62	0.00	12.16	1548.39
	3251.63	0.00	12.16	1543.36
	3251.64	0.00	12.16	1545.36
	3251.65	0.00	12.17	1549.37
	3251.66	0.00	12.15	1549.39
	3251.68	0.00	12.14	1553.39
	3251.69	0.00	12.11	1554.43
	3251.70	0.00	12.08	1553.44
	3251.71	0.00	12.05	1555.46
	3251.72	0.00	12.03	1556.48
	3251.73	0.00	12.01	1556.50
	3251.75	0.00	12.00	1556.48
	3251.76	0.00	11.94	1554.55
	3251.77	0.00	11.89	1575.60
	3251.78	0.00	11.86	1574.64
	3251.79	0.00	11.82	1571.66
	3251.81	0.00	11.79	1574.65
	3251.82	0.00	11.77	1572.65
	3251.83	0.00	11.77	1573.65
	3251.84	0.00	11.75	1569.68
	3251.85	0.00	11.72	1539.68
	3251.86	0.00	11.70	1548.68
	3251.88	0.00	11.82	1547.37
	3251.89	0.00	11.87	1549.34
	3251.90	0.00	11.90	1542.37
	3251.91	0.00	11.89	1535.39
	3251.92	0.00	11.89	1536.38
	3251.93	0.00	11.82	1526.44
	3251.95	0.00	11.77	1528.58
	3251.96	0.00	11.77	1522.62
	3251.97	0.00	11.77	1545.64
	3251.98	0.00	11.79	1548.63
	3251.99	0.00	11.80	1551.63
	3252.00	0.00	11.74	1525.61
	3252.02	0.00	11.79	1521.63
	3252.03	0.00	11.82	1521.63
	3252.04	0.00	11.82	1548.63
	3252.05	0.00	11.82	1549.63
	3252.06	0.00	11.82	1552.63
	3252.08	0.00	11.85	1536.59
	3252.09	0.00	11.87	1565.60
	3252.10	0.00	11.88	1544.61
	3252.11	0.00	11.86	1547.61
	3252.12	0.00	11.86	1548.62
	3252.13	0.00	11.85	1546.61
	3252.15	0.00	11.86	1551.63
	3252.16	0.00	11.86	1549.63
	3252.17	0.00	11.86	1549.64
	3252.18	0.00	11.86	1551.64
	3252.19	0.00	11.86	1551.64
	3252.21	0.00	11.87	1569.59
	3252.22	0.00	11.89	1555.59
	3252.23	0.00	11.91	1555.58
	3252.24	0.00	11.91	1558.59
	3252.25	0.00	11.91	1558.59
	3252.26	0.00	11.92	1561.58
	3252.28	0.00	11.89	1551.59
	3252.29	0.00	11.89	1575.58
	3252.30	0.00	11.93	1556.54
	3252.31	0.00	11.91	1556.58
	3252.32	0.00	11.92	1559.57
	3252.33	0.00	11.92	1557.57
	3252.35	0.00	11.93	1560.57
	3252.36	0.00	11.93	1560.57
	3252.37	0.00	11.93	1560.57
	3252.38	0.00	11.95	1560.56
	3252.39	0.00	11.95	1562.56
	3252.41	0.00	11.92	1564.61
	3252.42	0.00	11.92	1565.63
	3252.43	0.00	11.93	1565.63
	3252.44	0.00	11.94	1571.63
	3252.45	0.00	11.93	1571.64
	3252.46	0.00	11.96	1572.58
	3252.48	0.00	11.98	1575.58
	3252.49	0.00	11.97	1579.62
	3252.50	0.00	11.97	1583.63
	3252.51	0.00	11.97	1585.63
	3252.52	0.00	12.13	1586.30
	3252.53	0.00	12.15	1595.30
	3252.55	0.00	12.13	1590.31
	3252.56	0.00	12.14	1599.33
	3252.57	0.00	12.15	1594.33
	3252.58	0.00	12.14	1593.35
	3252.59	0.00	12.10	1581.34
	3252.60	0.00	12.03	1583.52
	3252.62	0.00	12.02	1580.56
	3252.63	0.00	12.04	1582.58
	3252.64	0.00	12.05	1584.58
	3252.65	0.00	12.05	1586.59
	3252.66	0.00	12.01	1567.56
	3252.68	0.00	12.04	1577.57	0.00	11.95	1552.49
	3277.98	0.00	11.95	1553.49
	3277.99	0.00	11.96	1552.49
	3278.01	0.00	11.95	1553.51
	3278.02	0.00	11.96	1552.49
	3278.03	0.00	11.95	1549.49
	3278.04	0.00	11.96	1552.49
	3278.05	0.00	11.96	1552.49
	3278.06	0.00	11.96	1553.49
	3278.08	0.00	11.96	1553.49
	3278.09	0.00	11.94	1552.53
	3278.10	0.00	11.94	1553.54
	3278.11	0.00	11.94	1553.55
	3278.12	0.00	11.93	1552.55
	3278.13	0.00	11.93	1554.57
	3278.15	0.00	11.96	1553.51
	3278.16	0.00	11.95	1555.53
	3278.17	0.00	11.95	1554.54
	3278.18	0.00	11.94	1554.54
	3278.19	0.00	11.95	1558.55
	3278.20	0.00	12.06	1555.26
	3278.22	0.00	12.08	1556.22
	3278.23	0.00	12.08	1559.25
	3278.24	0.00	12.08	1560.25
	3278.25	0.00	12.06	1551.27
	3278.26	0.00	12.06	1551.28
	3278.28	0.00	12.06	1541.21
	3278.29	0.00	11.94	1538.44
	3278.30	0.00	11.93	1538.49
	3278.31	0.00	11.94	1534.50
	3278.32	0.00	11.94	1533.51
	3278.34	0.00	11.95	1539.51
	3278.35	0.00	11.89	1514.47
	3278.36	0.00	11.90	1524.52
	3278.37	0.00	11.92	1532.52
	3278.38	0.00	11.93	1534.53
	3278.39	0.00	11.93	1538.53
	3278.40	0.00	11.92	1540.55
	3278.42	0.00	11.93	1538.49
	3278.43	0.00	11.97	1553.50
	3278.44	0.00	11.97	1553.51
	3278.45	0.00	11.96	1555.53
	3278.46	0.00	11.93	1544.52
	3278.48	0.00	11.96	1555.52
	3278.49	0.00	11.95	1558.54
	3278.50	0.00	11.96	1556.54
	3278.51	0.00	11.95	1557.55
	3278.52	0.00	11.96	1554.50
	3278.53	0.00	11.97	1556.50
	3278.55	0.00	11.96	1555.51
	3278.56	0.00	11.97	1555.49
	3278.57	0.00	11.96	1556.50
	3278.58	0.00	11.96	1556.50
	3278.59	0.00	11.92	1548.51
	3278.61	0.00	11.94	1551.50
	3278.62	0.00	11.94	1551.50
	3278.63	0.00	11.93	1550.50
	3278.64	0.00	11.94	1549.50
	3278.65	0.00	11.93	1550.50
	3278.66	0.00	11.92	1544.50
	3278.68	0.00	11.91	1545.52
	3278.69	0.00	11.92	1549.51
	3278.70	0.00	11.92	1548.51
	3278.71	0.00	11.94	1551.48
	3278.72	0.00	11.90	1549.55
	3278.73	0.00	11.90	1549.57
	3278.75	0.00	11.89	1551.58
	3278.76	0.00	11.89	1551.58
	3278.77	0.00	11.89	1552.59
	3278.78	0.00	11.90	1550.55
	3278.79	0.00	11.91	1553.55
	3278.81	0.00	11.91	1554.57
	3278.82	0.00	11.90	1553.57
	3278.83	0.00	11.90	1556.58
	3278.84	0.00	11.90	1556.58
	3278.85	0.00	12.04	1556.25
	3278.86	0.00	12.05	1557.25
	3278.88	0.00	12.03	1557.29
	3278.89	0.00	12.01	1550.30
	3278.90	0.00	12.01	1550.30
	3278.91	0.00	12.02	1553.31
	3278.92	0.00	11.94	1539.39
	3278.94	0.00	11.89	1542.50
	3278.95	0.00	11.91	1536.51
	3278.96	0.00	11.88	1533.55
	3278.97	0.00	11.83	1516.52
	3278.98	0.00	11.86	1527.55
	3278.99	0.00	11.87	1535.57
	3279.01	0.00	11.86	1524.56
	3279.02	0.00	11.88	1540.56
	3279.03	0.00	11.87	1541.57
	3279.04	0.00	11.91	1551.54
	3279.05	0.00	11.92	1558.55
	3279.06	0.00	11.92	1555.55
	3279.08	0.00	11.92	1557.55
	3279.09	0.00	11.94	1560.53
	3279.10	0.00	11.91	1552.53
	3279.11	0.00	11.91	1560.57
	3279.12	0.00	11.92	1560.57
	3279.13	0.00	11.94	1562.55
	3279.15	0.00	11.92	1559.57
	3279.16	0.00	11.95	1562.52
	3279.17	0.00	11.95	1563.52
	3279.18	0.00	11.95	1564.52
	3279.19	0.00	11.97	1562.51
	3279.21	0.00	11.97	1564.51
	3279.22	0.00	11.96	1560.50
	3279.23	0.00	11.96	1560.50
	3279.24	0.00	11.95	1558.50
	3279.25	0.00	11.95	1557.50
	3279.26	0.00	11.95	1557.52
	3279.28	0.00	11.92	1545.50
	3279.29	0.00	11.96	1557.50
	3279.30	0.00	11.96	1559.50
	3279.31	0.00	11.95	1559.52
	3279.32	0.00	11.95	1554.50
	3279.34	0.00	11.99	1560.45
	3279.35	0.00	11.94	1556.53
	3279.36	0.00	11.94	1556.55
	3279.37	0.00	11.94	1559.56
	3279.38	0.00	11.94	1557.56
	3279.39	0.00	11.95	1565.57
	3279.41	0.00	11.98	1562.50
	3279.42	0.00	11.96	1563.54
	3279.43	0.00	11.96	1561.55
	3279.44	0.00	11.96	1562.55
	3279.45	0.00	11.93	1559.58
	3279.46	0.00	12.11	1565.22
	3279.48	0.00	12.10	1565.23
	3279.49	0.00	12.11	1567.24
	3279.50	0.00	12.08	1561.28
	3279.51	0.00	12.08	1558.27
	3279.52	0.00	12.08	1559.28
	3279.54	0.00	12.00	1544.35
	3279.55	0.00	11.95	1546.49
	3279.56	0.00	11.96	1542.50
	3279.57	0.00	11.97	1545.51
	3279.58	0.00	11.91	1521.48
	3279.59	0.00	11.90	1522.51
	3279.61	0.00	11.92	1527.50
	3279.62	0.00	11.94	1538.52
	3279.63	0.00	11.95	1538.52
	3279.64	0.00	11.94	1546.54
	3279.65	0.00	11.95	1542.49
	3279.66	0.00	11.99	1557.50
	3279.68	0.00	11.99	1559.51
	3279.69	0.00	11.98	1558.52
	3279.70	0.00	11.97	1556.52
	3279.71	0.00	11.98	1561.52
	3279.72	0.00	11.98	1560.51
	3279.73	0.00	11.95	1554.54
	3279.75	0.00	11.98	1560.53
	3279.76	0.00	11.98	1562.53
	3279.77	0.00	11.99	1558.49
	3279.78	0.00	12.00	1561.48
	3279.79	0.00	11.99	1560.48
	3279.81	0.00	12.00	1561.48
	3279.82	0.00	12.00	1559.48
	3279.83	0.00	12.01	1559.47
	3279.84	0.00	11.99	1554.47
	3279.85	0.00	11.98	1551.47
	3279.86	0.00	11.99	1553.47
	3279.88	0.00	11.98	1552.48
	3279.89	0.00	11.99	1552.47
	3279.90	0.00	11.99	1553.47
	3279.91	0.00	11.98	1548.47
	3279.92	0.00	11.99	1552.47
	3279.94	0.00	11.99	1553.47
	3279.95	0.00	12.00	1553.47
	3279.96	0.00	12.00	1552.46
	3279.97	0.00	12.02	1552.42
	3279.98	0.00	11.99	1551.49
	3279.99	0.00	11.98	1552.51
	3280.01	0.00	11.98	1552.52
	3280.02	0.00	11.97	1551.53
	3280.03	0.00	11.98	1553.49
	3280.04	0.00	12.00	1554.49
	3280.05	0.00	11.99	1556.51
	3280.06	0.00	11.99	1554.52
	3280.08	0.00	12.00	1558.52
	3280.09	0.00	11.97	1550.52
	3280.10	0.00	12.10	1553.26
	3280.11	0.00	12.15	1559.19
	3280.12	0.00	12.14	1563.22
	3280.14	0.00	12.13	1557.23
	3280.15	0.00	12.09	1554.27
	3280.16	0.00	12.02	1532.28
	3280.17	0.00	11.98	1540.43
	3280.18	0.00	11.98	1539.46
	3280.19	0.00	11.99	1536.46
	3280.21	0.00	12.00	1539.48
	3280.22	0.00	11.96	1524.44
	3280.23	0.00	11.95	1524.47
	3280.24	0.00	11.95	1532.51
	3280.25	0.00	11.99	1535.49
	3280.27	0.00	11.97	1538.49
	3280.28	0.00	11.97	1541.49
	3280.29	0.00	12.01	1537.37
	3280.30	0.00	12.02	1554.47
	3280.31	0.00	12.02	1553.47
	3280.32	0.00	12.01	1554.48
	3280.34	0.00	12.00	1554.50
	3280.35	0.00	11.98	1546.47
	3280.36	0.00	12.01	1555.49
	3280.37	0.00	12.00	1555.50
	3280.38	0.00	12.00	1556.50
	3280.39	0.00	11.99	1556.51
	3280.41	0.00	12.00	1557.51
	3280.42	0.00	12.01	1556.48
	3280.43	0.00	12.01	1559.48
	3280.44	0.00	12.02	1558.46
	3280.45	0.00	12.02	1558.46
	3280.46	0.00	12.02	1556.46
	3280.48	0.00	12.00	1547.40
	3280.49	0.00	12.00	1548.46
	3280.50	0.00	11.99	1551.46
	3280.51	0.00	11.99	1551.46
	3280.52	0.00	11.98	1551.48
	3280.54	0.00	11.99	1549.46
	3280.55	0.00	11.97	1544.46
	3280.56	0.00	11.99	1549.46
	3280.57	0.00	11.98	1550.48
	3280.58	0.00	11.99	1552.46
	3280.59	0.00	11.99	1550.46
	3280.61	0.00	11.99	1551.45
	3280.62	0.00	11.97	1550.50
	3280.63	0.00	11.97	1550.52
	3280.64	0.00	11.96	1550.53
	3280.65	0.00	11.96	1550.54
	3280.67	0.00	11.98	1553.48
	3280.68	0.00	11.97	1554.51
	3280.69	0.00	11.97	1553.52
	3280.70	0.00	11.96	1554.52
	3280.71	0.00	12.08	1553.26
	3280.72	0.00	12.11	1557.20
	3280.74	0.00	12.12	1558.20
	3280.75	0.00	12.11	1559.23
	3280.76	0.00	12.10	1557.26
	3280.77	0.00	12.09	1552.25
	3280.78	0.00	12.09	1550.25
	3280.79	0.00	12.06	1539.22
	3280.81	0.00	11.97	1539.42
	3280.82	0.00	11.97	1540.46
	3280.83	0.00	11.97	1537.48
	3280.84	0.00	11.98	1539.49
	3280.85	0.00	11.92	1517.45
	3280.87	0.00	11.93	1525.48
	3280.88	0.00	11.95	1533.50
	3280.89	0.00	11.95	1534.51
	3280.90	0.00	11.96	1539.49
	3280.91	0.00	11.97	1543.47
	3280.92	0.00	11.99	1552.48
	3280.94	0.00	12.00	1553.49
	3280.95	0.00	11.99	1555.48
	3280.96	0.00	11.97	1551.50
	3280.97	0.00	11.99	1552.47
	3280.98	0.00	11.98	1555.50
	3281.00	0.00	11.98	1557.52
	3281.01	0.00	11.99	1559.52
	3281.02	0.00	11.97	1556.52
	3281.03	0.00	11.97	1556.52
	3281.04	0.00	12.00	1556.47
	3281.05	0.00	12.00	1558.47
	3281.07	0.00	12.00	1557.47
	3281.08	0.00	12.00	1557.47
	3281.09	0.00	12.00	1557.47
	3281.10	0.00	12.00	1560.47
	3281.11	0.00	11.97	1553.47
	3281.12	0.00	11.98	1553.47
	3281.14	0.00	11.98	1553.47
	3281.15	0.00	11.98	1552.47
	3281.16	0.00	11.98	1553.47
	3281.17	0.00	11.98	1553.47
	3281.18	0.00	11.98	1553.47
	3281.20	0.00	11.98	1552.47
	3281.21	0.00	11.98	1554.47
	3281.22	0.00	11.98	1554.46
	3281.23	0.00	11.97	1554.49
	3281.24	0.00	11.96	1552.52
	3281.25	0.00	11.96	1553.53
	3281.27	0.00	11.96	1554.53
	3281.28	0.00	11.97	1557.54
	3281.29	0.00	11.96	1558.54
	3281.30	0.00	11.98	1556.50
	3281.31	0.00	12.01	1566.48
	3281.33	0.00	11.96	1554.53
	3281.34	0.00	11.97	1558.53
	3281.35	0.00	12.09	1556.24
	3281.36	0.00	12.10	1557.23
	3281.37	0.00	12.11	1562.22
	3281.38	0.00	12.10	1562.23
	3281.40	0.00	12.09	1554.25
	3281.41	0.00	12.08	1556.26
	3281.42	0.00	12.06	1541.21
	3281.43	0.00	11.97	1540.42
	3281.44	0.00	11.97	1547.47
	3281.45	0.00	11.96	1536.50
	3281.47	0.00	11.97	1546.50
	3281.48	0.00	11.97	1545.50
	3281.49	0.00	11.91	1523.48
	3281.50	0.00	11.94	1535.50
	3281.51	0.00	11.95	1535.51
	3281.52	0.00	11.95	1540.51
	3281.54	0.00	11.93	1536.50
	3281.55	0.00	12.01	1553.42
	3281.56	0.00	11.99	1557.50
	3281.57	0.00	11.98	1555.50
	3281.58	0.00	11.98	1556.50
	3281.60	0.00	11.97	1553.51
	3281.61	0.00	11.98	1557.51
	3281.62	0.00	11.98	1558.52
	3281.63	0.00	11.97	1557.52
	3281.64	0.00	11.97	1560.55
	3281.65	0.00	12.01	1564.48
	3281.67	0.00	11.98	1556.48
	3281.68	0.00	11.99	1558.48
	3281.69	0.00	12.00	1558.47
	3281.70	0.00	12.00	1559.47
	3281.71	0.00	11.98	1554.47
	3281.73	0.00	11.97	1550.47
	3281.74	0.00	11.97	1550.46
	3281.75	0.00	11.99	1554.47
	3281.76	0.00	11.98	1553.47
	3281.77	0.00	11.98	1553.47
	3281.78	0.00	11.98	1553.48
	3281.80	0.00	11.97	1552.47
	3281.81	0.00	11.98	1552.47
	3281.82	0.00	11.99	1553.47
	3281.83	0.00	11.98	1553.49
	3281.84	0.00	11.99	1556.48
	3281.85	0.00	11.97	1554.51
	3281.87	0.00	11.97	1555.52
	3281.88	0.00	11.96	1554.54
	3281.89	0.00	11.96	1555.54
	3281.90	0.00	11.97	1553.50
	3281.91	0.00	11.98	1555.50
	3281.93	0.00	11.98	1557.52
	3281.94	0.00	11.97	1557.53
	3281.95	0.00	11.97	1558.53
	3281.96	0.00	11.97	1558.53
	3281.97	0.00	12.04	1554.34
	3281.98	0.00	12.12	1559.20
	3282.00	0.00	12.11	1560.23
	3282.01	0.00	12.08	1551.25
	3282.02	0.00	12.07	1554.28
	3282.03	0.00	12.05	1542.25
	3282.04	0.00	11.99	1542.36
	3282.06	0.00	11.95	1542.45
	3282.07	0.00	11.96	1537.50
	3282.08	0.00	11.98	1545.49
	3282.09	0.00	11.91	1517.46
	3282.10	1.00	11.93	1529.49
	3282.11	1.00	11.95	1536.50
	3282.13	1.00	11.96	1540.51
	3282.14	1.00	11.95	1541.51
	3282.15	1.00	11.94	1534.48
	3282.16	1.00	11.99	1545.44
	3282.17	1.00	12.01	1555.48
	3282.18	1.00	12.00	1555.49
	3282.20	1.00	11.99	1557.49
	3282.21	1.00	11.99	1552.48
	3282.22	1.00	11.99	1556.50
	3282.23	1.00	11.99	1558.51
	3282.24	1.00	12.02	1558.46
	3282.26	1.00	11.99	1559.51
	3282.27	1.00	12.00	1556.47
	3282.28	1.00	12.01	1556.47
	3282.29	1.00	12.00	1556.48
	3282.30	1.00	12.01	1559.46
	3282.31	0.00	12.01	1555.46
	3282.33	0.00	12.01	1557.46
	3282.34	0.00	12.00	1556.48
	3282.35	0.00	12.01	1559.46
	3282.36	0.00	11.99	1550.46
	3282.37	0.00	11.99	1551.46
	3282.38	0.00	12.02	1551.41
	3282.40	0.00	11.98	1546.46
	3282.41	0.00	12.00	1551.46
	3282.42	0.00	11.98	1547.46
	3282.43	0.00	11.99	1550.47
	3282.44	0.00	11.99	1550.46
	3282.46	0.00	11.99	1550.46
	3282.47	0.00	12.00	1549.45
	3282.48	0.00	11.99	1550.46
	3282.49	0.00	11.98	1552.50
	3282.50	0.00	11.97	1550.52
	3282.51	0.00	11.97	1551.52
	3282.53	0.00	11.97	1550.52
	3282.54	0.00	11.99	1553.49
	3282.55	0.00	11.98	1553.50
	3282.56	0.00	11.97	1553.52
	3282.57	0.00	11.98	1552.51
	3282.59	0.00	11.97	1554.52
	3282.60	0.00	12.05	1549.31
	3282.61	0.00	12.11	1556.22
	3282.62	0.00	12.11	1557.22
	3282.63	0.00	12.09	1550.24
	3282.64	0.00	12.09	1549.24
	3282.66	0.00	12.09	1551.26
	3282.67	0.00	12.09	1543.19
	3282.68	0.00	11.98	1537.40
	3282.69	0.00	11.97	1533.46
	3282.70	0.00	11.99	1536.46
	3282.71	0.00	11.98	1541.48
	3282.73	0.00	11.92	1520.47
	3282.74	0.00	11.95	1530.49
	3282.75	0.00	11.97	1532.46
	3282.76	0.00	11.96	1530.49
	3282.77	0.00	11.95	1536.50
	3282.79	0.00	11.95	1538.50
	3282.80	0.00	11.98	1542.46
	3282.81	0.00	12.00	1552.48
	3282.82	0.00	11.99	1553.49
	3282.83	0.00	11.99	1553.49
	3282.84	0.00	11.98	1549.47
	3282.86	0.00	11.99	1551.47
	3282.87	0.00	11.98	1555.50
	3282.88	0.00	11.99	1556.50
	3282.89	0.00	11.99	1557.51
	3282.90	0.00	11.99	1557.51
	3282.92	0.00	11.99	1551.46
	3282.93	0.00	11.99	1555.48
	3282.94	0.00	12.01	1557.46
	3282.95	0.00	12.01	1554.46
	3282.96	0.00	12.00	1555.46
	3282.97	0.00	12.00	1554.45
	3282.99	0.00	11.99	1550.46
	3283.00	0.00	11.98	1548.46
	3283.01	0.00	11.98	1548.46
	3283.02	0.00	11.98	1548.46
	3283.03	0.00	11.98	1548.45
	3283.04	0.00	11.98	1548.46
	3283.06	0.00	11.97	1544.46
	3283.07	0.00	11.96	1545.46
	3283.08	0.00	11.98	1549.46
	3283.09	0.00	11.98	1547.46
	3283.10	0.00	11.98	1547.46
	3283.12	0.00	11.99	1547.43
	3283.13	0.00	11.96	1549.51
	3283.14	0.00	11.95	1548.52
	3283.15	0.00	11.94	1547.53
	3283.16	0.00	11.94	1549.55
	3283.17	0.00	11.94	1550.54
	3283.19	0.00	11.97	1550.49
	3283.20	0.00	11.96	1551.52
	3283.21	0.00	11.97	1550.49
	3283.22	0.00	11.95	1550.53
	3283.23	0.00	11.95	1553.53
	3283.25	0.00	11.99	1549.41
	3283.26	0.00	12.09	1552.20
	3283.27	0.00	12.09	1556.23
	3283.28	0.00	12.07	1549.25
	3283.29	0.00	12.07	1549.26
	3283.30	0.00	12.03	1534.24
	3283.32	0.00	11.95	1534.41
	3283.33	0.00	11.94	1535.47
	3283.34	0.00	11.95	1532.49
	3283.35	0.00	11.96	1535.47
	3283.36	0.00	11.94	1529.46
	3283.37	0.00	11.89	1517.49
	3283.39	0.00	11.92	1527.50
	3283.40	0.00	11.94	1531.49
	3283.41	0.00	11.92	1534.51
	3283.42	0.00	11.90	1529.50
	3283.43	0.00	11.94	1538.48
	3283.44	0.00	11.97	1547.48
	3283.46	0.00	11.97	1551.50
	3283.47	0.00	11.96	1549.50
	3283.48	0.00	11.96	1552.51
	3283.49	0.00	11.96	1550.49
	3283.50	0.00	11.96	1552.51
	3283.52	0.00	11.95	1552.52
	3283.53	0.00	11.96	1555.52
	3283.54	0.00	11.95	1552.53
	3283.55	0.00	11.96	1555.53
	3283.56	0.00	11.96	1550.48
	3283.57	0.00	11.96	1552.48
	3283.59	0.00	11.97	1553.48
	3283.60	0.00	11.97	1553.47
	3283.61	0.00	11.97	1553.48
	3283.62	0.00	11.97	1544.40
	3283.63	0.00	11.92	1535.47
	3283.65	0.00	11.96	1548.47
	3283.66	0.00	11.95	1547.47
	3283.67	0.00	11.97	1547.42
	3283.68	0.00	11.93	1541.47
	3283.69	0.00	11.94	1543.48
	3283.70	0.00	11.95	1548.48
	3283.72	0.00	11.98	1547.40
	3283.73	0.00	11.95	1544.45
	3283.74	0.00	11.93	1546.51
	3283.75	0.00	11.92	1545.53
	3283.76	0.00	11.92	1547.54
	3283.77	0.00	11.92	1546.55
	3283.79	0.00	11.91	1548.55
	3283.80	0.00	11.93	1547.50
	3283.81	0.00	11.92	1548.54
	3283.82	0.00	11.93	1549.54
	3283.83	0.00	11.92	1551.55
	3283.85	0.00	11.91	1550.56
	3283.86	0.00	12.04	1550.25
	3283.87	0.00	12.06	1555.24
	3283.88	0.00	12.04	1550.27
	3283.89	0.00	12.03	1549.28
	3283.90	0.00	12.03	1549.28
	3283.92	0.00	11.98	1531.28
	3283.93	0.00	11.92	1534.42
	3283.94	0.00	11.90	1535.47
	3283.95	0.00	11.91	1531.50
	3283.96	0.00	11.91	1536.52
	3283.98	0.00	11.89	1525.49
	3283.99	0.00	11.85	1517.52
	3284.00	0.00	11.87	1527.55
	3284.01	0.00	11.89	1531.54
	3284.02	0.00	11.88	1533.54
	3284.03	0.00	11.88	1533.55
	3284.05	0.00	11.86	1525.51
	3284.06	0.00	11.92	1543.51
	3284.07	0.00	11.92	1550.53
	3284.08	0.00	11.91	1548.55
	3284.09	0.00	11.91	1548.54
	3284.10	0.00	11.92	1543.50
	3284.12	0.00	11.91	1545.52
	3284.13	0.00	11.91	1549.56
	3284.14	0.00	11.91	1550.56
	3284.15	0.00	11.91	1552.56
	3284.16	0.00	11.91	1553.56
	3284.17	0.00	11.92	1549.51
	3284.19	0.00	11.91	1548.51
	3284.20	0.00	11.93	1551.50
	3284.21	0.00	11.94	1550.50
	3284.22	0.00	11.94	1552.49
	3284.23	0.00	11.90	1544.50
	3284.25	0.00	11.91	1546.50
	3284.26	0.00	11.91	1545.50
	3284.27	0.00	11.91	1544.50
	3284.28	0.00	11.91	1545.50
	3284.29	0.00	11.91	1542.50
	3284.30	0.00	11.91	1544.50
	3284.32	0.00	11.91	1544.50
	3284.33	0.00	11.91	1543.50
	3284.34	0.00	11.93	1544.46
	3284.35	0.00	11.90	1544.52
	3284.36	0.00	11.90	1546.55
	3284.38	0.00	11.90	1543.56
	3284.39	0.00	11.89	1543.56
	3284.40	0.00	11.93	1547.50
	3284.41	0.00	11.90	1547.57
	3284.42	0.00	11.92	1547.52
	3284.43	0.00	11.91	1548.54
	3284.45	0.00	11.90	1548.57
	3284.46	0.00	11.91	1551.56
	3284.47	0.00	12.05	1549.23
	3284.48	0.00	12.06	1552.24
	3284.49	0.00	12.06	1549.23
	3284.50	0.00	12.02	1541.27
	3284.52	0.00	12.03	1545.28
	3284.53	0.00	12.04	1548.28
	3284.54	0.00	11.96	1533.34
	3284.55	0.00	11.91	1534.47
	3284.56	0.00	11.92	1529.50
	3284.58	0.00	11.92	1533.51
	3284.59	0.00	11.86	1510.48
	3284.60	0.00	11.87	1519.52
	3284.61	0.00	11.90	1526.53
	3284.62	0.00	11.89	1532.55
	3284.63	0.00	11.89	1533.53
	3284.65	0.00	11.88	1528.51
	3284.66	0.00	11.92	1537.49
	3284.67	0.00	11.94	1547.52
	3284.68	0.00	11.94	1546.51
	3284.69	0.00	11.94	1549.52
	3284.71	0.00	11.95	1545.48
	3284.72	0.00	11.97	1549.47
	3284.73	0.00	11.95	1552.51
	3284.74	0.00	11.95	1554.53
	3284.75	0.00	11.95	1553.53
	3284.76	0.00	11.96	1555.52
	3284.78	0.00	11.95	1548.48
	3284.79	0.00	11.97	1554.48
	3284.80	0.00	11.97	1554.48
	3284.81	0.00	11.98	1554.47
	3284.82	0.00	11.97	1555.48
	3284.84	0.00	11.97	1553.48
	3284.85	0.00	11.95	1545.47
	3284.86	0.00	11.95	1549.48
	3284.87	0.00	11.95	1547.47
	3284.88	0.00	11.96	1546.47
	3284.89	0.00	11.95	1547.49
	3284.91	0.00	11.94	1544.48
	3284.92	0.00	11.96	1548.48
	3284.93	0.00	11.96	1548.47
	3284.94	0.00	11.95	1546.49
	3284.95	0.00	11.95	1544.47
	3284.96	0.00	11.96	1549.49
	3284.98	0.00	11.95	1548.52
	3284.99	0.00	11.93	1545.54
	3285.00	0.00	11.94	1549.54
	3285.01	0.00	11.94	1548.54
	3285.02	0.00	11.95	1547.50
	3285.04	0.00	11.96	1548.48
	3285.05	0.00	11.96	1550.52
	3285.06	0.00	11.95	1551.53
	3285.07	0.00	11.95	1551.53
	3285.08	0.00	12.10	1554.19
	3285.09	0.00	12.10	1557.21
	3285.11	0.00	12.09	1555.22
	3285.12	0.00	12.07	1547.24
	3285.13	0.00	12.07	1547.25
	3285.14	0.00	12.06	1539.20
	3285.15	0.00	11.96	1533.39
	3285.17	0.00	11.94	1536.46
	3285.18	0.00	11.96	1533.48
	3285.19	0.00	11.96	1536.49
	3285.20	0.00	11.89	1514.48
	3285.21	0.00	11.91	1525.51
	3285.22	0.00	11.93	1526.51
	3285.24	0.00	11.92	1528.51
	3285.25	0.00	11.92	1533.51
	3285.26	0.00	11.93	1533.47
	3285.27	0.00	11.95	1544.49
	3285.28	0.00	11.97	1545.50
	3285.29	0.00	11.96	1548.50
	3285.31	0.00	11.97	1549.50
	3285.32	0.00	11.97	1554.50
	3285.33	0.00	11.96	1549.50
	3285.34	0.00	11.96	1552.51
	3285.35	0.00	11.97	1551.51
	3285.36	0.00	11.95	1548.52
	3285.38	0.00	11.96	1549.49
	3285.39	0.00	11.97	1550.47
	3285.40	0.00	11.97	1551.48
	3285.41	0.00	11.98	1551.47
	3285.42	0.00	11.98	1550.47
	3285.44	0.00	12.01	1551.39
	3285.45	0.00	11.95	1543.47
	3285.46	0.00	11.96	1546.46
	3285.47	0.00	11.96	1545.46
	3285.48	0.00	11.96	1547.48
	3285.50	0.00	11.96	1543.46
	3285.51	0.00	11.96	1542.46
	3285.52	0.00	11.96	1540.46
	3285.53	0.00	11.96	1543.48
	3285.54	0.00	11.95	1538.46
	3285.55	0.00	11.97	1544.46
	3285.57	0.00	11.97	1546.48
	3285.58	0.00	11.95	1545.52
	3285.59	0.00	11.95	1545.52
	3285.60	0.00	11.94	1546.53
	3285.61	0.00	11.97	1547.48
	3285.62	0.00	11.95	1545.51
	3285.64	0.00	11.96	1548.51
	3285.65	0.00	11.96	1549.52
	3285.66	0.00	11.96	1550.52
	3285.67	0.00	12.10	1551.19
	3285.68	0.00	12.11	1552.19
	3285.69	0.00	12.10	1552.20
	3285.71	0.00	12.10	1553.21
	3285.72	0.00	12.08	1545.24
	3285.73	0.00	12.08	1548.25
	3285.74	0.00	12.04	1532.23
	3285.75	0.00	11.97	1533.40
	3285.77	0.00	11.94	1534.46
	3285.78	0.00	11.97	1531.47
	3285.79	0.00	11.97	1535.48
	3285.80	0.00	11.90	1508.43
	3285.81	0.00	11.91	1513.47
	3285.82	0.00	11.92	1521.48
	3285.84	0.00	11.94	1528.49
	3285.85	0.00	11.94	1530.50
	3285.86	0.00	11.94	1533.50
	3285.87	0.00	11.96	1536.46
	3285.88	0.00	11.98	1547.48
	3285.90	0.00	11.97	1545.50
	3285.91	0.00	11.98	1548.49
	3285.92	0.00	11.97	1543.46
	3285.93	0.00	11.97	1550.49
	3285.94	0.00	11.97	1553.51
	3285.95	0.00	11.97	1550.50
	3285.97	0.00	11.97	1550.51
	3285.98	0.00	11.97	1553.51
	3285.99	0.00	11.98	1547.48
	3286.00	0.00	11.98	1547.46
	3286.01	0.00	11.97	1546.46
	3286.02	0.00	12.01	1549.41
	3286.04	0.00	11.98	1546.46
	3286.05	0.00	11.97	1545.46
	3286.06	0.00	11.95	1537.46
	3286.07	0.00	11.94	1537.47
	3286.08	0.00	11.96	1538.45
	3286.09	0.00	11.94	1536.46
	3286.11	0.00	11.94	1535.46
	3286.12	0.00	11.94	1534.46
	3286.13	0.00	11.91	1523.46
	3286.14	0.00	11.93	1530.46
	3286.15	0.00	11.93	1530.46
	3286.17	0.00	11.91	1526.46
	3286.18	0.00	11.92	1527.43
	3286.19	0.00	11.91	1526.46
	3286.20	0.00	11.89	1526.50
	3286.21	0.00	11.89	1525.52
	3286.22	0.00	11.88	1526.53
	3286.24	0.00	11.87	1525.53
	3286.25	0.00	11.88	1522.48
	3286.26	0.00	11.90	1522.45
	3286.27	0.00	11.88	1520.51
	3286.28	0.00	11.87	1520.51
	3286.30	0.00	11.85	1518.52
	3286.31	0.00	11.85	1517.51
	3286.32	0.00	11.91	1512.33
	3286.33	0.00	11.98	1512.18
	3286.34	0.00	11.97	1511.20
	3286.35	0.00	11.94	1504.23
	3286.37	0.00	11.93	1503.24
	3286.38	0.00	11.91	1501.24
	3286.39	0.00	11.91	1498.25
	3286.40	0.00	11.83	1484.31
	3286.41	0.00	11.79	1487.42
	3286.42	0.00	11.76	1480.48
	3286.44	0.00	11.77	1486.51
	3286.45	0.00	11.76	1489.52
	3286.46	0.00	11.67	1462.50
	3286.47	0.00	11.69	1476.55
	3286.48	0.00	11.69	1483.57
	3286.50	0.00	11.71	1489.59
	3286.51	0.00	11.70	1498.61
	3286.52	0.00	11.72	1514.62
	3286.53	0.00	11.74	1520.60
	3286.54	0.00	11.75	1537.62
	3286.55	0.00	11.72	1552.65
	3286.57	0.00	11.70	1562.66
	3286.58	0.00	11.68	1573.64
	3286.59	0.00	11.68	1593.69
	3286.60	0.00	11.65	1613.70
	3286.61	0.00	11.58	1640.74
	3286.62	0.00	11.56	1662.75
	3286.64	0.00	11.48	1696.74
	3286.65	0.00	11.44	1718.73
	3286.66	0.00	11.42	1741.73
	3286.67	0.00	11.40	1772.75
	3286.68	0.00	11.41	1794.75
	3286.69	0.00	11.38	1810.76
	3286.71	0.00	11.39	1827.76
	3286.72	0.00	11.40	1842.78
	3286.73	0.00	11.41	1853.77
	3286.74	0.00	11.41	1856.78
	3286.75	0.00	11.42	1860.78
	3286.77	0.00	11.42	1862.78
	3286.78	0.00	11.45	1886.75
	3286.79	0.00	11.46	1892.80
	3286.80	0.00	11.51	1893.80
	3286.81	0.00	11.57	1899.79
	3286.82	0.00	11.63	1908.79
	3286.84	0.00	11.73	1911.71
	3286.85	0.00	11.87	1896.71
	3286.86	0.00	12.02	1879.67
	3286.87	0.00	12.25	1845.64
	3286.88	0.00	12.50	1816.59
	3286.90	0.00	12.56	1822.50
	3286.91	0.00	12.61	1831.45
	3286.92	0.00	12.68	1835.39
	3286.93	0.00	12.74	1837.36
	3286.94	0.00	12.83	1846.27
	3286.96	0.00	12.87	1842.25
	3286.97	0.00	12.94	1840.13
	3286.98	0.00	13.02	1817.02
	3286.99	0.00	13.09	1814.90
	3287.00	0.00	13.15	1817.79
	3287.01	0.00	13.16	1810.76
	3287.03	0.00	13.15	1834.74
	3287.04	0.00	13.17	1831.71
	3287.05	0.00	13.17	1827.67
	3287.06	0.00	13.20	1818.59
	3287.07	0.00	13.33	1831.59
	3287.09	0.00	13.32	1829.63
	3287.10	0.00	13.36	1825.64
	3287.11	0.00	13.39	1820.65
	3287.12	0.00	13.49	1813.64
	3287.13	0.00	13.50	1809.67
	3287.14	0.00	13.57	1819.65
	3287.16	0.00	13.82	1861.61
	3287.17	0.00	13.87	1870.64
	3287.18	0.00	14.05	1914.60
	3287.19	0.00	14.14	1940.61
	3287.20	0.00	14.27	1958.49
	3287.21	0.00	14.40	1981.42
	3287.23	0.00	14.57	2002.21
	3287.24	0.00	14.75	2015.98
	3287.25	0.00	15.02	2025.55
	3287.26	0.00	15.09	2027.40
	3287.27	0.00	15.08	2029.31
	3287.28	0.00	15.07	1998.17
	3287.30	0.00	15.04	1965.12
	3287.31	0.00	14.90	1902.11
	3287.32	0.00	14.72	1847.12
	3287.33	0.00	14.46	1743.23
	3287.34	0.00	14.08	1661.44
	3287.35	0.00	13.25	1558.06
	3287.37	0.00	12.69	1462.30
	3287.38	0.00	12.40	1420.53
	3287.39	0.00	12.29	1410.64
	3287.40	0.00	12.27	1413.67
	3287.41	0.00	12.32	1422.65
	3287.43	0.00	12.35	1426.63
	3287.44	0.00	12.35	1418.60
	3287.45	0.00	12.26	1388.67
	3287.46	0.00	12.27	1388.67
	3287.47	0.00	12.27	1389.68
	3287.48	0.00	12.28	1393.70
	3287.50	0.00	12.29	1400.68
	3287.51	0.00	12.35	1417.65
	3287.52	0.00	12.37	1423.65
	3287.53	0.00	12.40	1435.63
	3287.54	0.00	12.43	1447.62
	3287.55	0.00	12.46	1447.58
	3287.57	0.00	12.46	1454.61
	3287.58	0.00	12.47	1456.60
	3287.59	0.00	12.49	1462.58
	3287.60	0.00	12.49	1461.59
	3287.61	0.00	12.52	1463.56
	3287.62	0.00	12.49	1463.61
	3287.64	0.00	12.47	1462.63
	3287.65	0.00	12.46	1463.65
	3287.66	0.00	12.47	1463.63
	3287.67	0.00	12.46	1463.64
	3287.68	0.00	12.46	1464.65
	3287.70	0.00	12.46	1466.64
	3287.71	0.00	12.45	1467.68
	3287.72	0.00	12.50	1467.58
	3287.73	0.00	12.50	1468.58
	3287.74	0.00	12.47	1468.61
	3287.75	0.00	12.51	1474.57
	3287.77	0.00	12.49	1470.58
	3287.78	0.00	12.49	1474.60
	3287.79	0.00	12.47	1468.61
	3287.80	0.00	12.46	1469.61
	3287.81	0.00	12.46	1469.61
	3287.82	0.00	12.47	1463.57
	3287.84	0.00	12.48	1469.59
	3287.85	0.00	12.48	1470.59
	3287.86	0.00	12.47	1468.59
	3287.87	0.00	12.41	1470.72
	3287.88	0.00	12.06	1513.02
	3287.89	0.00	11.31	1658.46
	3287.91	0.00	10.55	1881.81
	3287.92	0.00	10.27	1973.10
	3287.93	0.00	10.22	1996.19
	3287.94	0.00	10.33	1986.17
	3287.95	0.00	10.34	1995.19
	3287.96	0.00	10.37	2008.18
	3287.98	0.00	10.42	2046.13
	3287.99	0.00	10.54	2057.12
	3288.00	0.00	10.68	2099.10
	3288.01	0.00	10.80	2125.08
	3288.02	0.00	10.92	2140.99
	3288.04	0.00	10.98	2138.02
	3288.05	0.00	11.05	2130.00
	3288.06	0.00	11.15	2120.97
	3288.07	0.00	11.23	2101.95
	3288.08	0.00	11.30	2089.93
	3288.10	0.00	11.41	2063.89
	3288.11	0.00	11.55	2029.79
	3288.12	0.00	11.70	2004.75
	3288.13	0.00	11.79	1978.70
	3288.14	0.00	11.92	1932.63
	3288.15	0.00	12.16	1894.55
	3288.17	0.00	12.31	1864.44
	3288.18	0.00	12.54	1821.34
	3288.19	0.00	12.63	1808.24
	3288.20	0.00	12.73	1799.17
	3288.21	0.00	12.78	1798.11
	3288.23	0.00	12.80	1794.07
	3288.24	0.00	12.83	1787.03
	3288.25	0.00	12.84	1786.03
	3288.26	0.00	12.85	1782.03
	3288.27	0.00	12.87	1782.03
	3288.28	0.00	12.94	1798.02
	3288.30	0.00	13.01	1808.00
	3288.31	0.00	13.10	1801.95
	3288.32	0.00	13.17	1818.96
	3288.33	0.00	13.23	1829.94
	3288.34	0.00	13.27	1846.93
	3288.35	0.00	13.47	1880.86
	3288.37	0.00	13.71	1913.75
	3288.38	0.00	13.85	1935.66
	3288.39	0.00	13.96	1956.60
	3288.40	0.00	14.04	1965.53
	3288.41	0.00	14.15	1974.45
	3288.43	0.00	14.23	1978.36
	3288.44	0.00	14.35	1976.17
	3288.45	0.00	14.37	1961.07
	3288.46	0.00	14.49	1951.80
	3288.47	0.00	14.56	1934.62
	3288.48	0.00	14.57	1901.46
	3288.50	0.00	14.48	1846.34
	3288.51	0.00	14.21	1769.33
	3288.52	0.00	13.94	1688.41
	3288.53	0.00	13.27	1593.96
	3288.54	0.00	12.84	1527.40
	3288.55	0.00	12.53	1482.64
	3288.57	0.00	12.36	1453.78
	3288.58	0.00	12.34	1458.79
	3288.59	0.00	12.36	1459.77
	3288.60	0.00	12.36	1461.77
	3288.61	0.00	12.29	1432.78
	3288.63	0.00	12.23	1410.78
	3288.64	0.00	12.25	1421.80
	3288.65	0.00	12.25	1421.81
	3288.66	0.00	12.27	1428.79
	3288.67	0.00	12.30	1433.79
	3288.68	0.00	12.30	1435.79
	3288.69	0.00	12.27	1422.80
	3288.71	0.00	12.30	1434.80
	3288.72	0.00	12.30	1438.80
	3288.73	0.00	12.31	1438.79
	3288.74	0.00	12.30	1442.79
	3288.75	0.00	12.34	1451.76
	3288.77	0.00	12.37	1464.76
	3288.78	0.00	12.39	1470.77
	3288.79	0.00	12.39	1471.80
	3288.80	0.00	12.42	1479.77
	3288.81	0.00	12.41	1481.76
	3288.82	0.00	12.40	1474.74
	3288.84	0.00	12.40	1475.74
	3288.85	0.00	12.40	1483.76
	3288.86	0.00	12.41	1488.77
	3288.87	0.00	12.42	1495.78
	3288.88	0.00	12.41	1497.79
	3288.89	0.00	12.41	1493.79
	3288.91	0.00	12.41	1495.79
	3288.92	0.00	12.41	1493.79
	3288.93	0.00	12.41	1493.78
	3288.94	0.00	12.41	1498.78
	3288.95	0.00	12.42	1497.77
	3288.97	0.00	12.45	1494.69
	3288.98	0.00	12.47	1498.67
	3288.99	0.00	12.48	1500.66
	3289.00	0.00	12.48	1494.65
	3289.01	0.00	12.44	1494.68
	3289.02	0.00	12.17	1534.94
	3289.03	0.00	11.54	1642.30
	3289.05	0.00	10.79	1839.65
	3289.06	0.00	10.36	1962.91
	3289.07	0.00	10.30	2008.01
	3289.08	0.00	10.38	1995.02
	3289.09	0.00	10.40	2008.02
	3289.11	0.00	10.41	2052.03
	3289.12	0.00	10.49	2102.02
	3289.13	0.00	10.63	2145.07
	3289.14	0.00	10.78	2187.08
	3289.15	0.00	10.90	2199.07
	3289.16	0.00	11.00	2191.03
	3289.18	0.00	11.13	2190.00
	3289.19	0.00	11.26	2175.92
	3289.20	0.00	11.38	2158.88
	3289.21	0.00	11.50	2133.85
	3289.22	0.00	11.61	2110.83
	3289.24	0.00	11.79	2072.67
	3289.25	0.00	11.94	2055.61
	3289.26	0.00	12.05	2017.54
	3289.27	0.00	12.25	1964.43
	3289.28	0.00	12.37	1916.45
	3289.30	0.00	12.66	1870.30
	3289.31	0.00	12.81	1852.14
	3289.32	0.00	12.86	1841.00
	3289.33	0.00	12.89	1829.94
	3289.34	0.00	12.93	1815.87
	3289.35	0.00	12.95	1808.84
	3289.37	0.00	12.94	1802.82
	3289.38	0.00	12.97	1796.77
	3289.39	0.00	12.99	1795.75
	3289.40	0.00	12.98	1784.74
	3289.41	0.00	13.01	1762.74
	3289.42	0.00	12.99	1757.76
	3289.44	0.00	13.01	1759.77
	3289.45	0.00	13.01	1755.77
	3289.46	0.00	13.06	1765.78
	3289.47	0.00	13.15	1782.75
	3289.48	0.00	13.19	1794.77
	3289.50	0.00	13.28	1812.68
	3289.51	0.00	13.47	1857.69
	3289.52	0.00	13.58	1882.64
	3289.53	0.00	13.78	1933.64
	3289.54	0.00	13.91	1958.59
	3289.55	0.00	14.01	1976.55
	3289.57	0.00	14.16	2004.44
	3289.58	0.00	14.30	2020.27
	3289.59	0.00	14.48	2031.03
	3289.60	0.00	14.68	2034.66
	3289.61	0.00	14.71	2033.59
	3289.63	0.00	14.72	2013.50
	3289.64	0.00	14.71	1964.30
	3289.65	0.00	14.61	1903.19
	3289.66	0.00	14.45	1829.20
	3289.67	0.00	14.02	1743.35
	3289.68	0.00	13.40	1639.84
	3289.70	0.00	12.88	1566.35
	3289.71	0.00	12.62	1514.49
	3289.72	0.00	12.40	1486.71
	3289.73	0.00	12.33	1476.74
	3289.74	0.00	12.33	1473.73
	3289.75	0.00	12.36	1472.70
	3289.77	0.00	12.28	1450.76
	3289.78	0.00	12.21	1416.79
	3289.79	0.00	12.20	1414.79
	3289.80	0.00	12.21	1414.78
	3289.81	0.00	12.17	1414.86
	3289.82	0.00	12.18	1415.85
	3289.84	0.00	12.21	1427.83
	3289.85	0.00	12.28	1455.80
	3289.86	0.00	12.29	1462.80
	3289.87	0.00	12.31	1468.80
	3289.88	0.00	12.32	1468.80
	3289.89	0.00	12.34	1468.80
	3289.91	0.00	12.35	1469.80
	3289.92	0.00	12.34	1470.80
	3289.93	0.00	12.35	1474.80
	3289.94	0.00	12.35	1474.81
	3289.95	0.00	12.36	1475.79
	3289.97	0.00	12.39	1481.76
	3289.98	0.00	12.38	1479.76
	3289.99	0.00	12.39	1482.76
	3290.00	0.00	12.39	1482.77
	3290.01	0.00	12.40	1484.77
	3290.02	0.00	12.40	1481.77
	3290.04	0.00	12.39	1482.77
	3290.05	0.00	12.40	1484.77
	3290.06	0.00	12.39	1484.78
	3290.07	0.00	12.41	1485.75
	3290.08	0.00	12.45	1486.66
	3290.09	0.00	12.50	1486.58
	3290.11	0.00	12.48	1490.64
	3290.12	0.00	12.47	1493.66
	3290.13	0.00	12.47	1494.67
	3290.14	0.00	12.47	1493.67
	3290.15	0.00	12.49	1499.66
	3290.16	0.00	12.50	1500.63
	3290.18	0.00	12.50	1498.65
	3290.19	0.00	12.38	1507.86
	3290.20	0.00	11.66	1627.28
	3290.21	0.00	10.71	1879.70
	3290.22	0.00	10.16	2054.04
	3290.23	0.00	10.12	2083.24
	3290.25	0.00	10.21	2064.22
	3290.26	0.00	10.38	2028.16
	3290.27	0.00	10.41	2033.16
	3290.28	0.00	10.17	2002.11
	3290.29	0.00	10.57	2135.15
	3290.31	0.00	10.78	2193.15
	3290.32	0.00	10.79	2187.15
	3290.33	0.00	10.88	2193.09
	3290.34	0.00	10.96	2187.09
	3290.35	0.00	11.04	2171.05
	3290.36	0.00	11.11	2157.05
	3290.38	0.00	11.18	2116.94
	3290.39	0.00	11.23	2088.98
	3290.40	0.00	11.41	2080.93
	3290.41	0.00	11.52	2041.85
	3290.42	0.00	11.65	2018.81
	3290.44	0.00	11.75	1986.77
	3290.45	0.00	11.87	1955.71
	3290.46	0.00	12.09	1898.65
	3290.47	0.00	12.26	1854.58
	3290.48	0.00	12.46	1819.50
	3290.50	0.00	12.55	1797.44
	3290.51	0.00	12.63	1796.36
	3290.52	0.00	12.68	1789.29
	3290.53	0.00	12.76	1792.19
	3290.54	0.00	12.80	1791.14
	3290.55	0.00	12.84	1794.13
	3290.57	0.00	12.89	1802.11
	3290.58	0.00	12.94	1785.09
	3290.59	0.00	12.97	1788.04
	3290.60	0.00	13.01	1793.00
	3290.61	0.00	13.08	1797.95
	3290.63	0.00	13.14	1808.90
	3290.64	0.00	13.22	1823.84
	3290.65	0.00	13.38	1849.81
	3290.66	0.00	13.46	1856.71
	3290.67	0.00	13.59	1873.58
	3290.68	0.00	13.80	1908.49
	3290.70	0.00	13.91	1927.47
	3290.71	0.00	13.97	1936.43
	3290.72	0.00	14.08	1956.37
	3290.73	0.00	14.19	1968.28
	3290.74	0.00	14.23	1976.24
	3290.75	0.00	14.36	1979.01
	3290.77	0.00	14.51	1968.74
	3290.78	0.00	14.52	1960.65
	3290.79	0.00	14.50	1906.48
	3290.80	0.00	14.48	1859.38
	3290.81	0.00	14.36	1794.27
	3290.82	0.00	13.98	1710.36
	3290.84	0.00	13.55	1627.56
	3290.85	0.00	13.13	1573.02
	3290.86	0.00	12.73	1494.36
	3290.87	0.00	12.42	1438.57
	3290.88	0.00	12.25	1418.73
	3290.90	0.00	12.31	1445.69
	3290.91	0.00	12.30	1436.68
	3290.92	0.00	12.26	1421.68
	3290.93	0.00	12.22	1413.73
	3290.94	0.00	12.23	1421.75
	3290.95	0.00	12.16	1403.80
	3290.97	0.00	12.16	1397.78
	3290.98	0.00	12.19	1409.79
	3290.99	0.00	12.16	1404.83
	3291.00	0.00	12.15	1405.84
	3291.01	0.00	12.20	1422.85
	3291.02	0.00	12.21	1426.87
	3291.04	0.00	12.20	1425.87
	3291.05	0.00	12.29	1455.81
	3291.06	0.00	12.29	1460.81
	3291.07	0.00	12.31	1466.79
	3291.08	0.00	12.33	1475.80
	3291.10	0.00	12.34	1484.79
	3291.11	0.00	12.34	1484.80
	3291.12	0.00	12.35	1486.81
	3291.13	0.00	12.37	1491.80
	3291.14	0.00	12.36	1491.79
	3291.15	0.00	12.37	1489.79
	3291.17	0.00	12.38	1486.74
	3291.18	0.00	12.38	1485.75
	3291.19	0.00	12.39	1484.71
	3291.20	0.00	12.41	1488.69
	3291.21	0.00	12.41	1489.71
	3291.22	0.00	12.42	1492.69
	3291.24	0.00	12.43	1492.68
	3291.25	0.00	12.43	1492.67
	3291.26	0.00	12.44	1496.67
	3291.27	0.00	12.45	1497.64
	3291.28	0.00	12.45	1498.62
	3291.29	0.00	12.46	1498.61
	3291.31	0.00	12.47	1497.59
	3291.32	0.00	12.46	1495.61
	3291.33	0.00	12.47	1491.59
	3291.34	0.00	12.43	1493.67
	3291.35	0.00	11.89	1559.12
	3291.36	0.00	11.14	1728.56
	3291.38	0.00	10.35	1960.93
	3291.39	0.00	10.19	2041.08
	3291.40	0.00	10.29	2026.06
	3291.41	0.00	10.44	1994.02
	3291.42	0.00	10.46	1998.02
	3291.44	0.00	10.49	2061.12
	3291.45	0.00	10.54	2099.18
	3291.46	0.00	10.63	2123.18
	3291.47	0.00	10.74	2161.15
	3291.48	0.00	10.82	2172.14
	3291.50	0.00	10.91	2170.13
	3291.51	0.00	11.03	2169.06
	3291.52	0.00	11.16	2153.91
	3291.53	0.00	11.33	2147.86
	3291.54	0.00	11.40	2110.84
	3291.55	0.00	11.52	2082.80
	3291.57	0.00	11.63	2035.80
	3291.58	0.00	11.75	2003.79
	3291.59	0.00	11.89	1966.73
	3291.60	0.00	12.11	1924.68
	3291.61	0.00	12.30	1877.52
	3291.63	0.00	12.57	1830.41
	3291.64	0.00	12.69	1818.24
	3291.65	0.00	12.79	1804.03
	3291.66	0.00	12.87	1811.93
	3291.67	0.00	12.89	1787.84
	3291.68	0.00	12.91	1776.77
	3291.70	0.00	13.03	1787.77
	3291.71	0.00	13.05	1754.76
	3291.72	0.00	13.06	1756.74
	3291.73	0.00	13.09	1764.73
	3291.74	0.00	13.12	1764.72
	3291.75	0.00	13.18	1772.69
	3291.77	0.00	13.19	1774.68
	3291.78	0.00	13.27	1773.61
	3291.79	0.00	13.32	1783.61
	3291.80	0.00	13.34	1790.64
	3291.81	0.00	13.41	1804.63
	3291.83	0.00	13.63	1845.63
	3291.84	0.00	13.77	1875.63
	3291.85	0.00	13.83	1884.66
	3291.86	0.00	13.95	1912.68
	3291.87	0.00	14.05	1930.65
	3291.88	0.00	14.18	1955.57
	3291.90	0.00	14.29	1975.50
	3291.91	0.00	14.36	1984.43
	3291.92	0.00	14.42	1985.34
	3291.93	0.00	14.44	1978.25
	3291.94	0.00	14.51	1981.10
	3291.95	0.00	14.61	1955.76
	3291.97	0.00	14.58	1929.64
	3291.98	0.00	14.43	1870.55
	3291.99	0.00	14.20	1808.56
	3292.00	0.00	13.82	1741.84
	3292.01	0.00	13.15	1635.40
	3292.02	0.00	12.73	1552.55
	3292.04	0.00	12.51	1504.65
	3292.05	0.00	12.26	1455.83
	3292.06	0.00	12.11	1421.92
	3292.07	0.00	12.14	1441.90
	3292.08	0.00	12.16	1448.89
	3292.10	0.00	12.02	1401.98
	3292.11	0.00	12.03	1401.97
	3292.12	0.00	12.04	1401.96
	3292.13	0.00	12.06	1403.95
	3292.14	0.00	12.07	1406.93
	3292.15	0.00	12.08	1405.93
	3292.17	0.00	12.08	1404.92
	3292.18	0.00	12.16	1431.87
	3292.19	0.00	12.18	1434.87
	3292.20	0.00	12.23	1441.81
	3292.21	0.00	12.23	1445.82
	3292.22	0.00	12.23	1447.84
	3292.24	0.00	12.19	1437.85
	3292.25	0.00	12.23	1451.85
	3292.26	0.00	12.24	1453.85
	3292.27	0.00	12.25	1462.85
	3292.28	0.00	12.27	1471.85
	3292.30	0.00	12.44	1478.54
	3292.31	0.00	12.45	1482.54
	3292.32	0.00	12.46	1485.54
	3292.33	0.00	12.44	1480.57
	3292.34	0.00	12.44	1482.57
	3292.35	0.00	12.43	1481.58
	3292.37	0.00	12.43	1481.59
	3292.38	0.00	12.45	1477.55
	3292.39	0.00	12.36	1468.65
	3292.40	0.00	12.30	1469.77
	3292.41	0.00	12.30	1476.80
	3292.42	0.00	12.33	1473.81
	3292.44	0.00	12.34	1476.80
	3292.45	0.00	12.36	1485.79
	3292.46	0.00	12.38	1489.76
	3292.47	0.00	12.38	1493.78
	3292.48	0.00	12.38	1488.73
	3292.50	0.00	12.39	1493.73
	3292.51	0.00	12.40	1495.72
	3292.52	0.00	12.38	1494.73
	3292.53	0.00	12.39	1498.72
	3292.54	0.00	12.39	1495.71
	3292.55	0.00	12.39	1496.71
	3292.57	0.00	12.16	1519.04
	3292.58	0.00	11.38	1671.48
	3292.59	0.00	10.44	1900.88
	3292.60	0.00	10.19	2012.13
	3292.61	0.00	10.24	2010.17
	3292.62	0.00	10.44	1961.11
	3292.64	0.00	10.47	1950.13
	3292.65	0.00	10.44	1972.15
	3292.66	0.00	10.40	2016.20
	3292.67	0.00	10.45	2064.22
	3292.68	0.00	10.54	2100.15
	3292.70	0.00	10.65	2141.18
	3292.71	0.00	10.74	2162.18
	3292.72	0.00	10.82	2172.17
	3292.73	0.00	10.85	2151.14
	3292.74	0.00	10.91	2136.11
	3292.75	0.00	10.96	2115.08
	3292.77	0.00	11.01	2096.04
	3292.78	0.00	11.05	2082.02
	3292.79	0.00	11.11	2058.99
	3292.80	0.00	11.15	2035.00
	3292.81	0.00	11.20	2012.98
	3292.83	0.00	11.26	1989.96
	3292.84	0.00	11.33	1967.94
	3292.85	0.00	11.40	1948.89
	3292.86	0.00	11.43	1932.91
	3292.87	0.00	11.44	1909.86
	3292.89	0.00	11.51	1903.85
	3292.90	0.00	11.59	1898.74
	3292.91	0.00	11.64	1882.72
	3292.92	0.00	11.73	1873.74
	3292.93	0.00	11.80	1865.77
	3292.94	0.00	11.88	1864.81
	3292.96	0.00	12.04	1857.78
	3292.97	0.00	12.31	1826.73
	3292.98	0.00	12.45	1827.69
	3292.99	0.00	12.51	1831.60
	3293.00	0.00	12.60	1841.53
	3293.02	0.00	12.70	1848.43
	3293.03	0.00	12.83	1860.28
	3293.04	0.00	12.94	1863.12
	3293.05	0.00	13.02	1861.02
	3293.06	0.00	13.26	1879.96
	3293.07	0.00	13.44	1897.90
	3293.09	0.00	13.55	1906.87
	3293.10	0.00	13.67	1916.85
	3293.11	0.00	13.76	1916.79
	3293.12	0.00	13.89	1930.73
	3293.13	0.00	13.98	1947.71
	3293.14	0.00	14.08	1958.64
	3293.16	0.00	14.18	1971.50
	3293.17	0.00	14.26	1971.31
	3293.18	0.00	14.45	1975.94
	3293.19	0.00	14.47	1946.69
	3293.20	0.00	14.41	1885.50
	3293.21	0.00	14.25	1828.47
	3293.23	0.00	13.93	1755.60
	3293.24	0.00	13.05	1627.26
	3293.25	0.00	12.65	1557.63
	3293.26	0.00	12.37	1508.82
	3293.27	0.00	12.24	1491.91
	3293.29	0.00	12.28	1491.86
	3293.30	0.00	12.25	1488.88
	3293.31	0.00	12.25	1486.87
	3293.32	0.00	12.25	1485.88
	3293.33	0.00	12.27	1483.84
	3293.34	0.00	12.25	1480.87
	3293.36	0.00	12.25	1483.87
	3293.37	0.00	12.25	1477.87
	3293.38	0.00	12.24	1476.87
	3293.39	0.00	12.21	1466.86
	3293.40	0.00	12.24	1471.86
	3293.41	0.00	12.25	1475.85
	3293.43	0.00	12.25	1474.86
	3293.44	0.00	12.26	1477.84
	3293.45	0.00	12.26	1480.83
	3293.46	0.00	12.28	1487.82
	3293.47	0.00	12.27	1489.85
	3293.49	0.00	12.30	1492.82
	3293.50	0.00	12.28	1488.82
	3293.51	0.00	12.29	1491.82
	3293.52	0.00	12.31	1494.82
	3293.53	0.00	12.30	1491.81
	3293.54	0.00	12.31	1493.81
	3293.55	0.00	12.33	1491.77
	3293.57	0.00	12.33	1490.78
	3293.58	0.00	12.31	1491.84
	3293.59	0.00	12.28	1489.86
	3293.60	0.00	12.28	1489.86
	3293.61	0.00	12.27	1485.86
	3293.63	0.00	12.27	1485.86
	3293.64	0.00	12.27	1484.86
	3293.65	0.00	12.29	1485.82
	3293.66	0.00	12.30	1488.83
	3293.67	0.00	12.22	1469.82
	3293.68	0.00	12.32	1494.82
	3293.70	0.00	12.31	1494.82
	3293.71	0.00	12.31	1493.82
	3293.72	0.00	12.36	1496.73
	3293.73	0.00	12.37	1499.72
	3293.74	0.00	12.38	1507.72
	3293.75	0.00	12.29	1519.88
	3293.77	0.00	11.64	1624.33
	3293.78	0.00	10.91	1812.71
	3293.79	0.00	10.57	1930.95
	3293.80	0.00	10.43	1972.09
	3293.81	0.00	10.43	1977.10
	3293.83	0.00	10.51	1974.04
	3293.84	0.00	10.57	1992.02
	3293.85	0.00	10.82	2036.03
	3293.86	0.00	10.90	2092.00
	3293.87	0.00	10.92	2101.06
	3293.88	0.00	10.97	2108.07
	3293.90	0.00	10.99	2113.09
	3293.91	0.00	11.03	2115.05
	3293.92	0.00	11.06	2105.05
	3293.93	0.00	11.11	2091.02
	3293.94	0.00	11.14	2068.03
	3293.96	0.00	11.22	2043.01
	3293.97	0.00	11.30	2022.99
	3293.98	0.00	11.42	1999.91
	3293.99	0.00	11.57	1972.86
	3294.00	0.00	11.64	1940.83
	3294.02	0.00	11.76	1918.79
	3294.03	0.00	11.86	1892.76
	3294.04	0.00	11.99	1863.73
	3294.05	0.00	12.17	1844.67
	3294.06	0.00	12.31	1816.64
	3294.07	0.00	12.42	1799.59
	3294.09	0.00	12.59	1782.56
	3294.10	0.00	12.63	1780.52
	3294.11	0.00	12.70	1789.47
	3294.12	0.00	12.72	1795.48
	3294.13	0.00	12.80	1803.41
	3294.15	0.00	12.85	1814.40
	3294.16	0.00	12.88	1817.36
	3294.17	0.00	12.92	1817.30
	3294.18	0.00	12.98	1818.21
	3294.19	0.00	13.00	1813.16
	3294.20	0.00	13.07	1833.12
	3294.22	0.00	13.11	1844.08
	3294.23	0.00	13.26	1868.12
	3294.24	0.00	13.29	1867.06
	3294.25	0.00	13.37	1864.89
	3294.26	0.00	13.40	1868.85
	3294.27	0.00	13.41	1861.82
	3294.29	0.00	13.43	1858.76
	3294.30	0.00	13.59	1873.64
	3294.31	0.00	13.51	1846.72
	3294.32	0.00	13.51	1834.67
	3294.33	0.00	13.48	1825.67
	3294.35	0.00	13.46	1807.62
	3294.36	0.00	13.39	1770.57
	3294.37	0.00	13.33	1747.56
	3294.38	0.00	13.19	1698.46
	3294.39	0.00	13.09	1649.43
	3294.40	0.00	12.92	1587.44
	3294.42	0.00	12.78	1565.55
	3294.43	0.00	12.61	1521.60
	3294.44	0.00	12.39	1495.83
	3294.45	0.00	12.28	1471.88
	3294.46	0.00	12.20	1463.94
	3294.47	0.00	12.21	1479.95
	3294.49	0.00	12.25	1486.94
	3294.50	0.00	12.27	1490.93
	3294.51	0.00	12.27	1491.93
	3294.52	0.00	12.26	1485.92
	3294.53	0.00	12.26	1485.92
	3294.54	0.00	12.27	1484.91
	3294.56	0.00	12.29	1482.91
	3294.57	0.00	12.26	1476.91
	3294.58	0.00	12.24	1479.93
	3294.59	0.00	12.25	1483.91
	3294.60	0.00	12.30	1493.87
	3294.62	0.00	12.32	1499.88
	3294.63	0.00	12.32	1503.89
	3294.64	0.00	12.33	1500.89
	3294.65	0.00	12.32	1503.89
	3294.66	0.00	12.32	1503.89
	3294.67	0.00	12.28	1495.90
	3294.69	0.00	12.31	1502.90
	3294.70	0.00	12.31	1505.91
	3294.71	0.00	12.32	1505.90
	3294.72	0.00	12.31	1503.91
	3294.73	0.00	12.31	1503.92
	3294.75	0.00	12.32	1505.92
	3294.76	0.00	12.31	1505.92
	3294.77	0.00	12.34	1504.85
	3294.78	0.00	12.35	1505.83
	3294.79	0.00	12.35	1503.83
	3294.80	0.00	12.37	1499.77
	3294.81	0.00	12.36	1496.79
	3294.83	0.00	12.34	1486.78
	3294.84	0.00	12.33	1484.78
	3294.85	0.00	12.33	1484.77
	3294.86	0.00	12.29	1473.77
	3294.87	0.00	12.32	1481.76
	3294.88	0.00	12.32	1481.76
	3294.90	0.00	12.33	1479.75
	3294.91	0.00	12.31	1475.76
	3294.92	0.00	12.35	1482.74
	3294.93	0.00	12.35	1484.73
	3294.94	0.00	12.37	1496.72
	3294.96	0.00	12.30	1495.81
	3294.97	0.00	12.08	1532.90
	3294.98	0.00	11.66	1616.14
	3294.99	0.00	11.18	1727.42
	3295.00	0.00	10.92	1802.58
	3295.01	0.00	10.76	1856.67
	3295.03	0.00	10.68	1913.72
	3295.04	0.00	10.67	1916.79
	3295.05	0.00	10.70	1945.83
	3295.06	0.00	10.82	2018.86
	3295.07	0.00	10.94	2045.89
	3295.09	0.00	11.01	2073.90
	3295.10	0.00	11.06	2115.90
	3295.11	0.00	11.10	2126.91
	3295.12	0.00	11.16	2139.91
	3295.13	0.00	11.26	2142.77
	3295.14	0.00	11.33	2141.78
	3295.16	0.00	11.38	2129.76
	3295.17	0.00	11.55	2129.77
	3295.18	0.00	11.61	2114.80
	3295.19	0.00	11.75	2095.72
	3295.20	0.00	11.86	2078.71
	3295.22	0.00	11.97	2046.62
	3295.23	0.00	12.12	2016.55
	3295.24	0.00	12.26	1983.47
	3295.25	0.00	12.44	1953.36
	3295.26	0.00	12.59	1925.29
	3295.28	0.00	12.76	1885.16
	3295.29	0.00	12.92	1893.01
	3295.30	0.00	13.01	1874.90
	3295.31	0.00	13.12	1887.80
	3295.32	0.00	13.19	1891.73
	3295.33	0.00	13.20	1885.69
	3295.35	0.00	13.22	1878.66
	3295.36	0.00	13.25	1884.64
	3295.37	0.00	13.31	1887.61
	3295.38	0.00	13.33	1884.61
	3295.39	0.00	13.37	1882.56
	3295.41	0.00	13.40	1881.55
	3295.42	0.00	13.43	1873.54
	3295.43	0.00	13.45	1869.54
	3295.44	0.00	13.44	1846.52
	3295.45	0.00	13.52	1843.51
	3295.46	0.00	13.64	1859.51
	3295.47	0.00	13.66	1854.50
	3295.49	0.00	13.71	1854.43
	3295.50	0.00	13.73	1857.49
	3295.51	0.00	13.76	1859.47
	3295.52	0.00	13.78	1862.47
	3295.53	0.00	13.85	1858.36
	3295.55	0.00	13.85	1848.36
	3295.56	0.00	13.89	1854.31
	3295.57	0.00	13.91	1853.27
	3295.58	0.00	13.91	1845.24
	3295.59	0.00	13.90	1836.21
	3295.60	0.00	13.85	1824.21
	3295.62	0.00	13.79	1809.23
	3295.63	0.00	13.74	1792.24
	3295.64	0.00	13.57	1761.37
	3295.65	0.00	13.43	1726.44
	3295.66	0.00	13.25	1685.54
	3295.67	0.00	13.07	1640.57
	3295.69	0.00	12.73	1574.65
	3295.70	0.00	12.45	1527.72
	3295.71	0.00	12.38	1517.78
	3295.72	0.00	12.35	1516.82
	3295.73	0.00	12.33	1512.83
	3295.75	0.00	12.29	1502.85
	3295.76	0.00	12.28	1500.85
	3295.77	0.00	12.29	1502.85
	3295.78	0.00	12.28	1499.86
	3295.79	0.00	12.27	1494.85
	3295.80	0.00	12.29	1499.85
	3295.82	0.00	12.28	1496.85
	3295.83	0.00	12.28	1494.85
	3295.84	0.00	12.26	1494.86
	3295.85	0.00	12.26	1492.86
	3295.86	0.00	12.26	1494.86
	3295.87	0.00	12.44	1495.51
	3295.89	0.00	12.44	1498.52
	3295.90	0.00	12.45	1498.51
	3295.91	0.00	12.45	1498.50
	3295.92	0.00	12.45	1499.52
	3295.93	0.00	12.47	1510.54
	3295.94	0.00	12.46	1505.55
	3295.96	0.00	12.47	1505.55
	3295.97	0.00	12.48	1506.54
	3295.98	0.00	12.47	1502.54
	3295.99	0.00	12.47	1502.55
	3296.00	0.00	12.47	1501.55
	3296.02	0.00	12.46	1497.55
	3296.03	0.00	12.37	1480.63
	3296.04	0.00	12.32	1478.71
	3296.05	0.00	12.31	1481.76
	3296.06	0.00	12.31	1476.78
	3296.07	0.00	12.33	1477.79
	3296.09	0.00	12.34	1479.78
	3296.10	0.00	12.33	1475.77
	3296.11	0.00	12.34	1478.78
	3296.12	0.00	12.29	1456.73
	3296.13	0.00	12.28	1460.76
	3296.14	0.00	12.33	1478.77
	3296.16	0.00	12.34	1483.77
	3296.17	0.00	12.38	1505.75
	3296.18	0.00	12.42	1508.67
	3296.19	0.00	12.38	1508.74
	3296.20	0.00	12.34	1513.81
	3296.22	0.00	12.27	1532.89
	3296.23	0.00	12.02	1573.00
	3296.24	0.00	11.52	1668.37
	3296.25	0.00	11.19	1736.53
	3296.26	0.00	11.04	1792.63
	3296.27	0.00	10.98	1826.66
	3296.29	0.00	11.01	1847.61
	3296.30	0.00	11.04	1883.74
	3296.31	0.00	11.13	1920.76
	3296.32	0.00	11.21	1990.79
	3296.33	0.00	11.31	2031.73
	3296.35	0.00	11.34	2027.73
	3296.36	0.00	11.40	2058.80
	3296.37	0.00	11.40	2093.82
	3296.38	0.00	11.44	2109.84
	3296.39	0.00	11.50	2120.85
	3296.40	0.00	11.56	2113.83
	3296.42	0.00	11.63	2106.80
	3296.43	0.00	11.71	2092.79
	3296.44	0.00	11.81	2074.76
	3296.45	0.00	11.94	2026.71
	3296.46	0.00	12.04	1999.71
	3296.48	0.00	12.16	1967.67
	3296.49	0.00	12.32	1943.62
	3296.50	0.00	12.41	1920.58
	3296.51	0.00	12.58	1888.46
	3296.52	0.00	12.76	1844.41
	3296.53	0.00	12.83	1843.33
	3296.55	0.00	12.91	1841.21
	3296.56	0.00	13.06	1829.98
	3296.57	0.00	13.13	1836.88
	3296.58	0.00	13.24	1836.65
	3296.59	0.00	13.26	1840.65
	3296.61	0.00	13.27	1835.63
	3296.62	0.00	13.27	1832.60
	3296.63	0.00	13.26	1827.63
	3296.64	0.00	13.26	1830.67
	3296.65	0.00	13.25	1835.73
	3296.66	0.00	13.28	1838.69
	3296.68	0.00	13.33	1838.67
	3296.69	0.00	13.36	1847.65
	3296.70	0.00	13.38	1854.64
	3296.71	0.00	13.41	1848.61
	3296.72	0.00	13.44	1854.60
	3296.73	0.00	13.59	1883.56
	3296.75	0.00	13.57	1874.54
	3296.76	0.00	13.61	1874.48
	3296.77	0.00	13.66	1885.41
	3296.78	0.00	13.70	1880.36
	3296.79	0.00	13.75	1881.26
	3296.80	0.00	13.86	1876.07
	3296.82	0.00	14.00	1867.77
	3296.83	0.00	14.08	1865.62
	3296.84	0.00	14.13	1841.49
	3296.85	0.00	14.08	1813.46
	3296.86	0.00	13.97	1775.45
	3296.87	0.00	13.71	1713.51
	3296.89	0.00	13.37	1671.91
	3296.90	0.00	12.95	1623.43
	3296.91	0.00	12.68	1579.65
	3296.92	0.00	12.49	1538.77
	3296.93	0.00	12.36	1513.83
	3296.95	0.00	12.34	1507.82
	3296.96	0.00	12.35	1511.80
	3296.97	0.00	12.36	1516.81
	3296.98	0.00	12.37	1518.81
	3296.99	0.00	12.37	1514.80
	3297.00	0.00	12.35	1504.80
	3297.02	0.00	12.34	1498.80
	3297.03	0.00	12.33	1491.80
	3297.04	0.00	12.34	1489.79
	3297.05	0.00	12.33	1488.79
	3297.06	0.00	12.34	1486.79
	3297.07	0.00	12.33	1487.79
	3297.09	0.00	12.33	1487.79
	3297.10	0.00	12.35	1487.73
	3297.11	0.00	12.37	1495.73
	3297.12	0.00	12.38	1500.73
	3297.13	0.00	12.38	1501.73
	3297.14	0.00	12.38	1498.73
	3297.16	0.00	12.39	1505.72
	3297.17	0.00	12.41	1514.71
	3297.18	0.00	12.43	1515.68
	3297.19	0.00	12.41	1514.70
	3297.20	0.00	12.38	1504.70
	3297.22	0.00	12.39	1506.70
	3297.23	0.00	12.40	1504.69
	3297.24	0.00	12.41	1505.69
	3297.25	0.00	12.40	1503.69
	3297.26	0.00	12.40	1501.69
	3297.27	0.00	12.39	1499.70
	3297.29	0.00	12.39	1498.68
	3297.30	0.00	12.38	1491.67
	3297.31	0.00	12.39	1494.67
	3297.32	0.00	12.38	1493.68
	3297.33	0.00	12.39	1492.66
	3297.34	0.00	12.40	1490.65
	3297.36	0.00	12.41	1488.62
	3297.37	0.00	12.41	1491.64
	3297.38	0.00	12.41	1493.64
	3297.39	0.00	12.38	1490.67
	3297.40	0.00	12.38	1487.67
	3297.42	0.00	12.37	1488.68
	3297.43	0.00	12.29	1497.82
	3297.44	0.00	12.02	1542.00
	3297.45	0.00	11.48	1637.38
	3297.46	0.00	11.09	1734.59
	3297.47	0.00	10.91	1801.69
	3297.49	0.00	10.79	1846.78
	3297.50	0.00	10.75	1871.80
	3297.51	0.00	10.76	1896.81
	3297.52	0.00	10.86	1954.80
	3297.53	0.00	10.97	1999.76
	3297.55	0.00	11.08	2042.79
	3297.56	0.00	11.13	2069.80
	3297.57	0.00	11.14	2086.85
	3297.58	0.00	11.17	2098.89
	3297.59	0.00	11.20	2110.86
	3297.60	0.00	11.25	2112.90
	3297.62	0.00	11.29	2107.84
	3297.63	0.00	11.34	2104.85
	3297.64	0.00	11.39	2100.84
	3297.65	0.00	11.45	2095.83
	3297.66	0.00	11.56	2089.77
	3297.68	0.00	11.65	2083.76
	3297.69	0.00	11.72	2065.74
	3297.70	0.00	11.83	2045.65
	3297.71	0.00	11.93	2017.71
	3297.72	0.00	12.04	1995.67
	3297.73	0.00	12.21	1967.61
	3297.75	0.00	12.41	1926.49
	3297.76	0.00	12.56	1908.41
	3297.77	0.00	12.82	1877.32
	3297.78	0.00	12.88	1875.22
	3297.79	0.00	12.99	1878.06
	3297.81	0.00	13.06	1870.95
	3297.82	0.00	13.23	1867.90
	3297.83	0.00	13.26	1868.86
	3297.84	0.00	13.31	1875.82
	3297.85	0.00	13.36	1881.80
	3297.86	0.00	13.39	1883.76
	3297.88	0.00	13.43	1885.72
	3297.89	0.00	13.48	1891.67
	3297.90	0.00	13.52	1894.64
	3297.91	0.00	13.56	1897.58
	3297.92	0.00	13.58	1900.55
	3297.93	0.00	13.60	1900.52
	3297.95	0.00	13.63	1901.50
	3297.96	0.00	13.69	1901.42
	3297.97	0.00	13.74	1902.33
	3297.98	0.00	13.81	1903.21
	3297.99	0.00	13.98	1903.90
	3298.01	0.00	14.02	1899.82
	3298.02	0.00	14.04	1895.77
	3298.03	0.00	14.09	1887.69
	3298.04	0.00	14.11	1879.63
	3298.05	0.00	14.12	1861.52
	3298.06	0.00	14.13	1834.43
	3298.08	0.00	14.11	1811.40
	3298.09	0.00	14.07	1772.34
	3298.10	0.00	13.97	1730.35
	3298.11	0.00	13.84	1683.37
	3298.12	0.00	13.53	1635.60
	3298.13	0.00	13.00	1569.08
	3298.15	0.00	12.72	1528.30
	3298.16	0.00	12.56	1509.45
	3298.17	0.00	12.48	1502.52
	3298.18	0.00	12.49	1511.55
	3298.19	0.00	12.46	1496.53
	3298.20	0.00	12.42	1492.56
	3298.22	0.00	12.46	1495.52
	3298.23	0.00	12.40	1482.56
	3298.24	0.00	12.35	1482.66
	3298.25	0.00	12.34	1478.68
	3298.26	0.00	12.32	1480.73
	3298.28	0.00	12.33	1474.74
	3298.29	0.00	12.34	1475.75
	3298.30	0.00	12.40	1478.64
	3298.31	0.00	12.37	1483.74
	3298.32	0.00	12.36	1481.74
	3298.33	0.00	12.30	1454.70
	3298.35	0.00	12.34	1470.73
	3298.36	0.00	12.35	1476.73
	3298.37	0.00	12.37	1482.73
	3298.38	0.00	12.37	1484.73
	3298.39	0.00	12.39	1488.72
	3298.40	0.00	12.39	1497.74
	3298.42	0.00	12.39	1496.74
	3298.43	0.00	12.44	1507.69
	3298.44	0.00	12.45	1510.68
	3298.45	0.00	12.45	1513.70
	3298.46	0.00	12.45	1514.71
	3298.48	0.00	12.44	1514.72
	3298.49	0.00	12.42	1513.74
	3298.50	0.00	12.44	1519.72
	3298.51	0.00	12.43	1519.72
	3298.52	0.00	12.42	1513.69
	3298.53	0.00	12.42	1518.73
	3298.55	0.00	12.42	1518.74
	3298.56	0.00	12.42	1519.74
	3298.57	0.00	12.43	1522.74
	3298.58	0.00	12.42	1522.74
	3298.59	0.00	12.44	1523.71
	3298.60	0.00	12.43	1512.66
	3298.62	0.00	12.38	1524.74
	3298.63	0.00	12.13	1562.85
	3298.64	0.00	11.68	1648.16
	3298.65	0.00	11.12	1783.48
	3298.66	0.00	10.82	1849.63
	3298.67	0.00	10.76	1895.68
	3298.69	0.00	10.73	1936.71
	3298.70	0.00	10.77	1962.74
	3298.71	0.00	10.87	1990.80
	3298.72	0.00	10.97	2059.81
	3298.73	0.00	10.98	2051.84
	3298.75	0.00	11.04	2079.88
	3298.76	0.00	11.07	2116.91
	3298.77	0.00	11.12	2133.96
	3298.78	0.00	11.15	2139.98
	3298.79	0.00	11.20	2137.97
	3298.80	0.00	11.26	2133.95
	3298.82	0.00	11.31	2121.91
	3298.83	0.00	11.34	2111.91
	3298.84	0.00	11.39	2097.89
	3298.85	0.00	11.44	2073.87
	3298.86	0.00	11.52	2052.74
	3298.88	0.00	11.57	2031.72
	3298.89	0.00	11.61	1993.70
	3298.90	0.00	11.65	1996.68
	3298.91	0.00	11.64	1981.78
	3298.92	0.00	11.70	1969.77
	3298.93	0.00	11.81	1954.75
	3298.95	0.00	11.87	1946.72
	3298.96	0.00	11.92	1936.67
	3298.97	0.00	12.02	1931.64
	3298.98	0.00	12.10	1926.65
	3299.00	0.00	12.17	1914.64
	3299.01	0.00	12.32	1917.58
	3299.02	0.00	12.41	1909.60
	3299.03	0.00	12.48	1912.59
	3299.04	0.00	12.50	1908.59
	3299.05	0.00	12.55	1921.58
	3299.06	0.00	12.61	1933.57
	3299.08	0.00	12.66	1939.60
	3299.09	0.00	12.73	1942.59
	3299.10	0.00	12.81	1934.51
	3299.11	0.00	12.97	1920.47
	3299.12	0.00	13.06	1927.39
	3299.14	0.00	13.12	1921.31
	3299.15	0.00	13.20	1929.21
	3299.16	0.00	13.31	1928.01
	3299.17	0.00	13.35	1934.98
	3299.18	0.00	13.38	1929.91
	3299.19	0.00	13.38	1923.90
	3299.21	0.00	13.36	1911.89
	3299.22	0.00	13.36	1894.80
	3299.23	0.00	13.37	1871.69
	3299.24	0.00	13.31	1824.62
	3299.25	0.00	13.23	1768.56
	3299.27	0.00	13.06	1681.57
	3299.28	0.00	12.94	1632.52
	3299.29	0.00	12.83	1586.50
	3299.30	0.00	12.76	1586.51
	3299.31	0.00	12.58	1554.62
	3299.32	0.00	12.38	1521.76
	3299.34	0.00	12.27	1503.87
	3299.35	0.00	12.21	1494.92
	3299.36	0.00	12.22	1499.91
	3299.37	0.00	12.22	1494.90
	3299.38	0.00	12.25	1501.90
	3299.40	0.00	12.23	1496.90
	3299.41	0.00	12.22	1494.92
	3299.42	0.00	12.24	1488.92
	3299.43	0.00	12.22	1487.92
	3299.44	0.00	12.22	1488.93
	3299.45	0.00	12.21	1490.94
	3299.47	0.00	12.24	1496.92
	3299.48	0.00	12.27	1495.86
	3299.49	0.00	12.27	1497.87
	3299.50	0.00	12.29	1505.87
	3299.51	0.00	12.29	1503.88
	3299.52	0.00	12.29	1506.86
	3299.54	0.00	12.30	1505.86
	3299.55	0.00	12.30	1506.86
	3299.56	0.00	12.31	1508.86
	3299.57	0.00	12.42	1510.64
	3299.58	0.00	12.41	1513.67
	3299.60	0.00	12.41	1515.68
	3299.61	0.00	12.39	1515.73
	3299.62	0.00	12.38	1512.74
	3299.63	0.00	12.38	1511.74
	3299.64	0.00	12.38	1511.72
	3299.65	0.00	12.37	1508.72
	3299.66	0.00	12.30	1502.82
	3299.68	0.00	12.30	1505.84
	3299.69	0.00	12.29	1502.84
	3299.70	0.00	12.31	1499.84
	3299.71	0.00	12.32	1496.80
	3299.72	0.00	12.33	1494.79
	3299.74	0.00	12.33	1492.77
	3299.75	0.00	12.31	1478.73
	3299.76	0.00	12.31	1476.74
	3299.77	0.00	12.32	1476.74
	3299.78	0.00	12.32	1481.74
	3299.79	0.00	12.27	1487.82
	3299.81	0.00	12.14	1512.93
	3299.82	0.00	11.92	1547.08
	3299.83	0.00	11.53	1630.33
	3299.84	0.00	11.10	1767.53
	3299.85	0.00	10.67	1894.71
	3299.86	0.00	10.51	1959.82
	3299.88	0.00	10.43	1995.89
	3299.89	0.00	10.48	1982.94
	3299.90	0.00	10.50	2016.96
	3299.91	0.00	10.56	2047.98
	3299.92	0.00	10.63	2075.99
	3299.94	0.00	10.81	2128.94
	3299.95	0.00	10.91	2141.93
	3299.96	0.00	10.97	2142.94
	3299.97	0.00	11.05	2139.91
	3299.98	0.00	11.13	2132.89
	3300.00	0.00	11.26	2134.85
	3300.01	0.00	11.35	2114.82
	3300.02	0.00	11.44	2092.77
	3300.03	0.00	11.53	2068.74
	3300.04	0.00	11.67	2055.70
	3300.05	0.00	11.78	2024.67
	3300.07	0.00	11.89	1996.65
	3300.08	0.00	11.98	1955.63
	3300.09	0.00	12.09	1941.59
	3300.10	0.00	12.20	1919.53
	3300.11	0.00	12.34	1907.33
	3300.13	0.00	12.33	1882.43
	3300.14	0.00	12.40	1877.40
	3300.15	0.00	12.43	1868.39
	3300.16	0.00	12.45	1861.38
	3300.17	0.00	12.53	1854.24
	3300.18	0.00	12.60	1828.20
	3300.20	0.00	12.67	1813.17
	3300.21	0.00	12.83	1828.12
	3300.22	0.00	12.94	1815.02
	3300.23	0.00	13.08	1811.88
	3300.24	0.00	13.07	1802.88
	3300.25	0.00	13.08	1803.86
	3300.27	0.00	13.11	1805.84
	3300.28	0.00	13.10	1805.87
	3300.29	0.00	13.06	1792.90
	3300.30	0.00	13.06	1801.91
	3300.31	0.00	13.04	1806.95
	3300.33	0.00	13.02	1808.99
	3300.34	0.00	13.01	1812.99
	3300.35	0.00	12.90	1809.14
	3300.36	0.00	12.90	1822.15
	3300.37	0.00	12.78	1846.24
	3300.38	0.00	12.67	1847.33
	3300.40	0.00	12.62	1846.37
	3300.41	0.00	12.54	1844.39
	3300.42	0.00	12.38	1808.41
	3300.43	0.00	12.35	1798.42
	3300.44	0.00	12.36	1778.36
	3300.46	0.00	12.34	1740.41
	3300.47	0.00	12.35	1715.40
	3300.48	0.00	12.38	1693.32
	3300.49	0.00	12.40	1677.29
	3300.50	0.00	12.38	1659.26
	3300.51	0.00	12.38	1641.20
	3300.53	0.00	12.38	1639.17
	3300.54	0.00	12.39	1631.11
	3300.55	0.00	12.38	1619.07
	3300.56	0.00	12.36	1611.06
	3300.57	0.00	12.35	1606.06
	3300.58	0.00	12.36	1605.05
	3300.60	0.00	12.34	1603.05
	3300.61	0.00	12.34	1602.03
	3300.62	0.00	12.32	1595.07
	3300.63	0.00	12.32	1603.07
	3300.64	0.00	12.33	1605.07
	3300.66	0.00	12.33	1605.07
	3300.67	0.00	12.34	1606.07
	3300.68	0.00	12.35	1601.03
	3300.69	0.00	12.33	1596.04
	3300.70	0.00	12.32	1593.06
	3300.71	0.00	12.33	1592.07
	3300.73	0.00	12.29	1578.09
	3300.74	0.00	12.33	1587.09
	3300.75	0.00	12.34	1588.09
	3300.76	0.00	12.33	1588.10
	3300.77	0.00	12.36	1593.05
	3300.79	0.00	12.35	1590.05
	3300.80	0.00	12.34	1594.07
	3300.81	0.00	12.33	1598.08
	3300.82	0.00	12.32	1603.12
	3300.83	0.00	12.32	1605.13
	3300.84	0.00	12.30	1608.16
	3300.85	0.00	12.27	1613.19
	3300.87	0.00	12.30	1622.97
	3300.88	0.00	12.28	1630.97
	3300.89	0.00	12.28	1641.00
	3300.90	0.00	12.25	1647.06
	3300.91	0.00	12.20	1648.11
	3300.93	0.00	12.19	1657.13
	3300.94	0.00	12.12	1649.20
	3300.95	0.00	12.05	1656.33
	3300.96	0.00	12.03	1657.37
	3300.97	0.00	12.01	1668.40
	3300.98	0.00	11.98	1666.37
	3301.00	0.00	11.93	1670.42
	3301.01	0.00	11.92	1683.45
	3301.02	0.00	11.92	1690.47
	3301.03	0.00	11.90	1701.50
	3301.04	0.00	11.84	1698.47
	3301.06	0.00	11.88	1733.49
	3301.07	0.00	11.85	1746.52
	3301.08	0.00	11.83	1749.54
	3301.09	0.00	11.81	1759.55
	3301.10	0.00	11.78	1763.56
	3301.11	0.00	11.75	1761.56
	3301.13	0.00	11.73	1772.62
	3301.14	0.00	11.71	1772.61
	3301.15	0.00	11.69	1780.63
	3301.16	0.00	11.68	1783.63
	3301.17	0.00	11.65	1781.60
	3301.19	0.00	11.63	1786.60
	3301.20	0.00	11.57	1788.61
	3301.21	0.00	11.53	1795.62
	3301.22	0.00	11.46	1790.63
	3301.23	0.00	11.39	1780.64
	3301.25	0.00	11.41	1797.65
	3301.26	0.00	11.37	1805.66
	3301.27	0.00	11.34	1811.66
	3301.28	0.00	11.29	1808.67
	3301.29	0.00	11.25	1808.68
	3301.30	0.00	11.25	1814.69
	3301.32	0.00	11.24	1816.69
	3301.33	0.00	11.23	1816.70
	3301.34	0.00	11.24	1813.71
	3301.35	0.00	11.21	1816.75
	3301.36	0.00	11.22	1817.75
	3301.37	0.00	11.22	1817.76
	3301.39	0.00	11.22	1820.77
	3301.40	0.00	11.23	1822.73
	3301.41	0.00	11.23	1824.75
	3301.42	0.00	11.23	1823.75
	3301.43	0.00	11.22	1823.76
	3301.44	0.00	11.29	1821.55
	3301.46	0.00	11.32	1825.50
	3301.47	0.00	11.31	1825.55
	3301.48	0.00	11.31	1824.53
	3301.49	0.00	11.30	1821.54
	3301.50	0.00	11.27	1808.52
	3301.52	0.00	11.23	1805.65
	3301.53	0.00	11.24	1814.69
	3301.54	0.00	11.21	1806.71
	3301.55	0.00	11.23	1801.72
	3301.56	0.00	11.22	1801.75
	3301.57	0.00	11.22	1796.72
	3301.59	0.00	11.22	1786.68
	3301.60	0.00	11.21	1783.70
	3301.61	0.00	11.24	1789.71
	3301.62	0.00	11.27	1779.72
	3301.63	0.00	11.26	1803.72
	3301.65	0.00	11.27	1799.67
	3301.66	0.00	11.29	1802.69
	3301.67	0.00	11.30	1806.69
	3301.68	0.00	11.30	1804.69
	3301.69	0.00	11.30	1801.70
	3301.70	0.00	11.29	1803.71
	3301.72	0.00	11.29	1801.69
	3301.73	0.00	11.29	1801.71
	3301.74	0.00	11.29	1775.72
	3301.75	0.00	11.30	1798.71
	3301.76	0.00	11.31	1793.72
	3301.78	0.00	11.29	1793.72
	3301.79	0.00	11.29	1788.68
	3301.80	0.00	11.31	1791.66
	3301.81	0.00	11.29	1782.67
	3301.82	0.00	11.32	1791.66
	3301.83	0.00	11.32	1791.66
	3301.85	0.00	11.29	1784.67
	3301.86	0.00	11.30	1786.66
	3301.87	0.00	11.30	1765.66
	3301.88	0.00	11.30	1765.66
	3301.89	0.00	11.30	1765.66
	3301.90	0.00	11.29	1765.68
	3301.92	0.00	11.29	1764.66
	3301.93	0.00	11.29	1785.66
	3301.94	0.00	11.30	1765.66
	3301.95	0.00	11.30	1765.67
	3301.96	0.00	11.30	1786.66
	3301.98	0.00	11.30	1784.66
	3301.99	0.00	11.29	1783.69
	3302.00	0.00	11.28	1782.73
	3302.01	0.00	11.28	1783.72
	3302.02	0.00	11.28	1784.73
	3302.03	0.00	11.29	1782.68
	3302.05	0.00	11.29	1784.70
	3302.06	0.00	11.29	1786.71
	3302.07	0.00	11.29	1787.72
	3302.08	0.00	11.28	1787.72
	3302.09	0.00	11.33	1785.57
	3302.11	0.00	11.40	1788.41
	3302.12	0.00	11.39	1792.47
	3302.13	0.00	11.37	1785.49
	3302.14	0.00	11.37	1788.49
	3302.15	0.00	11.36	1776.44
	3302.16	0.00	11.33	1775.50
	3302.18	0.00	11.29	1776.63
	3302.19	0.00	11.29	1773.67
	3302.20	0.00	11.29	1772.68
	3302.21	0.00	11.30	1772.68
	3302.22	0.00	11.31	1774.67
	3302.23	0.00	11.28	1763.67
	3302.25	0.00	11.27	1759.66
	3302.26	0.00	11.27	1755.68
	3302.27	0.00	11.33	1760.68
	3302.28	0.00	11.32	1759.69
	3302.29	0.00	11.34	1764.69
	3302.30	0.00	11.30	1755.70
	3302.32	0.00	11.36	1768.65
	3302.33	0.00	11.38	1772.67
	3302.34	0.00	11.37	1770.67
	3302.35	0.00	11.36	1771.70
	3302.36	0.00	11.35	1744.67
	3302.38	0.00	11.36	1773.68
	3302.39	0.00	11.35	1770.66
	3302.40	0.00	11.35	1773.69
	3302.41	0.00	11.36	1773.70
	3302.42	0.00	11.36	1774.70
	3302.43	0.00	11.37	1753.69
	3302.45	0.00	11.35	1772.71
	3302.46	0.00	11.36	1768.65
	3302.47	0.00	11.37	1769.65
	3302.48	0.00	11.38	1770.64
	3302.49	0.00	11.38	1768.65
	3302.51	0.00	11.38	1768.64
	3302.52	0.00	11.38	1768.64
	3302.53	0.00	11.37	1763.63
	3302.54	0.00	11.37	1762.63
	3302.55	0.00	11.37	1761.62
	3302.56	0.00	11.38	1742.63
	3302.58	0.00	11.37	1741.63
	3302.59	0.00	11.37	1741.63
	3302.60	0.00	11.38	1742.64
	3302.61	0.00	11.37	1738.63
	3302.62	0.00	11.38	1738.63
	3302.63	0.00	11.37	1735.63
	3302.65	0.00	11.38	1738.63
	3302.66	0.00	11.38	1738.63
	3302.67	0.00	11.39	1738.63
	3302.68	0.00	11.39	1738.63
	3302.69	0.00	11.38	1757.63
	3302.71	0.00	11.36	1735.69
	3302.72	0.00	11.36	1738.69
	3302.73	0.00	11.36	1737.70
	3302.74	0.00	11.35	1758.70
	3302.75	0.00	11.35	1740.71
	3302.76	0.00	11.35	1761.71
	3302.78	0.00	11.37	1741.65
	3302.79	0.00	11.36	1762.67
	3302.80	0.00	11.36	1743.69
	3302.81	0.00	11.36	1742.70
	3302.82	0.00	11.36	1743.70
	3302.84	0.00	11.35	1744.70
	3302.85	0.00	11.35	1744.70
	3302.86	0.00	11.35	1746.71
	3302.87	0.00	11.46	1765.42
	3302.88	0.00	11.45	1748.45
	3302.89	0.00	11.44	1764.46
	3302.91	0.00	11.43	1743.48
	3302.92	0.00	11.42	1743.48
	3302.93	0.00	11.37	1754.51
	3302.94	0.00	11.35	1735.59
	3302.95	0.00	11.33	1756.63
	3302.96	0.00	11.34	1735.66
	3302.98	0.00	11.34	1732.67
	3302.99	0.00	11.34	1737.67
	3303.00	0.00	11.28	1735.65
	3303.01	0.00	11.31	1748.68
	3303.02	0.00	11.32	1724.69
	3303.03	0.00	11.34	1729.69
	3303.05	0.00	11.34	1731.69
	3303.06	0.00	11.33	1753.70
	3303.07	0.00	11.31	1745.68
	3303.08	0.00	11.37	1741.66
	3303.09	0.00	11.37	1742.67
	3303.11	0.00	11.36	1762.69
	3303.12	0.00	11.33	1738.68
	3303.13	0.00	11.36	1768.68
	3303.14	0.00	11.36	1763.64
	3303.15	0.00	11.35	1749.70
	3303.16	0.00	11.34	1769.71
	3303.18	0.00	11.35	1769.71
	3303.19	0.00	11.34	1771.71
	3303.20	0.00	11.34	1769.69
	3303.21	0.00	11.34	1767.67
	3303.22	0.00	11.34	1769.67
	3303.24	0.00	11.35	1769.66
	3303.25	0.00	11.35	1771.66
	3303.26	0.00	11.36	1769.67
	3303.27	0.00	11.36	1771.65
	3303.28	0.00	11.36	1769.65
	3303.30	0.00	11.34	1760.65
	3303.31	0.00	11.35	1765.65
	3303.32	0.00	11.36	1765.64
	3303.33	0.00	11.35	1765.65
	3303.34	0.00	11.34	1763.65
	3303.35	0.00	11.36	1743.65
	3303.37	0.00	11.37	1746.63
	3303.38	0.00	11.34	1740.64
	3303.39	0.00	11.34	1739.65
	3303.40	0.00	11.35	1742.65
	3303.41	0.00	11.36	1742.62
	3303.42	0.00	11.35	1743.65
	3303.44	0.00	11.35	1743.65
	3303.45	0.00	11.35	1742.65
	3303.46	0.00	11.35	1762.65
	3303.47	0.00	11.36	1763.62
	3303.48	0.00	11.34	1762.68
	3303.50	0.00	11.34	1742.70
	3303.51	0.00	11.33	1762.70
	3303.52	0.00	11.33	1743.72
	3303.53	0.00	11.33	1764.71
	3303.54	0.00	11.33	1765.71
	3303.55	0.00	11.35	1766.67
	3303.57	0.00	11.35	1765.68
	3303.58	0.00	11.33	1743.70
	3303.59	0.00	11.34	1764.70
	3303.60	0.00	11.34	1748.70
	3303.61	0.00	11.34	1747.71
	3303.62	0.00	11.44	1768.43
	3303.64	0.00	11.44	1771.44
	3303.65	0.00	11.44	1767.46
	3303.66	0.00	11.42	1743.47
	3303.67	0.00	11.42	1763.47
	3303.68	0.00	11.41	1764.48
	3303.70	0.00	11.41	1735.42
	3303.71	0.00	11.36	1734.54
	3303.72	0.00	11.34	1755.59
	3303.73	0.00	11.33	1754.61
	3303.74	0.00	11.34	1730.66
	3303.75	0.00	11.35	1738.66
	3303.77	0.00	11.31	1726.67
	3303.78	0.00	11.30	1721.65
	3303.79	0.00	11.32	1730.68
	3303.80	0.00	11.35	1726.68
	3303.81	0.00	11.36	1735.69
	3303.82	0.00	11.33	1723.66
	3303.84	0.00	11.36	1735.66
	3303.85	0.00	11.36	1756.65
	3303.86	0.00	11.38	1741.66
	3303.87	0.00	11.39	1739.67
	3303.88	0.00	11.38	1741.67
	3303.90	0.00	11.34	1757.67
	3303.91	0.00	11.37	1739.62
	3303.92	0.00	11.36	1745.68
	3303.93	0.00	11.36	1766.68
	3303.94	0.00	11.36	1763.69
	3303.95	0.00	11.37	1746.69
	3303.97	0.00	11.37	1739.65
	3303.98	0.00	11.38	1760.64
	3303.99	0.00	11.39	1763.64
	3304.00	0.00	11.40	1741.63
	3304.01	0.00	11.42	1738.63
	3304.03	0.00	11.40	1738.63
	3304.04	0.00	11.40	1735.62
	3304.05	0.00	11.40	1735.63
	3304.06	0.00	11.40	1730.62
	3304.07	0.00	11.39	1729.62
	3304.08	0.00	11.40	1730.62
	3304.10	0.00	11.40	1727.62
	3304.11	0.00	11.40	1729.62
	3304.12	0.00	11.41	1731.61
	3304.13	0.00	11.41	1729.61
	3304.14	0.00	11.41	1728.61
	3304.15	0.00	11.39	1723.62
	3304.17	0.00	11.39	1722.61
	3304.18	0.00	11.41	1728.61
	3304.19	0.00	11.43	1728.61
	3304.20	0.00	11.44	1727.61
	3304.21	0.00	11.46	1726.60
	3304.22	0.00	11.47	1724.60
	3304.24	0.00	11.51	1718.54
	3304.25	0.00	11.47	1721.62
	3304.26	0.00	11.48	1722.65
	3304.27	0.00	11.48	1720.64
	3304.28	0.00	11.48	1719.65
	3304.30	0.00	11.49	1721.65
	3304.31	0.00	11.49	1721.64
	3304.32	0.00	11.49	1719.65
	3304.33	0.00	11.50	1720.65
	3304.34	0.00	11.52	1720.60
	3304.35	0.00	11.51	1721.63
	3304.37	0.00	11.51	1718.63
	3304.38	0.00	11.51	1722.64
	3304.39	0.00	11.51	1720.64
	3304.40	0.00	11.49	1718.64
	3304.41	0.00	11.49	1718.65
	3304.43	0.00	11.60	1721.37
	3304.44	0.00	11.60	1722.38
	3304.45	0.00	11.61	1725.39
	3304.46	0.00	11.59	1717.41
	3304.47	0.00	11.58	1719.42
	3304.48	0.00	11.56	1711.38
	3304.50	0.00	11.54	1708.43
	3304.51	0.00	11.52	1711.50
	3304.52	0.00	11.50	1715.57
	3304.53	0.00	11.51	1711.59
	3304.54	0.00	11.51	1714.60
	3304.55	0.00	11.46	1693.57
	3304.57	0.00	11.49	1705.58
	3304.58	0.00	11.48	1708.62
	3304.59	0.00	11.49	1709.62
	3304.60	0.00	11.52	1707.62
	3304.61	0.00	11.51	1714.63
	3304.63	0.00	11.52	1711.55
	3304.64	0.00	11.54	1725.59
	3304.65	0.00	11.55	1731.61
	3304.66	0.00	11.55	1730.62
	3304.67	0.00	11.54	1735.63
	3304.68	0.00	11.52	1733.63
	3304.70	0.00	11.54	1736.58
	3304.71	0.00	11.53	1743.64
	3304.72	0.00	11.54	1746.62
	3304.73	0.00	11.52	1746.65
	3304.74	0.00	11.52	1769.65
	3304.76	0.00	11.51	1764.61
	3304.77	0.00	11.52	1767.61
	3304.78	0.00	11.52	1769.61
	3304.79	0.00	11.53	1748.60
	3304.80	0.00	11.52	1745.60
	3304.81	0.00	11.52	1744.59
	3304.83	0.00	11.51	1763.59
	3304.84	0.00	11.48	1730.59
	3304.85	0.00	11.49	1757.59
	3304.86	0.00	11.50	1735.59
	3304.87	0.00	11.50	1734.59
	3304.88	0.00	11.51	1734.54
	3304.90	0.00	11.48	1730.58
	3304.91	0.00	11.49	1731.59
	3304.92	0.00	11.49	1732.58
	3304.93	0.00	11.51	1733.57
	3304.94	0.00	11.50	1733.58
	3304.95	0.00	11.50	1734.59
	3304.97	0.00	11.50	1732.59
	3304.98	0.00	11.50	1731.59
	3304.99	0.00	11.48	1730.64
	3305.00	0.00	11.48	1730.65
	3305.01	0.00	11.48	1731.65
	3305.03	0.00	11.48	1731.65
	3305.04	0.00	11.50	1731.60
	3305.05	0.00	11.50	1731.63
	3305.06	0.00	11.50	1728.63
	3305.07	0.00	11.48	1747.64
	3305.08	0.00	11.48	1721.65
	3305.10	0.00	11.59	1720.36
	3305.11	0.00	11.59	1716.36
	3305.12	0.00	11.59	1711.37
	3305.13	0.00	11.57	1692.33
	3305.14	0.00	11.53	1679.38
	3305.16	0.00	11.53	1672.38
	3305.17	0.00	11.50	1643.41
	3305.18	0.00	11.47	1628.49
	3305.19	0.00	11.52	1610.49
	3305.20	0.00	11.63	1577.46
	3305.21	0.00	11.68	1564.43
	3305.23	0.00	11.70	1558.39
	3305.24	0.00	11.83	1528.31
	3305.25	0.00	11.89	1494.21
	3305.26	0.00	11.94	1474.15
	3305.27	0.00	11.97	1469.09
	3305.28	0.00	12.01	1474.08
	3305.30	0.00	12.02	1478.07
	3305.31	0.00	12.03	1480.06
	3305.32	0.00	12.04	1479.05
	3305.33	0.00	12.06	1480.03
	3305.34	0.00	12.07	1476.03
	3305.36	0.00	12.06	1477.02
	3305.37	0.00	12.09	1477.94
	3305.38	0.00	12.07	1480.01
	3305.39	0.00	12.06	1480.01
	3305.40	0.00	12.08	1482.00
	3305.41	0.00	12.05	1466.98
	3305.43	0.00	12.09	1474.94
	3305.44	0.00	12.08	1468.94
	3305.45	0.00	12.11	1478.93
	3305.46	0.00	12.12	1488.97
	3305.47	0.00	12.15	1493.93
	3305.49	0.00	12.16	1494.93
	3305.50	0.00	12.15	1493.93
	3305.51	0.00	12.18	1491.87
	3305.52	0.00	12.18	1493.93
	3305.53	0.00	12.16	1490.93
	3305.54	0.00	12.16	1489.93
	3305.55	0.00	12.15	1491.95
	3305.57	0.00	12.16	1492.93
	3305.58	0.00	12.17	1490.92
	3305.59	0.00	12.17	1491.92
	3305.60	0.00	12.16	1486.89
	3305.61	0.00	12.18	1489.89
	3305.63	0.00	12.17	1492.91
	3305.64	0.00	12.16	1493.93
	3305.65	0.00	12.18	1492.91
	3305.66	0.00	12.18	1494.91
	3305.67	0.00	12.18	1492.90
	3305.69	0.00	12.19	1494.89
	3305.70	0.00	12.20	1489.85
	3305.71	0.00	12.21	1490.83
	3305.72	0.00	12.21	1490.83
	3305.73	0.00	12.19	1492.86
	3305.74	0.00	12.14	1508.88
	3305.76	0.00	12.03	1530.89
	3305.77	0.00	11.89	1555.00
	3305.78	0.00	11.57	1616.20
	3305.79	0.00	11.34	1686.38
	3305.80	0.00	11.16	1739.47
	3305.81	0.00	11.08	1773.52
	3305.83	0.00	11.01	1799.55
	3305.84	0.00	10.99	1830.58
	3305.85	0.00	11.02	1875.62
	3305.86	0.00	11.08	1927.67
	3305.87	0.00	11.08	1964.70
	3305.88	0.00	11.08	1990.70
	3305.90	0.00	11.08	2013.75
	3305.91	0.00	11.10	2025.76
	3305.92	0.00	11.11	2037.81
	3305.93	0.00	11.12	2046.82
	3305.94	0.00	11.12	2049.85
	3305.96	0.00	11.15	2055.85
	3305.97	0.00	11.20	2065.81
	3305.98	0.00	11.22	2070.82
	3305.99	0.00	11.24	2070.83
	3306.00	0.00	11.30	2068.70
	3306.02	0.00	11.34	2071.69
	3306.03	0.00	11.35	2060.69
	3306.04	0.00	11.34	2050.70
	3306.05	0.00	11.38	2052.68
	3306.06	0.00	11.35	2043.80
	3306.07	0.00	11.37	2041.82
	3306.09	0.00	11.40	2034.81
	3306.10	0.00	11.45	2026.75
	3306.11	0.00	11.47	2024.76
	3306.12	0.00	11.50	2023.77
	3306.13	0.00	11.51	2023.77
	3306.15	0.00	11.55	2027.72
	3306.16	0.00	11.55	2029.73
	3306.17	0.00	11.57	2033.74
	3306.18	0.00	11.57	2028.74
	3306.19	0.00	11.58	2031.75
	3306.21	0.00	11.57	2026.77
	3306.22	0.00	11.58	2031.78
	3306.23	0.00	11.58	2024.78
	3306.24	0.00	11.59	2029.79
	3306.25	0.00	11.62	2026.68
	3306.26	0.00	11.59	2026.75
	3306.28	0.00	11.60	2050.74
	3306.29	0.00	11.59	2047.74
	3306.30	0.00	11.59	2043.76
	3306.31	0.00	11.59	2038.73
	3306.32	0.00	11.60	2033.73
	3306.33	0.00	11.61	2024.73
	3306.35	0.00	11.61	2019.72
	3306.36	0.00	11.63	2014.69
	3306.37	0.00	11.62	2005.72
	3306.38	0.00	11.62	2006.72
	3306.39	0.00	11.62	2000.72
	3306.41	0.00	11.61	2001.75
	3306.42	0.00	11.60	1996.78
	3306.43	0.00	11.57	1997.79
	3306.44	0.00	11.54	1992.79
	3306.45	0.00	11.54	1992.77
	3306.46	0.00	11.50	1985.78
	3306.48	0.00	11.48	1976.80
	3306.49	0.00	11.43	1968.80
	3306.50	0.00	11.45	1952.63
	3306.51	0.00	11.43	1937.59
	3306.52	0.00	11.40	1914.61
	3306.54	0.00	11.38	1881.60
	3306.55	0.00	11.37	1831.58
	3306.56	0.00	11.38	1807.48
	3306.57	0.00	11.35	1774.60
	3306.58	0.00	11.40	1733.59
	3306.59	0.00	11.52	1680.54
	3306.61	0.00	11.63	1633.47
	3306.62	0.00	11.77	1589.40
	3306.63	0.00	11.87	1535.28
	3306.64	0.00	11.92	1507.23
	3306.65	0.00	11.99	1497.18
	3306.66	0.00	12.03	1498.15
	3306.68	0.00	12.05	1499.12
	3306.69	0.00	12.07	1500.09
	3306.70	0.00	12.08	1488.08
	3306.71	0.00	12.08	1486.07
	3306.72	0.00	12.09	1486.05
	3306.74	0.00	12.08	1486.06
	3306.75	0.00	12.07	1478.06
	3306.76	0.00	12.07	1476.06
	3306.77	0.00	12.07	1472.06
	3306.78	0.00	12.08	1471.05
	3306.80	0.00	12.09	1468.05
	3306.81	0.00	12.05	1450.01
	3306.82	0.00	12.08	1458.00
	3306.83	0.00	12.13	1469.99
	3306.84	0.00	12.12	1465.98
	3306.85	0.00	12.15	1467.92
	3306.87	0.00	12.13	1466.98
	3306.88	0.00	12.13	1468.98
	3306.89	0.00	12.14	1468.98
	3306.90	0.00	12.15	1470.97
	3306.91	0.00	12.14	1467.99
	3306.92	0.00	12.14	1469.98
	3306.94	0.00	12.14	1469.98
	3306.95	0.00	12.13	1470.00
	3306.96	0.00	12.14	1471.98
	3306.97	0.00	12.13	1470.98
	3306.98	0.00	12.13	1470.98
	3307.00	0.00	12.14	1467.93
	3307.01	0.00	12.14	1471.95
	3307.02	0.00	12.13	1470.97
	3307.03	0.00	12.13	1470.98
	3307.04	0.00	12.13	1470.98
	3307.05	0.00	12.13	1469.96
	3307.07	0.00	12.13	1470.97
	3307.08	0.00	12.13	1469.97
	3307.09	0.00	12.08	1459.99
	3307.10	0.00	12.12	1469.98
	3307.11	0.00	12.14	1470.95
	3307.12	0.00	12.14	1469.94
	3307.14	0.00	12.16	1472.92
	3307.15	0.00	12.15	1470.92
	3307.16	0.00	12.15	1465.92
	3307.17	0.00	12.15	1467.92
	3307.18	0.00	12.15	1467.91
	3307.19	0.00	12.15	1466.91
	3307.21	0.00	12.15	1467.91
	3307.22	0.00	12.14	1467.93
	3307.23	0.00	12.15	1460.86
	3307.24	0.00	12.17	1464.85
	3307.25	0.00	12.17	1466.85
	3307.27	0.00	12.17	1468.85
	3307.28	0.00	12.19	1469.84
	3307.29	0.00	12.19	1466.84
	3307.30	0.00	12.18	1481.85
	3307.31	0.00	12.05	1516.96
	3307.32	0.00	11.93	1552.06
	3307.34	0.00	11.80	1585.19
	3307.35	0.00	11.64	1624.32
	3307.36	0.00	11.53	1641.38
	3307.37	0.00	11.50	1666.44
	3307.38	0.00	11.46	1685.47
	3307.40	0.00	11.44	1702.48
	3307.41	0.00	11.42	1720.51
	3307.42	0.00	11.40	1749.53
	3307.43	0.00	11.33	1763.56
	3307.44	0.00	11.29	1788.60
	3307.45	0.00	11.23	1811.62
	3307.47	0.00	11.16	1842.66
	3307.48	0.00	11.08	1892.73
	3307.49	0.00	10.99	1929.81
	3307.50	0.00	10.96	1961.86
	3307.51	0.00	10.95	1975.89
	3307.53	0.00	10.93	2004.89
	3307.54	0.00	10.91	2022.92
	3307.55	0.00	10.89	2030.94
	3307.56	0.00	10.93	2049.90
	3307.57	0.00	11.00	2062.75
	3307.58	0.00	11.00	2062.77
	3307.60	0.00	11.01	2062.75
	3307.61	0.00	10.97	2048.79
	3307.62	0.00	10.96	2048.91
	3307.63	0.00	10.98	2043.92
	3307.64	0.00	11.01	2038.90
	3307.66	0.00	11.00	2022.85
	3307.67	0.00	11.04	2030.86
	3307.68	0.00	11.05	2021.86
	3307.69	0.00	11.06	2020.85
	3307.70	0.00	11.07	2025.84
	3307.71	0.00	11.07	2025.84
	3307.73	0.00	11.04	2028.85
	3307.74	0.00	11.01	2023.87
	3307.75	0.00	11.00	2043.89
	3307.76	0.00	11.00	2026.90
	3307.77	0.00	10.98	2052.91
	3307.79	0.00	10.97	2049.87
	3307.80	0.00	10.99	2057.85
	3307.81	0.00	10.99	2062.87
	3307.82	0.00	10.99	2062.87
	3307.83	0.00	10.98	2060.88
	3307.84	0.00	10.98	2061.89
	3307.86	0.00	11.00	2063.87
	3307.87	0.00	11.01	2060.87
	3307.88	0.00	11.01	2053.86
	3307.89	0.00	11.02	2051.86
	3307.90	0.00	11.04	2045.85
	3307.92	0.00	11.06	2042.84
	3307.93	0.00	11.07	2040.88
	3307.94	0.00	11.11	2039.88
	3307.95	0.00	11.13	2035.88
	3307.96	0.00	11.17	2031.83
	3307.98	0.00	11.21	2031.83
	3307.99	0.00	11.24	2033.83
	3308.00	0.00	11.27	2025.83
	3308.01	0.00	11.32	2028.83
	3308.02	0.00	11.42	2021.64
	3308.03	0.00	11.46	2019.66
	3308.05	0.00	11.51	2006.62
	3308.06	0.00	11.55	1993.62
	3308.07	0.00	11.52	1969.76
	3308.08	0.00	11.55	1960.79
	3308.09	0.00	11.61	1946.76
	3308.11	0.00	11.70	1905.73
	3308.12	0.00	11.77	1868.64
	3308.13	0.00	11.86	1846.63
