	0.00	12.20	1601.47
	3398.37	0.00	12.20	1603.48
	3398.39	0.00	12.21	1602.48
	3398.40	0.00	12.23	1603.45
	3398.41	0.00	12.21	1603.48
	3398.42	0.00	12.23	1602.43
	3398.43	0.00	12.23	1601.42
	3398.44	0.00	12.23	1605.45
	3398.46	0.00	12.24	1605.44
	3398.47	0.00	12.22	1604.45
	3398.48	0.00	12.22	1606.45
	3398.49	0.00	12.21	1604.47
	3398.50	0.00	12.25	1611.42
	3398.51	0.00	12.24	1609.43
	3398.53	0.00	12.24	1609.43
	3398.54	0.00	12.23	1608.44
	3398.55	0.00	12.23	1609.45
	3398.56	0.00	12.23	1610.45
	3398.57	0.00	12.23	1605.41
	3398.59	0.00	12.22	1608.45
	3398.60	0.00	12.21	1610.47
	3398.61	0.00	12.22	1607.46
	3398.62	0.00	12.23	1608.46
	3398.63	0.00	12.22	1609.46
	3398.64	0.00	12.22	1609.46
	3398.66	0.00	12.24	1604.41
	3398.67	0.00	12.24	1606.40
	3398.68	0.00	12.25	1608.40
	3398.69	0.00	12.25	1605.38
	3398.70	0.00	12.24	1606.40
	3398.71	0.00	12.23	1601.40
	3398.73	0.00	12.24	1601.39
	3398.74	0.00	12.24	1602.39
	3398.75	0.00	12.22	1601.41
	3398.76	0.00	12.24	1602.39
	3398.77	0.00	12.24	1601.39
	3398.79	0.00	12.24	1602.40
	3398.80	0.00	12.22	1600.40
	3398.81	0.00	12.23	1600.40
	3398.82	0.00	12.23	1600.40
	3398.83	0.00	12.23	1600.40
	3398.84	0.00	12.23	1599.40
	3398.86	0.00	12.23	1600.40
	3398.87	0.00	12.23	1600.40
	3398.88	0.00	12.21	1599.45
	3398.89	0.00	12.20	1599.47
	3398.90	0.00	12.19	1598.48
	3398.91	0.00	12.20	1600.48
	3398.93	0.00	12.20	1600.48
	3398.94	0.00	12.20	1599.46
	3398.95	0.00	12.22	1601.43
	3398.96	0.00	12.21	1602.45
	3398.97	0.00	12.21	1601.46
	3398.98	0.00	12.20	1602.47
	3399.00	0.00	12.19	1601.49
	3399.01	0.00	12.24	1606.40
	3399.02	0.00	12.24	1606.40
	3399.03	0.00	12.24	1605.40
	3399.04	0.00	12.24	1607.40
	3399.06	0.00	12.23	1602.40
	3399.07	0.00	12.23	1605.41
	3399.08	0.00	12.23	1605.41
	3399.09	0.00	12.19	1600.47
	3399.10	0.00	12.18	1603.51
	3399.11	0.00	12.18	1602.51
	3399.13	0.00	12.17	1597.50
	3399.14	0.00	12.18	1602.50
	3399.15	0.00	12.18	1604.52
	3399.16	0.00	12.20	1600.45
	3399.17	0.00	12.20	1602.46
	3399.18	0.00	12.20	1602.47
	3399.20	0.00	12.20	1600.45
	3399.21	0.00	12.15	1591.48
	3399.22	0.00	12.18	1602.48
	3399.23	0.00	12.20	1603.44
	3399.24	0.00	12.20	1604.45
	3399.26	0.00	12.20	1609.47
	3399.27	0.00	12.19	1604.47
	3399.28	0.00	12.18	1605.48
	3399.29	0.00	12.18	1601.46
	3399.30	0.00	12.17	1604.49
	3399.31	0.00	12.17	1605.50
	3399.33	0.00	12.16	1604.51
	3399.34	0.00	12.16	1606.53
	3399.35	0.00	12.17	1608.51
	3399.36	0.00	12.16	1605.51
	3399.37	0.00	12.18	1600.46
	3399.38	0.00	12.17	1600.47
	3399.40	0.00	12.18	1600.45
	3399.41	0.00	12.18	1598.45
	3399.42	0.00	12.18	1597.44
	3399.43	0.00	12.17	1598.45
	3399.44	0.00	12.16	1593.45
	3399.45	0.00	12.16	1595.45
	3399.47	0.00	12.15	1595.46
	3399.48	0.00	12.14	1596.49
	3399.49	0.00	12.15	1599.48
	3399.50	0.00	12.15	1597.48
	3399.51	0.00	12.12	1591.49
	3399.53	0.00	12.12	1595.51
	3399.54	0.00	12.13	1596.49
	3399.55	0.00	12.12	1595.50
	3399.56	0.00	12.13	1596.50
	3399.57	0.00	12.12	1595.51
	3399.58	0.00	12.11	1596.53
	3399.60	0.00	12.09	1594.56
	3399.61	0.00	12.08	1594.58
	3399.62	0.00	12.08	1592.58
	3399.63	0.00	12.08	1598.60
	3399.64	0.00	12.07	1596.60
	3399.66	0.00	12.10	1597.55
	3399.67	0.00	12.10	1597.55
	3399.68	0.00	12.06	1591.59
	3399.69	0.00	12.08	1598.59
	3399.70	0.00	12.08	1597.59
	3399.71	0.00	12.10	1599.54
	3399.73	0.00	12.10	1599.52
	3399.74	0.00	12.11	1601.53
	3399.75	0.00	12.12	1602.53
	3399.76	0.00	12.13	1601.51
	3399.77	0.00	12.12	1604.53
	3399.78	0.00	12.12	1601.53
	3399.80	0.00	12.10	1596.54
	3399.81	0.00	12.10	1595.55
	3399.82	0.00	12.08	1599.60
	3399.83	0.00	12.08	1598.61
	3399.84	0.00	12.08	1598.61
	3399.86	0.00	12.08	1601.61
	3399.87	0.00	12.07	1595.59
	3399.88	0.00	12.09	1597.56
	3399.89	0.00	12.09	1598.57
	3399.90	0.00	12.12	1599.52
	3399.91	0.00	12.07	1593.58
	3399.93	0.00	12.08	1596.58
	3399.94	0.00	12.08	1599.58
	3399.95	0.00	12.09	1596.51
	3399.96	0.00	12.09	1603.56
	3399.97	0.00	12.09	1603.57
	3399.98	0.00	12.09	1603.57
	3400.0.09	0.00	12.10	1601.55
	3400.10	0.00	12.12	1606.53
	3400.11	0.00	12.12	1606.53
	3400.13	0.00	12.12	1607.53
	3400.14	0.00	12.13	1606.52
	3400.15	0.00	12.13	1608.52
	3400.16	0.00	12.11	1601.52
	3400.17	0.00	12.11	1602.52
	3400.18	0.00	12.13	1604.50
	3400.20	0.00	12.12	1602.52
	3400.21	0.00	12.12	1602.52
	3400.22	0.00	12.12	1602.52
	3400.23	0.00	12.11	1597.51
	3400.24	0.00	12.12	1597.51
	3400.26	0.00	12.12	1596.51
	3400.27	0.00	12.12	1595.51
	3400.28	0.00	12.10	1595.54
	3400.29	0.00	12.10	1597.56
	3400.30	0.00	12.08	1593.58
	3400.31	0.00	12.07	1594.59
	3400.33	0.00	12.06	1596.61
	3400.34	0.00	12.05	1595.62
	3400.35	0.00	12.05	1598.62
	3400.36	0.00	12.07	1601.58
	3400.37	0.00	12.07	1603.60
	3400.38	0.00	12.06	1602.62
	3400.40	0.00	12.06	1602.62
	3400.41	0.00	12.06	1606.62
	3400.42	0.00	12.07	1605.59
	3400.43	0.00	12.08	1607.56
	3400.44	0.00	12.08	1603.55
	3400.46	0.00	12.10	1609.55
	3400.47	0.00	12.10	1611.56
	3400.48	0.00	12.09	1605.56
	3400.49	0.00	12.05	1606.64
	3400.50	0.00	12.05	1606.64
	3400.51	0.00	12.07	1605.63
	3400.53	0.00	12.08	1605.62
	3400.54	0.00	12.08	1605.63
	3400.55	0.00	12.10	1599.56
	3400.56	0.00	12.10	1600.57
	3400.57	0.00	12.10	1600.57
	3400.58	0.00	12.12	1597.56
	3400.60	0.00	12.11	1600.58
	3400.61	0.00	12.11	1597.57
	3400.62	0.00	12.11	1592.53
	3400.63	0.00	12.15	1600.49
	3400.64	0.00	12.13	1602.54
	3400.65	0.00	12.13	1602.55
	3400.67	0.00	12.12	1602.56
	3400.68	0.00	12.11	1601.56
	3400.69	0.00	12.11	1604.58
	3400.70	0.00	12.11	1602.58
	3400.71	0.00	12.10	1603.59
	3400.73	0.00	12.10	1604.60
	3400.74	0.00	12.1012.19	1599.46
	3402.34	0.00	12.18	1600.48
	3402.35	0.00	12.15	1593.51
	3402.36	0.00	12.16	1599.53
	3402.37	0.00	12.16	1600.54
	3402.38	0.00	12.17	1603.53
	3402.40	0.00	12.15	1603.55
	3402.41	0.00	12.16	1605.55
	3402.42	0.00	12.18	1605.50
	3402.43	0.00	12.18	1607.52
	3402.44	0.00	12.20	1607.48
	3402.46	0.00	12.19	1610.53
	3402.47	0.00	12.19	1606.52
	3402.48	0.00	12.19	1606.52
	3402.49	0.00	12.22	1608.45
	3402.50	0.00	12.23	1613.45
	3402.51	0.00	12.23	1613.45
	3402.53	0.00	12.23	1610.45
	3402.54	0.00	12.22	1613.46
	3402.55	0.00	12.20	1606.46
	3402.56	0.00	12.17	1610.54
	3402.57	0.00	12.17	1610.54
	3402.58	0.00	12.18	1613.55
	3402.60	0.00	12.18	1612.56
	3402.61	0.00	12.19	1614.55
	3402.62	0.00	12.19	1615.55
	3402.63	0.00	12.22	1614.49
	3402.64	0.00	12.21	1617.52
	3402.65	0.00	12.21	1616.51
	3402.67	0.00	12.21	1617.51
	3402.68	0.00	12.21	1618.51
	3402.69	0.00	12.22	1617.46
	3402.70	0.00	12.24	1626.48
	3402.71	0.00	12.23	1625.50
	3402.73	0.00	12.23	1623.50
	3402.74	0.00	12.22	1623.52
	3402.75	0.00	12.22	1620.50
	3402.76	0.00	12.22	1622.51
	3402.77	0.00	12.22	1621.52
	3402.78	0.00	12.22	1621.52
	3402.80	0.00	12.22	1622.51
	3402.81	0.00	12.23	1621.48
	3402.82	0.00	12.24	1619.46
	3402.83	0.00	12.25	1622.46
	3402.84	0.00	12.25	1621.45
	3402.86	0.00	12.25	1622.46
	3402.87	0.00	12.25	1621.45
	3402.88	0.00	12.23	1618.45
	3402.89	0.00	12.24	1618.46
	3402.90	0.00	12.24	1616.45
	3402.91	0.00	12.24	1616.45
	3402.93	0.00	12.22	1608.45
	3402.94	0.00	12.23	1614.46
	3402.95	0.00	12.24	1615.45
	3402.96	0.00	12.24	1614.45
	3402.97	0.00	12.23	1614.47
	3402.98	0.00	12.21	1611.49
	3403.00	0.00	12.21	1612.50
	3403.01	0.00	12.20	1614.52
	3403.02	0.00	12.20	1613.53
	3403.03	0.00	12.20	1615.54
	3403.04	0.00	12.21	1614.50
	3403.06	0.00	12.22	1613.48
	3403.07	0.00	12.22	1615.49
	3403.08	0.00	12.21	1617.51
	3403.09	0.00	12.20	1617.53
	3403.10	0.00	12.20	1618.53
	3403.11	0.00	12.23	1620.46
	3403.13	0.00	12.23	1621.46
	3403.14	0.00	12.23	1621.48
	3403.15	0.00	12.24	1623.47
	3403.16	0.00	12.23	1622.47
	3403.17	0.00	12.23	1622.47
	3403.19	0.00	12.23	1617.44
	3403.20	0.00	12.17	1615.57
	3403.21	0.00	12.19	1620.56
	3403.22	0.00	12.19	1621.57
	3403.23	0.00	12.20	1616.50
	3403.25	0.00	12.20	1619.53
	3403.26	0.00	12.21	1622.53
	3403.27	0.00	12.20	1620.53
	3403.28	0.00	12.19	1621.53
	3403.29	0.00	12.19	1622.54
	3403.30	0.00	12.22	1627.50
	3403.32	0.00	12.20	1626.52
	3403.33	0.00	12.20	1625.53
	3403.34	0.00	12.20	1625.53
	3403.35	0.00	12.20	1620.50
	3403.36	0.00	12.20	1623.52
	3403.37	0.00	12.21	1626.53
	3403.39	0.00	12.20	1624.54
	3403.40	0.00	12.22	1628.53
	3403.41	0.00	12.22	1621.47
	3403.42	0.00	12.23	1624.47
	3403.43	0.00	12.24	1624.47
	3403.45	0.00	12.23	1624.47
	3403.46	0.00	12.24	1626.46
	3403.47	0.00	12.22	1619.46
	3403.48	0.00	12.23	1622.46
	3403.49	0.00	12.23	1619.45
	3403.50	0.00	12.23	1621.46
	3403.52	0.00	12.22	1614.46
	3403.53	0.00	12.24	1618.45
	3403.54	0.00	12.25	1614.40
	3403.55	0.00	12.25	1620.45
	3403.56	0.00	12.24	1618.45
	3403.57	0.00	12.24	1616.44
	3403.59	0.00	12.20	1615.51
	3403.60	0.00	12.20	1615.52
	3403.61	0.00	12.20	1616.53
	3403.62	0.00	12.20	1616.53
	3403.63	0.00	16	1618.58
	3404.86	0.00	12.16	1613.53
	3404.87	0.00	12.18	1620.51
	3404.88	0.00	12.19	1623.52
	3404.89	0.00	12.20	1621.51
	3404.91	0.00	12.19	1620.51
	3404.92	0.00	12.15	1612.56
	3404.93	0.00	12.12	1612.62
	3404.94	0.00	12.10	1605.61
	3404.95	0.00	12.14	1615.61
	3404.97	0.00	12.14	1616.61
	3404.98	0.00	12.14	1609.56
	3404.99	0.00	12.16	1615.57
	3405.00	0.00	12.15	1615.57
	3405.01	0.00	12.14	1616.58
	3405.02	0.00	12.15	1616.56
	3405.04	0.00	12.16	1621.55
	3405.05	0.00	12.16	1621.56
	3405.06	0.00	12.16	1621.56
	3405.07	0.00	12.15	1618.58
	3405.08	0.00	12.14	1614.57
	3405.09	0.00	12.15	1613.54
	3405.11	0.00	12.14	1617.58
	3405.12	0.00	12.15	1619.58
	3405.13	0.00	12.15	1620.59
	3405.14	0.00	12.15	1619.59
	3405.15	0.00	12.15	1619.59
	3405.17	0.00	12.16	1613.52
	3405.18	0.00	12.17	1616.52
	3405.19	0.00	12.17	1615.52
	3405.20	0.00	12.17	1615.52
	3405.21	0.00	12.17	1617.52
	3405.22	0.00	12.16	1612.50
	3405.24	0.00	12.16	1615.52
	3405.25	0.00	12.16	1614.52
	3405.26	0.00	12.16	1611.52
	3405.27	0.00	12.16	1613.53
	3405.28	0.00	12.14	1605.52
	3405.30	0.00	12.15	1608.52
	3405.31	0.00	12.15	1609.52
	3405.32	0.00	12.14	1610.53
	3405.33	0.00	12.15	1612.53
	3405.34	0.00	12.14	1610.53
	3405.35	0.00	12.11	1607.58
	3405.37	0.00	12.11	1609.60
	3405.38	0.00	12.11	1610.60
	3405.39	0.00	12.12	1612.61
	3405.40	0.00	12.13	1612.57
	3405.41	0.00	12.12	1614.59
	3405.42	0.00	12.12	1611.59
	3405.44	0.00	12.12	1614.60
	3405.45	0.00	12.10	1615.61
	3405.46	0.00	12.11	1615.62
	3405.47	0.00	12.14	1617.54
	3405.48	0.00	12.14	1621.55
	3405.50	0.00	12.14	1619.55
	340610.60
	3406.07	0.00	12.12	1612.61
	3406.08	0.00	12.13	1610.54
	3406.10	0.00	12.15	1615.53
	3406.11	0.00	12.15	1618.53
	3406.12	0.00	12.18	1615.47
	3406.13	0.00	12.17	1620.53
	3406.14	0.00	12.11	1613.61
	3406.15	0.00	12.10	1612.62
	3406.17	0.00	12.12	1612.59
	3406.18	0.00	12.11	1614.63
	3406.19	0.00	12.12	1614.62
	3406.20	0.00	12.13	1607.56
	3406.21	0.00	12.14	1611.57
	3406.23	0.00	12.12	1608.59
	3406.24	0.00	12.13	1607.58
	3406.25	0.00	12.13	1611.58
	3406.26	0.00	12.13	1613.58
	3406.27	0.00	12.16	1616.55
	3406.28	0.00	12.16	1619.55
	3406.30	0.00	12.15	1614.56
	3406.31	0.00	12.15	1613.56
	3406.32	0.00	12.14	1615.58
	3406.33	0.00	12.12	1607.57
	3406.34	0.00	12.14	1610.56
	3406.36	0.00	12.13	1611.58
	3406.37	0.00	12.14	1612.58
	3406.38	0.00	12.13	1613.59
	3406.39	0.00	12.15	1608.53
	3406.40	0.00	12.16	1610.52
	3406.41	0.00	12.15	1611.52
	3406.43	0.00	12.14	1609.54
	3406.44	0.00	12.15	1611.52
	3406.45	0.00	12.15	1610.52
	3406.46	0.00	12.14	1606.52
	3406.47	0.00	12.14	1608.53
	3406.48	0.00	12.15	1608.52
	3406.50	0.00	12.14	1606.52
	3406.51	0.00	12.13	1604.52
	3406.52	0.00	12.13	1602.53
	3406.53	0.00	12.13	1603.52
	3406.54	0.00	12.12	1601.53
	3406.56	0.00	12.14	1602.52
	3406.57	0.00	12.13	1603.52
	3406.58	0.00	12.11	1602.57
	3406.59	0.00	12.11	1602.57
	3406.60	0.00	12.10	1602.59
	3406.61	0.00	12.10	1601.59
	3406.63	0.00	12.08	1602.63
	3406.64	0.00	12.10	1606.61
	3406.65	0.00	12.11	1602.56
	3406.66	0.00	12.10	1601.58
	3406.67	0.00	12.08	1598.60
	3406.69	0.00	12.10	1605.60
	3406.70	0.00	12.09	1602.60
	3406.71	0.00	12.13	1606.53
	3406.72	0.00	12.12	1607.55
	3406.73	0.00	12.13	1610.53
	3406.74	0.00	12.13	1607.53
	3406.76	0.00	12.13	1608.53
	3406.77	0.00	12.09	1602.57
	3406.78	0.00	12.06	1602.64
	3406.79	0.00	12.06	1604.64
	3406.80	0.00	12.08	1605.64
	3406.81	0.00	12.08	1605.64
	3406.83	0.00	12.08	1601.60
	3406.84	0.00	12.10	1606.59
	3406.85	0.00	12.09	1604.60
	3406.86	0547.99	0.00	12.81	1731.512.79	1717.51
	3547.96	0.00	12.79	1720.52
	3547.97	0.00	12.80	1722.48
	3547.98	0.00	12.83	1734.49
	3547.99	0.00	12.81	1731.50
	3548.00	0.00	12.81	1730.50
	3548.02	0.00	12.81	1731.49
	3548.03	0.00	12.79	1728.51
	3548.04	0.00	12.78	1722.51
	3548.05	0.00	12.78	1727.53
	3548.06	0.00	12.78	1727.53
	3548.07	0.00	12.76	1716.53
	3548.09	0.00	12.78	1727.53
	3548.10	0.00	12.77	1723.52
	3548.11	0.00	12.77	1724.52
	3548.12	0.00	12.79	1720.46
	3548.13	0.00	12.80	1724.45
	3548.14	0.00	12.80	1721.45
	3548.16	0.00	12.81	1722.44
	3548.17	0.00	12.77	1713.46
	3548.18	0.00	12.77	1711.45
	3548.19	0.00	12.79	1712.44
	3548.20	0.00	12.78	1713.45
	3548.22	0.00	12.78	1713.45
	3548.23	0.00	12.78	1710.44
	3548.24	0.00	12.77	1705.43
	3548.25	0.00	12.78	1709.43
	3548.26	0.00	12.79	1713.44
	3548.27	0.00	12.81	1715.42
	3548.29	0.00	12.79	1709.42
	3548.30	0.00	12.80	1710.41
	3548.31	0.00	12.79	1709.43
	3548.32	0.00	12.77	1707.47
	3548.33	0.00	12.77	1705.48
	3548.35	0.00	12.77	1706.48
	3548.36	0.00	12.80	1705.41
	3548.37	0.00	12.81	1707.42
	3548.38	0.00	12.80	1703.42
	3548.39	0.00	12.79	1706.45
	3548.40	0.00	12.78	1704.47
	3548.42	0.00	12.79	1704.45
	3548.43	0.00	12.78	1703.45
	3548.44	0.00	12.91	1710.20
	3548.45	0.00	12.91	1714.22
	3548.46	0.00	12.89	1706.23
	3548.47	0.00	12.91	1708.23
	3548.49	0.00	12.90	1703.22
	3548.50	0.00	12.91	1706.23
	3548.51	0.00	12.79	1699.44
	3548.52	0.00	12.78	1697.45
	3548.53	0.00	12.80	1696.46
	3548.55	0.00	12.82	1703.45
	3548.56	0.00	12.80	1700.46
	3548.57	0.00	12.81	1688.39
	3548.58	0.00	12.81	1692.40
	3548.59	0.00	12.82	1692.40
	3548.60	0.00	12.81	1694.42
	3548.62	0.00	12.81	1702.41
	3548.63	0.00	12.81	1701.41
	3548.64	0.00	12.85	1714.37
	3548.65	0.00	12.85	1714.38
	3548.66	0.00	12.85	1714.40
	3548.67	0.00	12.84	1714.40
	3548.69	0.00	12.85	1714.40
	3548.70	0.00	12.84	1711.40
	3548.71	0.00	12.82	1712.42
	3548.72	0.00	12.83	1714.42
	3548.73	0.00	12.83	1710.42
	3548.75	0.00	12.83	1711.42
	3548.76	0.00	12.84	1718.43
	3548.77	0.00	12.87	1715.36
	3548.78	0.00	12.87	1713.35
	3548.79	0.00	12.89	1718.34
	3548.80	0.00	12.88	1717.35
	3548.82	0.00	12.87	1716.34
	3548.83	0.00	12.88	1720.34
	3548.84	0.00	12.85	1709.34
	3548.85	0.00	12.85	1710.34
	3548.86	0.00	12.85	1709.35
	3548.87	0.00	12.86	1710.34
	3548.89	0.00	12.86	1709.34
	3548.90	0.00	12.86	1708.34
	3548.91	0.00	12.86	1708.35
	3548.92	0.00	12.87	1713.34
	3548.93	0.00	12.87	1714.34
	3548.94	0.00	12.86	1714.34
	3548.96	0.00	12.86	1710.35
	3548.97	0.00	12.81	1701.40
	3548.98	0.00	12.82	1705.41
	3548.99	0.00	12.82	1710.42
	3549.00	0.00	12.81	1709.43
	3549.02	0.00	12.81	1706.41
	3549.03	0.00	12.82	1705.38
	3549.04	0.00	12.82	1709.40
	3549.05	0.00	12.80	1708.41
	3549.06	0.00	12.79	1704.43
	3549.07	0.00	12.79	1710.42
	3549.09	0.00	12.85	1704.24
	3549.10	0.00	12.87	1706.20
	3549.11	0.00	12.87	1709.22
	3549.12	0.00	12.86	1706.23
	3549.13	0.00	12.83	1699.23
	3549.15	0.00	12.72	1686.40
	3549.16	0.00	12.55	1667.48
	3549.17	0.00	12.56	1672.48
	3549.18	0.00	12.57	1669.49
	3549.19	0.00	12.57	1670.50
	3549.20	0.00	12.57	1677.51
	3549.21	0.00	12.54	1662.46
	3549.23	0.00	12.55	1669.48
	3549.24	0.00	12.54	1668.49
	3549.25	0.00	12.53	1674.49
	3549.26	0.00	12.53	1672.46
	3549.27	0.00	12.57	1687.46
	3549.29	0.00	12.56	1690.48
	3549.30	0.00	12.55	1686.50
	3549.31	0.00	12.55	1683.47
	3549.32	0.00	12.54	1679.49
	3549.33	0.00	12.52	1685.54
	3549.34	0.00	12.52	1686.55
	3549.36	0.00	12.53	1688.54
	3549.37	0.00	12.52	1690.56
	3549.38	0.00	12.52	1692.55
	3549.39	0.00	12.53	1686.50
	3549.40	0.00	12.53	1691.51
	3549.42	0.00	12.53	1690.51
	3549.43	0.00	12.54	1691.51
	3549.44	0.00	12.51	1685.51
	3549.45	0.00	12.50	1682.51
	3549.46	0.00	12.49	1685.55
	3549.47	0.00	12.49	1680.53
	3549.49	0.00	12.49	1682.55
	3549.50	0.00	12.47	1677.55
	3549.51	0.00	12.49	1681.54
	3549.52	0.00	12.50	1688.56
	3549.53	0.00	12.48	1686.57
	3549.55	0.00	12.48	1689.59
	3549.56	0.00	12.46	1685.62
	3549.57	0.00	12.44	1686.65
	3549.58	0.00	12.44	1690.67
	3549.59	0.00	12.44	1693.68
	3549.60	0.00	12.45	1694.67
	3549.62	0.00	12.46	1694.65
	3549.63	0.00	12.46	1697.66
	3549.64	0.00	12.46	1698.67
	3549.65	0.00	12.46	1703.68
	3549.66	0.00	12.52	1697.52
	3549.68	0.00	12.58	1709.45
	3549.69	0.00	12.56	1708.47
	3549.70	0.00	12.56	1704.48
	3549.71	0.00	12.56	1709.50
	3549.72	0.00	12.45	1700.66
	3549.73	0.00	12.42	1702.73
	3549.75	0.00	12.43	1702.75
	3549.76	0.00	12.44	1705.75
	3549.77	0.00	12.43	1707.77
	3549.78	0.00	12.43	1705.73
	3549.79	0.00	12.42	1701.73
	3549.80	0.00	12.42	1701.74
	3549.82	0.00	12.40	1711.76
	3549.83	0.00	12.40	1709.77
	3549.84	0.00	12.42	1718.73
	3549.85	0.00	12.42	1724.75
	3549.86	0.00	12.41	1724.77
	3549.88	0.00	12.43	1724.73
	3549.89	0.00	12.41	1724.79
	3549.90	0.00	12.39	1717.79
	3549.91	0.00	12.38	1719.81
	3549.92	0.00	12.39	1722.82
	3549.93	0.00	12.38	1722.82
	3549.95	0.00	12.39	1725.82
	3549.96	0.00	12.40	1722.76
	3549.97	0.00	12.39	1721.76
	3549.98	0.00	12.37	1718.78
	3549.99	0.00	12.39	1720.76
	3550.01	0.00	12.38	1718.76
	3550.02	0.00	12.36	1711.76
	3550.03	0.00	12.34	1708.76
	3550.04	0.00	12.35	1707.76
	3550.05	0.00	12.35	1707.76
	3550.06	0.00	12.34	1705.77
	3550.08	0.00	12.34	1698.72
	3550.09	0.00	12.34	1703.77
	3550.10	0.00	12.34	1706.77
	3550.11	0.00	12.34	1707.77
	3550.12	0.00	12.34	1706.77
	3550.14	0.00	12.30	1703.83
	3550.15	0.00	12.30	1704.84
	3550.16	0.00	12.28	1703.85
	3550.17	0.00	12.27	1700.86
	3550.18	0.00	12.27	1704.88
	3550.19	0.00	12.29	1704.82
	3550.21	0.00	12.29	1705.84
	3550.22	0.00	12.28	1704.86
	3550.23	0.00	12.27	1705.87
	3550.24	0.00	12.31	1701.73
	3550.25	0.00	12.35	1702.65
	3550.26	0.00	12.35	1705.66
	3550.28	0.00	12.35	1704.66
	3550.29	0.00	12.34	1703.69
	3550.30	0.00	12.34	1705.68
	3550.31	0.00	12.27	1693.78
	3550.32	0.00	12.23	1694.87
	3550.34	0.00	12.23	1694.89
	3550.35	0.00	12.23	1693.91
	3550.36	0.00	12.22	1685.89
	3550.37	0.00	12.25	1695.90
	3550.38	0.00	12.26	1693.85
	3550.39	0.00	12.23	1685.87
	3550.41	0.00	12.26	1688.85
	3550.42	0.00	12.25	1690.86
	3550.43	0.00	12.26	1698.86
	3550.44	0.00	12.29	1701.80
	3550.45	0.00	12.30	1708.83
	3550.47	0.00	12.31	1710.83
	3550.48	0.00	12.31	1707.83
	3550.49	0.00	12.30	1708.83
	3550.50	0.00	12.30	1703.81
	3550.51	0.00	12.31	1710.85
	3550.52	0.00	12.30	1707.85
	3550.54	0.00	12.32	1711.85
	3550.55	0.00	12.32	1709.81
	3550.56	0.00	12.33	1704.78
	3550.57	0.00	12.35	1709.77
	3550.58	0.00	12.35	1710.77
	3550.60	0.00	12.36	1710.76
	3550.61	0.00	12.35	1708.77
	3550.62	0.00	12.33	1700.76
	3550.63	0.00	12.34	1700.76
	3550.64	0.00	12.35	1699.75
	3550.65	0.00	12.34	1700.77
	3550.67	0.00	12.35	1700.75
	3550.68	0.00	12.35	1699.75
	3550.69	0.00	12.37	1703.75
	3550.70	0.00	12.36	1704.74
	3550.71	0.00	12.36	1699.74
	3550.72	0.00	12.35	1701.78
	3550.74	0.00	12.35	1701.80
	3550.75	0.00	12.35	1704.81
	3550.76	0.00	12.33	1701.83
	3550.77	0.00	12.35	1704.81
	3550.78	0.00	12.37	1705.77
	3550.80	0.00	12.37	1705.78
	3550.81	0.00	12.36	1705.80
	3550.82	0.00	12.36	1707.80
	3550.83	0.00	12.37	1709.79
	3550.84	0.00	12.47	1710.57
	3550.85	0.00	12.47	1715.59
	3550.87	0.00	12.46	1705.59
	3550.88	0.00	12.46	1698.58
	3550.89	0.00	12.47	1706.59
	3550.90	0.00	12.39	1696.73
	3550.91	0.00	12.36	1696.80
	3550.92	0.00	12.36	1696.80
	3550.94	0.00	12.37	1693.79
	3550.95	0.00	12.39	1691.79
	3550.96	0.00	12.39	1694.80
	3550.97	0.00	12.39	1682.73
	3550.98	0.00	12.41	1687.74
	3551.00	0.00	12.41	1688.75
	3551.01	0.00	12.39	1692.76
	3551.02	0.00	12.40	1691.74
	3551.03	0.00	12.44	1694.69
	3551.04	0.00	12.46	1702.69
	3551.05	0.00	12.48	1704.66
	3551.07	0.00	12.46	1700.71
	3551.08	0.00	12.47	1699.71
	3551.09	0.00	12.45	1694.70
	3551.10	0.00	12.46	1699.71
	3551.11	0.00	12.46	1697.71
	3551.13	0.00	12.44	1688.71
	3551.14	0.00	12.47	1699.71
	3551.15	0.00	12.47	1700.70
	3551.16	0.00	12.47	1693.65
	3551.17	0.00	12.50	1696.63
	3551.18	0.00	12.51	1697.62
	3551.20	0.00	12.50	1692.61
	3551.21	0.00	12.50	1694.62
	3551.22	0.00	12.47	1682.61
	3551.23	0.00	12.47	1683.61
	3551.24	0.00	12.48	1685.61
	3551.25	0.00	12.48	1684.61
	3551.27	0.00	12.48	1685.61
	3551.28	0.00	12.48	1683.60
	3551.29	0.00	12.47	1681.61
	3551.30	0.00	12.46	1679.61
	3551.31	0.00	12.48	1684.61
	3551.33	0.00	12.49	1687.61
	3551.34	0.00	12.49	1684.59
	3551.35	0.00	12.44	1674.66
	3551.36	0.00	12.44	1680.69
	3551.37	0.00	12.44	1680.68
	3551.38	0.00	12.43	1679.69
	3551.40	0.00	12.45	1679.64
	3551.41	0.00	12.43	1679.68
	3551.42	0.00	12.43	1678.68
	3551.43	0.00	12.42	1678.69
	3551.44	0.00	12.41	1676.69
	3551.46	0.00	12.39	1675.73
	3551.47	0.00	12.48	1670.47
	3551.48	0.00	12.50	1677.48
	3551.49	0.00	12.48	1672.49
	3551.50	0.00	12.47	1670.51
	3551.51	0.00	12.40	1657.59
	3551.53	0.00	12.33	1660.72
	3551.54	0.00	12.32	1659.74
	3551.55	0.00	12.33	1657.77
	3551.56	0.00	12.32	1655.78
	3551.57	0.00	12.32	1660.78
	3551.59	0.00	12.30	1645.73
	3551.60	0.00	12.31	1652.75
	3551.61	0.00	12.31	1656.76
	3551.62	0.00	12.30	1656.76
	3551.63	0.00	12.30	1658.74
	3551.64	0.00	12.32	1667.74
	3551.66	0.00	12.30	1666.76
	3551.67	0.00	12.31	1667.76
	3551.68	0.00	12.30	1663.76
	3551.69	0.00	12.30	1666.77
	3551.70	0.00	12.28	1663.80
	3551.71	0.00	12.29	1666.78
	3551.73	0.00	12.29	1663.78
	3551.74	0.00	12.29	1664.79
	3551.75	0.00	12.28	1663.80
	3551.76	0.00	12.30	1665.78
	3551.77	0.00	12.31	1660.72
	3551.78	0.00	12.32	1663.72
	3551.80	0.00	12.32	1658.72
	3551.81	0.00	12.32	1659.71
	3551.82	0.00	12.31	1652.70
	3551.83	0.00	12.30	1648.70
	3551.84	0.00	12.27	1637.70
	3551.86	0.00	12.31	1646.69
	3551.87	0.00	12.31	1647.69
	3551.88	0.00	12.34	1645.65
	3551.89	0.00	12.30	1641.68
	3551.90	0.00	12.33	1646.68
	3551.92	0.00	12.32	1645.68
	3551.93	0.00	12.32	1645.69
	3551.94	0.00	12.34	1645.67
	3551.95	0.00	12.34	1645.66
	3551.96	0.00	12.31	1644.72
	3551.97	0.00	12.32	1644.71
	3551.99	0.00	12.30	1646.75
	3552.00	0.00	12.31	1645.75
	3552.01	0.00	12.33	1647.70
	3552.02	0.00	12.32	1647.72
	3552.03	0.00	12.32	1646.71
	3552.04	0.00	12.32	1647.73
	3552.06	0.00	12.30	1646.74
	3552.07	0.00	12.31	1649.75
	3552.08	0.00	12.41	1647.50
	3552.09	0.00	12.42	1648.51
	3552.10	0.00	12.41	1647.52
	3552.11	0.00	12.39	1644.54
	3552.13	0.00	12.39	1643.53
	3552.14	0.00	12.40	1634.46
	3552.15	0.00	12.32	1632.62
	3552.16	0.00	12.30	1633.69
	3552.17	0.00	12.31	1632.70
	3552.19	0.00	12.31	1633.71
	3552.20	0.00	12.28	1617.68
	3552.21	0.00	12.27	1621.72
	3552.22	0.00	12.30	1628.71
	3552.23	0.00	12.29	1628.71
	3552.25	0.00	12.29	1630.71
	3552.26	0.00	12.26	1622.72
	3552.27	0.00	12.32	1639.68
	3552.28	0.00	12.32	1642.70
	3552.29	0.00	12.32	1643.71
	3552.30	0.00	12.31	1643.72
	3552.32	0.00	12.32	1645.70
	3552.33	0.00	12.32	1638.68
	3552.34	0.00	12.31	1643.72
	3552.35	0.00	12.32	1646.73
	3552.36	0.00	12.32	1648.72
	3552.37	0.00	12.33	1644.68
	3552.39	0.00	12.34	1644.66
	3552.40	0.00	12.33	1645.68
	3552.41	0.00	12.34	1643.66
	3552.42	0.00	12.34	1643.66
	3552.43	0.00	12.35	1644.65
	3552.44	0.00	12.35	1646.65
	3552.46	0.00	12.33	1640.65
	3552.47	0.00	12.33	1638.65
	3552.48	0.00	12.33	1636.65
	3552.49	0.00	12.32	1636.66
	3552.50	0.00	12.34	1637.64
	3552.52	0.00	12.33	1635.64
	3552.53	0.00	12.32	1631.64
	3552.54	0.00	12.32	1636.66
	3552.55	0.00	12.35	1638.64
	3552.56	0.00	12.35	1637.63
	3552.57	0.00	12.36	1637.59
	3552.59	0.00	12.32	1636.69
	3552.60	0.00	12.32	1637.69
	3552.61	0.00	12.31	1639.71
	3552.62	0.00	12.32	1640.71
	3552.63	0.00	12.32	1640.70
	3552.65	0.00	12.33	1637.66
	3552.66	0.00	12.33	1639.67
	3552.67	0.00	12.33	1641.68
	3552.68	0.00	12.33	1641.70
	3552.69	0.00	12.32	1642.70
	3552.70	0.00	12.36	1638.59
	3552.71	0.00	12.43	1644.46
	3552.73	0.00	12.44	1646.45
	3552.74	0.00	12.44	1649.47
	3552.75	0.00	12.43	1644.48
	3552.76	0.00	12.43	1642.48
	3552.77	0.00	12.43	1643.47
	3552.79	0.00	12.40	1632.47
	3552.80	0.00	12.34	1630.60
	3552.81	0.00	12.32	1631.64
	3552.82	0.00	12.32	1632.66
	3552.83	0.00	12.33	1626.67
	3552.84	0.00	12.32	1627.68
	3552.86	0.00	12.30	1613.64
	3552.87	0.00	12.31	1618.64
	3552.88	0.00	12.31	1624.68
	3552.89	0.00	12.32	1625.68
	3552.90	0.00	12.30	1628.69
	3552.91	0.00	12.29	1622.67
	3552.93	0.00	12.31	1625.65
	3552.94	0.00	12.33	1638.66
	3552.95	0.00	12.34	1643.68
	3552.96	0.00	12.32	1640.70
	3552.97	0.00	12.33	1644.69
	3552.99	0.00	12.33	1639.69
	3553.00	0.00	12.32	1645.70
	3553.01	0.00	12.32	1645.72
	3553.02	0.00	12.33	1645.71
	3553.03	0.00	12.33	1645.71
	3553.04	0.00	12.32	1646.71
	3553.06	0.00	12.34	1643.65
	3553.07	0.00	12.35	1644.65
	3553.08	0.00	12.36	1644.64
	3553.09	0.00	12.34	1644.65
	3553.10	0.00	12.35	1646.64
	3553.12	0.00	12.32	1636.64
	3553.13	0.00	12.32	1638.65
	3553.14	0.00	12.32	1637.65
	3553.15	0.00	12.33	1637.64
	3553.16	0.00	12.30	1631.65
	3553.17	0.00	12.31	1632.64
	3553.19	0.00	12.32	1634.64
	3553.20	0.00	12.33	1640.66
	3553.21	0.00	12.34	1641.65
	3553.22	0.00	12.32	1639.65
	3553.23	0.00	12.34	1641.62
	3553.25	0.00	12.31	1640.70
	3553.26	0.00	12.30	1639.71
	3553.27	0.00	12.30	1641.73
	3553.28	0.00	12.30	1643.74
	3553.29	0.00	12.29	1643.74
	3553.30	0.00	12.33	1646.68
	3553.31	0.00	12.32	1647.70
	3553.33	0.00	12.32	1648.70
	3553.34	0.00	12.31	1648.72
	3553.35	0.00	12.32	1647.72
	3553.36	0.00	12.31	1650.73
	3553.37	0.00	12.41	1651.50
	3553.39	0.00	12.42	1654.50
	3553.40	0.00	12.41	1648.51
	3553.41	0.00	12.41	1649.51
	3553.42	0.00	12.40	1642.51
	3553.43	0.00	12.41	1646.51
	3553.44	0.00	12.37	1637.55
	3553.46	0.00	12.31	1635.66
	3553.47	0.00	12.32	1633.69
	3553.48	0.00	12.32	1635.70
	3553.49	0.00	12.33	1638.70
	3553.50	0.00	12.31	1624.65
	3553.51	0.00	12.32	1623.63
	3553.53	0.00	12.32	1631.68
	3553.54	0.00	12.33	1631.68
	3553.55	0.00	12.33	1636.68
	3553.56	0.00	12.33	1638.69
	3553.57	0.00	12.35	1641.65
	3553.59	0.00	12.36	1649.66
	3553.60	0.00	12.37	1649.66
	3553.61	0.00	12.36	1646.67
	3553.62	0.00	12.36	1648.67
	3553.63	0.00	12.36	1647.67
	3553.64	0.00	12.37	1647.65
	3553.66	0.00	12.37	1649.67
	3553.67	0.00	12.36	1646.68
	3553.68	0.00	12.37	1651.68
	3553.69	0.00	12.38	1648.64
	3553.70	0.00	12.39	1647.62
	3553.72	0.00	12.39	1648.62
	3553.73	0.00	12.40	1650.62
	3553.74	0.00	12.42	1648.57
	3553.75	0.00	12.40	1652.61
	3553.76	0.00	12.40	1652.61
	3553.77	0.00	12.38	1643.61
	3553.79	0.00	12.38	1643.61
	3553.80	0.00	12.38	1643.61
	3553.81	0.00	12.38	1642.61
	3553.82	0.00	12.36	1634.61
	3553.83	0.00	12.37	1638.63
	3553.84	0.00	12.38	1643.61
	3553.86	0.00	12.39	1640.60
	3553.87	0.00	12.41	1642.56
	3553.88	0.00	12.38	1641.64
	3553.89	0.00	12.38	1641.66
	3553.90	0.00	12.37	1642.67
	3553.91	0.00	12.37	1642.67
	3553.93	0.00	12.38	1644.68
	3553.94	0.00	12.40	1644.62
	3553.95	0.00	12.39	1643.64
	3553.96	0.00	12.39	1644.64
	3553.97	0.00	12.39	1646.65
	3553.99	0.00	12.38	1647.66
	3554.00	0.00	12.45	1643.49
	3554.01	0.00	12.50	1646.41
	3554.02	0.00	12.50	1649.42
	3554.03	0.00	12.49	1645.44
	3554.04	0.00	12.49	1648.44
	3554.06	0.00	12.48	1643.44
	3554.07	0.00	12.40	1635.56
	3554.08	0.00	12.38	1636.61
	3554.09	0.00	12.39	1632.62
	3554.10	0.00	12.38	1631.63
	3554.12	0.00	12.40	1637.63
	3554.13	0.00	12.40	1636.63
	3554.14	0.00	12.39	1619.58
	3554.15	0.00	12.40	1625.60
	3554.16	0.00	12.41	1628.60
	3554.17	0.00	12.41	1631.60
	3554.19	0.00	12.41	1631.60
	3554.20	0.00	12.40	1632.61
	3554.21	0.00	12.43	1630.55
	3554.22	0.00	12.44	1642.57
	3554.23	0.00	12.44	1641.58
	3554.25	0.00	12.44	1642.57
	3554.26	0.00	12.43	1643.59
	3554.27	0.00	12.43	1640.58
	3554.28	0.00	12.43	1643.60
	3554.29	0.00	12.45	1647.57
	3554.30	0.00	12.43	1646.61
	3554.32	0.00	12.44	1648.61
	3554.33	0.00	12.44	1645.60
	3554.34	0.00	12.44	1638.54
	3554.35	0.00	12.46	1645.54
	3554.36	0.00	12.47	1644.54
	3554.37	0.00	12.47	1644.53
	3554.39	0.00	12.47	1643.54
	3554.40	0.00	12.44	1633.53
	3554.41	0.00	12.45	1638.53
	3554.42	0.00	12.44	1635.53
	3554.43	0.00	12.46	1634.48
	3554.44	0.00	12.45	1637.53
	3554.46	0.00	12.44	1635.53
	3554.47	0.00	12.44	1635.53
	3554.48	0.00	12.42	1630.55
	3554.49	0.00	12.43	1632.54
	3554.50	0.00	12.43	1634.54
	3554.51	0.00	12.44	1636.54
	3554.53	0.00	12.45	1638.51
	3554.54	0.00	12.44	1639.55
	3554.55	0.00	12.46	1640.51
	3554.56	0.00	12.43	1639.57
	3554.57	0.00	12.42	1637.59
	3554.59	0.00	12.41	1638.61
	3554.60	0.00	12.40	1638.62
	3554.61	0.00	12.39	1633.63
	3554.62	0.00	12.42	1637.57
12.22	1620.70
	3559.40	0.00	12.24	1626.70
	3559.41	0.00	12.24	1628.70
	3559.43	0.00	12.23	1628.72
	3559.44	0.00	12.23	1626.72
	3559.45	0.00	12.22	1628.75
	3559.46	0.00	12.21	1627.77
	3559.47	0.00	12.21	1628.77
	3559.48	0.00	12.20	1622.78
	3559.50	0.00	12.23	1630.73
	3559.51	0.00	12.24	1632.74
	3559.52	0.00	12.23	1629.74
	3559.53	0.00	12.22	1632.76
	3559.54	0.00	12.25	1626.66
	3559.55	0.00	12.32	1631.52
	3559.57	0.00	12.33	1633.51
	3559.58	0.00	12.32	1633.53
	3559.59	0.00	12.32	1628.54
	3559.60	0.00	12.31	1630.55
	3559.61	0.00	12.30	1620.50
	3559.62	0.00	12.27	1618.58
	3559.64	0.00	12.23	1618.65
	3559.65	0.00	12.22	1620.71
	3559.66	0.00	12.24	1613.70
	3559.67	0.00	12.22	1618.74
	3559.68	0.00	12.18	1602.72
	3559.70	0.00	12.19	1611.74
	3559.71	0.00	12.20	1609.76
	3559.72	0.00	12.20	1613.75
	3559.73	0.00	12.20	1615.75
	3559.74	0.00	12.18	1608.74
	3559.75	0.00	12.21	1618.73
	3559.77	0.00	12.23	1628.74
	3559.78	0.00	12.23	1629.75
	3559.79	0.00	12.23	1628.72
	3559.80	0.00	12.21	1627.76
	3559.81	0.00	12.22	1624.72
	3559.83	0.00	12.22	1633.76
	3559.84	0.00	12.25	1633.72
	3559.85	0.00	12.23	1634.77
	3559.86	0.00	12.22	1633.77
	3559.87	0.00	12.23	1631.72
	3559.88	0.00	12.25	1631.71
	3559.90	0.00	12.22	1626.71
	3559.91	0.00	12.25	1632.71
	3559.92	0.00	12.24	1632.71
	3559.93	0.00	12.21	1625.73
	3559.94	0.00	12.21	1621.71
	3559.96	0.00	12.22	1623.71
	3559.97	0.00	12.21	1622.71
	3559.98	0.00	12.20	1619.71
	3559.99	0.00	12.22	1619.70
	3560.00	0.00	12.22	1624.70
	3560.01	0.00	12.22	1621.71
	3560.03	0.00	12.24	1626.68
	3560.04	0.00	12.23	1626.71
	3560.05	0.00	12.20	1624.76
	3560.06	0.00	12.20	1623.77
	3560.07	0.00	12.20	1627.80
	3560.08	0.00	12.20	1625.77
	3560.10	0.00	12.22	1626.74
	3560.11	0.00	12.21	1628.76
	3560.12	0.00	12.19	1628.79
	3560.13	0.00	12.21	1630.77
	3560.14	0.00	12.20	1630.78
	3560.16	0.00	12.32	1630.53
	3560.17	0.00	12.30	1630.54
	3560.18	0.00	12.31	1631.54
	3560.19	0.00	12.30	1627.55
	3560.20	0.00	12.30	1627.55
	3560.21	0.00	12.30	1624.56
	3560.23	0.00	12.30	1617.49
	3560.24	0.00	12.21	1617.67
	3560.25	0.00	12.19	1610.74
	3560.26	0.00	12.20	1612.73
	3560.27	0.00	12.21	1614.74
	3560.29	0.00	12.20	1614.75
	3560.30	0.00	12.16	1597.74
	3560.31	0.00	12.18	1607.75
	3560.32	0.00	12.18	1607.76
	3560.33	0.00	12.18	1614.76
	3560.34	0.00	12.17	1610.74
	3560.36	0.00	12.21	1626.74
	3560.37	0.00	12.21	1626.75
	3560.38	0.00	12.21	1628.76
	3560.39	0.00	12.21	1625.73
	3560.40	0.00	12.21	1629.76
	3560.41	0.00	12.21	1632.77
	3560.43	0.00	12.21	1631.78
	3560.44	0.00	12.21	1635.78
	3560.45	0.00	12.22	1626.73
	3560.46	0.00	12.22	1629.73
	3560.47	0.00	12.23	1632.72
	3560.48	0.00	12.24	1633.72
	3560.50	0.00	12.23	1632.72
	3560.51	0.00	12.22	1635.72
	3560.52	0.00	12.19	1625.73
	3560.53	0.00	12.19	1627.73
	3560.54	0.00	12.19	1630.73
	3560.56	0.00	12.19	1627.73
	3560.57	0.00	12.19	1630.74
	3560.58	0.00	12.19	1624.69
	3560.59	0.00	12.18	1633.75
	3560.60	0.00	12.17	1633.76
	3560.61	0.00	12.18	1636.76
	3560.63	0.00	12.15	1635.80
	3560.64	0.00	12.14	1638.82
	3560.65	0.00	12.14	1637.83
	3560.66	0.00	12.17	1638.77
	3560.67	0.00	12.13	1640.85
	3560.69	0.00	12.15	1641.80
	3560.70	0.00	12.14	1642.83
	3560.71	0.00	12.12	1640.85
	3560.72	0.00	12.12	1643.86
	3560.73	0.00	12.19	1645.67
	3560.75	0.00	12.20	1645.63
	3560.76	0.00	12.20	1646.64
	3560.77	0.00	12.18	1643.66
	3560.78	0.00	12.16	1637.66
	3560.79	0.00	12.13	1637.67
	3560.80	0.00	12.10	1636.69
	3560.82	0.00	12.04	1628.74
	3560.83	0.00	11.94	1629.95
	3560.84	0.00	11.93	1630.98
	3560.85	0.00	11.92	1632.99
	3560.86	0.00	11.88	1630.02
	3560.87	0.00	11.84	1616.98
	3560.89	0.00	11.82	1621.02
	3560.90	0.00	11.79	1625.03
	3560.91	0.00	11.77	1624.04
	3560.92	0.00	11.75	1624.05
	3560.93	0.00	11.77	1637.02
	3560.94	0.00	11.75	1636.05
	3560.96	0.00	11.73	1636.07
	3560.97	0.00	11.71	1637.09
	3560.98	0.00	11.69	1631.06
	3560.99	0.00	11.68	1628.10
	3561.00	0.00	11.67	1628.11
	3561.02	0.00	11.67	1622.08
	3561.03	0.00	11.65	1618.11
	3561.04	0.00	11.66	1612.06
	3561.05	0.00	11.68	1610.05
	3561.06	0.00	11.68	1598.04
	3561.07	0.00	11.68	1582.03
	3561.09	0.00	11.70	1578.01
	3561.10	0.00	11.70	1558.99
	3561.11	0.00	11.70	1545.95
	3561.12	0.00	11.71	1531.91
	3561.13	0.00	11.72	1509.83
	3561.15	0.00	11.79	1500.77
	3561.16	0.00	11.82	1481.70
	3561.17	0.00	11.88	1468.65
	3561.18	0.00	11.94	1458.55
	3561.19	0.00	12.02	1455.47
	3561.20	0.00	12.08	1449.39
	3561.22	0.00	12.12	1449.34
	3561.23	0.00	12.15	1449.31
	3561.24	0.00	12.15	1451.29
	3561.25	0.00	12.16	1448.28
	3561.26	0.00	12.17	1449.27
	3561.27	0.00	12.17	1447.26
	3561.29	0.00	12.18	1450.25
	3561.30	0.00	12.18	1447.24
	3561.31	0.00	12.17	1444.24
	3561.32	0.00	12.19	1449.23
	3561.33	0.00	12.20	1453.23
	3561.35	0.00	12.21	1452.22
	
	3561.45	0.00	12.22	1458.27
	3561.46	0.00	12.22	1459.26
	3561.48	0.00	12.23	1459.26
	3561.49	0.00	12.23	1460.26
	3561.50	0.00	12.23	1461.26
	3561.51	0.00	12.23	1461.26
	3561.52	0.00	12.22	1451.21
	3561.53	0.00	12.26	1459.19
	3561.55	0.00	12.26	1460.20
	3561.56	0.00	12.26	1461.20
	3561.57	0.00	12.26	1461.21
	3561.58	0.00	12.26	1461.21
	3561.59	0.00	12.26	1461.21
	3561.60	0.00	12.26	1461.20
	3561.62	0.00	12.26	1450.13
	3561.63	0.00	12.40	1463.92
	3561.64	0.00	12.41	1463.91
	3561.65	0.00	12.37	1461.02
	3561.66	0.00	12.35	1462.05
	3561.67	0.00	12.34	1461.06
	3561.69	0.00	12.35	1464.05
	3561.70	0.00	12.35	1466.06
	3561.71	0.00	12.30	1459.12
	3561.72	0.00	12.25	1466.21
	3561.73	0.00	12.14	1478.36
	3561.75	0.00	11.99	1498.57
	3561.76	0.00	11.86	1524.78
	3561.77	0.00	11.76	1549.86
	3561.78	0.00	11.74	1559.89
	3561.79	0.00	11.74	1564.90
	3561.80	0.00	11.74	1572.92
	3561.82	0.00	11.74	1600.93
	3561.83	0.00	11.69	1638.03
	3561.84	0.00	11.69	1681.11
	3561.85	0.00	11.70	1724.19
	3561.86	0.00	11.65	1743.24
	3561.88	0.00	11.66	1761.27
	3561.89	0.00	11.67	1775.30
	3561.90	0.00	11.71	1791.31
	3561.91	0.00	11.80	1814.29
	3561.92	0.00	11.88	1822.23
	3561.93	0.00	11.94	1830.26
	3561.95	0.00	12.02	1838.23
	3561.96	0.00	12.10	1844.19
	3561.97	0.00	12.17	1845.13
	3561.98	0.00	12.22	1835.08
	3561.99	0.00	12.31	1844.06
	3562.01	0.00	12.37	1841.02
	3562.02	0.00	12.43	1837.99
	3562.03	0.00	12.48	1833.94
	3562.04	0.00	12.56	1832.88
	3562.05	0.00	12.62	1824.82
	3562.06	0.00	12.67	1827.74
	3562.08	0.00	12.71	1817.67
	3562.09	0.00	12.76	1811.59
	3562.10	0.00	.00	14.55	2056.82
	3562.30	0.00	14.64	2077.87
	3562.31	0.00	14.72	2093.85
	3562.32	0.00	14.79	2101.79
	3562.34	0.00	14.79	2084.74
	3562.35	0.00	14.68	2060.79
	3562.36	0.00	14.60	2029.74
	3562.37	0.00	14.44	1970.68
	3562.38	0.00	14.13	1876.78
	3562.39	0.00	13.74	1765.85
	3562.41	0.00	13.34	1662.93
	3562.42	0.00	12.90	1576.09
	3562.43	0.00	12.52	1499.09
	3562.44	0.00	12.44	1489.13
	3562.45	0.00	12.44	1489.13
	3562.46	0.00	12.44	1488.12
	3562.48	0.00	12.46	1490.10
	3562.49	0.00	12.48	1491.08
	3562.50	0.00	12.48	1491.08
	3562.51	0.00	12.49	1491.07
	3562.52	0.00	12.49	1491.06
	3562.53	0.00	12.51	1493.04
	3562.55	0.00	12.50	1493.04
	3562.56	0.00	12.44	1465.99
	3562.57	0.00	12.43	1462.00
	3562.58	0.00	12.42	1466.03
	3562.59	0.00	12.44	1475.05
	3562.61	0.00	12.46	1478.05
	3562.62	0.00	12.45	1481.06
	3562.63	0.00	12.46	1486.05
	3562.64	0.00	12.49	1497.03
	3562.65	0.00	12.47	1481.98
	3562.66	0.00	12.50	1494.98
	3562.68	0.00	12.53	1508.00
	3562.69	0.00	12.53	1512.00
	3562.70	0.00	12.55	1517.00
	3562.71	0.00	12.53	1515.02
	3562.72	0.00	12.53	1521.02
	3562.73	0.00	12.54	1520.02
	3562.75	0.00	12.52	1518.02
	3562.76	0.00	12.53	1524.03
	3562.77	0.00	12.51	1521.06
	3562.78	0.00	12.50	1522.07
	3562.79	0.00	12.51	1522.06
	3562.80	0.00	12.51	1525.07
	3562.82	0.00	12.51	1526.07
	3562.83	0.00	12.51	1526.06
	3562.84	0.00	12.52	1517.99
	3562.85	0.00	12.53	1519.99
	3562.86	0.00	12.53	1520.98
	3562.87	0.00	12.56	1524.96
	3562.89	0.00	12.57	1526.95
	3562.90	0.00	12.48	1534.04
	3562.91	0.00	12.27	1559.39
	3562.92	0.00	11.64	1677.82
	3562.93	0.00	11.14	1813.10
	3562.95	0.00	11.04	1854.21
	3562.96	0.00	11.06	1865.21
	3562.97	0.00	11.08	1872.20
	3562.98	0.00	11.15	1921.23
	3562.99	0.00	11.24	1977.30
	3563.00	0.00	11.36	2060.36
	3563.02	0.00	11.43	2093.39
	3563.03	0.00	11.50	2115.39
	3563.04	0.00	11.55	2121.37
	3563.05	0.00	11.60	2112.36
	3563.06	0.00	11.70	2103.32
	3563.08	0.00	11.85	2067.29
	3563.09	0.00	11.99	2037.23
	3563.10	0.00	12.10	2017.15
	3563.11	0.00	12.31	1972.10
	3563.12	0.00	12.51	1927.03
	3563.14	0.00	12.61	1908.97
	3563.15	0.00	12.67	1896.91
	3563.16	0.00	12.77	1891.71
	3563.17	0.00	12.83	1878.58
	3563.18	0.00	12.88	1875.46
	3563.19	0.00	12.91	1865.39
	3563.21	0.00	12.89	1852.41
	3563.22	0.00	12.91	1847.39
	3563.23	0.00	12.91	1837.37
	3563.24	0.00	12.92	1836.36
	3563.25	0.00	12.93	1831.34
	3563.27	0.00	12.93	1818.28
	3563.28	0.00	12.97	1804.28
	3563.29	0.00	13.11	1836.27
	3563.30	0.00	13.14	1835.26
	3563.31	0.00	13.20	1846.25
	3563.32	0.00	13.28	1858.19
	3563.34	0.00	13.35	1872.18
	3563.35	0.00	13.45	1887.18
	3563.36	0.00	13.69	1933.16
	3563.37	0.00	13.83	1960.15
	3563.38	0.00	13.96	1981.14
	3563.39	0.00	14.07	1996.12
	3563.41	0.00	14.20	2030.11
	3563.42	0.00	14.33	2061.04
	3563.43	0.00	14.41	2059.00
	3563.44	0.00	14.47	2057.92
	3563.45	0.00	14.49	2060.88
	3563.46	0.00	14.56	2055.73
	3563.48	0.00	14.57	2000.37
	3563.49	0.00	14.24	1945.77
	3563.50	0.00	13.95	1862.85
	3563.51	0.00	13.53	1757.92
	3563.52	0.00	13.13	1670.00
	3563.54	0.00	12.63	1580.12
	3563.55	0.00	12.54	1562.14
	3563.56	0.00	12.51	1557.15
	3563.57	0.00	12.49	1547.15
	3563.58	0.00	12.49	1548.15
	3563.59	0.00	12.51	1551.13
	3563.61	0.00	12.51	1548.13
	3563.62	0.00	12.52	1547.12
	3563.63	0.00	12.51	1546.12
	3563.64	0.00	12.53	1546.11
	3563.65	0.00	12.53	1544.11
	3563.66	0.00	12.51	1534.10
	3563.68	0.00	12.50	1534.12
	3563.69	0.00	12.49	1525.09
	3563.70	0.00	12.52	1534.08
	3563.71	0.00	12.52	1532.07
	3563.72	0.00	12.52	1531.07
	3563.74	0.00	12.53	1531.05
	3563.75	0.00	12.53	1529.05
	3563.76	0.00	12.53	1532.06
	3563.77	0.00	12.55	1529.01
	3563.78	0.00	12.55	1537.05
	3563.79	0.00	12.55	1538.05
	3563.81	0.00	12.56	1539.05
	3563.82	0.00	12.56	1541.05
	3563.83	0.00	12.57	1543.04
	3563.84	0.00	12.57	1541.04
	3563.85	0.00	12.58	1541.02
	3563.86	0.00	12.57	1538.03
	3563.88	0.00	12.53	1539.11
	3563.89	0.00	12.53	1538.11
	3563.90	0.00	12.52	1539.12
	3563.91	0.00	12.52	1540.11
	3563.92	0.00	12.52	1540.12
	3563.93	0.00	12.53	1542.10
	3563.95	0.00	12.54	1543.10
	3563.96	0.00	12.54	1542.08
	3563.97	0.00	12.51	1543.14
	3563.98	0.00	12.33	1564.42
	3563.99	0.00	11.69	1681.92
	3564.00	0.00	10.92	1881.27
	3564.02	0.00	10.93	1894.39
	3564.03	0.00	10.94	1905.40
	3564.04	0.00	11.00	1911.31
	3564.05	0.00	11.04	1931.32
	3564.06	0.00	11.09	1983.37
	3564.08	0.00	11.22	2026.37
	3564.09	0.00	11.25	2075.43
	3564.10	0.00	11.30	2101.49
	3564.11	0.00	11.40	2118.47
	3564.12	0.00	11.47	2105.44
	3564.14	0.00	11.65	2106.34
	3564.15	0.00	11.86	2069.30
	3564.16	0.00	12.04	2037.25
	3564.17	0.00	12.17	2013.18
	3564.18	0.00	12.47	1956.07
	3564.19	0.00	12.60	1937.00
	3564.21	0.00	12.68	1917.92
	3564.22	0.00	12.76	1900.84
	3564.23	0.00	12.84	1884.68
	3564.24	0.00	12.92	1866.54
	3564.25	0.00	12.94	1849.46
	3564.27	0.00	12.96	1840.44
	3564.28	0.00	12.96	1830.41
	3564.29	0.00	13.00	1798.33
	3564.30	0.00	13.01	1794.32
	3564.31	0.00	13.03	1795.31
	3564.32	0.00	13.08	1800.29
	3564.34	0.00	13.09	1799.28
	3564.35	0.00	13.13	1809.27
	3564.36	0.00	13.16	1815.26
	3564.37	0.00	13.20	1830.26
	3564.38	0.00	13.24	1837.24
	3564.39	0.00	13.28	1850.23
	3564.41	0.00	13.42	1881.22
	3564.42	0.00	13.63	1925.23
	3564.43	0.00	13.70	1935.18
	3564.44	0.00	13.80	1956.16
	3564.45	0.00	13.88	1972.12
	3564.47	0.00	13.98	1987.06
	3564.48	0.00	14.05	1994.01
	3564.49	0.00	14.10	2006.04
	3564.50	0.00	14.14	2006.99
	3564.51	0.00	14.16	2004.97
	3564.52	0.00	14.18	2003.93
	3564.54	0.00	14.13	1977.87
	3564.55	0.00	14.10	1927.68
	3564.56	0.00	13.98	1875.66
	3564.57	0.00	13.63	1798.85
	3564.58	0.00	13.30	1720.01
	3564.60	0.00	12.97	1628.07
	3564.61	0.00	12.46	1505.25
	3564.62	0.00	12.28	1467.32
	3564.63	0.00	12.36	1503.27
	3564.64	0.00	12.36	1504.27
	3564.65	0.00	12.37	1506.27
	3564.66	0.00	12.37	1505.27
	3564.68	0.00	12.37	1506.28
	3564.69	0.00	12.38	1507.28
	3564.70	0.00	12.39	1510.29
	3564.71	0.00	12.41	1515.28
	3564.72	0.00	12.43	1516.26
	3564.74	0.00	12.44	1521.25
	3564.75	0.00	12.45	1525.25
	3564.76	0.00	12.46	1528.23
	3564.77	0.00	12.63	1526.89
	3564.78	0.00	12.65	1529.87
	3564.79	0.00	12.66	1533.88
	3564.81	0.00	12.68	1537.86
	3564.82	0.00	12.67	1539.88
	3564.83	0.00	12.67	1539.89
	3564.84	0.00	12.67	1541.91
	3564.85	0.00	12.67	1549.93
	3564.86	0.00	12.57	1534.06
	3564.88	0.00	12.52	1534.13
	3564.89	0.00	12.50	1533.18
	3564.90	0.00	12.50	1535.18
	3564.91	0.00	12.50	1534.20
	3564.92	0.00	12.50	1533.20
	3564.94	0.00	12.53	1534.19
	3564.95	0.00	12.52	1534.19
	3564.96	0.00	12.54	1548.19
	3564.97	0.00	12.54	1536.12
	3564.98	0.00	12.55	1540.13
	3564.99	0.00	12.53	1540.15
	3565.01	0.00	12.53	1534.11
	3565.02	0.00	12.55	1544.12
	3565.03	0.00	12.55	1545.12
	3565.04	0.00	12.52	1539.12
	3565.05	0.00	12.54	1551.12
	3565.06	0.00	12.35	1578.39
	3565.08	0.00	11.66	1703.87
	3565.09	0.00	10.87	1925.25
	3565.10	0.00	10.75	1973.40
	3565.11	0.00	10.83	1959.42
	3565.12	0.00	10.85	1966.40
	3565.13	0.00	10.87	1996.45
	3565.15	0.00	10.98	2083.53
	3565.16	0.00	11.13	2127.54
	3565.17	0.00	11.22	2149.55
	3565.18	0.00	11.28	2154.53
	3565.19	0.00	11.41	2165.46
	3565.21	0.00	11.49	2159.42
	3565.22	0.00	11.58	2136.37
	3565.23	0.00	11.71	2107.35
	3565.24	0.00	11.87	2057.25
	3565.25	0.00	11.99	1990.16
	3565.27	0.00	12.18	1976.12
	3565.28	0.00	12.42	1920.05
	3565.29	0.00	12.57	1892.97
	3565.30	0.00	12.68	1874.87
	3565.31	0.00	12.79	1853.70
	3565.32	0.00	12.88	1836.54
	3565.34	0.00	12.92	1825.46
	3565.35	0.00	12.95	1799.44
	3565.36	0.00	12.97	1796.41
	3565.37	0.00	12.98	1794.38
	3565.38	0.00	13.01	1797.37
	3565.39	0.00	13.05	1797.30
	3565.41	0.00	13.07	1804.30
	3565.42	0.00	13.10	1812.29
	3565.43	0.00	13.10	1812.28
	3565.44	0.00	13.15	1828.27
	3565.45	0.00	13.21	1832.18
	3565.47	0.00	13.25	1844.17
	3565.48	0.00	13.40	1880.20
	3565.49	0.00	13.60	1925.19
	3565.50	0.00	13.68	1940.18
	3565.51	0.00	13.76	1961.16
	3565.53	0.00	13.84	1976.17
	3565.54	0.00	13.89	1986.18
	3565.55	0.00	13.96	1999.14
	3565.56	0.00	14.03	2008.10
	3565.57	0.00	14.11	2016.00
	3565.58	0.00	14.15	2015.94
	3565.60	0.00	14.18	1996.85
	3565.61	0.00	14.19	1983.78
	3565.62	0.00	14.48	1967.07
	3565.63	0.00	14.54	1922.75
	3565.64	0.00	14.36	1850.63
	3565.65	0.00	13.90	1792.14
	3565.67	0.00	13.33	1738.91
	3565.68	0.00	12.80	1620.08
	3565.69	0.00	12.47	1523.23
	3565.70	0.00	12.38	1523.29
	3565.71	0.00	12.37	1526.28
	3565.72	0.00	12.35	1520.27
	3565.74	0.00	12.37	1520.26
	3565.75	0.00	12.35	1517.27
	3565.76	0.00	12.36	1515.26
	3565.77	0.00	12.37	1518.25
	3565.78	0.00	12.38	1517.24
	3565.80	0.00	12.39	1520.24
	3565.81	0.00	12.40	1519.24
	3565.82	0.00	12.41	1521.22
	3565.83	0.00	12.41	1521.22
	3565.84	0.00	12.41	1523.21
	3565.85	0.00	12.41	1521.21
	3565.87	0.00	12.41	1521.20
	3565.88	0.00	12.43	1519.15
	3565.89	0.00	12.44	1521.16
	3565.90	0.00	12.42	1523.20
	3565.91	0.00	12.43	1526.21
	3565.92	0.00	12.43	1528.21
	3565.94	0.00	12.43	1530.22
	3565.95	0.00	12.45	1537.20
	3565.96	0.00	12.51	1545.10
	3565.97	0.00	12.52	1549.10
	3565.98	0.00	12.52	1551.09
	3566.00	0.00	12.53	1551.10
	3566.01	0.00	12.52	1551.09
	3566.02	0.00	12.51	1546.09
	3566.03	0.00	12.51	1542.08
	3566.04	0.00	12.48	1539.10
	3566.05	0.00	12.51	1545.08
	3566.07	0.00	12.51	1544.07
	3566.08	0.00	12.52	1542.07
	3566.09	0.00	12.54	1540.01
	3566.10	0.00	12.50	1536.06
	3566.11	0.00	12.49	1527.05
	3566.12	0.00	12.51	1528.02
	3566.14	0.00	12.52	1527.01
	3566.15	0.00	12.44	1535.13
	3566.16	0.00	12.16	1579.36
	3566.17	0.00	11.40	1738.88
	3566.18	0.00	10.87	1902.22
	3566.19	0.00	10.72	1961.36
	3566.21	0.00	10.71	1976.40
	3566.22	0.00	10.81	1990.39
	3566.23	0.00	11.02	2051.38
	3566.24	0.00	11.23	2151.40
	3566.25	0.00	11.29	2164.37
	3566.27	0.00	11.39	2190.40
	3566.28	0.00	11.47	2210.38
	3566.29	0.00	11.52	2212.37
	3566.30	0.00	11.63	2209.22
	3566.31	0.00	11.69	2194.21
	3566.33	0.00	11.75	2170.18
	3566.34	0.00	11.80	2143.20
	3566.35	0.00	11.85	2115.23
	3566.36	0.00	11.94	2080.18
	3566.37	0.00	12.05	2047.13
	3566.39	0.00	12.17	2016.08
	3566.40	0.00	12.29	1976.98
	3566.41	0.00	12.40	1961.93
	3566.42	0.00	12.58	1923.87
	3566.43	0.00	12.71	1895.77
	3566.44	0.00	12.77	1895.71
	3566.46	0.00	12.74	1879.65
	3566.47	0.00	12.79	1883.62
	3566.48	0.00	12.80	1878.60
	3566.49	0.00	12.78	1866.58
	3566.50	0.00	12.79	1869.60
	3566.52	0.00	12.77	1863.61
	3566.53	0.00	12.79	1878.63
	3566.54	0.00	12.81	1895.65
	3566.55	0.00	12.88	1918.60
	3566.56	0.00	12.94	1943.58
	3566.57	0.00	13.01	1956.55
	3566.59	0.00	13.08	1969.48
	3566.60	0.00	13.17	1979.39
	3566.61	0.00	13.21	1982.35
	3566.62	0.00	13.30	1984.29
	3566.63	0.00	13.49	1989.27
	3566.64	0.00	13.68	2019.23
	3566.66	0.00	13.83	2040.15
	3566.67	0.00	13.96	2057.08
	3566.68	0.00	14.02	2058.06
	3566.69	0.00	14.14	2072.01
	3566.70	0.00	14.22	2081.98
	3566.71	0.00	14.23	2077.98
	3566.73	0.00	14.26	2064.91
	3566.74	0.00	14.29	2039.69
	3566.75	0.00	14.64	2004.83
	3566.76	0.00	14.65	1971.51
	3566.77	0.00	14.43	1907.53
	3566.79	0.00	14.12	1830.86
	3566.80	0.00	13.26	1726.98
	3566.81	0.00	12.80	1624.14
	3566.82	0.00	12.55	1565.24
	3566.83	0.00	12.44	1542.29
	3566.84	0.00	12.42	1543.28
	3566.86	0.00	12.40	1541.31
	3566.87	0.00	12.42	1544.27
	3566.88	0.00	12.41	1540.28
	3566.89	0.00	12.39	1530.30
	3566.90	0.00	12.38	1528.32
	3566.91	0.00	12.38	1528.30
	3566.93	0.00	12.38	1527.30
	3566.94	0.00	12.39	1527.30
	3566.95	0.00	12.39	1526.30
	3566.96	0.00	12.40	1528.29
	3566.97	0.00	12.41	1530.28
	3566.99	0.00	12.41	1529.28
	3567.00	0.00	12.43	1531.23
	3567.01	0.00	12.44	1532.23
	3567.02	0.00	12.45	1540.24
	3567.03	0.00	12.46	1543.25
	3567.04	0.00	12.49	1559.23
	3567.06	0.00	12.49	1564.24
	3567.07	0.00	12.51	1569.24
	3567.08	0.00	12.57	1561.07
	3567.09	0.00	12.65	1569.94
	3567.10	0.00	12.66	1575.94
	3567.11	0.00	12.65	1573.96
	3567.13	0.00	12.65	1570.96
	3567.14	0.00	12.64	1568.97
	3567.15	0.00	12.65	1568.96
	3567.16	0.00	12.65	1568.96
	3567.17	0.00	12.52	1550.11
	3567.18	0.00	12.48	1548.20
	3567.20	0.00	12.48	1554.22
	3567.21	0.00	12.50	1548.22
	3567.22	0.00	12.52	1558.22
	3567.23	0.00	12.53	1566.21
	3567.24	0.00	12.56	1563.15
	3567.26	0.00	12.55	1557.14
	3567.27	0.00	12.53	1548.14
	3567.28	0.00	12.55	1558.14
	3567.29	0.00	12.56	1565.14
	3567.30	0.00	12.56	1564.13
	3567.31	0.00	12.44	1578.30
	3567.33	0.00	11.97	1660.65
	3567.34	0.00	11.12	1874.08
	3567.35	0.00	10.70	2018.30
	3567.36	0.00	10.73	2034.38
	3567.37	0.00	10.76	2040.37
	3567.38	0.00	10.87	2033.32
	3567.40	0.00	10.99	2102.34
	3567.41	0.00	11.03	2119.40
	3567.42	0.00	11.10	2132.40
	3567.43	0.00	11.37	2197.39
	3567.44	0.00	11.52	2215.36
	3567.46	0.00	11.64	2217.28
	3567.47	0.00	11.79	2197.25
	3567.48	0.00	11.90	2159.22
	3567.49	0.00	12.03	2131.16
	3567.50	0.00	12.15	2081.10
	3567.52	0.00	12.31	2029.05
	3567.53	0.00	12.40	1992.99
	3567.54	0.00	12.58	1945.91
	3567.55	0.00	12.69	1907.82
	3567.56	0.00	12.75	1883.72
	3567.57	0.00	12.79	1876.60
	3567.59	0.00	12.84	1868.49
	3567.60	0.00	12.88	1857.41
	3567.61	0.00	12.90	1854.37
	3567.62	0.00	13.00	1862.35
	3567.63	0.00	13.05	1862.33
	3567.64	0.00	13.10	1867.30
	3567.66	0.00	13.10	1854.29
	3567.67	0.00	13.14	1857.28
	3567.68	0.00	13.18	1860.24
	3567.69	0.00	13.18	1861.28
	3567.70	0.00	13.21	1865.24
	3567.72	0.00	13.22	1862.23
	3567.73	0.00	13.27	1851.23
	3567.74	0.00	13.28	1854.24
	3567.75	0.00	13.45	1874.13
	3567.76	0.00	13.47	1884.14
	3567.77	0.00	13.47	1887.14
	3567.79	0.00	13.49	1891.15
	3567.80	0.00	13.51	1887.13
	3567.81	0.00	13.54	1904.12
	3567.82	0.00	13.53	1905.19
	3567.83	0.00	13.54	1911.21
	3567.84	0.00	13.56	1908.20
	3567.86	0.00	13.56	1909.19
	3567.87	0.00	13.60	1910.18
	3567.88	0.00	13.66	1924.18
	3567.89	0.00	13.68	1929.17
	3567.90	0.00	13.71	1924.12
	3567.92	0.00	13.75	1922.10
	3567.93	0.00	13.76	1923.10
	3567.94	0.00	13.80	1921.05
	3567.95	0.00	13.83	1926.96
	3567.96	0.00	13.81	1938.93
	3567.97	0.00	13.86	1928.77
	3567.99	0.00	13.85	1890.77
	3568.00	0.00	13.70	1878.81
	3568.01	0.00	13.47	1826.91
	3568.02	0.00	13.33	1782.95
	3568.03	0.00	13.12	1725.02
	3568.04	0.00	12.82	1644.08
	3568.06	0.00	12.65	1596.12
	3568.07	0.00	12.53	1570.17
	3568.08	0.00	12.46	1554.20
	3568.09	0.00	12.45	1551.17
	3568.10	0.00	12.42	1548.20
	3568.11	0.00	12.44	1530.21
	3568.13	0.00	12.45	1529.19
	3568.14	0.00	12.45	1529.20
	3568.15	0.00	12.45	1531.21
	3568.16	0.00	12.46	1534.21
	3568.17	0.00	12.47	1536.22
	3568.19	0.00	12.47	1535.22
	3568.20	0.00	12.47	1536.22
	3568.21	0.00	12.48	1538.22
	3568.22	0.00	12.47	1536.22
	3568.23	0.00	12.52	1537.13
	3568.24	0.00	12.49	1539.21
	3568.26	0.00	12.48	1540.21
	3568.27	0.00	12.48	1540.22
	3568.28	0.00	12.49	1541.21
	3568.29	0.00	12.48	1543.24
	3568.30	0.00	12.48	1536.22
	3568.31	0.00	12.49	1539.22
	3568.33	0.00	12.50	1536.16
	3568.34	0.00	12.52	1539.15
	3568.35	0.00	12.52	1538.14
	3568.36	0.00	12.51	1538.15
	3568.37	0.00	12.51	1536.14
	3568.39	0.00	12.52	1542.14
	3568.40	0.00	12.52	1536.11
	3568.41	0.00	12.55	1545.11
	3568.42	0.00	12.55	1547.10
	3568.43	0.00	12.55	1546.10
	3568.44	0.00	12.55	1547.10
	3568.46	0.00	12.55	1546.10
	3568.47	0.00	12.55	1548.10
	3568.48	0.00	12.57	1549.09
	3568.49	0.00	12.58	1550.08
	3568.50	0.00	12.57	1549.09
	3568.51	0.00	12.57	1546.08
	3568.53	0.00	12.57	1547.08
	3568.54	0.00	12.60	1559.05
	3568.55	0.00	12.55	1561.12
	3568.56	0.00	12.43	1580.28
	3568.57	0.00	12.02	1651.65
	3568.58	0.00	11.53	1777.91
	3568.60	0.00	11.25	1851.13
	3568.61	0.00	11.13	1894.24
	3568.62	0.00	11.07	1947.27
	3568.63	0.00	11.09	1970.31
	3568.64	0.00	11.20	1987.30
	3568.66	0.00	11.29	2020.32
	3568.67	0.00	11.36	2048.35
	3568.68	0.00	11.42	2072.36
	3568.69	0.00	11.52	2107.28
	3568.70	0.00	11.60	2116.23
	3568.71	0.00	11.69	2120.22
	3568.73	0.00	11.77	2109.19
	3568.74	0.00	11.82	2095.27
	3568.75	0.00	11.92	2085.26
	3568.76	0.00	12.06	2076.19
	3568.77	0.00	12.16	2060.20
	3568.79	0.00	12.25	2042.14
	3568.80	0.00	12.35	2015.10
	3568.81	0.00	12.41	2011.07
	3568.82	0.00	12.50	1985.96
	3568.83	0.00	12.67	1964.95
	3568.84	0.00	12.78	1944.93
	3568.86	0.00	12.83	1934.89
	3568.87	0.00	12.88	1930.84
	3568.88	0.00	12.87	1926.83
	3568.89	0.00	12.91	1931.78
	3568.90	0.00	12.96	1929.72
	3568.92	0.00	13.00	1933.67
	3568.93	0.00	13.02	1937.63
	3568.94	0.00	13.09	1943.50
	3568.95	0.00	13.11	1940.45
	3568.96	0.00	13.15	1947.42
	3568.97	0.00	13.17	1937.39
	3568.99	0.00	13.20	1927.37
	3569.00	0.00	13.22	1927.34
	3569.01	0.00	13.25	1903.32
	3569.02	0.00	13.25	1897.31
	3569.03	0.00	13.29	1896.24
	3569.05	0.00	13.40	1908.23
	3569.06	0.00	13.41	1896.20
	3569.07	0.00	13.43	1894.16
	3569.08	0.00	13.46	1892.13
	3569.09	0.00	13.49	1893.10
	3569.10	0.00	13.51	1888.05
	3569.12	0.00	13.55	1883.98
	3569.13	0.00	13.58	1885.95
	3569.14	0.00	13.59	1882.91
	3569.15	0.00	13.62	1878.89
	3569.16	0.00	13.64	1872.81
	3569.17	0.00	13.67	1869.76
	3569.19	0.00	13.81	1884.70
	3569.20	0.00	13.79	1877.69
	3569.21	0.00	13.83	1864.58
	3569.22	0.00	13.84	1855.53
	3569.23	0.00	13.83	1839.48
	3569.25	0.00	13.89	1823.27
	3569.26	0.00	13.84	1803.27
	3569.27	0.00	13.55	1738.25
	3569.28	0.00	13.39	1709.45
	3569.29	0.00	13.20	1674.65
	3569.30	0.00	13.01	1637.82
	3569.32	0.00	12.80	1596.96
	3569.33	0.00	12.61	1571.11
	3569.34	0.00	12.50	1553.20
	3569.35	0.00	12.50	1546.16
	3569.36	0.00	12.59	1551.98
	3569.37	0.00	12.57	1542.95
	3569.39	0.00	12.61	1552.95
	3569.40	0.00	12.57	1542.97
	3569.41	0.00	12.61	1541.91
	3569.42	0.00	12.60	1542.92
	3569.43	0.00	12.59	1540.95
	3569.44	0.00	12.59	1535.95
	3569.46	0.00	12.56	1522.97
	3569.47	0.00	12.57	1524.97
	3569.48	0.00	12.53	1510.97
	3569.49	0.00	12.48	1515.08
	3569.50	0.00	12.46	1515.13
	3569.52	0.00	12.46	1518.13
	3569.53	0.00	12.45	1516.15
	3569.54	0.00	12.48	1517.16
	3569.55	0.00	12.48	1521.17
	3569.56	0.00	12.47	1522.19
	3569.57	0.00	12.48	1507.08
	3569.59	0.00	12.45	1512.15
	3569.60	0.00	12.47	1516.16
	3569.61	0.00	12.49	1525.16
	3569.62	0.00	12.47	1527.19
	3569.63	0.00	12.48	1530.17
	3569.64	0.00	12.48	1533.17
	3569.66	0.00	12.53	1539.11
	3569.67	0.00	12.54	1547.12
	3569.68	0.00	12.55	1552.14
	3569.69	0.00	12.55	1554.13
	3569.70	0.00	12.56	1555.13
	3569.72	0.00	12.55	1557.14
	3569.73	0.00	12.53	1552.14
	3569.74	0.00	12.52	1555.17
	3569.75	0.00	12.53	1556.17
	3569.76	0.00	12.53	1557.18
	3569.77	0.00	12.55	1558.16
	3569.79	0.00	12.54	1561.16
	3569.80	0.00	12.57	1555.08
	3569.81	0.00	12.56	1556.08
	3569.82	0.00	12.47	1568.24
	3569.83	0.00	12.18	1624.41
	3569.85	0.00	11.78	1706.68
	3569.86	0.00	11.49	1791.87
	3569.87	0.00	11.25	1865.00
	3569.88	0.00	11.10	1920.08
	3569.89	0.00	11.00	1958.12
	3569.90	0.00	10.94	1990.16
	3569.92	0.00	10.99	2033.12
	3569.93	0.00	11.03	2066.19
	3569.94	0.00	11.09	2106.23
	3569.95	0.00	11.10	2125.26
	3569.96	0.00	11.13	2134.28
	3569.98	0.00	11.12	2159.35
	3569.99	0.00	11.14	2170.36
	3570.00	0.00	11.18	2174.35
	3570.01	0.00	11.23	2173.33
	3570.02	0.00	11.29	2166.28
	3570.03	0.00	11.34	2155.27
	3570.05	0.00	11.38	2140.25
	3570.06	0.00	11.46	2125.12
	3570.07	0.00	11.51	2112.13
	3570.08	0.00	11.56	2105.10
	3570.09	0.00	11.59	2089.07
	3570.11	0.00	11.61	2081.06
	3570.12	0.00	11.61	2070.14
	3570.13	0.00	11.65	2063.13
	3570.14	0.00	11.70	2053.12
	3570.15	0.00	11.75	2046.05
	3570.16	0.00	11.79	2043.06
	3570.18	0.00	11.83	2042.07
	3570.19	0.00	11.86	2042.05
	3570.20	0.00	11.89	2047.04
	3570.21	0.00	11.91	2046.02
	3570.22	0.00	11.96	2058.03
	3570.24	0.00	11.99	2057.00
	3570.25	0.00	12.01	2054.99
	3570.26	0.00	12.02	2044.97
	3570.27	0.00	12.04	2047.03
	3570.28	0.00	12.13	2044.99
	3570.29	0.00	12.21	2035.98
	3570.31	0.00	12.32	2016.97
	3570.32	0.00	12.46	2027.89
	3570.33	0.00	12.53	2024.87
	3570.34	0.00	12.66	1992.82
	3570.35	0.00	12.87	1978.76
	3570.37	0.00	12.93	1973.66
	3570.38	0.00	13.00	1973.59
	3570.39	0.00	13.08	1961.49
	3570.40	0.00	13.13	1966.37
	3570.41	0.00	13.15	1956.31
	3570.42	0.00	13.20	1942.18
	3570.44	0.00	13.23	1933.14
	3570.45	0.00	13.25	1918.10
	3570.46	0.00	13.29	1912.02
	3570.47	0.00	13.29	1890.97
	3570.48	0.00	13.28	1866.95
	3570.50	0.00	13.26	1823.95
	3570.51	0.00	13.22	1796.95
	3570.52	0.00	13.16	1774.00
	3570.53	0.00	13.07	1744.06
	3570.54	0.00	12.94	1705.13
	3570.55	0.00	12.84	1673.16
	3570.57	0.00	12.71	1633.19
	3570.58	0.00	12.59	1608.24
	3570.59	0.00	12.50	1588.28
	3570.60	0.00	12.48	1583.28
	3570.61	0.00	12.50	1576.20
	3570.63	0.00	12.49	1577.22
	3570.64	0.00	12.49	1577.23
	3570.65	0.00	12.49	1578.23
	3570.66	0.00	12.50	1582.25
	3570.67	0.00	12.49	1582.24
	3570.68	0.00	12.50	1581.23
	3570.70	0.00	12.51	1581.24
	3570.71	0.00	12.49	1580.25
	3570.72	0.00	12.50	1582.25
	3570.73	0.00	12.50	1584.25
	3570.74	0.00	12.49	1582.25
	3570.75	0.00	12.50	1584.25
	3570.77	0.00	12.50	1583.25
	3570.78	0.00	12.51	1584.25
	3570.79	0.00	12.51	1590.26
	3570.80	0.00	12.55	1590.17
	3570.81	0.00	12.52	1591.26
	3570.83	0.00	12.50	1585.25
	3570.84	0.00	12.60	1592.08
	3570.85	0.00	12.64	1593.00
	3570.86	0.00	12.66	1594.97
	3570.87	0.00	12.66	1596.98
	3570.88	0.00	12.67	1594.97
	3570.90	0.00	12.67	1597.98
	3570.91	0.00	12.67	1597.97
	3570.92	0.00	12.67	1591.98
	3570.93	0.00	12.67	1592.98
	3570.94	0.00	12.66	1592.99
	3570.96	0.00	12.64	1576.94
	3570.97	0.00	12.58	1580.09
	3570.98	0.00	12.57	1582.12
	3570.99	0.00	12.54	1577.19
	3571.00	0.00	12.57	1579.18
	3571.01	0.00	12.57	1584.18
	3571.03	0.00	12.59	1588.14
	3571.04	0.00	12.54	1589.19
	3571.05	0.00	12.31	1633.36
	3571.06	0.00	11.99	1685.62
	3571.07	0.00	11.66	1764.81
	3571.08	0.00	11.45	1826.94
	3571.10	0.00	11.38	1863.93
	3571.11	0.00	11.30	1894.04
	3571.12	0.00	11.26	1925.08
	3571.13	0.00	11.27	1970.10
	3571.14	0.00	11.26	1988.13
	3571.16	0.00	11.23	2014.22
	3571.17	0.00	11.25	2041.25
	3571.18	0.00	11.26	2057.27
	3571.19	0.00	11.29	2072.28
	3571.20	0.00	11.36	2089.21
	3571.22	0.00	11.42	2100.20
	3571.23	0.00	11.48	2106.20
	3571.24	0.00	11.54	2124.18
	3571.25	0.00	11.61	2126.16
	3571.26	0.00	11.68	2112.13
	3571.27	0.00	11.77	2110.12
	3571.29	0.00	11.84	2083.09
	3571.30	0.00	11.92	2069.07
	3571.31	0.00	11.99	2052.04
	3571.32	0.00	12.05	2042.04
	3571.33	0.00	12.06	2018.05
	3571.35	0.00	12.09	2002.05
	3571.36	0.00	12.12	1987.04
	3571.37	0.00	12.12	1972.05
	3571.38	0.00	12.15	1940.04
	3571.39	0.00	12.18	1928.01
	3571.40	0.00	12.19	1926.02
	3571.42	0.00	12.19	1923.05
	3571.43	0.00	12.22	1929.00
	3571.44	0.00	12.26	1933.92
	3571.45	0.00	12.33	1934.92
	3571.46	0.00	12.41	1932.91
	3571.48	0.00	12.54	1925.89
	3571.49	0.00	12.62	1925.85
	3571.50	0.00	12.64	1940.89
	3571.51	0.00	12.78	1929.87
	3571.52	0.00	12.90	1933.80
	3571.53	0.00	12.96	1934.73
	3571.55	0.00	13.03	1928.66
	3571.56	0.00	13.13	1899.48
	3571.57	0.00	13.18	1901.40
	3571.58	0.00	13.22	1902.35
	3571.59	0.00	13.35	1921.31
	3571.61	0.00	13.39	1914.22
	3571.62	0.00	13.42	1911.17
	3571.63	0.00	13.47	1904.07
	3571.64	0.00	13.55	1900.92
	3571.65	0.00	13.74	1918.74
	3571.66	0.00	13.78	1916.70
	3571.68	0.00	13.84	1910.57
	3571.69	0.00	13.95	1892.28
	3571.70	0.00	14.00	1873.13
	3571.71	0.00	14.01	1855.01
	3571.72	0.00	13.97	1829.95
	3571.73	0.00	13.61	1776.30
	3571.75	0.00	13.18	1721.75
	3571.76	0.00	12.97	1688.95
	3571.77	0.00	12.79	1642.07
	3571.78	0.00	12.64	1617.15
	3571.79	0.00	12.52	1587.19
	3571.81	0.00	12.51	1577.18
	3571.82	0.00	12.50	1578.18
	3571.83	0.00	12.51	1575.17
	3571.84	0.00	12.50	1570.17
	3571.85	0.00	12.49	1566.17
	3571.86	0.00	12.49	1564.17
	3571.88	0.00	12.50	1562.16
	3571.89	0.00	12.49	1561.16
	3571.90	0.00	12.50	1563.16
	3571.91	0.00	12.50	1564.15
	3571.92	0.00	12.50	1562.15
	3571.93	0.00	12.52	1561.10
	3571.95	0.00	12.55	1567.08
	3571.96	0.00	12.55	1570.08
	3571.97	0.00	12.58	1570.06
	3571.98	0.00	12.57	1574.06
	3571.99	0.00	12.58	1574.05
	3572.00	0.00	12.57	1575.07
	3572.02	0.00	12.57	1575.05
	3572.03	0.00	12.57	1568.04
	3572.04	0.00	12.57	1573.04
	3572.05	0.00	12.58	1575.04
	3572.06	0.00	12.58	1574.04
	3572.08	0.00	12.59	1574.04
	3572.09	0.00	12.60	1578.03
	3572.10	0.00	12.60	1577.04
	3572.11	0.00	12.59	1574.03
	3572.12	0.00	12.61	1572.01
	3572.13	0.00	12.61	1574.01
	3572.15	0.00	12.62	1575.00
	3572.16	0.00	12.62	1576.00
	3572.17	0.00	12.63	1574.97
	3572.18	0.00	12.58	1572.05
	3572.19	0.00	12.58	1575.07
	3572.20	0.00	12.58	1576.08
	3572.22	0.00	12.58	1576.07
	3572.23	0.00	12.58	1577.09
	3572.24	0.00	12.58	1575.07
	3572.25	0.00	12.59	1575.06
	3572.26	0.00	12.52	1582.17
	3572.28	0.00	12.26	1619.32
	3572.29	0.00	11.81	1702.70
	3572.30	0.00	11.44	1817.90
	3572.31	0.00	11.24	1890.04
	3572.32	0.00	11.19	1932.02
	3572.33	0.00	11.19	1964.06
	3572.35	0.00	11.29	2015.08
	3572.36	0.00	11.35	2017.10
	3572.37	0.00	11.36	2043.19
	3572.38	0.00	11.39	2066.21
	3572.39	0.00	11.43	2090.25
	3572.41	0.00	11.48	2103.27
	3572.42	0.00	11.53	2131.27
	3572.43	0.00	11.61	2136.21
	3572.44	0.00	11.64	2126.22
	3572.45	0.00	11.70	2114.22
	3572.46	0.00	11.77	2096.20
	3572.48	0.00	11.85	2079.14
	3572.49	0.00	11.88	2052.13
	3572.50	0.00	11.98	2045.13
	3572.51	0.00	12.06	2017.07
	3572.52	0.00	12.14	1999.09
	3572.54	0.00	12.18	1991.07
	3572.55	0.00	12.22	1980.04
	3572.56	0.00	12.30	1974.03
	3572.57	0.00	12.40	1951.93
	3572.58	0.00	12.50	1925.90
	3572.60	0.00	12.57	1913.86
	3572.61	0.00	12.63	1892.83
	3572.62	0.00	12.73	1875.77
	3572.63	0.00	12.83	1864.73
	3572.64	0.00	12.89	1864.69
	3572.65	0.00	12.95	1865.66
	3572.67	0.00	13.00	1870.61
	3572.68	0.00	13.04	1873.56
	3572.69	0.00	13.09	1877.51
	3572.70	0.00	13.15	1889.45
	3572.71	0.00	13.21	1889.35
	3572.72	0.00	13.27	1899.28
	3572.74	0.00	13.29	1907.26
	3572.75	0.00	13.30	1907.27
	3572.76	0.00	13.30	1901.26
	3572.77	0.00	13.34	1918.26
	3572.78	0.00	13.35	1920.24
	3572.80	0.00	13.39	1922.17
	3572.81	0.00	13.41	1922.13
	3572.82	0.00	13.45	1922.06
	3572.83	0.00	13.52	1922.93
	3572.84	0.00	13.55	1915.86
	3572.85	0.00	13.58	1903.77
	3572.87	0.00	13.61	1885.81
	3572.88	0.00	13.58	1836.79
	3572.89	0.00	13.64	1826.62
	3572.90	0.00	13.81	1819.27
	3572.91	0.00	13.87	1802.07
	3572.92	0.00	13.77	1753.96
	3572.94	0.00	13.80	1727.81
	3572.95	0.00	13.79	1697.72
	3572.96	0.00	13.71	1666.71
	3572.97	0.00	13.33	1627.18
	3572.98	0.00	12.96	1583.66
	3573.00	0.00	12.69	1543.88
	3573.01	0.00	12.50	1515.01
	3573.02	0.00	12.38	1488.09
	3573.03	0.00	12.29	1491.24
	3573.04	0.00	12.29	1501.29
	3573.05	0.00	12.29	1508.31
	3573.07	0.00	12.30	1510.30
	3573.08	0.00	12.31	1510.30
	3573.09	0.00	12.30	1510.31
	3573.10	0.00	12.32	1508.34
	3573.11	0.00	12.34	1509.33
	3573.13	0.00	12.32	1508.34
	3573.14	0.00	12.31	1501.35
	3573.15	0.00	12.31	1502.35
	3573.16	0.00	12.31	1500.36
	3573.17	0.00	12.32	1503.35
	3573.18	0.00	12.29	1480.28
	3573.19	0.00	12.32	1491.29
	3573.21	0.00	12.34	1495.28
	3573.22	0.00	12.32	1499.29
	3573.23	0.00	12.33	1504.29
	3573.24	0.00	12.33	1507.29
	3573.25	0.00	12.38	1513.24
	3573.27	0.00	12.39	1519.25
	3573.28	0.00	12.38	1519.26
	3573.29	0.00	12.47	1553.20
	3573.30	0.00	12.49	1562.19
	3573.31	0.00	12.50	1565.17
	3573.32	0.00	12.51	1566.16
	3573.34	0.00	12.51	1564.13
	3573.35	0.00	12.50	1568.17
	3573.36	0.00	12.50	1573.19
	3573.37	0.00	12.51	1574.19
	3573.38	0.00	12.51	1574.19
	3573.40	0.00	12.51	1577.20
	3573.41	0.00	12.52	1570.13
	3573.42	0.00	12.58	1586.07
	3573.43	0.00	12.57	1593.09
	3573.44	0.00	12.46	1613.17
	3573.45	0.00	12.16	1651.42
	3573.47	0.00	11.70	1750.66
	3573.48	0.00	11.39	1840.84
	3573.49	0.00	11.24	1885.92
	3573.50	0.00	11.20	1921.96
	3573.51	0.00	11.19	1943.99
	3573.53	0.00	11.32	1995.01
	3573.54	0.00	11.43	2030.02
	3573.55	0.00	11.46	2050.03
	3573.56	0.00	11.53	2096.05
	3573.57	0.00	11.62	2124.06
	3573.58	0.00	11.71	2133.06
	3573.60	0.00	11.75	2133.12
	3573.61	0.00	11.82	2135.11
	3573.62	0.00	11.92	2131.10
	3573.63	0.00	12.04	2118.04
	3573.64	0.00	12.15	2094.03
	3573.66	0.00	12.23	2074.02
	3573.67	0.00	12.30	2060.01
	3573.68	0.00	12.44	2033.87
	3573.69	0.00	12.49	2028.83
	3573.70	0.00	12.56	2011.77
	3573.71	0.00	12.66	1982.71
	3573.73	0.00	12.78	1964.65
	3573.74	0.00	12.82	1934.66
	3573.75	0.00	12.95	1912.60
	3573.76	0.00	13.14	1932.45
	3573.77	0.00	13.24	1926.22
	3573.79	0.00	13.25	1920.20
	3573.80	0.00	13.28	1916.15
	3573.81	0.00	13.31	1910.10
	3573.82	0.00	13.35	1885.05
	3573.83	0.00	13.36	1888.04
	3573.84	0.00	13.38	1889.01
	3573.86	0.00	13.43	1891.96
	3573.87	0.00	13.43	1889.96
	3573.88	0.00	13.44	1886.96
	3573.89	0.00	13.44	1885.95
	3573.90	0.00	13.46	1885.93
	3573.91	0.00	13.44	1886.97
	3573.93	0.00	13.46	1889.95
	3573.94	0.00	13.46	1889.97
	3573.95	0.00	13.48	1888.97
	3573.96	0.00	13.49	1891.94
	3573.97	0.00	13.53	1892.88
	3573.99	0.00	13.57	1898.85
	3574.00	0.00	13.61	1902.81
	3574.01	0.00	13.64	1911.79
	3574.02	0.00	13.65	1904.77
	3574.03	0.00	13.79	1927.77
	3574.04	0.00	13.85	1927.67
	3574.06	0.00	13.86	1922.64
	3574.07	0.00	13.85	1911.63
	3574.08	0.00	13.82	1899.64
	3574.09	0.00	13.76	1887.69
	3574.10	0.00	13.75	1878.69
	3574.11	0.00	13.55	1842.76
	3574.13	0.00	13.49	1824.79
	3574.14	0.00	13.43	1810.84
	3574.15	0.00	13.26	1775.90
	3574.16	0.00	13.02	1722.95
	3574.17	0.00	12.92	1687.97
	3574.18	0.00	12.81	1657.02
	3574.20	0.00	12.67	1623.10
	3574.21	0.00	12.61	1606.12
	3574.22	0.00	12.58	1598.13
	3574.23	0.00	12.56	1593.14
	3574.24	0.00	12.55	1587.12
	3574.26	0.00	12.55	1588.12
	3574.27	0.00	12.58	1586.07
	3574.28	0.00	12.55	1583.12
	3574.29	0.00	12.52	1577.14
	3574.30	0.00	12.52	1573.14
	3574.31	0.00	12.52	1573.14
	3574.33	0.00	12.50	1570.16
	3574.34	0.00	12.51	1572.16
	3574.35	0.00	12.50	1571.17
	3574.36	0.00	12.50	1570.17
	3574.37	0.00	12.50	1571.18
	3574.38	0.00	12.55	1574.10
	3574.40	0.00	12.54	1570.11
	3574.41	0.00	12.54	1570.11
	3574.42	0.00	12.54	1574.14
	3574.43	0.00	12.54	1573.13
	3574.44	0.00	12.53	1574.14
	3574.46	0.00	12.53	1574.14
	3574.47	0.00	12.69	1574.81
	3574.48	0.00	12.69	1576.84
	3574.49	0.00	12.67	1578.86
	3574.50	0.00	12.67	1569.87
	3574.51	0.00	12.66	1572.88
	3574.53	0.00	12.65	1567.87
	3574.54	0.00	12.56	1555.99
	3574.55	0.00	12.53	1557.07
	3574.56	0.00	12.54	1560.09
	3574.57	0.00	12.55	1563.12
	3574.58	0.00	12.54	1566.13
	3574.60	0.00	12.58	1605.19
	3574.61	0.00	12.53	1608.22
	3574.62	0.00	12.38	1652.36
	3574.63	0.00	12.31	1679.51
	3574.64	0.00	12.25	1701.65
	3574.66	0.00	12.20	1717.73
	3574.67	0.00	12.16	1739.73
	3574.68	0.00	12.15	1756.76
	3574.69	0.00	12.16	1772.78
	3574.70	0.00	12.16	1777.79
	3574.71	0.00	12.14	1791.80
	3574.73	0.00	12.13	1787.79
	3574.74	0.00	12.12	1796.82
	3574.75	0.00	12.11	1802.84
	3574.76	0.00	12.11	1805.84
	3574.77	0.00	12.11	1809.83
	3574.79	0.00	12.10	1816.86
	3574.80	0.00	12.09	1812.81
	3574.81	0.00	12.09	1816.81
	3574.82	0.00	12.09	1818.81
	3574.83	0.00	12.07	1818.82
	3574.84	0.00	12.04	1817.81
	3574.86	0.00	12.02	1824.82
	3574.87	0.00	12.01	1825.82
	3574.88	0.00	12.01	1828.78
	3574.89	0.00	11.97	1830.83
	3574.90	0.00	11.97	1831.83
	3574.92	0.00	11.97	1834.83
	3574.93	0.00	11.96	1830.84
	3574.94	0.00	11.96	1828.81
	3574.95	0.00	11.94	1832.89
	3574.96	0.00	11.92	1831.91
	3574.97	0.00	11.93	1831.84
	3574.99	0.00	11.89	1839.94
	3575.00	0.00	11.88	1839.95
	3575.01	0.00	11.89	1834.90
	3575.02	0.00	11.85	1839.94
	3575.03	0.00	11.81	1843.98
	3575.05	0.00	11.78	1847.99
	3575.06	0.00	11.84	1853.72
	3575.07	0.00	11.82	1863.74
	3575.08	0.00	11.80	1858.78
	3575.09	0.00	11.78	1856.78
	3575.10	0.00	11.78	1856.78
	3575.12	0.00	11.78	1853.78
	3575.13	0.00	11.70	1839.91
	3575.14	0.00	11.67	1841.00
	3575.15	0.00	11.68	1835.01
	3575.16	0.00	11.68	1835.02
	3575.18	0.00	11.65	1815.96
	3575.19	0.00	11.65	1816.97
	3575.20	0.00	11.67	1824.99
	3575.21	0.00	11.67	1823.00
	3575.22	0.00	11.67	1827.00
	3575.23	0.00	11.68	1827.97
	3575.25	0.00	11.68	1833.99
	3575.26	0.00	11.67	1833.99
	3575.27	0.00	11.65	1837.00
	3575.28	0.00	11.66	1831.92
	3575.29	0.00	11.62	1835.01
	3575.31	0.00	11.63	1839.02
	3575.32	0.00	11.62	1838.03
	3575.33	0.00	11.63	1839.03
	3575.34	0.00	11.62	1831.99
	3575.35	0.00	11.63	1836.97
	3575.37	0.00	11.63	1833.97
	3575.38	0.00	11.64	1833.97
	3575.39	0.00	11.65	1833.96
	3575.40	0.00	11.62	1821.97
	3575.41	0.00	11.62	1820.96
	3575.42	0.00	11.63	1818.96
	3575.44	0.00	11.63	1818.96
	3575.45	0.00	11.62	1814.96
	3575.46	0.00	11.63	1813.96
	3575.47	0.00	11.64	1814.95
	3575.48	0.00	11.64	1813.97
	3575.50	0.00	11.66	1816.94
	3575.51	0.00	11.64	1810.01
	3575.52	0.00	11.64	1808.02
	3575.53	0.00	11.67	1808.95
	3575.54	0.00	11.67	1805.98
	3575.55	0.00	11.68	1804.99
	3575.57	0.00	11.69	1803.00
	3575.58	0.00	11.70	1801.00
	3575.59	0.00	11.69	1802.01
	3575.60	0.00	11.71	1805.00
	3575.61	0.00	11.82	1803.71
	3575.63	0.00	11.82	1806.74
	3575.64	0.00	11.80	1800.78
	3575.65	0.00	11.80	1800.77
	3575.66	0.00	11.76	1788.81
	3575.67	0.00	11.72	1789.91
	3575.68	0.00	11.70	1793.96
	3575.70	0.00	11.72	1791.99
	3575.71	0.00	11.72	1797.99
	3575.72	0.00	11.68	1779.95
	3575.73	0.00	11.70	1792.97
	3575.74	0.00	11.73	1795.97
	3575.76	0.00	11.73	1801.98
	3575.77	0.00	11.74	1803.93
	3575.78	0.00	11.76	1812.94
	3575.79	0.00	11.76	1816.96
	3575.80	0.00	11.75	1810.96
	3575.81	0.00	11.76	1820.97
	3575.83	0.00	11.76	1819.97
	3575.84	0.00	11.76	1819.96
	3575.85	0.00	11.77	1820.98
	3575.86	0.00	11.79	1818.97
	3575.87	0.00	11.79	1820.97
	3575.89	0.00	11.81	1816.92
	3575.90	0.00	11.81	1816.93
	3575.91	0.00	11.82	1820.91
	3575.92	0.00	11.82	1817.91
	3575.93	0.00	11.82	1817.90
	3575.94	0.00	11.80	1815.91
	3575.96	0.00	11.79	1810.91
	3575.97	0.00	11.79	1814.91
	3575.98	0.00	11.79	1811.91
	3575.99	0.00	11.79	1812.91
	3576.00	0.00	11.78	1809.91
	3576.01	0.00	11.79	1812.91
	3576.03	0.00	11.79	1812.90
	3576.04	0.00	11.79	1813.90
	3576.05	0.00	11.78	1810.92
	3576.06	0.00	11.76	1808.96
	3576.07	0.00	11.75	1806.98
	3576.09	0.00	11.75	1808.98
	3576.10	0.00	11.75	1808.99
	3576.11	0.00	11.77	1808.94
	3576.12	0.00	11.76	1808.96
	3576.13	0.00	11.76	1809.97
	3576.14	0.00	11.75	1810.98
	3576.16	0.00	11.80	1807.82
	3576.17	0.00	11.85	1813.71
	3576.18	0.00	11.85	1814.73
	3576.19	0.00	11.83	1805.74
	3576.20	0.00	11.83	1810.75
	3576.22	0.00	11.76	1797.85
	3576.23	0.00	11.71	1795.95
	3576.24	0.00	11.73	1795.97
	3576.25	0.00	11.73	1798.97
	3576.26	0.00	11.72	1790.93
	3576.27	0.00	11.70	1779.94
	3576.29	0.00	11.72	1790.95
	3576.30	0.00	11.73	1791.96
	3576.31	0.00	11.72	1794.97
	3576.32	0.00	11.73	1796.93
	3576.33	0.00	11.74	1805.95
	3576.35	0.00	11.74	1808.96
	3576.36	0.00	11.73	1808.96
	3576.37	0.00	11.71	1805.95
	3576.38	0.00	11.72	1808.96
	3576.39	0.00	11.72	1811.97
	3576.41	0.00	11.71	1808.98
	3576.42	0.00	11.72	1811.97
	3576.43	0.00	11.72	1808.93
	3576.44	0.00	11.71	1808.92
	3576.45	0.00	11.72	1807.92
	3576.46	0.00	11.72	1808.92
	3576.48	0.00	11.72	1811.92
	3576.49	0.00	11.71	1808.92
	3576.50	0.00	11.69	1801.92
	3576.51	0.00	11.69	1800.92
	3576.52	0.00	11.70	1801.90
	3576.54	0.00	11.69	1802.92
	3576.55	0.00	11.67	1795.92
	3576.56	0.00	11.69	1801.92
	3576.57	0.00	11.69	1801.92
	3576.58	0.00	11.69	1803.92
	3576.59	0.00	11.70	1802.90
	3576.61	0.00	11.67	1800.96
	3576.62	0.00	11.66	1800.99
	3576.63	0.00	11.65	1798.01
	3576.64	0.00	11.67	1804.00
	3576.65	0.00	11.68	1803.96
	3576.67	0.00	11.68	1804.98
	3576.68	0.00	11.66	1804.00
	3576.69	0.00	11.68	1807.99
	3576.70	0.00	11.76	1802.72
	3576.71	0.00	11.77	1808.73
	3576.72	0.00	11.75	1801.75
	3576.74	0.00	11.76	1805.74
	3576.75	0.00	11.68	1793.84
	3576.76	0.00	11.63	1793.96
	3576.77	0.00	11.64	1792.98
	3576.78	0.00	11.66	1796.97
	3576.80	0.00	11.62	1778.94
	3576.81	0.00	11.61	1782.95
	3576.82	0.00	11.63	1792.97
	3576.83	0.00	11.65	1791.97
	3576.84	0.00	11.65	1795.96
	3576.85	0.00	11.67	1801.94
	3576.87	0.00	11.68	1807.96
	3576.88	0.00	11.68	1808.97
	3576.89	0.00	11.67	1810.96
	3576.90	0.00	11.66	1805.94
	3576.91	0.00	11.65	1811.98
	3576.93	0.00	11.66	1813.98
	3576.94	0.00	11.66	1813.98
	3576.95	0.00	11.66	1813.98
	3576.96	0.00	11.66	1812.94
	3576.97	0.00	11.67	1814.93
	3576.99	0.00	11.67	1814.93
	3577.00	0.00	11.67	1813.92
	3577.01	0.00	11.67	1815.93
	3577.02	0.00	11.67	1811.92
	3577.03	0.00	11.64	1804.92
	3577.04	0.00	11.64	1806.92
	3577.06	0.00	11.65	1804.91
	3577.07	0.00	11.65	1806.92
	3577.08	0.00	11.65	1804.92
	3577.09	0.00	11.64	1800.92
	3577.10	0.00	11.66	1806.91
	3577.12	0.00	11.64	1799.92
	3577.13	0.00	11.66	1806.92
	3577.14	0.00	11.65	1805.92
	3577.15	0.00	11.64	1805.94
	3577.16	0.00	11.63	1803.98
	3577.17	0.00	11.62	1806.99
	3577.19	0.00	11.62	1806.00
	3577.20	0.00	11.64	1808.95
	3577.21	0.00	11.65	1809.95
	3577.22	0.00	11.63	1809.99
	3577.23	0.00	11.63	1811.00
	3577.25	0.00	11.74	1812.71
	3577.26	0.00	11.72	1814.76
	3577.27	0.00	11.72	1807.76
	3577.28	0.00	11.71	1807.76
	3577.29	0.00	11.70	1808.77
	3577.31	0.00	11.63	1803.92
	3577.32	0.00	11.60	1800.98
	3577.33	0.00	11.62	1799.99
	3577.34	0.00	11.62	1802.99
	3577.35	0.00	11.57	1781.95
	3577.36	0.00	11.58	1792.99
	3577.38	0.00	11.60	1796.98
	3577.39	0.00	11.61	1795.98
	3577.40	0.00	11.61	1803.98
	3577.41	0.00	11.64	1806.91
	3577.42	0.00	11.63	1811.97
	3577.44	0.00	11.63	1817.98
	3577.45	0.00	11.62	1817.98
	3577.46	0.00	11.62	1816.97
	3577.47	0.00	11.62	1820.99
	3577.48	0.00	11.61	1821.00
	3577.49	0.00	11.61	1824.00
	3577.51	0.00	11.61	1826.00
	3577.52	0.00	11.61	1823.99
	3577.53	0.00	11.62	1823.95
	3577.54	0.00	11.62	1823.95
	3577.55	0.00	11.62	1822.95
	3577.57	0.00	11.62	1824.94
	3577.58	0.00	11.62	1823.94
	3577.59	0.00	11.60	1816.94
	3577.60	0.00	11.60	1816.94
	3577.61	0.00	11.63	1818.89
	3577.62	0.00	11.60	1817.94
	3577.64	0.00	11.59	1814.94
	3577.65	0.00	11.60	1816.94
	3577.66	0.00	11.60	1814.94
	3577.67	0.00	11.61	1816.94
	3577.68	0.00	11.60	1816.95
	3577.70	0.00	11.58	1815.99
	3577.71	0.00	11.58	1817.01
	3577.72	0.00	11.57	1816.02
	3577.73	0.00	11.57	1816.02
	3577.74	0.00	11.59	1815.98
	3577.75	0.00	11.58	1817.00
	3577.77	0.00	11.58	1817.01
	3577.78	0.00	11.56	1811.01
	3577.79	0.00	11.62	1812.84
	3577.80	0.00	11.68	1819.74
	3577.81	0.00	11.66	1816.78
	3577.83	0.00	11.65	1811.78
	3577.84	0.00	11.65	1809.76
	3577.85	0.00	11.57	1805.96
	3577.86	0.00	11.55	1805.99
	3577.87	0.00	11.56	1797.00
	3577.88	0.00	11.57	1807.01
	3577.90	0.00	11.54	1789.97
	3577.91	0.00	11.56	1798.99
	3577.92	0.00	11.58	1799.99
	3577.93	0.00	11.59	1804.99
	3577.94	0.00	11.60	1806.95
	3577.96	0.00	11.61	1815.97
	3577.97	0.00	11.61	1815.98
	3577.98	0.00	11.60	1817.98
	3577.99	0.00	11.60	1813.95
	3578.00	0.00	11.59	1816.99
	3578.01	0.00	11.59	1818.00
	3578.03	0.00	11.61	1817.99
	3578.04	0.00	11.60	1820.00
	3578.05	0.00	11.59	1819.00
	3578.06	0.00	11.60	1814.95
	3578.07	0.00	11.59	1812.95
	3578.09	0.00	11.61	1819.94
	3578.10	0.00	11.62	1816.93
	3578.11	0.00	11.62	1816.93
	3578.12	0.00	11.59	1809.94
	3578.13	0.00	11.59	1807.93
	3578.14	0.00	11.60	1810.93
	3578.16	0.00	11.60	1810.93
	3578.17	0.00	11.63	1809.86
	3578.18	0.00	11.59	1806.93
	3578.19	0.00	11.60	1810.93
	3578.20	0.00	11.60	1809.93
	3578.22	0.00	11.60	1811.94
	3578.23	0.00	11.59	1811.97
	3578.24	0.00	11.57	1811.00
	3578.25	0.00	11.57	1810.01
	3578.26	0.00	11.57	1810.01
	3578.27	0.00	11.56	1810.03
	3578.29	0.00	11.59	1814.97
	3578.30	0.00	11.58	1813.99
	3578.31	0.00	11.57	1814.00
	3578.32	0.00	11.58	1816.00
	3578.33	0.00	11.63	1811.82
	3578.35	0.00	11.68	1818.74
	3578.36	0.00	11.67	1818.75
	3578.37	0.00	11.66	1812.77
	3578.38	0.00	11.65	1812.78
	3578.39	0.00	11.60	1804.84
	3578.40	0.00	11.55	1805.98
	3578.42	0.00	11.56	1801.00
	3578.43	0.00	11.57	1807.00
	3578.44	0.00	11.50	1782.97
	3578.45	0.00	11.55	1800.99
	3578.46	0.00	11.55	1799.99
	3578.48	0.00	11.55	1799.02
	3578.49	0.00	11.56	1805.00
	3578.50	0.00	11.59	1809.96
	3578.51	0.00	11.59	1814.98
	3578.52	0.00	11.58	1814.99
	3578.53	0.00	11.56	1816.99
	3578.55	0.00	11.55	1812.98
	3578.56	0.00	11.56	1820.00
	3578.57	0.00	11.55	1821.00
	3578.58	0.00	11.57	1818.98
	3578.59	0.00	11.55	1820.01
	3578.61	0.00	11.55	1822.01
	3578.62	0.00	11.56	1817.96
	3578.63	0.00	11.57	1821.96
	3578.64	0.00	11.57	1817.95
	3578.65	0.00	11.57	1818.95
	3578.67	0.00	11.54	1810.95
	3578.68	0.00	11.56	1811.94
	3578.69	0.00	11.56	1814.96
	3578.70	0.00	11.55	1810.94
	3578.71	0.00	11.56	1811.94
	3578.72	0.00	11.55	1806.94
	3578.74	0.00	11.56	1810.94
	3578.75	0.00	11.57	1811.94
	3578.76	0.00	11.56	1808.94
	3578.77	0.00	11.57	1807.90
	3578.78	0.00	11.54	1807.99
	3578.80	0.00	11.54	1810.01
	3578.81	0.00	11.54	1811.02
	3578.82	0.00	11.54	1811.02
	3578.83	0.00	11.56	1810.97
	3578.84	0.00	11.55	1812.00
	3578.85	0.00	11.55	1812.00
	3578.87	0.00	11.55	1813.01
	3578.88	0.00	11.66	1815.72
	3578.89	0.00	11.64	1815.77
	3578.90	0.00	11.65	1813.77
	3578.91	0.00	11.63	1808.77
	3578.93	0.00	11.63	1810.78
	3578.94	0.00	11.63	1811.78
	3578.95	0.00	11.58	1799.83
	3578.96	0.00	11.53	1802.98
	3578.97	0.00	11.54	1798.00
	3578.98	0.00	11.54	1801.00
	3579.00	0.00	11.52	1782.91
	3579.01	0.00	11.53	1794.98
	3579.02	0.00	11.54	1791.99
	3579.03	0.00	11.55	1792.99
	3579.04	0.00	11.55	1796.99
	3579.06	0.00	11.54	1791.95
	3579.07	0.00	11.58	1807.96
	3579.08	0.00	11.58	1806.97
	3579.09	0.00	11.57	1808.98
	3579.10	0.00	11.56	1809.00
	3579.12	0.00	11.56	1808.98
	3579.13	0.00	11.56	1810.99
	3579.14	0.00	11.56	1808.99
	3579.15	0.00	11.56	1810.00
	3579.16	0.00	11.57	1810.99
	3579.17	0.00	11.57	1802.94
	3579.19	0.00	11.58	1805.93
	3579.20	0.00	11.59	1806.93
	3579.21	0.00	11.59	1805.93
	3579.22	0.00	11.60	1808.92
	3579.23	0.00	11.56	1797.92
	3579.25	0.00	11.57	1798.92
	3579.26	0.00	11.56	1797.93
	3579.27	0.00	11.59	1798.92
	3579.28	0.00	11.58	1799.92
	3579.29	0.00	11.57	1793.92
	3579.30	0.00	11.57	1795.94
	3579.32	0.00	11.59	1800.92
	3579.33	0.00	11.58	1795.91
	3579.34	0.00	11.57	1796.94
	3579.35	0.00	11.57	1795.97
	3579.36	0.00	11.56	1794.99
	3579.38	0.00	11.56	1797.99
	3579.39	0.00	11.56	1796.99
	3579.40	0.00	11.58	1798.96
	3579.41	0.00	11.57	1799.98
	3579.42	0.00	11.58	1801.98
	3579.44	0.00	11.57	1800.99
	3579.45	0.00	11.62	1794.80
	3579.46	0.00	11.67	1801.72
	3579.47	0.00	11.66	1799.75
	3579.48	0.00	11.65	1799.76
	3579.49	0.00	11.64	1791.73
	3579.51	0.00	11.57	1786.89
	3579.52	0.00	11.55	1788.94
	3579.53	0.00	11.57	1787.97
	3579.54	0.00	11.56	1787.97
	3579.55	0.00	11.52	1770.95
	3579.57	0.00	11.54	1780.97
	3579.58	0.00	11.56	1779.97
	3579.59	0.00	11.57	1785.97
	3579.60	0.00	11.58	1787.93
	3579.61	0.00	11.59	1794.95
	3579.62	0.00	11.60	1796.95
	3579.64	0.00	11.59	1796.96
	3579.65	0.00	11.58	1796.97
	3579.66	0.00	11.59	1799.96
	3579.67	0.00	11.58	1798.98
	3579.68	0.00	11.59	1802.98
	3579.70	0.00	11.58	1800.98
	3579.71	0.00	11.59	1797.94
	3579.72	0.00	11.57	1797.95
	3579.73	0.00	11.61	1802.92
	3579.74	0.00	11.61	1799.92
	3579.75	0.00	11.60	1800.92
	3579.77	0.00	11.58	1790.91
	3579.78	0.00	11.58	1794.91
	3579.79	0.00	11.57	1788.91
	3579.80	0.00	11.59	1791.91
	3579.81	0.00	11.59	1791.91
	3579.83	0.00	11.59	1789.89
	3579.84	0.00	11.59	1791.91
	3579.85	0.00	11.59	1791.91
	3579.86	0.00	11.61	1795.91
	3579.87	0.00	11.60	1791.93
	3579.88	0.00	11.59	1790.96
	3579.90	0.00	11.58	1790.98
	3579.91	0.00	11.58	1793.99
	3579.92	0.00	11.60	1792.94
	3579.93	0.00	11.59	1792.96
	3579.94	0.00	11.59	1794.97
	3579.96	0.00	11.59	1792.97
	3579.97	0.00	11.59	1794.98
	3579.98	0.00	11.70	1794.69
	3579.99	0.00	11.68	1793.72
	3580.00	0.00	11.67	1788.74
	3580.01	0.00	11.67	1791.75
	3580.03	0.00	11.62	1779.80
	3580.04	0.00	11.58	1782.93
	3580.05	0.00	11.58	1777.95
	3580.06	0.00	11.59	1780.95
	3580.07	0.00	11.59	1781.96
	3580.09	0.00	11.55	1766.94
	3580.10	0.00	11.57	1774.95
	3580.11	0.00	11.59	1777.96
	3580.12	0.00	11.58	1779.96
	3580.13	0.00	11.58	1780.97
	3580.14	0.00	11.61	1789.93
	3580.16	0.00	11.62	1794.94
	3580.17	0.00	11.60	1791.95
	3580.18	0.00	11.60	1793.95
	3580.19	0.00	11.60	1793.95
	3580.20	0.00	11.60	1797.96
	3580.22	0.00	11.60	1792.96
	3580.23	0.00	11.61	1799.96
	3580.24	0.00	11.61	1795.95
	3580.25	0.00	11.61	1791.92
	3580.26	0.00	11.62	1793.91
	3580.27	0.00	11.62	1793.90
	3580.29	0.00	11.62	1791.91
	3580.30	0.00	11.63	1793.90
	3580.31	0.00	11.60	1784.90
	3580.32	0.00	11.61	1786.90
	3580.33	0.00	11.61	1785.90
	3580.35	0.00	11.62	1786.89
	3580.36	0.00	11.61	1784.90
	3580.37	0.00	11.61	1784.89
	3580.38	0.00	11.61	1785.89
	3580.39	0.00	11.62	1785.90
	3580.40	0.00	11.60	1785.94
	3580.42	0.00	11.60	1785.96
	3580.43	0.00	11.60	1785.97
	3580.44	0.00	11.60	1786.97
	3580.45	0.00	11.62	1787.93
	3580.46	0.00	11.61	1788.95
	3580.48	0.00	11.60	1786.96
	3580.49	0.00	11.60	1790.97
	3580.50	0.00	11.70	1791.70
	3580.51	0.00	11.71	1795.71
	3580.52	0.00	11.69	1788.73
	3580.53	0.00	11.68	1790.74
	3580.55	0.00	11.67	1778.69
	3580.56	0.00	11.59	1780.90
	3580.57	0.00	11.59	1775.93
	3580.58	0.00	11.60	1779.94
	3580.59	0.00	11.60	1781.94
	3580.61	0.00	11.57	1768.91
	3580.62	0.00	11.57	1769.94
	3580.63	0.00	11.58	1773.94
	3580.64	0.00	11.60	1775.95
	3580.65	0.00	11.59	1776.95
	3580.66	0.00	11.62	1787.92
	3580.68	0.00	11.62	1786.94
	3580.69	0.00	11.62	1789.94
	3580.70	0.00	11.62	1787.90
	3580.71	0.00	11.62	1792.94
	3580.72	0.00	11.61	1791.95
	3580.74	0.00	11.62	1792.95
	3580.75	0.00	11.62	1795.96
	3580.76	0.00	11.62	1792.95
	3580.77	0.00	11.62	1791.91
	3580.78	0.00	11.63	1793.90
	3580.80	0.00	11.64	1793.89
	3580.81	0.00	11.63	1792.89
	3580.82	0.00	11.63	1791.89
	3580.83	0.00	11.62	1790.89
	3580.84	0.00	11.61	1786.89
	3580.85	0.00	11.61	1786.89
	3580.87	0.00	11.61	1785.89
	3580.88	0.00	11.62	1786.89
	3580.89	0.00	11.60	1781.89
	3580.90	0.00	11.61	1783.89
	3580.91	0.00	11.61	1781.87
	3580.93	0.00	11.62	1786.89
	3580.94	0.00	11.63	1784.87
	3580.95	0.00	11.60	1784.94
	3580.96	0.00	11.60	1784.93
	3580.97	0.00	11.59	1786.97
	3580.98	0.00	11.61	1786.92
	3581.00	0.00	11.62	1789.93
	3581.01	0.00	11.61	1788.94
	3581.02	0.00	11.61	1787.96
	3581.03	0.00	11.60	1791.96
	3581.04	0.00	11.72	1794.67
	3581.06	0.00	11.71	1794.71
	3581.07	0.00	11.69	1787.73
	3581.08	0.00	11.69	1790.73
	3581.09	0.00	11.61	1778.84
	3581.10	0.00	11.59	1777.91
	3581.12	0.00	11.59	1772.94
	3581.13	0.00	11.60	1776.94
	3581.14	0.00	11.56	1761.89
	3581.15	0.00	11.57	1770.93
	3581.16	0.00	11.59	1769.94
	3581.17	0.00	11.60	1773.94
	3581.19	0.00	11.59	1769.90
	3581.20	0.00	11.63	1785.92
	3581.21	0.00	11.63	1787.93
	3581.22	0.00	11.62	1788.94
	3581.23	0.00	11.62	1790.94
	3581.25	0.00	11.61	1784.90
	3581.26	0.00	11.61	1790.94
	3581.27	0.00	11.62	1789.95
	3581.28	0.00	11.61	1790.95
	3581.29	0.00	11.61	1789.95
	3581.30	0.00	11.62	1787.90
	3581.32	0.00	11.63	1790.89
	3581.33	0.00	11.63	1792.90
	3581.34	0.00	11.63	1790.89
	3581.35	0.00	11.62	1788.89
	3581.36	0.00	11.60	1781.89
	3581.38	0.00	11.63	1785.84
	3581.39	0.00	11.61	1783.88
	3581.40	0.00	11.62	1785.88
	3581.41	0.00	11.62	1783.88
	3581.42	0.00	11.62	1776.83
	3581.43	0.00	11.61	1780.88
	3581.45	0.00	11.62	1783.88
	3581.46	0.00	11.63	1782.84
	3581.47	0.00	11.60	1780.90
	3581.48	0.00	11.60	1780.93
	3581.49	0.00	11.59	1781.94
	3581.51	0.00	11.59	1780.95
	3581.52	0.00	11.59	1780.96
	3581.53	0.00	11.60	1779.92
	3581.54	0.00	11.61	1783.94
	3581.55	0.00	11.60	1783.95
	3581.56	0.00	11.59	1780.95
	3581.58	0.00	11.70	1784.67
	3581.59	0.00	11.69	1783.70
	3581.60	0.00	11.68	1783.71
	3581.61	0.00	11.66	1773.73
	3581.62	0.00	11.65	1773.74
	3581.64	0.00	11.60	1767.81
	3581.65	0.00	11.56	1765.92
	3581.66	0.00	11.57	1764.93
	3581.67	0.00	11.57	1765.93
	3581.68	0.00	11.54	1749.89
	3581.70	0.00	11.53	1752.93
	3581.71	0.00	11.55	1756.93
	3581.72	0.00	11.57	1755.94
	3581.73	0.00	11.57	1759.94
	3581.74	0.00	11.55	1754.92
	3581.75	0.00	11.60	1768.91
	3581.77	0.00	11.61	1768.92
	3581.78	0.00	11.59	1771.93
	3581.79	0.00	11.59	1769.89
	3581.80	0.00	11.60	1777.93
	3581.81	0.00	11.59	1775.93
	3581.83	0.00	11.59	1771.94
	3581.84	0.00	11.58	1773.94
	3581.85	0.00	11.58	1770.90
	3581.86	0.00	11.59	1769.88
	3581.87	0.00	11.60	1769.87
	3581.88	0.00	11.60	1768.87
	3581.90	0.00	11.59	1768.88
	3581.91	0.00	11.59	1765.87
	3581.92	0.00	11.58	1760.87
	3581.93	0.00	11.60	1760.86
	3581.94	0.00	11.59	1758.88
	3581.96	0.00	11.60	1755.85
	3581.97	0.00	11.58	1748.85
	3581.98	0.00	11.61	1753.85
	3581.99	0.00	11.62	1750.85
	3582.00	0.00	11.66	1756.80
	3582.01	0.00	11.63	1757.89
	3582.03	0.00	11.63	1754.91
	3582.04	0.00	11.63	1755.92
	3582.05	0.00	11.64	1754.91
	3582.06	0.00	11.65	1756.92
	3582.07	0.00	11.67	1757.87
	3582.09	0.00	11.68	1759.89
	3582.10	0.00	11.68	1759.91
	3582.11	0.00	11.68	1761.91
	3582.12	0.00	11.67	1765.92
	3582.13	0.00	11.77	1762.65
	3582.14	0.00	11.78	1770.65
	3582.16	0.00	11.76	1767.68
	3582.17	0.00	11.77	1772.69
	3582.18	0.00	11.76	1764.62
	3582.19	0.00	11.69	1765.77
	3582.20	0.00	11.66	1766.85
	3582.22	0.00	11.67	1766.88
	3582.23	0.00	11.67	1769.89
	3582.24	0.00	11.62	1746.86
	3582.25	0.00	11.63	1759.90
	3582.26	0.00	11.65	1761.91
	3582.27	0.00	11.64	1761.91
	3582.29	0.00	11.64	1763.87
	3582.30	0.00	11.67	1779.89
	3582.31	0.00	11.71	1780.82
	3582.32	0.00	11.67	1783.90
	3582.33	0.00	11.66	1785.90
	3582.35	0.00	11.65	1785.89
	3582.36	0.00	11.65	1792.92
	3582.37	0.00	11.65	1793.92
	3582.38	0.00	11.65	1798.93
	3582.39	0.00	11.65	1799.92
	3582.40	0.00	11.66	1797.88
	3582.42	0.00	11.67	1804.88
	3582.43	0.00	11.67	1798.86
	3582.44	0.00	11.68	1808.86
	3582.45	0.00	11.67	1809.86
	3582.46	0.00	11.67	1809.88
	3582.48	0.00	11.70	1821.86
	3582.49	0.00	11.71	1819.86
	3582.50	0.00	11.71	1822.86
	3582.51	0.00	11.70	1825.86
	3582.52	0.00	11.73	1838.85
	3582.53	0.00	11.75	1852.87
	3582.55	0.00	11.79	1866.84
	3582.56	0.00	11.79	1878.92
	3582.57	0.00	11.81	1894.93
	3582.58	0.00	11.83	1904.95
	3582.59	0.00	11.90	1929.90
	3582.61	0.00	11.91	1944.93
	3582.62	0.00	11.92	1952.94
	3582.63	0.00	11.95	1963.93
	3582.64	0.00	11.99	1980.94
	3582.65	0.00	12.08	1979.71
	3582.66	0.00	12.08	1979.75
	3582.68	0.00	12.12	1983.72
	3582.69	0.00	12.07	1979.85
	3582.70	0.00	12.06	1977.94
	3582.71	0.00	12.08	1978.94
	3582.72	0.00	12.15	1975.93
	3582.74	0.00	12.17	1966.94
	3582.75	0.00	12.25	1956.84
	3582.76	0.00	12.27	1947.85
	3582.77	0.00	12.31	1947.85
	3582.78	0.00	12.34	1942.87
	3582.79	0.00	12.41	1938.83
	3582.81	0.00	12.43	1930.82
	3582.82	0.00	12.50	1935.78
	3582.83	0.00	12.63	1960.78
	3582.84	0.00	12.64	1956.78
	3582.85	0.00	12.67	1959.76
	3582.87	0.00	12.71	1959.75
	3582.88	0.00	12.72	1950.73
	3582.89	0.00	12.77	1950.73
	3582.90	0.00	12.89	1935.71
	3582.91	0.00	13.00	1922.69
	3582.92	0.00	13.01	1925.67
	3582.94	0.00	13.06	1926.60
	3582.95	0.00	13.11	1927.54
	3582.96	0.00	13.21	1947.56
	3582.97	0.00	13.26	1952.53
	3582.98	0.00	13.16	1932.51
	3583.00	0.00	13.17	1929.48
	3583.01	0.00	13.20	1925.45
	3583.02	0.00	13.33	1949.44
	3583.03	0.00	13.33	1944.43
	3583.04	0.00	13.36	1955.43
	3583.05	0.00	13.37	1953.41
	3583.07	0.00	13.40	1973.31
	3583.08	0.00	13.38	1979.37
	3583.09	0.00	13.39	1984.35
	3583.10	0.00	13.40	1972.29
	3583.11	0.00	13.40	1956.29
	3583.12	0.00	13.40	1936.21
	3583.14	0.00	13.23	1866.26
	3583.15	0.00	13.20	1844.26
	3583.16	0.00	13.13	1814.26
	3583.17	0.00	13.07	1786.25
	3583.18	0.00	12.90	1741.23
	3583.19	0.00	12.87	1726.19
	3583.21	0.00	12.81	1703.22
	3583.22	0.00	12.76	1677.19
	3583.23	0.00	12.72	1659.19
	3583.24	0.00	12.67	1642.21
	3583.25	0.00	12.63	1622.18
	3583.26	0.00	12.59	1602.17
	3583.28	0.00	12.56	1593.18
	3583.29	0.00	12.52	1583.19
	3583.30	0.00	12.50	1574.18
	3583.31	0.00	12.48	1569.20
	3583.32	0.00	12.45	1558.19
	3583.34	0.00	12.42	1553.23
	3583.35	0.00	12.41	1548.21
	3583.36	0.00	12.39	1544.21
	3583.37	0.00	12.38	1539.22
	3583.38	0.00	12.35	1532.23
	3583.39	0.00	12.35	1535.21
	3583.41	0.00	12.35	1534.21
	3583.42	0.00	12.35	1531.20
	3583.43	0.00	12.34	1531.21
	3583.44	0.00	12.34	1532.20
	3583.45	0.00	12.35	1532.19
	3583.46	0.00	12.36	1534.18
	3583.48	0.00	12.37	1540.18
	3583.49	0.00	12.39	1543.17
	3583.50	0.00	12.42	1546.12
	3583.51	0.00	12.43	1549.12
	3583.52	0.00	12.43	1553.13
	3583.54	0.00	12.43	1553.13
	3583.55	0.00	12.44	1554.13
	3583.56	0.00	12.45	1557.13
	3583.57	0.00	12.46	1558.13
	3583.58	0.00	12.46	1559.14
	3583.59	0.00	12.47	1561.14
	3583.61	0.00	12.46	1561.15
	3583.62	0.00	12.47	1565.15
	3583.63	0.00	12.47	1564.15
	3583.64	0.00	12.47	1565.15
	3583.65	0.00	12.50	1565.09
	3583.66	0.00	12.47	1562.16
	3583.68	0.00	12.46	1561.16
	3583.69	0.00	12.45	1560.16
	3583.70	0.00	12.47	1560.12
	3583.71	0.00	12.55	1564.95
	3583.72	0.00	12.56	1563.94
	3583.73	0.00	12.56	1566.96
	3583.75	0.00	12.54	1563.97
	3583.76	0.00	12.55	1572.98
	3583.77	0.00	12.53	1568.99
	3583.78	0.00	12.53	1570.00
	3583.79	0.00	12.51	1572.02
	3583.81	0.00	12.50	1573.05
	3583.82	0.00	12.47	1573.10
	3583.83	0.00	12.46	1594.14
	3583.84	0.00	12.39	1613.28
	3583.85	0.00	12.34	1624.39
	3583.86	0.00	12.31	1632.47
	3583.88	0.00	12.22	1646.67
	3583.89	0.00	12.21	1660.69
	3583.90	0.00	12.15	1666.82
	3583.91	0.00	12.12	1671.87
	3583.92	0.00	12.10	1679.92
	3583.93	0.00	12.10	1686.95
	3583.95	0.00	12.09	1698.98
	3583.96	0.00	12.07	1709.98
	3583.97	0.00	12.00	1722.97
	3583.98	0.00	11.96	1755.01
	3583.99	0.00	11.94	1774.04
	3584.01	0.00	11.91	1797.08
	3584.02	0.00	11.91	1838.08
	3584.03	0.00	11.90	1860.14
	3584.04	0.00	11.90	1879.14
	3584.05	0.00	11.86	1877.16
	3584.06	0.00	11.88	1898.19
	3584.08	0.00	11.90	1908.18
	3584.09	0.00	11.91	1916.19
	3584.10	0.00	11.91	1914.19
	3584.11	0.00	11.95	1921.12
	3584.12	0.00	11.95	1918.13
	3584.14	0.00	11.98	1925.12
	3584.15	0.00	11.98	1921.12
	3584.16	0.00	11.98	1916.11
	3584.17	0.00	11.98	1916.15
	3584.18	0.00	11.99	1914.13
	3584.19	0.00	12.01	1910.11
	3584.21	0.00	11.99	1901.11
	3584.22	0.00	12.04	1909.05
	3584.23	0.00	12.02	1903.10
	3584.24	0.00	12.04	1913.10
	3584.25	0.00	12.05	1909.09
	3584.27	0.00	12.03	1908.13
	3584.28	0.00	12.01	1900.15
	3584.29	0.00	12.03	1909.16
	3584.30	0.00	12.03	1913.16
	3584.31	0.00	12.04	1915.14
	3584.32	0.00	12.04	1921.14
	3584.34	0.00	12.04	1925.15
	3584.35	0.00	12.02	1924.16
	3584.36	0.00	12.09	1928.00
	3584.37	0.00	12.09	1934.02
	3584.38	0.00	12.08	1930.03
	3584.40	0.00	12.08	1932.04
	3584.41	0.00	12.07	1933.05
	3584.42	0.00	11.98	1914.17
	3584.43	0.00	11.99	1921.20
	3584.44	0.00	12.01	1922.20
	3584.46	0.00	12.01	1920.22
	3584.47	0.00	12.00	1915.18
	3584.48	0.00	12.00	1915.18
	3584.49	0.00	12.01	1915.18
	3584.50	0.00	12.01	1915.14
	3584.51	0.00	12.01	1920.16
	3584.53	0.00	12.01	1918.17
	3584.54	0.00	12.01	1917.16
	3584.55	0.00	11.99	1919.18
	3584.56	0.00	11.97	1916.19
	3584.57	0.00	11.97	1916.20
	3584.59	0.00	11.95	1912.22
	3584.60	0.00	11.95	1900.17
	3584.61	0.00	11.98	1901.15
	3584.62	0.00	11.99	1894.14
	3584.63	0.00	12.00	1883.14
	3584.65	0.00	12.03	1875.12
	3584.66	0.00	12.03	1858.11
	3584.67	0.00	12.11	1821.09
	3584.68	0.00	12.20	1784.07
	3584.69	0.00	12.22	1776.05
	3584.70	0.00	12.26	1758.04
	3584.72	0.00	12.27	1741.00
	3584.73	0.00	12.29	1734.98
	3584.74	0.00	12.30	1723.95
	3584.75	0.00	12.29	1715.93
	3584.76	0.00	12.28	1703.91
	3584.78	0.00	12.25	1713.90
	3584.79	0.00	12.25	1701.90
	3584.80	0.00	12.25	1693.89
	3584.81	0.00	12.25	1684.87
	3584.82	0.00	12.27	1655.84
	3584.83	0.00	12.28	1647.81
	3584.85	0.00	12.32	1639.72
	3584.86	0.00	12.37	1629.58
	3584.87	0.00	12.37	1618.58
	3584.88	0.00	12.40	1612.51
	3584.89	0.00	12.41	1608.48
	3584.90	0.00	12.40	1600.45
	3584.92	0.00	12.39	1593.43
	3584.93	0.00	12.37	1583.42
	3584.94	0.00	12.36	1578.43
	3584.95	0.00	12.35	1575.40
	3584.96	0.00	12.35	1573.39
	3584.97	0.00	12.34	1570.38
	3584.99	0.00	12.38	1571.32
	3585.00	0.00	12.42	1568.20
	3585.01	0.00	12.33	1560.36
	3585.02	0.00	12.34	1563.35
	3585.03	0.00	12.43	1569.19
	3585.05	0.00	12.48	1569.09
	3585.06	0.00	12.51	1574.06
	3585.07	0.00	12.54	1576.03
	3585.08	0.00	12.54	1580.06
	3585.09	0.00	12.55	1583.05
	3585.10	0.00	12.54	1581.05
	3585.12	0.00	12.55	1581.04
	3585.13	0.00	12.54	1580.04
	3585.14	0.00	12.56	1584.04
	3585.15	0.00	12.56	1584.04
	3585.16	0.00	12.55	1584.05
	3585.17	0.00	12.56	1583.02
	3585.19	0.00	12.56	1577.02
	3585.20	0.00	12.57	1585.05
	3585.21	0.00	12.56	1579.03
	3585.22	0.00	12.61	1600.03
	3585.23	0.00	12.61	1604.05
	3585.25	0.00	12.60	1609.07
	3585.26	0.00	12.57	1618.13
	3585.27	0.00	12.56	1622.16
	3585.28	0.00	12.56	1625.17
	3585.29	0.00	12.54	1627.19
	3585.30	0.00	12.55	1630.19
	3585.32	0.00	12.53	1626.20
	3585.33	0.00	12.54	1618.13
	3585.34	0.00	12.48	1618.25
	3585.35	0.00	12.44	1615.32
	3585.36	0.00	12.43	1617.35
	3585.37	0.00	12.42	1609.39
	3585.39	0.00	12.43	1611.39
	3585.40	0.00	12.42	1611.40
	3585.41	0.00	12.42	1614.41
	3585.42	0.00	12.44	1616.37
	3585.43	0.00	12.40	1615.45
	3585.44	0.00	12.34	1594.43
	3585.46	0.00	12.34	1599.45
	3585.47	0.00	12.33	1602.49
	3585.48	0.00	12.35	1609.49
	3585.49	0.00	12.35	1608.49
	3585.50	0.00	12.34	1609.50
	3585.52	0.00	12.35	1608.50
	3585.53	0.00	12.35	1613.52
	3585.54	0.00	12.33	1617.54
	3585.55	0.00	12.33	1620.53
	3585.56	0.00	12.31	1621.57
	3585.57	0.00	12.29	1616.56
	3585