074.87	0.00	11.72	1698.43
	3074.88	0.00	11.68	1697.52
	3074.89	0.00	11.67	1695.55
	3074.90	0.00	11.68	1696.54
	3074.91	0.00	11.69	1695.50
	3074.92	0.00	11.70	1694.50
	3074.94	0.00	11.69	1696.53
	3074.95	0.00	11.68	1693.53
	3074.96	0.00	11.69	1697.53
	3074.97	0.00	11.84	1698.15
	3074.98	0.00	11.84	1700.17
	3075.00	0.00	11.82	1691.20
	3075.01	0.00	11.81	1695.22
	3075.02	0.00	11.71	1679.34
	3075.03	0.00	11.66	1684.47
	3075.04	0.00	11.68	1677.48
	3075.05	0.00	11.68	1679.49
	3075.07	0.00	11.68	1685.50
	3075.08	0.00	11.61	1660.49
	3075.09	0.00	11.64	1674.52
	3075.10	0.00	11.68	1669.51
	3075.11	0.00	11.68	1671.51
	3075.13	0.00	11.69	1670.51
	3075.14	0.00	11.70	1670.45
	3075.15	0.00	11.75	1687.49
	3075.16	0.00	11.74	1684.50
	3075.17	0.00	11.72	1688.50
	3075.18	0.00	11.70	1683.49
	3075.20	0.00	11.70	1689.52
	3075.21	0.00	11.70	1689.52
	3075.22	0.00	11.70	1692.53
	3075.23	0.00	11.70	1688.49
	3075.25	0.00	11.70	1692.48
	3075.26	0.00	11.71	1693.48
	3075.27	0.00	11.71	1694.48
	3075.28	0.00	11.69	1696.51
	3075.29	0.00	11.68	1690.49
	3075.30	0.00	11.68	1691.48
	3075.31	0.00	11.68	1690.48
	3075.33	0.00	11.69	1688.46
	3075.34	0.00	11.68	1688.49
	3075.35	0.00	11.68	1688.48
	3075.36	0.00	11.69	1690.48
	3075.37	0.00	11.69	1691.48
	3075.39	0.00	11.71	1690.43
	3075.40	0.00	11.68	1690.51
	3075.41	0.00	11.67	1692.53
	3075.42	0.00	11.67	1692.54
	3075.43	0.00	11.67	1692.54
	3075.44	0.00	11.69	1694.50
	3075.46	0.00	11.68	1693.52
	3075.47	0.00	11.67	1690.53
	3075.48	0.00	11.66	1691.55
	3075.49	0.00	11.81	1689.16
	3075.50	0.00	11.82	1691.16
	3075.52	0.00	11.80	1693.19
	3075.53	0.00	11.77	1683.23
	3075.54	0.00	11.78	1681.17
	3075.55	0.00	11.65	1673.42
	3075.56	0.00	11.64	1671.49
	3075.57	0.00	11.66	1674.49
	3075.59	0.00	11.62	1664.47
	3075.60	0.00	11.59	1662.51
	3075.61	0.00	11.61	1670.52
	3075.62	0.00	11.64	1672.53
	3075.63	0.00	11.63	1675.54
	3075.65	0.00	11.63	1671.50
	3075.66	0.00	11.68	1690.51
	3075.67	0.00	11.68	1689.52
	3075.68	0.00	11.66	1697.53
	3075.69	0.00	11.66	1693.51
	3075.70	0.008.51
	3077.96	0.00	11.71	1708.52
	3077.97	0.00	11.72	1708.52
	3077.99	0.00	11.87	1704.13
	3078.00	0.00	11.87	1708.16
	3078.01	0.00	11.86	1702.18
	3078.02	0.00	11.85	1700.19
	3078.03	0.00	11.79	1683.24
	3078.05	0.00	11.72	1680.41
	3078.06	0.00	11.74	1675.46
	3078.07	0.00	11.75	1681.47
	3078.08	0.00	11.77	1681.45
	3078.09	0.00	11.69	1652.43
	3078.10	0.00	11.72	1667.47
	3078.12	0.00	11.75	1671.48
	3078.13	0.00	11.76	1675.48
	3078.14	0.00	11.74	1672.46
	3078.15	0.00	11.80	1692.47
	3078.16	0.00	11.79	1691.48
	3078.17	0.00	11.77	1699.49
	3078.19	0.00	11.78	1695.44
	3078.20	0.00	11.77	1699.48
	3078.21	0.00	11.77	1701.50
	3078.22	0.00	11.77	1700.50
	3078.23	0.00	11.78	1700.50
	3078.25	0.00	11.80	1697.46
	3078.26	0.00	11.81	1696.45
	3078.27	0.00	11.81	1694.45
	3078.28	0.00	11.81	1690.45
	3078.29	0.00	11.80	1689.45
	3078.31	0.00	11.81	1688.45
	3078.32	0.00	11.81	1687.45
	3078.33	0.00	11.81	1689.45
	3078.34	0.00	11.79	1686.45
	3078.35	0.00	11.81	1689.45
	3078.36	0.00	11.81	1686.45
	3078.38	0.00	11.82	1688.44
	3078.39	0.00	11.82	1688.46
	3078.40	0.00	11.80	1688.49
	3078.41	0.00	11.80	1690.50
	3078.42	0.00	11.78	1690.53
	3078.44	0.00	11.79	1689.47
	3078.45	0.00	11.80	1695.49
	3078.46	0.00	11.78	1695.50
	3078.47	0.00	11.79	1696.47
	3078.48	0.00	11.91	1697.14
	3078.50	0.00	11.92	1698.13
	3078.51	0.00	11.92	1702.16
	3078.52	0.00	11.90	1693.16
	3078.53	0.00	11.88	1692.19
	3078.54	0.00	11.76	1676.37
	3078.55	0.00	11.74	1676.44
	3078.57	0.00	11.75	1671.47
	3078.58	0.00	11.76	1677.46
	3078.59	0.00	11.76	1679.47
	3078.60	0.00	11.71	1661.46
	3078.61	0.00	11.73	1670.47
	3078.62	0.00	11.77	1669.48
	3078.64	0.00	11.76	1669.48
	3078.65	0.00	11.81	1681.46
	3078.66	0.00	11.82	1681.48
	3078.67	0.00	11.82	1684.47
	3078.68	0.00	11.82	1681.46
	3078.69	0.00	11.81	1679.46
	3078.71	0.00	11.84	1684.43
	3078.72	0.00	11.82	1682.48
	3078.73	0.00	11.82	1684.48
	3078.74	0.00	11.83	1682.44
	3078.75	0.00	11.83	1686.44
	3078.77	0.00	11.84	1688.44
	3078.78	0.00	11.83	1688.44
	3078.79	0.00	11.82	1689.44
	3078.80	0.00	11.79	1683.45
	3078.81	0.00	11.80	1684.44
	3078.82	0.00	11.79	1684.44
	3078.84	0.00	11.78	1685.45
	3078.85	0.00	11.78	1686.43
	3078.86	0.00	11.77	1691.45
	3078.87	0.00	11.77	1690.45
	3078.88	0.00	11.77	1691.46
	3078.90	0.00	11.76	1691.49
	3078.91	0.00	11.75	1691.50
	3078.92	0.00	11.75	1691.51
	3078.93	0.00	11.76	1690.46
	3078.94	0.00	11.76	1691.45
	3078.96	0.00	11.76	1693.49
	3078.97	0.00	11.74	1690.50
	3078.98	0.00	11.74	1694.51
	3078.99	0.00	11.87	1692.14
	3079.00	0.00	11.89	1698.15
	3079.01	0.00	11.86	1688.17
	3079.03	0.00	11.85	1689.18
	3079.04	0.00	11.84	1692.20
	3079.05	0.00	11.76	1668.19
	3079.06	0.00	11.71	1679.40
	3079.07	0.00	11.70	1675.46
	3079.09	0.00	11.71	1679.48
	3079.10	0.00	11.71	1680.47
	3079.11	0.00	11.66	1663.48
	3079.12	0.00	11.68	1674.49
	3079.13	0.00	11.70	1668.50
	3079.14	0.00	11.70	1673.50
	3079.16	0.00	11.68	1671.47
	3079.17	0.00	11.73	1691.48
	3079.18	0.00	11.74	1691.49
	3079.19	0.00	11.72	1697.51
	3079.20	0.00	11.72	1691.47
	3079.22	0.00	11.72	1700.51
	3079.23	0.00	11.72	1697.51
	3079.24	0.00	11.71	1699.53
	3079.25	0.00	11.72	1698.47
	3079.26	0.00	11.72	1697.47
	3079.27	0.00	11.73	1699.47
	3079.29	0.00	11.73	1696.47
	3079.30	0.00	11.73	1694.46
	3079.31	0.00	11.70	1691.46
	3079.32	0.00	11.71	1690.47
	3079.33	0.00	11.69	1686.48
	3079.35	0.00	11.69	1686.47
	3079.36	0.00	11.70	1688.47
	3079.37	0.00	11.69	1689.47
	3079.38	0.00	11.69	1690.48
	3079.39	0.00	11.72	1690.40
	3079.40	0.00	11.67	1688.50
	3079.42	0.00	11.66	1688.52
	3079.43	0.00	11.64	1688.56
	3079.44	0.00	11.67	1692.50
	3079.45	0.00	11.66	1696.51
	3079.46	0.00	11.65	1697.52
	3079.48	0.00	11.65	1697.51
	3079.49	0.00	11.64	1700.53
	3079.50	0.00	11.78	1698.16
	3079.51	0.00	11.77	1702.17
	3079.52	0.00	11.75	1695.20
	3079.53	0.00	11.73	1699.22
	3079.55	0.00	11.62	1685.35
	3079.56	0.00	11.56	1690.47
	3079.57	0.00	11.57	1686.50
	3079.58	0.00	11.56	1693.52
	3079.59	0.00	11.50	1678.51
	3079.61	0.00	11.53	1689.52
	3079.62	0.00	11.55	1686.53
	3079.63	0.00	11.54	1694.55
	3079.64	0.00	11.54	1698.55
	3079.65	0.00	11.54	1694.51
	3079.66	0.00	11.59	1714.52
	3079.68	0.00	11.59	1713.53
	3079.69	0.00	11.57	1720.54
	3079.70	0.00	11.56	1719.52
	3079.71	0.00	11.58	1723.47
	3079.72	0.00	11.54	1721.56
	3079.74	0.00	11.54	1725.56
	3079.75	0.00	11.54	1693.52
	3079.76	0.00	11.54	1696.52
	3079.77	0.00	11.54	1699.52
	3079.78	0.00	11.53	1697.52
	3079.79	0.00	11.52	1699.52
	3079.81	0.00	11.47	1692.54
	3079.82	0.00	11.43	1682.53
	3079.83	0.00	11.44	1688.53
	3079.84	0.00	11.41	1685.53
	3079.85	0.00	11.40	1684.53
	3079.87	0.00	11.38	1682.54
	3079.88	0.00	11.37	1682.53
	3079.89	0.00	11.35	1681.54
	3079.90	0.00	11.35	1679.52
	3079.91	0.00	11.29	1678.60
	3079.92	0.00	11.29	1680.61
	3079.94	0.00	11.28	1681.61
	3079.95	0.00	11.28	1679.58
	3079.96	0.00	11.25	1669.57
	3079.97	0.00	11.26	1679.59
	3079.98	0.00	11.26	1680.60
	3080.00	0.00	11.24	1679.62
	3080.01	0.00	11.38	1683.24
	3080.02	0.00	11.36	1680.25
	3080.03	0.00	11.36	1681.26
	3080.04	0.00	11.33	1671.27
	3080.05	0.00	11.31	1673.29
	3080.07	0.00	11.20	1657.45
	3080.08	0.00	11.14	1664.54
	3080.09	0.00	11.15	1661.56
	3080.10	0.00	11.15	1669.57
	3080.11	0.00	11.07	1652.57
	3080.13	0.00	11.09	1662.58
	3080.14	0.00	11.10	1666.58
	3080.15	0.00	11.13	1667.59
	3080.16	0.00	11.14	1671.59
	3080.17	0.00	11.17	1682.55
	3080.18	0.00	11.18	1691.57
	3080.20	0.00	11.16	1695.58
	3080.21	0.00	11.14	1700.58
	3080.22	0.00	11.13	1702.57
	3080.23	0.00	11.11	1706.58
	3080.24	0.00	11.10	1709.59
	3080.25	0.00	11.09	1711.59
	3080.27	0.00	11.07	1742.59
	3080.28	0.00	11.08	1742.54
	3080.29	0.00	11.07	1743.54
	3080.30	0.00	11.09	1744.53
	3080.31	0.00	11.08	1746.53
	3080.33	0.00	11.07	1745.53
	3080.34	0.00	11.07	1746.52
	3080.35	0.00	11.07	1750.53
	3080.36	0.00	11.08	1750.52
	3080.37	0.00	11.08	1752.52
	3080.38	0.00	11.07	1748.51
	3080.40	0.00	11.05	1749.53
	3080.41	0.00	11.07	1753.53
	3080.42	0.00	11.12	1762.47
	3080.43	0.00	11.07	1759.57
	3080.44	0.00	11.09	1763.56
	3080.46	0.00	11.07	1762.58
	3080.47	0.00	11.08	1767.59
	3080.48	0.00	11.06	1762.59
	3080.49	0.00	11.09	1769.56
	3080.50	0.00	11.09	1773.58
	3080.51	0.00	11.09	1775.59
	3080.53	0.00	11.10	1778.59
	3080.54	0.00	11.22	1775.23
	3080.55	0.00	11.23	1781.23
	3080.56	0.00	11.22	1774.25
	3080.57	0.00	11.21	1775.81.61	0.00	11.93	1493.09
	3081.62	0.00	12.00	1484.04
	3081.64	0.00	12.03	1476.05
	3081.65	0.00	12.04	1471.03
	3081.66	0.00	12.07	1448.98
	3081.67	0.00	12.07	1469.96
	3081.68	0.00	12.08	1466.96
	3081.70	0.00	12.12	1445.90
	3081.71	0.00	12.12	1443.91
	3081.72	0.00	12.13	1444.91
	3081.73	0.00	12.13	1442.90
	3081.74	0.00	12.15	1437.90
	3081.75	0.00	12.15	1428.90
	3081.76	0.00	12.14	1425.90
	3081.78	0.00	12.11	1420.91
	3081.79	0.00	12.11	1419.89
	3081.80	0.00	12.09	1416.89
	3081.81	0.00	12.10	1416.88
	3081.82	0.00	12.28	1413.51
	3081.84	0.00	12.30	1419.48
	3081.85	0.00	12.31	1418.48
	3081.86	0.00	12.29	1411.49
	3081.87	0.00	12.33	1410.40
	3081.88	0.00	12.27	1406.49
	3081.89	0.00	12.28	1409.50
	3081.91	0.00	12.29	1410.49
	3081.92	0.00	12.29	1408.47
	3081.93	0.00	12.18	1394.60
	3081.94	0.00	12.06	1391.79
	3081.95	0.00	12.04	1391.85
	3081.96	0.00	12.04	1393.86
	3081.98	0.00	12.07	1388.87
	3081.99	0.00	12.09	1391.87
	3082.00	0.00	12.09	1391.87
	3082.01	0.00	12.09	1391.86
	3082.02	0.00	12.01	1360.81
	3082.04	0.00	12.01	1360.81
	3082.05	0.00	12.01	1358.81
	3082.06	0.00	12.04	1367.81
	3082.07	0.00	12.09	1378.80
	3082.08	0.00	12.08	1379.83
	3082.09	0.00	12.09	1379.83
	3082.11	0.00	12.08	1382.83
	3082.12	0.00	12.07	1383.85
	3082.13	0.00	12.09	1387.84
	3082.14	0.00	12.13	1393.80
	3082.15	0.00	12.18	1405.79
	3082.16	0.00	12.17	1406.81
	3082.18	0.00	12.18	1405.79
	3082.19	0.00	12.18	1406.79
	3082.20	0.00	12.18	1406.79
	3082.21	0.00	12.18	1407.80
	3082.22	0.00	12.18	1407.78
	3082.23	0.00	12.17	1409.80
	3082.25	0.00	12.16	1408.80
	3082.26	0.00	12.16	1409.80
	3082.27	0.00	12.17	1405.75
	3082.28	0.00	12.17	1407.77
	3082.29	0.00	12.16	1407.80
	3082.31	0.00	12.15	1408.81
	3082.32	0.00	12.15	1409.81
	3082.33	0.00	12.15	1408.81
	3082.34	0.00	12.16	1410.81
	3082.35	0.00	12.15	1409.81
	3082.36	0.00	12.15	1403.77
	3082.38	0.00	12.17	1407.76
	3082.39	0.00	12.16	1406.78
	3082.40	0.00	12.18	1408.76
	3082.41	0.00	12.17	1406.75
	3082.42	0.00	12.16	1409.76
	3082.43	0.00	12.17	1411.76
	3082.45	0.00	12.17	1412.76
	3082.46	0.00	12.14	1401.75
	3082.47	0.00	12.14	1401.75
	3082.48	0.00	12.14	1402.75
	3082.49	0.00	12.16	1405.73
	3082.51	0.00	12.16	1406.75
	3082.52	0.00	12.16	1404.75
	3082.53	0.00	12.16	1404.75
	3082.54	0.00	12.16	1404.75
	3082.55	0.00	12.15	1404.76
	3082.56	0.00	12.15	1401.75
	3082.58	0.00	12.16	1405.75
	3082.59	0.00	12.16	1405.75
	3082.60	0.00	12.16	1405.75
	3082.61	0.00	12.16	1405.76
	3082.62	0.00	12.17	1408.75
	3082.63	0.00	12.19	1405.70
	3082.65	0.00	12.16	1405.76
	3082.66	0.00	12.14	1406.79
	3082.67	0.00	12.15	1408.78
	3082.68	0.00	12.15	1409.79
	3082.69	0.00	12.14	1408.80
	3082.70	0.00	12.13	1408.81
	3082.72	0.00	12.13	1409.82
	3082.73	0.00	12.16	1409.76
	3082.74	0.00	12.16	1410.77
	3082.75	0.00	12.15	1410.78
	3082.76	0.00	12.15	1410.78
	3082.78	0.00	12.15	1410.78
	3082.79	0.00	12.15	1410.79
	3082.80	0.00	12.15	1411.80
	3082.81	0.00	12.15	1413.80
	3082.82	0.00	12.25	1410.58
	3082.83	0.00	12.35	1413.40
	3082.85	0.00	12.35	1416.42
	3082.86	0.00	12.35	1410.43
	3082.87	0.00	12.34	1410.43
	3082.88	0.00	12.32	1408.44
	3082.89	0.00	12.31	1399.41
	3082.90	0.00	12.17	1389.62
	3082.92	0.00	12.13	1392.71
	3082.93	0.00	12.15	1385.74
	3082.94	0.00	12.15	1389.76
	3082.95	0.00	12.14	1390.78
	3082.96	0.00	12.13	1392.80
	3082.98	0.00	12.11	1384.80
	3082.99	0.00	12.09	1373.77
	3083.00	0.00	12.12	1384.78
	3083.01	0.00	12.12	1387.79
	3083.02	0.00	12.13	1387.78
	3083.03	0.00	12.13	1392.79
	3083.05	0.00	12.13	1393.78
	3083.06	0.00	12.13	1393.78
	3083.07	0.00	12.17	1398.74
	3083.08	0.00	12.22	1418.75
	3083.09	0.00	12.21	1417.77
	3083.10	0.00	12.20	1415.77
	3083.12	0.00	12.19	1416.77
	3083.13	0.00	12.18	1419.77
	3083.14	0.00	12.18	1418.77
	3083.15	0.00	12.17	1418.78
	3083.16	0.00	12.17	1413.76
	3083.17	0.00	1	03.08	0.00	11.49	1688.56
	3103.09	0.00	11.50	1691.56
	3103.10	0.00	11.50	1685.53
	3103.11	0.00	11.48	1685.56
	3103.1.56
	3103.08	0.00	11.49	1688.56
	3103.09	0.00	11.50	1691.56
	3103.10	0.00	11.50	1685.53
	3103.11	0.00	11.48	1685.56
	3103.12	0.00	11.48	1685.56
	3103.14	0.00	11.49	1664.55
	3103.15	0.00	11.48	1664.57
	3103.16	0.00	11.48	1665.56
	3103.17	0.00	11.48	1662.55
	3103.18	0.00	11.49	1664.55
	3103.20	0.00	11.48	1664.58
	3103.21	0.00	11.49	1685.56
	3103.22	0.00	11.48	1683.57
	3103.23	0.00	11.47	1686.60
	3103.24	0.00	11.45	1684.63
	3103.25	0.00	11.45	1685.62
	3103.27	0.00	11.45	1686.63
	3103.28	0.00	11.47	1687.58
	3103.29	0.00	11.46	1687.60
	3103.30	0.00	11.46	1690.61
	3103.31	0.00	11.45	1688.62
	3103.32	0.00	11.56	1683.32
	3103.34	0.00	11.60	1688.24
	3103.35	0.00	11.59	1685.27
	3103.36	0.00	11.57	1681.29
	3103.37	0.00	11.55	1671.25
	3103.38	0.00	11.46	1666.42
	3103.40	0.00	11.42	1667.55
	3103.41	0.00	11.43	1664.57
	3103.42	0.00	11.43	1667.58
	3103.43	0.00	11.38	1648.55
	3103.44	0.00	11.39	1656.59
	3103.45	0.00	11.40	1661.60
	3103.47	0.00	11.42	1662.61
	3103.48	0.00	11.43	1664.60
	3103.49	0.00	11.47	1678.58
	3103.50	0.00	11.47	1680.60
	3103.51	0.00	11.46	1684.60
	3103.52	0.00	11.46	1682.58
	3103.54	0.00	11.44	1685.61
	3103.55	0.00	11.43	1684.61
	3103.56	0.00	11.44	1689.62
	3103.57	0.00	11.43	1686.63
	3103.58	0.00	11.43	1688.63
	3103.60	0.00	11.43	1684.59
	3103.61	0.00	11.44	1686.58
	3103.62	0.00	11.44	1688.58
	3103.63	0.00	11.44	1685.58
	3103.64	0.00	11.44	1687.58
	3103.65	0.00	11.43	1683.58
	3103.67	0.00	11.43	1683.58
	3103.68	0.00	11.42	1682.58
	3103.69	0.00	11.42	1662.58
	3103.70	0.00	11.41	1659.58
	3103.71	0.00	11.41	1658.58
	3103.73	0.00	11.43	1663.58
	3103.74	0.00	11.43	1664.58
	3103.75	0.00	11.41	1682.60
	3103.76	0.00	11.43	1684.58
	3103.77	0.00	11.40	1683.62
	3103.78	0.00	11.40	1682.64
	3103.80	0.00	11.41	1686.64
	3103.81	0.00	11.41	1687.64
	3103.82	0.00	11.42	1684.59
	3103.83	0.00	11.41	1685.62
	3103.84	0.00	11.41	1687.63
	3103.86	0.00	11.41	1688.64
	3103.87	0.00	11.56	1688.25
	3103.88	0.00	11.55	1689.27
	3103.89	0.00	11.55	1680.26
	3103.90	0.00	11.52	1680.31
	3103.91	0.00	11.52	1683.32
	3103.93	0.00	11.46	1667.34
	3103.94	0.00	11.39	1670.53
	3103.95	0.00	11.39	1663.58
	3103.96	0.00	11.40	1669.59
	3103.97	0.00	11.32	1642.58
	3103.98	0.00	11.37	1658.56
	3104.00	0.00	11.39	1658.62
	3104.01	0.00	11.39	1662.62
	3104.02	0.00	11.38	1659.62
	3104.03	0.00	11.41	1667.58
	3104.04	0.00	11.43	1678.60
	3104.06	0.00	11.43	1677.61
	3104.07	0.00	11.41	1685.62
	3104.08	0.00	11.41	1681.60
	3104.09	0.00	11.40	1684.63
	3104.10	0.00	11.41	1688.63
	3104.11	0.00	11.40	1687.65
	3104.13	0.00	11.41	1689.64
	3104.14	0.00	11.41	1688.64
	3104.15	0.00	11.41	1684.59
	3104.16	0.00	11.42	1688.59
	3104.17	0.00	11.44	1690.58
	3104.19	0.00	11.43	1687.58
	3104.20	0.00	11.40	1679.58
	3104.21	0.00	11.39	1679.60
	3104.22	0.00	11.40	1682.58
	3104.23	0.00	11.41	1659.58
	3104.25	0.00	11.41	1660.58
	3104.26	0.00	11.39	1657.60
	3104.27	0.00	11.41	1660.58
	3104.28	0.00	11.41	1659.58
	3104.29	0.00	11.40	1678.58
	3104.30	0.00	11.41	1680.58
	3104.32	0.00	11.40	1681.61
	3104.33	0.00	11.39	1682.63
	3104.34	0.00	11.39	1682.64
	3104.35	0.00	11.37	1679.66
	3104.36	0.00	11.40	1683.61
	3104.37	0.00	11.40	1684.63
	3104.39	0.00	11.39	1683.63
	3104.40	0.00	11.40	1686.65
	3104.41	0.00	11.40	1688.64
	3104.42	0.00	11.55	1688.26
	3104.43	0.00	11.54	1689.29
	3104.44	0.00	11.51	1680.31
	3104.46	0.00	11.52	1680.31
	3104.47	0.00	11.42	1663.40
	3104.48	0.00	11.36	1667.55
	3104.49	0.00	11.39	1665.58
	3104.50	0.00	11.39	1668.59
	3104.52	0.00	11.31	1638.57
	3104.53	0.00	11.34	1651.60
	3104.54	0.00	11.35	1659.62
	3104.55	0.00	11.38	1657.61
	3104.56	0.00	11.38	1661.62
	3104.57	0.00	11.42	1672.59
	3104.59	0.00	11.43	1680.61
	3104.60	0.00	11.42	1681.61
	3104.61	0.00	11.41	1682.62
	3104.62	0.00	11.41	1679.58
	3104.63	0.00	11.41	1683.61
	3104.65	0.00	11.41	1686.63
	3104.66	0.00	11.41	1686.63
	3104.67	0.00	11.41	1689.63
	3104.68	0.00	11.41	1684.59
	3104.69	0.00	11.42	1688.59
	3104.70	0.00	11.42	1689.59
	3104.72	0.00	11.42	1684.58
	3104.73	0.00	11.43	1686.59
	3104.74	0.00	11.40	1679.58
	3104.75	0.00	11.41	1681.58
	3104.76	0.00	11.41	1681.58
	3104.78	0.00	11.43	1660.54
	3104.79	0.00	11.42	1661.58
	3104.80	0.00	11.41	1662.58
	3104.81	0.00	11.40	1678.58
	3104.82	0.00	11.41	1661.60
	3104.83	0.00	11.42	1661.58
	3104.85	0.00	11.42	1681.57
	3104.86	0.00	11.40	1679.61
	3104.87	0.00	11.39	1678.65
	3104.88	0.00	11.40	1679.64
	3104.89	0.00	11.40	1682.64
	3104.91	0.00	11.42	1681.59
	3104.92	0.00	11.42	1682.60
	3104.93	0.00	11.42	1686.62
	3104.94	0.00	11.41	1685.63
	3104.95	0.00	11.42	1686.63
	3104.96	0.00	11.57	1686.24
	3104.98	0.00	11.56	1687.27
	3104.99	0.00	11.54	1680.29
	3105.00	0.00	11.54	1679.29
	3105.01	0.00	11.54	1681.30
	3105.02	0.00	11.44	1665.41
	3105.03	0.00	11.39	1666.54
	3105.05	0.00	11.41	1661.57
	3105.06	0.00	11.42	1666.58
	3105.07	0.00	11.34	1641.57
	3105.08	0.00	11.38	1656.59
	3105.09	0.00	11.39	1657.56
	3105.10	0.00	11.41	1656.61
	3105.12	0.00	11.41	1661.61
	3105.13	0.00	11.43	1664.57
	3105.14	0.00	11.48	1677.53
	3105.15	0.00	11.46	1677.60
	3105.16	0.00	11.44	1681.60
	3105.18	0.00	11.44	1678.57
	3105.19	0.00	11.45	1682.59
	3105.20	0.00	11.44	1686.61
	3105.21	0.00	11.44	1683.62
	3105.22	0.00	11.44	1686.62
	3105.23	0.00	11.45	1685.56
	3105.25	0.00	11.44	1684.58
	3105.26	0.00	11.45	1686.57
	3105.27	0.00	11.45	1684.57
	3105.28	0.00	11.46	1685.57
	3105.29	0.00	11.45	1683.56
	3105.31	0.00	11.43	1680.57
	3105.32	0.00	11.43	1678.57
	3105.33	0.00	11.44	1661.57
	3105.34	0.00	11.44	1658.56
	3105.35	0.00	11.43	1659.57
	3105.37	0.00	11.44	1661.57
	3105.38	0.00	11.46	1659.53
	3105.39	0.00	11.45	1662.57
	3105.40	0.00	11.46	1680.52
	3105.41	0.00	11.43	1660.60
	3105.42	0.00	11.43	1679.61
	3105.44	0.00	11.40	1677.62
	3105.45	0.00	11.43	1679.59
	3105.46	0.00	11.44	1683.59
	3105.47	0.00	11.44	1683.60
	3105.48	0.00	11.43	1685.61
	3105.50	0.00	11.43	1683.62
	3105.51	0.00	11.43	1686.62
	3105.52	0.00	11.58	1685.24
	3105.53	0.00	11.57	1687.27
	3105.54	0.00	11.55	1680.28
	3105.55	0.00	11.54	1679.30
	3105.57	0.00	11.44	1661.41
	3105.58	0.00	11.41	1663.50
	3105.59	0.00	11.41	1665.54
	3105.60	0.00	11.42	1659.55
	3105.61	0.00	11.43	1666.57
	3105.62	0.00	11.35	1641.56
	3105.64	0.00	11.39	1657.59
	3105.65	0.00	11.41	1657.62
	3105.66	0.00	11.41	1660.60
	3105.67	0.00	11.45	1667.56
	3105.68	0.00	11.46	1676.59
	3105.69	0.00	11.45	1675.61
	3105.71	0.00	11.46	1677.59
	3105.72	0.00	11.46	1683.60
	3105.73	0.00	11.45	1680.59
	3105.74	0.00	11.44	1683.61
	3105.75	0.00	11.43	1681.61
	3105.77	0.00	11.44	1684.62
	3105.78	0.00	11.45	1682.57
	3105.79	0.00	11.46	1684.56
	3105.80	0.00	11.46	1682.56
	3105.81	0.00	11.46	1683.56
	3105.82	0.00	11.46	1683.56
	3105.84	0.00	11.45	1674.52
	3105.85	0.00	11.45	1677.56
	3105.86	0.00	11.44	1676.56
	3105.87	0.00	11.44	1654.56
	3105.88	0.00	11.45	1654.55
	3105.90	0.00	11.44	1655.56
	3105.91	0.00	11.45	1655.56
	3105.92	0.00	11.45	1655.56
	3105.93	0.00	11.44	1674.57
	3105.94	0.00	11.45	1676.56
	3105.95	0.00	11.43	1675.60
	3105.97	0.00	11.43	1674.61
	3105.98	0.00	11.42	1675.62
	3105.99	0.00	11.45	1678.57
	3106.00	0.00	11.44	1677.58
	3106.01	0.00	11.44	1678.60
	3106.03	0.00	11.45	1676.60
	3106.04	0.00	11.43	1677.61
	3106.05	0.00	11.44	1676.60
	3106.06	0.00	11.58	1673.25
	3106.07	0.00	11.59	1675.23
	3106.08	0.00	11.59	1678.25
	3106.10	0.00	11.57	1671.27
	3106.11	0.00	11.56	1672.30
	3106.12	0.00	11.44	1634.44
	3106.13	0.00	11.41	1657.52
	3106.14	0.00	11.43	1654.55
	3106.15	0.00	11.43	1638.59
	3106.17	0.00	11.37	1618.56
	3106.18	0.00	11.40	1648.58
	3106.19	0.00	11.42	1644.58
	3106.20	0.00	11.45	1631.54
	3106.21	0.00	11.41	1627.56
	3106.23	0.00	11.47	1645.56
	3106.24	0.00	11.47	1667.57
	3106.25	0.00	11.46	1671.56
	3106.26	0.00	11.44	1670.55
	3106.27	0.00	11.44	1675.60
	3106.28	0.00	11.44	1674.60
	3106.30	0.00	11.43	1675.62
	3106.31	0.00	11.43	1675.61
	3106.32	0.00	11.44	1677.60
	3106.33	0.00	11.45	1654.56
	3106.34	0.00	11.46	1677.55
	3106.36	0.00	11.46	1678.56
	3106.37	0.00	11.45	1676.55
	3106.38	0.00	11.44	1674.55
	3106.39	0.00	11.43	1670.55
	3106.40	0.00	11.43	1672.55
	3106.41	0.00	11.44	1671.55
	3106.43	0.00	11.45	1652.55
	3106.44	0.00	11.44	1651.55
	3106.45	0.00	11.45	1654.55
	3106.46	0.00	11.43	1648.55
	3106.47	0.00	11.44	1652.55
	3106.49	0.00	11.45	1653.55
	3106.50	0.00	11.44	1653.55
	3106.51	0.00	11.45	1652.55
	3106.52	0.00	11.43	1672.59
	3106.53	0.00	11.42	1670.59
	3106.54	0.00	11.42	1673.61
	3106.56	0.00	11.42	1673.62
	3106.57	0.00	11.44	1677.58
	3106.58	0.00	11.45	1679.59
	3106.59	0.00	11.43	1677.60
	3106.60	0.00	11.43	1677.60
	3106.62	0.00	11.46	1673.47
	3106.63	0.00	11.59	1682.23
	3106.64	0.00	11.57	1680.25
	3106.65	0.00	11.55	1674.27
	3106.66	0.00	11.56	1674.24
	3106.67	0.00	11.53	1673.29
	3106.69	0.00	11.40	1659.48
	3106.70	0.00	11.39	1654.55
	3106.71	0.00	11.42	1660.53
	3106.72	0.00	11.32	1631.54
	3106.73	0.00	11.33	1644.57
	3106.75	0.00	11.35	1652.59
	3106.76	0.00	11.36	1650.60
	3106.77	0.00	11.37	1652.61
	3106.78	0.00	11.35	1652.61
	3106.79	0.00	11.39	1668.59
	3106.80	0.00	11.40	1670.57
	3106.82	0.00	11.37	1678.61
	3106.83	0.00	11.35	1673.58
	3106.84	0.00	11.32	1677.62
	3106.85	0.00	11.32	1678.61
	3106.86	0.00	11.30	1677.64
	3106.87	0.00	11.30	1676.64
	3106.89	0.00	11.28	1675.64
	3106.90	0.00	11.28	1673.62
	3106.91	0.00	11.29	1677.60
	3106.92	0.00	11.28	1675.60
	3106.93	0.00	11.27	1679.60
	3106.95	0.00	11.23	1668.60
	3106.96	0.00	11.22	1672.61
	3106.97	0.00	11.22	1671.61
	3106.98	0.00	11.22	1650.61
	3106.99	0.00	11.20	1673.61
	3107.00	0.00	11.18	1666.61
	3107.02	0.00	11.18	1668.61
	3107.03	0.00	11.18	1669.61
	3107.04	0.00	11.17	1672.63
	3107.05	0.00	11.15	1668.62
	3107.06	0.00	11.16	1669.62
	3107.08	0.00	11.16	1676.62
	3107.09	0.00	11.15	1674.65
	3107.10	0.00	11.14	1676.63
	3107.11	0.00	11.12	1678.68
	3107.12	0.00	11.12	1680.69
	3107.13	0.00	11.13	1661.65
	3107.15	0.00	11.13	1664.66
	3107.16	0.00	11.11	1658.68
	3107.17	0.00	11.12	1667.69
	3107.18	0.00	11.12	1668.69
	3107.19	0.00	11.27	1672.31
	3107.21	0.00	11.27	1678.34
	3107.22	0.00	11.22	1670.36
	3107.23	0.00	11.20	1676.37
	3107.24	0.00	11.13	1663.43
	3107.25	0.00	11.08	1668.60
	3107.26	0.00	11.08	1660.64
	3107.28	0.00	11.08	1668.66
	3107.29	0.00	11.01	1645.65
	3107.30	0.00	11.04	1665.67
	3107.31	0.00	11.07	1664.69
	3107.32	0.00	11.06	1671.70
	3107.33	0.00	11.06	1674.67
	3107.35	0.00	11.10	1687.66
	3107.36	0.00	11.09	1688.69
	3107.37	0.00	11.08	1692.70
	3107.38	0.00	11.05	1692.70
	3107.39	0.00	11.02	1692.72
	3107.40	0.00	11.03	1699.72
	3107.42	0.00	11.02	1701.72
	3107.43	0.00	11.00	1705.72
	3107.44	0.00	11.00	1702.68
	3107.45	0.00	11.00	1707.69
	3107.46	0.00	11.00	1707.68
	3107.48	0.00	11.00	1707.68
	3107.49	0.00	11.00	1710.68
	3107.50	0.00	10.97	1702.70
	3107.51	0.00	10.99	1709.68
	3107.52	0.00	11.00	1708.67
	3107.53	0.00	11.01	1707.67
	3107.55	0.00	11.01	1709.66
	3107.56	0.00	11.02	1708.66
	3107.57	0.00	11.04	1709.65
	3107.58	0.00	11.05	1709.65
	3107.59	0.00	11.06	1709.64
	3107.61	0.00	11.05	1710.68
	3107.62	0.00	11.05	1708.69
	3107.63	0.00	11.07	1708.69
	3107.64	0.00	11.08	1707.68
	3107.65	0.00	11.11	1703.62
	3107.66	0.00	11.11	1700.64
	3107.68	0.00	11.12	1699.65
	3107.69	0.00	11.13	1697.64
	3107.70	0.00	11.28	1695.25
	3107.71	0.00	11.30	1694.27
	3107.72	0.00	11.27	1682.29
	3107.74	0.00	11.27	1683.30
	3107.75	0.00	11.27	1683.31
	3107.76	0.00	11.12	1670.57
	3107.77	0.00	11.09	1673.65
	3107.78	0.00	11.12	1674.66
	3107.79	0.00	11.10	1679.70
	3107.81	0.00	11.03	1656.65
	3107.82	0.00	11.05	1667.66
	3107.83	0.00	11.07	1679.67
	3107.84	0.00	11.08	1680.66
	3107.85	0.00	11.10	1678.68
	3107.87	0.00	11.09	1680.67
	3107.88	0.00	11.15	1696.62
	3107.89	0.00	11.13	1696.64
	3107.90	0.00	11.10	1704.65
	3107.91	0.00	11.08	1706.67
	3107.92	0.00	11.07	1705.66
	3107.94	0.00	11.06	1700.62
	3107.95	0.00	11.05	1704.66
	3107.96	0.00	11.03	1701.66
	3107.97	0.00	11.06	1706.67
	3107.98	0.00	11.06	1708.67
	3108.00	0.00	11.05	1704.63
	3108.01	0.00	11.05	1706.63
	3108.02	0.00	11.06	1709.62
	3108.03	0.00	11.05	1706.63
	3108.04	0.00	11.06	1711.63
	3108.05	0.00	11.02	1703.63
	3108.07	0.00	11.03	1707.63
	3108.08	0.00	11.03	1706.64
	3108.09	0.00	11.02	1708.63
	3108.10	0.00	11.01	1705.63
	3108.11	0.00	11.02	1711.63
	3108.12	0.00	11.04	1713.56
	3108.14	0.00	11.00	1714.64
	3108.15	0.00	11.00	1711.63
	3108.16	0.00	11.00	1713.63
	3108.17	0.00	10.98	1713.67
	3108.18	0.00	10.97	1710.69
	3108.20	0.00	10.97	1709.69
	3108.21	0.00	11.00	1713.63
	3108.22	0.00	10.98	1710.65
	3108.23	0.00	10.98	1712.66
	3108.24	0.00	10.97	1709.68
	3108.25	0.00	10.98	1712.67
	3108.27	0.00	10.99	1707.58
	3108.28	0.00	11.12	1709.30
	3108.29	0.00	11.11	1704.33
	3108.30	0.00	11.08	1698.35
	3108.31	0.00	11.08	1699.36
	3108.33	0.00	10.96	1686.57
	3108.34	0.00	10.97	1681.63
	3108.35	0.00	10.98	1688.64
	3108.36	0.00	10.90	1662.62
	3108.37	0.00	10.95	1674.63
	3108.38	0.00	10.96	1676.64
	3108.40	0.00	11.00	1671.64
	3108.41	0.00	11.02	1673.58
	3108.42	0.00	11.03	1681.61
	3108.43	0.00	11.06	1688.61
	3108.44	0.00	11.06	1687.62
	3108.46	0.00	11.04	1691.63
	3108.47	0.00	11.02	1689.61
	3108.48	0.00	11.03	1695.64
	3108.49	0.00	11.02	1696.65
	3108.50	0.00	11.03	1693.65
	3108.51	0.00	11.03	1694.64
	3108.53	0.00	11.04	1691.62
	3108.54	0.00	11.03	1686.60
	3108.55	0.00	11.06	1692.60
	3108.56	0.00	11.06	1688.60
	3108.57	0.00	11.07	1687.59
	3108.59	0.00	11.06	1682.60
	3108.60	0.00	11.06	1684.59
	3108.61	0.00	11.06	1682.60
	3108.62	0.00	11.07	1683.60
	3108.63	0.00	11.07	1682.59
	3108.64	0.00	11.06	1681.60
	3108.66	0.00	11.05	1676.59
	3108.67	0.00	11.08	1684.60
	3108.68	0.00	11.09	1684.60
	3108.69	0.00	11.09	1684.61
	3108.70	0.00	11.09	1684.63
	3108.72	0.00	11.09	1683.64
	3108.73	0.00	11.10	1683.65
	3108.74	0.00	11.11	1683.65
	3108.75	0.00	11.13	1682.59
	3108.76	0.00	11.12	1682.63
	3108.77	0.00	11.12	1681.64
	3108.79	0.00	11.12	1681.64
	3108.80	0.00	11.26	1679.29
	3108.81	0.00	11.27	1683.27
	3108.82	0.00	11.28	1684.28
	3108.83	0.00	11.25	1674.30
	3108.85	0.00	11.25	1677.31
	3108.86	0.00	11.18	1659.35
	3108.87	0.00	11.12	1661.54
	3108.88	0.00	11.12	1655.57
	3108.89	0.00	11.13	1656.59
	3108.90	0.00	11.14	1660.60
	3108.92	0.00	11.06	1639.61
	3108.93	0.00	11.10	1652.62
	3108.94	0.00	11.15	1647.62
	3108.95	0.00	11.15	1654.63
	3108.96	0.00	11.17	1658.59
	3108.97	0.00	11.20	1668.60
	3108.99	0.00	11.21	1670.61
	3109.00	0.00	11.20	1675.61
	3109.01	0.00	11.18	1670.61
	3109.02	0.00	11.20	1673.58
	3109.03	0.00	11.18	1672.62
	3109.05	0.00	11.18	1673.63
	3109.06	0.00	11.20	1677.63
	3109.07	0.00	11.20	1680.63
	3109.08	0.00	11.20	1677.59
	3109.09	0.00	11.22	1682.59
	3109.10	0.00	11.22	1681.59
	3109.12	0.00	11.23	1681.59
	3109.13	0.00	11.23	1682.59
	3109.14	0.00	11.21	1675.59
	3109.15	0.00	11.22	1679.59
	3109.16	0.00	11.23	1676.59
	3109.18	0.00	11.23	1678.59
	3109.19	0.00	11.21	1675.60
	3109.20	0.00	11.23	1678.59
	3109.21	0.00	11.23	1678.60
	3109.22	0.00	11.23	1680.60
	3109.23	0.00	11.24	1678.55
	3109.25	0.00	11.20	1680.64
	3109.26	0.00	11.20	1682.66
	3109.27	0.00	11.20	1683.67
	3109.28	0.00	11.21	1682.62
	3109.29	0.00	11.18	1684.65
	3109.31	0.00	11.17	1684.66
	3109.32	0.00	11.18	1689.67
	3109.33	0.00	11.17	1691.69
	3109.34	0.00	11.30	1693.32
	3109.35	0.00	11.30	1696.33
	3109.36	0.00	11.27	1691.36
	3109.38	0.00	11.26	1691.37
	3109.39	0.00	11.19	1676.39
	3109.40	0.00	11.12	1677.60
	3109.41	0.00	11.11	1677.63
	3109.42	0.00	11.12	1670.64
	3109.44	0.00	11.12	1676.66
	3109.45	0.00	11.04	1651.66
	3109.46	0.00	11.08	1667.68
	3109.47	0.00	11.12	1665.68
	3109.48	0.00	11.12	1667.69
	3109.49	0.00	11.11	1664.66
	3109.51	0.00	11.18	1676.60
	3109.52	0.00	11.17	1685.68
	3109.53	0.00	11.15	1687.69
	3109.54	0.00	11.13	1688.70
	3109.55	0.00	11.14	1688.63
	3109.56	0.00	11.13	1691.71
	3109.58	0.00	11.12	1690.71
	3109.59	0.00	11.12	1689.71
	3109.60	0.00	11.12	1689.71
	3109.61	0.00	11.12	1685.68
	3109.62	0.00	11.13	1691.67
	3109.64	0.00	11.13	1687.67
	3109.65	0.00	11.13	1686.66
	3109.66	0.00	11.09	1677.68
	3109.67	0.00	11.10	1684.67
	3109.68	0.00	11.10	1681.67
	3109.69	0.00	11.08	1678.67
	3109.71	0.00	11.07	1677.68
	3109.72	0.00	11.08	1678.63
	3109.73	0.00	11.05	1678.69
	3109.74	0.00	11.06	1678.68
	3109.75	0.00	11.06	1677.66
	3109.77	0.00	11.03	1673.73
	3109.78	0.00	11.03	1677.74
	3109.79	0.00	11.02	1678.75
	3109.80	0.00	11.02	1679.76
	3109.81	0.00	11.03	1679.71
	3109.82	0.00	11.02	1680.74
	3109.84	0.00	11.01	1681.75
	3109.85	0.00	11.01	1682.75
	3109.86	0.00	11.01	1685.75
	3109.87	0.00	11.15	1688.37
	3109.88	0.00	11.14	1690.40
	3109.90	0.00	11.12	1681.41
	3109.91	0.00	11.12	1685.41
	3109.92	0.00	11.11	1685.42
	3109.93	0.00	11.02	1673.55
	3109.94	0.00	10.97	1672.68
	3109.95	0.00	10.99	1670.70
	3109.97	0.00	10.99	1676.73
	3109.98	0.00	10.94	1658.71
	3109.99	0.00	10.96	1670.73
	3110.00	0.00	11.00	1666.73
	3110.01	0.00	11.00	1671.74
	3110.02	0.00	11.00	1668.72
	3110.04	0.00	11.05	1685.71
	3110.05	0.00	11.06	1688.71
	3110.06	0.00	11.04	1693.72
	3110.07	0.00	11.03	1691.69
	3110.08	0.00	11.03	1700.73
	3110.10	0.00	11.03	1697.74
	3110.11	0.00	11.03	1699.74
	3110.12	0.00	11.03	1702.76
	3110.13	0.00	11.04	1703.74
	3110.14	0.00	11.03	1701.70
	3110.15	0.00	11.04	1701.70
	3110.17	0.00	11.04	1701.70
	3110.18	0.00	11.04	1703.71
	3110.19	0.00	11.01	1695.70
	3110.20	0.00	11.01	1699.70
	3110.21	0.00	11.02	1698.70
	3110.22	0.00	11.00	1697.71
	3110.24	0.00	11.01	1700.70
	3110.25	0.00	11.01	1699.70
	3110.26	0.00	11.01	1700.71
	3110.27	0.00	11.00	1701.73
	3110.28	0.00	11.03	1705.66
	3110.30	0.00	10.99	1701.74
	3110.31	0.00	10.98	1702.76
	3110.32	0.00	10.98	1705.77
	3110.33	0.00	10.97	1705.78
	3110.34	0.00	10.97	1702.74
	3110.35	0.00	10.98	1706.74
	3110.37	0.00	10.99	1709.75
	3110.38	0.00	10.98	1708.77
	3110.39	0.00	10.97	1708.77
	3110.40	0.00	11.06	1704.48
	3110.41	0.00	11.11	1709.39
	3110.43	0.00	11.08	1702.43
	3110.44	0.00	11.08	1704.44
	3110.45	0.00	10.99	1686.51
	3110.46	0.00	10.93	1689.69
	3110.47	0.00	10.94	1683.73
	3110.49	0.00	10.94	1686.74
	3110.50	0.00	10.95	1688.74
	3110.51	0.00	10.87	1665.73
	3110.52	0.00	10.90	1675.75
	3110.53	0.00	10.93	1673.77
	3110.54	0.00	10.93	1678.77
	3110.56	0.00	10.98	1689.73
	3110.57	0.00	10.98	1694.75
	3110.58	0.00	10.95	1695.78
	3110.59	0.00	10.94	1697.76
	3110.60	0.00	10.94	1700.76
	3110.62	0.00	10.94	1701.77
	3110.63	0.00	10.94	1700.78
	3110.64	0.00	10.93	1700.76
	3110.65	0.00	10.91	1695.79
	3110.66	0.00	10.92	1717.74
	3110.67	0.00	10.92	1718.75
	3110.69	0.00	10.92	1720.75
	3110.70	0.00	10.93	1721.74
	3110.71	0.00	10.92	1721.75
	3110.72	0.00	10.90	1714.75
	3110.73	0.00	10.89	1713.76
	3110.75	0.00	10.90	1716.75
	3110.76	0.00	10.90	1718.75
	3110.77	0.00	10.90	1719.75
	3110.78	0.00	10.91	1714.75
	3110.79	0.00	10.91	1716.74
	3110.80	0.00	10.90	1717.75
	3110.82	0.00	10.89	1714.75
	3110.83	0.00	10.90	1715.75
	3110.84	0.00	10.90	1718.76
	3110.85	0.00	10.89	1714.75
	3110.86	0.00	10.90	1716.75
	3110.87	0.00	10.92	1718.71
	3110.89	0.00	10.89	1717.77
	3110.90	0.00	10.89	1718.78
	3110.91	0.00	10.89	1719.80
	3110.92	0.00	10.88	1720.81
	3110.93	0.00	10.89	1724.81
	3110.94	0.00	10.89	1724.80
	3110.96	0.00	10.90	1725.78
	3110.97	0.00	10.90	1727.80
	3110.98	0.00	10.89	1725.80
	3110.99	0.00	10.94	1719.59
	3111.00	0.00	11.03	1730.43
	3111.02	0.00	11.01	1723.46
	3111.03	0.00	10.99	1721.47
	3111.04	0.00	10.93	1709.49
	3111.05	0.00	10.88	1709.64
	3111.06	0.00	10.84	1689.74
	3111.07	0.00	10.85	1689.76
	3111.09	0.00	10.86	1687.77
	3111.10	0.00	10.89	1691.73
	3111.11	1.00	10.81	1670.74
	3111.12	1.00	10.81	1676.78
	3111.13	1.00	10.82	1679.79
	3111.15	1.00	10.85	1683.80
	3111.16	1.00	10.84	1672.80
	3111.17	1.00	10.88	1683.80
	3111.18	1.00	10.89	1688.77
	3111.19	1.00	10.92	1698.77
	3111.20	1.00	10.93	1701.77
	3111.22	1.00	10.93	1701.79
	3111.23	1.00	10.90	1706.79
	3111.24	1.00	10.90	1704.76
	3111.25	1.00	10.89	1707.79
	3111.26	1.00	10.90	1712.80
	3111.28	1.00	10.89	1711.80
	3111.29	1.00	10.89	1708.81
	3111.30	1.00	10.89	1709.81
	3111.31	1.00	10.88	1709.83
	3111.32	1.00	10.89	1706.77
	3111.33	1.00	10.90	1709.77
	3111.35	1.00	10.91	1710.77
	3111.36	0.00	10.91	1710.77
	3111.37	0.00	10.91	1710.77
	3111.38	0.00	10.87	1700.77
	3111.39	0.00	10.88	1702.77
	3111.41	0.00	10.88	1703.77
	3111.42	0.00	10.89	1702.77
	3111.43	0.00	10.89	1705.76
	3111.44	0.00	10.89	1702.77
	3111.45	0.00	10.88	1699.76
	3111.46	0.00	10.89	1702.77
	3111.48	0.00	10.89	1702.76
	3111.49	0.00	10.89	1704.77
	3111.50	0.00	10.89	1701.76
	3111.51	0.00	10.90	1703.76
	3111.52	0.00	10.89	1702.79
	3111.54	0.00	10.87	1697.80
	3111.55	0.00	10.88	1701.81
	3111.56	0.00	10.88	1701.81
	3111.57	0.00	10.88	1704.83
	3111.58	0.00	10.89	1703.82
	3111.60	0.00	10.89	1702.77
	3111.61	0.00	10.89	1705.80
	3111.62	0.00	10.91	1704.75
	3111.63	0.00	10.89	1706.82
	3111.64	0.00	11.03	1705.42
	3111.65	0.00	11.03	1707.43
	3111.67	0.00	11.02	1706.45
	3111.68	0.00	11.00	1697.45
	3111.69	0.00	11.00	1701.47
	3111.70	0.00	10.91	1685.56
	3111.71	0.00	10.86	1686.73
	3111.72	0.00	10.88	1682.74
	3111.74	0.00	10.87	1685.78
	3111.75	0.00	10.79	1658.75
	3111.76	0.00	10.81	1663.76
	3111.77	0.00	10.81	1667.77
	3111.78	0.00	10.83	1675.79
	3111.79	0.00	10.88	1673.79
	3111.81	0.00	10.88	1675.79
	3111.82	0.00	10.88	1678.79
	3111.83	0.00	10.92	1682.72
	3111.84	0.00	10.93	1690.76
	3111.85	0.00	10.94	1694.77
	3111.87	0.00	10.94	1694.77
	3111.88	0.00	10.94	1701.74
	3111.89	0.00	10.92	1699.75
	3111.90	0.00	10.92	1702.78
	3111.91	0.00	10.92	1704.79
	3111.92	0.00	10.92	1705.79
	3111.94	0.00	10.93	1700.77
	3111.95	0.00	10.93	1707.79
	3111.96	0.00	10.93	1706.79
	3111.97	0.00	10.92	1702.76
	3111.98	0.00	10.94	1706.72
	3112.00	0.00	10.94	1706.75
	3112.01	0.00	10.94	1705.75
	3112.02	0.00	10.93	1706.75
	3112.03	0.00	10.94	1705.75
	3112.04	0.00	10.91	1700.75
	3112.05	0.00	10.92	1699.75
	3112.07	0.00	10.92	1703.75
	3112.08	0.00	10.92	1699.75
	3112.09	0.00	10.92	1701.75
	3112.10	0.00	10.91	1698.75
	3112.11	0.00	10.92	1701.75
	3112.13	0.00	10.93	1702.75
	3112.14	0.00	10.93	1703.75
	3112.15	0.00	10.93	1701.74
	3112.16	0.00	10.94	1700.74
	3112.17	0.00	10.94	1702.74
	3112.18	0.00	10.92	1702.80
	3112.20	0.00	10.92	1702.79
	3112.21	0.00	10.92	1701.80
	3112.22	0.00	10.92	1702.80
	3112.23	0.00	10.93	1702.80
	3112.24	0.00	10.94	1703.76
	3112.26	0.00	10.94	1705.78
	3112.27	0.00	10.94	1703.78
	3112.28	0.00	10.94	1703.79
	3112.29	0.00	11.06	1702.43
	3112.30	0.00	11.09	1707.40
	3112.31	0.00	11.08	1706.42
	3112.33	0.00	11.06	1698.44
	3112.34	0.00	11.04	1698.47
	3112.35	0.00	10.94	1684.65
	3112.36	0.00	10.91	1681.73
	3112.37	0.00	10.94	1685.74
	3112.39	0.00	10.87	1662.70
	3112.40	0.00	10.88	1672.75
	3112.41	0.00	10.92	1673.76
	3112.42	0.00	10.93	1676.77
	3112.43	0.00	10.93	1678.77
	3112.44	0.00	10.93	1679.79
	3112.46	0.00	10.99	1691.74
	3112.47	0.00	10.99	1696.75
	3112.48	0.00	10.97	1697.76
	3112.49	0.00	10.97	1700.76
	3112.50	0.00	10.97	1698.73
	3112.52	0.00	10.96	1702.76
	3112.53	0.00	10.96	1702.77
	3112.54	0.00	10.96	1703.78
	3112.55	0.00	10.95	1702.79
	3112.56	0.00	10.96	1706.78
	3112.57	0.00	10.96	1701.74
	3112.59	0.00	10.96	1705.74
	3112.60	0.00	10.97	1703.70
	3112.61	0.00	10.96	1707.74
	3112.62	0.00	10.96	1703.74
	3112.63	0.00	10.97	1705.73
	3112.64	0.00	10.95	1699.74
	3112.66	0.00	10.94	1698.74
	3112.67	0.00	10.95	1702.73
	3112.68	0.00	10.95	1699.73
	3112.69	0.00	10.95	1698.73
	3112.70	0.00	10.94	1699.74
	3112.72	0.00	10.95	1696.73
	3112.73	0.00	10.95	1698.73
	3112.74	0.00	10.95	1701.73
	3112.75	0.00	10.95	1699.74
	3112.76	0.00	10.96	1700.73
	3112.77	0.00	10.96	1698.72
	3112.79	0.00	10.94	1696.77
	3112.80	0.00	10.93	1698.78
	3112.81	0.00	10.93	1699.80
	3112.82	0.00	10.94	1700.79
	3112.83	0.00	10.93	1700.80
	3112.85	0.00	10.95	1700.74
	3112.86	0.00	10.94	1700.77
	3112.87	0.00	10.95	1702.78
	3112.88	0.00	10.94	1701.78
	3112.89	0.00	10.94	1701.79
	3112.90	0.00	11.09	1704.39
	3112.92	0.00	11.08	1705.41
	3112.93	0.00	11.08	1705.42
	3112.94	0.00	11.05	1697.45
	3112.95	0.00	11.01	1683.43
	3112.96	0.00	10.91	1682.69
	3112.98	0.00	10.90	1674.73
	3112.99	0.00	10.92	1680.74
	3113.00	0.00	10.92	1683.75
	3113.01	0.00	10.84	1656.71
	3113.02	0.00	10.87	1667.75
	3113.03	0.00	10.88	1677.76
	3113.05	0.00	10.92	1669.77
	3113.06	0.00	10.92	1676.77
	3113.07	0.00	10.93	1672.71
	3113.08	0.00	10.99	1691.74
	3113.09	0.00	10.98	1693.75
	3113.11	0.00	10.97	1693.76
	3113.12	0.00	10.95	1698.76
	3113.13	0.00	10.94	1697.74
	3113.14	0.00	10.95	1702.77
	3113.15	0.00	10.95	1703.78
	3113.16	0.00	10.95	1702.78
	3113.18	0.00	10.97	1703.72
	3113.19	0.00	10.94	1703.78
	3113.20	0.00	10.94	1703.78
	3113.21	0.00	10.95	1701.74
	3113.22	0.00	10.95	1702.75
	3113.24	0.00	10.96	1704.74
	3113.25	0.00	10.96	1704.74
	3113.26	0.00	10.96	1703.74
	3113.27	0.00	10.94	1695.73
	3113.28	0.00	10.94	1696.74
	3113.29	0.00	10.94	1697.73
	3113.31	0.00	10.95	1698.73
	3113.32	0.00	10.95	1698.73
	3113.33	0.00	10.97	1697.66
	3113.34	0.00	10.94	1696.73
	3113.35	0.00	10.94	1697.73
	3113.36	0.00	10.95	1701.73
	3113.38	0.00	10.96	1700.73
	3113.39	0.00	10.97	1697.69
	3113.40	0.00	10.94	1691.73
	3113.41	0.00	10.99	1700.67
	3113.42	0.00	10.96	1698.75
	3113.44	0.00	10.96	1700.77
	3113.45	0.00	10.96	1699.78
	3113.46	0.00	10.96	1701.78
	3113.47	0.00	10.96	1699.78
	3113.48	0.00	10.98	1701.74
	3113.50	0.00	10.95	1693.75
	3113.51	0.00	10.98	1701.76
	3113.52	0.00	10.97	1701.77
	3113.53	0.00	10.96	1702.79
	3113.54	0.00	11.12	1705.38
	3113.55	0.00	11.11	1704.40
	3113.57	0.00	11.10	1697.42
	3113.58	0.00	11.09	1697.43
	3113.59	0.00	11.06	1685.40
	3113.60	0.00	10.94	1681.67
	3113.61	0.00	10.95	1675.71
	3113.62	0.00	10.95	1681.73
	3113.64	0.00	10.92	1658.62
	3113.65	0.00	10.91	1668.73
	3113.66	0.00	10.92	1674.75
	3113.67	0.00	10.96	1669.75
	3113.68	0.00	10.96	1671.76
	3113.70	0.00	10.97	1674.75
	3113.71	0.00	11.00	1684.72
	3113.72	0.00	11.02	1690.73
	3113.73	0.00	11.02	1692.70
	3113.74	0.00	10.98	1692.75
	3113.75	0.00	10.97	1693.75
	3113.77	0.00	10.98	1692.72
	3113.78	0.00	10.99	1699.75
	3113.79	0.00	10.97	1700.78
	3113.80	0.00	10.99	1702.76
	3113.81	0.00	10.98	1700.77
	3113.83	0.00	10.98	1696.72
	3113.84	0.00	10.99	1700.70
	3113.85	0.00	10.99	1701.72
	3113.86	0.00	10.99	1700.72
	3113.87	0.00	10.99	1698.72
	3113.88	0.00	10.99	1698.73
	3113.90	0.00	11.00	1700.72
	3113.91	0.00	10.96	1693.72
	3113.92	0.00	10.97	1696.72
	3113.93	0.00	10.98	1693.72
	3113.94	0.00	10.99	1694.68
	3113.96	0.00	10.97	1692.72
	3113.97	0.00	10.98	1695.72
	3113.98	0.00	10.96	1691.72
	3113.99	0.00	11.00	1694.64
	3114.00	0.00	10.96	1689.72
	3114.01	0.00	10.98	1694.72
	3114.03	0.00	10.99	1695.72
	3114.04	0.00	11.00	1695.71
	3114.05	0.00	10.98	1690.72
	3114.06	0.00	10.98	1693.75
	3114.07	0.00	10.98	1693.76
	3114.08	0.00	10.97	1693.77
	3114.10	0.00	10.98	1694.78
	3114.11	0.00	10.99	1693.73
	3114.12	0.00	10.99	1696.74
	3114.13	0.00	10.99	1695.76
	3114.14	0.00	11.00	1695.76
	3114.16	0.00	10.99	1696.76
	3114.17	0.00	10.99	1696.77
	3114.18	0.00	11.13	1695.39
	3114.19	0.00	11.13	1697.39
	3114.20	0.00	11.10	1686.41
	3114.21	0.00	11.10	1690.43
	3114.23	0.00	11.03	1676.47
	3114.24	0.00	10.97	1677.63
	3114.25	0.00	10.97	1679.63
	3114.26	0.00	10.97	1691.70
	3114.27	0.00	10.98	1696.71
	3114.29	0.00	10.92	1681.70
	3114.30	0.00	10.90	1679.72
	3114.31	0.00	10.93	1690.74
	3114.32	0.00	10.94	1692.74
	3114.33	0.00	10.96	1685.74
	3114.34	0.00	10.97	1684.74
	3114.36	0.00	10.97	1689.76
	3114.37	0.00	10.96	1685.73
	3114.38	0.00	11.02	1704.72
	3114.39	0.00	11.02	1706.73
	3114.40	0.00	11.00	1711.75
	3114.42	0.00	10.99	1710.71
	3114.43	0.00	10.99	1714.74
	3114.44	0.00	10.99	1714.75
	3114.45	0.00	10.98	1716.75
	3114.46	0.00	10.98	1715.76
	3114.47	0.00	10.97	1715.76
	3114.49	0.00	10.96	1716.76
	3114.50	0.00	10.96	1711.72
	3114.51	0.00	10.96	1713.75
	3114.52	0.00	10.97	1714.72
	3114.53	0.00	10.97	1713.72
	3114.55	0.00	10.96	1712.72
	3114.56	0.00	10.97	1714.72
	3114.57	0.00	10.95	1710.74
	3114.58	0.00	10.94	1710.72
	3114.59	0.00	10.94	1709.72
	3114.60	0.00	10.94	1705.72
	3114.62	0.00	10.94	1707.73
	3114.63	0.00	10.95	1708.72
	3114.64	0.00	10.95	1705.72
	3114.65	0.00	10.94	1698.71
	3114.66	0.00	10.95	1700.71
	3114.68	0.00	10.98	1697.66
	3114.69	0.00	10.96	1693.71
	3114.70	0.00	10.97	1693.71
	3114.71	0.00	10.96	1690.73
	3114.72	0.00	11.01	1684.63
	3114.73	0.00	10.98	1678.74
	3114.75	0.00	10.98	1675.75
	3114.76	0.00	10.99	1674.76
	3114.77	0.00	10.99	1673.77
	3114.78	0.00	11.00	1672.74
	3114.79	0.00	11.01	1674.72
	3114.80	0.00	11.01	1676.74
	3114.82	0.00	11.00	1675.75
	3114.83	0.00	11.01	1678.75
	3114.84	0.00	11.00	1678.75
	3114.85	0.00	11.01	1681.75
	3114.86	0.00	11.09	1678.50
	3114.87	0.00	11.16	1685.37
	3114.89	0.00	11.13	1679.38
	3114.90	0.00	11.13	1679.39
	3114.91	0.00	11.13	1683.40
	3114.92	0.00	11.12	1685.41
	3114.93	0.00	11.11	1688.42
	3114.95	0.00	10.99	1676.58
	3114.96	0.00	10.97	1684.68
	3114.97	0.00	10.99	1683.70
	3114.98	0.00	10.98	1691.72
	3114.99	0.00	10.90	1666.70
	3115.00	0.00	10.92	1689.74
	3115.02	0.00	10.94	1703.76
	3115.03	0.00	10.93	1705.78
	3115.04	0.00	10.95	1721.79
	3115.05	0.00	10.94	1706.80
	3115.06	0.00	11.01	1740.77
	3115.08	0.00	11.01	1759.81
	3115.09	0.00	11.00	1783.81
	3115.10	0.00	11.00	1798.81
	3115.11	0.00	11.00	1813.82
	3115.12	0.00	11.00	1829.81
	3115.14	0.00	11.02	1848.84
	3115.15	0.00	11.05	1866.84
	3115.16	0.00	11.09	1882.81
	3115.17	0.00	11.11	1897.80
	3115.18	0.00	11.15	1915.77
	3115.19	0.00	11.15	1928.81
	3115.21	0.00	11.16	1939.81
	3115.22	0.00	11.16	1942.82
	3115.23	0.00	11.17	1947.82
	3115.24	0.00	11.18	1968.83
	3115.25	0.00	11.18	1968.83
	3115.27	0.00	11.22	1975.83
	3115.28	0.00	11.24	1978.82
	3115.29	0.00	11.27	1983.83
	3115.30	0.00	11.27	1980.85
	3115.31	0.00	11.32	1986.85
	3115.32	0.00	11.34	1983.85
	3115.34	0.00	11.40	1984.84
	3115.35	0.00	11.44	1982.80
	3115.36	0.00	11.48	1978.80
	3115.37	0.00	11.52	1975.79
	3115.38	0.00	11.68	1979.46
	3115.40	0.00	11.73	1985.50
	3115.41	0.00	11.77	1985.50
	3115.42	0.00	11.80	1986.51
	3115.43	0.00	11.86	1977.53
	3115.44	0.00	11.81	1972.75
	3115.45	0.00	11.85	1980.80
	3115.47	0.00	11.95	1991.80
	3115.48	0.00	12.02	1992.79
	3115.49	0.00	12.11	2001.75
	3115.50	0.00	12.23	2007.71
	3115.51	0.00	12.38	1986.67
	3115.53	0.00	12.55	1973.60
	3115.54	0.00	12.82	1954.45
	3115.55	0.00	12.99	1942.38
	3115.56	0.00	13.10	1941.28
	3115.57	0.00	13.23	1950.18
	3115.58	0.00	13.34	1946.11
	3115.60	0.00	13.41	1956.06
	3115.61	0.00	13.45	1959.03
	3115.62	0.00	13.59	1988.02
	3115.63	0.00	13.65	1991.94
	3115.64	0.00	13.75	2013.89
	3115.66	0.00	13.92	2044.86
	3115.67	0.00	14.05	2058.77
	3115.68	0.00	14.17	2072.70
	3115.69	0.00	14.30	2080.58
	3115.70	0.00	14.45	2082.42
	3115.71	0.00	14.55	2087.30
	3115.73	0.00	14.58	2078.23
	3115.74	0.00	14.61	2073.22
	3115.75	0.00	14.66	2062.06
	3115.76	0.00	14.67	2025.87
	3115.77	0.00	14.73	1988.53
	3115.79	0.00	14.73	1922.32
	3115.80	0.00	14.53	1852.28
	3115.81	0.00	14.13	1758.46
	3115.82	0.00	13.59	1681.09
	3115.83	0.00	13.13	1598.44
	3115.84	0.00	12.57	1488.67
	3115.86	0.00	12.25	1426.82
	3115.87	0.00	12.10	1406.91
	3115.88	0.00	12.06	1398.91
	3115.89	0.00	12.08	1405.90
	3115.90	0.00	12.10	1410.89
	3115.91	0.00	12.10	1406.90
	3115.93	0.00	12.09	1405.90
	3115.94	0.00	12.07	1401.94
	3115.95	0.00	12.05	1395.94
	3115.96	0.00	12.05	1397.94
	3115.97	0.00	12.05	1399.95
	3115.98	0.00	12.05	1397.94
	3116.00	0.00	12.08	1408.94
	3116.01	0.00	12.08	1414.95
	3116.02	0.00	12.09	1415.95
	3116.03	0.00	12.11	1417.90
	3116.04	0.00	12.12	1421.91
	3116.06	0.00	12.13	1424.91
	3116.07	0.00	12.15	1427.90
	3116.08	0.00	12.16	1430.89
	3116.09	0.00	12.18	1431.87
	3116.10	0.00	12.13	1425.90
	3116.11	0.00	12.19	1440.89
	3116.13	0.00	12.19	1441.90
	3116.14	0.00	12.25	1446.80
	3116.15	0.00	12.20	1445.89
	3116.16	0.00	12.21	1448.89
	3116.17	0.00	12.21	1449.89
	3116.18	0.00	12.21	1448.88
	3116.20	0.00	12.30	1444.68
	3116.21	0.00	12.32	1440.61
	3116.22	0.00	12.40	1443.47
	3116.23	0.00	12.39	1443.49
	3116.24	0.00	12.24	1433.74
	3116.26	0.00	12.26	1436.75
	3116.27	0.00	12.25	1437.75
	3116.28	0.00	12.26	1439.75
	3116.29	0.00	12.28	1440.70
	3116.30	0.00	12.18	1428.84
	3116.31	0.00	12.19	1439.84
	3116.32	0.00	12.20	1438.84
	3116.34	0.00	12.18	1444.90
	3116.35	0.00	11.82	1502.08
	3116.36	0.00	11.32	1604.41
	3116.37	0.00	10.68	1767.66
	3116.38	0.00	10.42	1852.83
	3116.40	0.00	10.39	1877.91
	3116.41	0.00	10.41	1891.96
	3116.42	0.00	10.49	1893.01
	3116.43	0.00	10.47	1927.05
	3116.44	0.00	10.51	2010.08
	3116.45	0.00	10.63	2051.12
	3116.47	0.00	10.69	2065.14
	3116.48	0.00	10.78	2055.14
	3116.49	0.00	10.84	2063.12
	3116.50	0.00	10.87	2054.13
	3116.51	0.00	10.90	2047.12
	3116.53	0.00	10.94	2029.11
	3116.54	0.00	11.03	2019.05
	3116.55	0.00	11.10	2005.03
	3116.56	0.00	11.19	1989.00
	3116.57	0.00	11.31	1970.96
	3116.58	0.00	11.41	1972.93
	3116.60	0.00	11.51	1925.89
	3116.61	0.00	11.65	1919.85
	3116.62	0.00	11.78	1918.81
	3116.63	0.00	11.93	1910.76
	3116.64	0.00	12.13	1880.63
	3116.66	0.00	12.32	1850.62
	3116.67	0.00	12.50	1832.56
	3116.68	0.00	12.70	1815.47
	3116.69	0.00	12.86	1818.28
	3116.70	0.00	12.95	1811.27
	3116.72	0.00	13.09	1823.13
	3116.73	0.00	13.15	1832.09
	3116.74	0.00	13.19	1842.07
	3116.75	0.00	13.23	1854.07
	3116.76	0.00	13.27	1860.05
	3116.77	0.00	13.32	1868.96
	3116.79	0.00	13.37	1872.92
	3116.80	0.00	13.42	1884.91
	3116.81	0.00	13.45	1893.89
	3116.82	0.00	13.58	1916.93
	3116.83	0.00	13.74	1934.89
	3116.85	0.00	13.80	1935.84
	3116.86	0.00	13.92	1949.74
	3116.87	0.00	13.96	1941.67
	3116.88	0.00	13.98	1892.61
	3116.89	0.00	14.04	1896.54
	3116.90	0.00	14.06	1883.49
	3116.92	0.00	14.09	1866.39
	3116.93	0.00	14.28	1842.94
	3116.94	0.00	14.34	1805.69
	3116.95	0.00	14.28	1763.55
	3116.96	0.00	13.97	1696.76
	3116.97	0.00	13.31	1589.25
	3116.99	0.00	12.81	1492.47
	3117.00	0.00	12.48	1431.64
	3117.01	0.00	12.18	1386.85
	3117.02	0.00	12.09	1374.87
	3117.03	0.00	12.03	1361.87
	3117.04	0.00	12.08	1369.84
	3117.06	0.00	12.04	1368.91
	3117.07	0.00	12.06	1378.91
	3117.08	0.00	12.12	1394.87
	3117.09	0.00	12.18	1419.87
	3117.10	0.00	12.19	1423.88
	3117.11	0.00	12.19	1422.89
	3117.13	0.00	12.21	1425.83
	3117.14	0.00	12.18	1424.89
	3117.15	0.00	12.17	1424.88
	3117.16	0.00	12.18	1423.87
	3117.17	0.00	12.16	1416.87
	3117.19	0.00	12.20	1422.84
	3117.20	0.00	12.18	1423.84
	3117.21	0.00	12.18	1426.87
	3117.22	0.00	12.18	1431.88
	3117.23	0.00	12.17	1429.90
	3117.24	0.00	12.19	1432.89
	3117.26	0.00	12.19	1434.89
	3117.27	0.00	12.20	1433.88
	3117.28	0.00	12.20	1436.89
	3117.29	0.00	12.21	1436.88
	3117.30	0.00	12.20	1430.84
	3117.31	0.00	12.22	1433.82
	3117.33	0.00	12.23	1435.81
	3117.34	0.00	12.23	1434.80
	3117.35	0.00	12.23	1431.80
	3117.36	0.00	12.24	1433.79
	3117.37	0.00	12.24	1431.78
	3117.38	0.00	12.25	1435.78
	3117.40	0.00	12.27	1443.75
	3117.41	0.00	12.27	1447.74
	3117.42	0.00	12.27	1445.74
	3117.43	0.00	12.29	1447.71
	3117.44	0.00	12.29	1447.71
	3117.45	0.00	12.28	1444.71
	3117.47	0.00	12.28	1445.71
	3117.48	0.00	12.14	1454.90
	3117.49	0.00	11.58	1550.15
	3117.50	0.00	10.82	1726.54
	3117.51	0.00	10.31	1867.80
	3117.53	0.00	10.23	1900.94
	3117.54	0.00	10.22	1909.00
	3117.55	0.00	10.28	1906.03
	3117.56	0.00	10.32	1913.10
	3117.57	0.00	10.33	1979.16
	3117.58	0.00	10.45	2006.20
	3117.60	0.00	10.59	2073.26
	3117.61	0.00	10.69	2096.25
	3117.62	0.00	10.84	2109.22
	3117.63	0.00	10.99	2124.14
	3117.64	0.00	11.12	2127.11
	3117.66	0.00	11.27	2117.07
	3117.67	0.00	11.40	2099.02
	3117.68	0.00	11.63	2077.84
	3117.69	0.00	11.77	2036.78
	3117.70	0.00	12.04	2026.67
	3117.71	0.00	12.10	1967.70
	3117.73	0.00	12.35	1898.62
	3117.74	0.00	12.61	1834.49
	3117.75	0.00	12.75	1799.32
	3117.76	0.00	12.88	1776.12
	3117.77	0.00	12.88	1753.06
	3117.79	0.00	12.89	1744.03
	3117.80	0.00	12.93	1712.95
	3117.81	0.00	12.94	1709.90
	3117.82	0.00	12.95	1704.89
	3117.83	0.00	13.06	1727.83
	3117.84	0.00	13.07	1736.90
	3117.86	0.00	13.11	1752.90
	3117.87	0.00	13.17	1780.91
	3117.88	0.00	13.16	1794.90
	3117.89	0.00	13.26	1829.89
	3117.90	0.00	13.35	1860.89
	3117.92	0.00	13.42	1890.91
	3117.93	0.00	13.51	1916.88
	3117.94	0.00	13.56	1934.86
	3117.95	0.00	13.64	1947.78
	3117.96	0.00	13.82	1991.76
	3117.97	0.00	13.93	2001.64
	3117.99	0.00	14.04	2001.49
	3118.00	0.00	14.15	2004.35
	3118.01	0.00	14.27	1991.31
	3118.02	0.00	14.39	1950.07
	3118.03	0.00	14.66	1935.52
	3118.04	0.00	14.73	1900.35
	3118.06	0.00	14.70	1854.21
	3118.07	0.00	14.45	1775.20
	3118.08	0.00	14.30	1710.21
	3118.09	0.00	13.90	1616.44
	3118.10	0.00	13.29	1530.97
	3118.11	0.00	12.61	1434.42
	3118.13	0.00	12.32	1390.60
	3118.14	0.00	12.17	1375.73
	3118.15	0.00	12.07	1357.76
	3118.16	0.00	12.12	1363.72
	3118.17	0.00	12.12	1364.73
	3118.19	0.00	12.12	1366.74
	3118.20	0.00	12.09	1368.81
	3118.21	0.00	12.06	1370.85
	3118.22	0.00	12.08	1370.82
	3118.23	0.00	12.03	1369.92
	3118.24	0.00	12.05	1375.92
	3118.26	0.00	12.06	1379.93
	3118.27	0.00	12.04	1378.97
	3118.28	0.00	12.03	1380.99
	3118.29	0.00	12.04	1382.99
	3118.30	0.00	12.04	1385.00
	3118.31	0.00	12.06	1388.98
	3118.33	0.00	12.06	1387.98
	3118.34	0.00	12.07	1387.97
	3118.35	0.00	12.13	1408.94
	3118.36	0.00	12.21	1433.88
	3118.37	0.00	12.25	1436.81
	3118.38	0.00	12.27	1441.79
	3118.40	0.00	12.27	1443.81
	3118.41	0.00	12.28	1444.79
	3118.42	0.00	12.28	1443.79
	3118.43	0.00	12.27	1441.79
	3118.44	0.00	12.28	1441.78
	3118.45	0.00	12.27	1444.80
	3118.47	0.00	12.43	1444.48
	3118.48	0.00	12.44	1451.47
	3118.49	0.00	12.47	1452.42
	3118.50	0.00	12.39	1447.60
	3118.51	0.00	12.38	1448.58
	3118.53	0.00	12.40	1454.57
	3118.54	0.00	12.39	1459.61
	3118.55	0.00	12.34	1450.65
	3118.56	0.00	12.31	1450.72
	3118.57	0.00	12.31	1455.73
	3118.58	0.00	12.33	1458.72
	3118.60	0.00	12.33	1458.72
	3118.61	0.00	11.84	1524.11
	3118.62	0.00	11.06	1695.59
	3118.63	0.00	10.23	1922.93
	3118.64	0.00	10.07	2007.14
	3118.65	0.00	10.13	1998.18
	3118.67	0.00	10.34	1951.15
	3118.68	0.00	10.39	1979.15
	3118.69	0.00	10.32	1987.17
	3118.70	0.00	10.73	2125.19
	3118.71	0.00	10.58	2063.22
	3118.73	0.00	10.59	2105.26
	3118.74	0.00	10.59	2105.29
	3118.75	0.00	10.70	2114.29
	3118.76	0.00	10.82	2111.26
	3118.77	0.00	10.97	2104.20
	3118.78	0.00	11.11	2092.11
	3118.80	0.00	11.22	2076.08
	3118.81	0.00	11.35	2064.04
	3118.82	0.00	11.46	2042.00
	3118.83	0.00	11.60	2012.96
	3118.84	0.00	11.72	1989.91
	3118.86	0.00	11.84	1946.86
	3118.87	0.00	11.97	1919.82
	3118.88	0.00	12.17	1888.77
	3118.89	0.00	12.34	1860.71
	3118.90	0.00	12.59	1827.62
	3118.91	0.00	12.74	1815.55
	3118.93	0.00	12.84	1813.51
	3118.94	0.00	12.89	1816.46
	3118.95	0.00	12.99	1830.39
	3118.96	0.00	13.07	1836.32
	3118.97	0.00	13.15	1850.24
	3118.99	0.00	13.21	1864.23
	3119.00	0.00	13.28	1884.20
	3119.01	0.00	13.35	1905.17
	3119.02	0.00	13.45	1918.04
	3119.03	0.00	13.49	1935.04
	3119.04	0.00	13.51	1934.06
	3119.06	0.00	13.56	1939.01
	3119.07	0.00	13.56	1928.99
	3119.08	0.00	13.46	1885.14
	3119.09	0.00	13.47	1878.10
	3119.10	0.00	13.51	1870.03
	3119.12	0.00	13.54	1857.94
	3119.13	0.00	13.60	1842.78
	3119.14	0.00	13.72	1810.43
	3119.15	0.00	13.83	1807.21
	3119.16	0.00	14.06	1772.64
	3119.17	0.00	14.05	1728.46
	3119.19	0.00	13.92	1673.46
	3119.20	0.00	13.66	1595.57
	3119.21	0.00	13.09	1543.31
	3119.22	0.00	12.65	1449.53
	3119.23	0.00	12.41	1411.68
	3119.25	0.00	12.20	1383.84
	3119.26	0.00	12.11	1367.87
	3119.27	0.00	12.05	1357.87
	3119.28	0.00	12.07	1358.86
	3119.29	0.00	12.05	1357.89
	3119.30	0.00	12.04	1359.91
	3119.31	0.00	12.07	1359.90
	3119.33	0.00	12.04	1361.91
	3119.34	0.00	12.04	1364.92
	3119.35	0.00	12.00	1368.99
	3119.36	0.00	12.00	1365.98
	3119.37	0.00	12.01	1373.99
	3119.39	0.00	12.03	1376.98
	3119.40	0.00	12.02	1378.00
	3119.41	0.00	12.05	1378.97
	3119.42	0.00	12.03	1377.97
	3119.43	0.00	12.04	1373.95
	3119.44	0.00	12.02	1379.01
	3119.46	0.00	12.02	1380.00
	3119.47	0.00	12.04	1380.99
	3119.48	0.00	12.09	1399.95
	3119.49	0.00	12.13	1405.92
	3119.50	0.00	12.14	1417.91
	3119.51	0.00	12.18	1424.90
	3119.53	0.00	12.20	1428.87
	3119.54	0.00	12.21	1434.87
	3119.55	0.00	12.25	1439.82
	3119.56	0.00	12.25	1441.82
	3119.57	0.00	12.27	1447.81
	3119.58	0.00	12.25	1447.83
	3119.60	0.00	12.26	1448.80
	3119.61	0.00	12.25	1448.80
	3119.62	0.00	12.27	1446.78
	3119.63	0.00	12.25	1437.77
	3119.64	0.00	12.28	1443.77
	3119.65	0.00	12.27	1446.76
	3119.67	0.00	12.32	1458.74
	3119.68	0.00	12.32	1460.73
	3119.69	0.00	12.35	1460.70
	3119.70	0.00	12.34	1461.71
	3119.71	0.00	12.34	1460.70
	3119.73	0.00	12.32	1451.69
	3119.74	0.00	12.10	1469.94
	3119.75	0.00	11.29	1628.41
	3119.76	0.00	10.41	1865.84
	3119.77	0.00	10.03	1996.11
	3119.78	0.00	10.03	1999.15
	3119.80	0.00	10.16	1969.12
	3119.81	0.00	10.34	1930.11
	3119.82	0.00	10.34	1956.21
	3119.83	0.00	10.24	1995.28
	3119.84	0.00	10.33	2046.34
	3119.85	0.00	10.44	2088.36
	3119.87	0.00	10.40	2084.36
	3119.88	0.00	10.47	2100.36
	3119.89	0.00	10.51	2089.35
	3119.90	0.00	10.63	2081.22
	3119.91	0.00	10.74	2065.11
	3119.93	0.00	10.82	2051.10
	3119.94	0.00	10.91	2039.08
	3119.95	0.00	10.98	2016.13
	3119.96	0.00	11.09	1995.12
	3119.97	0.00	11.25	1971.09
	3119.98	0.00	11.43	1961.04
	3120.00	0.00	11.62	1955.98
	3120.01	0.00	11.77	1918.89
	3120.02	0.00	11.99	1903.84
	3120.03	0.00	12.28	1878.76
	3120.04	0.00	12.55	1845.68
	3120.06	0.00	12.76	1836.56
	3120.07	0.00	12.92	1836.48
	3120.08	0.00	13.02	1845.41
	3120.09	0.00	13.10	1850.30
	3120.10	0.00	13.15	1854.21
	3120.11	0.00	13.18	1866.21
	3120.13	0.00	13.23	1872.17
	3120.14	0.00	13.26	1879.18
	3120.15	0.00	13.30	1883.13
	3120.16	0.00	13.33	1891.11
	3120.17	0.00	13.37	1898.09
	3120.19	0.00	13.40	1898.04
	3120.20	0.00	13.57	1928.98
	3120.21	0.00	13.61	1935.95
	3120.22	0.00	13.66	1945.92
	3120.23	0.00	13.84	1975.87
	3120.25	0.00	13.94	1986.81
	3120.26	0.00	14.02	1980.75
	3120.27	0.00	14.08	1975.69
	3120.28	0.00	14.16	1978.61
	3120.29	0.00	14.25	1977.50
	3120.30	0.00	14.31	1967.38
	3120.32	0.00	14.46	1937.01
	3120.33	0.00	14.51	1904.73
	3120.34	0.00	14.58	1864.44
	3120.35	0.00	14.46	1806.38
	3120.36	0.00	14.13	1692.41
	3120.37	0.00	13.68	1634.85
	3120.39	0.00	13.04	1549.45
	3120.40	0.00	12.46	1446.76
	3120.41	0.00	12.19	1403.93
	3120.42	0.00	12.07	1388.01
	3120.43	0.00	11.97	1368.04
	3120.44	0.00	12.00	1371.95
	3120.46	0.00	12.04	1378.95
	3120.47	0.00	12.03	1378.96
	3120.48	0.00	11.99	1368.98
	3120.49	0.00	11.99	1370.98
	3120.50	0.00	12.00	1372.99
	3120.52	0.00	11.99	1375.00
	3120.53	0.00	11.99	1377.01
	3120.54	0.00	12.00	1376.01
	3120.55	0.00	12.00	1378.01
	3120.56	0.00	12.00	1379.01
	3120.57	0.00	12.00	1380.01
	3120.59	0.00	11.98	1380.03
	3120.60	0.00	12.02	1389.01
	3120.61	0.00	12.19	1386.67
	3120.62	0.00	12.20	1391.66
	3120.63	0.00	12.19	1392.68
	3120.64	0.00	12.21	1393.68
	3120.66	0.00	12.20	1394.68
	3120.67	0.00	12.30	1429.63
	3120.68	0.00	12.32	1434.62
	3120.69	0.00	12.31	1436.63
	3120.70	0.00	12.23	1418.68
	3120.71	0.00	12.18	1421.80
	3120.73	0.00	12.16	1420.85
	3120.74	0.00	12.18	1423.87
	3120.75	0.00	12.17	1423.89
	3120.76	0.00	12.18	1427.89
	3120.77	0.00	12.19	1432.89
	3120.79	0.00	12.18	1422.82
	3120.80	0.00	12.19	1427.83
	3120.81	0.00	12.21	1435.83
	3120.82	0.00	12.20	1436.84
	3120.83	0.00	12.22	1441.82
	3120.84	0.00	12.25	1448.81
	3120.86	0.00	12.25	1450.80
	3120.87	0.00	12.25	1449.80
	3120.88	0.00	12.29	1453.73
	3120.89	0.00	12.28	1452.75
	3120.90	0.00	12.27	1449.75
	3120.91	0.00	12.05	1469.06
	3120.93	0.00	11.23	1613.46
	3120.94	0.00	10.36	1868.89
	3120.95	0.00	10.01	1998.15
	3120.96	0.00	10.11	1999.19
	3120.97	0.00	10.21	1970.20
	3120.98	0.00	10.37	1935.16
	3121.00	0.00	10.42	1965.18
	3121.01	0.00	10.28	2000.21
	3121.02	0.00	10.62	2107.18
	3121.03	0.00	10.74	2150.17
	3121.04	0.00	10.83	2178.17
	3121.06	0.00	10.89	2187.18
	3121.07	0.00	10.97	2185.15
	3121.08	0.00	11.07	2173.10
	3121.09	0.00	11.27	2169.06
	3121.10	0.00	11.36	2152.02
	3121.12	0.00	11.48	2137.94
	3121.13	0.00	11.57	2112.88
	3121.14	0.00	11.65	2082.83
	3121.15	0.00	11.62	2027.80
	3121.16	0.00	11.70	2005.73
	3121.17	0.00	11.74	1981.70
	3121.19	0.00	11.81	1962.64
	3121.20	0.00	11.91	1947.56
	3121.21	0.00	12.02	1926.45
	3121.22	0.00	12.20	1891.39
	3121.23	0.00	12.31	1868.33
	3121.25	0.00	12.40	1857.29
	3121.26	0.00	12.54	1846.13
	3121.27	0.00	12.59	1848.12
	3121.28	0.00	12.61	1843.11
	3121.29	0.00	12.61	1848.13
	3121.30	0.00	12.49	1854.31
	3121.32	0.00	12.42	1876.35
	3121.33	0.00	12.42	1892.41
	3121.34	0.00	12.37	1905.44
	3121.35	0.00	12.33	1924.50
	3121.36	0.00	12.33	1928.56
	3121.38	0.00	12.44	1949.57
	3121.39	0.00	12.64	1926.55
	3121.40	0.00	12.82	1939.43
	3121.41	0.00	12.92	1949.37
	3121.42	0.00	13.04	1949.25
	3121.43	0.00	13.23	1955.99
	3121.45	0.00	13.30	1940.90
	3121.46	0.00	13.39	1948.84
	3121.47	0.00	13.49	1935.76
	3121.48	0.00	13.69	1958.68
	3121.49	0.00	13.76	1956.57
	3121.50	0.00	14.03	1973.33
	3121.52	0.00	14.14	1970.18
	3121.53	0.00	14.22	1978.20
	3121.54	0.00	14.43	1979.88
	3121.55	0.00	14.56	1964.64
	3121.56	0.00	14.62	1947.47
	3121.57	0.00	14.63	1925.38
	3121.59	0.00	14.65	1889.20
	3121.60	0.00	14.49	1838.25
	3121.61	0.00	14.20	1767.41
	3121.62	0.00	13.41	1661.16
	3121.63	0.00	12.87	1580.53
	3121.65	0.00	12.55	1521.80
	3121.66	0.00	12.36	1485.86
	3121.67	0.00	12.29	1474.94
	3121.68	0.00	12.25	1466.93
	3121.69	0.00	12.25	1461.92
	3121.70	0.00	12.24	1458.93
	3121.72	0.00	12.24	1456.92
	3121.73	0.00	12.23	1453.93
	3121.74	0.00	12.25	1455.93
	3121.75	0.00	12.21	1444.93
	3121.76	0.00	12.18	1432.94
	3121.77	0.00	12.17	1431.95
	3121.79	0.00	12.16	1426.93
	3121.80	0.00	12.18	1432.93
	3121.81	0.00	12.19	1434.93
	3121.82	0.00	12.19	1434.94
	3121.83	0.00	12.18	1428.93
	3121.85	0.00	12.21	1433.92
	3121.86	0.00	12.20	1434.92
	3121.87	0.00	12.21	1440.95
	3121.88	0.00	12.22	1445.94
	3121.89	0.00	12.23	1453.95
	3121.90	0.00	12.24	1461.95
	3121.92	0.00	12.23	1460.98
	3121.93	0.00	12.24	1461.96
	3121.94	0.00	12.25	1463.96
	3121.95	0.00	12.27	1463.92
	3121.96	0.00	12.24	1462.95
	3121.97	0.00	12.26	1462.95
	3121.99	0.00	12.29	1463.89
	3122.00	0.00	12.28	1462.90
	3122.01	0.00	12.28	1462.91
	3122.02	0.00	12.27	1461.92
	3122.03	0.00	12.27	1460.92
	3122.04	0.00	12.26	1459.92
	3122.06	0.00	12.26	1461.92
	3122.07	0.00	12.26	1460.92
	3122.08	0.00	12.42	1462.60
	3122.09	0.00	12.42	1461.60
	3122.10	0.00	12.34	1461.76
	3122.11	0.00	12.35	1460.76
	3122.13	0.00	12.36	1459.72
	3122.14	0.00	12.36	1460.72
	3122.15	0.00	12.20	1481.96
	3122.16	0.00	11.55	1587.31
	3122.17	0.00	10.86	1764.73
	3122.19	0.00	10.56	1873.94
	3122.20	0.00	10.50	1905.01
	3122.21	0.00	10.57	1901.01
	3122.22	0.00	10.60	1933.99
	3122.23	0.00	10.70	1982.95
	3122.25	0.00	10.78	2026.99
	3122.26	0.00	10.85	2077.03
	3122.27	0.00	10.90	2114.08
	3122.28	0.00	10.95	2138.03
	3122.29	0.00	10.96	2150.09
	3122.30	0.00	11.01	2163.09
	3122.32	0.00	11.05	2154.10
	3122.33	0.00	11.13	2146.07
	3122.34	0.00	11.21	2130.04
	3122.35	0.00	11.30	2112.99
	3122.36	0.00	11.41	2086.90
	3122.37	0.00	11.52	2061.84
	3122.39	0.00	11.63	2029.80
	3122.40	0.00	11.72	1998.74
	3122.41	0.00	11.82	1966.68
	3122.42	0.00	11.88	1954.63
	3122.43	0.00	11.99	1939.53
	3122.45	0.00	12.07	1915.47
	3122.46	0.00	12.28	1892.40
	3122.47	0.00	12.44	1865.32
	3122.48	0.00	12.57	1855.28
	3122.49	0.00	12.63	1847.27
	3122.50	0.00	12.83	1869.18
	3122.52	0.00	12.93	1876.11
	3122.53	0.00	12.83	1855.07
	3122.54	0.00	13.00	1886.04
	3122.55	0.00	13.05	1894.01
	3122.56	0.00	13.15	1898.82
	3122.58	0.00	13.15	1908.90
	3122.59	0.00	13.19	1918.87
	3122.60	0.00	13.24	1924.80
	3122.61	0.00	13.23	1912.78
	3122.62	0.00	13.27	1913.73
	3122.63	0.00	13.30	1908.71
	3122.65	0.00	13.34	1906.67
	3122.66	0.00	13.38	1899.57
	3122.67	0.00	13.39	1882.55
	3122.68	0.00	13.46	1861.50
	3122.69	0.00	13.47	1848.47
	3122.71	0.00	13.51	1853.44
	3122.72	0.00	13.50	1843.46
	3122.73	0.00	13.51	1844.47
	3122.74	0.00	13.52	1836.44
	3122.75	0.00	13.52	1823.39
	3122.76	0.00	13.58	1813.23
	3122.78	0.00	13.63	1811.15
	3122.79	0.00	13.66	1796.11
	3122.80	0.00	13.68	1780.03
	3122.81	0.00	13.69	1760.00
	3122.82	0.00	13.64	1737.00
	3122.84	0.00	13.56	1716.07
	3122.85	0.00	13.38	1692.30
	3122.86	0.00	13.06	1638.51
	3122.87	0.00	12.89	1609.68
	3122.88	0.00	12.78	1582.70
	3122.89	0.00	12.65	1547.74
	3122.91	0.00	12.52	1521.80
	3122.92	0.00	12.46	1507.82
	3122.93	0.00	12.43	1508.87
	3122.94	0.00	12.44	1510.85
	3122.95	0.00	12.41	1500.84
	3122.96	0.00	12.41	1500.84
	3122.98	0.00	12.41	1501.84
	3122.99	0.00	12.39	1492.83
	3123.00	0.00	12.41	1494.82
	3123.01	0.00	12.42	1496.81
	3123.02	0.00	12.42	1493.81
	3123.04	0.00	12.42	1493.81
	3123.05	0.00	12.41	1492.81
	3123.06	0.00	12.42	1491.80
	3123.07	0.00	12.43	1494.80
	3123.08	0.00	12.43	1495.79
	3123.09	0.00	12.42	1491.79
	3123.11	0.00	12.42	1490.79
	3123.12	0.00	12.42	1490.80
	3123.13	0.00	12.43	1491.78
	3123.14	0.00	12.42	1489.78
	3123.15	0.00	12.42	1489.77
	3123.16	0.00	12.40	1485.79
	3123.18	0.00	12.41	1483.76
	3123.19	0.00	12.43	1488.75
	3123.20	0.00	12.43	1489.75
	3123.21	0.00	12.42	1488.76
	3123.22	0.00	12.44	1492.74
	3123.23	0.00	12.45	1491.74
	3123.25	0.00	12.44	1487.73
	3123.26	0.00	12.44	1487.74
	3123.27	0.00	12.45	1487.73
	3123.28	0.00	12.44	1483.72
	3123.29	0.00	12.43	1481.73
	3123.31	0.00	12.44	1483.73
	3123.32	0.00	12.41	1481.77
	3123.33	0.00	12.40	1478.78
	3123.34	0.00	12.40	1478.78
	3123.35	0.00	12.40	1479.79
	3123.36	0.00	12.43	1479.73
	3123.38	0.00	12.44	1478.73
	3123.39	0.00	12.43	1478.74
	3123.40	0.00	12.42	1479.76
	3123.41	0.00	12.36	1482.85
	3123.42	0.00	12.26	1487.94
	3123.43	0.00	11.90	1551.17
	3123.45	0.00	11.43	1650.44
	3123.46	0.00	11.21	1713.52
	3123.47	0.00	11.12	1760.62
	3123.48	0.00	11.09	1793.68
	3123.49	0.00	11.08	1826.72
	3123.51	0.00	11.12	1860.75
	3123.52	0.00	11.12	1862.79
	3123.53	0.00	11.09	1894.91
	3123.54	0.00	11.03	1920.96
	3123.55	0.00	10.98	1977.01
	3123.56	0.00	10.98	2004.00
	3123.58	0.00	10.99	2030.01
	3123.59	0.00	11.01	2042.04
	3123.60	0.00	11.05	2048.00
	3123.61	0.00	11.10	2057.98
	3123.62	0.00	11.14	2060.97
	3123.64	0.00	11.16	2059.97
	3123.65	0.00	11.17	2053.97
	3123.66	0.00	11.22	2050.96
	3123.67	0.00	11.26	2040.95
	3123.68	0.00	11.29	2029.90
	3123.69	0.00	11.32	2009.88
	3123.71	0.00	11.35	1993.86
	3123.72	0.00	11.37	1982.84
	3123.73	0.00	11.38	1973.85
	3123.74	0.00	11.39	1963.83
	3123.75	0.00	11.42	1934.82
	3123.77	0.00	11.43	1954.83
	3123.78	0.00	11.45	1956.84
	3123.79	0.00	11.48	1961.83
	3123.80	0.00	11.54	1965.83
	3123.81	0.00	11.59	1966.82
	3123.83	0.00	11.62	1977.86
	3123.84	0.00	11.69	1985.84
	3123.85	0.00	11.75	1980.82
	3123.86	0.00	11.82	1983.82
	3123.87	0.00	11.93	1975.77
	3123.88	0.00	12.05	1960.75
	3123.90	0.00	12.27	1941.70
	3123.91	0.00	12.47	1915.64
	3123.92	0.00	12.72	1877.47
	3123.93	0.00	12.84	1887.35
	3123.94	0.00	13.03	1881.16
	3123.96	0.00	13.15	1880.02
	3123.97	0.00	13.24	1862.94
	3123.98	0.00	13.25	1867.98
	3123.99	0.00	13.43	1883.90
	3124.00	0.00	13.48	1884.86
	3124.01	0.00	13.55	1877.76
	3124.03	0.00	13.58	1876.72
	3124.04	0.00	13.63	1856.57
	3124.05	0.00	13.66	1858.55
	3124.06	0.00	13.69	1848.46
	3124.07	0.00	13.71	1816.29
	3124.08	0.00	13.72	1802.21
	3124.10	0.00	13.69	1771.08
	3124.11	0.00	13.44	1713.14
	3124.12	0.00	13.23	1666.31
	3124.13	0.00	12.92	1606.55
	3124.14	0.00	12.73	1571.69
	3124.16	0.00	12.52	1523.79
	3124.17	0.00	12.40	1497.85
	3124.18	0.00	12.35	1491.88
	3124.19	0.00	12.33	1484.88
	3124.20	0.00	12.34	1487.87
	3124.21	0.00	12.33	1475.86
	3124.23	0.00	12.32	1475.86
	3124.24	0.00	12.33	1472.83
	3124.25	0.00	12.33	1474.85
	3124.26	0.00	12.32	1472.85
	3124.27	0.00	12.33	1468.80
	3124.28	0.00	12.34	1474.82
	3124.30	0.00	12.34	1476.84
	3124.31	0.00	12.32	1471.86
	3124.32	0.00	12.32	1470.85
	3124.33	0.00	12.33	1471.84
	3124.34	0.00	12.34	1481.87
	3124.36	0.00	12.35	1486.88
	3124.37	0.00	12.36	1490.88
	3124.38	0.00	12.36	1489.89
	3124.39	0.00	12.37	1490.87
	3124.40	0.00	12.37	1490.87
	3124.41	0.00	12.37	1492.88
	3124.42	0.00	12.36	1489.89
	3124.44	0.00	12.38	1493.87
	3124.45	0.00	12.38	1491.87
	3124.46	0.00	12.38	1485.84
	3124.47	0.00	12.39	1487.82
	3124.48	0.00	12.40	1490.82
	3124.50	0.00	12.40	1487.80
	3124.51	0.00	12.40	1485.79
	3124.52	0.00	12.39	1484.80
	3124.53	0.00	12.41	1483.78
	3124.54	0.00	12.41	1484.77
	3124.55	0.00	12.41	1484.77
	3124.57	0.00	12.39	1478.77
	3124.58	0.00	12.39	1478.76
	3124.59	0.00	12.39	1477.75
	3124.60	0.00	12.40	1479.75
	3124.61	0.00	12.41	1480.74
	3124.62	0.00	12.41	1480.73
	3124.64	0.00	12.42	1477.72
	3124.65	0.00	12.42	1479.72
	3124.66	0.00	12.36	1483.81
	3124.67	0.00	12.13	1517.90
	3124.68	0.00	11.83	1556.11
	3124.70	0.00	11.40	1645.31
	3124.71	0.00	11.15	1709.49
	3124.72	0.00	11.04	1738.57
	3124.73	0.00	10.98	1765.62
	3124.74	0.00	10.94	1787.68
	3124.75	0.00	10.91	1811.73
	3124.77	0.00	10.92	1863.79
	3124.78	0.00	10.91	1898.86
	3124.79	0.00	10.93	1913.91
	3124.80	0.00	10.90	1934.95
	3124.81	0.00	10.90	1958.97
	3124.83	0.00	10.90	1976.00
	3124.84	0.00	10.91	1989.03
	3124.85	0.00	10.96	1988.94
	3124.86	0.00	10.98	1995.93
	3124.87	0.00	11.02	2000.93
	3124.88	0.00	11.06	1996.89
	3124.90	0.00	11.09	1994.92
	3124.91	0.00	11.06	1981.01
	3124.92	0.00	11.13	1974.00
	3124.93	0.00	11.18	1988.98
	3124.94	0.00	11.23	1958.94
	3124.96	0.00	11.27	1955.93
	3124.97	0.00	11.32	1975.92
	3124.98	0.00	11.36	1964.86
	3124.99	0.00	11.40	1962.89
	3125.00	0.00	11.43	1954.86
	3125.01	0.00	11.47	1953.85
	3125.03	0.00	11.50	1947.84
	3125.04	0.00	11.56	1930.87
	3125.05	0.00	11.64	1929.84
	3125.06	0.00	11.73	1925.82
	3125.07	0.00	11.80	1930.78
	3125.09	0.00	11.87	1919.69
	3125.10	0.00	11.93	1916.71
	3125.11	0.00	12.03	1914.69
	3125.12	0.00	12.13	1905.67
	3125.13	0.00	12.25	1903.67
	3125.14	0.00	12.38	1904.62
	3125.16	0.00	12.47	1896.60
	3125.17	0.00	12.62	1887.57
	3125.18	0.00	12.81	1872.55
	3125.19	0.00	12.95	1874.49
	3125.20	0.00	13.01	1877.43
	3125.22	0.00	13.09	1885.36
	3125.23	0.00	13.18	1886.24
	3125.24	0.00	13.24	1884.15
	3125.25	0.00	13.30	1891.09
	3125.26	0.00	13.45	1910.04
	3125.27	0.00	13.58	1928.99
	3125.29	0.00	13.62	1923.97
	3125.30	0.00	13.65	1914.89
	3125.31	0.00	13.68	1895.81
	3125.32	0.00	13.69	1880.72
	3125.33	0.00	13.69	1847.60
	3125.34	0.00	13.67	1814.50
	3125.36	0.00	13.58	1757.26
	3125.37	0.00	13.48	1711.21
	3125.38	0.00	13.33	1669.13
	3125.39	0.00	13.20	1632.17
	3125.40	0.00	13.04	1598.27
	3125.41	0.00	12.84	1563.43
	3125.43	0.00	12.63	1525.57
	3125.44	0.00	12.49	1491.63
	3125.45	0.00	12.42	1477.62
	3125.46	0.00	12.38	1479.68
	3125.47	0.00	12.39	1480.67
	3125.49	0.00	12.39	1476.65
	3125.50	0.00	12.38	1473.65
	3125.51	0.00	12.38	1471.64
	3125.52	0.00	12.34	1457.63
	3125.53	0.00	12.34	1449.60
	3125.54	0.00	12.29	1452.73
	3125.56	0.00	12.31	1453.70
	3125.57	0.00	12.32	1449.66
	3125.58	0.00	12.30	1452.72
	3125.59	0.00	12.27	1453.77
	3125.60	0.00	12.25	1448.78
	3125.61	0.00	12.29	1447.79
	3125.63	0.00	12.30	1450.80
	3125.64	0.00	12.30	1453.80
	3125.65	0.00	12.22	1423.77
	3125.66	0.00	12.26	1443.80
	3125.67	0.00	12.27	1450.81
	3125.69	0.00	12.28	1451.81
	3125.70	0.00	12.28	1454.82
	3125.71	0.00	12.33	1457.82
	3125.72	0.00	12.32	1462.82
	3125.73	0.00	12.32	1465.83
	3125.74	0.00	12.31	1455.78
	3125.76	0.00	12.33	1460.77
	3125.77	0.00	12.34	1463.77
	3125.78	0.00	12.35	1468.76
	3125.79	0.00	12.39	1481.77
	3125.80	0.00	12.39	1483.78
	3125.81	0.00	12.39	1485.78
	3125.83	0.00	12.38	1484.77
	3125.84	0.00	12.39	1487.77
	3125.85	0.00	12.37	1483.77
	3125.86	0.00	12.36	1477.76
	3125.87	0.00	12.36	1476.75
	3125.88	0.00	12.35	1482.81
	3125.90	0.00	12.36	1484.79
	3125.91	0.00	12.37	1485.79
	3125.92	0.00	12.37	1482.79
	3125.93	0.00	12.35	1485.82
	3125.94	0.00	12.19	1520.91
	3125.95	0.00	11.82	1577.21
	3125.97	0.00	11.29	1694.51
	3125.98	0.00	11.05	1774.61
	3125.99	0.00	10.88	1841.73
	3126.00	0.00	10.76	1888.81
	3126.01	0.00	10.74	1933.86
	3126.03	0.00	10.79	1959.87
	3126.04	0.00	10.83	1990.88
	3126.05	0.00	10.85	2014.90
	3126.06	0.00	10.85	2033.92
	3126.07	0.00	10.83	2047.96
	3126.08	0.00	10.82	2056.97
	3126.10	0.00	10.84	2064.99
	3126.11	0.00	10.84	2063.01
	3126.12	0.00	10.84	2056.04
	3126.13	0.00	10.88	2075.03
	3126.14	0.00	10.90	2064.02
	3126.16	0.00	10.95	2051.96
	3126.17	0.00	10.99	2041.97
	3126.18	0.00	11.04	2033.96
	3126.19	0.00	11.12	2026.85
	3126.20	0.00	11.20	2023.80
	3126.22	0.00	11.27	2019.80
	3126.23	0.00	11.35	1997.77
	3126.24	0.00	11.38	1983.84
	3126.25	0.00	11.46	1985.83
	3126.26	0.00	11.54	1978.79
	3126.27	0.00	11.59	1978.80
	3126.29	0.00	11.66	1974.73
	3126.30	0.00	11.70	1973.75
	3126.31	0.00	11.75	1975.74
	3126.32	0.00	11.80	1977.73
	3126.33	0.00	11.85	1977.72
	3126.35	0.00	11.93	1979.66
	3126.36	0.00	11.98	2005.65
	3126.37	0.00	12.00	2004.67
	3126.38	0.00	12.09	2000.62
	3126.39	0.00	12.19	1987.60
	3126.40	0.00	12.36	1964.57
	3126.42	0.00	12.55	1938.52
	3126.43	0.00	12.75	1912.44
	3126.44	0.00	12.88	1905.32
	3126.45	0.00	13.00	1905.20
	3126.46	0.00	13.07	1896.10
	3126.48	0.00	13.14	1891.03
	3126.49	0.00	13.18	1864.00
	3126.50	0.00	13.20	1862.97
	3126.51	0.00	13.22	1858.95
	3126.52	0.00	13.28	1853.85
	3126.53	0.00	13.36	1845.70
	3126.55	0.00	13.43	1838.57
	3126.56	0.00	13.60	1845.42
	3126.57	0.00	13.60	1833.39
	3126.58	0.00	13.65	1818.26
	3126.59	0.00	13.55	1766.12
	3126.60	0.00	13.63	1741.88
	3126.62	0.00	13.52	1693.92
	3126.63	0.00	13.13	1627.36
	3126.64	0.00	12.92	1598.56
	3126.65	0.00	12.67	1563.77
	3126.66	0.00	12.50	1521.84
	3126.68	0.00	12.35	1493.91
	3126.69	0.00	12.30	1475.88
	3126.70	0.00	12.33	1484.83
	3126.71	0.00	12.35	1490.82
	3126.72	0.00	12.34	1485.81
	3126.73	0.00	12.31	1480.82
	3126.75	0.00	12.30	1471.81
	3126.76	0.00	12.28	1465.83
	3126.77	0.00	12.27	1463.84
	3126.78	0.00	12.29	1466.83
	3126.79	0.00	12.28	1463.83
	3126.81	0.00	12.29	1466.83
	3126.82	0.00	12.29	1467.83
	3126.83	0.00	12.28	1466.84
	3126.84	0.00	12.30	1473.84
	3126.85	0.00	12.31	1475.84
	3126.86	0.00	12.30	1471.83
	3126.88	0.00	12.48	1481.54
	3126.89	0.00	12.49	1487.55
	3126.90	0.00	12.49	1489.56
	3126.91	0.00	12.48	1490.58
	3126.92	0.00	12.49	1488.57
	3126.93	0.00	12.48	1489.57
	3126.95	0.00	12.49	1490.57
	3126.96	0.00	12.47	1471.51
	3126.97	0.00	12.46	1469.49
	3126.98	0.00	12.45	1470.53
	3126.99	0.00	12.40	1473.63
	3127.00	0.00	12.37	1471.69
	3127.02	0.00	12.38	1468.71
	3127.03	0.00	12.39	1473.71
	3127.04	0.00	12.38	1477.74
	3127.05	0.00	12.37	1477.76
	3127.06	0.00	12.36	1480.77
	3127.07	0.00	12.34	1463.72
	3127.09	0.00	12.37	1473.72
	3127.10	0.00	12.38	1473.72
	3127.11	0.00	12.37	1473.73
	3127.12	0.00	12.39	1481.71
	3127.13	0.00	12.34	1486.78
	3127.15	0.00	12.09	1533.92
	3127.16	0.00	11.63	1606.26
	3127.17	0.00	11.19	1717.54
	3127.18	0.00	10.83	1816.69
	3127.19	0.00	10.71	1863.80
	3127.20	0.00	10.73	1876.85
	3127.22	0.00	10.72	1893.86
	3127.23	0.00	10.73	1918.91
	3127.24	0.00	10.80	1952.93
	3127.25	0.00	10.89	1989.93
	3127.26	0.00	10.96	2016.85
	3127.28	0.00	11.00	2035.86
	3127.29	0.00	11.02	2046.88
	3127.30	0.00	11.06	2059.90
	3127.31	0.00	11.09	2091.91
	3127.32	0.00	11.14	2097.91
	3127.33	0.00	11.18	2099.90
	3127.35	0.00	11.22	2091.89
	3127.36	0.00	11.27	2088.87
	3127.37	0.00	11.34	2083.85
	3127.38	0.00	11.40	2075.83
	3127.39	0.00	11.47	2065.78
	3127.41	0.00	11.51	2051.81
	3127.42	0.00	11.58	2038.79
	3127.43	0.00	11.67	2025.76
	3127.44	0.00	11.77	2007.68
	3127.45	0.00	11.83	1999.68
	3127.46	0.00	11.88	1988.65
	3127.48	0.00	11.95	1981.62
	3127.49	0.00	12.06	1975.46
	3127.50	0.00	12.09	1962.46
	3127.51	0.00	12.16	1954.41
	3127.52	0.00	12.23	1937.39
	3127.54	0.00	12.32	1909.38
	3127.55	0.00	12.34	1890.50
	3127.56	0.00	12.39	1878.50
	3127.57	0.00	12.45	1887.49
	3127.58	0.00	12.50	1884.44
	3127.60	0.00	12.58	1886.45
	3127.61	0.00	12.70	1881.43
	3127.62	0.00	12.80	1874.39
	3127.63	0.00	12.86	1876.35
	3127.64	0.00	12.98	1889.22
	3127.65	0.00	13.07	1888.14
	3127.67	0.00	13.16	1873.05
	3127.68	0.00	13.21	1880.01
	3127.69	0.00	13.26	1884.99
	3127.70	0.00	13.27	1879.99
	3127.71	0.00	13.45	1900.89
	3127.73	0.00	13.51	1901.84
	3127.74	0.00	13.57	1903.74
	3127.75	0.00	13.64	1896.62
	3127.76	0.00	13.73	1896.47
	3127.77	0.00	13.78	1890.38
	3127.78	0.00	13.80	1881.33
	3127.80	0.00	13.81	1858.25
	3127.81	0.00	13.96	1843.92
	3127.82	0.00	13.94	1810.82
	3127.83	0.00	13.92	1774.70
	3127.84	0.00	13.73	1727.82
	3127.85	0.00	13.34	1663.10
	3127.87	0.00	13.05	1608.31
	3127.88	0.00	12.82	1566.46
	3127.89	0.00	12.55	1515.62
	3127.90	0.00	12.41	1484.65
	3127.91	0.00	12.34	1474.69
	3127.92	0.00	12.35	1478.69
	3127.94	0.00	12.37	1483.68
	3127.95	0.00	12.36	1477.68
	3127.96	0.00	12.36	1474.66
	3127.97	0.00	12.34	1467.66
	3127.98	0.00	12.33	1459.65
	3128.00	0.00	12.33	1458.65
	3128.01	0.00	12.35	1459.64
	3128.02	0.00	12.35	1460.64
	3128.03	0.00	12.36	1460.62
	3128.04	0.00	12.34	1459.67
	3128.05	0.00	12.36	1460.65
	3128.07	0.00	12.34	1465.70
	3128.08	0.00	12.35	1469.71
	3128.09	0.00	12.34	1469.72
	3128.10	0.00	12.40	1471.61
	3128.11	0.00	12.38	1475.68
	3128.12	0.00	12.38	1476.69
	3128.14	0.00	12.40	1480.69
	3128.15	0.00	12.40	1479.70
	3128.16	0.00	12.41	1481.70
	3128.17	0.00	12.40	1482.69
	3128.18	0.00	12.40	1484.69
	3128.20	0.00	12.50	1481.47
	3128.21	0.00	12.51	1484.50
	3128.22	0.00	12.51	1483.49
	3128.23	0.00	12.50	1482.48
	3128.24	0.00	12.51	1476.47
	3128.25	0.00	12.55	1475.38
	3128.26	0.00	12.51	1471.45
	3128.28	0.00	12.48	1470.50
	3128.29	0.00	12.48	1470.50
	3128.30	0.00	12.47	1471.52
	3128.31	0.00	12.49	1474.49
	3128.32	0.00	12.47	1475.52
	3128.34	0.00	12.41	1465.59
	3128.35	0.00	12.38	1469.65
	3128.36	0.00	12.30	1484.76
	3128.37	0.00	12.08	1521.85
	3128.38	0.00	11.87	1560.99
	3128.39	0.00	11.38	1660.34
	3128.41	0.00	11.07	1737.47
	3128.42	0.00	10.87	1809.58
	3128.43	0.00	10.73	1865.67
	3128.44	0.00	10.66	1907.73
	3128.45	0.00	10.65	1950.79
	3128.46	0.00	10.69	1987.83
	3128.48	0.00	10.78	2038.88
	3128.49	0.00	10.90	2081.86
	3128.50	0.00	10.94	2095.89
	3128.51	0.00	10.95	2124.90
	3128.52	0.00	10.98	2126.93
	3128.54	0.00	11.04	2122.92
	3128.55	0.00	11.10	2109.90
	3128.56	0.00	11.18	2097.82
	3128.57	0.00	11.25	2075.79
	3128.58	0.00	11.32	2062.77
	3128.59	0.00	11.37	2049.74
	3128.61	0.00	11.43	2038.71
	3128.62	0.00	11.51	2028.69
	3128.63	0.00	11.57	2017.67
	3128.64	0.00	11.64	2004.65
	3128.65	0.00	11.68	1997.64
	3128.67	0.00	11.71	1986.62
	3128.68	0.00	11.76	1977.61
	3128.69	0.00	11.80	1973.59
	3128.70	0.00	11.80	1973.63
	3128.71	0.00	11.83	1969.62
	3128.73	0.00	11.85	1962.62
	3128.74	0.00	11.88	1966.61
	3128.75	0.00	11.92	1951.57
	3128.76	0.00	11.90	1963.59
	3128.77	0.00	11.93	1967.59
	3128.78	0.00	11.95	1968.59
	3128.80	0.00	11.98	1963.54
	3128.81	0.00	12.03	1965.45
	3128.82	0.00	12.05	1963.45
	3128.83	0.00	12.06	1955.45
	3128.84	0.00	12.07	1954.44
	3128.86	0.00	12.02	1946.56
	3128.87	0.00	12.03	1944.57
	3128.88	0.00	12.02	1935.57
	3128.89	0.00	12.03	1930.53
	3128.90	0.00	12.01	1920.55
	3128.91	0.00	12.03	1924.55
	3128.93	0.00	12.04	1913.55
	3128.94	0.00	12.03	1904.55
	3128.95	0.00	12.06	1898.49
	3128.96	0.00	12.06	1878.51
	3128.97	0.00	12.09	1859.50
	3128.99	0.00	12.16	1819.47
	3129.00	0.00	12.20	1790.44
	3129.01	0.00	12.25	1751.41
	3129.02	0.00	12.27	1731.40
	3129.03	0.00	12.31	1708.37
	3129.05	0.00	12.30	1693.36
	3129.06	0.00	12.27	1677.31
	3129.07	0.00	12.27	1674.31
	3129.08	0.00	12.26	1666.30
	3129.09	0.00	12.24	1667.31
	3129.10	0.00	12.21	1655.31
	3129.12	0.00	12.19	1654.33
	3129.13	0.00	12.18	1651.33
	3129.14	0.00	12.16	1655.34
	3129.15	0.00	12.12	1658.35
	3129.16	0.00	12.08	1656.38
	3129.17	0.00	12.04	1654.37
	3129.19	0.00	12.02	1657.38
	3129.20	0.00	12.02	1660.39
	3129.21	0.00	12.02	1659.39
	3129.22	0.00	12.00	1654.43
	3129.23	0.00	12.00	1654.44
	3129.25	0.00	11.99	1650.46
	3129.26	0.00	11.99	1649.46
	3129.27	0.00	11.99	1647.47
	3129.28	0.00	12.02	1647.41
	3129.29	0.00	12.03	1645.41
	3129.30	0.00	12.03	1643.43
	3129.32	0.00	12.04	1639.43
	3129.33	0.00	12.04	1639.43
	3129.34	0.00	12.18	1639.14
	3129.35	0.00	12.18	1640.17
	3129.36	0.00	12.18	1629.18
	3129.37	0.00	12.17	1631.19
	3129.39	0.00	12.11	1609.18
	3129.40	0.00	12.08	1619.30
	3129.41	0.00	12.08	1612.33
	3129.42	0.00	12.09	1619.34
	3129.43	0.00	12.04	1605.32
	3129.45	0.00	12.02	1606.38
	3129.46	0.00	12.04	1616.40
	3129.47	0.00	12.05	1617.43
	3129.48	0.00	12.05	1623.41
	3129.49	0.00	12.05	1621.38
	3129.50	0.00	12.08	1633.39
	3129.52	0.00	12.07	1630.42
	3129.53	0.00	12.09	1637.41
	3129.54	0.00	12.07	1632.39
	3129.55	0.00	12.08	1639.42
	3129.56	0.00	12.07	1641.46
	3129.58	0.00	12.05	1632.43
	3129.59	0.00	12.08	1643.43
	3129.60	0.00	12.08	1646.44
	3129.61	0.00	12.08	1644.38
	3129.62	0.00	12.09	1653.39
	3129.63	0.00	12.08	1654.39
	3129.65	0.00	12.06	1654.39
	3129.66	0.00	12.06	1659.39
	3129.67	0.00	12.03	1653.40
	3129.68	0.00	12.02	1659.41
	3129.69	0.00	12.01	1658.41
	3129.71	0.00	12.00	1658.42
	3129.72	0.00	11.96	1654.42
	3129.73	0.00	11.97	1662.43
	3129.74	0.00	11.93	1669.44
	3129.75	0.00	11.91	1672.45
	3129.76	0.00	11.89	1676.48
	3129.78	0.00	11.88	1683.51
	3129.79	0.00	11.85	1683.53
	3129.80	0.00	11.85	1687.53
	3129.81	0.00	11.83	1691.56
	3129.82	0.00	11.85	1692.49
	3129.84	0.00	11.83	1693.52
	3129.85	0.00	11.82	1695.54
	3129.86	0.00	11.80	1696.55
	3129.87	0.00	11.81	1700.55
	3129.88	0.00	11.91	1696.25
	3129.89	0.00	11.91	1699.27
	3129.91	0.00	11.90	1695.29
	3129.92	0.00	11.89	1696.31
	3129.93	0.00	11.88	1689.25
	3129.94	0.00	11.81	1686.38
	3129.95	0.00	11.77	1684.46
	3129.97	0.00	11.79	1683.47
	3129.98	0.00	11.77	1685.48
	3129.99	0.00	11.76	1686.49
	3130.00	0.00	11.72	1672.46
	3130.01	0.00	11.69	1675.53
	3130.02	0.00	11.70	1679.55
	3130.04	0.00	11.72	1676.55
	3130.05	0.00	11.71	1678.56
	3130.06	0.00	11.69	1677.58
	3130.07	0.00	11.73	1686.53
	3130.08	0.00	11.74	1686.54
	3130.09	0.00	11.74	1684.54
	3130.11	0.00	11.72	1689.56
	3130.12	0.00	11.73	1688.51
	3130.13	0.00	11.72	1689.55
	3130.14	0.00	11.72	1692.56
	3130.15	0.00	11.70	1685.58
	3130.17	0.00	11.71	1686.56
	3130.18	0.00	11.71	1688.57
	3130.19	0.00	11.70	1687.57
	3130.20	0.00	11.70	1685.56
	3130.21	0.00	11.70	1684.57
	3130.22	0.00	11.69	1683.57
	3130.2.33	0.00	11.68	1678.51
	3130.34	0.00	11.67	1669.48
	3130.35	0.00	11.65	1672.51
	3130.37	0.00	11.65	1673.52
	3130.38	0.00	11.66	1671.52
	3130.39	0.00	11.63	1671.54
	3130.40	0.00	11.65	1673.52
	3130.41	0.00	11.63	1668.52
	3130.42	0.00	11.62	1668.52
	3130.44	0.00	11.63	1672.52
	3130.45	0.00	11.61	1674.53
	3130.46	0.00	11.61	1677.54
	3130.47	0.00	11.61	1679.54
	3130.48	0.00	11.59	1679.56
	3130.50	0.00	11.60	1681.54
	3130.51	0.00	11.58	1679.55
	3130.52	0.00	11.56	1680.59
	3130.53	0.00	11.55	1681.61
	3130.54	0.00	11.57	1683.59
	3130.55	0.00	11.55	1681.60
	3130.57	0.00	11.55	1681.61
	3130.58	0.00	11.53	1680.64
	3130.59	0.00	11.55	1682.62
	3130.60	0.00	11.54	1682.62
	3130.61	0.00	11.55	1683.57
	3130.63	0.00	11.55	1682.58
	3130.64	0.00	11.55	1685.60
	3130.65	0.00	11.55	1680.60
	3130.66	0.00	11.54	1681.61
	3130.67	0.00	11.54	1681.61
	3130.68	0.00	11.54	1680.61
	3130.70	0.00	11.54	1683.61
	3130.71	0.00	11.53	1680.62
	3130.72	0.00	11.53	1681.63
	3130.73	0.00	11.54	1682.61
	3130.74	0.00	11.53	1680.62
	3130.75	0.00	11.53	1680.62
	3130.77	0.00	11.64	1682.32
	3130.78	0.00	11.65	1684.31
	3130.79	0.00	11.66	1685.31
	3130.80	0.00	11.66	1684.31
	3130.81	0.00	11.67	1685.28
	3130.82	0.00	11.64	1685.35
	3130.84	0.00	11.64	1683.36
	3130.85	0.00	11.63	1682.37
	3130.86	0.00	11.63	1683.37
	3130.87	0.00	11.59	1669.35
	3130.88	0.00	11.56	1674.46
	3130.90	0.00	11.55	1674.50
	3130.91	0.00	11.55	1668.52
	3130.92	0.00	11.56	1672.52
	3130.93	0.00	11.55	1674.53
	3130.94	0.00	11.48	1652.54
	3130.95	0.00	11.50	1662.57
	3130.97	0.00	11.51	1668.58
	3130.98	0.00	11.53	1663.59
	3130.99	0.00	11.53	1665.59
	3131.00	0.00	11.53	1666.59
	3131.01	0.00	11.52	1660.56
	3131.03	0.00	11.54	1663.55
	3131.04	0.00	11.57	1677.56
	3131.05	0.00	11.57	1679.56
	3131.06	0.00	11.57	1679.56
	3131.07	0.00	11.58	1679.57
	3131.08	0.00	11.57	1679.57
	3131.10	0.00	11.56	1682.58
	3131.11	0.00	11.55	1678.56
	3131.12	0.00	11.56	1681.57
	3131.13	0.00	11.56	1687.59
	3131.14	0.00	11.56	1689.60
	3131.15	0.00	11.56	1690.62
	3131.17	0.00	11.57	1692.60
	3131.18	0.00	11.57	1687.59
	3131.19	0.00	11.58	1687.59
	3131.20	0.00	11.57	1690.61
	3131.21	0.00	11.58	1693.59
	3131.23	0.00	11.57	1692.60
	3131.24	0.00	11.57	1687.56
	3131.25	0.00	11.57	1687.56
	3131.26	0.00	11.60	1689.55
	3131.27	0.00	11.60	1695.55
	3131.28	0.00	11.60	1692.55
	3131.30	0.00	11.60	1695.55
	3131.31	0.00	11.63	1695.53
	3131.32	0.00	11.62	1695.54
	3131.33	0.00	11.62	1696.53
	3131.34	0.00	11.59	1687.54
	3131.36	0.00	11.61	1692.53
	3131.37	0.00	11.60	1691.53
	3131.38	0.00	11.60	1691.53
	3131.39	0.00	11.60	1691.53
	3131.40	0.00	11.60	1691.53
	3131.41	0.00	11.60	1690.53
	3131.43	0.00	11.58	1685.53
	3131.44	0.00	11.57	1686.55
	3131.45	0.00	11.59	1687.53
	3131.46	0.00	11.59	1686.53
	3131.47	0.00	11.59	1686.53
	3131.48	0.00	11.59	1685.52
	3131.50	0.00	11.59	1685.53
	3131.51	0.00	11.57	1684.57
	3131.52	0.00	11.57	1683.58
	3131.53	0.00	11.58	1686.55
	3131.54	0.00	11.55	1684.59
	3131.55	0.00	11.56	1688.60
	3131.57	0.00	11.57	1686.55
	3131.58	0.00	11.56	1687.59
	3131.59	0.00	11.57	1689.58
	3131.60	0.00	11.55	1689.59
	3131.61	0.00	11.54	1690.59
	3131.63	0.00	11.54	1692.62
	3131.64	0.00	11.65	1692.33
	3131.65	0.00	11.66	1694.30
	3131.66	0.00	11.65	1697.33
	3131.67	0.00	11.64	1692.34
	3131.68	0.00	11.63	1692.35
	3131.70	0.00	11.62	1692.36
	3131.71	0.00	11.59	1683.36
	3131.72	0.00	11.60	1677.27
	3131.73	0.00	11.55	1681.41
	3131.74	0.00	11.54	1682.44
	3131.76	0.00	11.51	1683.49
	3131.77	0.00	11.52	1674.51
	3131.78	0.00	11.52	1675.51
	3131.79	0.00	11.53	1676.52
	3131.80	0.00	11.51	1678.52
	3131.81	0.00	11.44	1653.52
	3131.83	0.00	11.46	1663.55
	3131.84	0.00	11.46	1664.56
	3131.85	0.00	11.45	1668.57
	3131.86	0.00	11.49	1664.58
	3131.87	0.00	11.50	1669.58
	3131.88	0.00	11.49	1670.58
	3131.90	0.00	11.49	1672.58
	3131.91	0.00	11.50	1673.58
	3131.92	0.00	11.50	1675.58
	3131.93	0.00	11.50	1672.58
	3131.94	0.00	11.50	1668.53
	3131.96	0.00	11.51	1671.53
	3131.97	0.00	11.53	1675.53
	3131.98	0.00	11.54	1683.55
	3131.99	0.00	11.54	1684.55
	3132.00	0.00	11.54	1684.55
	3132.01	0.00	11.53	1684.56
	3132.03	0.00	11.55	1682.55
	3132.04	0.00	11.54	1682.55
	3132.05	0.00	11.53	1686.56
	3132.06	0.00	11.52	1689.57
	3132.07	0.00	11.52	1691.54
	3132.09	0.00	11.52	1697.57
	3132.10	0.00	11.51	1701.58
	3132.11	0.00	11.50	1707.60
	3132.12	0.00	11.50	1713.60
	3132.13	0.00	11.51	1718.60
	3132.14	0.00	11.48	1728.61
	3132.16	0.00	11.48	1737.62
	3132.17	0.00	11.46	1740.62
	3132.18	0.00	11.47	1772.59
	3132.19	0.00	11.48	1788.58
	3132.20	0.00	11.49	1801.59
	3132.21	0.00	11.50	1812.57
	3132.23	0.00	11.49	1828.61
	3132.24	0.00	11.48	1838.62
	3132.25	0.00	11.49	1860.63
	3132.26	0.00	11.50	1882.61
	3132.27	0.00	11.50	1904.64
	3132.29	0.00	11.49	1929.65
	3132.30	0.00	11.50	1948.67
	3132.31	0.00	11.50	1965.71
	3132.32	0.00	11.52	1948.73
	3132.33	0.00	11.54	1961.75
	3132.35	0.00	11.57	1966.75
	3132.36	0.00	11.60	1971.75
	3132.37	0.00	11.64	1970.69
	3132.38	0.00	11.66	1971.72
	3132.39	0.00	11.68	1967.72
	3132.40	0.00	11.71	1970.72
	3132.42	0.00	11.82	1963.49
	3132.43	0.00	11.86	1965.48
	3132.44	0.00	11.88	1954.50
	3132.45	0.00	11.89	1952.49
	3132.46	0.00	11.84	1942.65
	3132.48	0.00	11.86	1935.64
	3132.49	0.00	11.92	1936.64
	3132.50	0.00	11.95	1934.63
	3132.51	0.00	11.94	1935.58
	3132.52	0.00	12.02	1951.57
	3132.53	0.00	12.09	1947.57
	3132.55	0.00	12.15	1947.55
	3132.56	0.00	12.24	1955.51
	3132.57	0.00	12.32	1955.50
	3132.58	0.00	12.37	1951.49
	3132.59	0.00	12.44	1948.46
	3132.61	0.00	12.52	1933.46
	3132.62	0.00	12.58	1926.44
	3132.63	0.00	12.71	1914.41
	3132.64	0.00	12.79	1911.36
	3132.65	0.00	12.84	1904.29
	3132.66	0.00	12.89	1896.23
	3132.68	0.00	12.94	1891.16
	3132.69	0.00	13.00	1861.09
	3132.70	0.00	13.04	1849.01
	3132.71	0.00	13.05	1831.99
	3132.72	0.00	13.06	1822.97
	3132.74	0.00	13.05	1810.96
	3132.75	0.00	13.03	1796.95
	3132.76	0.00	13.01	1785.97
	3132.77	0.00	12.97	1765.98
	3132.78	0.00	12.94	1757.99
	3132.79	0.00	12.90	1737.98
	3132.81	0.00	12.86	1716.93
	3132.82	0.00	12.77	1693.99
	3132.83	0.00	12.69	1664.00
	3132.84	0.00	12.63	1632.97
	3132.85	0.00	12.53	1595.95
	3132.86	0.00	12.45	1568.96
	3132.88	0.00	12.37	1541.95
	3132.89	0.00	12.32	1523.93
	3132.90	0.00	12.26	1505.93
	3132.91	0.00	12.22	1494.92
	3132.92	0.00	12.19	1485.93
	3132.94	0.00	12.19	1479.91
	3132.95	0.00	12.18	1474.89
	3132.96	0.00	12.16	1473.92
	3132.97	0.00	12.19	1477.88
	3132.98	0.00	12.17	1473.87
	3132.99	0.00	12.18	1478.88
	3133.01	0.00	12.20	1480.87
	3133.02	0.00	12.20	1473.84
	3133.03	0.00	12.19	1479.87
	3133.04	0.00	12.20	1475.87
	3133.05	0.00	12.20	1476.87
	3133.06	0.00	12.20	1477.88
	3133.08	0.00	12.20	1474.88
	3133.09	0.00	12.20	1471.87
	3133.10	0.00	12.34	1468.56
	3133.11	0.00	12.33	1472.60
	3133.12	0.00	12.34	1475.60
	3133.13	0.00	12.34	1477.60
	3133.15	0.00	12.35	1477.60
	3133.16	0.00	12.35	1478.59
	3133.17	0.00	12.35	1480.59
	3133.18	0.00	12.35	1479.58
	3133.19	0.00	12.36	1475.57
	3133.21	0.00	12.32	1468.59
	3133.22	0.00	12.35	1475.59
	3133.23	0.00	12.34	1474.59
	3133.24	0.00	12.33	1475.62
	3133.25	0.00	12.34	1473.59
	3133.26	0.00	12.33	1471.60
	3133.28	0.00	12.31	1463.60
	3133.29	0.00	12.38	1459.44
	3133.30	0.00	12.28	1453.59
	3133.31	0.00	12.25	1456.67
	3133.32	0.00	12.23	1456.71
	3133.33	0.00	12.24	1445.70
	3133.35	0.00	12.24	1452.72
	3133.36	0.00	12.24	1448.73
	3133.37	0.00	12.24	1449.73
	3133.38	0.00	12.24	1449.74
	3133.39	0.00	12.25	1451.75
	3133.41	0.00	12.24	1454.75
	3133.42	0.00	12.23	1454.76
	3133.43	0.00	12.15	1425.74
	3133.44	0.00	12.16	1426.74
	3133.45	0.00	12.15	1430.78
	3133.46	0.00	12.17	1442.82
	3133.48	0.00	12.18	1441.81
	3133.49	0.00	12.22	1459.83
	3133.50	0.00	12.22	1460.85
	3133.51	0.00	12.23	1473.86
	3133.52	0.00	12.21	1482.90
	3133.53	0.00	12.17	1487.96
	3133.55	0.00	12.11	1494.01
	3133.56	0.00	12.06	1498.06
	3133.57	0.00	12.05	1510.05
	3133.58	0.00	12.08	1532.11
	3133.59	0.00	11.99	1556.16
	3133.60	0.00	11.89	1583.21
	3133.62	0.00	11.84	1602.25
	3133.63	0.00	11.77	1612.33
	3133.64	0.00	11.74	1633.39
	3133.65	0.00	11.69	1650.45
	3133.66	0.00	11.58	1677.50
	3133.68	0.00	11.53	1691.55
	3133.69	0.00	11.49	1697.53
	3133.70	0.00	11.48	1710.54
	3133.71	0.00	11.44	1742.55
	3133.72	0.00	11.43	1756.57
	3133.73	0.00	11.42	1768.58
	3133.75	0.00	11.38	1777.62
	3133.76	0.00	11.36	1797.63
	3133.77	0.00	11.33	1815.66
	3133.78	0.00	11.29	1838.71
	3133.79	0.00	11.24	1855.75
	3133.81	0.00	11.24	1854.76
	3133.82	0.00	11.23	1873.78
	3133.83	0.00	11.21	1887.80
	3133.84	0.00	11.18	1893.86
	3133.85	0.00	11.16	1903.91
	3133.86	0.00	11.18	1915.91
	3133.88	0.00	11.21	1923.87
	3133.89	0.00	11.22	1925.89
	3133.90	0.00	11.23	1927.90
	3133.91	0.00	11.25	1932.89
	3133.92	0.00	11.29	1930.81
	3133.94	0.00	11.31	1932.81
	3133.95	0.00	11.32	1929.81
	3133.96	0.00	11.30	1916.81
	3133.97	0.00	11.31	1923.88
	3133.98	0.00	11.33	1921.88
	3134.00	0.00	11.35	1920.87
	3134.01	0.00	11.38	1920.82
	3134.02	0.00	11.37	1913.83
	3134.03	0.00	11.40	1924.84
	3134.04	0.00	11.40	1925.84
	3134.05	0.00	11.45	1931.78
	3134.07	0.00	11.46	1940.81
	3134.08	0.00	11.45	1938.81
	3134.09	0.00	11.49	1949.81
	3134.10	0.00	11.48	1950.83
	3134.11	0.00	11.48	1949.83
	3134.13	0.00	11.50	1950.82
	3134.14	0.00	11.49	1949.83
	3134.15	0.00	11.48	1944.80
	3134.16	0.00	11.50	1950.79
	3134.17	0.00	11.51	1948.78
	3134.18	0.00	11.52	1948.78
	3134.20	0.00	11.52	1948.78
	3134.21	0.00	11.52	1944.78
	3134.22	0.00	11.53	1945.77
	3134.23	0.00	11.54	1945.77
	3134.24	0.00	11.53	1941.79
	3134.26	0.00	11.55	1941.77
	3134.27	0.00	11.55	1942.77
	3134.28	0.00	11.57	1943.75
	3134.29	0.00	11.56	1945.81
	3134.30	0.00	11.57	1946.81
	3134.32	0.00	11.58	1948.81
	3134.33	0.00	11.59	1947.81
	3134.34	0.00	11.62	1947.78
	3134.35	0.00	11.61	1941.79
	3134.36	0.00	11.65	1942.78
	3134.37	0.00	11.67	1935.72
	3134.39	0.00	11.69	1933.70
	3134.40	0.00	11.71	1932.69
	3134.41	0.00	11.73	1925.65
	3134.42	0.00	11.75	1917.61
	3134.43	0.00	11.74	1902.65
	3134.45	0.00	11.72	1889.76
	3134.46	0.00	11.77	1878.75
	3134.47	0.00	11.78	1869.73
	3134.48	0.00	11.81	1843.69
	3134.49	0.00	11.87	1830.67
	3134.50	0.00	11.93	1804.65
	3134.52	0.00	11.99	1781.63
	3134.53	0.00	12.06	1754.61
	3134.54	0.00	12.20	1731.57
	3134.55	0.00	12.21	1712.55
	3134.56	0.00	12.17	1718.54
	3134.58	0.00	12.15	1706.50
	3134.59	0.00	12.13	1693.53
	3134.60	0.00	12.10	1671.52
	3134.61	0.00	12.09	1649.50
	3134.62	0.00	12.09	1637.48
	3134.63	0.00	12.05	1615.42
	3134.65	0.00	12.05	1600.39
	3134.66	0.00	12.07	1591.34
	3134.67	0.00	12.09	1558.29
	3134.68	0.00	12.11	1548.24
	3134.69	0.00	12.14	1537.19
	3134.70	0.00	12.16	1528.13
	3134.72	0.00	12.16	1522.09
	3134.73	0.00	12.18	1519.06
	3134.74	0.00	12.18	1517.05
	3134.75	0.00	12.18	1516.03
	3134.76	0.00	12.16	1505.02
	3134.78	0.00	12.16	1503.00
	3134.79	0.00	12.17	1502.00
	3134.80	0.00	12.17	1499.98
	3134.81	0.00	12.18	1497.97
	3134.82	0.00	12.18	1497.97
	3134.83	0.00	12.19	1496.94
	3134.85	0.00	12.19	1498.96
	3134.86	0.00	12.19	1499.96
	3134.87	0.00	12.19	1500.96
	3134.88	0.00	12.21	1501.93
	3134.89	0.00	12.20	1502.96
	3134.91	0.00	12.19	1496.96
	3134.92	0.00	12.21	1501.95
	3134.93	0.00	12.20	1497.96
	3134.94	0.00	12.22	1500.92
	3134.95	0.00	12.21	1507.97
	3134.96	0.00	12.20	1512.99
	3134.98	0.00	12.20	1516.00
	3134.99	0.00	12.23	1518.94
	3135.00	0.00	12.21	1526.03
	3135.01	0.00	12.21	1534.05
	3135.02	0.00	12.24	1545.06
	3135.03	0.00	12.24	1553.03
	3135.05	0.00	12.21	1555.10
	3135.06	0.00	12.19	1556.13
	3135.07	0.00	12.17	1559.16
	3135.08	0.00	12.14	1558.18
	3135.09	0.00	12.14	1568.18
	3135.11	0.00	12.10	1566.25
	3135.12	0.00	12.06	1568.30
	3135.13	0.00	12.07	1570.30
	3135.14	0.00	11.99	1583.37
	3135.15	0.00	11.94	1600.42
	3135.16	0.00	11.91	1613.44
	3135.18	0.00	11.88	1625.47
	3135.19	0.00	11.89	1633.44
	3135.20	0.00	11.88	1641.48
	3135.21	0.00	11.86	1651.51
	3135.22	0.00	11.84	1657.54
	3135.24	0.00	11.99	1664.13
	3135.25	0.00	11.95	1686.18
	3135.26	0.00	11.89	1705.22
	3135.27	0.00	11.86	1712.24
	3135.28	0.00	11.84	1724.25
	3135.29	0.00	11.68	1714.47
	3135.31	0.00	11.63	1704.58
	3135.32	0.00	11.66	1713.61
	3135.33	0.00	11.64	1718.63
	3135.34	0.00	11.58	1699.59
	3135.35	0.00	11.65	1743.53
	3135.37	0.00	11.64	1746.63
	3135.38	0.00	11.65	1752.63
	3135.39	0.00	11.63	1756.64
	3135.40	0.00	11.67	1770.61
	3135.41	0.00	11.68	1778.62
	3135.42	0.00	11.64	1777.64
	3135.44	0.00	11.64	1763.65
	3135.45	0.00	11.61	1754.63
	3135.46	0.00	11.63	1765.65
	3135.47	0.00	11.62	1765.66
	3135.48	0.00	11.61	1765.68
	3135.50	0.00	11.59	1758.67
	3135.51	0.00	11.61	1763.62
	3135.52	0.00	11.62	1767.61
	3135.53	0.00	11.62	1767.62
	3135.54	0.00	11.61	1766.63
	3135.55	0.00	11.58	1756.63
	3135.57	0.00	11.59	1759.63
	3135.58	0.00	11.59	1758.63
	3135.59	0.00	11.58	1760.63
	3135.60	0.00	11.59	1764.63
	3135.61	0.00	11.58	1759.63
	3135.63	0.00	11.59	1767.63
	3135.64	0.00	11.60	1768.63
	3135.65	0.00	11.62	1767.56
	3135.66	0.00	11.58	1769.66
	3135.67	0.00	11.58	1770.67
	3135.68	0.00	11.57	1771.69
	3135.70	0.00	11.56	1772.73
	3135.71	0.00	11.57	1772.68
	3135.72	0.00	11.58	1777.67
	3135.73	0.00	11.58	1777.68
	3135.74	0.00	11.58	1779.69
	3135.76	0.00	11.57	1781.70
	3135.77	0.00	11.71	1780.32
	3135.78	0.00	11.71	1783.34
	3135.79	0.00	11.69	1778.37
	3135.80	0.00	11.68	1777.38
	3135.81	0.00	11.54	1760.61
	3135.83	0.00	11.50	1761.71
	3135.84	0.00	11.53	1759.72
	3135.85	0.00	11.54	1765.72
	3135.86	0.00	11.50	1746.67
	3135.87	0.00	11.54	1761.69
	3135.89	0.00	11.55	1758.69
	3135.90	0.00	11.55	1760.69
	3135.91	0.00	11.58	1768.67
	3135.92	0.00	11.61	1777.66
	3135.93	0.00	11.59	1775.67
	3135.94	0.00	11.57	1777.68
	3135.96	0.00	11.57	1773.66
	3135.97	0.00	11.56	1772.68
	3135.98	0.00	11.56	1774.69
	3135.99	0.00	11.56	1770.69
	3136.00	0.00	11.55	1770.70
	3136.02	0.00	11.56	1768.64
	3136.03	0.00	11.56	1771.65
	3136.04	0.00	11.58	1771.62
	3136.05	0.00	11.56	1767.65
	3136.06	0.00	11.55	1764.64
	3136.07	0.00	11.55	1761.61
	3136.09	0.00	11.55	1761.64
	3136.10	0.00	11.54	1758.64
	3136.11	0.00	11.54	1758.64
	3136.12	0.00	11.56	1757.59
	3136.13	0.00	11.53	1755.64
	3136.15	0.00	11.54	1755.64
	3136.16	0.00	11.55	1756.64
	3136.17	0.00	11.51	1741.64
	3136.18	0.00	11.54	1754.64
	3136.19	0.00	11.53	1753.66
	3136.20	0.00	11.52	1750.70
	3136.22	0.00	11.51	1748.69
	3136.23	0.00	11.52	1751.70
	3136.24	0.00	11.53	1750.65
	3136.25	0.00	11.53	1753.69
	3136.26	0.00	11.53	1753.68
	3136.28	0.00	11.53	1752.68
	3136.29	0.00	11.52	1752.68
	3136.30	0.00	11.65	1746.29
	3136.31	0.00	11.67	1755.32
	3136.32	0.00	11.65	1746.35
	3136.33	0.00	11.65	1745.31
	3136.35	0.00	11.53	1730.50
	3136.36	0.00	11.47	1730.67
	3136.37	0.00	11.47	1732.68
	3136.38	0.00	11.49	1727.70
	3136.39	0.00	11.51	1730.69
	3136.41	0.00	11.51	1732.69
	3136.42	0.00	11.47	1737.64
	3136.43	0.00	11.50	1749.66
	3136.44	0.00	11.52	1745.66
	3136.45	0.00	11.52	1749.66
	3136.46	0.00	11.51	1752.68
	3136.48	0.00	11.56	1762.62
	3136.49	0.00	11.57	1766.63
	3136.50	0.00	11.57	1767.64
	3136.51	0.00	11.54	1770.66
	3136.52	0.00	11.54	1769.65
	3136.54	0.00	11.54	1768.65
	3136.55	0.00	11.54	1768.65
	3136.56	0.00	11.54	1766.66
	3136.57	0.00	11.54	1765.66
	3136.58	0.00	11.55	1767.66
	3136.59	0.00	11.55	1762.61
	3136.61	0.00	11.56	1764.61
	3136.62	0.00	11.56	1763.61
	3136.63	0.00	11.57	1764.60
	3136.64	0.00	11.54	1755.61
	3136.65	0.00	11.55	1756.60
	3136.67	0.00	11.55	1755.60
	3136.68	0.00	11.56	1753.60
	3136.69	0.00	11.56	1754.60
	3136.70	0.00	11.55	1752.60
	3136.71	0.00	11.56	1751.60
	3136.73	0.00	11.57	1751.59
	3136.74	0.00	11.56	1748.59
	3136.75	0.00	11.56	1748.63
	3136.76	0.00	11.55	1746.64
	3136.77	0.00	11.56	1747.64
	3136.78	0.00	11.56	1750.64
	3136.80	0.00	11.57	1747.60
	3136.81	0.00	11.57	1745.62
	3136.82	0.00	11.57	1745.63
	3136.83	0.00	11.58	1745.63
	3136.84	0.00	11.74	1744.22
	3136.86	0.00	11.75	1745.22
	3136.87	0.00	11.72	1736.29
	3136.88	0.00	11.71	1737.30
	3136.89	0.00	11.56	1718.53
	3136.90	0.00	11.55	1722.58
	3136.91	0.00	11.57	1718.61
	3136.93	0.00	11.58	1719.61
	3136.94	0.00	11.58	1720.61
	3136.95	0.00	11.54	1699.57
	3136.96	0.00	11.56	1709.58
	3136.97	0.00	11.58	1713.59
	3136.99	0.00	11.61	1710.59
	3137.00	0.00	11.60	1715.60
	3137.01	0.00	11.63	1719.56
	3137.02	0.00	11.66	1730.58
	3137.03	0.00	11.66	1730.56
	3137.04	0.00	11.65	1733.59
	3137.06	0.00	11.63	1726.56
	3137.07	0.00	11.64	1731.58
	3137.08	0.00	11.63	1728.59
	3137.09	0.00	11.64	1732.60
	3137.10	0.00	11.65	1728.60
	3137.12	0.00	11.64	1729.60
	3137.13	0.00	11.63	1730.63
	3137.14	0.00	11.65	1725.55
	3137.15	0.00	11.65	1727.55
	3137.16	0.00	11.66	1728.55
	3137.17	0.00	11.66	1727.55
	3137.19	0.00	11.66	1726.55
	3137.20	0.00	11.66	1726.55
	3137.21	0.00	11.66	1725.56
	3137.22	0.00	11.64	1718.54
	3137.23	0.00	11.66	1717.54
	3137.25	0.00	11.67	1716.53
	3137.26	0.00	11.64	1713.56
	3137.27	0.00	11.66	1716.54
	3137.28	0.00	11.65	1712.53
	3137.29	0.00	11.66	1715.53
	3137.30	0.00	11.65	1714.55
	3137.32	0.00	11.67	1714.53
	3137.33	0.00	11.68	1712.53
	3137.34	0.00	11.68	1711.53
	3137.35	0.00	11.69	1711.52
	3137.36	0.00	11.69	1710.52
	3137.37	0.00	11.69	1711.53
	3137.39	0.00	11.67	1710.57
	3137.40	0.00	11.67	1710.58
	3137.41	0.00	11.66	1714.59
	3137.42	0.00	11.65	1713.60
	3137.43	0.00	11.66	1718.57
	3137.44	0.00	11.66	1719.58
	3137.46	0.00	11.65	1722.59
	3137.47	0.00	11.64	1726.60
	3137.48	0.00	11.78	1725.21
	3137.49	0.00	11.78	1733.24
	3137.50	0.00	11.75	1725.27
	3137.52	0.00	11.75	1729.29
	3137.53	0.00	11.62	1716.50
	3137.54	0.00	11.60	1717.55
	3137.55	0.00	11.61	1717.58
	3137.56	0.00	11.62	1722.61
	3137.57	0.00	11.58	1703.54
	3137.59	0.00	11.60	1714.57
	3137.60	0.00	11.63	1721.58
	3137.61	0.00	11.63	1720.61
	3137.62	0.00	11.66	1726.58
	3137.63	0.00	11.71	1742.55
	3137.65	0.00	11.74	1728.57
	3137.66	0.00	11.74	1729.58
	3137.67	0.00	11.75	1736.57
	3137.68	0.00	11.73	1735.56
	3137.69	0.00	11.74	1740.59
	3137.70	0.00	11.75	1738.58
	3137.72	0.00	11.77	1743.59
	3137.73	0.00	11.76	1737.54
	3137.74	0.00	11.78	1742.54
	3137.75	0.00	11.78	1744.54
	3137.76	0.00	11.79	1747.54
	3137.78	0.00	11.79	1747.54
	3137.79	0.00	11.78	1741.52
	3137.80	0.00	11.78	1745.54
	3137.81	0.00	11.79	1748.54
	3137.82	0.00	11.79	1749.54
	3137.84	0.00	11.79	1752.56
	3137.85	0.00	11.82	1753.54
	3137.86	0.00	11.81	1755.54
	3137.87	0.00	11.82	1755.54
	3137.88	0.00	11.83	1755.52
	3137.89	0.00	11.82	1757.58
	3137.91	0.00	11.81	1753.59
	3137.92	0.00	11.81	1752.59
	3137.93	0.00	11.84	1757.55
	3137.94	0.00	11.84	1761.56
	3137.95	0.00	11.85	1762.57
	3137.97	0.00	11.85	1764.58
	3137.98	0.00	11.85	1765.60
	3137.99	0.00	12.02	1767.19
	3138.00	0.00	1