79.91	0.00	13.06	2219.28
	4779.92	0.00	13.06	2224.29
	4779.93	0.00	13.06	2226.30
	4779.94	0.00	13.05	2226.32
	4779.95	0.00	13.05	2230.33
	4779.96	0.00	13.06	2237.33
	4779.98	0.00	13.05	2246.38
	4779.99	0.00	13.04	2250.40
	4780.00	0.00	13.02	2254.41
	4780.01	0.00	13.01	2258.43
	4780.02	0.00	12.97	2245.45
	4780.04	0.00	12.96	2243.45
	4780.05	0.00	12.97	2251.46
	4780.06	0.00	12.97	2252.47
	4780.07	0.00	12.97	2253.48
	4780.08	0.00	12.95	2247.48
	4780.10	0.00	12.96	2254.48
	4780.11	0.00	12.95	2254.49
	4780.12	0.00	12.94	2254.50
	4780.13	0.00	12.93	2258.52
	4780.14	0.00	12.93	2257.53
	4780.15	0.00	12.93	2263.54
	4780.17	0.00	12.92	2269.55
	4780.18	0.00	12.92	2273.57
	4780.19	0.00	12.92	2274.57
	4780.20	0.00	12.91	2277.58
	4780.21	0.00	12.90	2281.59
	4780.22	0.00	12.90	2283.59
	4780.24	0.00	12.90	2280.57
	4780.25	0.00	12.88	2284.63
	4780.26	0.00	12.88	2287.66
	4780.27	0.00	12.87	2289.68
	4780.28	0.00	12.87	2294.67
	4780.30	0.00	12.87	2295.69
	4780.31	0.00	12.86	2298.70
	4780.32	0.00	12.86	2301.69
	4780.33	0.00	12.86	2304.72
	4780.34	0.00	12.88	2313.70
	4780.35	0.00	12.89	2316.69
	4780.37	0.00	12.88	2321.71
	4780.38	0.00	12.89	2320.71
	4780.39	0.00	12.88	2320.71
	4780.40	0.00	12.87	2316.72
	4780.41	0.00	12.86	2313.73
	4780.43	0.00	12.85	2321.70
	4780.44	0.00	12.92	2314.46
	4780.45	0.00	12.92	2317.48
	4780.46	0.00	13.01	2338.48
	4780.47	0.00	13.01	2346.51
	4780.48	0.00	12.92	2322.51
	4780.50	0.00	12.92	2325.51
	4780.51	0.00	12.92	2328.52
	4780.52	0.00	12.92	2317.48
	4780.53	0.00	12.89	2325.60
	4780.54	0.00	12.88	2331.65
	4780.56	0.00	12.91	2333.66
	4780.57	0.00	12.95	2345.63
	4780.58	0.00	12.95	2349.67
	4780.59	0.00	12.96	2356.67
	4780.60	0.00	12.94	2337.66
	4780.62	0.00	12.97	2352.69
	4780.63	0.00	12.98	2357.69
	4780.64	0.00	13.00	2366.69
	4780.65	0.00	13.00	2370.69
	4780.66	0.00	13.02	2365.64
	4780.67	0.00	13.02	2368.64
	4780.69	0.00	13.03	2375.65
	4780.70	0.00	13.05	2386.66
	4780.71	0.00	13.05	2385.68
	4780.72	0.00	13.04	2380.66
	4780.73	0.00	13.05	2389.66
	4780.75	0.00	13.05	2385.66
	4780.76	0.00	13.08	2390.61
	4780.77	0.00	13.08	2392.60
	4780.78	0.00	13.08	2396.60
	4780.79	0.00	13.09	2397.60
	4780.81	0.00	13.09	2396.61
	4780.82	0.00	13.09	2398.60
	4780.83	0.00	13.08	2390.59
	4780.84	0.00	13.08	2392.59
	4780.85	0.00	13.11	2396.52
	4780.86	0.00	13.08	2394.59
	4780.87	0.00	13.07	2384.59
	4780.89	0.00	13.08	2394.60
	4780.90	0.00	13.07	2392.61
	4780.91	0.00	13.04	2377.60
	4780.92	0.00	13.03	2373.60
	4780.93	0.00	13.04	2378.60
	4780.95	0.00	13.04	2377.61
	4780.96	0.00	13.05	2379.59
	4780.97	0.00	13.05	2376.59
	4780.98	0.00	13.05	2375.59
	4780.99	0.00	13.04	2378.61
	4781.00	0.00	13.05	2377.59
	4781.02	0.00	13.05	2375.59
	4781.03	0.00	13.06	2374.58
	4781.04	0.00	13.05	2370.59
	4781.05	0.00	13.05	2360.56
	4781.06	0.00	13.04	2362.61
	4781.08	0.00	13.04	2363.62
	4781.09	0.00	13.03	2356.63
	4781.10	0.00	13.04	2357.63
	4781.11	0.00	13.04	2352.63
	4781.12	0.00	13.04	2349.62
	4781.13	0.00	13.06	2346.56
	4781.15	0.00	13.05	2339.59
	4781.16	0.00	13.06	2331.59
	4781.17	0.00	13.05	2330.60
	4781.18	0.00	13.04	2326.60
	4781.19	0.00	13.04	2324.60
	4781.21	0.00	13.03	2321.61
	4781.22	0.00	13.02	2318.61
	4781.23	0.00	13.08	2312.38
	4781.24	0.00	13.07	2309.37
	4781.25	0.00	13.06	2309.39
	4781.27	0.00	13.04	2300.40
	4781.28	0.00	13.04	2296.40
	4781.29	0.00	13.02	2294.41
	4781.30	0.00	13.02	2289.41
	4781.31	0.00	13.02	2282.36
	4781.33	0.00	12.98	2279.45
	4781.34	0.00	12.96	2282.50
	4781.35	0.00	12.95	2282.56
	4781.36	0.00	12.95	2282.58
	4781.37	0.00	12.94	2284.59
	4781.38	0.00	12.91	2266.58
	4781.40	0.00	12.91	2276.61
	4781.41	0.00	12.91	2282.62
	4781.42	0.00	12.91	2286.63
	4781.43	0.00	12.91	2287.64
	4781.44	0.00	12.91	2292.64
	4781.45	0.00	12.90	2296.66
	4781.47	0.00	12.90	2301.65
	4781.48	0.00	12.88	2314.66
	4781.49	0.00	12.89	2322.66
	4781.50	0.00	12.88	2329.70
	4781.51	0.00	12.87	2337.72
	4781.53	0.00	12.87	2345.74
	4781.54	0.00	12.84	2356.76
	4781.55	0.00	12.85	2362.72
	4781.56	0.00	12.85	2379.73
	4781.57	0.00	12.85	2395.75
	4781.59	0.00	12.85	2403.74
	4781.60	0.00	12.84	2409.75
	4781.61	0.00	12.84	2418.76
	4781.62	0.00	12.83	2418.75
	4781.63	0.00	12.83	2424.76
	4781.64	0.00	12.82	2434.77
	4781.66	0.00	12.79	2446.77
	4781.67	0.00	12.76	2440.77
	4781.68	0.00	12.75	2451.77
	4781.69	0.00	12.75	2453.78
	4781.70	0.00	12.75	2451.77
	4781.72	0.00	12.76	2461.77
	4781.73	0.00	12.76	2461.77
	4781.74	0.00	12.75	2461.78
	4781.75	0.00	12.75	2464.80
	4781.76	0.00	12.74	2460.82
	4781.77	0.00	12.74	2463.83
	4781.79	0.00	12.74	2462.85
	4781.80	0.00	12.76	2467.81
	4781.81	0.00	12.76	2466.82
	4781.82	0.00	12.76	2469.83
	4781.83	0.00	12.75	2469.84
	4781.85	0.00	12.83	2473.61
	4781.86	0.00	12.82	2471.63
	4781.87	0.00	12.82	2466.64
	4781.88	0.00	12.81	2466.65
	4781.89	0.00	12.77	2468.78
	4781.91	0.00	12.74	2453.84
	4781.92	0.00	12.75	2454.85
	4781.93	0.00	12.77	2456.80
	4781.94	0.00	12.76	2444.81
	4781.95	0.00	12.77	2447.81
	4781.97	0.00	12.78	2444.81
	4781.98	0.00	12.77	2439.81
	4781.99	0.00	12.80	2446.78
	4782.00	0.00	12.78	2434.80
	4782.01	0.00	12.80	2439.80
	4782.02	0.00	12.79	2434.81
	4782.04	0.00	12.80	2428.77
	4782.05	0.00	12.82	2430.76
	4782.06	0.00	12.86	2416.76
	4782.07	0.00	12.87	2413.76
	4782.08	0.00	12.87	2401.74
	4782.10	0.00	12.88	2397.74
	4782.11	0.00	12.89	2391.74
	4782.12	0.00	12.91	2383.73
	4782.13	0.00	12.92	2380.73
	4782.14	0.00	12.91	2365.71
	4782.15	0.00	12.91	2352.71
	4782.17	0.00	12.92	2348.70
	4782.18	0.00	12.93	2346.71
	4782.19	0.00	12.94	2344.68
	4782.20	0.00	12.95	2339.67
	4782.21	0.00	12.96	2333.66
	4782.23	0.00	12.95	2329.66
	4782.24	0.00	12.96	2336.65
	4782.25	0.00	12.97	2333.63
	4782.26	0.00	12.97	2330.62
	4782.27	0.00	12.98	2332.61
	4782.29	0.00	12.97	2331.65
	4782.30	0.00	12.97	2329.65
	4782.31	0.00	12.97	2328.65
	4782.32	0.00	12.98	2323.65
	4782.33	0.00	12.99	2319.66
	4782.35	0.00	12.99	2319.66
	4782.36	0.00	13.00	2319.62
	4782.37	0.00	13.00	2318.63
	4782.38	0.00	13.01	2319.63
	4782.39	0.00	13.01	2317.63
	4782.40	0.00	13.01	2318.62
	4782.42	0.00	13.01	2318.61
	4782.43	0.00	13.09	2316.38
	4782.44	0.00	13.09	2316.37
	4782.45	0.00	13.10	2318.38
	4782.46	0.00	13.09	2306.38
	4782.47	0.00	13.08	2308.39
	4782.49	0.00	13.09	2309.39
	4782.50	0.00	13.09	2309.38
	4782.51	0.00	13.08	2298.35
	4782.52	0.00	13.04	2299.45
	4782.53	0.00	13.02	2301.50
	4782.55	0.00	13.03	2294.52
	4782.56	0.00	13.03	2293.53
	4782.57	0.00	13.03	2301.54
	4782.58	0.00	12.99	2281.53
	4782.59	0.00	12.99	2289.57
	4782.61	0.00	13.01	2294.56
	4782.62	0.00	13.01	2292.56
	4782.63	0.00	13.01	2293.57
	4782.64	0.00	13.01	2298.56
	4782.65	0.00	13.00	2297.57
	4782.66	0.00	13.01	2297.55
	4782.68	0.00	13.02	2307.57
	4782.69	0.00	13.01	2310.59
	4782.70	0.00	13.02	2310.57
	4782.71	0.00	13.01	2308.58
	4782.72	0.00	13.01	2311.58
	4782.74	0.00	13.01	2313.59
	4782.75	0.00	13.02	2312.53
	4782.76	0.00	13.03	2318.53
	4782.77	0.00	13.02	2317.56
	4782.78	0.00	13.03	2318.54
	4782.79	0.00	13.03	2317.54
	4782.81	0.00	13.03	2317.54
	4782.82	0.00	13.02	2317.55
	4782.83	0.00	13.03	2315.52
	4782.84	0.00	13.03	2316.53
	4782.85	0.00	13.02	2313.53
	4782.87	0.00	13.03	2316.53
	4782.88	0.00	13.03	2315.52
	4782.89	0.00	13.03	2317.53
	4782.90	0.00	13.01	2305.53
	4782.91	0.00	13.00	2302.54
	4782.92	0.00	13.00	2301.53
	4782.94	0.00	13.01	2306.52
	4782.95	0.00	13.01	2307.53
	4782.96	0.00	13.01	2306.53
	4782.97	0.00	13.01	2306.53
	4782.98	0.00	13.00	2301.52
	4783.00	0.00	13.01	2308.54
	4783.01	0.00	13.02	2311.52
	4783.02	0.00	13.03	2311.52
	4783.03	0.00	13.03	2312.52
	4783.04	0.00	13.02	2310.53
	4783.05	0.00	13.02	2307.52
	4783.07	0.00	13.04	2312.50
	4783.08	0.00	13.01	2310.56
	4783.09	0.00	13.01	2313.58
	4783.10	0.00	13.01	2315.59
	4783.11	0.00	13.00	2316.60
	4783.13	0.00	13.00	2316.61
	4783.14	0.00	13.01	2319.57
	4783.15	0.00	13.01	2319.58
	4783.16	0.00	13.01	2320.59
	4783.17	0.00	13.01	2320.59
	4783.18	0.00	13.01	2321.59
	4783.20	0.00	13.01	2324.60
	4783.21	0.00	13.06	2324.47
	4783.22	0.00	13.10	2322.34
	4783.23	0.00	13.09	2327.37
	4783.24	0.00	13.07	2324.39
	4783.26	0.00	13.05	2329.40
	4783.27	0.00	13.05	2332.40
	4783.28	0.00	13.05	2333.41
	4783.29	0.00	13.04	2332.41
	4783.30	0.00	13.03	2321.40
	4783.31	0.00	13.00	2321.50
	4783.33	0.00	12.99	2320.51
	4783.34	0.00	12.99	2320.53
	4783.35	0.00	13.00	2315.54
	4783.36	0.00	13.01	2318.52
	4783.37	0.00	13.00	2318.55
	4783.39	0.00	12.97	2302.55
	4783.40	0.00	12.98	2311.57
	4783.41	0.00	12.98	2314.58
	4783.42	0.00	12.98	2318.58
	4783.43	0.00	12.97	2319.59
	4783.45	0.00	12.99	2319.55
	4783.46	0.00	12.97	2313.57
	4783.47	0.00	12.98	2323.57
	4783.48	0.00	12.99	2329.58
	4783.49	0.00	12.98	2327.59
	4783.50	0.00	12.98	2328.59
	4783.52	0.00	12.98	2329.58
	4783.53	0.00	13.01	2331.54
	4783.54	0.00	13.01	2333.54
	4783.55	0.00	13.01	2335.54
	4783.56	0.00	13.01	2333.54
	4783.58	0.00	13.01	2335.54
	4783.59	0.00	13.01	2333.54
	4783.60	0.00	13.01	2329.52
	4783.61	0.00	13.01	2331.53
	4783.62	0.00	13.01	2332.53
	4783.63	0.00	13.01	2330.54
	4783.65	0.00	13.02	2332.53
	4783.66	0.00	13.02	2329.52
	4783.67	0.00	13.01	2327.52
	4783.68	0.00	13.00	2316.52
	4783.69	0.00	13.00	2318.52
	4783.71	0.00	13.00	2317.52
	4783.72	0.00	13.00	2317.52
	4783.73	0.00	13.01	2317.51
	4783.74	0.00	13.00	2317.52
	4783.75	0.00	13.00	2311.51
	4783.77	0.00	13.01	2314.51
	4783.78	0.00	13.01	2315.51
	4783.79	0.00	13.00	2309.51
	4783.80	0.00	13.02	2317.51
	4783.81	0.00	13.02	2317.49
	4783.82	0.00	13.00	2316.55
	4783.84	0.00	13.00	2317.55
	4783.85	0.00	13.00	2316.56
	4783.86	0.00	12.99	2315.57
	4783.87	0.00	13.00	2316.57
	4783.88	0.00	12.99	2317.58
	4783.89	0.00	13.00	2315.56
	4783.91	0.00	13.00	2316.56
	4783.92	0.00	13.00	2317.55
	4783.93	0.00	13.00	2317.56
	4783.94	0.00	13.00	2316.57
	4783.95	0.00	13.00	2317.56
	4783.97	0.00	13.00	2319.57
	4783.98	0.00	13.08	2317.33
	4783.99	0.00	13.08	2318.33
	4784.00	0.00	13.07	2319.35
	4784.01	0.00	13.07	2314.35
	4784.02	0.00	13.07	2310.35
	4784.04	0.00	13.07	2310.35
	4784.05	0.00	13.07	2311.35
	4784.06	0.00	13.06	2307.35
	4784.07	0.00	13.05	2298.35
	4784.08	0.00	13.02	2298.44
	4784.10	0.00	13.01	2300.48
	4784.11	0.00	13.02	2295.49
	4784.12	0.00	13.02	2294.50
	4784.13	0.00	13.03	2296.49
	4784.14	0.00	13.03	2297.50
	4784.15	0.00	12.99	2276.49
	4784.17	0.00	13.00	2287.52
	4784.18	0.00	12.99	2289.54
	4784.19	0.00	13.01	2293.54
	4784.20	0.00	13.00	2297.55
	4784.21	0.00	13.00	2298.55
	4784.23	0.00	13.01	2297.52
	4784.24	0.00	13.00	2299.55
	4784.25	0.00	13.00	2297.53
	4784.26	0.00	13.01	2306.54
	4784.27	0.00	13.01	2306.55
	4784.29	0.00	13.01	2309.55
	4784.30	0.00	13.01	2309.56
	4784.31	0.00	13.01	2308.56
	4784.32	0.00	13.02	2305.51
	4784.33	0.00	13.02	2311.50
	4784.35	0.00	13.03	2314.50
	4784.36	0.00	13.04	2315.50
	4784.37	0.00	13.04	2315.51
	4784.38	0.00	13.04	2316.50
	4784.39	0.00	13.03	2314.50
	4784.40	0.00	13.05	2317.49
	4784.42	0.00	13.04	2312.49
	4784.43	0.00	13.04	2313.49
	4784.44	0.00	13.05	2313.48
	4784.45	0.00	13.05	2315.48
	4784.46	0.00	13.06	2316.48
	4784.47	0.00	13.02	2300.48
	4784.49	0.00	13.03	2305.47
	4784.50	0.00	13.04	2306.46
	4784.51	0.00	13.05	2306.46
	4784.52	0.00	13.05	2305.46
	4784.53	0.00	13.05	2306.46
	4784.55	0.00	13.05	2307.45
	4784.56	0.00	13.05	2305.45
	4784.57	0.00	13.06	2306.45
	4784.58	0.00	13.06	2309.45
	4784.59	0.00	13.06	2307.45
	4784.60	0.00	13.07	2314.45
	4784.62	0.00	13.07	2309.45
	4784.63	0.00	13.07	2313.45
	4784.64	0.00	13.06	2309.45
	4784.65	0.00	13.05	2313.49
	4784.66	0.00	13.05	2312.50
	4784.68	0.00	13.05	2315.50
	4784.69	0.00	13.06	2312.46
	4784.70	0.00	13.05	2314.51
	4784.71	0.00	13.05	2313.52
	4784.72	0.00	13.07	2316.47
	4784.73	0.00	13.07	2319.49
	4784.75	0.00	13.05	2312.49
	4784.76	0.00	13.07	2319.49
	4784.77	0.00	13.06	2318.49
	4784.78	0.00	13.06	2321.51
	4784.79	0.00	13.08	2321.49
	4784.81	0.00	13.17	2322.23
	4784.82	0.00	13.16	2320.25
	4784.83	0.00	13.16	2313.26
	4784.84	0.00	13.16	2313.26
	4784.85	0.00	13.17	2309.20
	4784.87	0.00	13.12	2300.29
	4784.88	0.00	13.10	2301.37
	4784.89	0.00	13.10	2301.37
	4784.90	0.00	13.09	2301.38
	4784.91	0.00	13.09	2297.41
	4784.92	0.00	13.07	2296.43
	4784.94	0.00	13.04	2275.42
	4784.95	0.00	13.03	2282.46
	4784.96	0.00	13.04	2288.47
	4784.97	0.00	13.03	2283.48
	4784.98	0.00	13.04	2282.48
	4785.00	0.00	13.02	2281.49
	4785.01	0.00	13.01	2285.50
	4785.02	0.00	13.01	2288.49
	4785.03	0.00	13.01	2294.7.27
	4806.19	0.00	13.05	22200	13.06	2225.28
	4806.15	0.00	13.06	2225.27
	4806.16	0.00	13.05	2226.28
	4806.17	0.00	13.06	2227.27
	4806.19	0.00	13.05	22200	13.06	2225.28
	4806.15	0.00	13.06	2225.27
	4806.16	0.00	13.05	2226.28
	4806.17	0.00	13.06	2227.27
	4806.19	0.00	13.05	22200	13.06	2225.28
	4806.15	0.00	13.06	2225.27
	4806.16	0.00	13.05	2226.28
	4806.17	0.00	13.06	2227.27
	4806.19	0.00	13.05	2221.25
	4806.20	0.00	13.06	2222.25
	4806.21	0.00	13.05	2223.26
	4806.22	0.00	13.06	2224.26
	4806.23	0.00	13.06	2226.25
	4806.25	0.00	13.06	2224.25
	4806.26	0.00	13.03	2209.25
	4806.27	0.00	13.02	2206.26
	4806.28	0.00	13.03	2209.25
	4806.29	0.00	13.04	2210.25
	4806.31	0.00	13.04	2211.25
	4806.32	0.00	13.04	2211.25
	4806.33	0.00	13.04	2212.24
	4806.34	0.00	13.03	2207.24
	4806.35	0.00	13.04	2207.24
	4806.37	0.00	13.04	2209.24
	4806.38	0.00	13.06	2215.24
	4806.39	0.00	13.06	2217.24
	4806.40	0.00	13.07	2217.22
	4806.41	0.00	13.07	2217.23
	4806.42	0.00	13.07	2219.23
	4806.43	0.00	13.07	2218.24
	4806.45	0.00	13.06	2219.27
	4806.46	0.00	13.06	2221.28
	4806.47	0.00	13.06	2221.29
	4806.48	0.00	13.06	2221.29
	4806.50	0.00	13.07	2226.29
	4806.51	0.00	13.08	2228.26
	4806.52	0.00	13.08	2226.26
	4806.53	0.00	13.08	2228.27
	4806.54	0.00	13.07	2230.29
	4806.55	0.00	13.08	2232.28
	4806.57	0.00	13.07	2233.29
	4806.58	0.00	13.17	2231.03
	4806.59	0.00	13.16	2233.04
	4806.60	0.00	13.17	2237.05
	4806.61	0.00	13.16	2229.06
	4806.62	0.00	13.16	2227.06
	4806.64	0.00	13.16	2228.06
	4806.65	0.00	13.16	2217.00
	4806.66	0.00	13.12	2217.12
	4806.67	0.00	13.10	2214.17
	4806.68	0.00	13.10	2214.20
	4806.70	0.00	13.10	2215.20
	4806.71	0.00	13.11	2217.19
	4806.72	0.00	13.07	2194.19
	4806.73	0.00	13.08	2206.23
	4806.74	0.00	13.09	2213.24
	4806.75	0.00	13.09	2211.24
	4806.77	0.00	13.09	2213.24
	4806.78	0.00	13.08	2214.26
	4806.79	0.00	13.10	2210.21
	4806.80	0.00	13.10	2216.22
	4806.81	0.00	13.12	2223.22
	4806.83	0.00	13.11	2223.24
	4806.84	0.00	13.12	2225.23
	4806.85	0.00	13.11	2224.24
	4806.86	0.00	13.13	2226.20
	4806.87	0.00	13.13	2231.21
	4806.89	0.00	13.14	2230.20
	4806.90	0.00	13.13	2230.20
	4806.91	0.00	13.13	2232.21
	4806.92	0.00	13.13	2232.20
	4806.93	0.00	13.13	2231.19
	4806.94	0.00	13.12	2227.20
	4806.96	0.00	13.13	2233.20
	4806.97	0.00	13.12	2232.22
	4806.98	0.00	13.12	2233.21
	4806.99	0.00	13.12	2233.21
	4807.00	0.00	13.11	2233.22
	4807.02	0.00	13.11	2235.24
	4807.03	0.00	13.07	2217.23
	4807.04	0.00	13.07	2220.23
	4807.05	0.00	13.08	2222.23
	4807.06	0.00	13.07	2222.25
	4807.07	0.00	13.05	2215.25
	4807.09	0.00	13.07	2225.25
	4807.10	0.00	13.06	2222.25
	4807.11	0.00	13.05	2223.26
	4807.12	0.00	13.06	2229.26
	4807.13	0.00	13.06	2230.26
	4807.15	0.00	13.07	2231.26
	4807.16	0.00	13.07	2231.24
	4807.17	0.00	13.06	2233.27
	4807.18	0.00	13.05	2233.29
	4807.19	0.00	13.04	2233.32
	4807.20	0.00	13.04	2233.32
	4807.22	0.00	13.04	2234.34
	4807.23	0.00	13.04	2235.35
	4807.24	0.00	13.05	2235.31
	4807.25	0.00	13.06	2235.28
	4807.26	0.00	13.05	2237.33
	4807.28	0.00	13.04	2236.33
	4807.29	0.00	13.04	2235.34
	4807.30	0.00	13.04	2238.34
	4807.31	0.00	13.03	2237.35
	4807.32	0.00	13.13	2240.09
	4807.33	0.00	13.12	2239.12
	4807.35	0.00	13.10	2235.15
	4807.36	0.00	13.11	2235.14
	4807.37	0.00	13.10	2236.14
	4807.38	0.00	13.10	2235.14
	4807.39	0.00	13.10	2224.08
	4807.41	0.00	13.06	2224.21
	4807.42	0.00	13.04	2225.26
	4807.43	0.00	13.05	2220.27
	4807.44	0.00	13.04	2223.29
	4807.45	0.00	13.05	2219.26
	4807.46	0.00	13.00	2202.29
	4807.48	0.00	13.01	2202.28
	4807.49	0.00	13.01	2211.31
	4807.50	0.00	13.02	2217.33
	4807.51	0.00	13.02	2216.33
	4807.52	0.00	13.02	2222.34
	4807.54	0.00	13.02	2225.34
	4807.55	0.00	13.01	2220.32
	4807.56	0.00	13.03	2233.33
	4807.57	0.00	13.03	2231.32
	4807.58	0.00	13.04	2237.33
	4807.60	0.00	13.04	2233.34
	4807.61	0.00	13.03	2235.34
	4807.62	0.00	13.03	2235.34
	4807.63	0.00	13.05	2237.30
	4807.64	0.00	13.06	2241.30
	4807.65	0.00	13.06	2242.30
	4807.67	0.00	13.05	2241.31
	4807.68	0.00	13.05	2236.30
	4807.69	0.00	13.06	2243.30
	4807.70	0.00	13.05	2243.31
	4807.71	0.00	13.05	2239.30
	4807.73	0.00	13.06	2242.29
	4807.74	0.00	13.06	2241.29
	4807.75	0.00	13.06	2241.28
	4807.76	0.00	13.06	2241.29
	4807.77	0.00	13.07	2242.28
	4807.79	0.00	13.06	2238.28
	4807.80	0.00	13.03	2225.28
	4807.81	0.00	13.03	2226.28
	4807.82	0.00	13.05	2229.27
	4807.83	0.00	13.05	2229.27
	4807.84	0.00	13.04	2227.28
	4807.86	0.00	13.05	2227.27
	4807.87	0.00	13.04	2221.27
	4807.88	0.00	13.06	2229.26
	4807.89	0.00	13.06	2230.27
	4807.90	0.00	13.07	2231.26
	4807.91	0.00	13.07	2233.26
	4807.93	0.00	13.07	2230.27
	4807.94	0.00	13.07	2232.28
	4807.95	0.00	13.07	2231.29
	4807.96	0.00	13.06	2229.30
	4807.97	0.00	13.06	2231.31
	4807.99	0.00	13.06	2232.32
	4808.00	0.00	13.07	2232.28
	4808.01	0.00	13.07	2232.28
	4808.02	0.00	13.07	2234.29
	4808.03	0.00	13.07	2236.30
	4808.04	0.00	13.07	2234.30
	4808.06	0.00	13.06	2232.31
	4808.07	0.00	13.06	2237.32
	4808.08	0.00	13.15	2238.06
	4808.09	0.00	13.14	2239.08
	4808.10	0.00	13.14	2236.10
	4808.12	0.00	13.12	2232.12
	4808.13	0.00	13.13	2234.11
	4808.14	0.00	13.13	2236.11
	4808.15	0.00	13.13	2225.06
	4808.16	0.00	13.08	2224.18
	4808.17	0.00	13.06	2226.23
	4808.19	0.00	13.07	2219.25
	4808.20	0.00	13.06	2223.26
	4808.21	0.00	13.06	2227.27
	4808.22	0.00	13.02	2207.29
	4808.23	0.00	13.03	2216.31
	4808.25	0.00	13.03	2221.32
	4808.26	0.00	13.04	2220.30
	4808.27	0.00	13.03	2220.33
	4808.28	0.00	13.02	2225.34
	4808.29	0.00	13.01	2227.35
	4808.31	0.00	13.00	2218.32
	4808.32	0.00	13.02	2223.32
	4808.33	0.00	13.02	2231.33
	4808.34	0.00	13.03	2235.34
	4808.35	0.00	13.02	2236.35
	4808.37	0.00	13.01	2238.36
	4808.38	0.00	13.02	2237.36
	4808.39	0.00	13.02	2234.33
	4808.40	0.00	13.04	2242.32
	4808.41	0.00	13.03	2242.33
	4808.42	0.00	13.03	2241.33
	4808.44	0.00	13.03	2241.33
	4808.45	0.00	13.03	2245.34
	4808.46	0.00	13.03	2243.32
	4808.47	0.00	13.03	2239.31
	4808.48	0.00	13.03	2241.32
	4808.50	0.00	13.04	2240.31
	4808.51	0.00	13.03	2240.31
	4808.52	0.00	13.03	2240.31
	4808.53	0.00	13.03	2241.33
	4808.54	0.00	12.99	2219.31
	4808.55	0.00	13.00	2224.31
	4808.57	0.00	13.00	2222.31
	4808.58	0.00	13.00	2223.32
	4808.59	0.00	13.01	2222.30
	4808.60	0.00	13.00	2217.30
	4808.61	0.00	13.01	2223.30
	4808.62	0.00	13.02	2225.30
	4808.64	0.00	13.02	2226.30
	4808.65	0.00	13.03	2228.30
	4808.66	0.00	13.05	2228.25
	4808.67	0.00	13.02	2230.32
	4808.68	0.00	13.01	2231.35
	4808.70	0.00	13.01	2233.36
	4808.71	0.00	13.00	2230.37
	4808.72	0.00	13.01	2229.37
	4808.73	0.00	13.01	2233.37
	4808.74	0.00	13.01	2235.38
	4808.76	0.00	13.03	2234.33
	4808.77	0.00	13.02	2237.35
	4808.78	0.00	13.01	2235.36
	4808.79	0.00	13.02	2237.37
	4808.80	0.00	13.01	2236.37
	4808.81	0.00	13.01	2238.38
	4808.83	0.00	13.08	2234.15
	4808.84	0.00	13.09	2238.13
	4808.85	0.00	13.09	2241.14
	4808.86	0.00	13.08	2242.16
	4808.87	0.00	13.07	2236.18
	4808.89	0.00	13.06	2236.20
	4808.90	0.00	13.07	2238.19
	4808.91	0.00	13.05	2229.19
	4808.92	0.00	13.07	2224.13
	4808.93	0.00	13.05	2223.18
	4808.94	0.00	13.02	2226.28
	4808.96	0.00	13.01	2222.31
	4808.97	0.00	13.01	2223.32
	4808.98	0.00	13.02	2226.32
	4808.99	0.00	12.98	2205.33
	4809.00	0.00	12.98	2214.36
	4809.02	0.00	12.98	2217.36
	4809.03	0.00	12.98	2217.36
	4809.04	0.00	12.99	2218.37
	4809.05	0.00	12.99	2222.37
	4809.06	0.00	12.99	2226.38
	4809.08	0.00	12.98	2218.36
	4809.09	0.00	13.00	2230.36
	4809.10	0.00	13.00	2229.36
	4809.11	0.00	13.01	2230.36
	4809.12	0.00	13.01	2232.37
	4809.13	0.00	13.01	2235.36
	4809.15	0.00	13.01	2231.36
	4809.16	0.00	13.02	2233.32
	4809.17	0.00	13.03	2238.32
	4809.18	0.00	13.03	2237.32
	4809.19	0.00	13.04	2237.31
	4809.20	0.00	13.05	2236.27
	4809.22	0.00	13.04	2236.32
	4809.23	0.00	13.04	2236.32
	4809.24	0.00	13.04	2232.29
	4809.25	0.00	13.03	2235.31
	4809.26	0.00	13.04	2233.29
	4809.28	0.00	13.05	2235.29
	4809.29	0.00	13.04	2234.29
	4809.30	0.00	13.04	2233.30
	4809.31	0.00	13.04	2236.29
	4809.32	0.00	13.01	2217.30
	4809.33	0.00	13.01	2221.30
	4809.35	0.00	13.01	2223.31
	4809.36	0.00	13.02	2225.30
	4809.37	0.00	13.02	2224.30
	4809.38	0.00	13.01	2224.31
	4809.39	0.00	13.01	2225.32
	4809.41	0.00	12.99	2217.31
	4809.42	0.00	13.01	2229.31
	4809.43	0.00	13.02	2232.31
	4809.44	0.00	13.02	2231.31
	4809.45	0.00	13.03	2231.27
	4809.46	0.00	13.01	2230.31
	4809.48	0.00	13.01	2231.34
	4809.49	0.00	13.01	2233.36
	4809.50	0.00	13.00	2233.38
	4809.51	0.00	13.00	2235.38
	4809.52	0.00	13.00	2235.38
	4809.54	0.00	13.02	2238.34
	4809.55	0.00	13.01	2235.36
	4809.56	0.00	13.01	2236.36
	4809.57	0.00	13.02	2235.34
	4809.58	0.00	13.01	2233.37
	4809.60	0.00	13.00	2235.37
	4809.61	0.00	13.01	2238.37
	4809.62	0.00	13.09	2236.12
	4809.63	0.00	13.09	2237.14
	4809.64	0.00	13.08	2231.15
	4809.65	0.00	13.07	2228.16
	4809.67	0.00	13.07	2230.16
	4809.68	0.00	13.07	2230.16
	4809.69	0.00	13.07	2230.16
	4809.70	0.00	13.07	2217.10
	4809.71	0.00	13.02	2217.23
	4809.72	0.00	13.00	2213.27
	4809.74	0.00	13.02	2214.29
	4809.75	0.00	13.02	2218.30
	4809.76	0.00	13.02	2219.31
	4809.77	0.00	13.02	2218.30
	4809.79	0.00	12.98	2198.30
	4809.80	0.00	12.99	2208.33
	4809.81	0.00	13.00	2211.33
	4809.82	0.00	13.01	2212.34
	4809.83	0.00	13.00	2214.34
	4809.84	0.00	13.00	2219.36
	4809.86	0.00	13.00	2218.34
	4809.87	0.00	13.00	2218.34
	4809.88	0.00	13.01	2216.31
	4809.89	0.00	13.04	2225.26
	4809.90	0.00	13.02	2229.33
	4809.91	0.00	13.02	2231.34
	4809.93	0.00	13.02	2230.34
	4809.94	0.00	13.03	2229.31
	4809.95	0.00	13.04	2232.29
	4809.96	0.00	13.05	2233.29
	4809.97	0.00	13.05	2235.29
	4809.99	0.00	13.05	2234.29
	4810.00	0.00	13.06	2236.29
	4810.01	0.00	13.06	2235.29
	4810.02	0.00	13.06	2233.26
	4810.03	0.00	13.07	2232.26
	4810.04	0.00	13.07	2232.26
	4810.06	0.00	13.07	2234.26
	4810.07	0.00	13.07	2235.26
	4810.08	0.00	13.07	2235.27
	4810.09	0.00	13.08	2235.26
	4810.10	0.00	13.07	2237.26
	4810.12	0.00	13.04	2219.26
	4810.13	0.00	13.05	2219.25
	4810.14	0.00	13.05	2221.25
	4810.15	0.00	13.06	2221.24
	4810.16	0.00	13.07	2224.23
	4810.17	0.00	13.07	2220.24
	4810.19	0.00	13.07	2219.23
	4810.20	0.00	13.06	2214.23
	4810.21	0.00	13.07	2219.23
	4810.22	0.00	13.09	2223.22
	4810.23	0.00	13.08	2221.22
	4810.25	0.00	13.09	2222.21
	4810.26	0.00	13.09	2222.20
	4810.27	0.00	13.09	2223.21
	4810.28	0.00	13.07	2219.26
	4810.29	0.00	13.07	2223.27
	4810.31	0.00	13.07	2222.28
	4810.32	0.00	13.07	2226.29
	4810.33	0.00	13.08	2225.25
	4810.34	0.00	13.08	2225.26
	4810.35	0.00	13.07	2228.27
	4810.36	0.00	13.08	2229.27
	4810.38	0.00	13.08	2230.28
	4810.39	0.00	13.07	2230.29
	4810.40	0.00	13.07	2233.29
	4810.41	0.00	13.15	2231.04
	4810.42	0.00	13.15	2232.06
	4810.44	0.00	13.14	2226.08
	4810.45	0.00	13.13	2226.09
	4810.46	0.00	13.13	2227.09
	4810.47	0.00	13.12	2227.10
	4810.48	0.00	13.11	2217.09
	4810.49	0.00	13.07	2214.18
	4810.51	0.00	13.07	2216.22
	4810.52	0.00	13.06	2212.24
	4810.53	0.00	13.06	2217.26
	4810.54	0.00	13.06	2219.26
	4810.55	0.00	13.06	2217.26
	4810.57	0.00	13.01	2198.27
	4810.58	0.00	13.02	2208.31
	4810.59	0.00	13.02	2212.31
	4810.60	0.00	13.03	2215.32
	4810.61	0.00	13.02	2217.32
	4810.62	0.00	13.01	2212.30
	4810.64	0.00	13.02	2214.30
	4810.65	0.00	13.02	2216.30
	4810.66	0.00	13.04	2227.31
	4810.67	0.00	13.03	2228.34
	4810.68	0.00	13.03	2228.33
	4810.70	0.00	13.03	2230.33
	4810.71	0.00	13.04	2228.28
	4810.72	0.00	13.05	2232.28
	4810.73	0.00	13.05	2234.29
	4810.74	0.00	13.04	2236.29
	4810.75	0.00	13.05	2234.29
	4810.77	0.00	13.05	2235.29
	4810.78	0.00	13.04	2236.30
	4810.79	0.00	13.05	2233.27
	4810.80	0.00	13.05	2234.27
	4810.81	0.00	13.06	2235.27
	4810.83	0.00	13.05	2234.27
	4810.84	0.00	13.06	2235.27
	4810.85	0.00	13.03	2222.27
	4810.86	0.00	13.03	2219.27
	4810.87	0.00	13.02	2217.27
	4810.89	0.00	13.03	2219.27
	4810.90	0.00	13.04	2219.25
	4810.91	0.00	13.04	2219.26
	4810.92	0.00	13.04	2220.26
	4810.93	0.00	13.04	2219.26
	4810.94	0.00	13.03	2216.28
	4810.96	0.00	13.03	2214.26
	4810.97	0.00	13.04	2221.26
	4810.98	0.00	13.05	2222.26
	4810.99	0.00	13.05	2223.26
	4811.00	0.00	13.05	2223.26
	4811.02	0.00	13.05	2223.26
	4811.03	0.00	13.04	2225.27
	4811.04	0.00	13.03	2220.31
	4811.05	0.00	13.03	2224.32
	4811.06	0.00	13.03	2228.33
	4811.08	0.00	13.03	2228.35
	4811.09	0.00	13.04	2227.30
	4811.10	0.00	13.04	2229.30
	4811.11	0.00	13.04	2229.31
	4811.12	0.00	13.04	2231.32
	4811.13	0.00	13.05	2232.32
	4811.15	0.00	13.04	2233.33
	4811.16	0.00	13.04	2235.33
	4811.17	0.00	13.13	2232.05
	4811.18	0.00	13.12	2235.09
	4811.19	0.00	13.12	2236.09
	4811.20	0.00	13.12	2238.10
	4811.22	0.00	13.12	2238.11
	4811.23	0.00	13.09	2226.12
	4811.24	0.00	13.10	2232.13
	4811.25	0.00	13.09	2227.13
	4811.26	0.00	13.08	2217.13
	4811.28	0.00	13.05	2221.20
	4811.29	0.00	13.05	2221.21
	4811.30	0.00	13.04	2221.24
	4811.31	0.00	13.04	2218.27
	4811.32	0.00	13.04	2220.28
	4811.33	0.00	13.01	2203.26
	4811.35	0.00	13.00	2208.32
	4811.36	0.00	13.01	2213.32
	4811.37	0.00	13.01	2215.33
	4811.38	0.00	13.01	2221.34
	4811.39	0.00	13.01	2222.34
	4811.41	0.00	12.99	2216.35
	4811.42	0.00	13.00	2223.35
	4811.43	0.00	13.01	2220.32
	4811.44	0.00	13.02	2230.30
	4811.45	0.00	13.01	2233.35
	4811.46	0.00	13.01	2233.35
	4811.48	0.00	13.01	2235.36
	4811.49	0.00	13.02	2229.31
	4811.50	0.00	13.02	2233.31
	4811.51	0.00	13.03	2238.32
	4811.52	0.00	13.03	2242.32
	4811.54	0.00	13.04	2240.29
	4811.55	0.00	13.03	2242.32
	4811.56	0.00	13.03	2242.33
	4811.57	0.00	13.03	2238.30
	4811.58	0.00	13.03	2236.30
	4811.60	0.00	13.03	2235.30
	4811.61	0.00	13.03	2238.30
	4811.62	0.00	13.03	2238.30
	4811.63	0.00	13.03	2234.30
	4811.64	0.00	13.04	2237.30
	4811.65	0.00	13.00	2221.30
	4811.67	0.00	13.00	2223.31
	4811.68	0.00	13.00	2216.30
	4811.69	0.00	13.01	2223.30
	4811.70	0.00	13.01	2224.29
	4811.71	0.00	13.01	2223.30
	4811.72	0.00	13.01	2224.29
	4811.74	0.00	13.00	2219.29
	4811.75	0.00	13.02	2225.29
	4811.76	0.00	13.02	2227.29
	4811.77	0.00	13.02	2224.29
	4811.79	0.00	13.03	2230.29
	4811.80	0.00	13.03	2230.29
	4811.81	0.00	13.02	2228.30
	4811.82	0.00	13.02	2230.32
	4811.83	0.00	13.01	2228.35
	4811.84	0.00	13.00	2231.37
	4811.85	0.00	12.99	2228.37
	4811.87	0.00	13.00	2234.37
	4811.88	0.00	13.00	2232.37
	4811.89	0.00	13.02	2233.33
	4811.90	0.00	13.01	2233.34
	4811.91	0.00	13.02	2235.35
	4811.93	0.00	13.01	2233.35
	4811.94	0.00	13.01	2235.35
	4811.95	0.00	13.01	2238.36
	4811.96	0.00	13.10	2237.10
	4811.97	0.00	13.09	2233.11
	4811.98	0.00	13.10	2236.09
	4812.00	0.00	13.09	2238.13
	4812.01	0.00	13.08	2233.14
	4812.02	0.00	13.08	2232.15
	4812.03	0.00	13.08	2232.15
	4812.04	0.00	13.08	2219.09
	4812.06	0.00	13.06	2219.14
	4812.07	0.00	13.04	2219.18
	4812.08	0.00	13.03	2223.25
	4812.09	0.00	13.02	2218.28
	4812.10	0.00	13.02	2219.29
	4812.12	0.00	13.02	2220.30
	4812.13	0.00	13.02	2217.28
	4812.14	0.00	12.98	2199.29
	4812.15	0.00	12.98	2204.32
	4812.16	0.00	12.99	2213.34
	4812.17	0.00	13.00	2215.34
	4812.19	0.00	13.00	2219.35
	4812.20	0.00	12.99	2221.37
	4812.21	0.00	12.98	2212.33
	4812.22	0.00	13.00	2224.34
	4812.23	0.00	13.01	2231.35
	4812.25	0.00	13.01	2229.35
	4812.26	0.00	12.99	2229.36
	4812.27	0.00	13.00	2232.36
	4812.28	0.00	13.00	2230.36
	4812.29	0.00	13.01	2232.32
	4812.31	0.00	13.02	2238.32
	4812.32	0.00	13.02	2237.32
	4812.33	0.00	13.02	2236.32
	4812.34	0.00	13.02	2239.33
	4812.35	0.00	13.02	2239.33
	4812.36	0.00	13.02	2238.31
	4812.38	0.00	13.01	2234.32
	4812.39	0.00	13.02	2236.31
	4812.40	0.00	13.02	2236.31
	4812.41	0.00	13.01	2233.31
	4812.42	0.00	13.03	2236.29
	4812.44	0.00	12.99	2220.31
	4812.45	0.00	12.99	2220.31
	4812.46	0.00	12.99	2223.31
	4812.47	0.00	13.00	2223.31
	4812.48	0.00	13.00	2223.31
	4812.49	0.00	13.00	2224.31
	4812.51	0.00	12.99	2221.31
	4812.52	0.00	12.99	2223.32
	4812.53	0.00	13.01	2230.31
	4812.54	0.00	13.01	2227.30
	4812.55	0.00	13.01	2228.30
	4812.57	0.00	13.01	2228.31
	4812.58	0.00	13.01	2223.28
	4812.59	0.00	13.00	2228.34
	4812.60	0.00	13.00	2232.36
	4812.61	0.00	12.99	2230.37
	4812.62	0.00	12.99	2234.38
	4812.64	0.00	12.99	2233.39
	4812.65	0.00	13.01	2235.34
	4812.66	0.00	13.00	2233.35
	4812.67	0.00	13.01	2234.34
	4812.68	0.00	13.00	2235.36
	4812.70	0.00	13.01	2235.36
	4812.71	0.00	13.00	2235.37
	4812.72	0.00	13.00	2236.36
	4812.73	0.00	13.00	2236.37
	4812.74	0.00	13.00	2236.38
	4812.75	0.00	13.09	2238.11
	4812.77	0.00	13.09	2237.13
	4812.78	0.00	13.08	2235.14
	4812.79	0.00	13.07	2231.16
	4812.80	0.00	13.08	2233.15
	4812.81	0.00	13.08	2233.15
	4812.83	0.00	13.07	2232.15
	4812.84	0.00	13.07	2231.15
	4812.85	0.00	13.06	2220.13
	4812.86	0.00	13.02	2220.23
	4812.87	0.00	13.02	2220.27
	4812.89	0.00	13.02	2217.29
	4812.90	0.00	13.01	2218.29
	4812.91	0.00	12.99	2201.28
	4812.92	0.00	12.98	2199.29
	4812.93	0.00	12.98	2202.30
	4812.94	0.00	12.99	2208.32
	4812.96	0.00	12.99	2214.33
	4812.97	0.00	13.01	2213.33
	4812.98	0.00	12.99	2216.35
	4812.99	0.00	13.00	2219.34
	4813.00	0.00	13.00	2218.34
	4813.02	0.00	12.99	2209.31
	4813.03	0.00	13.01	2221.30
	4813.04	0.00	13.01	2224.33
	4813.05	0.00	13.01	2227.34
	4813.06	0.00	13.01	2229.34
	4813.07	0.00	13.00	2226.35
	4813.09	0.00	13.02	2229.30
	4813.10	0.00	13.03	2236.30
	4813.11	0.00	13.03	2235.31
	4813.12	0.00	13.03	2236.30
	4813.13	0.00	13.03	2235.30
	4813.15	0.00	13.03	2236.30
	4813.16	0.00	13.03	2234.29
	4813.17	0.00	13.03	2231.28
	4813.18	0.00	13.03	2232.28
	4813.19	0.00	13.04	2233.28
	4813.20	0.00	13.04	2232.29
	4813.22	0.00	13.04	2232.28
	4813.23	0.00	13.04	2232.28
	4813.24	0.00	13.04	2233.28
	4813.25	0.00	13.04	2234.28
	4813.26	0.00	13.01	2215.28
	4813.28	0.00	13.01	2219.28
	4813.29	0.00	13.02	2221.28
	4813.30	0.00	13.01	2219.28
	4813.31	0.00	13.02	2221.28
	4813.32	0.00	13.02	2221.28
	4813.33	0.00	13.02	2222.28
	4813.35	0.00	13.02	2214.23
	4813.36	0.00	13.02	2223.28
	4813.37	0.00	13.03	2224.27
	4813.38	0.00	13.03	2226.28
	4813.39	0.00	13.03	2227.27
	4813.41	0.00	13.03	2227.29
	4813.42	0.00	13.01	2229.33
	4813.43	0.00	13.01	2229.33
	4813.44	0.00	13.02	2230.33
	4813.45	0.00	13.01	2229.35
	4813.46	0.00	13.01	2232.36
	4813.48	0.00	13.01	2232.36
	4813.49	0.00	13.01	2230.36
	4813.50	0.00	13.02	2232.34
	4813.51	0.00	13.03	2234.32
	4813.52	0.00	13.01	2233.35
	4813.54	0.00	13.02	2232.34
	4813.55	0.00	13.02	2235.34
	4813.56	0.00	13.01	2235.35
	4813.57	0.00	13.12	2237.07
	4813.58	0.00	13.11	2236.09
	4813.60	0.00	13.10	2238.11
	4813.61	0.00	13.10	2240.12
	4813.62	0.00	13.09	2233.14
	4813.63	0.00	13.09	2233.13
	4813.64	0.00	13.10	2229.08
	4813.65	0.00	13.06	2223.16
	4813.67	0.00	13.03	2221.23
	4813.68	0.00	13.05	2217.26
	4813.69	0.00	13.04	2222.27
	4813.70	0.00	13.04	2222.27
	4813.71	0.00	13.03	2223.29
	4813.72	0.00	13.00	2202.27
	4813.74	0.00	13.00	2210.30
	4813.75	0.00	13.01	2216.32
	4813.76	0.00	13.01	2219.33
	4813.77	0.00	13.02	2223.33
	4813.79	0.00	13.01	2223.33
	4813.80	0.00	13.01	2224.33
	4813.81	0.00	13.00	2216.30
	4813.82	0.00	13.02	2224.31
	4813.83	0.00	13.02	2232.32
	4813.84	0.00	13.03	2233.33
	4813.85	0.00	13.02	2234.33
	4813.87	0.00	13.02	2232.33
	4813.88	0.00	13.02	2234.33
	4813.89	0.00	13.02	2231.30
	4813.90	0.00	13.03	2233.29
	4813.91	0.00	13.04	2238.29
	4813.93	0.00	13.04	2238.29
	4813.94	0.00	13.04	2241.29
	4813.95	0.00	13.04	2240.30
	4813.96	0.00	13.04	2235.27
	4813.97	0.00	13.05	2239.27
	4813.98	0.00	13.05	2239.27
	4814.00	0.00	13.05	2239.27
	4814.01	0.00	13.05	2237.27
	4814.02	0.00	13.05	2240.27
	4814.03	0.00	13.05	2239.27
	4814.04	0.00	13.02	2223.27
	4814.06	0.00	13.02	2223.27
	4814.07	0.00	13.03	2227.27
	4814.08	0.00	13.04	2224.24
	4814.09	0.00	13.03	2225.27
	4814.10	0.00	13.02	2224.27
	4814.12	0.00	13.02	2224.27
	4814.13	0.00	13.02	2218.25
	4814.14	0.00	13.03	2225.27
	4814.15	0.00	13.03	2227.27
	4814.16	0.00	13.03	2228.27
	4814.17	0.00	13.03	2227.27
	4814.19	0.00	13.03	2229.27
	4814.20	0.00	13.04	2230.27
	4814.21	0.00	13.03	2230.30
	4814.22	0.00	13.02	2231.33
	4814.23	0.00	13.01	2231.34
	4814.25	0.00	13.01	2232.35
	4814.26	0.00	13.00	2231.37
	4814.27	0.00	13.02	2231.31
	4814.28	0.00	13.02	2234.33
	4814.29	0.00	13.02	2234.33
	4814.31	0.00	13.02	2233.32
	4814.32	0.00	13.02	2234.34
	4814.33	0.00	13.01	2235.35
	4814.34	0.00	13.01	2235.35
	4814.35	0.00	13.10	2234.10
	4814.36	0.00	13.09	2233.10
	4814.37	0.00	13.09	2236.11
	4814.39	0.00	13.09	2238.13
	4814.40	0.00	13.08	2233.15
	4814.41	0.00	13.07	2226.14
	4814.42	0.00	13.08	2233.15
	4814.43	0.00	13.07	2220.12
	4814.45	0.00	13.07	2219.12
	4814.46	0.00	13.03	2218.22
	4814.47	0.00	13.02	2220.25
	4814.48	0.00	13.03	2217.27
	4814.49	0.00	13.03	2219.28
	4814.50	0.00	12.99	2200.27
	4814.52	0.00	12.99	2205.31
	4814.53	0.00	12.99	2208.33
	4814.54	0.00	13.00	2212.32
	4814.55	0.00	13.00	2211.33
	4814.56	0.00	13.00	2216.33
	4814.58	0.00	13.00	2217.31
	4814.59	0.00	13.01	2219.31
	4814.60	0.00	13.01	2227.33
	4814.61	0.00	13.01	2226.33
	4814.62	0.00	13.02	2228.32
	4814.64	0.00	13.01	2230.34
	4814.65	0.00	13.02	2232.29
	4814.66	0.00	13.02	2234.30
	4814.67	0.00	13.03	2235.29
	4814.68	0.00	13.03	2236.30
	4814.69	0.00	13.02	2235.31
	4814.71	0.00	13.02	2235.31
	4814.72	0.00	13.02	2230.30
	4814.73	0.00	13.02	2232.29
	4814.74	0.00	13.03	2232.29
	4814.75	0.00	13.02	2234.29
	4814.77	0.00	13.03	2234.29
	4814.78	0.00	13.03	2235.29
	4814.79	0.00	13.03	2234.29
	4814.80	0.00	12.99	2215.29
	4814.81	0.00	13.00	2218.29
	4814.83	0.00	13.00	2219.29
	4814.84	1.00	13.00	2220.29
	4814.85	1.00	13.01	2220.27
	4814.86	1.00	13.01	2222.29
	4814.87	1.00	13.00	2221.29
	4814.88	1.00	13.00	2218.29
	4814.90	1.00	12.99	2218.30
	4814.91	1.00	13.01	2224.29
	4814.92	1.00	13.01	2224.29
	4814.93	1.00	13.01	2225.29
	4814.94	1.00	13.01	2226.29
	4814.96	1.00	13.04	2228.24
	4814.97	1.00	13.00	2225.32
	4814.98	1.00	13.00	2226.34
	4814.99	1.00	12.99	2226.35
	4815.00	1.00	13.00	2229.36
	4815.02	1.00	12.99	2228.37
	4815.03	1.00	13.00	2230.37
	4815.04	1.00	13.00	2230.34
	4815.05	1.00	13.01	2231.33
	4815.06	0.00	13.01	2230.34
	4815.07	0.00	13.01	2234.35
	4815.09	0.00	13.00	2232.37
	4815.10	0.00	13.00	2236.36
	4815.11	0.00	13.08	2232.12
	4815.12	0.00	13.09	2234.11
	4815.13	0.00	13.09	2233.12
	4815.14	0.00	13.09	2236.12
	4815.16	0.00	13.07	2231.14
	4815.17	0.00	13.08	2231.14
	4815.18	0.00	13.07	2230.15
	4815.19	0.00	13.06	2217.11
	4815.20	0.00	13.03	2218.21
	4815.22	0.00	13.02	2220.26
	4815.23	0.00	13.03	2216.28
	4815.24	0.00	13.02	2217.28
	4815.25	0.00	13.02	2217.28
	4815.26	0.00	13.01	2220.30
	4815.28	0.00	12.98	2197.29
	4815.29	0.00	12.99	2210.32
	4815.30	0.00	12.99	2214.33
	4815.31	0.00	12.99	2215.35
	4815.32	0.00	12.99	2213.34
	4815.33	0.00	12.99	2217.34
	4815.35	0.00	12.99	2217.34
	4815.36	0.00	12.99	2215.33
	4815.37	0.00	12.99	2219.33
	4815.38	0.00	13.01	2227.34
	4815.39	0.00	13.01	2229.34
	4815.41	0.00	13.01	2225.31
	4815.42	0.00	13.00	2229.34
	4815.43	0.00	13.01	2225.30
	4815.44	0.00	13.02	2236.31
	4815.45	0.00	13.03	2236.31
	4815.46	0.00	13.02	2236.31
	4815.48	0.00	13.02	2236.31
	4815.49	0.00	13.04	2234.25
	4815.50	0.00	13.03	2233.28
	4815.51	0.00	13.03	2234.28
	4815.52	0.00	13.03	2236.28
	4815.54	0.00	13.02	2235.30
	4815.55	0.00	13.04	2235.28
	4815.56	0.00	13.03	2234.28
	4815.57	0.00	13.01	2221.28
	4815.58	0.00	13.00	2219.28
	4815.60	0.00	13.01	2221.27
	4815.61	0.00	13.02	2219.27
	4815.62	0.00	13.01	2219.28
	4815.63	0.00	13.02	2221.27
	4815.64	0.00	13.01	2221.28
	4815.65	0.00	13.01	2218.28
	4815.67	0.00	13.01	2219.28
	4815.68	0.00	13.03	2225.26
	4815.69	0.00	13.03	2226.27
	4815.70	0.00	13.02	2224.28
	4815.71	0.00	13.02	2227.28
	4815.72	0.00	13.02	2227.28
	4815.74	0.00	13.03	2227.29
	4815.75	0.00	13.01	2228.33
	4815.76	0.00	13.00	2224.34
	4815.77	0.00	13.01	2227.34
	4815.78	0.00	13.01	2231.35
	4815.80	0.00	13.01	2228.35
	4815.81	0.00	13.00	2228.36
	4815.82	0.00	13.01	2229.34
	4815.83	0.00	13.02	2232.32
	4815.84	0.00	13.01	2232.33
	4815.85	0.00	13.01	2231.35
	4815.87	0.00	13.00	2227.34
	4815.88	0.00	13.01	2234.35
	4815.89	0.00	13.09	2229.11
	4815.90	0.00	13.10	2232.09
	4815.91	0.00	13.09	2236.10
	4815.93	0.00	13.09	2237.12
	4815.94	0.00	13.08	2230.13
	4815.95	0.00	13.08	2231.12
	4815.96	0.00	13.08	2231.14
	4815.97	0.00	13.06	2216.11
	4815.99	0.00	13.02	2215.21
	4816.00	0.00	13.03	2220.21
	4816.01	0.00	13.03	2219.22
	4816.02	0.00	13.02	2216.26
	4816.03	0.00	13.03	2217.27
	4816.04	0.00	13.02	2219.28
	4816.06	0.00	12.98	2198.28
	4816.07	0.00	12.98	2206.31
	4816.08	0.00	12.99	2208.31
	4816.09	0.00	12.99	2209.32
	4816.10	0.00	13.00	2213.33
	4816.12	0.00	13.00	2214.33
	4816.13	0.00	13.00	2217.33
	4816.14	0.00	12.99	2212.31
	4816.15	0.00	12.99	2212.31
	4816.16	0.00	13.00	2218.31
	4816.17	0.00	13.01	2223.30
	4816.19	0.00	13.01	2223.32
	4816.20	0.00	13.01	2228.33
	4816.21	0.00	13.01	2228.33
	4816.22	0.00	13.02	2227.29
	4816.23	0.00	13.03	2233.29
	4816.25	0.00	13.03	2235.29
	4816.26	0.00	13.04	2233.29
	4816.27	0.00	13.03	2234.31
	4816.28	0.00	13.03	2235.30
	4816.29	0.00	13.04	2237.30
	4816.31	0.00	13.03	2228.27
	4816.32	0.00	13.03	2232.28
	4816.33	0.00	13.04	2235.27
	4816.34	0.00	13.04	2233.27
	4816.35	0.00	13.04	2231.27
	4816.36	0.00	13.04	2232.27
	4816.38	0.00	13.04	2232.27
	4816.39	0.00	13.00	2214.27
	4816.40	0.00	13.00	2217.29
	4816.41	0.00	13.01	2220.27
	4816.42	0.00	13.02	2217.27
	4816.44	0.00	13.02	2219.27
	4816.45	0.00	13.02	2218.28
	4816.46	0.00	13.00	2205.27
	4816.47	0.00	13.02	2221.27
	4816.48	0.00	13.02	2220.27
	4816.50	0.00	13.01	2224.29
	4816.51	0.00	13.03	2225.27
	4816.52	0.00	13.04	2224.24
	4816.53	0.00	13.01	2222.30
	4816.54	0.00	13.00	2224.34
	4816.55	0.00	13.00	2224.34
	4816.57	0.00	13.00	2225.34
	4816.58	0.00	13.00	2227.35
	4816.59	0.00	13.00	2225.36
	4816.60	0.00	13.00	2226.35
	4816.61	0.00	13.01	2227.32
	4816.62	0.00	13.01	2226.33
	4816.64	0.00	13.01	2226.34
	4816.65	0.00	13.01	2228.34
	4816.66	0.00	13.01	2230.34
	4816.67	0.00	13.01	2232.34
	4816.68	0.00	13.06	2225.18
	4816.70	0.00	13.10	2230.08
	4816.71	0.00	13.09	2230.10
	4816.72	0.00	13.08	2226.12
	4816.73	0.00	13.09	2227.12
	4816.74	0.00	13.09	2230.12
	4816.75	0.00	13.08	2228.13
	4816.77	0.00	13.10	2216.03
	4816.78	0.00	13.05	2218.16
	4816.79	0.00	13.03	2220.22
	4816.80	0.00	13.04	2214.25
	4816.81	0.00	13.05	2219.22
	4816.83	0.00	13.04	2221.25
	4816.84	0.00	12.99	2203.28
	4816.85	0.00	13.00	2206.28
	4816.86	0.00	13.00	2209.30
	4816.87	0.00	13.01	2217.31
	4816.88	0.00	13.02	2217.31
	4816.90	0.00	13.01	2221.32
	4816.91	0.00	13.00	2223.34
	4816.92	0.00	13.01	2222.30
	4816.93	0.00	13.02	2230.31
	4816.94	0.00	13.02	2232.31
	4816.96	0.00	13.02	2234.33
	4816.97	0.00	13.02	2234.32
	4816.98	0.00	13.03	2235.32
	4816.99	0.00	13.03	2238.32
	4817.00	0.00	13.04	2240.28
	4817.02	0.00	13.05	2244.28
	4817.03	0.00	13.05	2243.28
	4817.04	0.00	13.05	2245.30
	4817.05	0.00	13.06	2247.28
	4817.06	0.00	13.05	2246.28
	4817.08	0.00	13.05	2242.26
	4817.09	0.00	13.05	2240.27
	4817.10	0.00	13.05	2242.26
	4817.11	0.00	13.06	2240.25
	4817.12	0.00	13.06	2242.25
	4817.13	0.00	13.07	2239.24
	4817.14	0.00	13.06	2239.25
	4817.16	0.00	13.02	2222.25
	4817.17	0.00	13.03	2225.25
	4817.18	0.00	13.02	2225.27
	4817.19	0.00	13.03	2226.25
	4817.20	0.00	13.03	2226.25
	4817.22	0.00	13.03	2224.25
	4817.23	0.00	13.03	2225.27
	4817.24	0.00	13.02	2218.25
	4817.25	0.00	13.04	2225.25
	4817.26	0.00	13.05	2227.25
	4817.27	0.00	13.04	2228.26
	4817.29	0.00	13.04	2224.25
	4817.30	0.00	13.04	2227.26
	4817.31	0.00	13.03	2227.29
	4817.32	0.00	13.03	2228.31
	4817.33	0.00	13.03	2229.31
	4817.35	0.00	13.03	2229.32
	4817.36	0.00	13.04	2231.29
	4817.37	0.00	13.05	2232.28
	4817.38	0.00	13.04	2230.29
	4817.39	0.00	13.04	2233.30
	4817.41	0.00	13.03	2237.32
	4817.42	0.00	13.03	2232.31
	4817.43	0.00	13.03	2234.32
	4817.44	0.00	13.03	2233.32
	4817.45	0.00	13.12	2238.06
	4817.46	0.00	13.12	2242.08
	4817.48	0.00	13.11	2230.10
	4817.49	0.00	13.11	2231.10
	4817.50	0.00	13.12	2232.05
	4817.51	0.00	13.09	2220.10
	4817.52	0.00	13.06	2219.15
	4817.54	0.00	13.05	2221.19
	4817.55	0.00	13.05	2215.23
	4817.56	0.00	13.05	2213.24
	4817.57	0.00	13.05	2220.24
	4817.58	0.00	13.02	2198.23
	4817.60	0.00	13.02	2208.27
	4817.61	0.00	13.02	2213.28
	4817.62	0.00	13.03	2215.28
	4817.63	0.00	13.04	2215.28
	4817.64	0.00	13.04	2218.29
	4817.65	0.00	13.03	2218.29
	4817.67	0.00	13.03	2216.27
	4817.68	0.00	13.05	2226.27
	4817.69	0.00	13.05	2230.29
	4817.70	0.00	13.04	2229.30
	4817.71	0.00	13.04	2230.30
	4817.73	0.00	13.05	2225.25
	4817.74	0.00	13.05	2228.25
	4817.75	0.00	13.06	2234.26
	4817.76	0.00	13.05	2230.26
	4817.77	0.00	13.05	2235.28
	4817.78	0.00	13.06	2239.27
	4817.80	0.00	13.05	2238.27
	4817.81	0.00	13.05	2232.24
	4817.82	0.00	13.05	2231.26
	4817.83	0.00	13.05	2232.25
	4817.84	0.00	13.06	2233.25
	4817.86	0.00	13.06	2234.25
	4817.87	0.00	13.06	2233.25
	4817.88	0.00	13.06	2234.25
	4817.89	0.00	13.02	2217.25
	4817.90	0.00	13.03	2217.24
	4817.91	0.00	13.03	2219.25
	4817.93	0.00	13.03	2220.25
	4817.94	0.00	13.03	2213.25
	4817.95	0.00	13.03	2219.23
	4817.96	0.00	13.02	2215.25
	4817.97	0.00	13.03	2219.25
	4817.99	0.00	13.04	2221.25
	4818.00	0.00	13.04	2222.25
	4818.01	0.00	13.04	2224.25
	4818.02	0.00	13.04	2222.25
	4818.03	0.00	13.04	2220.25
	4818.04	0.00	13.03	2223.27
	4818.06	0.00	13.02	2223.30
	4818.07	0.00	13.02	2225.31
	4818.08	0.00	13.02	2225.32
	4818.09	0.00	13.02	2227.32
	4818.10	0.00	13.02	2229.33
	4818.12	0.00	13.01	2226.34
	4818.13	0.00	13.03	2228.30
	4818.14	0.00	13.03	2228.31
	4818.15	0.00	13.02	2228.32
	4818.16	0.00	13.02	2229.32
	4818.18	0.00	13.02	2228.33
	4818.19	0.00	13.02	2230.32
	4818.20	0.00	13.02	2232.32
	4818.21	0.00	13.12	2232.06
	4818.22	0.00	13.11	2231.09
	4818.23	0.00	13.10	2226.10
	4818.25	0.00	13.09	2225.11
	4818.26	0.00	13.10	2228.11
	4818.27	0.00	13.10	2220.06
	4818.28	0.00	13.09	2212.05
	4818.29	0.00	13.07	2213.11
	4818.31	0.00	13.04	2215.19
	4818.32	0.00	13.04	2211.22
	4818.33	0.00	13.04	2211.24
	4818.34	0.00	13.04	2213.25
	4818.35	0.00	13.00	2192.25
	4818.37	0.00	13.01	2200.27
	4818.38	0.00	13.01	2206.29
	4818.39	0.00	13.01	2206.29
	4818.40	0.00	13.01	2205.30
	4818.41	0.00	13.02	2208.30
	4818.42	0.00	13.01	2212.31
	4818.44	0.00	13.00	2204.28
	4818.45	0.00	13.01	2214.30
	4818.46	0.00	13.02	2217.30
	4818.47	0.00	13.01	2216.31
	4818.48	0.00	13.01	2218.31
	4818.50	0.00	13.00	2217.33
	4818.51	0.00	13.01	2217.32
	4818.52	0.00	13.02	2218.28
	4818.53	0.00	13.03	2222.28
	4818.54	0.00	13.01	2219.30
	4818.55	0.00	13.02	2218.28
	4818.57	0.00	13.01	2217.29
	4818.58	0.00	13.01	2216.29
	4818.59	0.00	13.00	2208.28
	4818.60	0.00	13.00	2211.27
	4818.61	0.00	12.99	2206.28
	4818.62	0.00	12.99	2203.28
	4818.64	0.00	12.97	2196.28
	4818.65	0.00	12.93	2174.28
	4818.66	0.00	12.92	2173.29
	4818.67	0.00	12.92	2173.29
	4818.68	0.00	12.91	2173.30
	4818.70	0.00	12.91	2171.29
	4818.71	0.00	12.90	2173.31
	4818.72	0.00	12.90	2174.31
	4818.73	0.00	12.89	2168.32
	4818.74	0.00	12.90	2175.33
	4818.75	0.00	12.91	2182.33
	4818.77	0.00	12.90	2181.34
	4818.78	0.00	12.91	2182.34
	4818.79	0.00	12.89	2182.36
	4818.80	0.00	12.91	2185.32
	4818.81	0.00	12.88	2183.40
	4818.83	0.00	12.87	2188.43
	4818.84	0.00	12.86	2189.47
	4818.85	0.00	12.85	2194.49
	4818.86	0.00	12.85	2199.49
	4818.87	0.00	12.84	2202.51
	4818.89	0.00	12.82	2208.54
	4818.90	0.00	12.83	2216.52
	4818.91	0.00	12.80	2224.58
	4818.92	0.00	12.77	2240.61
	4818.93	0.00	12.74	2250.67
	4818.94	0.00	12.69	2273.68
	4818.96	0.00	12.59	2311.73
	4818.97	0.00	12.62	2338.51
	4818.98	0.00	12.51	2380.56
	4818.99	0.00	12.40	2411.59
	4819.00	0.00	12.35	2428.62
	4819.02	0.00	12.26	2438.80
	4819.03	0.00	12.23	2450.84
	4819.04	0.00	12.25	2457.86
	4819.05	0.00	12.25	2464.87
	4819.06	0.00	12.28	2465.81
	4819.08	0.00	12.26	2451.81
	4819.09	0.00	12.29	2458.81
	4819.10	0.00	12.30	2453.82
	4819.11	0.00	12.33	2450.79
	4819.12	0.00	12.39	2459.76
	4819.13	0.00	12.42	2452.76
	4819.15	0.00	12.43	2445.76
	4819.16	0.00	12.47	2448.77
	4819.17	0.00	12.50	2451.76
	4819.18	0.00	12.54	2447.75
	4819.19	0.00	12.65	2423.74
	4819.21	0.00	12.75	2410.73
	4819.22	0.00	12.90	2380.65
	4819.23	0.00	12.96	2378.63
	4819.24	0.00	13.01	2373.61
	4819.25	0.00	13.05	2376.59
	4819.27	0.00	13.08	2379.57
	4819.28	0.00	13.11	2388.54
	4819.29	0.00	13.12	2385.51
	4819.30	0.00	13.19	2394.47
	4819.31	0.00	13.34	2422.41
	4819.32	0.00	13.41	2424.35
	4819.34	0.00	13.55	2439.27
	4819.35	0.00	13.66	2449.13
	4819.36	0.00	13.75	2461.04
	4819.37	0.00	13.82	2462.97
	4819.38	0.00	13.89	2476.87
	4819.39	0.00	14.04	2508.84
	4819.41	0.00	14.10	2529.81
	4819.42	0.00	14.17	2532.72
	4819.43	0.00	14.21	2535.71
	4819.44	0.00	14.25	2533.66
	4819.45	0.00	14.26	2501.56
	4819.47	0.00	14.27	2491.50
	4819.48	0.00	14.25	2463.43
	4819.49	0.00	14.12	2387.39
	4819.50	0.00	14.02	2331.36
	4819.51	0.00	13.87	2277.39
	4819.52	0.00	13.61	2215.52
	4819.54	0.00	13.41	2190.64
	4819.55	0.00	13.42	2168.51
	4819.56	0.00	13.39	2165.53
	4819.57	0.00	13.40	2175.54
	4819.58	0.00	13.43	2195.55
	4819.60	0.00	13.44	2201.55
	4819.61	0.00	13.44	2194.55
	4819.62	0.00	13.43	2191.55
	4819.63	0.00	13.43	2191.55
	4819.64	0.00	13.44	2189.54
	4819.65	0.00	13.44	2191.53
	4819.67	0.00	13.45	2194.53
	4819.68	0.00	13.45	2185.48
	4819.69	0.00	13.44	2183.52
	4819.70	0.00	13.43	2186.56
	4819.71	0.00	13.42	2191.60
	4819.73	0.00	13.42	2192.62
	4819.74	0.00	13.43	2198.62
	4819.75	0.00	13.44	2202.61
	4819.76	0.00	13.45	2198.62
	4819.77	0.00	13.45	2203.63
	4819.79	0.00	13.45	2206.63
	4819.80	0.00	13.43	2192.62
	4819.81	0.00	13.41	2189.64
	4819.82	0.00	13.42	2199.66
	4819.83	0.00	13.43	2203.66
	4819.84	0.00	13.44	2202.64
	4819.86	0.00	13.43	2202.66
	4819.87	0.00	13.43	2204.66
	4819.88	0.00	13.44	2205.66
	4819.89	0.00	13.45	2210.65
	4819.90	0.00	13.44	2212.66
	4819.91	0.00	13.44	2213.64
	4819.93	0.00	13.46	2225.65
	4819.94	0.00	13.46	2229.65
	4819.95	0.00	13.43	2236.71
	4819.96	0.00	13.38	2234.87
	4819.97	0.00	13.21	2256.11
	4819.98	0.00	12.81	2358.40
	4820.00	0.00	12.58	2434.57
	4820.01	0.00	12.48	2494.72
	4820.02	0.00	12.51	2513.73
	4820.03	0.00	12.55	2522.73
	4820.04	0.00	12.54	2520.74
	4820.06	0.00	12.55	2550.77
	4820.07	0.00	12.56	2576.70
	4820.08	0.00	12.57	2594.70
	4820.09	0.00	12.58	2606.71
	4820.10	0.00	12.60	2615.72
	4820.12	0.00	12.61	2614.74
	4820.13	0.00	12.64	2611.73
	4820.14	0.00	12.70	2606.71
	4820.15	0.00	12.75	2594.67
	4820.16	0.00	12.80	2587.65
	4820.17	0.00	12.86	2578.61
	4820.19	0.00	12.91	2569.59
	4820.20	0.00	12.97	2557.57
	4820.21	0.00	12.96	2564.56
	4820.22	0.00	12.96	2569.57
	4820.23	0.00	12.96	2558.58
	4820.25	0.00	13.01	2551.57
	4820.26	0.00	13.05	2536.57
	4820.27	0.00	13.12	2517.54
	4820.28	0.00	13.11	2511.55
	4820.29	0.00	13.11	2514.56
	4820.31	0.00	13.11	2513.57
	4820.32	0.00	13.14	2506.48
	4820.33	0.00	13.12	2501.50
	4820.34	0.00	13.14	2500.50
	4820.35	0.00	13.18	2481.51
	4820.37	0.00	13.18	2471.55
	4820.38	0.00	13.19	2459.60
	4820.39	0.00	13.24	2462.59
	4820.40	0.00	13.30	2469.57
	4820.41	0.00	13.32	2475.49
	4820.42	0.00	13.37	2482.44
	4820.43	0.00	13.42	2484.37
	4820.45	0.00	13.49	2473.27
	4820.46	0.00	13.56	2464.15
	4820.47	0.00	13.71	2490.03
	4820.48	0.00	13.75	2491.04
	4820.50	0.00	13.79	2493.00
	4820.51	0.00	13.84	2492.93
	4820.52	0.00	13.89	2487.86
	4820.53	0.00	14.02	2496.76
	4820.54	0.00	14.07	2496.68
	4820.55	0.00	14.12	2489.61
	4820.57	0.00	14.14	2488.58
	4820.58	0.00	14.18	2468.43
	4820.59	0.00	14.18	2454.39
	4820.60	0.00	14.11	2412.40
	4820.61	0.00	13.83	2324.50
	4820.62	0.00	13.59	2242.56
	4820.64	0.00	13.48	2206.64
	4820.65	0.00	13.42	2183.65
	4820.66	0.00	13.41	2186.66
	4820.67	0.00	13.43	2201.65
	4820.68	0.00	13.44	2206.64
	4820.70	0.00	13.48	2227.63
	4820.71	0.00	13.49	2228.63
	4820.72	0.00	13.48	2221.62
	4820.73	0.00	13.48	2218.61
	4820.74	0.00	13.48	2215.60
	4820.75	0.00	13.46	2197.59
	4820.77	0.00	13.44	2190.59
	4820.78	0.00	13.47	2203.58
	4820.79	0.00	13.48	2201.58
	4820.80	0.00	13.49	2204.58
	4820.81	0.00	13.49	2208.58
	4820.83	0.00	13.49	2209.58
	4820.84	0.00	13.49	2208.58
	4820.85	0.00	13.47	2202.59
	4820.86	0.00	13.49	2213.57
	4820.87	0.00	13.49	2218.58
	4820.88	0.00	13.49	2219.58
	4820.90	0.00	13.49	2220.59
	4820.91	0.00	13.50	2219.57
	4820.92	0.00	13.50	2220.57
	4820.93	0.00	13.50	2222.56
	4820.94	0.00	13.49	2222.58
	4820.96	0.00	13.48	2226.62
	4820.97	0.00	13.47	2226.62
	4820.98	0.00	13.47	2227.62
	4820.99	0.00	13.48	2222.61
	4821.00	0.00	13.49	2224.59
	4821.01	0.00	13.48	2222.61
	4821.03	0.00	13.49	2225.58
	4821.04	0.00	13.46	2216.59
	4821.05	0.00	13.45	2230.68
	4821.06	0.00	13.30	2251.89
	4821.07	0.00	13.00	2319.10
	4821.08	0.00	12.73	2383.33
	4821.10	0.00	12.46	2467.47
	4821.11	0.00	12.36	2508.59
	4821.12	0.00	12.27	2547.65
	4821.13	0.00	12.30	2571.70
	4821.14	0.00	12.30	2610.74
	4821.16	0.00	12.29	2658.80
	4821.17	0.00	12.24	2673.83
	4821.18	0.00	12.22	2680.86
	4821.19	0.00	12.20	2672.87
	4821.20	0.00	12.23	2679.87
	4821.21	0.00	12.27	2673.82
	4821.23	0.00	12.37	2656.80
	4821.24	0.00	12.42	2646.79
	4821.25	0.00	12.48	2626.76
	4821.26	0.00	12.55	2613.71
	4821.27	0.00	12.61	2592.70
	4821.29	0.00	12.68	2563.68
	4821.30	0.00	12.72	2550.66
	4821.31	0.00	12.71	2545.62
	4821.32	0.00	12.75	2533.63
	4821.33	0.00	12.78	2519.63
	4821.35	0.00	12.81	2512.62
	4821.36	0.00	12.81	2501.57
	4821.37	0.00	12.85	2510.55
	4821.38	0.00	12.85	2496.54
	4821.39	0.00	12.88	2494.50
	4821.40	0.00	12.89	2490.50
	4821.42	0.00	12.89	2481.49
	4821.43	0.00	12.90	2481.50
	4821.44	0.00	12.91	2478.48
	4821.45	0.00	12.95	2488.48
	4821.46	0.00	13.02	2492.47
	4821.48	0.00	13.13	2482.46
	4821.49	0.00	13.23	2473.44
	4821.50	0.00	13.33	2477.41
	4821.51	0.00	13.39	2471.41
	4821.52	0.00	13.45	2479.37
	4821.54	0.00	13.48	2482.31
	4821.55	0.00	13.56	2482.22
	4821.56	0.00	13.64	2470.01
	4821.57	0.00	13.69	2472.94
	4821.58	0.00	13.81	2485.86
	4821.60	0.00	13.94	2520.79
	4821.61	0.00	14.00	2511.69
	4821.62	0.00	14.10	2510.48
	4821.63	0.00	14.13	2507.44
	4821.64	0.00	14.16	2502.40
	4821.65	0.00	14.18	2480.34
	4821.66	0.00	14.21	2463.25
	4821.68	0.00	14.20	2434.22
	4821.69	0.00	14.14	2405.21
	4821.70	0.00	13.98	2329.17
	4821.71	0.00	13.69	2243.31
	4821.72	0.00	13.54	2209.48
	4821.74	0.00	13.43	2178.58
	4821.75	0.00	13.36	2162.65
	4821.76	0.00	13.31	2152.69
	4821.77	0.00	13.33	2171.68
	4821.78	0.00	13.34	2178.68
	4821.79	0.00	13.40	2199.65
	4821.81	0.00	13.36	2177.65
	4821.82	0.00	13.38	2188.66
	4821.83	0.00	13.40	2190.63
	4821.84	0.00	13.38	2183.66
	4821.85	0.00	13.40	2191.66
	4821.87	0.00	13.40	2194.66
	4821.88	0.00	13.40	2197.68
	4821.89	0.00	13.42	2200.67
	4821.90	0.00	13.41	2197.65
	4821.91	0.00	13.43	2210.67
	4821.92	0.00	13.44	2215.67
	4821.94	0.00	13.44	2216.68
	4821.95	0.00	13.43	2218.68
	4821.96	0.00	13.43	2222.68
	4821.97	0.00	13.43	2224.69
	4821.98	0.00	13.44	2228.68
	4822.00	0.00	13.45	2223.63
	4822.01	0.00	13.46	2230.64
	4822.02	0.00	13.46	2236.64
	4822.03	0.00	13.46	2240.65
	4822.04	0.00	13.46	2239.66
	4822.06	0.00	13.46	2242.66
	4822.07	0.00	13.46	2244.68
	4822.08	0.00	13.47	2246.65
	4822.09	0.00	13.47	2241.63
	4822.10	0.00	13.50	2240.55
	4822.11	0.00	13.50	2243.57
	4822.13	0.00	13.51	2243.55
	4822.14	0.00	13.51	2242.55
	4822.15	0.00	13.50	2241.55
	4822.16	0.00	13.50	2240.55
	4822.17	0.00	13.50	2239.54
	4822.18	0.00	13.49	2235.54
	4822.20	0.00	13.43	2242.68
	4822.21	0.00	13.24	2272.91
	4822.22	0.00	12.90	2362.16
	4822.23	0.00	12.43	2493.38
	4822.24	0.00	12.21	2565.50
	4822.26	0.00	12.13	2595.59
	4822.27	0.00	12.13	2611.63
	4822.28	0.00	12.26	2619.63
	4822.29	0.00	12.28	2639.65
	4822.30	0.00	12.24	2647.68
	4822.31	0.00	12.21	2662.78
	4822.33	0.00	12.21	2676.81
	4822.34	0.00	12.23	2683.82
	4822.35	0.00	12.26	2691.83
	4822.36	0.00	12.30	2692.80
	4822.37	0.00	12.35	2675.78
	4822.39	0.00	12.40	2660.75
	4822.40	0.00	12.46	2639.73
	4822.41	0.00	12.56	2617.60
	4822.42	0.00	12.64	2602.58
	4822.43	0.00	12.71	2571.55
	4822.45	0.00	12.80	2555.52
	4822.46	0.00	12.82	2526.60
	4822.47	0.00	12.92	2499.57
	4822.48	0.00	12.92	2515.56
	4822.49	0.00	13.00	2498.52
	4822.50	0.00	13.14	2463.44
	4822.52	0.00	13.24	2472.41
	4822.53	0.00	13.28	2470.37
	4822.54	0.00	13.33	2469.32
	4822.55	0.00	13.39	2468.23
	4822.56	0.00	13.44	2450.19
	4822.58	0.00	13.48	2456.09
	4822.59	0.00	13.52	2459.02
	4822.60	0.00	13.54	2457.98
	4822.61	0.00	13.55	2455.94
	4822.62	0.00	13.59	2461.90
	4822.63	0.00	13.72	2485.86
	4822.65	0.00	13.73	2484.84
	4822.66	0.00	13.76	2488.79
	4822.67	0.00	13.80	2497.78
	4822.68	0.00	13.85	2506.74
	4822.69	0.00	13.87	2504.71
	4822.71	0.00	13.90	2506.68
	4822.72	0.00	13.94	2507.62
	4822.73	0.00	13.95	2493.59
	4822.74	0.00	13.98	2494.56
	4822.75	0.00	13.99	2488.55
	4822.77	0.00	14.03	2490.49
	4822.78	0.00	14.06	2492.44
	4822.79	0.00	14.07	2494.45
	4822.80	0.00	14.09	2496.47
	4822.81	0.00	14.11	2493.43
	4822.82	0.00	14.12	2488.41
	4822.84	0.00	14.11	2471.38
	4822.85	0.00	14.12	2472.34
	4822.86	0.00	14.10	2449.32
	4822.87	0.00	14.04	2412.31
	4822.88	0.00	13.93	2358.30
	4822.89	0.00	13.72	2285.36
	4822.91	0.00	13.62	2243.39
	4822.92	0.00	13.48	2207.54
	4822.93	0.00	13.39	2179.60
	4822.94	0.00	13.35	2166.63
	4822.95	0.00	13.31	2157.68
	4822.97	0.00	13.31	2164.70
	4822.98	0.00	13.31	2171.72
	4822.99	0.00	13.36	2197.72
	4823.00	0.00	13.38	2203.71
	4823.01	0.00	13.38	2205.70
	4823.02	0.00	13.38	2206.71
	4823.04	0.00	13.39	2196.64
	4823.05	0.00	13.48	2202.44
	4823.06	0.00	13.48	2201.45
	4823.07	0.00	13.48	2202.45
	4823.08	0.00	13.48	2201.45
	4823.10	0.00	13.48	2200.46
	4823.11	0.00	13.46	2193.47
	4823.12	0.00	13.47	2198.47
	4823.13	0.00	13.47	2201.48
	4823.14	0.00	13.46	2188.46
	4823.15	0.00	13.42	2190.55
	4823.17	0.00	13.41	2192.59
	4823.18	0.00	13.41	2195.59
	4823.19	0.00	13.42	2197.59
	4823.20	0.00	13.41	2203.61
	4823.21	0.00	13.42	2197.62
	4823.23	0.00	13.42	2204.63
	4823.24	0.00	13.42	2208.63
	4823.25	0.00	13.44	2223.62
	4823.26	0.00	13.41	2204.62
	4823.27	0.00	13.41	2210.63
	4823.28	0.00	13.42	2214.64
	4823.30	0.00	13.43	2217.65
	4823.31	0.00	13.42	2220.66
	4823.32	0.00	13.42	2222.65
	4823.33	0.00	13.42	2226.65
	4823.34	0.00	13.44	2231.61
	4823.35	0.00	13.44	2233.61
	4823.37	0.00	13.44	2232.62
	4823.38	0.00	13.44	2232.62
	4823.39	0.00	13.42	2238.66
	4823.40	0.00	13.32	2240.83
	4823.41	0.00	13.07	2295.05
	4823.43	0.00	12.76	2383.29
	4823.44	0.00	12.30	2517.50
	4823.45	0.00	12.12	2587.62
	4823.46	0.00	12.07	2609.68
	4823.47	0.00	12.20	2608.70
	4823.48	0.00	12.30	2643.63
	4823.50	0.00	12.33	2653.63
	4823.51	0.00	12.31	2653.66
	4823.52	0.00	12.31	2665.69
	4823.53	0.00	12.29	2671.72
	4823.54	0.00	12.30	2679.75
	4823.56	0.00	12.31	2678.77
	4823.57	0.00	12.33	2669.76
	4823.58	0.00	12.38	2664.75
	4823.59	0.00	12.43	2651.72
	4823.60	0.00	12.51	2644.69
	4823.62	0.00	12.57	2629.68
	4823.63	0.00	12.62	2611.68
	4823.64	0.00	12.68	2593.65
	4823.65	0.00	12.73	2578.60
	4823.66	0.00	12.78	2568.60
	4823.67	0.00	12.82	2553.59
	4823.69	0.00	12.85	2551.59
	4823.70	0.00	13.00	2516.47
	4823.71	0.00	13.03	2515.46
	4823.72	0.00	13.06	2508.44
	4823.73	0.00	13.05	2522.43
	4823.75	0.00	13.05	2527.43
	4823.76	0.00	13.02	2526.53
	4823.77	0.00	13.06	2530.54
	4823.78	0.00	13.10	2532.53
	4823.79	0.00	13.14	2529.48
	4823.81	0.00	13.17	2525.50
	4823.82	0.00	13.24	2523.48
	4823.83	0.00	13.28	2521.47
	4823.84	0.00	13.34	2514.46
	4823.85	0.00	13.38	2517.44
	4823.87	0.00	13.41	2517.43
	4823.88	0.00	13.44	2516.42
	4823.89	0.00	13.47	2516.41
	4823.90	0.00	13.50	2523.41
	4823.91	0.00	13.52	2526.37
	4823.92	0.00	13.56	2528.33
	4823.94	0.00	13.60	2530.28
	4823.95	0.00	13.65	2528.17
	4823.96	0.00	13.71	2523.06
	4823.97	0.00	13.74	2515.00
	4823.98	0.00	13.76	2507.95
	4824.00	0.00	13.75	2492.89
	4824.01	0.00	13.77	2480.85
	4824.02	0.00	13.78	2469.80
	4824.03	0.00	13.79	2453.71
	4824.04	0.00	13.75	2415.69
	4824.06	0.00	13.70	2339.65
	4824.07	0.00	13.72	2319.54
	4824.08	0.00	13.73	2294.46
	4824.09	0.00	13.72	2263.38
	4824.10	0.00	13.64	2227.40
	4824.11	0.00	13.53	2183.44
	4824.13	0.00	13.39	2140.56
	4824.14	0.00	13.29	2112.62
	4824.15	0.00	13.25	2100.59
	4824.16	0.00	13.24	2121.66
	4824.17	0.00	13.26	2146.66
	4824.18	0.00	13.28	2152.64
	4824.20	0.00	13.31	2174.68
	4824.21	0.00	13.33	2183.69
	4824.22	0.00	13.33	2185.69
	4824.23	0.00	13.34	2183.69
	4824.24	0.00	13.34	2185.69
	4824.26	0.00	13.34	2185.69
	4824.27	0.00	13.34	2181.69
	4824.28	0.00	13.35	2182.68
	4824.29	0.00	13.35	2182.65
	4824.30	0.00	13.36	2186.65
	4824.31	0.00	13.36	2187.65
	4824.33	0.00	13.37	2190.64
	4824.34	0.00	13.37	2193.65
	4824.35	0.00	13.36	2197.66
	4824.36	0.00	13.37	2202.67
	4824.37	0.00	13.36	2204.68
	4824.38	0.00	13.46	2208.44
	4824.40	0.00	13.47	2216.44
	4824.41	0.00	13.47	2218.44
	4824.42	0.00	13.46	2217.47
	4824.43	0.00	13.41	2216.58
	4824.44	0.00	13.42	2217.58
	4824.46	0.00	13.42	2217.57
	4824.47	0.00	13.44	2209.48
	4824.48	0.00	13.40	2207.58
	4824.49	0.00	13.38	2205.62
	4824.50	0.00	13.38	2206.64
	4824.52	0.00	13.38	2202.63
	4824.53	0.00	13.38	2203.63
	4824.54	0.00	13.39	2210.62
	4824.55	0.00	13.40	2213.58
	4824.56	0.00	13.41	2217.57
	4824.57	0.00	13.41	2214.57
	4824.59	0.00	13.39	2217.63
	4824.60	0.00	13.28	2229.77
	4824.61	0.00	13.11	2266.96
	4824.62	0.00	12.77	2354.24
	4824.63	0.00	12.56	2432.36
	4824.64	0.00	12.42	2476.46
	4824.66	0.00	12.39	2510.52
	4824.67	0.00	12.41	2528.55
	4824.68	0.00	12.41	2544.57
	4824.69	0.00	12.37	2555.62
	4824.70	0.00	12.38	2585.65
	4824.72	0.00	12.36	2612.68
	4824.73	0.00	12.37	2627.69
	4824.74	0.00	12.40	2647.71
	4824.75	0.00	12.43	2643.65
	4824.76	0.00	12.47	2648.64
	4824.77	0.00	12.51	2642.66
	4824.79	0.00	12.56	2633.63
	4824.80	0.00	12.60	2613.61
	4824.81	0.00	12.64	2604.59
	4824.82	0.00	12.69	2590.57
	4824.83	0.00	12.74	2574.56
	4824.85	0.00	12.78	2561.54
	4824.86	0.00	12.81	2551.54
	4824.87	0.00	12.81	2553.53
	4824.88	0.00	12.85	2536.50
	4824.89	0.00	12.86	2529.54
	4824.90	0.00	12.88	2525.53
	4824.92	0.00	12.91	2522.52
	4824.93	0.00	12.96	2518.48
	4824.94	0.00	12.99	2520.48
	4824.95	0.00	13.03	2523.48
	4824.96	0.00	13.04	2536.47
	4824.98	0.00	13.12	2541.35
	4824.99	0.00	13.17	2533.36
	4825.00	0.00	13.25	2521.31
	4825.01	0.00	13.30	2514.35
	4825.02	0.00	13.35	2508.39
	4825.04	0.00	13.39	2512.37
	4825.05	0.00	13.45	2512.33
	4825.06	0.00	13.52	2508.29
	4825.07	0.00	13.56	2503.20
	4825.08	0.00	13.60	2514.12
	4825.10	0.00	13.66	2517.00
	4825.11	0.00	13.71	2515.92
	4825.12	0.00	13.73	2515.87
	4825.13	0.00	13.75	2515.83
	4825.14	0.00	13.77	2513.78
	4825.15	0.00	13.79	2510.72
	4825.17	0.00	13.82	2500.65
	4825.18	0.00	13.84	2501.61
	4825.19	0.00	13.91	2492.42
	4825.20	0.00	13.95	2481.30
	4825.21	0.00	14.07	2496.22
	4825.23	0.00	14.09	2483.16
	4825.24	0.00	14.10	2466.10
	4825.25	0.00	14.10	2446.10
	4825.26	0.00	14.07	2420.08
	4825.27	0.00	14.07	2395.03
	4825.29	0.00	14.03	2301.88
	4825.30	0.00	13.84	2245.00
	4825.31	0.00	13.75	2204.03
	4825.32	0.00	13.58	2188.19
	4825.33	0.00	13.46	2167.30
	4825.34	0.00	13.34	2141.46
	4825.36	0.00	13.28	2131.53
	4825.37	0.00	13.29	2148.52
	4825.38	0.00	13.31	2156.52
	4825.39	0.00	13.35	2169.52
	4825.40	0.00	13.35	2171.53
	4825.41	0.00	13.33	2149.54
	4825.43	0.00	13.32	2142.56
	4825.44	0.00	13.30	2122.57
	4825.45	0.00	13.30	2120.56
	4825.46	0.00	13.30	2124.57
	4825.47	0.00	13.31	2127.57
	4825.49	0.00	13.31	2132.57
	4825.50	0.00	13.32	2135.57
	4825.51	0.00	13.31	2132.57
	4825.52	0.00	13.32	2134.57
	4825.53	0.00	13.32	2136.57
	4825.54	0.00	13.30	2134.60
	4825.56	0.00	13.30	2135.62
	4825.57	0.00	13.29	2136.64
	4825.58	0.00	13.29	2136.65
	4825.59	0.00	13.30	2143.63
	4825.60	0.00	13.31	2154.62
	4825.62	0.00	13.33	2166.61
	4825.63	0.00	13.35	2171.58
	4825.64	0.00	13.35	2174.57
	4825.65	0.00	13.36	2183.57
	4825.66	0.00	13.38	2194.57
	4825.67	0.00	13.39	2194.55
	4825.69	0.00	13.39	2197.55
	4825.70	0.00	13.38	2194.55
	4825.71	0.00	13.39	2196.55
	4825.72	0.00	13.39	2197.55
	4825.73	0.00	13.39	2201.54
	4825.75	0.00	13.44	2203.43
	4825.76	0.00	13.45	2207.43
	4825.77	0.00	13.44	2207.46
	4825.78	0.00	13.45	2218.46
	4825.79	0.00	13.46	2219.43
	4825.80	0.00	13.45	2219.47
	4825.82	0.00	13.42	2219.52
	4825.83	0.00	13.24	2252.76
	4825.84	0.00	12.90	2323.04
	4825.85	0.00	12.29	2494.34
	4825.86	0.00	11.93	2621.49
	4825.87	0.00	11.82	2672.59
	4825.89	0.00	11.81	2688.64
	4825.90	0.00	11.87	2688.67
	4825.91	0.00	11.93	2704.65
	4825.92	0.00	12.00	2705.74
	4825.93	0.00	11.99	2716.77
	4825.95	0.00	12.01	2719.79
	4825.96	0.00	12.05	2726.78
	4825.97	0.00	12.08	2726.78
	4825.98	0.00	12.15	2731.73
	4825.99	0.00	12.20	2716.70
	4826.00	0.00	12.28	2708.68
	4826.02	0.00	12.35	2687.66
	4826.03	0.00	12.44	2669.64
	4826.04	0.00	12.53	2645.62
	4826.05	0.00	12.61	2623.59
	4826.06	0.00	12.69	2607.55
	4826.08	0.00	12.79	2580.50
	4826.09	0.00	12.92	2545.47
	4826.10	0.00	12.96	2541.45
	4826.11	0.00	13.00	2536.40
	4826.12	0.00	13.04	2527.37
	4826.13	0.00	13.14	2529.31
	4826.15	0.00	13.26	2505.26
	4826.16	0.00	13.38	2465.18
	4826.17	0.00	13.50	2465.07
	4826.18	0.00	13.58	2473.96
	4826.19	0.00	13.65	2476.86
	4826.21	0.00	13.68	2475.85
	4826.22	0.00	13.69	2480.84
	4826.23	0.00	13.71	2491.83
	4826.24	0.00	13.74	2499.79
	4826.25	0.00	13.77	2505.75
	4826.27	0.00	13.79	2511.74
	4826.28	0.00	13.79	2515.74
	4826.29	0.00	13.83	2520.67
	4826.30	0.00	13.89	2526.51
	4826.31	0.00	13.92	2531.47
	4826.33	0.00	13.94	2528.43
	4826.34	0.00	13.96	2529.39
	4826.35	0.00	14.05	2546.40
	4826.36	0.00	14.17	2553.31
	4826.37	0.00	14.20	2545.22
	4826.38	0.00	14.22	2536.22
	4826.40	0.00	14.26	2534.16
	4826.41	0.00	14.25	2520.18
	4826.42	0.00	14.24	2492.13
	4826.43	0.00	14.24	2474.11
	4826.44	0.00	14.25	2445.98
	4826.45	0.00	14.13	2375.91
	4826.47	0.00	14.01	2337.02
	4826.48	0.00	13.90	2289.07
	4826.49	0.00	13.62	2206.14
	4826.50	0.00	13.46	2163.31
	4826.51	0.00	13.32	2132.48
	4826.53	0.00	13.26	2112.53
	4826.54	0.00	13.24	2122.55
	4826.55	0.00	13.27	2159.54
	4826.56	0.00	13.33	2188.55
	4826.57	0.00	13.33	2193.56
	4826.59	0.00	13.33	2194.57
	4826.60	0.00	13.36	2196.51
	4826.61	0.00	13.36	2202.53
	4826.62	0.00	13.37	2200.52
	4826.63	0.00	13.36	2194.53
	4826.64	0.00	13.35	2185.54
	4826.66	0.00	13.30	2167.61
	4826.67	0.00	13.30	2167.60
	4826.68	0.00	13.30	2164.59
	4826.69	0.00	13.32	2162.53
	4826.70	0.00	13.33	2167.52
	4826.71	0.00	13.34	2171.51
	4826.73	0.00	13.34	2173.51
	4826.74	0.00	13.35	2176.51
	4826.75	0.00	13.33	2170.51
	4826.76	0.00	13.36	2185.48
	4826.77	0.00	13.38	2197.47
	4826.79	0.00	13.39	2203.46
	4826.80	0.00	13.37	2201.51
	4826.81	0.00	13.38	2200.49
	4826.82	0.00	13.37	2195.49
	4826.83	0.00	13.38	2196.48
	4826.85	0.00	13.38	2193.47
	4826.86	0.00	13.39	2199.46
	4826.87	0.00	13.39	2192.44
	4826.88	0.00	13.39	2190.45
	4826.89	0.00	13.36	2190.51
	4826.90	0.00	13.37	2191.51
	4826.91	0.00	13.37	2197.52
	4826.93	0.00	13.37	2204.52
	4826.94	0.00	13.28	2168.54
	4826.95	0.00	13.37	2205.52
	4826.96	0.00	13.37	2205.52
	4826.97	0.00	13.37	2207.52
	4826.99	0.00	13.30	2214.70
	4827.00	0.00	12.93	2279.06
	4827.01	0.00	12.03	2525.45
	4827.02	0.00	11.21	2820.80
	4827.03	0.00	11.11	2875.98
	4827.04	0.00	11.27	2823.97
	4827.06	0.00	11.47	2768.90
	4827.07	0.00	11.57	2752.92
	4827.08	0.00	11.53	2728.96
	4827.09	0.00	11.65	2788.95
	4827.10	0.00	11.73	2796.93
	4827.12	0.00	11.81	2793.02
	4827.13	0.00	11.84	2793.02
	4827.14	0.00	11.93	2792.99
	4827.15	0.00	12.03	2782.93
	4827.16	0.00	12.12	2756.87
	4827.17	0.00	12.25	2728.80
	4827.19	0.00	12.38	2698.76
	4827.20	0.00	12.56	2636.70
	4827.21	0.00	12.68	2603.66
	4827.22	0.00	12.80	2583.59
	4827.23	0.00	12.86	2573.54
	4827.25	0.00	12.97	2547.45
	4827.26	0.00	13.11	2525.34
	4827.27	0.00	13.33	2491.16
	4827.28	0.00	13.43	2482.99
	4827.29	0.00	13.52	2478.79
	4827.31	0.00	13.56	2469.67
	4827.32	0.00	13.62	2444.60
	4827.33	0.00	13.65	2434.50
	4827.34	0.00	13.66	2432.46
	4827.35	0.00	13.67	2426.42
	4827.37	0.00	13.70	2427.37
	4827.38	0.00	13.70	2417.34
	4827.39	0.00	13.74	2416.26
	4827.40	0.00	13.74	2410.24
	4827.41	0.00	13.74	2405.25
	4827.42	0.00	13.84	2422.24
	4827.44	0.00	13.87	2430.21
	4827.45	0.00	13.89	2429.17
	4827.46	0.00	13.96	2457.17
	4827.47	0.00	14.09	2500.17
	4827.48	0.00	14.12	2515.24
	4827.50	0.00	14.14	2525.27
	4827.51	0.00	14.14	2533.36
	4827.52	0.00	14.22	2553.32
	4827.53	0.00	14.28	2567.27
	4827.54	0.00	14.35	2580.19
	4827.55	0.00	14.39	2583.16
	4827.57	0.00	14.45	2589.08
	4827.58	0.00	14.46	2582.06
	4827.59	0.00	14.49	2565.99
	4827.60	0.00	14.51	2539.84
	4827.61	0.00	14.52	2489.63
	4827.62	0.00	14.51	2436.40
	4827.64	0.00	14.30	2370.50
	4827.65	0.00	13.99	2309.97
	4827.66	0.00	13.78	2246.09
	4827.67	0.00	13.48	2155.29
	4827.68	0.00	13.37	2124.41
	4827.70	0.00	13.39	2154.40
	4827.71	0.00	13.38	2151.36
	4827.72	0.00	13.42	2167.36
	4827.73	0.00	13.45	2180.37
	4827.74	0.00	13.41	2156.37
	4827.75	0.00	13.38	2134.35
	4827.77	0.00	13.35	2123.39
	4827.78	0.00	13.33	2122.47
	4827.79	0.00	13.31	2126.52
	4827.80	0.00	13.30	2139.56
	4827.81	0.00	13.30	2124.58
	4827.83	0.00	13.30	2126.58
	4827.84	0.00	13.30	2128.59
	4827.85	0.00	13.29	2128.62
	4827.86	0.00	13.31	2135.61
	4827.87	0.00	13.31	2136.60
	4827.88	0.00	13.26	2111.61
	4827.90	0.00	13.30	2123.56
	4827.91	0.00	13.33	2156.60
	4827.92	0.00	13.35	2171.59
	4827.93	0.00	13.35	2179.60
	4827.94	0.00	13.36	2183.58
	4827.95	0.00	13.37	2190.56
	4827.97	0.00	13.38	2199.57
	4827.98	0.00	13.38	2199.57
	4827.99	0.00	13.37	2200.59
	4828.00	0.00	13.39	2206.58
	4828.01	0.00	13.39	2205.55
	4828.02	0.00	13.39	2212.58
	4828.04	0.00	13.39	2212.59
	4828.05	0.00	13.39	2214.58
	4828.06	0.00	13.42	2231.57
	4828.07	0.00	13.42	2231.57
	4828.08	0.00	13.42	2234.57
	4828.10	0.00	13.43	2238.56
	4828.11	0.00	13.43	2237.55
	4828.12	0.00	13.42	2237.57
	4828.13	0.00	13.43	2225.49
	4828.14	0.00	13.45	2232.48
	4828.15	0.00	13.44	2235.51
	4828.17	0.00	13.19	2267.87
	4828.18	0.00	12.61	2413.23
	4828.19	0.00	11.81	2668.55
	4828.20	0.00	11.59	2761.73
	4828.21	0.00	11.61	2770.78
	4828.23	0.00	11.72	2748.77
	4828.24	0.00	11.83	2726.77
	4828.25	0.00	11.75	2650.79
	4828.26	0.00	12.00	2771.83
	4828.27	0.00	12.06	2790.83
	4828.29	0.00	12.12	2804.85
	4828.30	0.00	12.18	2840.84
	4828.31	0.00	12.22	2829.83
	4828.32	0.00	12.26	2814.82
	4828.33	0.00	12.30	2783.82
	4828.35	0.00	12.35	2749.81
	4828.36	0.00	12.41	2697.80
	4828.37	0.00	12.48	2662.78
	4828.38	0.00	12.53	2633.75
	4828.39	0.00	12.60	2601.70
	4828.40	0.00	12.67	2568.71
	4828.42	0.00	12.73	2543.69
	4828.43	0.00	12.84	2517.56
	4828.44	0.00	12.92	2501.51
	4828.45	0.00	12.95	2509.50
	4828.46	0.00	12.95	2517.46
	4828.47	0.00	13.00	2508.42
	4828.49	0.00	13.10	2486.46
	4828.50	0.00	13.19	2469.42
	4828.51	0.00	13.28	2463.34
	4828.52	0.00	13.35	2470.23
	4828.53	0.00	13.42	2476.08
	4828.55	0.00	13.45	2479.01
	4828.56	0.00	13.50	2487.93
	4828.57	0.00	13.54	2495.90
	4828.58	0.00	13.60	2476.85
	4828.59	0.00	13.63	2487.84
	4828.60	0.00	13.65	2491.83
	4828.62	0.00	13.66	2496.83
	4828.63	0.00	13.69	2509.82
	4828.64	0.00	13.72	2524.82
	4828.65	0.00	13.83	2544.82
	4828.66	0.00	13.87	2548.79
	4828.68	0.00	13.91	2553.78
	4828.69	0.00	14.03	2576.75
	4828.70	0.00	14.12	2587.66
	4828.71	0.00	14.21	2604.63
	4828.72	0.00	14.29	2612.57
	4828.73	0.00	14.31	2612.55
	4828.75	0.00	14.37	2612.47
	4828.76	0.00	14.41	2603.43
	4828.77	0.00	14.43	2583.36
	4828.78	0.00	14.43	2569.28
	4828.79	0.00	14.36	2523.22
	4828.81	0.00	14.25	2468.26
	4828.82	0.00	14.10	2413.33
	4828.83	0.00	13.86	2325.41
	4828.84	0.00	13.56	2235.47
	4828.85	0.00	13.31	2183.60
	4828.87	0.00	13.24	2169.68
	4828.88	0.00	13.21	2164.73
	4828.89	0.00	13.24	2186.76
	4828.90	0.00	13.26	2189.75
	4828.91	0.00	13.25	2187.75
	4828.92	0.00	13.25	2187.74
	4828.94	0.00	13.26	2187.74
	4828.95	0.00	13.25	2186.76
	4828.96	0.00	13.24	2188.79
	4828.97	0.00	13.24	2189.80
	4828.98	0.00	13.24	2192.81
	4829.00	0.00	13.25	2192.81
	4829.01	0.00	13.25	2193.81
	4829.02	0.00	13.25	2192.82
	4829.03	0.00	13.25	2190.79
	4829.04	0.00	13.28	2198.77
	4829.05	0.00	13.28	2199.78
	4829.07	0.00	13.30	2200.76
	4829.08	0.00	13.28	2201.79
	4829.09	0.00	13.28	2205.79
	4829.10	0.00	13.33	2206.70
	4829.11	0.00	13.37	2209.57
	4829.12	0.00	13.41	2215.53
	4829.14	0.00	13.40	2216.55
	4829.15	0.00	13.40	2214.55
	4829.16	0.00	13.39	2209.56
	4829.17	0.00	13.37	2209.60
	4829.18	0.00	13.36	2211.64
	4829.20	0.00	13.30	2200.74
	4829.21	0.00	13.30	2202.76
	4829.22	0.00	13.29	2201.77
	4829.23	0.00	13.30	2203.77
	4829.24	0.00	13.30	2203.76
	4829.25	0.00	13.32	2207.72
	4829.27	0.00	13.32	2209.72
	4829.28	0.00	13.33	2219.72
	4829.29	0.00	13.33	2220.72
	4829.30	0.00	13.33	2217.71
	4829.31	0.00	13.34	2221.71
	4829.33	0.00	13.33	2221.72
	4829.34	0.00	13.33	2220.71
	4829.35	0.00	13.27	2226.83
	4829.36	0.00	12.90	2287.12
	4829.37	0.00	12.06	2550.53
	4829.38	0.00	11.53	2734.84
	4829.40	0.00	11.48	2767.98
	4829.41	0.00	11.63	2776.96
	4829.42	0.00	11.87	2715.93
	4829.43	0.00	12.07	2722.94
	4829.44	0.00	12.10	2733.99
	4829.46	0.00	12.06	2737.01
	4829.47	0.00	12.05	2748.97
	4829.48	0.00	12.04	2759.98
	4829.49	0.00	12.04	2754.00
	4829.50	0.00	12.10	2750.99
	4829.52	0.00	12.17	2728.95
	4829.53	0.00	12.23	2697.92
	4829.54	0.00	12.31	2677.90
	4829.55	0.00	12.37	2646.87
	4829.56	0.00	12.42	2624.83
	4829.58	0.00	12.49	2600.80
	4829.59	0.00	12.58	2578.77
	4829.60	0.00	12.64	2560.73
	4829.61	0.00	12.70	2536.71
	4829.62	0.00	12.76	2519.72
	4829.63	0.00	12.84	2495.70
	4829.65	0.00	12.91	2489.67
	4829.66	0.00	12.89	2519.64
	4829.67	0.00	12.97	2510.59
	4829.68	0.00	13.10	2485.54
	4829.69	0.00	13.21	2473.49
	4829.71	0.00	13.26	2474.44
	4829.72	0.00	13.32	2479.38
	4829.73	0.00	13.42	2487.21
	4829.74	0.00	13.49	2487.06
	4829.75	0.00	13.56	2465.94
	4829.76	0.00	13.58	2469.90
	4829.78	0.00	13.59	2470.88
	4829.79	0.00	13.57	2469.93
	4829.80	0.00	13.68	2491.90
	4829.81	0.00	13.73	2494.84
	4829.82	0.00	13.79	2500.77
	4829.84	0.00	13.88	2500.60
	4829.85	0.00	13.94	2512.53
	4829.86	0.00	14.01	2518.43
	4829.87	0.00	14.06	2526.40
	4829.88	0.00	14.10	2528.38
	4829.89	0.00	14.15	2545.37
	4829.91	0.00	14.25	2562.34
	4829.92	0.00	14.27	2567.33
	4829.93	0.00	14.31	2570.30
	4829.94	0.00	14.35	2570.26
	4829.95	0.00	14.37	2559.16
	4829.96	0.00	14.39	2554.11
	4829.98	0.00	14.40	2528.00
	4829.99	0.00	14.42	2498.81
	4830.00	0.00	14.26	2451.01
	4830.01	0.00	14.10	2400.08
	4830.02	0.00	13.91	2339.13
	4830.04	0.00	13.66	2280.33
	4830.05	0.00	13.51	2234.50
	4830.06	0.00	13.40	2195.57
	4830.07	0.00	13.33	2185.65
	4830.08	0.00	13.28	2186.74
	4830.10	0.00	13.26	2196.78
	4830.11	0.00	13.26	2191.76
	4830.12	0.00	13.27	2197.76
	4830.13	0.00	13.27	2193.76
	4830.14	0.00	13.26	2191.78
	4830.15	0.00	13.27	2190.75
	4830.17	0.00	13.27	2188.75
	4830.18	0.00	13.27	2187.75
	4830.19	0.00	13.26	2186.77
	4830.20	0.00	13.27	2190.76
	4830.21	0.00	13.27	2188.76
	4830.22	0.00	13.28	2191.75
	4830.24	0.00	13.29	2196.76
	4830.25	0.00	13.29	2192.75
	4830.26	0.00	13.28	2184.76
	4830.27	0.00	13.28	2181.76
	4830.28	0.00	13.28	2183.78
	4830.30	0.00	13.29	2185.76
	4830.31	0.00	13.28	2183.79
	4830.32	0.00	13.27	2182.81
	4830.33	0.00	13.26	2181.84
	4830.34	0.00	13.27	2182.83
	4830.35	0.00	13.27	2187.84
	4830.37	0.00	13.27	2187.84
	4830.38	0.00	13.26	2187.86
	4830.39	0.00	13.29	2188.80
	4830.40	0.00	13.29	2188.81
	4830.41	0.00	13.29	2190.81
	4830.43	0.00	13.29	2190.82
	4830.44	0.00	13.29	2192.81
	4830.45	0.00	13.29	2191.81
	4830.46	0.00	13.28	2190.81
	4830.47	0.00	13.31	2193.74
	4830.48	0.00	13.29	2194.81
	4830.50	0.00	13.34	2196.69
	4830.51	0.00	13.35	2204.68
	4830.52	0.00	13.34	2201.69
	4830.53	0.00	13.34	2209.70
	4830.54	0.00	13.34	2210.73
	4830.56	0.00	13.34	2211.74
	4830.57	0.00	13.21	2241.98
	4830.58	0.00	12.87	2321.27
	4830.59	0.00	12.22	2511.64
	4830.60	0.00	11.86	2634.88
	4830.61	0.00	11.81	2671.96
	4830.63	0.00	11.88	2657.96
	4830.64	0.00	12.03	2618.95
	4830.65	0.00	12.06	2637.97
	4830.66	0.00	12.10	2657.94
	4830.67	0.00	12.12	2676.98
	4830.69	0.00	12.09	2692.02
	4830.70	0.00	12.09	2698.04
	4830.71	0.00	12.10	2697.05
	4830.72	0.00	12.17	2695.02
	4830.73	0.00	12.22	2684.02
	4830.75	0.00	12.27	2665.00
	4830.76	0.00	12.34	2649.98
	4830.77	0.00	12.37	2635.99
	4830.78	0.00	12.45	2631.98
	4830.79	0.00	12.50	2613.95
	4830.80	0.00	12.58	2599.89
	4830.82	0.00	12.65	2584.87
	4830.83	0.00	12.73	2564.85
	4830.84	0.00	12.80	2559.81
	4830.85	0.00	12.80	2565.78
	4830.86	0.00	12.85	2569.71
	4830.87	0.00	12.91	2566.73
	4830.89	0.00	13.08	2521.70
	4830.90	0.00	13.21	2504.67
	4830.91	0.00	13.30	2501.62
	4830.92	0.00	13.36	2509.57
	4830.93	0.00	13.44	2504.50
	4830.95	0.00	13.48	2498.46
	4830.96	0.00	13.53	2495.39
	4830.97	0.00	13.59	2490.29
	4830.98	0.00	13.72	2523.23
	4830.99	0.00	13.76	2526.19
	4831.01	0.00	13.80	2531.13
	4831.02	0.00	13.84	2537.12
	4831.03	0.00	13.88	2533.04
	4831.04	0.00	13.95	2526.11
	4831.05	0.00	13.99	2507.11
	4831.06	0.00	14.09	2520.01
	4831.08	0.00	14.15	2520.93
	4831.09	0.00	14.15	2509.95
	4831.10	0.00	14.17	2505.90
	4831.11	0.00	14.17	2486.89
	4831.12	0.00	14.15	2467.87
	4831.13	0.00	14.11	2426.81
	4831.15	0.00	14.08	2395.75
	4831.16	0.00	14.02	2360.68
	4831.17	0.00	13.94	2307.60
	4831.18	0.00	13.74	2256.68
	4831.19	0.00	13.58	2200.72
	4831.21	0.00	13.40	2149.80
	4831.22	0.00	13.15	2095.88
	4831.23	0.00	13.11	2097.95
	4831.24	0.00	13.07	2079.95
	4831.25	0.00	13.08	2080.96
	4831.27	0.00	13.12	2094.93
	4831.28	0.00	13.14	2113.95
	4831.29	0.00	13.16	2120.95
	4831.30	0.00	13.15	2116.95
	4831.31	0.00	13.15	2116.95
	4831.33	0.00	13.14	2119.95
	4831.34	0.00	13.15	2118.95
	4831.35	0.00	13.16	2118.89
	4831.36	0.00	13.17	2123.89
	4831.37	0.00	13.17	2125.91
	4831.38	0.00	13.18	2128.90
	4831.39	0.00	13.16	2131.94
	4831.41	0.00	13.16	2134.95
	4831.42	0.00	13.17	2135.95
	4831.43	0.00	13.23	2171.86
	4831.44	0.00	13.28	2193.81
	4831.45	0.00	13.28	2198.81
	4831.47	0.00	13.28	2199.82
	4831.48	0.00	13.28	2201.80
	4831.49	0.00	13.29	2201.79
	4831.50	0.00	13.28	2198.79
	4831.51	0.00	13.27	2194.80
	4831.52	0.00	13.27	2194.79
	4831.54	0.00	13.27	2192.78
	4831.55	0.00	13.28	2191.77
	4831.56	0.00	13.30	2195.73
	4831.57	0.00	13.29	2194.77
	4831.58	0.00	13.28	2187.76
	4831.60	0.00	13.29	2190.76
	4831.61	0.00	13.29	2189.75
	4831.62	0.00	13.28	2184.76
	4831.63	0.00	13.28	2183.76
	4831.64	0.00	13.24	2165.81
	4831.65	0.00	13.21	2154.85
	4831.67	0.00	13.21	2151.86
	4831.68	0.00	13.20	2152.87
	4831.69	0.00	13.21	2153.87
	4831.70	0.00	13.24	2176.85
	4831.71	0.00	13.26	2193.84
	4831.73	0.00	13.30	2209.79
	4831.74	0.00	13.30	2217.82
	4831.75	0.00	13.24	2227.96
	4831.76	0.00	12.89	2295.36
	4831.77	0.00	11.96	2576.79
	4831.78	0.00	11.32	2838.08
	4831.80	0.00	11.40	2839.18
	4831.81	0.00	11.61	2784.12
	4831.82	0.00	11.83	2746.04
	4831.83	0.00	11.95	2669.97
	4831.84	0.00	12.12	2692.01
	4831.86	0.00	12.20	2700.00
	4831.87	0.00	12.30	2707.01
	4831.88	0.00	12.38	2710.99
	4831.89	0.00	12.46	2704.96
	4831.90	0.00	12.55	2696.92
	4831.91	0.00	12.72	2667.85
	4831.93	0.00	12.81	2652.83
	4831.94	0.00	12.92	2629.79
	4831.95	0.00	12.91	2636.75
	4831.96	0.00	12.99	2618.68
	4831.97	0.00	13.06	2602.65
	4831.99	0.00	13.14	257641
	4833.31	0.00	13.13	2373.34
	4833.32	0.00	13.09	2371.46
	4833.33	0.00	13.10	2375.46
	4833.34	0.00	13.10	2375.47
	4833.36	0.00	13.11	2371.49
	4833.37	0.00	13.11	2373.50
	4833.38	0.00	13.12	2378.48
	4833.39	0.00	13.09	2368.51
	4833.40	0.00	13.10	2368.49
	4833.41	0.00	13.07	2359.51
	4833.43	0.00	13.08	2367.54
	4833.44	0.00	13.08	2374.55
	4833.45	0.00	13.09	2373.56
	4833.46	0.00	13.09	2376.56
	4833.47	0.00	13.09	2381.56
	4833.49	0.00	13.09	2374.53
	4833.50	0.00	13.10	2387.55
	4833.51	0.00	13.11	2386.54
	4833.52	0.00	13.13	2367.54
	4833.53	0.00	13.11	2388.56
	4833.54	0.00	13.11	2386.55
	4833.56	0.00	13.10	2391.56
	4833.57	0.00	13.10	2388.55
	4833.58	0.00	13.11	2395.53
	4833.59	0.00	13.13	2400.52
	4833.60	0.00	13.13	2397.52
	4833.62	0.00	13.13	2394.52
	4833.63	0.00	13.14	2393.52
	4833.64	0.00	13.14	2391.51
	4833.65	0.00	13.15	2387.50
	4833.66	0.00	13.16	2381.46
	4833.67	0.00	13.16	2386.46
	4833.69	0.00	13.16	2383.47
	4833.70	0.00	13.16	2382.45
	4833.71	0.00	13.16	2381.45
	4833.72	0.00	13.16	2382.45
	4833.73	0.00	13.15	2380.47
	4833.75	0.00	13.16	2380.45
	4833.76	0.00	13.13	2365.45
	4833.77	0.00	13.13	2366.45
	4833.78	0.00	13.13	2367.45
	4833.79	0.00	13.13	2367.46
	4833.81	0.00	13.13	2366.45
	4833.82	0.00	13.13	2365.45
	4833.83	0.00	13.13	2363.45
	4833.84	0.00	13.12	2361.47
	4833.85	0.00	13.12	2360.46
	4833.86	0.00	13.13	2365.46
	4833.88	0.00	13.12	2366.47
	4833.89	0.00	13.13	2346.47
	4833.90	0.00	13.11	2371.48
	4833.91	0.00	13.11	2368.48
	4833.92	0.00	13.08	2367.54
	4833.93	0.00	13.09	2366.56
	4833.95	0.00	13.07	2371.58
	4833.96	0.00	13.06	2371.59
	4833.97	0.00	13.05	2374.60
	4833.98	0.00	13.05	2370.58
	4833.99	0.00	13.05	2375.58
	4834.01	0.00	13.04	2378.59
	4834.02	0.00	13.04	2379.60
	4834.03	0.00	13.02	2381.61
	4834.04	0.00	13.02	2382.61
	4834.05	0.00	13.04	2385.55
	4834.06	0.00	13.09	2390.37
	4834.08	0.00	13.08	2389.39
	4834.09	0.00	13.07	2393.41
	4834.10	0.00	13.04	2397.42
	4834.11	0.00	13.03	2401.42
	4834.12	0.00	13.01	2398.43
	4834.14	0.00	13.00	2405.44
	4834.15	0.00	12.99	2404.44
	4834.16	0.00	13.00	2386.44
	4834.17	0.00	13.00	2387.44
	4834.18	0.00	12.98	2409.45
	4834.19	0.00	13.00	2389.40
	4834.21	0.00	12.98	2380.40
	4834.22	0.00	12.96	2377.43
	4834.23	0.00	12.94	2378.51
	4834.24	0.00	12.92	2380.56
	4834.25	0.00	12.92	2383.57
	4834.27	0.00	12.92	2382.57
	4834.28	0.00	12.90	2400.57
	4834.29	0.00	12.91	2399.58
	4834.30	0.00	12.90	2399.60
	4834.31	0.00	12.90	2402.60
	4834.33	0.00	12.90	2401.60
	4834.34	0.00	12.86	2383.63
	4834.35	0.00	12.87	2391.64
	4834.36	0.00	12.86	2396.66
	4834.37	0.00	12.88	2394.67
	4834.38	0.00	12.87	2395.67
	4834.40	0.00	12.87	2400.67
	4834.41	0.00	12.85	2386.65
	4834.42	0.00	12.87	2401.66
	4834.43	0.00	12.88	2401.66
	4834.44	0.00	12.87	2404.67
	4834.45	0.00	12.88	2403.68
	4834.47	0.00	12.88	2402.67
	4834.48	0.00	12.86	2397.68
	4834.49	0.00	12.87	2398.68
	4834.50	0.00	12.89	2402.64
	4834.51	0.00	12.89	2404.64
	4834.53	0.00	12.91	2382.64
	4834.54	0.00	12.91	2382.64
	4834.55	0.00	12.92	2383.63
	4834.56	0.00	12.92	2384.64
	4834.57	0.00	12.92	2381.64
	4834.58	0.00	12.91	2377.64
	4834.60	0.00	12.92	2372.59
	4834.61	0.00	12.91	2369.62
	4834.62	0.00	12.92	2373.61
	4834.63	0.00	12.92	2374.61
	4834.64	0.00	12.92	2372.61
	4834.66	0.00	12.93	2372.58
	4834.67	0.00	12.91	2366.61
	4834.68	0.00	12.89	2356.61
	4834.69	0.00	12.90	2357.61
	4834.70	0.00	12.90	2358.61
	4834.71	0.00	12.90	2356.61
	4834.73	0.00	12.91	2354.60
	4834.74	0.00	12.91	2353.60
	4834.75	0.00	12.91	2353.60
	4834.76	0.00	12.92	2355.60
	4834.77	0.00	12.91	2348.60
	4834.79	0.00	12.91	2349.60
	4834.80	0.00	12.92	2353.59
	4834.81	0.00	12.92	2355.60
	4834.82	0.00	12.93	2354.59
	4834.83	0.00	12.92	2352.60
	4834.85	0.00	12.93	2352.59
	4834.86	0.00	12.91	2353.63
	4834.87	0.00	12.90	2351.66
	4834.88	0.00	12.90	2354.67
	4834.89	0.00	12.91	2356.67
	4834.90	0.00	12.90	2354.67
	4834.92	0.00	12.89	2351.68
	4834.93	0.00	12.91	2355.64
	4834.94	0.00	12.91	2354.64
	4834.95	0.00	12.92	2357.64
	4834.96	0.00	12.91	2356.66
	4834.97	0.00	12.91	2358.66
	4834.99	0.00	12.92	2359.67
	4835.00	0.00	12.91	2358.67
	4835.01	0.00	13.00	2362.41
	4835.02	0.00	12.99	2359.43
	4835.04	0.00	12.99	2359.44
	4835.05	0.00	12.99	2353.45
	4835.06	0.00	12.99	2355.45
	4835.07	0.00	12.99	2352.45
	4835.08	0.00	12.99	2340.39
	4835.09	0.00	12.97	2333.48
	4835.10	0.00	12.97	2334.51
	4835.12	0.00	12.96	2335.55
	4835.13	0.00	12.96	2329.57
	4835.14	0.00	12.96	2331.59
	4835.15	0.00	12.96	2334.58
	4835.16	0.00	12.92	2313.59
	4835.18	0.00	12.92	2321.62
	4835.19	0.00	12.93	2325.64
	4835.20	0.00	12.94	2324.64
	4835.21	0.00	12.94	2327.64
	4835.22	0.00	12.94	2328.64
	4835.23	0.00	12.94	2321.60
	4835.25	0.00	12.94	2331.63
	4835.26	0.00	12.95	2338.63
	4835.27	0.00	12.95	2337.64
	4835.28	0.00	12.95	2339.63
	4835.29	0.00	12.94	2340.64
	4835.31	0.00	12.94	2339.64
	4835.32	0.00	12.95	2342.60
	4835.33	0.00	12.96	2346.60
	4835.34	0.00	12.96	2348.60
	4835.35	0.00	12.95	2346.61
	4835.37	0.00	12.95	2346.61
	4835.38	0.00	12.95	2347.61
	4835.39	0.00	12.94	2343.59
	4835.40	0.00	12.94	2345.59
	4835.41	0.00	12.94	2347.59
	4835.42	0.00	12.93	2349.59
	4835.44	0.00	12.92	2352.59
	4835.45	0.00	12.92	2351.59
	4835.46	0.00	12.92	2352.59
	4835.47	0.00	12.88	2337.59
	4835.48	0.00	12.88	2339.59
	4835.50	0.00	12.88	2341.59
	4835.51	0.00	12.89	2340.59
	4835.52	0.00	12.88	2342.59
	4835.53	0.00	12.89	2342.59
	4835.54	0.00	12.88	2340.60
	4835.55	0.00	12.88	2340.59
	4835.57	0.00	12.89	2344.60
	4835.58	0.00	12.89	2348.59
	4835.59	0.00	12.89	2348.60
	4835.60	0.00	12.89	2351.59
	4835.61	0.00	12.88	2351.62
	4835.62	0.00	12.88	2352.64
	4835.64	0.00	12.88	2354.66
	4835.65	0.00	12.87	2357.67
	4835.66	0.00	12.86	2356.69
	4835.67	0.00	12.86	2359.68
	4835.68	0.00	12.87	2360.65
	4835.70	0.00	12.87	2360.65
	4835.71	0.00	12.86	2362.67
	4835.72	0.00	12.87	2364.67
	4835.73	0.00	12.87	2364.68
	4835.74	0.00	12.86	2365.68
	4835.75	0.00	12.85	2385.68
	4835.77	0.00	12.92	2375.46
	4835.78	0.00	12.96	2383.42
	4835.79	0.00	12.97	2382.43
	4835.80	0.00	12.98	2376.43
	4835.81	0.00	13.00	2363.44
	4835.83	0.00	13.02	2344.44
	4835.84	0.00	13.01	2361.44
	4835.85	0.00	13.02	2351.36
	4835.86	0.00	12.96	2345.49
	4835.87	0.00	12.97	2351.53
	4835.88	0.00	12.97	2344.55
	4835.90	0.00	13.00	2325.52
	4835.91	0.00	12.98	2331.57
	4835.92	0.00	12.95	2311.564.60
	4836.12	0.00	12.97	2347.60
	4836.13	0.00	12.96	2346.62
	4836.14	0.00	12.97	2349.60
	4836.16	0.00	12.95	2367.60
	4836.17	0.00	12.95	2363.58
	4836.18	0.00	12.94	2365.59
	4836.19	0.00	12.94	2366.58
	4836.20	0.00	12.96	2348.58
	4836.21	0.00	12.96	2348.58
	4836.23	0.00	12.95	2367.58
	4836.24	0.00	12.93	2330.58
	4836.25	0.00	12.92	2331.58
	4836.26	0.00	12.93	2332.58
	4836.27	0.00	12.94	2333.56
	4836.29	0.00	12.93	2334.58
	4836.30	0.00	12.94	2335.57
	4836.31	0.00	12.94	2334.57
	4836.32	0.00	12.94	2333.58
	4836.33	0.00	12.94	2336.57
	4836.35	0.00	12.93	2329.57
	4836.36	0.00	12.95	2335.57
	4836.37	0.00	12.95	2338.56
	4836.38	0.00	12.95	2339.57
	4836.39	0.00	12.95	2337.57
	4836.40	0.00	12.97	2336.57
	4836.42	0.00	12.95	2334.60
	4836.43	0.00	12.95	2337.62
	4836.44	0.00	12.95	2338.63
	4836.45	0.00	12.95	2337.64
	4836.46	0.00	12.94	2338.65
	4836.47	0.00	12.95	2339.65
	4836.49	0.00	12.96	2339.61
	4836.50	0.00	12.95	2338.62
	4836.51	0.00	12.95	2339.63
	4836.52	0.00	12.95	2339.64
	4836.54	0.00	12.95	2340.64
	4836.55	0.00	12.95	2341.65
	4836.56	0.00	12.99	2342.50
	4836.57	0.00	13.03	2343.39
	4836.58	0.00	13.02	2343.41
	4836.59	0.00	13.02	2344.42
	4836.60	0.00	13.02	2337.43
	4836.62	0.00	13.01	2338.43
	4836.63	0.00	13.01	2336.43
	4836.64	0.00	13.01	2324.38
	4836.65	0.00	12.97	2327.47
	4836.66	0.00	12.96	2326.52
	4836.68	0.00	12.95	2323.55
	4836.69	0.00	12.95	2320.56
	4836.70	0.00	12.95	2326.58
	4836.71	0.00	12.96	2328.57
	4836.72	0.00	12.91	2307.59
	4836.74	0.00	12.92	2317.62
	4836.75	0.00	12.92	2319.64
	4836.76	0.00	12.93	2318.:3
	4ø36.87	0.00	12.93	2322.63
	4836.78	0.00	12.92	2319.64
	4836.79	0.00	12.93	2315.57
	4836.81	0.00	12.94	2327.62
	4836.82	0.00	12.94	2330.63
	4836.83	0.00	12.95	2330.63
	4836.84	0.00	12.93	2330.64
	4836.85	0.00	12.94	2332.63
	4836.87	0.00	12.94	2330.63
	4836.88	0.00	12.93	2332.63
	4836.89	0.00	12.94	2326.59
	4836.90	0.00	12.93	2328.60
	4836.91	0.00	12.93	2329.59
	4836.92	0.00	12.93	2335.60
	4836.94	0.00	12.94	2339.59
	4836.95	0.00	12.94	2342.60
	4836.96	0.00	12.94	2342.60
	4836.97	0.00	12.94	2341.60
	4836.98	0.00	12.93	2342.62
	4837.00	0.00	12.93	2344.61
	4837.01	0.00	12.93	2342.61
	4837.02	0.00	12.93	2335.58
	4837.03	0.00	12.93	2339.59
	4837.04	0.00	12.93	2338.59
	4837.05	0.00	12.93	2338.59
	4837.07	0.00	12.92	2336.59
	4837.08	0.00	12.93	2338.59
	4837.09	0.00	12.92	2336.59
	4837.10	0.00	12.92	2337.59
	4837.11	0.00	12.93	2338.59
	4837.12	0.00	12.93	2339.59
	4837.14	0.00	12.93	2337.59
	4837.15	0.00	12.93	2340.59
	4837.16	0.00	12.92	2341.59
	4837.17	0.00	12.92	2341.59
	4837.18	0.00	12.92	2340.59
	4837.20	0.00	12.92	2341.59
	4837.21	0.00	12.92	2345.59
	4837.22	0.00	12.92	2344.59
	4837.23	0.00	12.90	2347.59
	4837.24	0.00	12.90	2350.59
	4837.25	0.00	12.90	2351.59
	4837.27	0.00	12.89	2349.59
	4837.28	0.00	12.89	2351.60
	4837.29	0.00	12.89	2352.59
	4837.30	0.00	12.86	2335.59
	4837.31	0.00	12.87	2339.59
	4837.33	0.00	12.87	2339.60
	4837.34	0.00	12.87	2337.59
	4837.35	0.00	12.86	2336.60
	4837.36	0.00	12.87	2338.59
	4837.37	0.00	12.86	2336.60
	4837.38	0.00	12.86	2329.59
	4837.40	0.00	12.86	2335.59
	4837.41	0.00	12.87	2340.59
	4837.42	0.00	12.87	2341.60
	4837.43	0.00	12.88	2343.59
	4837.44	0.00	12.88	2341.59
	4837.45	0.00	12.88	2342.59
	4837.47	0.00	12.86	2343.63
	4837.48	0.00	12.86	2347.65
	4837.49	0.00	12.85	2345.66
	4837.50	0.00	12.86	2347.66
	4837.52	0.00	12.86	2345.67
	4837.53	0.00	12.86	2347.67
	4837.54	0.00	12.88	2347.63
	4837.55	0.00	12.87	2346.64
	4837.56	0.00	12.88	2346.63
	4837.57	0.00	12.87	2348.65
	4837.58	0.00	12.87	2348.66
	4837.60	0.00	12.86	2351.66
	4837.61	0.00	12.94	2348.43
	4837.62	0.00	12.94	2351.41
	4837.63	0.00	12.94	2355.43
	4837.64	0.00	12.93	2350.44
	4837.66	0.00	12.93	2350.42
	4837.67	0.00	12.90	2352.45
	4837.68	0.00	12.90	2368.41
	4837.69	0.00	12.84	2373.45
	4837.70	0.00	12.82	2379.53
	4837.71	0.00	12.81	2383.56
	4837.73	0.00	12.80	2381.58
	4837.74	0.00	12.81	2368.58
	4837.75	0.00	12.80	2372.60
	4837.76	0.00	12.77	2353.60
	4837.77	0.00	12.78	2363.62
	4837.79	0.00	12.78	2367.63
	4837.80	0.00	12.80	2366.64
	4837.81	0.00	12.80	2369.64
	4837.82	0.00	12.81	2373.64
	4837.83	0.00	12.82	2371.61
	4837.85	0.00	12.82	2375.62
	4837.86	0.00	12.83	2381.62
	4837.87	0.00	12.83	2383.63
	4837.88	0.00	12.83	2382.63
	4837.89	0.00	12.83	2384.63
	4837.90	0.00	12.84	2385.63
	4837.92	0.00	12.84	2383.63
	4837.93	0.00	12.85	2385.59
	4837.94	0.00	12.86	2389.59
	4837.95	0.00	12.87	2393.59
	4837.96	0.00	12.87	2393.59
	4837.98	0.00	12.87	2392.59
	4837.99	0.00	12.88	2397.57
	4838.00	0.00	12.86	2395.60
	4838.01	0.00	12.85	2397.57
	4838.02	0.00	12.85	2404.58
	4838.04	0.00	12.85	2407.58
	4838.05	0.00	12.87	2406.57
	4838.06	0.00	12.87	2405.57
	4838.07	0.00	12.88	2403.57
	4838.08	0.00	12.86	2384.58
	4838.09	0.00	12.88	2382.57
	4838.11	0.00	12.88	2384.57
	4838.12	0.00	12.89	2384.56
	4838.13	0.00	12.89	2382.57
	4838.14	0.00	12.89	2377.56
	4838.15	0.00	12.90	2367.55
	4838.16	0.00	12.91	2362.55
	4838.18	0.00	12.93	2356.54
	4838.19	0.00	12.95	2353.53
	4838.20	0.00	12.99	2344.52
	4838.21	0.00	13.04	2327.51
	4838.22	0.00	13.04	2317.50
	4838.24	0.00	13.04	2329.45
	4838.25	0.00	13.01	2321.51
	4838.26	0.00	13.00	2315.52
	4838.27	0.00	13.00	2301.50
	4838.28	0.00	13.04	2286.47
	4838.29	0.00	13.06	2247.44
	4838.31	0.00	13.08	2231.39
	4838.32	0.00	13.12	2223.33
	4838.33	0.00	13.17	2218.24
	4838.34	0.00	13.21	2213.16
	4838.35	0.00	13.24	2220.10
	4838.37	0.00	13.24	2230.13
	4838.38	0.00	13.24	2226.13
	4838.39	0.00	13.23	2221.13
	4838.40	0.00	13.23	2220.13
	4838.41	0.00	13.22	2217.13
	4838.42	0.00	13.23	2218.12
	4838.44	0.00	13.23	2218.11
	4838.45	0.00	13.23	2219.11
	4838.46	0.00	13.22	2216.11
	4838.47	0.00	13.23	2210.10
	4838.48	0.00	13.24	2212.05
	4838.50	0.00	13.26	2205.99
	4838.51	0.00	13.25	2206.04
	4838.52	0.00	13.25	2206.05
	4838.53	0.00	13.25	2205.04
	4838.54	0.00	13.25	2204.03
	4838.56	0.00	13.25	2203.04
	4838.57	0.00	13.23	2188.06
	4838.58	0.00	13.21	2177.09
	4838.59	0.00	13.18	2150.10
	4838.60	0.00	13.18	2151.11
	4838.61	0.00	13.19	2154.10
	4838.63	0.00	13.19	2152.11
	4838.64	0.00	13.28	2152.85
	4838.65	0.00	13.29	2154.84
	4838.66	0.00	13.29	2156.85
	4838.67	0.00	13.28	2156.85
	4838.68	0.00	13.28	2150.86
	4838.70	0.00	13.28	2153.87
	4838.71	0.00	13.29	2154.82
	4838.72	0.00	13.25	2164.91
	4838.73	0.00	13.27	2260.581.87
	4838.93	0.00	12.28	2589.88
	4838.94	0.00	12.27	2591.89
	4838.96	0.00	12.26	2597.90
	4838.97	0.00	12.24	2614.84
	4838.98	0.00	12.24	2618.83
	4838.99	0.00	12.23	2615.83
	4839.00	0.00	12.23	2623.83
	4839.02	0.00	12.22	2617.83
	4839.03	0.00	12.21	2613.84
	4839.04	0.00	12.21	2623.84
	4839.05	0.00	12.19	2628.84
	4839.06	0.00	12.20	2634.85
	4839.08	0.00	12.22	2638.84
	4839.09	0.00	12.23	2638.84
	4839.10	0.00	12.22	2634.89
	4839.11	0.00	12.21	2634.92
	4839.12	0.00	12.21	2632.91
	4839.14	0.00	12.22	2633.88
	4839.15	0.00	12.21	2634.91
	4839.16	0.00	12.20	2637.92
	4839.17	0.00	12.20	2638.93
	4839.18	0.00	12.24	2637.80
	4839.19	0.00	12.24	2642.80
	4839.21	0.00	12.23	2640.81
	4839.22	0.00	12.22	2639.82
	4839.23	0.00	12.18	2635.94
	4839.24	0.00	12.17	2631.95
	4839.25	0.00	12.19	2637.96
	4839.27	0.00	12.19	2630.92
	4839.28	0.00	12.20	2639.93
	4839.29	0.00	12.20	2635.93
	4839.30	0.00	12.21	2636.93
	4839.31	0.00	12.22	2637.93
	4839.33	0.00	12.24	2645.91
	4839.34	0.00	12.24	2645.93
	4839.35	0.00	12.24	2646.93
	4839.36	0.00	12.24	2647.93
	4839.37	0.00	12.23	2640.93
	4839.38	0.00	12.26	2649.93
	4839.40	0.00	12.26	2645.94
	4839.41	0.00	12.27	2643.94
	4839.42	0.00	12.28	2638.87
	4839.43	0.00	12.30	2640.89
	4839.44	0.00	12.30	2633.89
	4839.46	0.00	12.31	2630.88
	4839.47	0.00	12.33	2622.87
	4839.48	0.00	12.32	2600.87
	4839.49	0.00	12.35	2590.85
	4839.50	0.00	12.37	2575.84
	4839.52	0.00	12.39	2556.83
	4839.53	0.00	12.46	2537.82
	4839.54	0.00	12.50	2510.80
	4839.55	0.00	12.54	2480.78
	4839.56	0.00	12.59	2455.76
	4839.58	0.00	12.62	2431.76
	4839.59	0.00	12.68	2406.74
	4839.60	0.00	12.82	2353.73
	4839.61	0.00	12.89	2322.71
	4839.62	0.00	12.96	2294.68
	4839.63	0.00	12.99	2277.64
	4839.65	0.00	12.99	2254.60
	4839.66	0.00	13.02	2235.52
	4839.67	0.00	13.04	2223.45
	4839.68	0.00	13.06	2222.42
	4839.69	0.00	13.08	2219.35
	4839.70	0.00	13.11	2220.29
	4839.72	0.00	13.13	2216.24
	4839.73	0.00	13.14	2215.20
	4839.74	0.00	13.14	2211.20
	4839.75	0.00	13.15	2210.17
	4839.76	0.00	13.16	2209.17
	4839.78	0.00	13.16	2207.17
	4839.79	0.00	13.16	2205.17
	4839.80	0.00	13.20	2203.03
	4839.81	0.00	13.27	2202.88
	4839.82	0.00	13.26	2199.87
	4839.83	0.00	13.27	2200.87
	4839.85	0.00	13.27	2203.86
	4839.86	0.00	13.27	2204.87
	4839.87	0.00	13.27	2202.87
	4839.88	0.00	13.27	2202.87
	4839.89	0.00	13.27	2202.87
	4839.91	0.00	13.27	2202.87
	4839.92	0.00	13.22	2185.93
	4839.93	0.00	13.21	2185.96
	4839.94	0.00	13.21	2185.95
	4839.95	0.00	13.19	2188.03
	4839.96	0.00	13.17	2189.07
	4839.98	0.00	13.18	2185.09
	4839.99	0.00	13.18	2187.11
	4840.00	0.00	13.18	2188.11
	4840.01	0.00	13.15	2165.07
	4840.02	0.00	13.15	2164.07
	4840.04	0.00	13.17	2167.04
	4840.05	0.00	13.17	2178.08
	4840.06	0.00	13.17	2180.08
	4840.07	0.00	13.18	2179.08
	4840.08	0.00	13.17	2180.10
	4840.09	0.00	13.17	2180.09
	4840.11	0.00	13.17	2179.08
	4840.12	0.00	13.16	2181.09
	4840.13	0.00	13.16	2178.09
	4840.14	0.00	13.19	2188.06
	4840.15	0.00	13.19	2194.07
	4840.17	0.00	13.19	2191.09
	4840.18	0.00	13.19	2192.08
	4840.19	0.00	13.18	2191.09
	4840.20	0.00	13.18	2191.09
	4840.21	0.00	13.18	2194.10
	4840.22	0.00	13.18	2193.09
	4840.24	0.00	13.19	2188.03
	4840.25	0.00	13.20	2192.03
	4840.26	0.00	13.20	2195.03
	4840.27	0.00	13.21	2193.02
	4840.28	0.00	13.21	2194.02
	4840.29	0.00	13.21	2195.02
	4840.31	0.00	13.18	2196.06
	4840.32	0.00	13.17	2235.14
	4840.33	0.00	13.10	2257.21
	4840.34	0.00	13.06	2296.32
	4840.35	0.00	12.97	2344.42
	4840.37	0.00	12.84	2381.49
	4840.38	0.00	12.87	2374.53
	4840.39	0.00	12.85	2378.56
	4840.40	0.00	12.81	2364.52
	4840.41	0.00	12.77	2366.59
	4840.42	0.00	12.74	2373.61
	4840.44	0.00	12.72	2380.62
	4840.45	0.00	12.70	2388.62
	4840.46	0.00	12.67	2403.64
	4840.47	0.00	12.62	2424.67
	4840.48	0.00	12.59	2454.68
	4840.50	0.00	12.54	2481.69
	4840.51	0.00	12.47	2518.73
	4840.52	0.00	12.39	2552.76
	4840.53	0.00	12.32	2576.80
	4840.54	0.00	12.25	2600.89
	4840.56	0.00	12.16	2627.95
	4840.57	0.00	12.10	2657.97
	4840.58	0.00	12.06	2673.99
	4840.59	0.00	12.05	2682.97
	4840.60	0.00	12.04	2685.99
	4840.61	0.00	12.03	2682.99
	4840.63	0.00	12.03	2688.00
	4840.64	0.00	12.08	2684.79
	4840.65	0.00	12.09	2687.79
	4840.66	0.00	12.08	2677.81
	4840.67	0.00	12.08	2676.81
	4840.69	0.00	12.01	2659.97
	4840.70	0.00	12.02	2652.99
	4840.71	0.00	12.03	2649.98
	4840.72	0.00	12.05	2643.99
	4840.73	0.00	12.07	2639.94
	4840.75	0.00	12.07	2630.93
	4840.76	0.00	12.09	2634.90
	4840.77	0.00	12.09	2635.93
	4840.78	0.00	12.10	2643.90
	4840.79	0.00	12.10	2647.92
	4840.81	0.00	12.08	2650.95
	4840.82	0.00	12.09	2657.93
	4840.83	0.00	12.09	2657.93
	4840.84	0.00	12.09	2661.94
	4840.85	0.00	12.09	2671.93
	4840.86	0.00	12.11	2674.93
	4840.88	0.00	12.12	2677.93
	4840.89	0.00	12.14	2678.92
	4840.90	0.00	12.17	2675.87
	4840.91	0.00	12.20	2676.85
	4840.92	0.00	12.22	2672.84
	4840.93	0.00	12.24	2674.83
	4840.95	0.00	12.24	2662.85
	4840.96	0.00	12.27	2663.82
	4840.97	0.00	12.28	2662.82
	4840.98	0.00	12.28	2680.82
	4840.99	0.00	12.30	2688.81
	4841.01	0.00	12.31	2690.82
	4841.02	0.00	12.31	2697.83
	4841.03	0.00	12.32	2701.82
	4841.04	0.00	12.31	2702.89
	4841.05	0.00	12.33	2700.89
	4841.07	0.00	12.33	2698.90
	4841.08	0.00	12.35	2699.84
	4841.09	0.00	12.34	2697.87
	4841.10	0.00	12.34	2699.88
	4841.11	0.00	12.35	2696.88
	4841.12	0.00	12.42	2696.65
	4841.14	0.00	12.40	2684.70
	4841.15	0.00	12.43	2675.67
	4841.16	0.00	12.39	2652.79
	4841.17	0.00	12.38	2639.84
	4841.18	0.00	12.41	2606.87
	4841.20	0.00	12.44	2595.86
	4841.21	0.00	12.47	2579.85
	4841.22	0.00	12.49	2550.80
	4841.23	0.00	12.54	2540.79
	4841.24	0.00	12.57	2530.78
	4841.25	0.00	12.61	2515.78
	4841.27	0.00	12.62	2505.78
	4841.28	0.00	12.64	2499.76
	4841.29	0.00	12.64	2495.76
	4841.30	0.00	12.67	2493.72
	4841.31	0.00	12.68	2492.73
	4841.33	0.00	12.68	2485.74
	4841.34	0.00	12.69	2479.74
	4841.35	0.00	12.68	2475.75
	4841.36	0.00	12.70	2464.70
	4841.37	0.00	12.71	2458.69
	4841.38	0.00	12.72	2453.68
	4841.40	0.00	12.74	2452.68
	4841.41	0.00	12.74	2445.67
	4841.42	0.00	12.75	2440.67
	4841.43	0.00	12.75	2435.67
	4841.44	0.00	12.76	2433.66
	4841.46	0.00	12.75	2434.67
	4841.47	0.00	12.75	2432.67
	4841.48	0.00	12.75	2430.65
	4841.49	0.00	12.75	2424.62
	4841.50	0.00	12.75	2426.65
	4841.52	0.00	12.75	2424.65
	4841.53	0.00	12.75	2422.66
	4841.54	0.00	12.75	2419.64
	4841.55	0.00	12.76	2420.65
	4841.56	0.00	12.76	2416.65
	4841.58	0.00	12.77	2418.64
	4841.59	0.00	12.73	2399.65
	4841.60	0.00	12.74	2402.64
	4841.61	0.00	12.74	2400.64
	4841.62	0.00	12.75	2400.64
	4841.63	0.00	12.75	2401.63
	4841.65	0.00	12.75	2399.63
	4841.66	0.00	12.75	2398.63
	4841.67	0.00	12.75	2397.64
	4841.68	0.00	12.76	2394.62
	4841.69	0.00	12.76	2394.63
	4841.70	0.00	12.77	2397.62
	4841.72	0.00	12.78	2399.62
	4841.73	0.00	12.78	2399.62
	4841.74	0.00	12.79	2396.61
	4841.75	0.00	12.79	2394.61
	4841.76	0.00	12.80	2392.60
	4841.78	0.00	12.81	2390.61
	4841.79	0.00	12.81	2381.64
	4841.80	0.00	12.80	2380.66
	4841.81	0.00	12.81	2375.67
	4841.82	0.00	12.83	2376.66
	4841.83	0.00	12.