3	464.00
	1902.84	0.00	5.74	464.00
	1902.86	0.00	5.73	462.00
	1902.87	0.00	5.85	469.00
	1902.88	0.00	5.85	469.00
	1902.89	0.00	5.86	469.00
	1902.90	0.00	5.85	470.00
	1902.91	0.00	5.84	473.00
	1902.93	0.00	5.86	476.00
	1902.94	0.00	5.82	475.00
	1902.95	0.00	5.83	475.00
	1902.96	0.00	5.83	476.00
	1902.97	0.00	5.81	476.00
	1902.98	0.00	5.81	474.00
	1903.00	0.00	5.83	478.00
	1903.01	0.00	5.82	477.00
	1903.02	0.00	5.90	479.00
	1903.03	0.00	5.92	478.00
	1903.04	0.00	5.91	480.00
	1903.05	0.00	5.92	480.00
	1903.06	0.00	5.92	478.00
	1903.07	0.00	5.91	485.00
	1903.09	0.00	5.92	483.00
	1903.10	0.00	5.91	483.00
	1903.11	0.00	5.92	483.00
	1903.12	0.00	5.90	481.00
	1903.13	0.00	5.91	482.00
	1903.14	0.00	5.90	483.00
	1903.16	0.00	5.90	481.00
	1903.17	0.00	5.90	482.00
	1903.18	0.00	5.86	482.00
	1903.19	0.00	5.86	481.00
	1903.20	0.00	5.85	481.00
	1903.21	0.00	5.90	482.00
	1903.22	0.00	5.89	482.00
	1903.24	0.00	5.90	480.00
	1903.25	0.00	5.87	482.00
	1903.26	0.00	5.89	482.00
	1903.27	0.00	5.86	481.00
	1903.28	0.00	5.84	481.00
	1903.29	0.00	5.85	481.00
	1903.31	0.00	5.85	481.00
	1903.32	0.00	5.83	479.00
	1903.33	0.00	5.82	479.00
	1903.34	0.00	5.83	480.00
	1903.35	0.00	5.82	479.00
	1903.36	0.00	5.86	480.00
	1903.38	0.00	5.82	480.00
	1903.39	0.00	5.84	480.00
	1903.40	0.00	5.83	478.00
	1903.41	0.00	5.83	478.00
	1903.42	0.00	5.83	477.00
	1903.43	0.00	5.83	477.00
	1903.44	0.00	5.82	475.00
	1903.46	0.00	5.70	468.00
	1903.47	0.00	5.74	466.00
	1903.48	0.00	5.72	463.00
	1903.49	0.00	5.73	461.00
	1903.50	0.00	5.73	459.00
	1903.51	0.00	5.74	458.00
	1903.52	0.00	5.74	458.00
	1903.54	0.00	5.74	458.00
	1903.55	0.00	5.74	458.00
	1903.56	0.00	5.74	457.00
	1903.57	0.00	5.74	458.00
	1903.58	0.00	5.73	459.00
	1903.59	0.00	5.72	459.00
	1903.60	0.00	5.72	459.00
	1903.62	0.00	5.70	459.00
	1903.63	0.00	5.70	461.00
	1903.64	0.00	5.70	460.00
	1903.65	0.00	5.68	466.00
	1903.66	0.00	5.66	471.00
	1903.67	0.00	5.64	477.00
	1903.69	0.00	5.77	493.00
	1903.70	0.00	5.74	499.00
	1903.71	0.00	5.78	503.00
	1903.72	0.00	5.79	504.00
	1903.73	0.00	5.77	517.00
	1903.74	0.00	5.76	518.00
	1903.76	0.00	5.76	520.00
	1903.77	0.00	5.77	523.00
	1903.78	0.00	5.79	532.00
	1903.79	0.00	5.78	539.00
	1903.80	0.00	5.78	544.00
	1903.81	0.00	5.76	556.00
	1903.82	0.00	5.75	564.00
	1903.84	0.00	5.75	580.00
	1903.85	0.00	5.75	593.00
	1903.86	0.00	5.76	603.00
	1903.87	0.00	5.84	619.00
	1903.88	0.00	5.85	628.00
	1903.89	0.00	5.84	634.00
	1903.91	0.00	5.85	639.00
	1903.92	0.00	5.84	647.00
	1903.93	0.00	5.84	651.00
	1903.94	0.00	5.82	666.00
	1903.95	0.00	5.75	671.00
	1903.96	0.00	5.77	675.00
	1903.97	0.00	5.77	679.00
	1903.98	0.00	5.76	682.00
	1904.00	0.00	5.77	690.00
	1904.01	0.00	5.76	698.00
	1904.02	0.00	5.75	707.00
	1904.03	0.00	5.73	714.00
	1904.04	0.00	5.72	726.00
	1904.06	0.00	5.71	738.00
	1904.07	0.00	5.69	750.00
	1904.08	0.00	5.67	762.00
	1904.09	0.00	5.65	774.00
	1904.10	0.00	5.64	782.00
	1904.11	0.00	5.63	793.00
	1904.12	0.00	5.61	799.00
	1904.14	0.00	5.61	806.00
	1904.15	0.00	5.60	814.00
	1904.16	0.00	5.60	818.00
	1904.17	0.00	5.56	828.00
	1904.18	0.00	5.56	837.00
	1904.19	0.00	5.56	844.00
	1904.20	0.00	5.54	848.00
	1904.22	0.00	5.54	855.00
	1904.23	0.00	5.54	858.00
	1904.24	0.00	5.54	860.00
	1904.25	0.00	5.56	857.00
	1904.26	0.00	5.56	856.00
	1904.28	0.00	5.56	858.00
	1904.29	0.00	5.57	862.00
	1904.30	0.00	5.55	863.00
	1904.31	0.00	5.54	865.00
	1904.32	0.00	5.54	869.00
	1904.33	0.00	5.55	873.00
	1904.34	0.00	5.53	873.00
	1904.36	0.00	5.53	876.00
	1904.37	0.00	5.51	884.00
	1904.38	0.00	5.49	883.00
	1904.39	0.00	5.50	884.00
	1904.40	0.00	5.49	887.00
	1904.41	0.00	5.47	889.00
	1904.42	0.00	5.46	888.00
	1904.44	0.00	5.41	891.00
	1904.45	0.00	5.39	890.00
	1904.46	0.00	5.40	888.00
	1904.47	0.00	5.42	890.00
	1904.48	0.00	5.41	890.00
	1904.49	0.00	5.40	891.00
	1904.51	0.00	5.40	893.00
	1904.52	0.00	5.40	896.00
	1904.53	0.00	5.39	895.00
	1904.54	0.00	5.40	896.00
	1904.55	0.00	5.41	897.00
	1904.56	0.00	5.40	897.00
	1904.57	0.00	5.41	893.00
	1904.59	0.00	5.41	892.00
	1904.60	0.00	5.41	890.00
	1904.61	0.00	5.40	890.00
	1904.62	0.00	5.40	889.00
	1904.63	0.00	5.39	886.00
	1904.64	0.00	5.38	883.00
	1904.66	0.00	5.32	877.00
	1904.67	0.00	5.31	871.00
	1904.68	0.00	5.33	859.00
	1904.69	0.00	5.34	849.00
	1904.70	0.00	5.34	847.00
	1904.71	0.00	5.35	846.00
	1904.72	0.00	5.76	895.00
	1904.74	0.00	5.78	893.00
	1904.75	0.00	5.81	891.00
	1904.76	0.00	5.83	892.00
	1904.77	0.00	5.84	890.00
	1904.78	0.00	5.86	886.00
	1904.79	0.00	5.90	888.00
	1904.81	0.00	5.37	821.00
	1904.82	0.00	5.37	819.00
	1904.83	0.00	5.38	815.00
	1904.84	0.00	5.38	809.00
	1904.85	0.00	5.39	804.00
	1904.86	0.00	5.40	801.00
	1904.88	0.00	5.39	796.00
	1904.89	0.00	5.40	792.00
	1904.90	0.00	5.39	787.00
	1904.91	0.00	5.39	782.00
	1904.92	0.00	5.40	781.00
	1904.93	0.00	5.41	777.00
	1904.94	0.00	5.40	772.00
	1904.95	0.00	5.50	775.00
	1904.97	0.00	5.51	769.00
	1904.98	0.00	5.51	763.00
	1904.99	0.00	5.51	761.00
	1905.00	0.00	5.52	758.00
	1905.01	0.00	5.49	775.00
	1905.03	0.00	5.47	770.00
	1905.04	0.00	5.49	767.00
	1905.05	0.00	5.48	767.00
	1905.06	0.00	5.49	766.00
	1905.07	0.00	5.50	764.00
	1905.08	0.00	5.50	762.00
	1905.09	0.00	5.51	758.00
	1905.10	0.00	5.51	757.00
	1905.12	0.00	5.52	753.00
	1905.13	0.00	5.53	748.00
	1905.14	0.00	5.52	745.00
	1905.15	0.00	5.60	746.00
	1905.16	0.00	5.61	739.00
	1905.17	0.00	5.61	733.00
	1905.19	0.00	5.61	737.00
	1905.20	0.00	5.59	744.00
	1905.21	0.00	5.60	742.00
	1905.22	0.00	5.59	740.00
	1905.23	0.00	5.60	740.00
	1905.24	0.00	5.58	738.00
	1905.26	0.00	5.58	737.00
	1905.27	0.00	5.59	734.00
	1905.28	0.00	5.60	731.00
	1905.29	0.00	6.05	778.00
	1905.30	0.00	5.60	730.00
	1905.31	0.00	6.07	777.00
	1905.32	0.00	5.60	722.00
	1905.34	0.00	5.61	720.00
	1905.35	0.00	5.61	719.00
	1905.36	0.00	5.61	716.00
	1905.37	0.00	6.06	766.00
	1905.38	0.00	5.62	713.00
	1905.39	0.00	5.62	711.00
	1905.40	0.00	6.08	761.00
	1905.42	0.00	6.06	762.00
	1905.43	0.00	6.07	765.00
	1905.44	0.00	6.08	764.00
	1905.45	0.00	6.10	764.00
	1905.46	0.00	6.05	762.00
	1905.47	0.00	6.08	763.00
	1905.48	0.00	6.03	761.00
	1905.50	0.00	6.04	762.00
	1905.51	0.00	6.05	759.00
	1905.52	0.00	6.05	754.00
	1905.53	0.00	6.06	753.00
	1905.54	0.00	6.06	750.00
	1905.56	0.00	6.08	749.00
	1905.57	0.00	6.08	746.00
	1905.58	0.00	6.08	745.00
	1905.59	0.00	6.08	745.00
	1905.60	0.00	5.61	692.00
	1905.61	0.00	6.10	743.00
	1905.62	0.00	6.08	738.00
	1905.64	0.00	6.06	741.00
	1905.65	0.00	6.04	741.00
	1905.66	0.00	6.05	738.00
	1905.67	0.00	6.05	735.00
	1905.68	0.00	6.06	736.00
	1905.69	0.00	6.02	731.00
	1905.70	0.00	5.98	721.00
	1905.72	0.00	5.52	668.00
	1905.73	0.00	5.57	650.00
	1905.74	0.00	6.10	698.00
	1905.75	0.00	6.12	703.00
	1905.76	0.00	6.10	704.00
	1905.77	0.00	6.13	704.00
	1905.79	0.00	6.15	706.00
	1905.80	0.00	6.19	712.00
	1905.81	0.00	6.20	711.00
	1905.82	0.00	5.57	645.00
	1905.83	0.00	5.57	646.00
	1905.84	0.00	5.58	643.00
	1905.85	0.00	5.57	645.00
	1905.87	0.00	5.59	642.00
	1905.88	0.00	5.58	644.00
	1905.89	0.00	5.58	642.00
	1905.90	0.00	5.58	642.00
	1905.91	0.00	5.57	642.00
	1905.92	0.00	5.57	641.00
	1905.94	0.00	5.58	642.00
	1905.95	0.00	5.61	642.00
	1905.96	0.00	5.67	645.00
	1905.97	0.00	5.67	646.00
	1905.98	0.00	5.67	647.00
	1905.99	0.00	5.67	647.00
	1906.00	0.00	5.59	662.00
	1906.02	0.00	5.57	669.00
	1906.03	0.00	5.62	670.00
	1906.04	0.00	5.57	670.00
	1906.05	0.00	5.57	672.00
	1906.06	0.00	5.60	675.00
	1906.07	0.00	5.60	674.00
	1906.08	0.00	5.61	677.00
	1906.10	0.00	5.61	684.00
	1906.11	0.00	6.07	734.00
	1906.12	0.00	6.06	735.00
	1906.13	0.00	6.05	736.00
	1906.14	0.00	5.67	696.00
	1906.15	0.00	6.11	752.00
	1906.17	0.00	6.11	764.00
	1906.18	0.00	6.08	775.00
	1906.19	0.00	6.06	785.00
	1906.20	0.00	5.58	756.00
	1906.21	0.00	6.00	835.00
	1906.22	0.00	5.98	854.00
	1906.23	0.00	5.97	876.00
	1906.25	0.00	5.92	893.00
	1906.26	0.00	5.88	915.00
	1906.27	0.00	5.85	938.00
	1906.28	0.00	5.81	959.00
	1906.29	0.00	5.78	974.00
	1906.31	0.00	5.76	989.00
	1906.32	0.00	6.21	1050.00
	1906.33	0.00	6.21	1066.00
	1906.34	0.00	6.23	1077.00
	1906.35	0.00	6.26	1084.00
	1906.36	0.00	6.27	1092.00
	1906.37	0.00	6.27	1091.00
	1906.39	0.00	6.28	1096.00
	1906.40	0.00	6.30	1098.00
	1906.41	0.00	6.33	1102.00
	1906.42	0.00	6.34	1103.00
	1906.43	0.00	6.35	1101.00
	1906.44	0.00	6.37	1102.00
	1906.46	0.00	6.40	1079.00
	1906.47	0.00	6.42	1079.00
	1906.48	0.00	6.43	1079.00
	1906.49	0.00	6.43	1075.00
	1906.50	0.00	6.43	1072.00
	1906.51	0.00	6.43	1074.00
	1906.53	0.00	6.43	1079.00
	1906.54	0.00	6.42	1081.00
	1906.55	0.00	6.42	1085.00
	1906.56	0.00	6.43	1086.00
	1906.57	0.00	6.43	1093.00
	1906.58	0.00	6.43	1093.00
	1906.59	0.00	6.45	1091.00
	1906.61	0.00	6.46	1093.00
	1906.62	0.00	6.12	1038.00
	1906.63	0.00	6.50	1091.00
	1906.64	0.00	6.52	1090.00
	1906.65	0.00	6.53	1088.00
	1906.67	0.00	6.54	1084.00
	1906.68	0.00	6.54	1074.00
	1906.69	0.00	6.57	1068.00
	1906.70	0.00	6.63	1065.00
	1906.71	0.00	6.60	1056.00
	1906.72	0.00	6.62	1053.00
	1906.73	0.00	6.62	1045.00
	1906.75	0.00	6.62	1040.00
	1906.76	0.00	6.65	1035.00
	1906.77	0.00	6.69	1030.00
	1906.78	0.00	6.69	1023.00
	1906.79	0.00	6.74	1016.00
	1906.80	0.00	6.41	963.00
	1906.82	0.00	6.41	960.00
	1906.83	0.00	6.45	958.00
	1906.84	0.00	6.43	955.00
	1906.85	0.00	6.46	953.00
	1906.86	0.00	6.49	954.00
	1906.87	0.00	6.49	959.00
	1906.88	0.00	6.48	967.00
	1906.90	0.00	6.45	986.00
	1906.91	0.00	6.45	988.00
	1906.92	0.00	6.46	993.00
	1906.93	0.00	6.47	1001.00
	1906.94	0.00	6.46	1005.00
	1906.95	0.00	6.45	1007.00
	1906.96	0.00	6.45	1012.00
	1906.98	0.00	6.47	1018.00
	1906.99	0.00	6.45	1021.00
	1907.00	0.00	6.47	1026.00
	1907.01	0.00	6.48	1031.00
	1907.02	0.00	6.51	1025.00
	1907.04	0.00	6.50	1028.00
	1907.05	0.00	6.48	1036.00
	1907.06	0.00	6.45	1051.00
	1907.07	0.00	6.42	1065.00
	1907.08	0.00	6.37	1072.00
	1907.09	0.00	6.34	1083.00
	1907.10	0.00	6.27	1086.00
	1907.12	0.00	6.26	1089.00
	1907.13	0.00	6.26	1085.00
	1907.14	0.00	6.24	1076.00
	1907.15	0.00	6.21	1079.00
	1907.16	0.00	6.16	1082.00
	1907.17	0.00	6.10	1082.00
	1907.19	0.00	5.99	1075.00
	1907.20	0.00	5.90	1066.00
	1907.21	0.00	5.83	1051.00
	1907.22	0.00	5.81	1039.00
	1907.23	0.00	5.26	969.00
	1907.24	0.00	5.29	950.00
	1907.26	0.00	5.31	932.00
	1907.27	0.00	5.34	899.00
	1907.28	0.00	5.36	871.00
	1907.29	0.00	5.38	839.00
	1907.30	0.00	5.42	805.00
	1907.31	0.00	5.45	769.00
	1907.32	0.00	5.44	734.00
	1907.34	0.00	5.47	705.00
	1907.35	0.00	5.46	678.00
	1907.36	0.00	5.52	653.00
	1907.37	0.00	5.55	629.00
	1907.38	0.00	5.58	609.00
	1907.39	0.00	5.61	592.00
	1907.41	0.00	5.64	575.00
	1907.42	0.00	5.64	570.00
	1907.43	0.00	5.64	558.00
	1907.44	0.00	5.66	550.00
	1907.45	0.00	5.65	545.00
	1907.46	0.00	5.66	541.00
	1907.47	0.00	5.66	535.00
	1907.49	0.00	5.68	534.00
	1907.50	0.00	5.68	532.00
	1907.51	0.00	5.70	528.00
	1907.52	0.00	5.72	526.00
	1907.53	0.00	5.66	524.00
	1907.54	0.00	5.66	523.00
	1907.56	0.00	5.67	521.00
	1907.57	0.00	5.67	518.00
	1907.58	0.00	5.68	517.00
	1907.59	0.00	5.68	518.00
	1907.60	0.00	5.68	517.00
	1907.61	0.00	5.68	517.00
	1907.62	0.00	5.68	518.00
	1907.64	0.00	5.70	518.00
	1907.65	0.00	5.69	516.00
	1907.66	0.00	5.71	515.00
	1907.67	0.00	5.67	515.00
	1907.68	0.00	5.69	513.00
	1907.69	0.00	5.69	514.00
	1907.70	0.00	5.58	506.00
	1907.72	0.00	5.58	505.00
	1907.73	0.00	5.60	501.00
	1907.74	0.00	5.62	501.00
	1907.75	0.00	5.62	500.00
	1907.76	0.00	5.65	486.00
	1907.77	0.00	5.66	486.00
	1907.79	0.00	5.65	485.00
	1907.80	0.00	5.67	487.00
	1907.81	0.00	5.66	486.00
	1907.82	0.00	5.65	485.00
	1907.83	0.00	5.65	486.00
	1907.84	0.00	5.66	486.00
	1907.85	0.00	5.67	485.00
	1907.87	0.00	5.66	484.00
	1907.88	0.00	5.67	483.00
	1907.89	0.00	5.67	483.00
	1907.90	0.00	5.67	482.00
	1907.91	0.00	5.67	483.00
	1907.92	0.00	5.67	482.00
	1907.94	0.00	5.66	483.00
	1907.95	0.00	5.67	480.00
	1907.96	0.00	5.67	484.00
	1907.97	0.00	5.66	482.00
	1907.98	0.00	5.78	487.00
	1907.99	0.00	5.79	486.00
	1908.00	0.00	5.78	486.00
	1908.02	0.00	5.79	485.00
	1908.03	0.00	5.76	495.00
	1908.04	0.00	5.74	495.00
	1908.05	0.00	5.76	494.00
	1908.06	0.00	5.76	494.00
	1908.07	0.00	5.76	491.00
	1908.08	0.00	5.77	495.00
	1908.10	0.00	5.77	4	0.00	6.48	1013.00
	1917.32	0.00	6.47	1015.00
	1917.33	0.00	6.49	1017.00
	1917.35	0.00	6.47	1020.00
	1917.	1009.00
	1917.31	0.00	6.48	1013.00
	1917.32	0.00	6.47	1015.00
	1917.33	0.00	6.49	1017.00
	1917.35	0.00	6.47	1020.00
	1917.36	0.00	6.47	17.31	0.00	6.48	1013.00
	1917.32	0.00	6.47	1015.00
	1917.33	0.00	6.49	1017.00
	1917.35	0.00	6.47	1020.00
	1917.36	0.00	6.47	1025.00
	1917.37	0.00	6.48	1026.00
	1917.38	0.00	6.47	1028.00
	1917.39	0.00	6.49	1032.00
	1917.41	0.00	6.49	1033.00
	1917.42	0.00	6.48	1039.00
	1917.43	0.00	6.48	1044.00
	1917.44	0.00	6.45	1043.00
	1917.45	0.00	6.44	1042.00
	1917.46	0.00	6.43	1044.00
	1917.47	0.00	6.44	1043.00
	1917.49	0.00	6.41	1038.00
	1917.50	0.00	6.41	1033.00
	1917.51	0.00	6.41	1032.00
	1917.52	0.00	6.41	1028.00
	1917.53	0.00	6.38	1021.00
	1917.54	0.00	6.38	1020.00
	1917.56	0.00	6.39	1016.00
	1917.57	0.00	6.41	1014.00
	1917.58	0.00	6.39	1012.00
	1917.59	0.00	6.38	1008.00
	1917.60	0.00	6.38	1008.00
	1917.61	0.00	6.40	1007.00
	1917.63	0.00	6.39	1003.00
	1917.64	0.00	6.42	1005.00
	1917.65	0.00	6.41	1003.00
	1917.66	0.00	6.43	1000.00
	1917.67	0.00	6.41	991.00
	1917.68	0.00	6.47	992.00
	1917.69	0.00	6.50	985.00
	1917.71	0.00	6.51	977.00
	1917.72	0.00	6.53	971.00
	1917.73	0.00	6.55	964.00
	1917.74	0.00	6.60	962.00
	1917.75	0.00	6.62	956.00
	1917.76	0.00	6.26	894.00
	1917.78	0.00	6.27	891.00
	1917.79	0.00	6.29	892.00
	1917.80	0.00	6.31	891.00
	1917.81	0.00	6.33	894.00
	1917.82	0.00	6.34	900.00
	1917.83	0.00	6.34	903.00
	1917.84	0.00	6.34	905.00
	1917.86	0.00	6.35	916.00
	1917.87	0.00	6.34	921.00
	1917.88	0.00	6.32	928.00
	1917.89	0.00	6.35	933.00
	1917.90	0.00	6.33	939.00
	1917.92	0.00	6.33	946.00
	1917.93	0.00	6.29	951.00
	1917.94	0.00	6.28	956.00
	1917.95	0.00	6.26	963.00
	1917.96	0.00	6.26	969.00
	1917.97	0.00	6.26	976.00
	1917.98	0.00	6.24	987.00
	1918.00	0.00	6.18	999.00
	1918.01	0.00	6.18	1007.00
	1918.02	0.00	6.16	1020.00
	1918.03	0.00	6.13	1029.00
	1918.04	0.00	6.45	1091.00
	1918.05	0.00	6.42	1100.00
	1918.06	0.00	6.42	1101.00
	1918.08	0.00	6.39	1111.00
	1918.09	0.00	6.41	1120.00
	1918.10	0.00	6.40	1118.00
	1918.11	0.00	6.41	1126.00
	1918.12	0.00	6.38	1127.00
	1918.14	0.00	6.36	1130.00
	1918.15	0.00	6.35	1130.00
	1918.16	0.00	6.32	1129.00
	1918.17	0.00	6.31	1128.00
	1918.18	0.00	6.31	1126.00
	1918.19	0.00	6.27	1121.00
	1918.20	0.00	6.31	1127.00
	1918.22	0.00	6.31	1125.00
	1918.23	0.00	6.30	1127.00
	1918.24	0.00	6.31	1125.00
	1918.25	0.00	6.28	1127.00
	1918.26	0.00	6.26	1126.00
	1918.27	0.00	6.23	1124.00
	1918.29	0.00	6.19	1122.00
	1918.30	0.00	6.20	1122.00
	1918.31	0.00	5.82	1065.00
	1918.32	0.00	5.74	1064.00
	1918.33	0.00	5.79	1063.00
	1918.34	0.00	6.14	1121.00
	1918.35	0.00	6.10	1119.00
	1918.37	0.00	6.07	1115.00
	1918.38	0.00	5.99	1113.00
	1918.39	0.00	5.99	1107.00
	1918.40	0.00	6.05	1104.00
	1918.41	0.00	5.62	1045.00
	1918.43	0.00	5.63	1032.00
	1918.44	0.00	5.64	1012.00
	1918.45	0.00	5.67	996.00
	1918.46	0.00	5.69	969.00
	1918.47	0.00	5.72	949.00
	1918.48	0.00	5.74	926.00
	1918.49	0.00	5.72	897.00
	1918.51	0.00	5.77	888.00
	1918.52	0.00	5.76	870.00
	1918.53	0.00	5.78	853.00
	1918.54	0.00	5.37	792.00
	1918.55	0.00	5.34	775.00
	1918.56	0.00	5.35	761.00
	1918.57	0.00	5.35	741.00
	1918.59	0.00	5.37	722.00
	1918.60	0.00	5.37	704.00
	1918.61	0.00	5.39	683.00
	1918.62	0.00	5.42	663.00
	1918.63	0.00	5.43	644.00
	1918.65	0.00	5.45	622.00
	1918.66	0.00	5.47	601.00
	1918.67	0.00	5.52	592.00
	1918.68	0.00	5.53	583.00
	1918.69	0.00	5.52	571.00
	1918.70	0.00	5.52	564.00
	1918.71	0.00	5.55	555.00
	1918.73	0.00	5.52	548.00
	1918.74	0.00	5.54	543.00
	1918.75	0.00	5.53	538.00
	1918.76	0.00	5.45	529.00
	1918.77	0.00	5.46	524.00
	1918.78	0.00	5.47	521.00
	1918.79	0.00	5.49	519.00
	1918.81	0.00	5.50	513.00
	1918.82	0.00	5.55	497.00
	1918.83	0.00	5.55	496.00
	1918.84	0.00	5.55	497.00
	1918.85	0.00	5.56	497.00
	1918.86	0.00	5.56	495.00
	1918.88	0.00	5.57	494.00
	1918.89	0.00	5.55	494.00
	1918.90	0.00	5.55	496.00
	1918.91	0.00	5.54	497.00
	1918.92	0.00	5.54	497.00
	1918.93	0.00	5.55	502.00
	1918.94	0.00	5.52	507.00
	1918.96	0.00	5.52	513.00
	1918.97	0.00	5.51	518.00
	1918.98	0.00	5.51	525.00
	1918.99	0.00	5.51	532.00
	1919.00	0.00	5.51	538.00
	1919.01	0.00	5.50	541.00
	1919.03	0.00	5.51	545.00
	1919.04	0.00	5.51	547.00
	1919.05	0.00	5.59	552.00
	1919.06	0.00	5.58	555.00
	1919.07	0.00	5.60	559.00
	1919.08	0.00	5.58	561.00
	1919.09	0.00	5.57	575.00
	1919.11	0.00	5.54	586.00
	1919.12	0.00	5.53	594.00
	1919.13	0.00	5.54	600.00
	1919.14	0.00	5.54	607.00
	1919.15	0.00	5.56	614.00
	1919.16	0.00	5.56	622.00
	1919.18	0.00	5.55	625.00
	1919.19	0.00	5.56	630.00
	1919.20	0.00	5.56	635.00
	1919.21	0.00	5.56	636.00
	1919.22	0.00	5.56	638.00
	1919.23	0.00	5.60	638.00
	1919.24	0.00	5.63	641.00
	1919.26	0.00	5.66	643.00
	1919.27	0.00	5.66	646.00
	1919.28	0.00	5.66	650.00
	1919.29	0.00	6.11	718.00
	1919.30	0.00	5.64	670.00
	1919.31	0.00	5.63	674.00
	1919.32	0.00	5.60	675.00
	1919.34	0.00	5.61	678.00
	1919.35	0.00	5.62	679.00
	1919.36	0.00	5.62	681.00
	1919.37	0.00	5.61	683.00
	1919.38	0.00	5.62	684.00
	1919.39	0.00	6.09	745.00
	1919.41	0.00	6.12	746.00
	1919.42	0.00	6.11	748.00
	1919.43	0.00	6.10	750.00
	1919.44	0.00	6.10	754.00
	1919.45	0.00	6.10	755.00
	1919.46	0.00	6.12	756.00
	1919.47	0.00	6.11	759.00
	1919.49	0.00	6.10	761.00
	1919.50	0.00	6.09	761.00
	1919.51	0.00	5.62	705.00
	1919.52	0.00	5.62	705.00
	1919.53	0.00	6.09	760.00
	1919.55	0.00	6.08	761.00
	1919.56	0.00	6.09	760.00
	1919.57	0.00	6.11	762.00
	1919.58	0.00	6.06	762.00
	1919.59	0.00	6.05	761.00
	1919.60	0.00	6.05	761.00
	1919.61	0.00	6.04	759.00
	1919.63	0.00	6.05	762.00
	1919.64	0.00	6.05	763.00
	1919.65	0.00	6.06	765.00
	1919.66	0.00	6.05	764.00
	1919.67	0.00	6.03	766.00
	1919.68	0.00	5.56	713.00
	1919.69	0.00	6.04	770.00
	1919.71	0.00	6.05	770.00
	1919.72	0.00	6.05	768.00
	1919.73	0.00	6.00	770.00
	1919.74	0.00	5.99	772.00
	1919.75	0.00	5.97	773.00
	1919.76	0.00	5.98	777.00
	1919.78	0.00	5.98	779.00
	1919.79	0.00	5.88	774.00
	1919.80	0.00	5.42	722.00
	1919.81	0.00	5.87	770.00
	1919.82	0.00	5.98	756.00
	1919.83	0.00	5.96	756.00
	1919.84	0.00	5.96	757.00
	1919.86	0.00	5.98	759.00
	1919.87	0.00	5.98	760.00
	1919.88	0.00	5.99	762.00
	1919.89	0.00	6.02	760.00
	1919.90	0.00	6.05	768.00
	1919.92	0.00	6.05	767.00
	1919.93	0.00	5.45	699.00
	1919.94	0.00	5.46	700.00
	1919.95	0.00	5.45	699.00
	1919.96	0.00	5.45	698.00
	1919.97	0.00	5.46	698.00
	1919.98	0.00	5.47	697.00
	1920.00	0.00	5.46	696.00
	1920.01	0.00	5.46	691.00
	1920.02	0.00	5.45	691.00
	1920.03	0.00	5.41	695.00
	1920.04	0.00	5.46	693.00
	1920.05	0.00	5.46	691.00
	1920.06	0.00	5.47	690.00
	1920.08	0.00	5.49	689.00
	1920.09	0.00	5.53	691.00
	1920.10	0.00	5.53	690.00
	1920.11	0.00	5.52	698.00
	1920.12	0.00	5.49	709.00
	1920.13	0.00	5.50	709.00
	1920.15	0.00	5.50	709.00
	1920.16	0.00	5.50	709.00
	1920.17	0.00	5.51	709.00
	1920.18	0.00	5.51	709.00
	1920.19	0.00	5.52	708.00
	1920.20	0.00	5.51	710.00
	1920.21	0.00	5.52	707.00
	1920.23	0.00	5.52	705.00
	1920.24	0.00	5.53	707.00
	1920.25	0.00	5.52	705.00
	1920.26	0.00	5.52	710.00
	1920.27	0.00	5.53	708.00
	1920.28	0.00	5.54	708.00
	1920.30	0.00	5.57	706.00
	1920.31	0.00	5.61	710.00
	1920.32	0.00	5.61	708.00
	1920.33	0.00	5.61	707.00
	1920.34	0.00	5.62	706.00
	1920.35	0.00	6.04	773.00
	1920.36	0.00	6.03	772.00
	1920.38	0.00	6.03	771.00
	1920.39	0.00	5.58	720.00
	1920.40	0.00	5.58	721.00
	1920.41	0.00	5.58	720.00
	1920.42	0.00	5.59	720.00
	1920.43	0.00	5.57	719.00
	1920.45	0.00	5.59	717.00
	1920.46	0.00	6.07	779.00
	1920.47	0.00	6.07	780.00
	1920.48	0.00	6.07	780.00
	1920.49	0.00	6.06	779.00
	1920.50	0.00	6.06	779.00
	1920.52	0.00	6.04	775.00
	1920.53	0.00	5.57	721.00
	1920.54	0.00	5.59	721.00
	1920.55	0.00	6.05	782.00
	1920.56	0.00	6.07	782.00
	1920.57	0.00	6.03	782.00
	1920.58	0.00	6.02	781.00
	1920.59	0.00	6.01	778.00
	1920.61	0.00	6.02	776.00
	1920.62	0.00	6.02	776.00
	1920.63	0.00	6.02	778.00
	1920.64	0.00	6.01	778.00
	1920.65	0.00	6.02	778.00
	1920.67	0.00	6.03	779.00
	1920.68	0.00	6.03	783.00
	1920.69	0.00	6.03	783.00
	1920.70	0.00	6.03	784.00
	1920.71	0.00	5.98	783.00
	1920.72	0.00	5.98	783.00
	1920.73	0.00	5.95	782.00
	1920.75	0.00	5.96	784.00
	1920.76	0.00	5.96	784.00
	1920.77	0.00	5.92	780.00
	1920.78	0.00	5.87	775.00
	1920.79	0.00	5.87	771.00
	1920.80	0.00	5.88	759.00
	1920.81	0.00	5.97	758.00
	1920.83	0.00	5.97	757.00
	1920.84	0.00	5.98	759.00
	1920.85	0.00	6.00	760.00
	1920.86	0.00	6.01	760.00
	1920.87	0.00	6.03	761.00
	1920.88	0.00	6.05	767.00
	1920.90	0.00	6.07	771.00
	1920.91	0.00	5.45	701.00
	1920.92	0.00	5.45	702.00
	1920.93	0.00	5.46	703.00
	1920.94	0.00	5.45	703.00
	1920.95	0.00	5.45	703.00
	1920.96	0.00	5.46	703.00
	1920.98	0.00	5.45	704.00
	1920.99	0.00	5.44	701.00
	1921.00	0.00	5.44	700.00
	1921.01	0.00	5.45	702.00
	1921.02	0.00	5.45	701.00
	1921.03	0.00	5.44	702.00
	1921.05	0.00	5.45	702.00
	1921.06	0.00	5.45	703.00
	1921.07	0.00	5.54	705.00
	1921.08	0.00	5.53	703.00
	1921.09	0.00	5.54	704.00
	1921.10	0.00	5.51	718.00
	1921.11	0.00	5.50	721.00
	1921.13	0.00	5.50	722.00
	1921.14	0.00	5.49	721.00
	1921.15	0.00	5.50	721.00
	1921.16	0.00	5.50	722.00
	1921.17	0.00	5.50	722.00
	1921.18	0.00	5.51	722.00
	1921.20	0.00	5.51	724.00
	1921.21	0.00	5.51	721.00
	1921.22	0.00	5.50	721.00
	1921.23	0.00	5.51	726.00
	1921.24	0.00	5.51	725.00
	1921.25	0.00	5.52	725.00
	1921.26	0.00	5.52	723.00
	1921.28	0.00	5.52	724.00
	1921.29	0.00	5.61	727.00
	1921.30	0.00	6.04	775.00
	1921.31	0.00	5.60	724.00
	1921.32	0.00	5.59	728.00
	1921.33	0.00	5.58	736.00
	1921.34	0.00	6.00	790.00
	1921.36	0.00	6.02	791.00
	1921.37	0.00	6.02	791.00
	1921.38	0.00	6.01	791.00
	1921.39	0.00	5.56	741.00
	1921.40	0.00	5.55	740.00
	1921.42	0.00	5.56	739.00
	1921.43	0.00	5.56	743.00
	1921.44	0.00	5.57	741.00
	1921.45	0.00	5.57	738.00
	1921.46	0.00	6.05	800.00
	1921.47	0.00	6.04	797.00
	1921.48	0.00	6.04	797.00
	1921.50	0.00	6.04	796.00
	1921.51	0.00	6.06	797.00
	1921.52	0.00	6.05	801.00
	1921.53	0.00	6.03	798.00
	1921.54	0.00	6.02	796.00
	1921.55	0.00	5.56	740.00
	1921.56	0.00	6.02	800.00
	1921.58	0.00	6.04	802.00
	1921.59	0.00	6.03	803.00
	1921.60	0.00	6.04	803.00
	1921.61	0.00	6.02	802.00
	1921.62	0.00	5.97	802.00
	1921.63	0.00	5.98	804.00
	1921.65	0.00	5.98	804.00
	1921.66	0.00	5.98	801.00
	1921.67	0.00	5.98	803.00
	1921.68	0.00	5.98	804.00
	1921.69	0.00	6.00	806.00
	1921.70	0.00	5.98	805.00
	1921.71	0.00	5.99	808.00
	1921.73	0.00	6.00	809.00
	1921.74	0.00	6.00	809.00
	1921.75	0.00	6.01	809.00
	1921.76	0.00	5.95	810.00
	1921.77	0.00	5.94	809.00
	1921.78	0.00	5.95	808.00
	1921.80	0.00	5.92	809.00
	1921.81	0.00	5.84	803.00
	1921.82	0.00	5.84	805.00
	1921.83	0.00	5.84	807.00
	1921.84	0.00	5.83	803.00
	1921.85	0.00	5.41	736.00
	1921.86	0.00	5.92	787.00
	1921.88	0.00	5.94	790.00
	1921.89	0.00	5.95	793.00
	1921.90	0.00	5.97	796.00
	1921.91	0.00	6.00	799.00
	1921.92	0.00	5.97	802.00
	1921.93	0.00	6.00	805.00
	1921.94	0.00	6.01	806.00
	1921.96	0.00	5.42	739.00
	1921.97	0.00	5.41	738.00
	1921.98	0.00	5.42	739.00
	1921.99	0.00	5.41	738.00
	1922.00	0.00	5.41	738.00
	1922.02	0.00	5.39	739.00
	1922.03	0.00	5.41	739.00
	1922.04	0.00	5.41	739.00
	1922.05	0.00	5.40	741.00
	1922.06	0.00	5.41	742.00
	1922.07	0.00	5.40	741.00
	1922.08	0.00	5.40	740.00
	1922.10	0.00	5.43	743.00
	1922.11	0.00	5.42	742.00
	1922.12	0.00	5.50	741.00
	1922.13	0.00	5.49	741.00
	1922.14	0.00	5.50	743.00
	1922.15	0.00	5.46	758.00
	1922.16	0.00	5.47	758.00
	1922.18	0.00	5.45	758.00
	1922.19	0.00	5.46	758.00
	1922.20	0.00	5.47	757.00
	1922.21	0.00	5.47	756.00
	1922.22	0.00	5.47	756.00
	1922.23	0.00	5.48	756.00
	1922.25	0.00	5.47	755.00
	1922.26	0.00	5.47	764.00
	1922.27	0.00	5.46	762.00
	1922.28	0.00	5.47	765.00
	1922.29	0.00	5.45	764.00
	1922.30	0.00	5.89	814.00
	1922.31	0.00	5.49	763.00
	1922.33	0.00	5.54	766.00
	1922.34	0.00	5.54	764.00
	1922.35	0.00	5.54	765.00
	1922.36	0.00	5.93	831.00
	1922.37	0.00	5.94	831.00
	1922.38	0.00	5.52	780.00
	1922.40	0.00	5.51	779.00
	1922.41	0.00	5.94	831.00
	1922.42	0.00	5.51	781.00
	1922.43	0.00	5.50	780.00
	1922.44	0.00	5.51	780.00
	1922.45	0.00	5.51	779.00
	1922.46	0.00	5.51	778.00
	1922.48	0.00	5.49	774.00
	1922.49	0.00	5.97	837.00
	1922.50	0.00	5.97	836.00
	1922.51	0.00	5.98	835.00
	1922.52	0.00	5.96	834.00
	1922.53	0.00	5.97	837.00
	1922.55	0.00	5.97	836.00
	1922.56	0.00	5.98	837.00
	1922.57	0.00	5.97	835.00
	1922.58	0.00	5.96	832.00
	1922.59	0.00	5.50	777.00
	1922.60	0.00	5.97	838.00
	1922.61	0.00	5.96	838.00
	1922.63	0.00	5.96	839.00
	1922.64	0.00	5.97	839.00
	1922.65	0.00	5.97	838.00
	1922.66	0.00	5.91	837.00
	1922.67	0.00	5.92	836.00
	1922.68	0.00	5.94	836.00
	1922.70	0.00	5.92	833.00
	1922.71	0.00	5.93	833.00
	1922.72	0.00	5.94	834.00
	1922.73	0.00	5.93	833.00
	1922.74	0.00	5.94	835.00
	1922.75	0.00	5.93	833.00
	1922.76	0.00	5.94	835.00
	1922.78	0.00	5.95	833.00
	1922.79	0.00	5.95	836.00
	1922.80	0.00	5.93	829.00
	1922.81	0.00	5.95	834.00
	1922.82	0.00	5.90	834.00
	1922.83	0.00	5.91	833.00
	1922.84	0.00	5.89	830.00
	1922.86	0.00	5.90	830.00
	1922.87	0.00	5.81	822.00
	1922.88	0.00	5.82	819.00
	1922.89	0.00	5.82	809.00
	1922.90	0.00	5.90	798.00
	1922.92	0.00	5.88	797.00
	1922.93	0.00	5.91	800.00
	1922.94	0.00	5.92	800.00
	1922.95	0.00	5.94	801.00
	1922.96	0.00	5.97	804.00
	1922.97	0.00	5.96	801.00
	1922.98	0.00	5.98	803.00
	1923.00	0.00	6.01	806.00
	1923.01	0.00	6.04	808.00
	1923.02	0.00	5.42	737.00
	1923.03	0.00	5.42	737.00
	1923.04	0.00	5.42	735.00
	1923.05	0.00	5.43	736.00
	1923.06	0.00	5.41	734.00
	1923.08	0.00	5.42	735.00
	1923.09	0.00	5.41	734.00
	1923.10	0.00	5.40	734.00
	1923.11	0.00	5.42	732.00
	1923.12	0.00	5.42	735.00
	1923.13	0.00	5.41	734.00
	1923.15	0.00	5.41	735.00
	1923.16	0.00	5.49	736.00
	1923.17	0.00	5.49	735.00
	1923.18	0.00	5.49	735.00
	1923.19	0.00	5.49	736.00
	1923.20	0.00	5.50	737.00
	1923.21	0.00	5.48	743.00
	1923.23	0.00	5.46	755.00
	1923.24	0.00	5.46	755.00
	1923.25	0.00	5.47	754.00
	1923.26	0.00	5.46	755.00
	1923.27	0.00	5.47	754.00
	1923.28	0.00	5.48	755.00
	1923.30	0.00	5.48	753.00
	1923.31	0.00	5.48	754.00
	1923.32	0.00	5.48	753.00
	1923.33	0.00	5.47	757.00
	1923.34	0.00	5.47	757.00
	1923.35	0.00	5.91	806.00
	1923.36	0.00	5.49	757.00
	1923.38	0.00	5.54	759.00
	1923.39	0.00	5.56	758.00
	1923.40	0.00	5.55	759.00
	1923.41	0.00	5.99	807.00
	1923.42	0.00	5.56	757.00
	1923.43	0.00	5.55	760.00
	1923.44	0.00	5.96	824.00
	1923.46	0.00	5.95	824.00
	1923.47	0.00	5.95	824.00
	1923.48	0.00	5.95	823.00
	1923.49	0.00	5.52	774.00
	1923.50	0.00	5.52	771.00
	1923.51	0.00	5.53	774.00
	1923.53	0.00	5.52	772.00
	1923.54	0.00	5.51	773.00
	1923.55	0.00	5.52	769.00
	1923.56	0.00	5.98	833.00
	1923.57	0.00	6.00	835.00
	1923.58	0.00	5.95	834.00
	1923.59	0.00	5.97	833.00
	1923.61	0.00	5.98	834.00
	1923.62	0.00	6.00	834.00
	1923.63	0.00	6.00	835.00
	1923.64	0.00	5.99	834.00
	1923.65	0.00	5.96	830.00
	1923.66	0.00	5.98	837.00
	1923.68	0.00	5.98	837.00
	1923.69	0.00	5.99	838.00
	1923.70	0.00	5.98	838.00
	1923.71	0.00	5.98	838.00
	1923.72	0.00	5.99	839.00
	1923.73	0.00	5.93	838.00
	1923.75	0.00	5.92	836.00
	1923.76	0.00	5.94	836.00
	1923.77	0.00	5.94	831.00
	1923.78	0.00	5.94	833.00
	1923.79	0.00	5.94	833.00
	1923.80	0.00	5.94	834.00
	1923.81	0.00	5.95	835.00
	1923.83	0.00	5.96	835.00
	1923.84	0.00	5.95	833.00
	1923.85	0.00	5.97	838.00
	1923.86	0.00	5.96	837.00
	1923.87	0.00	5.97	838.00
	1923.88	0.00	5.95	835.00
	1923.90	0.00	5.92	837.00
	1923.91	0.00	5.92	838.00
	1923.92	0.00	5.91	836.00
	1923.93	0.00	5.91	837.00
	1923.94	0.00	5.90	836.00
	1923.95	0.00	5.89	834.00
	1923.96	0.00	5.83	830.00
	1923.98	0.00	5.83	828.00
	1923.99	0.00	5.82	827.00
	1924.00	1.00	5.83	826.00
	1924.01	1.00	5.82	811.00
	1924.02	1.00	5.93	805.00
	1924.03	1.00	5.92	806.00
	1924.05	1.00	5.93	809.00
	1924.06	1.00	5.98	812.00
	1924.07	1.00	5.98	814.00
	1924.08	1.00	5.96	812.00
	1924.09	1.00	6.01	817.00
	1924.10	1.00	6.01	816.00
	1924.11	1.00	5.41	747.00
	1924.13	1.00	5.41	747.00
	1924.14	1.00	5.41	747.00
	1924.15	1.00	5.42	746.00
	1924.16	1.00	5.40	745.00
	1924.17	1.00	5.42	746.00
	1924.19	1.00	5.41	746.00
	1924.20	1.00	5.41	745.00
	1924.21	1.00	5.41	745.00
	1924.22	1.00	5.40	743.00
	1924.23	0.00	5.40	745.00
	1924.24	0.00	5.41	745.00
	1924.25	0.00	5.41	745.00
	1924.27	0.00	5.41	744.00
	1924.28	0.00	5.41	744.00
	1924.29	0.00	5.41	746.00
	1924.30	0.00	5.50	747.00
	1924.31	0.00	5.50	747.00
	1924.32	0.00	5.50	746.00
	1924.33	0.00	5.49	749.00
	1924.35	0.00	5.46	765.00
	1924.36	0.00	5.45	764.00
	1924.37	0.00	5.45	764.00
	1924.38	0.00	5.47	762.00
	1924.39	0.00	5.45	764.00
	1924.40	0.00	5.46	765.00
	1924.42	0.00	5.45	763.00
	1924.43	0.00	5.48	764.00
	1924.44	0.00	5.46	762.00
	1924.45	0.00	5.46	762.00
	1924.46	0.00	5.48	761.00
	1924.47	0.00	5.41	761.00
	1924.48	0.00	5.41	758.00
	1924.50	0.00	5.91	813.00
	1924.51	0.00	5.91	814.00
	1924.52	0.00	5.94	815.00
	1924.53	0.00	5.96	812.00
	1924.54	0.00	5.99	814.00
	1924.55	0.00	5.99	814.00
	1924.57	0.00	6.00	814.00
	1924.58	0.00	5.56	762.00
	1924.59	0.00	5.56	764.00
	1924.60	0.00	5.98	830.00
	1924.61	0.00	5.97	829.00
	1924.62	0.00	5.98	828.00
	1924.63	0.00	5.95	825.00
	1924.65	0.00	5.95	824.00
	1924.66	0.00	5.52	775.00
	1924.67	0.00	5.52	775.00
	1924.68	0.00	5.52	775.00
	1924.69	0.00	5.54	774.00
	1924.70	0.00	5.53	769.00
	1924.71	0.00	6.00	834.00
	1924.73	0.00	6.00	834.00
	1924.74	0.00	5.98	832.00
	1924.75	0.00	6.00	834.00
	1924.76	0.00	6.00	833.00
	1924.77	0.00	6.00	833.00
	1924.79	0.00	6.01	835.00
	1924.80	0.00	6.00	834.00
	1924.81	0.00	6.00	834.00
	1924.82	0.00	5.97	826.00
	1924.83	0.00	5.99	835.00
	1924.84	0.00	5.94	837.00
	1924.85	0.00	6.00	837.00
	1924.87	0.00	6.00	835.00
	1924.88	0.00	6.01	837.00
	1924.89	0.00	6.01	837.00
	1924.90	0.00	5.96	836.00
	1924.91	0.00	5.94	833.00
	1924.92	0.00	5.96	834.00
	1924.94	0.00	5.95	830.00
	1924.95	0.00	5.94	832.00
	1924.96	0.00	5.94	833.00
	1924.97	0.00	5.96	833.00
	1924.98	0.00	5.95	833.00
	1924.99	0.00	5.93	833.00
	1925.00	0.00	5.94	837.00
	1925.02	0.00	5.95	839.00
	1925.03	0.00	5.98	841.00
	1925.04	0.00	5.94	840.00
	1925.05	0.00	5.89	844.00
	1925.06	0.00	5.89	846.00
	1925.07	0.00	5.88	849.00
	1925.08	0.00	5.87	850.00
	1925.10	0.00	5.87	849.00
	1925.11	0.00	5.79	843.00
	1925.12	0.00	5.79	840.00
	1925.13	0.00	5.80	834.00
	1925.14	0.00	5.89	821.00
	1925.15	0.00	5.89	820.00
	1925.17	0.00	5.90	820.00
	1925.18	0.00	5.93	822.00
	1925.19	0.00	5.96	824.00
	1925.20	0.00	5.99	826.00
	1925.21	0.00	5.97	827.00
	1925.22	0.00	6.01	828.00
	1925.23	0.00	6.02	830.00
	1925.25	0.00	5.39	757.00
	1925.26	0.00	5.40	755.00
	1925.27	0.00	5.41	755.00
	1925.28	0.00	5.41	756.00
	1925.29	0.00	5.41	754.00
	1925.30	0.00	5.42	755.00
	1925.31	0.00	5.41	753.00
	1925.33	0.00	5.40	752.00
	1925.34	0.00	5.41	750.00
	1925.35	0.00	5.40	750.00
	1925.36	0.00	5.41	749.00
	1925.37	0.00	5.41	748.00
	1925.39	0.00	5.41	751.00
	1925.40	0.00	5.41	750.00
	1925.41	0.00	5.42	749.00
	1925.42	0.00	5.43	748.00
	1925.43	0.00	5.50	751.00
	1925.44	0.00	5.51	750.00
	1925.45	0.00	5.50	751.00
	1925.47	0.00	5.51	748.00
	1925.48	0.00	5.49	753.00
	1925.49	0.00	5.47	768.00
	1925.50	0.00	5.47	767.00
	1925.51	0.00	5.47	767.00
	1925.52	0.00	5.45	764.00
	1925.53	0.00	5.47	764.00
	1925.55	0.00	5.46	763.00
	1925.56	0.00	5.47	762.00
	1925.57	0.00	5.47	761.00
	1925.58	0.00	5.48	763.00
	1925.59	0.00	5.48	762.00
	1925.60	0.00	5.47	761.00
	1925.61	0.00	5.48	763.00
	1925.63	0.00	5.48	762.00
	1925.64	0.00	5.48	764.00
	1925.65	0.00	5.48	760.00
	1925.66	0.00	5.92	816.00
	1925.67	0.00	5.92	815.00
	1925.69	0.00	5.93	815.00
	1925.70	0.00	5.94	814.00
	1925.71	0.00	6.00	818.00
	1925.72	0.00	6.00	813.00
	1925.73	0.00	5.57	764.00
	1925.74	0.00	5.54	777.00
	1925.75	0.00	5.97	833.00
	1925.77	0.00	5.97	834.00
	1925.78	0.00	5.98	832.00
	1925.79	0.00	5.97	835.00
	1925.80	0.00	5.97	834.00
	1925.81	0.00	5.95	832.00
	1925.82	0.00	5.95	833.00
	1925.83	0.00	5.95	833.00
	1925.85	0.00	5.93	832.00
	1925.86	0.00	5.52	783.00
	1925.87	0.00	5.52	783.00
	1925.88	0.00	5.52	781.00
	1925.89	0.00	6.00	845.00
	1925.90	0.00	6.01	846.00
	1925.92	0.00	5.96	845.00
	1925.93	0.00	5.96	846.00
	1925.94	0.00	5.99	845.00
	1925.95	0.00	6.00	847.00
	1925.96	0.00	6.01	848.00
	1925.97	0.00	6.00	847.00
	1925.98	0.00	5.98	845.00
	1926.00	0.00	5.99	849.00
	1926.01	0.00	5.97	849.00
	1926.02	0.00	5.98	850.00
	1926.03	0.00	5.99	850.00
	1926.04	0.00	5.93	847.00
	1926.05	0.00	5.95	846.00
	1926.07	0.00	5.95	848.00
	1926.08	0.00	5.93	846.00
	1926.09	0.00	5.95	847.00
	1926.10	0.00	5.96	842.00
	1926.11	0.00	5.95	845.00
	1926.12	0.00	5.94	844.00
	1926.14	0.00	5.95	845.00
	1926.15	0.00	5.96	846.00
	1926.16	0.00	5.96	848.00
	1926.17	0.00	5.97	850.00
	1926.18	0.00	5.97	851.00
	1926.19	0.00	5.97	850.00
	1926.20	0.00	5.97	848.00
	1926.22	0.00	5.87	849.00
	1926.23	0.00	5.92	850.00
	1926.24	0.00	5.92	850.00
	1926.25	0.00	5.91	849.00
	1926.26	0.00	5.91	848.00
	1926.27	0.00	5.89	846.00
	1926.29	0.00	5.83	841.00
	1926.30	0.00	5.37	785.00
	1926.31	0.00	5.82	836.00
	1926.32	0.00	5.82	831.00
	1926.33	0.00	5.86	813.00
	1926.34	0.00	5.91	821.00
	1926.35	0.00	5.87	823.00
	1926.37	0.00	5.91	825.00
	1926.38	0.00	5.96	827.00
	1926.39	0.00	5.97	831.00
	1926.40	0.00	5.94	827.00
	1926.41	0.00	6.01	836.00
	1926.42	0.00	5.40	766.00
	1926.44	0.00	5.40	768.00
	1926.45	0.00	5.40	769.00
	1926.46	0.00	5.39	772.00
	1926.47	0.00	5.39	773.00
	1926.48	0.00	5.39	776.00
	1926.49	0.00	5.39	778.00
	1926.50	0.00	5.37	780.00
	1926.52	0.00	5.38	782.00
	1926.53	0.00	5.38	785.00
	1926.54	0.00	5.30	786.00
	1926.55	0.00	5.33	788.00
	1926.56	0.00	5.33	791.00
	1926.57	0.00	5.32	793.00
	1926.58	0.00	5.34	797.00
	1926.60	0.00	5.34	802.00
	1926.61	0.00	5.40	810.00
	1926.62	0.00	5.42	814.00
	1926.63	0.00	5.40	818.00
	1926.64	0.00	5.38	823.00
	1926.65	0.00	5.39	826.00
	1926.67	0.00	5.38	832.00
	1926.68	0.00	5.38	841.00
	1926.69	0.00	5.36	858.00
	1926.70	0.00	5.34	872.00
	1926.71	0.00	5.32	880.00
	1926.72	0.00	5.30	891.00
	1926.73	0.00	5.29	899.00
	1926.75	0.00	5.24	912.00
	1926.76	0.00	5.27	918.00
	1926.77	0.00	5.25	924.00
	1926.78	0.00	5.23	929.00
	1926.79	0.00	5.23	938.00
	1926.81	0.00	5.22	948.00
	1926.82	0.00	5.22	956.00
	1926.83	0.00	5.21	964.00
	1926.84	0.00	5.20	968.00
	1926.85	0.00	5.14	975.00
	1926.86	0.00	5.19	981.00
	1926.88	0.00	5.18	985.00
	1926.89	0.00	5.18	991.00
	1926.90	0.00	5.18	994.00
	1926.91	0.00	5.19	998.00
	1926.92	0.00	5.18	1002.00
	1926.93	0.00	5.17	1000.00
	1926.94	0.00	5.17	999.00
	1926.96	0.00	5.18	1000.00
	1926.97	0.00	5.18	997.00
	1926.98	0.00	5.18	994.00
	1926.99	0.00	5.19	991.00
	1927.00	0.00	5.19	985.00
	1927.01	0.00	5.21	976.00
	1927.03	0.00	5.21	967.00
	1927.04	0.00	5.23	955.00
	1927.05	0.00	5.24	941.00
	1927.06	0.00	5.25	925.00
	1927.07	0.00	5.26	899.00
	1927.08	0.00	5.30	867.00
	1927.09	0.00	5.33	830.00
	1927.11	0.00	5.35	800.00
	1927.12	0.00	5.34	751.00
	1927.13	0.00	5.37	706.00
	1927.14	0.00	5.44	651.00
	1927.15	0.00	5.52	605.00
	1927.16	0.00	5.65	578.00
	1927.18	0.00	5.68	558.00
	1927.19	0.00	5.71	547.00
	1927.20	0.00	5.66	541.00
	1927.21	0.00	5.66	538.00
	1927.22	0.00	5.68	541.00
	1927.23	0.00	5.67	548.00
	1927.24	0.00	5.68	547.00
	1927.26	0.00	5.67	544.00
	1927.27	0.00	5.66	544.00
	1927.28	0.00	5.65	542.00
	1927.29	0.00	5.65	538.00
	1927.30	0.00	5.66	539.00
	1927.31	0.00	5.67	537.00
	1927.32	0.00	5.65	541.00
	1927.34	0.00	5.65	541.00
	1927.35	0.00	5.66	541.00
	1927.36	0.00	5.66	538.00
	1927.37	0.00	5.66	538.00
	1927.38	0.00	5.66	537.00
	1927.39	0.00	5.66	537.00
	1927.41	0.00	5.67	536.00
	1927.42	0.00	5.68	535.00
	1927.43	0.00	5.68	535.00
	1927.44	0.00	5.62	533.00
	1927.45	0.00	5.61	529.00
	1927.46	0.00	5.62	526.00
	1927.47	0.00	5.63	525.00
	1927.49	0.00	5.64	524.00
	1927.50	0.00	5.64	522.00
	1927.51	0.00	5.66	521.00
	1927.52	0.00	5.66	521.00
	1927.53	0.00	5.66	519.00
	1927.54	0.00	5.67	519.00
	1927.56	0.00	5.65	521.00
	1927.57	0.00	5.66	521.00
	1927.58	0.00	5.67	522.00
	1927.59	0.00	5.62	519.00
	1927.60	0.00	5.60	514.00
	1927.61	0.00	5.60	513.00
	1927.63	0.00	5.61	510.00
	1927.64	0.00	5.62	509.00
	1927.65	0.00	5.65	503.00
	1927.66	0.00	5.65	503.00
	1927.67	0.00	5.67	501.00
	1927.68	0.00	5.64	509.00
	1927.69	0.00	5.65	537.00
	1927.70	0.00	5.52	598.00
	1927.72	0.00	5.32	738.00
	1927.73	0.00	5.17	872.00
	1927.74	0.00	5.11	955.00
	1927.75	0.00	5.09	993.00
	1927.76	0.00	5.08	1026.00
	1927.78	0.00	5.05	1073.00
	1927.79	0.00	5.03	1121.00
	1927.80	0.00	5.02	1172.00
	1927.81	0.00	5.35	1257.00
	1927.82	0.00	5.35	1277.00
	1927.83	0.00	5.35	1275.00
	1927.84	0.00	5.36	1272.00
	1927.86	0.00	5.39	1265.00
	1927.87	0.00	5.39	1244.00
	1927.88	0.00	5.44	1220.00
	1927.89	0.00	5.86	1237.00
	1927.90	0.00	6.00	1215.00
	1927.92	0.00	6.05	1180.00
	1927.93	0.00	6.10	1138.00
	1927.94	0.00	6.16	1087.00
	1927.95	0.00	5.96	991.00
	1927.96	0.00	6.07	941.00
	1927.97	0.00	6.15	899.00
	1927.98	0.00	6.24	855.00
	1928.00	0.00	6.29	812.00
	1928.01	0.00	6.41	772.00
	1928.02	0.00	6.48	750.00
	1928.03	0.00	6.58	733.00
	1928.04	0.00	6.63	718.00
	1928.05	0.00	6.69	711.00
	1928.06	0.00	6.79	708.00
	1928.08	0.00	6.83	708.00
	1928.09	0.00	6.88	709.00
	1928.10	0.00	6.94	709.00
	1928.11	0.00	6.99	710.00
	1928.12	0.00	7.01	711.00
	1928.13	0.00	7.08	712.00
	1928.15	0.00	7.13	712.00
	1928.16	0.00	7.20	717.00
	1928.17	0.00	8.02	768.00
	1928.18	0.00	8.10	772.00
	1928.19	0.00	8.24	752.00
	1928.20	0.00	8.34	748.00
	1928.21	0.00	8.45	760.00
	1928.23	0.00	8.49	767.00
	1928.24	0.00	8.60	776.00
	1928.25	0.00	8.68	782.00
	1928.26	0.00	8.84	801.00
	1928.27	0.00	8.93	799.00
	1928.29	0.00	9.08	813.00
	1928.30	0.00	9.23	822.00
	1928.31	0.00	9.27	825.00
	1928.32	0.00	9.23	820.00
	1928.33	0.00	9.06	796.00
	1928.34	0.00	8.83	768.00
	1928.35	0.00	8.50	726.00
	1928.37	0.00	8.18	688.00
	1928.38	0.00	8.00	663.00
	1928.39	0.00	7.84	641.00
	1928.40	0.00	7.86	625.00
	1928.41	0.00	7.56	595.00
	1928.42	0.00	6.73	524.00
	1928.44	0.00	6.51	511.00
	1928.45	0.00	5.44	465.00
	1928.46	0.00	5.46	480.00
	1928.47	0.00	5.48	484.00
	1928.48	0.00	5.47	482.00
	1928.49	0.00	5.48	480.00
	1928.51	0.00	5.52	476.00
	1928.52	0.00	5.64	482.00
	1928.53	0.00	5.64	480.00
	1928.54	0.00	5.62	488.00
	1928.55	0.00	5.62	485.00
	1928.56	0.00	5.63	487.00
	1928.57	0.00	5.62	493.00
	1928.58	0.00	5.62	495.00
	1928.60	0.00	5.62	491.00
	1928.61	0.00	5.62	487.00
	1928.62	0.00	5.65	484.00
	1928.63	0.00	5.63	486.00
	1928.64	0.00	5.57	485.00
	1928.65	0.00	5.54	484.00
	1928.67	0.00	5.62	488.00
	1928.68	0.00	5.65	486.00
	1928.69	0.00	5.64	484.00
	1928.70	0.00	5.66	481.00
	1928.71	0.00	5.66	479.00
	1928.72	0.00	5.68	475.00
	1928.73	0.00	5.67	476.00
	1928.75	0.00	5.65	477.00
	1928.76	0.00	5.67	478.00
	1928.77	0.00	5.70	477.00
	1928.78	0.00	5.68	476.00
	1928.79	0.00	5.69	475.00
	1928.81	0.00	5.69	473.00
	1928.82	0.00	5.71	474.00
	1928.83	0.00	5.70	473.00
	1928.84	0.00	5.71	473.00
	1928.85	0.00	5.72	474.00
	1928.86	0.00	5.70	473.00
	1928.87	0.00	5.71	474.00
	1928.89	0.00	5.73	473.00
	1928.90	0.00	5.71	475.00
	1928.91	0.00	5.72	476.00
	1928.92	0.00	5.72	477.00
	1928.93	0.00	5.65	508.00
	1928.94	0.00	5.47	590.00
	1928.95	0.00	4.93	911.00
	1928.97	0.00	4.73	1189.00
	1928.98	0.00	4.89	1207.00
	1928.99	0.00	4.92	1207.00
	1929.00	0.00	4.93	1190.00
	1929.01	0.00	4.93	1194.00
	1929.02	0.00	4.92	1238.00
	1929.04	0.00	5.28	1321.00
	1929.05	0.00	5.34	1332.00
	1929.06	0.00	5.43	1312.00
	1929.07	0.00	5.46	1276.00
	1929.08	0.00	5.89	1286.00
	1929.09	0.00	5.99	1251.00
	1929.11	0.00	6.08	1203.00
	1929.12	0.00	6.18	1147.00
	1929.13	0.00	6.24	1089.00
	1929.14	0.00	6.31	1027.00
	1929.15	0.00	6.04	918.00
	1929.16	0.00	6.14	852.00
	1929.18	0.00	6.25	798.00
	1929.19	0.00	6.37	743.00
	1929.20	0.00	6.48	704.00
	1929.21	0.00	6.59	683.00
	1929.22	0.00	6.65	672.00
	1929.23	0.00	6.74	666.00
	1929.25	0.00	6.79	662.00
	1929.26	0.00	6.83	659.00
	1929.27	0.00	6.86	659.00
	1929.28	0.00	6.98	663.00
	1929.29	0.00	7.09	672.00
	1929.30	0.00	7.12	675.00
	1929.31	0.00	7.20	678.00
	1929.33	0.00	7.30	687.00
	1929.34	0.00	7.32	696.00
	1929.35	0.00	7.41	695.00
	1929.36	0.00	8.23	743.00
	1929.37	0.00	8.35	745.00
	1929.38	0.00	8.40	750.00
	1929.40	0.00	8.45	756.00
	1929.41	0.00	8.59	763.00
	1929.42	0.00	8.64	771.00
	1929.43	0.00	8.78	779.00
	1929.44	0.00	8.82	791.00
	1929.45	0.00	8.98	793.00
	1929.46	0.00	9.09	796.00
	1929.48	0.00	9.21	804.00
	1929.49	0.00	9.24	805.00
	1929.50	0.00	9.18	804.00
	1929.51	0.00	9.16	801.00
	1929.52	0.00	9.03	787.00
	1929.53	0.00	8.71	749.00
	1929.55	0.00	8.29	703.00
	1929.56	0.00	7.93	663.00
	1929.57	0.00	7.70	634.00
	1929.58	0.00	7.60	613.00
	1929.59	0.00	7.45	589.00
	1929.60	0.00	6.29	519.00
	1929.62	0.00	5.59	469.00
	1929.63	0.00	5.49	475.00
	1929.64	0.00	5.50	484.00
	1929.65	0.00	5.50	485.00
	1929.66	0.00	5.50	486.00
	1929.67	0.00	5.52	485.00
	1929.68	0.00	5.53	483.00
	1929.70	0.00	5.55	488.00
	1929.71	0.00	5.55	490.00
	1929.72	0.00	5.56	489.00
	1929.73	0.00	5.56	489.00
	1929.74	0.00	5.56	488.00
	1929.75	0.00	5.54	487.00
	1929.77	0.00	5.48	483.00
	1929.78	0.00	5.50	482.00
	1929.79	0.00	5.50	480.00
	1929.80	0.00	5.51	480.00
	1929.81	0.00	5.53	470.00
	1929.82	0.00	5.56	470.00
	1929.83	0.00	5.57	470.00
	1929.85	0.00	5.55	469.00
	1929.86	0.00	5.55	470.00
	1929.87	0.00	5.55	469.00
	1929.88	0.00	5.55	471.00
	1929.89	0.00	5.57	471.00
	1929.90	0.00	5.56	470.00
	1929.92	0.00	5.57	470.00
	1929.93	0.00	5.56	470.00
	1929.94	0.00	5.50	471.00
	1929.95	0.00	5.55	471.00
	1929.96	0.00	5.57	471.00
	1929.97	0.00	5.58	470.00
	1929.98	0.00	5.58	471.00
	1930.00	0.00	5.58	471.00
	1930.01	0.00	5.57	470.00
	1930.02	0.00	5.60	471.00
	1930.03	0.00	5.61	471.00
	1930.04	0.00	5.61	470.00
	1930.05	0.00	5.61	469.00
	1930.06	0.00	5.59	471.00
	1930.08	0.00	5.59	471.00
	1930.09	0.00	5.60	470.00
	1930.10	0.00	5.61	470.00
	1930.11	0.00	5.59	470.00
	1930.12	0.00	5.61	481.00
	1930.14	0.00	5.48	526.00
	1930.15	0.00	5.20	714.00
	1930.16	0.00	4.82	1026.00
	1930.17	0.00	4.91	1090.00
	1930.18	0.00	4.94	1113.00
	1930.19	0.00	4.96	1101.00
	1930.20	0.00	4.98	1097.00
	1930.22	0.00	4.99	1103.00
	1930.23	0.00	5.01	1139.00
	1930.24	0.00	5.05	1167.00
	1930.25	0.00	5.06	1180.00
	1930.26	0.00	5.05	1177.00
	1930.27	0.00	5.07	1158.00
	1930.29	0.00	5.52	1183.00
	1930.30	0.00	5.58	1147.00
	1930.31	0.00	5.65	1094.00
	1930.32	0.00	5.73	1038.00
	1930.33	0.00	5.83	981.00
	1930.34	0.00	5.92	929.00
	1930.35	0.00	5.99	884.00
	1930.37	0.00	6.07	831.00
	1930.38	0.00	6.12	790.00
	1930.39	0.00	6.15	761.00
	1930.40	0.00	6.18	742.00
	1930.41	0.00	6.22	720.00
	1930.43	0.00	6.23	709.00
	1930.44	0.00	6.23	705.00
	1930.45	0.00	6.26	706.00
	1930.46	0.00	6.26	714.00
	1930.47	0.00	6.26	724.00
	1930.48	0.00	6.28	740.00
	1930.49	0.00	6.23	752.00
	1930.51	0.00	6.25	766.00
	1930.52	0.00	6.29	773.00
	1930.53	0.00	6.36	773.00
	1930.54	0.00	6.39	762.00
	1930.55	0.00	6.46	754.00
	1930.56	0.00	6.55	741.00
	1930.57	0.00	6.60	721.00
	1930.59	0.00	6.69	706.00
	1930.60	0.00	7.52	742.00
	1930.61	0.00	7.65	734.00
	1930.62	0.00	7.76	729.00
	1930.63	0.00	7.90	731.00
	1930.64	0.00	8.03	739.00
	1930.66	0.00	8.19	735.00
	1930.67	0.00	8.28	728.00
	1930.68	0.00	8.41	725.00
	1930.69	0.00	8.50	728.00
	1930.70	0.00	8.61	729.00
	1930.71	0.00	8.68	730.00
	1930.72	0.00	8.70	731.00
	1930.74	0.00	8.69	731.00
	1930.75	0.00	8.56	717.00
	1930.76	0.00	8.46	708.00
	1930.77	0.00	8.14	678.00
	1930.78	0.00	7.85	648.00
	1930.80	0.00	7.72	630.00
	1930.81	0.00	7.59	611.00
	1930.82	0.00	7.48	592.00
	1930.83	0.00	6.29	520.00
	1930.84	0.00	5.53	465.00
	1930.85	0.00	5.53	473.00
	1930.86	0.00	5.52	478.00
	1930.88	0.00	5.54	477.00
	1930.89	0.00	5.61	481.00
	1930.90	0.00	5.62	479.00
	1930.91	0.00	5.63	483.00
	1930.92	0.00	5.64	481.00
	1930.93	0.00	5.63	483.00
	1930.94	0.00	5.64	483.00
	1930.96	0.00	5.64	477.00
	1930.97	0.00	5.59	479.00
	1930.98	0.00	5.62	477.00
	1930.99	0.00	5.62	475.00
	1931.00	0.00	5.63	478.00
	1931.02	0.00	5.61	477.00
	1931.03	0.00	5.62	477.00
	1931.04	0.00	5.61	477.00
	1931.05	0.00	5.61	479.00
	1931.06	0.00	5.60	475.00
	1931.07	0.00	5.60	473.00
	1931.08	0.00	5.61	473.00
	1931.09	0.00	5.62	474.00
	1931.11	0.00	5.61	473.00
	1931.12	0.00	5.64	473.00
	1931.13	0.00	5.64	472.00
	1931.14	0.00	5.61	472.00
	1931.15	0.00	5.62	473.00
	1931.16	0.00	5.63	471.00
	1931.18	0.00	5.64	470.00
	1931.19	0.00	5.63	470.00
	1931.20	0.00	5.58	470.00
	1931.21	0.00	5.59	471.00
	1931.22	0.00	5.59	472.00
	1931.23	0.00	5.65	472.00
	1931.25	0.00	5.65	472.00
	1931.26	0.00	5.65	471.00
	1931.27	0.00	5.66	471.00
	1931.28	0.00	5.67	470.00
	1931.29	0.00	5.65	473.00
	1931.30	0.00	5.66	474.00
	1931.31	0.00	5.66	477.00
	1931.33	0.00	5.57	507.00
	1931.34	0.00	5.32	658.00
	1931.35	0.00	4.80	1076.00
	1931.36	0.00	4.90	1170.00
	1931.37	0.00	4.93	1170.00
	1931.38	0.00	4.97	1136.00
	1931.40	0.00	5.00	1102.00
	1931.41	0.00	5.00	1118.00
	1931.42	0.00	5.08	1154.00
	1931.43	0.00	5.09	1165.00
	1931.44	0.00	5.12	1161.00
	1931.45	0.00	5.17	1131.00
	1931.46	0.00	5.55	1159.00
	1931.48	0.00	5.64	1125.00
	1931.49	0.00	5.72	1083.00
	1931.50	0.00	5.81	1033.00
	1931.51	0.00	5.87	984.00
	1931.52	0.00	5.93	950.00
	1931.54	0.00	5.96	916.00
	1931.55	0.00	6.03	888.00
	1931.56	0.00	6.12	854.00
	1931.57	0.00	6.22	815.00
	1931.58	0.00	6.30	780.00
	1931.59	0.00	6.36	749.00
	1931.60	0.00	6.42	722.00
	1931.62	0.00	6.48	690.00
	1931.63	0.00	6.48	668.00
	1931.64	0.00	6.48	653.00
	1931.65	0.00	6.50	646.00
	1931.66	0.00	6.47	640.00
	1931.67	0.00	6.48	639.00
	1931.69	0.00	6.51	639.00
	1931.70	0.00	6.54	639.00
	1931.71	0.00	6.46	630.00
	1931.72	0.00	6.43	625.00
	1931.73	0.00	6.41	621.00
	1931.74	0.00	6.40	623.00
	1931.76	0.00	6.45	613.00
	1931.77	0.00	6.47	615.00
	1931.78	0.00	6.49	616.00
	1931.79	0.00	6.56	619.00
	1931.80	0.00	6.73	612.00
	1931.81	0.00	6.70	629.00
	1931.82	0.00	6.82	620.00
	1931.84	0.00	6.89	634.00
	1931.85	0.00	7.06	654.00
	1931.86	0.00	7.16	665.00
	1931.87	0.00	8.20	741.00
	1931.88	0.00	8.34	748.00
	1931.89	0.00	8.45	761.00
	1931.91	0.00	8.57	772.00
	1931.92	0.00	8.67	777.00
	1931.93	0.00	8.78	783.00
	1931.94	0.00	8.78	782.00
	1931.95	0.00	8.57	764.00
	1931.96	0.00	8.44	748.00
	1931.98	0.00	8.18	717.00
	1931.99	0.00	7.93	685.00
	1932.00	0.00	7.71	652.00
	1932.01	0.00	7.50	620.00
	1932.02	0.00	7.33	593.00
	1932.03	0.00	7.24	576.00
	1932.05	0.00	5.50	466.00
	1932.06	0.00	5.53	467.00
	1932.07	0.00	5.51	485.00
	1932.08	0.00	5.52	491.00
	1932.09	0.00	5.52	493.00
	1932.10	0.00	5.52	491.00
	1932.11	0.00	5.53	490.00
	1932.13	0.00	5.55	490.00
	1932.14	0.00	5.54	488.00
	1932.15	0.00	5.46	483.00
	1932.16	0.00	5.46	481.00
	1932.17	0.00	5.47	479.00
	1932.18	0.00	5.49	472.00
	1932.19	0.00	5.49	471.00
	1932.21	0.00	5.51	471.00
	1932.22	0.00	5.50	467.00
	1932.23	0.00	5.51	468.00
	1932.24	0.00	5.53	468.00
	1932.25	0.00	5.53	469.00
	1932.27	0.00	5.54	468.00
	1932.28	0.00	5.52	467.00
	1932.29	0.00	5.55	467.00
	1932.30	0.00	5.53	465.00
	1932.31	0.00	5.55	466.00
	1932.32	0.00	5.54	467.00
	1932.33	0.00	5.53	464.00
	1932.35	0.00	5.54	464.00
	1932.36	0.00	5.53	464.00
	1932.37	0.00	5.54	462.00
	1932.38	0.00	5.55	461.00
	1932.39	0.00	5.61	463.00
	1932.40	0.00	5.61	462.00
	1932.41	0.00	5.62	462.00
	1932.43	0.00	5.61	462.00
	1932.44	0.00	5.61	461.00
	1932.45	0.00	5.63	464.00
	1932.46	0.00	5.63	464.00
	1932.47	0.00	5.60	467.00
	1932.48	0.00	5.61	464.00
	1932.50	0.00	5.63	465.00
	1932.51	0.00	5.62	463.00
	1932.52	0.00	5.63	465.00
	1932.53	0.00	5.60	473.00
	1932.54	0.00	5.54	508.00
	1932.55	0.00	5.29	646.00
	1932.56	0.00	5.04	884.00
	1932.58	0.00	4.97	1012.00
	1932.59	0.00	4.99	1033.00
	1932.60	0.00	5.00	1015.00
	1932.61	0.00	5.02	1005.00
	1932.62	0.00	5.02	1020.00
	1932.64	0.00	5.00	1067.00
	1932.65	0.00	5.00	1112.00
	1932.66	0.00	5.00	1123.00
	1932.67	0.00	4.98	1134.00
	1932.68	0.00	5.43	1184.00
	1932.69	0.00	5.54	1180.00
	1932.70	0.00	5.57	1157.00
	1932.72	0.00	5.61	1132.00
	1932.73	0.00	5.67	1097.00
	1932.74	0.00	5.71	1047.00
	1932.75	0.00	5.81	1011.00
	1932.76	0.00	5.89	974.00
	1932.77	0.00	5.95	925.00
	1932.79	0.00	6.02	876.00
	1932.80	0.00	6.14	809.00
	1932.81	0.00	6.25	761.00
	1932.82	0.00	6.37	715.00
	1932.83	0.00	6.43	682.00
	1932.84	0.00	6.46	658.00
	1932.85	0.00	6.51	645.00
	1932.87	0.00	6.57	638.00
	1932.88	0.00	6.59	623.00
	1932.89	0.00	6.66	627.00
	1932.90	0.00	6.66	626.00
	1932.91	0.00	6.72	628.00
	1932.92	0.00	6.76	629.00
	1932.94	0.00	6.75	628.00
	1932.95	0.00	6.80	628.00
	1932.96	0.00	6.84	628.00
	1932.97	0.00	6.88	629.00
	1932.98	0.00	7.80	680.00
	1932.99	0.00	7.87	683.00
	1933.01	0.00	7.87	697.00
	1933.02	0.00	8.00	682.00
	1933.03	0.00	8.00	687.00
	1933.04	0.00	8.15	700.00
	1933.05	0.00	8.19	703.00
	1933.06	0.00	8.33	709.00
	1933.07	0.00	8.42	713.00
	1933.09	0.00	8.52	724.00
	1933.10	0.00	8.61	734.00
	1933.11	0.00	8.79	751.00
	1933.12	0.00	8.90	760.00
	1933.13	0.00	9.01	772.00
	1933.14	0.00	9.08	780.00
	1933.16	0.00	9.10	785.00
	1933.17	0.00	9.11	784.00
	1933.18	0.00	9.03	779.00
	1933.19	0.00	8.90	759.00
	1933.20	0.00	8.57	721.00
	1933.21	0.00	8.29	691.00
	1933.22	0.00	8.02	659.00
	1933.24	0.00	7.89	637.00
	1933.25	0.00	7.65	607.00
	1933.26	0.00	7.42	583.00
	1933.27	0.00	6.58	514.00
	1933.28	0.00	5.54	465.00
	1933.30	0.00	5.51	472.00
	1933.31	0.00	5.52	479.00
	1933.32	0.00	5.54	476.00
	1933.33	0.00	5.60	480.00
	1933.34	0.00	5.61	476.00
	1933.35	0.00	5.60	478.00
	1933.36	0.00	5.63	478.00
	1933.38	0.00	5.64	478.00
	1933.39	0.00	5.58	480.00
	1933.40	0.00	5.57	487.00
	1933.41	0.00	5.57	488.00
	1933.42	0.00	5.59	483.00
	1933.43	0.00	5.60	479.00
	1933.44	0.00	5.60	480.00
	1933.46	0.00	5.60	480.00
	1933.47	0.00	5.63	476.00
	1933.48	0.00	5.61	474.00
	1933.49	0.00	5.62	472.00
	1933.50	0.00	5.63	471.00
	1933.51	0.00	5.64	470.00
	1933.53	0.00	5.62	469.00
	1933.54	0.00	5.62	468.00
	1933.55	0.00	5.63	468.00
	1933.56	0.00	5.57	467.00
	1933.57	0.00	5.61	467.00
	1933.58	0.00	5.59	465.00
	1933.59	0.00	5.59	464.00
	1933.61	0.00	5.59	465.00
	1933.62	0.00	5.61	466.00
	1933.63	0.00	5.60	465.00
	1933.64	0.00	5.62	466.00
	1933.65	0.00	5.62	466.00
	1933.66	0.00	5.62	465.00
	1933.68	0.00	5.63	465.00
	1933.69	0.00	5.63	465.00
	1933.70	0.00	5.64	465.00
	1933.71	0.00	5.63	463.00
	1933.72	0.00	5.59	462.00
	1933.73	0.00	5.60	463.00
	1933.75	0.00	5.60	463.00
	1933.76	0.00	5.61	461.00
	1933.77	0.00	5.62	463.00
	1933.78	0.00	5.62	464.00
	1933.79	0.00	5.58	478.00
	1933.80	0.00	5.47	538.00
	1933.81	0.00	5.13	773.00
	1933.83	0.00	4.96	1005.00
	1933.84	0.00	4.96	1076.00
	1933.85	0.00	4.97	1102.00
	1933.86	0.00	5.01	1104.00
	1933.87	0.00	5.01	1103.00
	1933.88	0.00	5.00	1116.00
	1933.90	0.00	4.99	1138.00
	1933.91	0.00	5.04	1153.00
	1933.92	0.00	5.06	1143.00
	1933.93	0.00	5.07	1128.00
	1933.94	0.00	5.08	1119.00
	1933.95	0.00	5.08	1104.00
	1933.96	0.00	5.10	1085.00
	1933.98	0.00	5.55	1103.00
	1933.99	0.00	5.59	1072.00
	1934.00	0.00	5.64	1042.00
	1934.01	0.00	5.71	998.00
	1934.02	0.00	5.77	953.00
	1934.03	0.00	5.81	911.00
	1934.05	0.00	5.91	862.00
	1934.06	0.00	5.94	836.00
	1934.07	0.00	5.97	819.00
	1934.08	0.00	5.97	801.00
	1934.09	0.00	6.00	794.00
	1934.10	0.00	6.01	792.00
	1934.11	0.00	6.00	793.00
	1934.13	0.00	6.01	799.00
	1934.14	0.00	6.01	802.00
	1934.15	0.00	6.06	801.00
	1934.16	0.00	6.08	794.00
	1934.17	0.00	6.10	785.00
	1934.19	0.00	6.16	768.00
	1934.20	0.00	6.21	751.00
	1934.21	0.00	6.30	740.00
	1934.22	0.00	7.16	774.00
	1934.23	0.00	7.34	759.00
	1934.24	0.00	7.47	741.00
	1934.26	0.00	7.62	734.00
	1934.27	0.00	7.66	719.00
	1934.28	0.00	7.89	722.00
	1934.29	0.00	8.03	720.00
	1934.30	0.00	8.10	719.00
	1934.31	0.00	8.28	730.00
	1934.32	0.00	8.42	738.00
	1934.34	0.00	8.55	748.00
	1934.35	0.00	8.64	741.00
	1934.36	0.00	8.71	729.00
	1934.37	0.00	8.70	725.00
	1934.38	0.00	8.66	718.00
	1934.39	0.00	8.56	706.00
	1934.41	0.00	8.47	692.00
	1934.42	0.00	8.33	668.00
	1934.43	0.00	8.17	650.00
	1934.44	0.00	8.02	631.00
	1934.45	0.00	7.40	568.00
	1934.46	0.00	7.22	553.00
	1934.47	0.00	6.91	536.00
	1934.49	0.00	6.68	521.00
	1934.50	0.00	5.52	462.00
	1934.51	0.00	5.49	469.00
	1934.52	0.00	5.49	471.00
	1934.53	0.00	5.49	470.00
	1934.54	0.00	5.50	470.00
	1934.56	0.00	5.51	470.00
	1934.57	0.00	5.53	472.00
	1934.58	0.00	5.52	470.00
	1934.59	0.00	5.60	474.00
	1934.60	0.00	5.60	470.00
	1934.61	0.00	5.59	472.00
	1934.62	0.00	5.59	475.00
	1934.64	0.00	5.59	474.00
	1934.65	0.00	5.59	474.00
	1934.66	0.00	5.59	474.00
	1934.67	0.00	5.59	473.00
	1934.68	0.00	5.60	474.00
	1934.69	0.00	5.59	471.00
	1934.70	0.00	5.58	475.00
	1934.72	0.00	5.57	473.00
	1934.73	0.00	5.54	470.00
	1934.74	0.00	5.66	476.00
	1934.75	0.00	5.66	475.00
	1934.76	0.00	5.66	475.00
	1934.77	0.00	5.67	474.00
	1934.79	0.00	5.66	483.00
	1934.80	0.00	5.68	482.00
	1934.81	0.00	5.65	482.00
	1934.82	0.00	5.65	480.00
	1934.83	0.00	5.68	478.00
	1934.84	0.00	5.64	476.00
	1934.85	0.00	5.68	476.00
	1934.87	0.00	5.68	474.00
	1934.88	0.00	5.68	474.00
	1934.89	0.00	5.69	475.00
	1934.90	0.00	5.69	475.00
	1934.91	0.00	5.70	475.00
	1934.92	0.00	5.71	475.00
	1934.94	0.00	5.66	474.00
	1934.95	0.00	5.66	474.00
	1934.96	0.00	5.67	472.00
	1934.97	0.00	5.65	478.00
	1934.98	0.00	5.65	481.00
	1934.99	0.00	5.60	497.00
	1935.01	0.00	5.50	537.00
	1935.02	0.00	5.41	617.00
	1935.03	0.00	5.31	697.00
	1935.04	0.00	5.27	753.00
	1935.05	0.00	5.25	773.00
	1935.06	0.00	5.24	776.00
	1935.07	0.00	5.26	778.00
	1935.08	0.00	5.25	789.00
	1935.10	0.00	5.26	814.00
	1935.11	0.00	5.21	822.00
	1935.12	0.00	5.18	837.00
	1935.13	0.00	5.20	858.00
	1935.14	0.00	5.17	868.00
	1935.16	0.00	5.75	934.00
	1935.17	0.00	5.77	955.00
	1935.18	0.00	5.81	973.00
	1935.19	0.00	5.80	979.00
	1935.20	0.00	5.82	977.00
	1935.21	0.00	5.84	964.00
	1935.22	0.00	6.58	1009.00
	1935.24	0.00	6.64	1007.00
	1935.25	0.00	6.69	1005.00
	1935.26	0.00	6.76	996.00
	1935.27	0.00	6.81	977.00
	1935.28	0.00	6.85	953.00
	1935.29	0.00	6.94	920.00
	1935.31	0.00	6.99	894.00
	1935.32	0.00	7.02	862.00
	1935.33	0.00	7.03	828.00
	1935.34	0.00	7.04	794.00
	1935.35	0.00	7.08	760.00
	1935.36	0.00	6.28	685.00
	1935.38	0.00	6.74	720.00
	1935.39	0.00	6.78	711.00
	1935.40	0.00	6.79	702.00
	1935.41	0.00	7.61	749.00
	1935.42	0.00	6.87	696.00
	1935.43	0.00	6.89	698.00
	1935.44	0.00	6.89	696.00
	1935.46	0.00	6.90	693.00
	1935.47	0.00	6.84	686.00
	1935.48	0.00	6.94	697.00
	1935.49	0.00	6.95	702.00
	1935.50	0.00	6.96	703.00
	1935.51	0.00	6.98	703.00
	1935.53	0.00	6.98	703.00
	1935.54	0.00	6.98	705.00
	1935.55	0.00	6.93	706.00
	1935.56	0.00	6.98	718.00
	1935.57	0.00	7.76	772.00
	1935.58	0.00	7.90	785.00
	1935.59	0.00	7.98	791.00
	1935.61	0.00	8.11	794.00
	1935.62	0.00	8.18	791.00
	1935.63	0.00	8.30	789.00
	1935.64	0.00	7.96	738.00
	1935.65	0.00	8.12	736.00
	1935.67	0.00	8.26	742.00
	1935.68	0.00	8.34	743.00
	1935.69	0.00	8.43	741.00
	1935.70	0.00	8.49	741.00
	1935.71	0.00	8.53	733.00
	1935.72	0.00	8.49	722.00
	1935.73	0.00	8.35	702.00
	1935.75	0.00	8.15	673.00
	1935.76	0.00	8.00	656.00
	1935.77	0.00	7.77	627.00
	1935.78	0.00	7.65	609.00
	1935.79	0.00	6.98	542.00
	1935.80	0.00	6.89	533.00
	1935.81	0.00	6.67	517.00
	1935.83	0.00	5.50	460.00
	1935.84	0.00	5.52	460.00
	1935.85	0.00	5.51	463.00
	1935.86	0.00	5.53	469.00
	1935.87	0.00	5.57	468.00
	1935.89	0.00	5.55	464.00
	1935.90	0.00	5.56	466.00
	1935.91	0.00	5.57	463.00
	1935.92	0.00	5.57	466.00
	1935.93	0.00	5.57	465.00
	1935.94	0.00	5.57	464.00
	1935.95	0.00	5.67	469.00
	1935.96	0.00	5.67	469.00
	1935.98	0.00	5.68	469.00
	1935.99	0.00	5.67	475.00
	1936.00	0.00	5.67	475.00
	1936.01	0.00	5.68	475.00
	1936.02	0.00	5.68	475.00
	1936.03	0.00	5.68	473.00
	1936.05	0.00	5.68	473.00
	1936.06	0.00	5.68	475.00
	1936.07	0.00	5.68	474.00
	1936.08	0.00	5.67	473.00
	1936.09	0.00	5.75	476.00
	1936.10	0.00	5.77	475.00
	1936.11	0.00	5.76	479.00
	1936.13	0.00	5.77	476.00
	1936.14	0.00	5.77	476.00
	1936.15	0.00	5.75	474.00
	1936.16	0.00	5.72	472.00
	1936.17	0.00	5.75	476.00
	1936.18	0.00	5.75	474.00
	1936.19	0.00	5.75	472.00
	1936.21	0.00	5.74	476.00
	1936.22	0.00	5.76	476.00
	1936.23	0.00	5.73	477.00
	1936.24	0.00	5.72	478.00
	1936.25	0.00	5.73	479.00
	1936.26	0.00	5.72	481.00
	1936.28	0.00	5.72	484.00
	1936.29	0.00	5.69	497.00
	1936.30	0.00	5.57	532.00
	1936.31	0.00	5.46	600.00
	1936.32	0.00	5.31	699.00
	1936.33	0.00	5.26	767.00
	1936.34	0.00	5.25	790.00
	1936.36	0.00	5.25	796.00
	1936.37	0.00	5.25	811.00
	1936.38	0.00	5.24	825.00
	1936.39	0.00	5.25	850.00
	1936.40	0.00	5.60	934.00
	1936.41	0.00	5.69	980.00
	1936.43	0.00	5.73	1006.00
	1936.44	0.00	5.72	1027.00
	1936.45	0.00	5.71	1039.00
	1936.46	0.00	5.73	1045.00
	1936.47	0.00	5.74	1045.00
	1936.48	0.00	5.77	1037.00
	1936.50	0.00	5.79	1024.00
	1936.51	0.00	5.75	1008.00
	1936.52	0.00	5.82	1002.00
	1936.53	0.00	6.30	1041.00
	1936.54	0.00	6.36	1026.00
	1936.55	0.00	6.42	1011.00
	1936.56	0.00	6.45	993.00
	1936.58	0.00	6.51	974.00
	1936.59	0.00	6.54	952.00
	1936.60	0.00	6.59	930.00
	1936.61	0.00	6.64	907.00
	1936.62	0.00	6.68	891.00
	1936.63	0.00	6.75	871.00
	1936.65	0.00	6.80	853.00
	1936.66	0.00	6.89	835.00
	1936.67	0.00	6.93	822.00
	1936.68	0.00	6.99	808.00
	1936.69	0.00	7.04	794.00
	1936.70	0.00	7.09	778.00
	1936.71	0.00	7.10	769.00
	1936.73	0.00	7.12	764.00
	1936.74	0.00	7.16	759.00
	1936.75	0.00	7.17	750.00
	1936.76	0.00	7.21	745.00
	1936.77	0.00	7.21	733.00
	1936.79	0.00	7.22	728.00
	1936.80	0.00	7.22	721.00
	1936.81	0.00	7.23	719.00
	1936.82	0.00	8.00	764.00
	1936.83	0.00	8.00	758.00
	1936.84	0.00	8.00	748.00
	1936.85	0.00	7.53	684.00
	1936.87	0.00	7.66	674.00
	1936.88	0.00	7.62	684.00
	1936.89	0.00	7.78	681.00
	1936.90	0.00	7.82	684.00
	1936.91	0.00	7.93	689.00
	1936.92	0.00	7.96	691.00
	1936.94	0.00	8.12	700.00
	1936.95	0.00	8.21	701.00
	1936.96	0.00	8.17	695.00
	1936.97	0.00	8.25	689.00
	1936.98	0.00	8.25	685.00
	1936.99	0.00	8.19	675.00
	1937.01	0.00	8.17	671.00
	1937.02	0.00	8.04	656.00
	1937.03	0.00	7.95	643.00
	1937.04	0.00	7.90	628.00
	1937.05	0.00	7.79	615.00
	1937.06	0.00	7.11	550.00
	1937.08	0.00	6.99	538.00
	1937.09	0.00	6.82	525.00
	1937.10	0.00	5.69	471.00
	1937.11	0.00	5.69	476.00
	1937.12	0.00	5.70	475.00
	1937.13	0.00	5.71	477.00
	1937.15	0.00	5.60	472.00
	1937.16	0.00	5.62	470.00
	1937.17	0.00	5.63	469.00
	1937.18	0.00	5.64	464.00
	1937.19	0.00	5.65	463.00
	1937.20	0.00	5.66	464.00
	1937.21	0.00	5.64	464.00
	1937.23	0.00	5.67	463.00
	1937.24	0.00	5.66	465.00
	1937.25	0.00	5.65	463.00
	1937.26	0.00	5.66	463.00
	1937.27	0.00	5.68	464.00
	1937.28	0.00	5.67	463.00
	1937.30	0.00	5.67	465.00
	1937.31	0.00	5.58	462.00
	1937.32	0.00	5.59	462.00
	1937.33	0.00	5.61	463.00
	1937.34	0.00	5.66	464.00
	1937.35	0.00	5.67	461.00
	1937.36	0.00	5.69	462.00
	1937.38	0.00	5.75	464.00
	1937.39	0.00	5.75	463.00
	1937.40	0.00	5.76	463.00
	1937.41	0.00	5.76	465.00
	1937.42	0.00	5.76	466.00
	1937.43	0.00	5.76	466.00
	1937.44	0.00	5.76	467.00
	1937.46	0.00	5.77	467.00
	1937.47	0.00	5.76	464.00
	1937.48	0.00	5.76	468.00
	1937.49	0.00	5.75	466.00
	1937.50	0.00	5.74	464.00
	1937.51	0.00	5.82	470.00
	1937.53	0.00	5.81	470.00
	1937.54	0.00	5.82	470.00
	1937.55	0.00	5.78	482.00
	1937.56	0.00	5.76	489.00
	1937.57	0.00	5.60	546.00
	1937.58	0.00	5.39	659.00
	1937.59	0.00	5.24	812.00
	1937.61	0.00	5.19	890.00
	1937.62	0.00	5.18	922.00
	1937.63	0.00	5.19	937.00
	1937.64	0.00	5.19	950.00
	1937.65	0.00	5.64	1024.00
	1937.66	0.00	5.66	1050.00
	1937.68	0.00	5.65	1084.00
	1937.69	0.00	5.65	1112.00
	1937.70	0.00	5.65	1140.00
	1937.71	0.00	5.69	1150.00
	1937.72	0.00	5.71	1157.00
	1937.73	0.00	5.74	1160.00
	1937.75	0.00	5.80	1153.00
	1937.76	0.00	5.86	1143.00
	1937.77	0.00	5.93	1126.00
	1937.78	0.00	6.01	1114.00
	1937.79	0.00	6.08	1089.00
	1937.80	0.00	6.08	1054.00
	1937.81	0.00	6.07	1007.00
	1937.83	0.00	6.16	983.00
	1937.84	0.00	6.23	955.00
	1937.85	0.00	6.54	968.00
	1937.86	0.00	6.65	955.00
	1937.87	0.00	6.76	935.00
	1937.89	0.00	6.84	918.00
	1937.90	0.00	6.93	904.00
	1937.91	0.00	6.99	896.00
	1937.92	0.00	7.04	887.00
	1937.93	0.00	7.09	884.00
	1937.94	0.00	7.12	881.00
	1937.95	0.00	7.16	880.00
	1937.97	0.00	7.17	878.00
	1937.98	0.00	7.20	873.00
	1937.99	0.00	7.23	870.00
	1938.00	0.00	7.23	868.00
	1938.01	0.00	7.25	867.00
	1938.02	0.00	7.20	858.00
	1938.03	0.00	7.27	867.00
	1938.05	0.00	7.26	862.00
	1938.06	0.00	7.27	850.00
	1938.07	0.00	7.27	841.00
	1938.08	0.00	7.27	830.00
	1938.09	0.00	7.26	817.00
	1938.10	0.00	7.21	807.00
	1938.11	0.00	7.16	791.00
	1938.13	0.00	7.10	773.00
	1938.14	0.00	6.99	756.00
	1938.15	0.00	7.39	789.00
	1938.16	0.00	7.51	758.00
	1938.17	0.00	7.59	762.00
	1938.19	0.00	7.61	758.00
	1938.20	0.00	7.39	744.00
	1938.21	0.00	7.18	698.00
	1938.22	0.00	6.83	639.00
	1938.23	0.00	6.84	630.00
	1938.24	0.00	6.76	621.00
	1938.25	0.00	7.51	660.00
	1938.27	0.00	7.45	650.00
	1938.28	0.00	7.46	641.00
	1938.29	0.00	7.27	616.00
	1938.30	0.00	7.24	600.00
	1938.31	0.00	6.77	544.00
	1938.32	0.00	6.85	533.00
	1938.34	0.00	6.83	526.00
	1938.35	0.00	5.74	473.00
	1938.36	0.00	5.71	477.00
	1938.37	0.00	5.67	483.00
	1938.38	0.00	5.68	483.00
	1938.39	0.00	5.70	480.00
	1938.41	0.00	5.69	480.00
	1938.42	0.00	5.71	478.00
	1938.43	0.00	5.72	481.00
	1938.44	0.00	5.73	481.00
	1938.45	0.00	5.62	482.00
	1938.46	0.00	5.61	480.00
	1938.47	0.00	5.63	479.00
	1938.49	0.00	5.58	477.00
	1938.50	0.00	5.53	474.00
	1938.51	0.00	5.57	473.00
	1938.52	0.00	5.57	467.00
	1938.53	0.00	5.55	467.00
	1938.54	0.00	5.57	468.00
	1938.56	0.00	5.56	467.00
	1938.57	0.00	5.60	470.00
	1938.58	0.00	5.68	469.00
	1938.59	0.00	5.57	468.00
	1938.60	0.00	5.60	467.00
	1938.61	0.00	5.57	467.00
	1938.62	0.00	5.60	464.00
	1938.64	0.00	5.70	464.00
	1938.65	0.00	5.68	468.00
	1938.66	0.00	5.69	468.00
	1938.67	0.00	5.75	470.00
	1938.68	0.00	5.76	470.00
	1938.69	0.00	5.74	467.00
	1938.70	0.00	5.75	470.00
	1938.72	0.00	5.74	476.00
	1938.73	0.00	5.72	479.00
	1938.74	0.00	5.71	486.00
	1938.75	0.00	5.65	508.00
	1938.76	0.00	5.53	566.00
	1938.77	0.00	5.32	695.00
	1938.79	0.00	5.19	819.00
	1938.80	0.00	5.18	861.00
	1938.81	0.00	5.16	888.00
	1938.82	0.00	5.14	914.00
	1938.83	0.00	5.16	931.00
	1938.84	0.00	5.23	964.00
	1938.85	0.00	5.22	984.00
	1938.87	0.00	5.20	1015.00
	1938.88	0.00	5.15	1026.00
	1938.89	0.00	5.12	1035.00
	1938.90	0.00	5.13	1033.00
	1938.91	0.00	5.14	1024.00
	1938.92	0.00	5.19	1012.00
	1938.94	0.00	5.21	996.00
	1938.95	0.00	5.23	974.00
	1938.96	0.00	5.24	950.00
	1938.97	0.00	5.28	929.00
	1938.98	0.00	5.30	908.00
	1938.99	0.00	5.71	941.00
	1939.01	0.00	5.74	923.00
	1939.02	0.00	5.78	902.00
	1939.03	0.00	5.83	885.00
	1939.04	0.00	5.89	871.00
	1939.05	0.00	5.95	857.00
	1939.06	0.00	5.97	846.00
	1939.08	0.00	6.02	832.00
	1939.09	0.00	6.01	816.00
	1939.10	0.00	6.11	814.00
	1939.11	0.00	6.16	802.00
	1939.12	0.00	6.18	793.00
	1939.13	0.00	6.17	785.00
	1939.14	0.00	6.23	782.00
	1939.16	0.00	6.25	775.00
	1939.17	0.00	6.27	767.00
	1939.18	0.00	6.31	764.00
	1939.19	0.00	6.20	741.00
	1939.20	0.00	6.37	755.00
	1939.21	0.00	6.38	746.00
	1939.23	0.00	6.37	737.00
	1939.24	0.00	6.40	727.00
	1939.25	0.00	6.90	767.00
	1939.26	0.00	6.93	754.00
	1939.27	0.00	6.95	742.00
	1939.28	0.00	7.00	733.00
	1939.30	0.00	7.01	715.00
	1939.31	0.00	7.13	709.00
	1939.32	0.00	7.24	700.00
	1939.33	0.00	7.98	758.00
	1939.34	0.00	7.65	694.00
	1939.35	0.00	7.73	683.00
	1939.36	0.00	7.77	678.00
	1939.38	0.00	7.80	673.00
	1939.39	0.00	7.78	667.00
	1939.40	0.00	7.72	653.00
	1939.41	0.00	7.71	647.00
	1939.42	0.00	7.59	631.00
	1939.44	0.00	7.44	613.00
	1939.45	0.00	6.81	545.00
	1939.46	0.00	6.90	540.00
	1939.47	0.00	6.79	527.00
	1939.48	0.00	5.67	470.00
	1939.49	0.00	5.63	467.00
	1939.51	0.00	5.72	475.00
	1939.52	0.00	5.72	483.00
	1939.53	0.00	5.72	484.00
	1939.54	0.00	5.74	486.00
	1939.55	0.00	5.75	488.00
	1939.56	0.00	5.74	487.00
	1939.57	0.00	5.74	488.00
	1939.58	0.00	5.73	489.00
	1939.60	0.00	5.73	490.00
	1939.61	0.00	5.74	490.00
	1939.62	0.00	5.73	490.00
	1939.63	0.00	5.76	490.00
	1939.64	0.00	5.73	490.00
	1939.65	0.00	5.73	489.00
	1939.67	0.00	5.74	489.00
	1939.68	0.00	5.74	490.00
	1939.69	0.00	5.73	489.00
	1939.70	0.00	5.75	489.00
	1939.71	0.00	5.70	487.00
	1939.72	0.00	5.69	485.00
	1939.73	0.00	5.72	484.00
	1939.75	0.00	5.71	483.00
	1939.76	0.00	5.70	481.00
	1939.77	0.00	5.74	477.00
	1939.78	0.00	5.74	473.00
	1939.79	0.00	5.75	472.00
	1939.80	0.00	5.75	472.00
	1939.81	0.00	5.75	470.00
	1939.83	0.00	5.76	472.00
	1939.84	0.00	5.76	472.00
	1939.85	0.00	5.76	473.00
	1939.86	0.00	5.75	470.00
	1939.87	0.00	5.75	471.00
	1939.89	0.00	5.72	471.00
	1939.90	0.00	5.71	471.00
	1939.91	0.00	5.71	474.00
	1939.92	0.00	5.68	483.00
	1939.93	0.00	5.64	497.00
	1939.94	0.00	5.51	558.00
	1939.95	0.00	5.33	680.00
	1939.96	0.00	5.23	805.00
	1939.98	0.00	5.20	858.00
	1939.99	0.00	5.15	873.00
	1940.00	0.00	5.21	884.00
	1940.01	0.00	5.24	895.00
	1940.02	0.00	5.24	899.00
	1940.03	0.00	5.25	912.00
	1940.05	0.00	5.23	927.00
	1940.06	0.00	5.71	978.00
	1940.07	0.00	5.77	982.00
	1940.08	0.00	5.78	975.00
	1940.09	0.00	5.80	956.00
	1940.10	0.00	5.83	942.00
	1940.12	0.00	5.91	924.00
	1940.13	0.00	6.02	906.00
	1940.14	0.00	6.07	887.00
	1940.15	0.00	6.12	861.00
	1940.16	0.00	6.17	826.00
	1940.17	0.00	6.26	799.00
	1940.19	0.00	6.32	769.00
	1940.20	0.00	6.38	743.00
	1940.21	0.00	6.45	712.00
	1940.22	0.00	6.50	687.00
	1940.23	0.00	6.55	664.00
	1940.24	0.00	6.56	651.00
	1940.25	0.00	6.56	637.00
	1940.27	0.00	7.38	674.00
	1940.28	0.00	7.36	663.00
	1940.29	0.00	7.37	656.00
	1940.30	0.00	7.38	648.00
	1940.31	0.00	7.35	646.00
	1940.32	0.00	7.36	640.00
	1940.33	0.00	7.40	639.00
	1940.35	0.00	7.40	634.00
	1940.36	0.00	7.39	631.00
	1940.37	0.00	7.43	629.00
	1940.38	0.00	7.51	628.00
	1940.39	0.00	7.57	632.00
	1940.41	0.00	7.66	638.00
	1940.42	0.00	7.77	641.00
	1940.43	0.00	7.83	644.00
	1940.44	0.00	7.88	647.00
	1940.45	0.00	8.00	644.00
	1940.46	0.00	8.09	652.00
	1940.47	0.00	8.14	657.00
	1940.49	0.00	8.18	658.00
	1940.50	0.00	8.25	667.00
	1940.51	0.00	8.37	670.00
	1940.52	0.00	8.46	670.00
	1940.53	0.00	8.42	669.00
	1940.54	0.00	8.33	659.00
	1940.56	0.00	8.24	649.00
	1940.57	0.00	8.16	643.00
	1940.58	0.00	8.04	629.00
	1940.59	0.00	7.94	618.00
	1940.60	0.00	7.31	559.00
	1940.61	0.00	7.23	551.00
	1940.63	0.00	7.03	534.00
	1940.64	0.00	6.89	469.00
	1940.65	0.00	6.68	513.00
	1940.66	0.00	5.57	465.00
	1940.67	0.00	5.55	463.00
	1940.68	0.00	5.54	468.00
	1940.69	0.00	5.65	475.00
	1940.71	0.00	5.66	474.00
	1940.72	0.00	5.66	478.00
	1940.73	0.00	5.65	476.00
	1940.74	0.00	5.67	474.00
	1940.75	0.00	5.67	475.00
	1940.76	0.00	5.66	473.00
	1940.77	0.00	5.67	472.00
	1940.79	0.00	5.67	472.00
	1940.80	0.00	5.68	474.00
	1940.81	0.00	5.67	473.00
	1940.82	0.00	5.67	471.00
	1940.83	0.00	5.75	476.00
	1940.84	0.00	5.76	469.00
	1940.85	0.00	5.76	467.00
	1940.87	0.00	5.76	472.00
	1940.88	0.00	5.75	472.00
	1940.89	0.00	5.76	471.00
	1940.90	0.00	5.76	471.00
	1940.91	0.00	5.76	470.00
	1940.93	0.00	5.77	470.00
	1940.94	0.00	5.77	470.00
	1940.95	0.00	5.77	472.00
	1940.96	0.00	5.77	472.00
	1940.97	0.00	5.77	471.00
	1940.98	0.00	5.78	470.00
	1940.99	0.00	5.77	471.00
	1941.01	0.00	5.78	470.00
	1941.02	0.00	5.78	471.00
	1941.03	0.00	5.79	471.00
	1941.04	0.00	5.78	471.00
	1941.05	0.00	5.72	475.00
	1941.06	0.00	5.67	491.00
	1941.07	0.00	5.63	517.00
	1941.09	0.00	5.60	533.00
	1941.10	0.00	5.56	546.00
	1941.11	0.00	5.52	558.00
	1941.12	0.00	5.52	576.00
	1941.13	0.00	5.51	586.00
	1941.14	0.00	5.53	592.00
	1941.16	0.00	5.51	599.00
	1941.17	0.00	5.50	603.00
	1941.18	0.00	5.53	609.00
	1941.19	0.00	5.48	608.00
	1941.20	0.00	5.48	612.00
	1941.21	0.00	5.98	669.00
	1941.22	0.00	6.01	674.00
	1941.24	0.00	6.07	681.00
	1941.25	0.00	6.07	688.00
	1941.26	0.00	6.08	693.00
	1941.27	0.00	6.11	698.00
	1941.28	0.00	6.14	706.00
	1941.29	0.00	6.14	710.00
	1941.31	0.00	6.10	705.00
	1941.32	0.00	6.02	696.00
	1941.33	0.00	6.04	696.00
	1941.34	0.00	6.06	698.00
	1941.35	0.00	6.05	694.00
	1941.36	0.00	6.05	694.00
	1941.38	0.00	6.06	693.00
	1941.39	0.00	6.07	693.00
	1941.40	0.00	6.05	693.00
	1941.41	0.00	6.06	698.00
	1941.42	0.00	6.05	702.00
	1941.43	0.00	6.05	703.00
	1941.44	0.00	6.09	706.00
	1941.45	0.00	6.11	711.00
	1941.47	0.00	6.10	713.00
	1941.48	0.00	6.11	715.00
	1941.49	0.00	6.10	716.00
	1941.50	0.00	6.08	721.00
	1941.51	0.00	6.06	729.00
	1941.53	0.00	6.06	732.00
	1941.54	0.00	6.07	734.00
	1941.55	0.00	6.05	739.00
	1941.56	0.00	6.04	743.00
	1941.57	0.00	6.02	745.00
	1941.58	0.00	5.99	742.00
	1941.59	0.00	5.54	694.00
	1941.61	0.00	6.08	759.00
	1941.62	0.00	6.08	760.00
	1941.63	0.00	6.08	760.00
	1941.64	0.00	6.14	766.00
	1941.65	0.00	6.14	768.00
	1941.66	0.00	6.14	769.00
	1941.68	0.00	6.11	768.00
	1941.69	0.00	6.08	772.00
	1941.70	0.00	6.12	789.00
	1941.71	0.00	6.10	789.00
	1941.72	0.00	6.09	789.00
	1941.73	0.00	6.08	790.00
	1941.75	0.00	6.07	790.00
	1941.76	0.00	6.06	792.00
	1941.77	0.00	6.03	787.00
	1941.78	0.00	5.55	732.00
	1941.79	0.00	6.12	809.00
	1941.80	0.00	6.11	808.00
	1941.81	0.00	6.11	812.00
	1941.83	0.00	6.11	815.00
	1941.84	0.00	6.11	820.00
	1941.85	0.00	6.08	818.00
	1941.86	0.00	6.08	828.00
	1941.87	0.00	6.07	829.00
	1941.88	0.00	6.08	833.00
	1941.90	0.00	6.05	832.00
	1941.91	0.00	6.02	836.00
	1941.92	0.00	6.01	838.00
	1941.93	0.00	6.00	839.00
	1941.94	0.00	6.01	840.00
	1941.95	0.00	6.00	841.00
	1941.96	0.00	6.00	844.00
	1941.98	0.00	6.00	845.00
	1941.99	0.00	6.01	849.00
	1942.00	0.00	6.02	850.00
	1942.01	0.00	6.02	847.00
	1942.02	0.00	5.96	847.00
	1942.03	0.00	5.96	847.00
	1942.05	0.00	5.96	846.00
	1942.06	0.00	5.88	835.00
	1942.07	0.00	5.89	838.00
	1942.08	0.00	5.88	829.00
	1942.09	0.00	5.95	825.00
	1942.10	0.00	5.97	827.00
	1942.11	0.00	6.00	829.00
	1942.13	0.00	6.02	831.00
	1942.14	0.00	6.05	836.00
	1942.15	0.00	5.84	808.00
	1942.16	0.00	5.85	809.00
	1942.17	0.00	5.86	807.00
	1942.18	0.00	5.85	806.00
	1942.19	0.00	5.85	805.00
	1942.21	0.00	5.85	803.00
	1942.22	0.00	5.38	745.00
	1942.23	0.00	5.83	799.00
	1942.24	0.00	5.85	797.00
	1942.25	0.00	5.84	796.00
	1942.26	0.00	5.84	794.00
	1942.28	0.00	5.91	795.00
	1942.29	0.00	5.92	795.00
	1942.30	0.00	5.93	795.00
	1942.31	0.00	5.93	802.00
	1942.32	0.00	5.92	807.00
	1942.33	0.00	5.92	805.00
	1942.34	0.00	5.92	803.00
	1942.36	0.00	5.90	802.00
	1942.37	0.00	5.47	751.00
	1942.38	0.00	5.45	750.00
	1942.39	0.00	5.99	817.00
	1942.40	0.00	6.00	815.00
	1942.41	0.00	6.04	819.00
	1942.43	0.00	6.06	820.00
	1942.44	0.00	6.05	818.00
	1942.45	0.00	6.06	818.00
	1942.46	0.00	6.06	829.00
	1942.47	0.00	6.05	836.00
	1942.48	0.00	5.97	826.00
	1942.50	0.00	5.99	833.00
	1942.51	0.00	6.00	833.00
	1942.52	0.00	5.99	831.00
	1942.53	0.00	5.96	827.00
	1942.54	0.00	5.93	820.00
	1942.55	0.00	6.08	843.00
	1942.56	0.00	6.08	844.00
	1942.58	0.00	6.08	844.00
	1942.59	0.00	6.09	842.00
	1942.60	0.00	6.07	839.00
	1942.61	0.00	6.08	843.00
	1942.62	0.00	6.08	843.00
	1942.63	0.00	6.08	840.00
	1942.64	0.00	6.05	840.00
	1942.66	0.00	6.05	840.00
	1942.67	0.00	6.05	840.00
	1942.68	0.00	6.05	838.00
	1942.69	0.00	6.05	835.00
	1942.70	0.00	6.08	838.00
	1942.71	0.00	6.07	837.00
	1942.72	0.00	6.06	834.00
	1942.74	0.00	6.06	835.00
	1942.75	0.00	6.08	837.00
	1942.76	0.00	6.09	834.00
	1942.77	0.00	6.04	832.00
	1942.78	0.00	6.03	831.00
	1942.80	0.00	5.96	826.00
	1942.81	0.00	5.95	822.00
	1942.82	0.00	5.96	806.00
	1942.83	0.00	6.03	812.00
	1942.84	0.00	6.05	814.00
	1942.85	0.00	6.07	818.00
	1942.86	0.00	6.12	823.00
	1942.88	0.00	6.13	824.00
	1942.89	0.00	6.07	817.00
	1942.90	0.00	5.92	797.00
	1942.91	0.00	5.91	797.00
	1942.92	0.00	5.93	799.00
	1942.93	0.00	5.91	795.00
	1942.94	0.00	5.91	795.00
	1942.96	0.00	5.91	794.00
	1942.97	0.00	5.92	795.00
	1942.98	0.00	5.91	793.00
	1942.99	0.00	5.90	793.00
	1943.00	0.00	5.98	796.00
	1943.01	0.00	5.97	795.00
	1943.03	0.00	5.99	800.00
	1943.04	0.00	5.96	808.00
	1943.05	0.00	5.96	808.00
	1943.06	0.00	5.94	805.00
	1943.07	0.00	5.93	804.00
	1943.08	0.00	5.93	802.00
	1943.09	0.00	5.48	748.00
	1943.11	0.00	6.03	813.00
	1943.12	0.00	6.02	814.00
	1943.13	0.00	6.02	811.00
	1943.14	0.00	6.03	812.00
	1943.15	0.00	6.10	813.00
	1943.16	0.00	6.10	811.00
	1943.18	0.00	6.07	809.00
	1943.19	0.00	6.10	820.00
	1943.20	0.00	6.08	825.00
	1943.21	0.00	6.09	825.00
	1943.22	0.00	6.08	826.00
	1943.23	0.00	6.06	824.00
	1943.24	0.00	6.03	819.00
	1943.26	0.00	5.54	758.00
	1943.27	0.00	6.12	832.00
	1943.28	0.00	6.12	833.00
	1943.29	0.00	6.13	833.00
	1943.30	0.00	6.15	834.00
	1943.31	0.00	6.13	831.00
	1943.32	0.00	6.13	831.00
	1943.34	0.00	6.09	823.00
	1943.35	0.00	6.14	833.00
	1943.36	0.00	6.12	831.00
	1943.37	0.00	6.13	831.00
	1943.38	0.00	6.08	830.00
	1943.39	0.00	6.07	832.00
	1943.41	0.00	6.08	826.00
	1943.42	0.00	6.10	828.00
	1943.43	0.00	6.10	829.00
	1943.44	0.00	6.08	827.00
	1943.45	0.00	6.12	829.00
	1943.46	0.00	6.12	829.00
	1943.47	0.00	6.11	828.00
	1943.49	0.00	6.11	824.00
	1943.50	0.00	6.05	824.00
	1943.51	0.00	6.06	824.00
	1943.52	0.00	5.98	818.00
	1943.53	0.00	5.99	815.00
	1943.54	0.00	6.00	797.00
	1943.56	0.00	6.07	805.00
	1943.57	0.00	6.08	805.00
	1943.58	0.00	6.10	808.00
	1943.59	0.00	6.13	812.00
	1943.60	0.00	6.13	812.00
	1943.61	0.00	5.92	785.00
	1943.62	0.00	5.94	788.00
	1943.64	0.00	5.93	786.00
	1943.65	0.00	5.88	781.00
	1943.66	0.00	5.93	788.00
	1943.67	0.00	5.94	787.00
	1943.68	0.00	5.92	786.00
	1943.69	0.00	5.94	789.00
	1943.70	0.00	5.93	788.00
	1943.72	0.00	5.92	787.00
	1943.73	0.00	5.93	786.00
	1943.74	0.00	6.00	789.00
	1943.75	0.00	6.03	792.00
	1943.76	0.00	5.97	792.00
	1943.78	0.00	5.95	800.00
	1943.79	0.00	5.96	799.00
	1943.80	0.00	5.95	800.00
	1943.81	0.00	5.91	792.00
	1943.82	0.00	5.47	743.00
	1943.83	0.00	5.47	744.00
	1943.84	0.00	6.01	807.00
	1943.86	0.00	6.02	807.00
	1943.87	0.00	6.03	807.00
	1943.88	0.00	6.10	812.00
	1943.89	0.00	6.09	809.00
	1943.90	0.00	6.03	806.00
	1943.91	0.00	6.09	822.00
	1943.92	0.00	6.08	822.00
	1943.94	0.00	6.07	820.00
	1943.95	0.00	6.00	815.00
	1943.96	0.00	6.03	817.00
	1943.97	0.00	5.98	809.00
	1943.98	0.00	6.13	827.00
	1943.99	0.00	6.13	830.00
	1944.01	0.00	6.12	829.00
	1944.02	0.00	6.13	830.00
	1944.03	0.00	6.12	831.00
	1944.04	0.00	6.13	831.00
	1944.05	0.00	6.11	827.00
	1944.06	0.00	6.12	832.00
	1944.07	0.00	6.13	833.00
	1944.09	0.00	6.12	832.00
	1944.10	0.00	6.06	831.00
	1944.11	0.00	6.08	831.00
	1944.12	0.00	6.07	832.00
	1944.13	0.00	6.05	831.00
	1944.14	0.00	6.07	835.00
	1944.16	0.00	6.08	842.00
	1944.17	0.00	6.08	848.00
	1944.18	0.00	6.05	854.00
	1944.19	0.00	6.07	857.00
	1944.20	0.00	6.01	862.00
	1944.21	0.00	6.01	870.00
	1944.22	0.00	5.99	876.00
	1944.24	0.00	5.96	882.00
	1944.25	0.00	5.89	883.00
	1944.26	0.00	5.83	881.00
	1944.27	0.00	5.88	896.00
	1944.28	0.00	5.87	892.00
	1944.29	0.00	5.94	897.00
	1944.31	0.00	5.94	902.00
	1944.32	0.00	5.92	904.00
	1944.33	0.00	5.94	910.00
	1944.34	0.00	5.96	914.00
	1944.35	0.00	5.97	917.00
	1944.36	0.00	6.00	923.00
	1944.38	0.00	6.02	925.00
	1944.39	0.00	6.04	927.00
	1944.40	0.00	6.04	925.00
	1944.41	0.00	5.83	897.00
	1944.42	0.00	5.85	897.00
	1944.43	0.00	5.83	891.00
	1944.44	0.00	5.85	888.00
	1944.46	0.00	5.86	882.00
	1944.47	0.00	5.84	871.00
	1944.48	0.00	5.89	863.00
	1944.49	0.00	5.88	853.00
	1944.50	0.00	5.90	841.00
	1944.51	0.00	5.91	828.00
	1944.53	0.00	5.94	810.00
	1944.54	0.00	5.94	788.00
	1944.55	0.00	6.06	767.00
	1944.56	0.00	6.10	737.00
	1944.57	0.00	6.14	704.00
	1944.58	0.00	6.19	672.00
	1944.59	0.00	6.24	632.00
	1944.60	0.00	6.26	600.00
	1944.62	0.00	5.78	529.00
	1944.63	0.00	5.79	513.00
	1944.64	0.00	5.75	506.00
	1944.65	0.00	5.73	505.00
	1944.66	0.00	5.69	502.00
	1944.68	0.00	5.77	501.00
	1944.69	0.00	5.75	501.00
	1944.70	0.00	5.77	498.00
	1944.71	0.00	5.75	506.00
	1944.72	0.00	5.73	504.00
	1944.73	0.00	5.72	503.00
	1944.74	0.00	5.74	503.00
	1944.76	0.00	5.72	505.00
	1944.77	0.00	5.73	503.00
	1944.78	0.00	5.72	501.00
	1944.79	0.00	5.73	502.00
	1944.80	0.00	5.72	502.00
	1944.81	0.00	5.72	501.00
	1944.82	0.00	5.71	504.00
	1944.84	0.00	5.72	501.00
	1944.85	0.00	5.75	500.00
	1944.86	0.00	5.74	500.00
	1944.87	0.00	5.74	500.00
	1944.88	0.00	5.71	501.00
	1944.89	0.00	5.69	497.00
	1944.90	0.00	5.69	496.00
	1944.92	0.00	5.70	495.00
	1944.93	0.00	5.70	494.00
	1944.94	0.00	5.69	493.00
	1944.95	0.00	5.71	493.00
	1944.96	0.00	5.71	494.00
	1944.97	0.00	5.72	493.00
	1944.98	0.00	5.73	492.00
	1945.00	0.00	5.72	494.00
	1945.01	0.00	5.72	496.00
	1945.02	0.00	5.72	493.00
	1945.03	0.00	5.65	489.00
	1945.04	0.00	5.65	489.00
	1945.06	0.00	5.66	487.00
	1945.07	0.00	5.68	483.00
	1945.08	0.00	5.68	482.00
	1945.09	0.00	5.69	481.00
	1945.10	0.00	5.69	483.00
	1945.11	0.00	5.68	485.00
	1945.12	0.00	5.65	490.00
	1945.14	0.00	5.62	496.00
	1945.15	0.00	5.53	547.00
	1945.16	0.00	5.40	621.00
	1945.17	0.00	5.33	683.00
	1945.18	0.00	5.29	728.00
	1945.19	0.00	5.25	765.00
	1945.20	0.00	5.26	788.00
	1945.22	0.00	5.25	805.00
	1945.23	0.00	5.24	821.00
	1945.24	0.00	5.64	896.00
	1945.25	0.00	5.65	925.00
	1945.26	0.00	5.65	948.00
	1945.27	0.00	5.69	972.00
	1945.29	0.00	5.69	991.00
	1945.30	0.00	5.67	1000.00
	1945.31	0.00	5.71	1017.00
	1945.32	0.00	5.71	1028.00
	1945.33	0.00	5.70	1039.00
	1945.34	0.00	5.68	1046.00
	1945.35	0.00	5.70	1059.00
	1945.37	0.00	5.68	1071.00
	1945.38	0.00	5.68	1080.00
	1945.39	0.00	5.67	1087.00
	1945.40	0.00	5.68	1096.00
	1945.41	0.00	5.65	1098.00
	1945.42	0.00	5.66	1096.00
	1945.44	0.00	5.66	1102.00
	1945.45	0.00	5.65	1106.00
	1945.46	0.00	5.67	1105.00
	1945.47	0.00	5.69	1103.00
	1945.48	0.00	5.65	1100.00
	1945.49	0.00	5.68	1098.00
	1945.51	0.00	5.65	1092.00
	1945.52	0.00	5.66	1092.00
	1945.53	0.00	5.67	1091.00
	1945.54	0.00	5.67	1095.00
	1945.55	0.00	5.67	1093.00
	1945.56	0.00	5.68	1094.00
	1945.57	0.00	5.68	1096.00
	1945.59	0.00	5.68	1096.00
	1945.60	0.00	5.69	1097.00
	1945.61	0.00	5.68	1101.00
	1945.62	0.00	5.68	1101.00
	1945.63	0.00	5.69	1102.00
	1945.65	0.00	5.66	1097.00
	1945.66	0.00	5.66	1095.00
	1945.67	0.00	5.66	1090.00
	1945.68	0.00	5.67	1087.00
	1945.69	0.00	5.68	1079.00
	1945.70	0.00	5.67	1077.00
	1945.71	0.00	5.68	1072.00
	1945.73	0.00	5.66	1064.00
	1945.74	0.00	5.69	1066.00
	1945.75	0.00	5.70	1063.00
	1945.76	0.00	5.69	1057.00
	1945.77	0.00	5.70	1053.00
	1945.79	0.00	5.70	1052.00
	1945.80	0.00	5.69	1050.00
	1945.81	0.00	5.71	1042.00
	1945.82	0.00	5.71	1038.00
	1945.83	0.00	5.71	1023.00
	1945.84	0.00	5.71	1010.00
	1945.85	0.00	5.65	983.00
	1945.87	0.00	5.72	972.00
	1945.88	0.00	5.71	951.00
	1945.89	0.00	5.71	920.00
	1945.90	0.00	5.69	892.00
	1945.91	0.00	5.30	808.00
	1945.92	0.00	5.34	779.00
	1945.94	0.00	5.36	752.00
	1945.95	0.00	5.36	723.00
	1945.96	0.00	5.47	693.00
	1945.97	0.00	5.45	672.00
	1945.98	0.00	5.49	647.00
	1945.99	0.00	5.52	617.00
	1946.01	0.00	5.51	607.00
	1946.02	0.00	5.56	576.00
	1946.03	0.00	5.58	555.00
	1946.04	0.00	5.61	543.00
	1946.05	0.00	5.64	531.00
	1946.06	0.00	5.67	526.00
	1946.07	0.00	5.69	518.00
	1946.09	0.00	5.71	514.00
	1946.10	0.00	5.71	511.00
	1946.11	0.00	5.72	510.00
	1946.12	0.00	5.73	508.00
	1946.13	0.00	5.73	508.00
	1946.14	0.00	5.75	509.00
	1946.16	0.00	5.75	508.00
	1946.17	0.00	5.75	507.00
	1946.18	0.00	5.69	505.00
	1946.19	0.00	5.68	504.00
	1946.20	0.00	5.69	501.00
	1946.21	0.00	5.69	503.00
	1946.22	0.00	5.70	501.00
	1946.23	0.00	5.72	501.00
	1946.25	0.00	5.72	501.00
	1946.26	0.00	5.74	501.00
	1946.27	0.00	5.75	501.00
	1946.28	0.00	5.74	501.00
	1946.29	0.00	5.75	501.00
	1946.30	0.00	5.66	498.00
	1946.32	0.00	5.65	494.00
	1946.33	0.00	5.67	486.00
	1946.34	0.00	5.70	480.00
	1946.35	0.00	5.70	480.00
	1946.36	0.00	5.70	480.00
	1946.37	0.00	5.70	479.00
	1946.39	0.00	5.71	478.00
	1946.40	0.00	5.71	478.00
	1946.41	0.00	5.72	476.00
	1946.42	0.00	5.70	475.00
	1946.43	0.00	5.72	476.00
	1946.44	0.00	5.72	476.00
	1946.45	0.00	5.70	475.00
	1946.47	0.00	5.72	476.00
	1946.48	0.00	5.71	476.00
	1946.49	0.00	5.71	476.00
	1946.50	0.00	5.70	474.00
	1946.51	0.00	5.80	477.00
	1946.52	0.00	5.81	478.00
	1946.53	0.00	5.82	477.00
	1946.55	0.00	5.78	485.00
	1946.56	0.00	5.78	485.00
	1946.57	0.00	5.78	485.00
	1946.58	0.00	5.77	484.00
	1946.59	0.00	5.80	486.00
	1946.60	0.00	5.80	485.00
	1946.61	0.00	5.78	482.00
	1946.63	0.00	5.75	485.00
	1946.64	0.00	5.76	491.00
	1946.65	0.00	5.72	492.00
	1946.66	0.00	5.71	494.00
	1946.67	0.00	5.79	504.00
	1946.69	0.00	5.77	510.00
	1946.70	0.00	5.74	520.00
	1946.71	0.00	5.69	539.00
	1946.72	0.00	5.68	549.00
	1946.73	0.00	5.68	558.00
	1946.74	0.00	5.64	565.00
	1946.75	0.00	5.60	574.00
	1946.77	0.00	5.59	598.00
	1946.78	0.00	5.56	616.00
	1946.79	0.00	5.54	642.00
	1946.80	0.00	5.51	671.00
	1946.81	0.00	5.95	753.00
	1946.82	0.00	6.02	793.00
	1946.83	0.00	6.07	831.00
	1946.85	0.00	6.09	868.00
	1946.86	0.00	6.09	899.00
	1946.87	0.00	6.04	931.00
	1946.88	0.00	6.05	959.00
	1946.89	0.00	6.02	990.00
	1946.90	0.00	6.03	1006.00
	1946.92	0.00	6.00	1026.00
	1946.93	0.00	5.98	1041.00
	1946.94	0.00	5.97	1055.00
	1946.95	0.00	5.98	1067.00
	1946.96	0.00	5.96	1076.00
	1946.97	0.00	5.96	1081.00
	1946.98	0.00	5.95	1086.00
	1947.00	0.00	5.95	1090.00
	1947.01	0.00	5.95	1090.00
	1947.02	0.00	5.96	1094.00
	1947.03	0.00	5.96	1094.00
	1947.04	0.00	5.96	1095.00
	1947.06	0.00	5.98	1098.00
	1947.07	0.00	5.97	1095.00
	1947.08	0.00	5.96	1093.00
	1947.09	0.00	5.97	1091.00
	1947.10	0.00	5.98	1093.00
	1947.11	0.00	5.97	1091.00
	1947.13	0.00	5.97	1091.00
	1947.14	0.00	5.97	1092.00
	1947.15	0.00	5.99	1097.00
	1947.16	0.00	5.99	1096.00
	1947.17	0.00	5.99	1098.00
	1947.18	0.00	5.99	1101.00
	1947.19	0.00	6.00	1107.00
	1947.21	0.00	5.99	1109.00
	1947.22	0.00	5.97	1114.00
	1947.23	0.00	5.94	1118.00
	1947.24	0.00	5.97	1124.00
	1947.25	0.00	5.96	1124.00
	1947.27	0.00	5.96	1125.00
	1947.28	0.00	5.91	1125.00
	1947.29	0.00	5.93	1126.00
	1947.30	0.00	5.93	1119.00
	1947.31	0.00	5.92	1113.00
	1947.32	0.00	5.98	1105.00
	1947.33	0.00	5.99	1096.00
	1947.35	0.00	5.98	1076.00
	1947.36	0.00	6.00	1058.00
	1947.37	0.00	6.05	1043.00
	1947.38	0.00	6.06	1027.00
	1947.39	0.00	6.10	1006.00
	1947.41	0.00	6.04	987.00
	1947.42	0.00	6.10	967.00
	1947.43	0.00	6.12	949.00
	1947.44	0.00	6.17	933.00
	1947.45	0.00	6.18	911.00
	1947.46	0.00	6.20	891.00
	1947.47	0.00	6.22	872.00
	1947.49	0.00	6.25	850.00
	1947.50	0.00	6.28	837.00
	1947.51	0.00	6.29	822.00
	1947.52	0.00	6.33	808.00
	1947.53	0.00	6.36	791.00
	1947.54	0.00	6.34	770.00
	1947.56	0.00	6.36	754.00
	1947.57	0.00	6.37	739.00
	1947.58	0.00	6.30	725.00
	1947.59	0.00	6.32	711.00
	1947.60	0.00	6.33	697.00
	1947.61	0.00	6.34	677.00
	1947.62	0.00	6.45	672.00
	1947.64	0.00	6.46	661.00
	1947.65	0.00	6.50	651.00
	1947.66	0.00	6.52	639.00
	1947.67	0.00	6.40	610.00
	1947.68	0.00	5.62	526.00
	1947.69	0.00	5.63	519.00
	1947.70	0.00	5.63	511.00
	1947.72	0.00	5.65	502.00
	1947.73	0.00	5.65	496.00
	1947.74	0.00	5.65	491.00
	1947.75	0.00	5.65	489.00
	1947.76	0.00	5.63	488.00
	1947.77	0.00	5.64	483.00
	1947.79	0.00	5.75	487.00
	1947.80	0.00	5.74	485.00
	1947.81	0.00	5.75	485.00
	1947.82	0.00	5.71	493.00
	1947.83	0.00	5.72	493.00
	1947.84	0.00	5.72	494.00
	1947.85	0.00	5.73	493.00
	1947.87	0.00	5.74	487.00
	1947.88	0.00	5.74	492.00
	1947.89	0.00	5.75	491.00
	1947.90	0.00	5.84	499.00
	1947.91	0.00	5.83	505.00
	1947.92	0.00	5.80	516.00
	1947.94	0.00	5.76	538.00
	1947.95	0.00	5.72	556.00
	1947.96	0.00	5.70	569.00
	1947.97	0.00	5.66	582.00
	1947.98	0.00	5.66	587.00
	1947.99	0.00	5.64	592.00
	1948.00	0.00	5.62	596.00
	1948.02	0.00	5.64	603.00
	1948.03	0.00	5.63	607.00
	1948.04	0.00	5.61	615.00
	1948.05	0.00	5.61	619.00
	1948.06	0.00	6.12	681.00
	1948.07	0.00	6.16	696.00
	1948.08	0.00	6.21	710.00
	1948.10	0.00	6.23	723.00
	1948.11	0.00	6.20	740.00
	1948.12	0.00	6.20	750.00
	1948.13	0.00	6.21	763.00
	1948.14	0.00	6.21	776.00
	1948.15	0.00	6.23	785.00
	1948.17	0.00	6.23	795.00
	1948.18	0.00	6.26	804.00
	1948.19	0.00	6.24	808.00
	1948.20	0.00	6.19	811.00
	1948.21	0.00	6.18	819.00
	1948.22	0.00	6.18	824.00
	1948.23	0.00	6.17	830.00
	1948.25	0.00	6.11	833.00
	1948.26	0.00	6.10	835.00
	1948.27	0.00	6.18	834.00
	1948.28	0.00	6.19	838.00
	1948.29	0.00	6.21	847.00
	1948.30	0.00	6.20	850.00
	1948.31	0.00	6.22	859.00
	1948.33	0.00	6.24	866.00
	1948.34	0.00	6.24	868.00
	1948.35	0.00	6.04	840.00
	1948.36	0.00	6.06	844.00
	1948.37	0.00	6.06	845.00
	1948.39	0.00	6.06	849.00
	1948.40	0.00	6.06	848.00
	1948.41	0.00	6.07	850.00
	1948.42	0.00	6.10	854.00
	1948.43	0.00	6.11	856.00
	1948.44	0.00	6.10	858.00
	1948.45	0.00	6.13	859.00
	1948.46	0.00	6.19	862.00
	1948.48	0.00	6.20	862.00
	1948.49	0.00	6.21	864.00
	1948.50	0.00	6.20	866.00
	1948.51	0.00	6.23	871.00
	1948.52	0.00	6.19	880.00
	1948.53	0.00	6.18	882.00
	1948.55	0.00	6.18	884.00
	1948.56	0.00	6.17	882.00
	1948.57	0.00	6.05	866.00
	1948.58	0.00	6.13	880.00
	1948.59	0.00	6.14	879.00
	1948.60	0.00	6.08	870.00
	1948.61	0.00	6.29	899.00
	1948.63	0.00	6.27	898.00
	1948.64	0.00	6.28	898.00
	1948.65	0.00	6.31	897.00
	1948.66	0.00	6.34	899.00
	1948.67	0.00	6.32	898.00
	1948.69	0.00	6.34	899.00
	1948.70	0.00	6.32	896.00
	1948.71	0.00	6.34	914.00
	1948.72	0.00	6.34	912.00
	1948.73	0.00	6.34	912.00
	1948.74	0.00	6.30	909.00
	1948.75	0.00	6.30	908.00
	1948.77	0.00	6.29	907.00
	1948.78	0.00	6.26	900.00
	1948.79	0.00	6.28	903.00
	1948.80	0.00	6.26	901.00
	1948.81	0.00	6.19	889.00
	1948.82	0.00	6.39	916.00
	1948.83	0.00	6.40	921.00
	1948.85	0.00	6.38	916.00
	1948.86	0.00	6.38	917.00
	1948.87	0.00	6.38	916.00
	1948.88	0.00	6.39	916.00
	1948.89	0.00	6.40	916.00
	1948.91	0.00	6.39	913.00
	1948.92	0.00	6.37	910.00
	1948.93	0.00	6.39	914.00
	1948.94	0.00	6.39	915.00
	1948.95	0.00	6.41	917.00
	1948.96	0.00	6.35	915.00
	1948.97	0.00	6.35	914.00
	1948.99	0.00	6.35	914.00
	1949.00	0.00	6.35	915.00
	1949.01	0.00	6.34	910.00
	1949.02	0.00	6.35	912.00
	1949.03	0.00	6.35	912.00
	1949.04	0.00	6.36	912.00
	1949.06	0.00	6.38	914.00
	1949.07	0.00	6.38	913.00
	1949.08	0.00	6.32	907.00
	1949.09	0.00	6.33	907.00
	1949.10	0.00	6.33	905.00
	1949.11	0.00	6.32	902.00
	1949.13	0.00	6.32	900.00
	1949.14	0.00	6.26	894.00
	1949.15	0.00	6.26	890.00
	1949.16	0.00	6.31	872.00
	1949.17	0.00	6.35	880.00
	1949.18	0.00	6.35	880.00
	1949.19	0.00	6.39	882.00
	1949.20	0.00	6.38	884.00
	1949.22	0.00	6.40	884.00
	1949.23	0.00	6.37	879.00
	1949.24	0.00	6.41	884.00
	1949.25	0.00	6.19	852.00
	1949.26	0.00	6.19	850.00
	1949.28	0.00	6.20	848.00
	1949.29	0.00	6.20	845.00
	1949.30	0.00	6.21	843.00
	1949.31	0.00	6.21	841.00
	1949.32	0.00	6.22	836.00
	1949.33	0.00	6.21	832.00
	1949.34	0.00	6.22	835.00
	1949.36	0.00	6.21	831.00
	1949.37	0.00	6.22	830.00
	1949.38	0.00	6.30	834.00
	1949.39	0.00	6.30	831.00
	1949.40	0.00	6.30	831.00
	1949.41	0.00	6.31	827.00
	1949.43	0.00	6.28	838.00
	1949.44	0.00	6.27	836.00
	1949.45	0.00	6.28	832.00
	1949.46	0.00	6.25	825.00
	1949.47	0.00	6.23	819.00
	1949.48	0.00	6.17	810.00
	1949.50	0.00	6.16	805.00
	1949.51	0.00	6.18	807.00
	1949.52	0.00	6.37	831.00
	1949.53	0.00	6.37	828.00
	1949.54	0.00	6.42	829.00
	1949.55	0.00	6.46	829.00
	1949.56	0.00	6.43	822.00
	1949.58	0.00	6.44	840.00
	1949.59	0.00	6.45	839.00
	1949.60	0.00	6.44	839.00
	1949.61	0.00	6.45	837.00
	1949.62	0.00	6.44	835.00
	1949.63	0.00	6.41	833.00
	1949.64	0.00	6.37	826.00
	1949.66	0.00	6.30	814.00
	1949.67	0.00	6.51	846.00
	1949.68	0.00	6.50	844.00
	1949.69	0.00	6.51	843.00
	1949.70	0.00	6.49	842.00
	1949.71	0.00	6.50	842.00
	1949.72	0.00	6.53	844.00
	1949.74	0.00	6.51	837.00
	1949.75	0.00	6.41	825.00
	1949.76	0.00	6.52	836.00
	1949.77	0.00	6.53	836.00
	1949.78	0.00	6.52	836.00
	1949.80	0.00	6.53	834.00
	1949.81	0.00	6.50	834.00
	1949.82	0.00	6.48	831.00
	1949.83	0.00	6.49	829.00
	1949.84	0.00	6.48	826.00
	1949.85	0.00	6.51	826.00
	1949.86	0.00	6.51	826.00
	1949.88	0.00	6.51	827.00
	1949.89	0.00	6.51	827.00
	1949.90	0.00	6.51	828.00
	1949.91	0.00	6.52	829.00
	1949.92	0.00	6.53	829.00
	1949.93	0.00	6.51	824.00
	1949.94	0.00	6.49	822.00
	1949.96	0.00	6.49	820.00
	1949.97	0.00	6.49	817.00
	1949.98	0.00	6.48	813.00
	1949.99	0.00	6.43	808.00
	1950.00	0.00	6.42	803.00
	1950.02	0.00	6.39	790.00
	1950.03	0.00	6.48	791.00
	1950.04	0.00	6.46	792.00
	1950.05	0.00	6.51	791.00
	1950.06	0.00	6.53	794.00
	1950.07	0.00	6.54	794.00
	1950.08	0.00	6.56	795.00
	1950.10	0.00	6.52	785.00
	1950.11	0.00	6.36	765.00
	1950.12	0.00	6.37	765.00
	1950.13	0.00	6.37	763.00
	1950.14	0.00	6.37	764.00
	1950.15	0.00	6.36	761.00
	1950.16	0.00	6.37	759.00
	1950.18	0.00	6.37	759.00
	1950.19	0.00	6.36	760.00
	1950.20	0.00	6.37	759.00
	1950.21	0.00	6.39	753.00
	1950.22	0.00	6.46	758.00
	1950.23	0.00	6.48	759.00
	1950.25	0.00	6.45	757.00
	1950.26	0.00	6.45	757.00
	1950.27	0.00	6.44	760.00
	1950.28	0.00	6.39	770.00
	1950.29	0.00	6.40	767.00
	1950.30	0.00	6.40	765.00
	1950.31	0.00	6.39	763.00
	1950.33	0.00	6.21	755.00
	1950.34	0.00	6.32	762.00
	1950.35	0.00	6.35	770.00
	1950.36	0.00	6.39	774.00
	1950.37	0.00	6.41	773.00
	1950.39	0.00	6.42	773.00
	1950.40	0.00	6.43	773.00
	1950.41	0.00	6.49	776.00
	1950.42	0.00	6.49	770.00
	1950.43	0.00	6.48	770.00
	1950.44	0.00	6.51	784.00
	1950.45	0.00	6.51	783.00
	1950.47	0.00	6.52	780.00
	1950.48	0.00	6.53	780.00
	1950.49	0.00	6.53	778.00
	1950.50	0.00	6.53	776.00
	1950.51	0.00	6.52	769.00
	1950.52	0.00	6.44	756.00
	1950.54	0.00	6.65	781.00
	1950.55	0.00	6.64	784.00
	1950.56	0.00	6.64	785.00
	1950.57	0.00	6.63	784.00
	1950.58	0.00	6.65	784.00
	1950.59	0.00	6.65	785.00
	1950.60	0.00	6.64	785.00
	1950.62	0.00	6.62	778.00
	1950.63	0.00	6.64	785.00
	1950.64	0.00	6.65	785.00
	1950.65	0.00	6.64	784.00
	1950.66	0.00	6.64	785.00
	1950.67	0.00	6.64	784.00
	1950.69	0.00	6.60	784.00
	1950.70	0.00	6.59	784.00
	1950.71	0.00	6.60	783.00
	1950.72	0.00	6.60	782.00
	1950.73	0.00	6.61	783.00
	1950.74	0.00	6.60	784.00
	1950.76	0.00	6.62	787.00
	1950.77	0.00	6.61	786.00
	1950.78	0.00	6.62	786.00
	1950.79	0.00	6.62	786.00
	1950.80	0.00	6.62	785.00
	1950.81	0.00	6.56	783.00
	1950.82	0.00	6.57	783.00
	1950.84	0.00	6.53	783.00
	1950.85	0.00	6.48	779.00
	1950.86	0.00	6.46	777.00
	1950.87	0.00	6.47	776.00
	1950.88	0.00	6.46	770.00
	1950.89	0.00	6.55	767.00
	1950.91	0.00	6.58	771.00
	1950.92	0.00	6.57	774.00
	1950.93	0.00	6.59	778.00
	1950.94	0.00	6.63	782.00
	1950.95	0.00	6.56	777.00
	1950.96	0.00	6.52	770.00
	1950.97	0.00	6.39	757.00
	1950.99	0.00	6.40	758.00
	1951.00	0.00	6.42	761.00
	1951.01	0.00	6.41	760.00
	1951.02	0.00	6.40	761.00
	1951.03	0.00	6.40	760.00
	1951.04	0.00	6.40	764.00
	1951.06	0.00	6.40	762.00
	1951.07	0.00	6.42	759.00
	1951.08	0.00	6.45	758.00
	1951.09	0.00	6.48	758.00
	1951.10	0.00	6.45	755.00
	1951.11	0.00	6.48	752.00
	1951.13	0.00	6.48	762.00
	1951.14	0.00	6.47	763.00
	1951.15	0.00	6.46	763.00
	1951.16	0.00	6.46	764.00
	1951.17	0.00	6.47	765.00
	1951.18	0.00	6.48	768.00
	1951.19	0.00	6.44	766.00
	1951.21	0.00	6.41	762.00
	1951.22	0.00	6.34	754.00
	1951.23	0.00	6.55	785.00
	1951.24	0.00	6.54	781.00
	1951.25	0.00	6.55	779.00
	1951.26	0.00	6.55	779.00
	1951.28	0.00	6.56	779.00
	1951.29	0.00	6.59	775.00
	1951.30	0.00	6.63	775.00
	1951.31	0.00	6.62	768.00
	1951.32	0.00	6.64	780.00
	1951.33	0.00	6.63	782.00
	1951.34	0.00	6.63	779.00
	1951.36	0.00	6.62	775.00
	1951.37	0.00	6.55	774.00
	1951.38	0.00	6.56	775.00
	1951.39	0.00	6.57	774.00
	1951.40	0.00	6.57	770.00
	1951.42	0.00	6.48	758.00
	1951.43	0.00	6.69	785.00
	1951.44	0.00	6.68	786.00
	1951.45	0.00	6.66	785.00
	1951.46	0.00	6.67	786.00
	1951.47	0.00	6.67	786.00
	1951.48	0.00	6.67	786.00
	1951.50	0.00	6.66	785.00
	1951.51	0.00	6.65	781.00
	1951.52	0.00	6.68	788.00
	1951.53	0.00	6.66	783.00
	1951.54	0.00	6.67	787.00
	1951.55	0.00	6.67	787.00
	1951.56	0.00	6.58	774.00
	1951.58	0.00	6.62	784.00
	1951.59	0.00	6.62	783.00
	1951.60	0.00	6.61	781.00
	1951.61	0.00	6.59	776.00
	1951.62	0.00	6.63	781.00
	1951.63	0.00	6.62	779.00
	1951.65	0.00	6.63	779.00
	1951.66	0.00	6.65	781.00
	1951.67	0.00	6.64	778.00
	1951.68	0.00	6.64	781.00
	1951.69	0.00	6.65	781.00
	1951.70	0.00	6.60	780.00
	1951.72	0.00	6.62	783.00
	1951.73	0.00	6.61	787.00
	1951.74	0.00	6.62	789.00
	1951.75	0.00	6.60	789.00
	1951.76	0.00	6.54	785.00
	1951.77	0.00	6.53	783.00
	1951.79	0.00	6.53	779.00
	1951.80	0.00	6.54	766.00
	1951.81	0.00	6.61	766.00
	1951.82	0.00	6.61	762.00
	1951.83	0.00	6.66	761.00
	1951.84	0.00	6.66	757.00
	1951.85	0.00	6.67	749.00
	1951.87	0.00	6.69	733.00
	1951.88	0.00	6.69	703.00
	1951.89	0.00	6.51	656.00
	1951.90	0.00	6.52	636.00
	1951.91	0.00	6.45	604.00
	1951.92	0.00	5.76	521.00
	1951.94	0.00	5.76	510.00
	1951.95	0.00	5.77	500.00
	1951.96	0.00	5.76	497.00
	1951.97	0.00	5.76	492.00
	1951.98	0.00	5.76	487.00
	1951.99	0.00	5.86	488.00
	1952.01	0.00	5.89	486.00
	1952.02	0.00	5.84	492.00
	1952.03	0.00	5.82	491.00
	1952.04	0.00	5.83	490.00
	1952.05	0.00	5.83	488.00
	1952.06	0.00	5.82	486.00
	1952.07	0.00	5.83	486.00
	1952.09	0.00	5.82	486.00
	1952.10	0.00	5.81	482.00
	1952.11	0.00	5.86	485.00
	1952.12	0.00	5.89	486.00
	1952.13	0.00	5.90	484.00
	1952.14	0.00	5.89	483.00
	1952.15	0.00	5.89	492.00
	1952.17	0.00	5.89	491.00
	1952.18	0.00	5.83	489.00
	1952.19	0.00	5.87	490.00
	1952.20	0.00	5.88	489.00
	1952.21	0.00	5.88	490.00
	1952.22	0.00	5.88	491.00
	1952.23	0.00	5.88	490.00
	1952.25	0.00	5.88	490.00
	1952.26	0.00	5.88	490.00
	1952.27	0.00	5.89	490.00
	1952.28	0.00	5.88	490.00
	1952.29	0.00	5.89	490.00
	1952.30	0.00	5.89	489.00
	1952.32	0.00	5.91	488.00
	1952.33	0.00	5.83	487.00
	1952.34	0.00	5.79	486.00
	1952.35	0.00	5.83	486.00
	1952.36	0.00	5.83	485.00
	1952.37	0.00	5.83	485.00
	1952.39	0.00	5.83	484.00
	1952.40	0.00	5.85	487.00
	1952.41	0.00	5.85	486.00
	1952.42	0.00	5.84	486.00
	1952.43	0.00	5.84	485.00
	1952.44	0.00	5.84	485.00
	1952.45	0.00	5.81	482.00
	1952.46	0.00	5.75	479.00
	1952.48	0.00	5.75	476.00
	1952.49	0.00	5.78	467.00
	1952.50	0.00	5.78	467.00
	1952.51	0.00	5.82	468.00
	1952.52	0.00	5.78	467.00
	1952.53	0.00	5.78	467.00
	1952.55	0.00	5.78	467.00
	1952.56	0.00	5.79	467.00
	1952.57	0.00	5.80	469.00
	1952.58	0.00	5.79	466.00
	1952.59	0.00	5.78	466.00
	1952.60	0.00	5.78	466.00
	1952.61	0.00	5.79	465.00
	1952.63	0.00	5.79	467.00
	1952.64	0.00	5.77	467.00
	1952.65	0.00	5.89	470.00
	1952.66	0.00	5.88	468.00
	1952.67	0.00	5.86	477.00
	1952.68	0.00	5.87	478.00
	1952.69	0.00	5.87	477.00
	1952.71	0.00	5.87	476.00
	1952.72	0.00	5.87	476.00
	1952.73	0.00	5.87	473.00
	1952.74	0.00	5.87	477.00
	1952.75	0.00	5.87	476.00
	1952.76	0.00	5.88	475.00
	1952.78	0.00	5.96	478.00
	1952.79	0.00	5.96	476.00
	1952.80	0.00	5.94	484.00
	1952.81	0.00	5.96	482.00
	1952.82	0.00	5.92	483.00
	1952.83	0.00	5.94	483.00
	1952.84	0.00	5.92	482.00
	1952.86	0.00	5.93	480.00
	1952.87	0.00	5.93	485.00
	1952.88	0.00	5.94	484.00
	1952.89	0.00	5.92	483.00
	1952.90	0.00	5.92	483.00
	1952.91	0.00	5.93	484.00
	1952.93	0.00	5.92	483.00
	1952.94	0.00	5.92	482.00
	1952.95	0.00	5.94	482.00
	1952.96	0.00	5.87	481.00
	1952.97	0.00	5.87	479.00
	1952.98	0.00	5.87	480.00
	1953.00	0.00	5.88	479.00
	1953.01	0.00	5.87	478.00
	1953.02	0.00	5.90	480.00
	1953.03	0.00	5.89	480.00
	1953.04	0.00	5.89	481.00
	1953.05	0.00	5.89	480.00
	1953.06	0.00	5.88	481.00
	1953.07	0.00	5.88	480.00
	1953.09	0.00	5.79	475.00
	1953.10	0.00	5.79	474.00
	1953.11	0.00	5.81	467.00
	1953.12	0.00	5.83	464.00
	1953.13	0.00	5.83	464.00
	1953.14	0.00	5.82	464.00
	1953.16	0.00	5.83	464.00
	1953.17	0.00	5.83	464.00
	1953.18	0.00	5.84	464.00
	1953.19	0.00	5.84	463.00
	1953.20	0.00	5.82	463.00
	1953.21	0.00	5.83	462.00
	1953.22	0.00	5.83	463.00
	1953.24	0.00	5.82	461.00
	1953.25	0.00	5.84	463.00
	1953.26	0.00	5.83	462.00
	1953.27	0.00	5.83	462.00
	1953.28	0.00	5.93	465.00
	1953.29	0.00	5.93	464.00
	1953.31	0.00	5.92	473.00
	1953.32	0.00	5.91	472.00
	1953.33	0.00	5.90	472.00
	1953.34	0.00	5.91	472.00
	1953.35	0.00	5.90	472.00
	1953.36	0.00	5.91	472.00
	1953.38	0.00	5.92	472.00
	1953.39	0.00	5.92	471.00
	1953.40	0.00	5.91	470.00
	1953.41	0.00	5.93	468.00
	1953.42	0.00	5.99	473.00
	1953.43	0.00	5.99	473.00
	1953.44	0.00	6.00	472.00
	1953.45	0.00	5.98	479.00
	1953.47	0.00	5.99	479.00
	1953.48	0.00	5.96	479.00
	1953.49	0.00	5.96	478.00
	1953.50	0.00	5.97	477.00
	1953.51	0.00	5.95	479.00
	1953.52	0.00	5.95	479.00
	1953.54	0.00	5.96	479.00
	1953.55	0.00	5.96	478.00
	1953.56	0.00	5.95	478.00
	1953.57	0.00	5.96	479.00
	1953.58	0.00	5.97	478.00
	1953.59	0.00	5.96	479.00
	1953.60	0.00	5.95	478.00
	1953.62	0.00	5.97	479.00
	1953.63	0.00	5.91	478.00
	1953.64	0.00	5.92	478.00
	1953.65	0.00	5.91	477.00
	1953.66	0.00	5.92	477.00
	1953.67	0.00	5.91	478.00
	1953.69	0.00	5.93	478.00
	1953.70	0.00	5.93	479.00
	1953.71	0.00	5.93	478.00
	1953.72	0.00	5.93	478.00
	1953.73	0.00	5.92	479.00
	1953.74	0.00	5.93	480.00
	1953.76	0.00	5.82	473.00
	1953.77	0.00	5.81	472.00
	1953.78	0.00	5.85	466.00
	1953.79	0.00	5.86	462.00
	1953.80	0.00	5.86	461.00
	1953.81	0.00	5.87	460.00
	1953.82	0.00	5.89	458.00
	1953.83	0.00	5.88	458.00
	1953.85	0.00	5.86	458.00
	1953.86	0.00	5.87	457.00
	1953.87	0.00	5.88	456.00
	1953.88	0.00	5.89	456.00
	1953.89	0.00	5.88	456.00
	1953.90	0.00	5.87	456.00
	1953.92	0.00	5.88	455.00
	1953.93	0.00	5.88	457.00
	1953.94	0.00	5.87	456.00
	1953.95	0.00	5.96	459.00
	1953.96	0.00	5.94	460.00
	1953.97	0.00	5.94	461.00
	1953.98	0.00	5.93	466.00
	1954.00	0.00	5.92	465.00
	1954.01	0.00	5.89	465.00
	1954.02	0.00	5.93	456.00
	1954.03	0.00	5.94	456.00
	1954.04	0.00	5.91	462.00
	1954.05	0.00	5.84	496.00
	1954.06	0.00	5.68	549.00
	1954.08	0.00	6.37	656.00
	1954.09	0.00	6.42	674.00
	1954.10	0.00	6.45	669.00
	1954.11	0.00	6.43	659.00
	1954.12	0.00	6.48	668.00
	1954.14	0.00	6.53	668.00
	1954.15	0.00	6.46	668.00
	1954.16	0.00	6.45	675.00
	1954.17	0.00	6.31	672.00
	1954.18	0.00	6.51	713.00
	1954.19	0.00	6.52	723.00
	1954.20	0.00	6.48	734.00
	1954.21	0.00	6.50	745.00
	1954.23	0.00	6.48	755.00
	1954.24	0.00	6.49	766.00
	1954.25	0.00	6.38	761.00
	1954.26	0.00	6.48	785.00
	1954.27	0.00	6.49	788.00
	1954.28	0.00	6.51	791.00
	1954.30	0.00	6.46	792.00
	1954.31	0.00	6.47	790.00
	1954.32	0.00	6.47	788.00
	1954.33	0.00	6.37	785.00
	1954.34	0.00	6.48	783.00
	1954.35	0.00	6.47	780.00
	1954.36	0.00	6.50	782.00
	1954.38	0.00	6.50	780.00
	1954.39	0.00	6.52	783.00
	1954.40	0.00	6.51	784.00
	1954.41	0.00	6.49	785.00
	1954.42	0.00	6.50	787.00
	1954.44	0.00	6.50	786.00
	1954.45	0.00	6.49	782.00
	1954.46	0.00	6.44	785.00
	1954.47	0.00	6.44	787.00
	1954.48	0.00	6.43	788.00
	1954.49	0.00	6.43	791.00
	1954.50	0.00	6.40	792.00
	1954.52	0.00	6.33	793.00
	1954.53	0.00	6.33	792.00
	1954.54	0.00	6.36	786.00
	1954.55	0.00	6.40	793.00
	1954.56	0.00	6.42	797.00
	1954.57	0.00	6.44	800.00
	1954.58	0.00	6.48	805.00
	1954.60	0.00	6.41	798.00
	1954.61	0.00	6.25	772.00
	1954.62	0.00	7.24	840.00
	1954.63	0.00	7.26	839.00
	1954.64	0.00	7.28	842.00
	1954.65	0.00	7.33	845.00
	1954.67	0.00	7.27	841.00
	1954.68	0.00	7.33	843.00
	1954.69	0.00	7.30	840.00
	1954.70	0.00	7.33	840.00
	1954.71	0.00	7.28	836.00
	1954.72	0.00	7.46	845.00
	1954.73	0.00	7.48	843.00
	1954.75	0.00	7.48	844.00
	1954.76	0.00	7.43	851.00
	1954.77	0.00	7.42	851.00
	1954.78	0.00	7.39	846.00
	1954.79	0.00	7.39	845.00
	1954.80	0.00	7.36	842.00
	1954.82	0.00	7.34	839.00
	1954.83	0.00	6.21	762.00
	1954.84	0.00	6.41	788.00
	1954.85	0.00	6.41	788.00
	1954.86	0.00	6.41	788.00
	1954.87	0.00	6.44	786.00
	1954.89	0.00	6.50	790.00
	1954.90	0.00	6.49	789.00
	1954.91	0.00	6.48	788.00
	1954.92	0.00	6.48	787.00
	1954.93	0.00	6.44	785.00
	1954.94	0.00	6.48	799.00
	1954.95	0.00	6.47	798.00
	1954.97	0.00	6.42	798.00
	1954.98	0.00	6.39	793.00
	1954.99	0.00	6.37	793.00
	1955.00	0.00	6.35	790.00
	1955.01	0.00	6.31	783.00
	1955.02	0.00	6.44	808.00
	1955.04	0.00	6.44	807.00
	1955.05	0.00	6.45	807.00
	1955.06	0.00	6.45	805.00
	1955.07	0.00	6.46	805.00
	1955.08	0.00	6.50	805.00
	1955.09	0.00	6.49	803.00
	1955.10	0.00	6.52	801.00
	1955.12	0.00	6.49	793.00
	1955.13	0.00	6.53	793.00
	1955.14	0.00	6.57	791.00
	1955.15	0.00	6.54	787.00
	1955.16	0.00	6.52	784.00
	1955.18	0.00	6.50	779.00
	1955.19	0.00	6.54	774.00
	1955.20	0.00	6.56	767.00
	1955.21	0.00	6.53	763.00
	1955.22	0.00	6.45	750.00
	1955.23	0.00	6.54	753.00
	1955.24	0.00	6.55	744.00
	1955.26	0.00	6.57	733.00
	1955.27	0.00	6.58	720.00
	1955.28	0.00	6.59	710.00
	1955.29	0.00	6.56	704.00
	1955.30	0.00	6.56	700.00
	1955.31	0.00	6.52	703.00
	1955.32	0.00	6.52	708.00
	1955.34	0.00	6.49	707.00
	1955.35	0.00	6.44	705.00
	1955.36	0.00	6.44	704.00
	1955.37	0.00	6.42	692.00
	1955.38	0.00	6.43	697.00
	1955.39	0.00	6.50	709.00
	1955.41	0.00	6.50	715.00
	1955.42	0.00	6.54	722.00
	1955.43	0.00	6.56	728.00
	1955.44	0.00	6.53	724.00
	1955.45	0.00	6.40	706.00
	1955.46	0.00	6.37	700.00
	1955.47	0.00	6.44	698.00
	1955.49	0.00	6.39	697.00
	1955.50	0.00	6.39	696.00
	1955.51	0.00	6.37	694.00
	1955.52	0.00	6.39	690.00
	1955.53	0.00	6.38	688.00
	1955.55	0.00	6.39	693.00
	1955.56	0.00	6.38	699.00
	1955.57	0.00	6.40	702.00
	1955.58	0.00	6.45	712.00
	1955.59	0.00	6.44	718.00
	1955.60	0.00	6.44	721.00
	1955.61	0.00	6.44	722.00
	1955.63	0.00	6.47	731.00
	1955.64	0.00	6.48	730.00
	1955.65	0.00	6.47	723.00
	1955.66	0.00	6.47	716.00
	1955.67	0.00	6.45	711.00
	1955.68	0.00	6.36	699.00
	1955.69	0.00	6.59	727.00
	1955.71	0.00	6.56	728.00
	1955.72	0.00	6.56	725.00
	1955.73	0.00	6.63	722.00
	1955.74	0.00	6.64	719.00
	1955.75	0.00	6.72	718.00
	1955.76	0.00	6.72	711.00
	1955.78	0.00	7.54	753.00
	1955.79	0.00	7.59	765.00
	1955.80	0.00	6.74	702.00
	1955.81	0.00	6.73	694.00
	1955.82	0.00	6.72	687.00
	1955.83	0.00	6.72	683.00
	1955.84	0.00	7.55	725.00
	1955.86	0.00	7.55	713.00
	1955.87	0.00	7.79	740.00
	1955.88	0.00	7.81	733.00
	1955.89	0.00	7.