1611.48
	3701.54	0.00	12.38	1610.47
	3701.56	0.00	12.38	1611.46
	3701.57	0.00	12.37	1612.48
	3701.58	0.00	12.36	1610.50
	3701.59	0.00	12.36	1611.50
	3701.60	0.00	12.36	1612.51
	3701.61	0.00	12.35	1612.52
	3701.63	0.00	12.35	1612.52
	3701.64	0.00	12.35	1609.51
	3701.65	0.00	12.35	1614.53
	3701.66	0.00	12.34	1613.54
	3701.67	0.00	12.36	1612.49
	3701.68	0.00	12.34	1614.53
	3701.70	0.00	12.33	1617.55
	3701.71	0.00	12.33	1617.57
	3701.72	0.00	12.33	1616.59
	3701.73	0.00	12.32	1617.60
	3701.74	0.00	12.31	1618.61
	3701.75	0.00	12.31	1617.62
	3701.77	0.00	12.30	1617.62
	3701.78	0.00	12.29	1617.63
	3701.79	0.00	12.34	1605.43
	3701.80	0.00	12.41	1610.32
	3701.81	0.00	12.40	1613.34
	3701.83	0.00	12.40	1616.36
	3701.84	0.00	12.39	1616.36
	3701.85	0.00	12.39	1614.36
	3701.86	0.00	12.39	1617.37
	3701.87	0.00	12.38	1619.39
	3701.88	0.00	12.37	1613.40
	3701.90	0.00	12.36	1615.41
	3701.91	0.00	12.35	1614.41
	3701.92	0.00	12.35	1617.43
	3701.93	0.00	12.35	1614.42
	3701.94	0.00	12.34	1615.43
	3701.95	0.00	12.34	1615.43
	3701.97	0.00	12.30	1605.44
	3701.98	0.00	12.31	1606.41
	3701.99	0.00	12.28	1607.51
	3702.00	0.00	12.26	1609.56
	3702.01	0.00	12.24	1612.60
	3702.03	0.00	12.25	1605.62
	3702.04	0.00	12.25	1605.62
	3702.05	0.00	12.25	1606.61
	3702.06	0.00	12.24	1605.64
	3702.07	0.00	12.24	1608.64
	3702.08	0.00	12.25	1610.64
	3702.10	0.00	12.18	1586.62
	3702.11	0.00	12.18	1593.66
	3702.12	0.00	12.19	1599.67
	3702.13	0.00	12.19	1601.67
	3702.14	0.00	12.18	1601.68
	3702.15	0.00	12.19	1604.68
	3702.17	0.00	12.20	1604.69
	3702.18	0.00	12.19	1608.70
	3702.19	0.00	12.19	1611.70
	3702.20	0.00	12.18	1612.71
	3702.21	0.00	12.16	1604.71
	3702.22	0.00	12.19	1607.65
	3702.24	0.00	12.18	1608.68
	3702.25	0.00	12.21	1620.69
	3702.26	0.00	12.21	1625.70
	3702.27	0.00	12.21	1625.71
	3702.28	0.00	12.20	1626.72
	3702.30	0.00	12.19	1627.72
	3702.31	0.00	12.20	1625.69
	3702.32	0.00	12.19	1626.73
	3702.33	0.00	12.18	1622.72
	3702.34	0.00	12.18	1623.71
	3702.35	0.00	12.18	1625.73
	3702.37	0.00	12.18	1626.73
	3702.38	0.00	12.18	1625.74
	3702.39	0.00	12.18	1627.75
	3702.40	0.00	12.19	1628.74
	3702.41	0.00	12.18	1628.75
	3702.42	0.00	12.18	1628.75
	3702.44	0.00	12.18	1624.72
	3702.45	0.00	12.20	1629.70
	3702.46	0.00	12.21	1631.69
	3702.47	0.00	12.21	1630.69
	3702.48	0.00	12.20	1630.69
	3702.50	0.00	12.20	1630.69
	3702.51	0.00	12.20	1629.69
	3702.52	0.00	12.18	1621.68
	3702.53	0.00	12.18	1620.69
	3702.54	0.00	12.18	1621.68
	3702.55	0.00	12.19	1622.68
	3702.57	0.00	12.19	1622.68
	3702.58	0.00	12.19	1623.68
	3702.59	0.00	12.19	1623.68
	3702.60	0.00	12.19	1621.68
	3702.61	0.00	12.19	1620.68
	3702.62	0.00	12.19	1621.68
	3702.64	0.00	12.18	1620.69
	3702.65	0.00	12.17	1615.69
	3702.66	0.00	12.17	1616.69
	3702.67	0.00	12.17	1616.69
	3702.68	0.00	12.18	1620.69
	3702.69	0.00	12.17	1619.69
	3702.71	0.00	12.18	1621.69
	3702.72	0.00	12.17	1619.69
	3702.73	0.00	12.26	1620.50
	3702.74	0.00	12.26	1619.50
	3702.75	0.00	12.23	1620.56
	3702.77	0.00	12.21	1620.60
	3702.78	0.00	12.19	1616.63
	3702.79	0.00	12.18	1616.64
	3702.80	0.00	12.18	1615.64
	3702.81	0.00	12.18	1614.64
	3702.82	0.00	12.17	1613.65
	3702.84	0.00	12.14	1607.67
	3702.85	0.00	12.12	1608.73
	3702.86	0.00	12.11	1610.76
	3702.87	0.00	12.12	1609.77
	3702.88	0.00	12.12	1611.79
	3702.90	0.00	12.11	1610.79
	3702.91	0.00	12.11	1612.79
	3702.92	0.00	12.10	1606.77
	3702.93	0.00	12.13	1599.66
	3702.94	0.00	12.22	1603.48
	3702.95	0.00	12.23	1610.50
	3702.97	0.00	12.23	1614.51
	3702.98	0.00	12.23	1610.52
	3702.99	0.00	12.22	1608.52
	3703.00	0.00	12.21	1610.52
	3703.01	0.00	12.21	1610.53
	3703.02	0.00	12.21	1611.53
	3703.04	0.00	12.16	1604.56
	3703.05	0.00	12.12	1609.67
	3703.06	0.00	12.12	1610.68
	3703.07	0.00	12.11	1609.71
	3703.08	0.00	12.10	1606.74
	3703.10	0.00	12.12	1607.74
	3703.11	0.00	12.12	1610.74
	3703.12	0.00	12.09	1598.71
	3703.13	0.00	12.05	1586.73
	3703.14	0.00	12.08	1595.75
	3703.15	0.00	12.08	1599.76
	3703.17	0.00	12.09	1597.77
	3703.18	0.00	12.09	1601.78
	3703.19	0.00	12.08	1605.78
	3703.20	0.00	12.08	1605.79
	3703.21	0.00	12.07	1604.79
	3703.22	0.00	12.05	1595.76
	3703.24	0.00	12.10	1611.76
	3703.25	0.00	12.11	1618.78
	3703.26	0.00	12.11	1621.79
	3703.27	0.00	12.10	1619.80
	3703.28	0.00	12.10	1620.79
	3703.30	0.00	12.10	1619.79
	3703.31	0.00	12.08	1617.80
	3703.32	0.00	12.10	1622.79
	3703.33	0.00	12.09	1620.80
	3703.34	0.00	12.10	1615.76
	3703.35	0.00	12.10	1619.77
	3703.37	0.00	12.10	1623.79
	3703.38	0.00	12.10	1623.79
	3703.39	0.00	12.09	1621.80
	3703.40	0.00	12.10	1624.81
	3703.41	0.00	12.11	1624.81
	3703.43	0.00	12.10	1625.81
	3703.44	0.00	12.10	1620.78
	3703.45	0.00	12.11	1623.77
	3703.46	0.00	12.11	1622.77
	3703.47	0.00	12.12	1625.76
	3703.48	0.00	12.12	1626.76
	3703.50	0.00	12.13	1625.75
	3703.51	0.00	12.13	1622.75
	3703.52	0.00	12.13	1621.75
	3703.53	0.00	12.13	1624.75
	3703.54	0.00	12.10	1619.75
	3703.55	0.00	12.10	1620.75
	3703.57	0.00	12.10	1621.75
	3703.58	0.00	12.10	1621.76
	3703.59	0.00	12.10	1622.76
	3703.60	0.00	12.10	1621.76
	3703.61	0.00	12.11	1620.75
	3703.62	0.00	12.10	1619.75
	3703.64	0.00	12.10	1621.76
	3703.65	0.00	12.11	1621.76
	3703.66	0.00	12.10	1619.76
	3703.67	0.00	12.10	1614.75
	3703.68	0.00	12.10	1615.75
	3703.70	0.00	12.10	1616.77
	3703.71	0.00	12.09	1613.75
	3703.72	0.00	12.11	1620.76
	3703.73	0.00	12.11	1620.76
	3703.74	0.00	12.10	1619.76
	3703.75	0.00	12.13	1622.73
	3703.77	0.00	12.21	1620.53
	3703.78	0.00	12.20	1624.57
	3703.79	0.00	12.19	1623.60
	3703.80	0.00	12.17	1622.62
	3703.81	0.00	12.16	1617.63
	3703.82	0.00	12.17	1611.62
	3703.84	0.00	12.17	1611.62
	3703.85	0.00	12.19	1611.61
	3703.86	0.00	12.21	1613.59
	3703.87	0.00	12.22	1611.58
	3703.88	0.00	12.22	1601.56
	3703.90	0.00	12.18	1597.65
	3703.91	0.00	12.19	1597.65
	3703.92	0.00	12.20	1596.65
	3703.93	0.00	12.21	1594.63
	3703.94	0.00	12.22	1593.61
	3703.95	0.00	12.24	1591.61
	3703.97	0.00	12.23	1585.62
	3703.98	0.00	12.24	1592.61
	3703.99	0.00	12.25	1594.61
	3704.00	0.00	12.29	1573.38
	3704.01	0.00	12.31	1576.34
	3704.03	0.00	12.35	1586.33
	3704.04	0.00	12.34	1580.32
	3704.05	0.00	12.36	1589.33
	3704.06	0.00	12.36	1592.34
	3704.07	0.00	12.37	1585.31
	3704.08	0.00	12.36	1589.35
	3704.10	0.00	12.35	1590.36
	3704.11	0.00	12.36	1584.30
	3704.12	0.00	12.37	1586.29
	3704.13	0.00	12.38	1587.27
	3704.14	0.00	12.34	1588.36
	3704.15	0.00	12.33	1591.42
	3704.17	0.00	12.32	1579.45
	3704.18	0.00	12.31	1584.47
	3704.19	0.00	12.31	1585.47
	3704.20	0.00	12.23	1559.49
	3704.21	0.00	12.23	1560.51
	3704.22	0.00	12.23	1561.51
	3704.24	0.00	12.22	1567.57
	3704.25	0.00	12.23	1571.58
	3704.26	0.00	12.23	1577.60
	3704.27	0.00	12.26	1578.58
	3704.28	0.00	12.26	1577.58
	3704.30	0.00	12.25	1572.58
	3704.31	0.00	12.27	1579.57
	3704.32	0.00	12.27	1582.56
	3704.33	0.00	12.25	1577.56
	3704.34	0.00	12.27	1586.56
	3704.35	0.00	12.27	1577.51
	3704.37	0.00	12.29	1591.53
	3704.38	0.00	12.32	1599.52
	3704.39	0.00	12.32	1598.52
	3704.40	0.00	12.31	1598.52
	3704.41	0.00	12.32	1596.51
	3704.43	0.00	12.31	1596.52
	3704.44	0.00	12.31	1598.51
	3704.45	0.00	12.32	1597.50
	3704.46	0.00	12.30	1594.50
	3704.47	0.00	12.31	1593.50
	3704.48	0.00	12.32	1595.47
	3704.50	0.00	12.31	1593.50
	3704.51	0.00	12.31	1589.47
	3704.52	0.00	12.31	1598.51
	3704.53	0.00	12.34	1599.45
	3704.54	0.00	12.31	1597.52
	3704.55	0.00	12.31	1597.52
	3704.57	0.00	12.31	1598.52
	3704.58	0.00	12.31	1599.52
	3704.59	0.00	12.32	1598.51
	3704.60	0.00	12.31	1597.52
	3704.61	0.00	12.32	1595.48
	3704.63	0.00	12.33	1598.47
	3704.64	0.00	12.35	1601.46
	3704.65	0.00	12.33	1598.48
	3704.66	0.00	12.35	1601.46
	3704.67	0.00	12.34	1600.46
	3704.68	0.00	12.34	1600.46
	3704.70	0.00	12.35	1600.45
	3704.71	0.00	12.33	1596.46
	3704.72	0.00	12.33	1595.46
	3704.73	0.00	12.33	1594.46
	3704.74	0.00	12.33	1594.46
	3704.76	0.00	12.33	1595.47
	3704.77	0.00	12.34	1593.46
	3704.78	0.00	12.33	1595.47
	3704.79	0.00	12.32	1589.47
	3704.80	0.00	12.32	1590.47
	3704.81	0.00	12.32	1590.48
	3704.83	0.00	12.34	1592.46
	3704.84	0.00	12.33	1591.46
	3704.85	0.00	12.43	1590.24
	3704.86	0.00	12.42	1591.28
	3704.87	0.00	12.40	1592.32
	3704.88	0.00	12.37	1587.35
	3704.90	0.00	12.37	1587.37
	3704.91	0.00	12.37	1588.38
	3704.92	0.00	12.29	1579.48
	3704.93	0.00	12.30	1586.51
	3704.94	0.00	12.31	1582.52
	3704.95	0.00	12.32	1584.52
	3704.97	0.00	12.30	1584.55
	3704.98	0.00	12.30	1586.56
	3704.99	0.00	12.30	1588.54
	3705.00	0.00	12.42	1579.22
	3705.01	0.00	12.43	1586.24
	3705.03	0.00	12.45	1583.20
	3705.04	0.00	12.42	1581.25
	3705.05	0.00	12.42	1584.25
	3705.06	0.00	12.43	1585.25
	3705.07	0.00	12.47	1583.13
	3705.08	0.00	12.40	1579.25
	3705.10	0.00	12.36	1584.36
	3705.11	0.00	12.36	1575.40
	3705.12	0.00	12.36	1579.42
	3705.13	0.00	12.35	1582.44
	3705.14	0.00	12.28	1558.46
	3705.15	0.00	12.29	1568.48
	3705.17	0.00	12.30	1568.48
	3705.18	0.00	12.28	1570.51
	3705.19	0.00	12.32	1572.49
	3705.20	0.00	12.30	1574.49
	3705.21	0.00	12.30	1579.50
	3705.23	0.00	12.30	1573.45
	3705.24	0.00	12.33	1584.47
	3705.25	0.00	12.35	1591.47
	3705.26	0.00	12.34	1592.47
	3705.27	0.00	12.35	1592.47
	3705.28	0.00	12.34	1593.49
	3705.30	0.00	12.34	1596.48
	3705.31	0.00	12.34	1595.48
	3705.32	0.00	12.34	1590.45
	3705.33	0.00	12.35	1595.46
	3705.34	0.00	12.35	1599.48
	3705.35	0.00	12.34	1596.48
	3705.37	0.00	12.35	1597.47
	3705.38	0.00	12.34	1595.50
	3705.39	0.00	12.35	1595.48
	3705.40	0.00	12.35	1597.48
	3705.41	0.00	12.35	1595.45
	3705.42	0.00	12.37	1599.44
	3705.44	0.00	12.37	1599.44
	3705.45	0.00	12.37	1601.44
	3705.46	0.00	12.39	1605.43
	3705.47	0.00	12.39	1602.43
	3705.48	0.00	12.37	1601.45
	3705.50	0.00	12.39	1607.43
	3705.51	0.00	12.37	1598.42
	3705.52	0.00	12.37	1599.43
	3705.53	0.00	12.37	1601.44
	3705.54	0.00	12.38	1606.43
	3705.55	0.00	12.39	1602.42
	3705.57	0.00	12.40	1606.42
	3705.58	0.00	12.39	1606.43
	3705.59	0.00	12.40	1605.42
	3705.60	0.00	12.40	1606.41
	3705.61	0.00	12.43	1610.39
	3705.62	0.00	12.44	1613.38
	3705.64	0.00	12.44	1614.39
	3705.65	0.00	12.44	1615.39
	3705.66	0.00	12.45	1619.39
	3705.67	0.00	12.46	1621.39
	3705.68	0.00	12.53	1619.21
	3705.70	0.00	12.52	1627.28
	3705.71	0.00	12.48	1631.36
	3705.72	0.00	12.45	1625.41
	3705.73	0.00	12.43	1632.45
	3705.74	0.00	12.41	1634.49
	3705.75	0.00	12.39	1638.54
	3705.77	0.00	12.36	1640.59
	3705.78	0.00	12.33	1637.59
	3705.79	0.00	12.30	1639.67
	3705.80	0.00	12.28	1641.68
	3705.81	0.00	12.28	1645.66
	3705.83	0.00	12.24	1654.70
	3705.84	0.00	12.23	1652.76
	3705.85	0.00	12.18	1664.80
	3705.86	0.00	12.14	1678.82
	3705.87	0.00	12.11	1691.87
	3705.88	0.00	12.10	1698.90
	3705.90	0.00	12.09	1711.93
	3705.91	0.00	12.17	1711.64
	3705.92	0.00	12.15	1733.70
	3705.93	0.00	12.15	1735.72
	3705.94	0.00	12.12	1738.75
	3705.95	0.00	12.05	1760.79
	3705.97	0.00	11.99	1762.83
	3705.98	0.00	11.95	1774.86
	3705.99	0.00	11.91	1782.88
	3706.00	0.00	11.87	1778.81
	3706.01	0.00	11.84	1785.82
	3706.02	0.00	11.80	1787.84
	3706.04	0.00	11.72	1804.01
	3706.05	0.00	11.64	1816.10
	3706.06	0.00	11.61	1818.13
	3706.07	0.00	11.58	1822.15
	3706.08	0.00	11.58	1832.14
	3706.10	0.00	11.55	1839.16
	3706.11	0.00	11.51	1849.17
	3706.12	0.00	11.42	1828.16
	3706.13	0.00	11.43	1846.20
	3706.14	0.00	11.44	1860.21
	3706.16	0.00	11.43	1869.22
	3706.17	0.00	11.41	1877.22
	3706.18	0.00	11.45	1898.17
	3706.19	0.00	11.42	1911.22
	3706.20	0.00	11.38	1917.23
	3706.21	0.00	11.39	1928.24
	3706.23	0.00	11.40	1939.22
	3706.24	0.00	11.44	1961.18
	3706.25	0.00	11.44	1971.26
	3706.26	0.00	11.46	1983.25
	3706.27	0.00	11.48	1990.20
	3706.29	0.00	11.50	1999.22
	3706.30	0.00	11.54	2010.19
	3706.31	0.00	11.57	2020.18
	3706.32	0.00	11.59	2026.19
	3706.33	0.00	11.59	2030.19
	3706.34	0.00	11.58	2049.18
	3706.36	0.00	11.60	2056.19
	3706.37	0.00	11.62	2039.18
	3706.38	0.00	11.73	2083.18
	3706.39	0.00	11.76	2090.18
	3706.40	0.00	11.80	2093.18
	3706.42	0.00	11.79	2096.18
	3706.43	0.00	11.80	2098.18
	3706.44	0.00	11.78	2099.22
	3706.45	0.00	11.78	2100.24
	3706.46	0.00	11.77	2098.25
	3706.47	0.00	11.77	2096.25
	3706.49	0.00	11.78	2101.26
	3706.50	0.00	11.79	2100.21
	3706.51	0.00	11.79	2102.23
	3706.52	0.00	11.77	2101.25
	3706.53	0.00	11.77	2102.25
	3706.55	0.00	11.75	2100.25
	3706.56	0.00	11.86	2105.98
	3706.57	0.00	11.85	2107.02
	3706.58	0.00	11.83	2097.03
	3706.59	0.00	11.82	2097.04
	3706.60	0.00	11.71	2077.04
	3706.62	0.00	11.63	2062.19
	3706.63	0.00	11.61	2062.26
	3706.64	0.00	11.61	2061.27	3738.72	0.00	11.89	1797.88
	3738.73	0.00	11.86	1799.97
	3738.75	4
	3738.70	0.00	11.93	1809.84
	3738.71	0.00	11.94	1802.77
	3738.72	0.00	11.89	1797.88
	3738.73	0.00	11.86	1799.97
	3738.75	4
	3738.70	0.00	11.93	1809.84
	3738.71	0.00	11.94	1802.77
	3738.72	0.00	11.89	1797.88
	3738.73	0.00	11.86	1799.97
	3738.75	0.00	11.87	1791.02
	3738.76	0.00	11.89	1794.00
	3738.77	0.00	11.82	1767.01
	3738.78	0.00	11.84	1777.05
	3738.79	0.00	11.86	1777.09
	3738.80	0.00	11.87	1784.07
	3738.82	0.00	11.87	1785.07
	3738.83	0.00	11.85	1774.03
	3738.84	0.00	11.90	1793.04
	3738.85	0.00	11.91	1795.05
	3738.86	0.00	11.90	1798.06
	3738.88	0.00	11.89	1798.03
	3738.89	0.00	11.90	1804.07
	3738.90	0.00	11.90	1804.07
	3738.91	0.00	11.90	1804.07
	3738.92	0.00	11.90	1808.07
	3738.93	0.00	11.88	1794.04
	3738.95	0.00	11.91	1805.02
	3738.96	0.00	11.92	1806.01
	3738.97	0.00	11.92	1807.02
	3738.98	0.00	11.92	1807.01
	3738.99	0.00	11.89	1797.01
	3739.01	0.00	11.89	1795.01
	3739.02	0.00	11.89	1797.00
	3739.03	0.00	11.89	1797.01
	3739.04	0.00	11.89	1798.01
	3739.05	0.00	11.88	1798.01
	3739.06	0.00	11.87	1797.02
	3739.08	0.00	11.83	1785.01
	3739.09	0.00	11.88	1802.01
	3739.10	0.00	11.88	1803.01
	3739.11	0.00	11.91	1804.93
	3739.12	0.00	11.86	1802.03
	3739.14	0.00	11.86	1806.06
	3739.15	0.00	11.85	1806.08
	3739.16	0.00	11.87	1811.02
	3739.17	0.00	11.86	1812.05
	3739.18	0.00	11.85	1810.06
	3739.20	0.00	11.86	1812.07
	3739.21	0.00	11.86	1811.07
	3739.22	0.00	11.83	1807.08
	3739.23	0.00	11.89	1806.93
	3739.24	0.00	11.95	1814.81
	3739.25	0.00	11.96	1817.80
	3739.27	0.00	11.91	1806.86
	3739.28	0.00	11.96	1810.76
	3739.29	0.00	11.89	1804.92
	3739.30	0.00	11.86	1806.96
	3739.31	0.00	11.87	1798.99
	3739.33	0.00	11.87	1804.01
	3739.34	0.00	11.80	1780.02
	3739.35	0.00	11.83	1795.07
	3739.36	0.00	11.87	1792.07
	3739.37	0.00	11.88	1798.07
	3739.38	0.00	11.88	1782.02
	3739.40	0.00	11.94	1793.05
	3739.41	0.00	11.98	1789.05
	3739.42	0.00	11.98	1794.05
	3739.43	0.00	11.99	1794.05
	3739.44	0.00	12.01	1785.01
	3739.46	0.00	12.05	1785.05
	3739.47	0.00	12.06	1785.05
	3739.48	0.00	12.07	1788.05
	3739.49	0.00	12.08	1787.01
	3739.50	0.00	12.04	1783.06
	3739.51	0.00	12.07	1787.01
	3739.53	0.00	12.08	1790.00
	3739.54	0.00	12.07	1788.00
	3739.55	0.00	12.02	1805.00
	3739.56	0.00	11.97	1799.00
	3739.57	0.00	11.96	1798.00
	3739.59	0.00	11.95	1798.01
	3739.60	0.00	11.97	1800.00
	3739.61	0.00	11.97	1803.00
	3739.62	0.00	11.96	1798.00
	3739.63	0.00	11.95	1796.01
	3739.64	0.00	11.97	1803.00
	3739.66	0.00	11.98	1801.99
	3739.67	0.00	12.00	1801.99
	3739.68	0.00	12.01	1798.00
	3739.69	0.00	12.01	1796.03
	3739.70	0.00	12.01	1796.04
	3739.72	0.00	12.01	1794.05
	3739.73	0.00	12.03	1789.07
	3739.74	0.00	12.07	1781.03
	3739.75	0.00	12.08	1786.03
	3739.76	0.00	12.08	1784.04
	3739.78	0.00	12.08	1788.05
	3739.79	0.00	12.07	1789.05
	3739.80	0.00	12.15	1781.81
	3739.81	0.00	12.18	1790.77
	3739.82	0.00	12.16	1792.83
	3739.83	0.00	12.15	1784.83
	3739.85	0.00	12.14	1786.84
	3739.86	0.00	12.10	1776.87
	3739.87	0.00	12.00	1788.96
	3739.88	0.00	12.02	1790.98
	3739.89	0.00	12.01	1788.99
	3739.91	0.00	11.93	1770.00
	3739.92	0.00	11.94	1777.03
	3739.93	0.00	11.94	1782.05
	3739.94	0.00	11.97	1785.05
	3739.95	0.00	11.97	1787.05
	3739.96	0.00	11.97	1785.02
	3739.98	0.00	12.00	1796.03
	3739.99	0.00	12.01	1794.04
	3740.00	0.00	12.00	1795.04
	3740.01	0.00	12.00	1794.02
	3740.02	0.00	12.01	1802.06
	3740.04	0.00	12.02	1803.05
	3740.05	0.00	12.02	1801.05
	3740.06	0.00	12.02	1802.05
	3740.07	0.00	12.02	1797.01
	3740.08	0.00	12.04	1801.99
	3740.09	0.00	12.05	1797.98
	3740.11	0.00	12.05	1796.98
	3740.12	0.00	12.05	1796.98
	3740.13	0.00	12.05	1795.98
	3740.14	0.00	12.02	1783.98
	3740.15	0.00	12.02	1785.98
	3740.17	0.00	12.03	1786.97
	3740.18	0.00	12.00	1782.98
	3740.19	0.00	12.00	1781.98
	3740.20	0.00	12.01	1785.98
	3740.21	0.00	11.98	1779.01
	3740.22	0.00	12.01	1785.98
	3740.24	0.00	12.00	1782.98
	3740.25	0.00	12.01	1785.98
	3740.26	0.00	12.00	1784.00
	3740.27	0.00	11.99	1784.01
	3740.28	0.00	12.00	1786.02
	3740.30	0.00	11.99	1786.03
	3740.31	0.00	11.97	1788.07
	3740.32	0.00	11.98	1788.06
	3740.33	0.00	11.98	1791.07
	3740.34	0.00	11.99	1792.03
	3740.35	0.00	11.99	1795.06
	3740.37	0.00	11.98	1793.06
	3740.38	0.00	11.98	1792.06
	3740.39	0.00	11.99	1795.06
	3740.40	0.00	12.08	1792.78
	3740.41	0.00	12.08	1796.80
	3740.43	0.00	12.07	1790.82
	3740.44	0.00	12.07	1790.83
	3740.45	0.00	12.06	1779.77
	3740.46	0.00	12.00	1781.92
	3740.47	0.00	12.00	1773.97
	3740.48	0.00	12.00	1778.99
	3740.50	0.00	12.01	1779.98
	3740.51	0.00	11.94	1754.99
	3740.52	0.00	11.95	1768.03
	3740.53	0.00	11.98	1769.04
	3740.54	0.00	11.99	1776.04
	3740.56	0.00	11.96	1762.01
	3740.57	0.00	11.99	1775.01
	3740.58	0.00	11.99	1779.04
	3740.59	0.00	12.02	1784.03
	3740.60	0.00	12.01	1787.03
	3740.61	0.00	12.01	1782.99
	3740.63	0.00	12.02	1798.04
	3740.64	0.00	12.01	1786.04
	3740.65	0.00	12.01	1789.04
	3740.66	0.00	12.02	1793.04
	3740.67	0.00	12.08	1776.00
	3740.69	0.00	12.09	1779.98
	3740.70	0.00	12.10	1777.97
	3740.71	0.00	12.10	1777.97
	3740.72	0.00	12.10	1778.98
	3740.73	0.00	12.08	1767.97
	3740.75	0.00	12.08	1768.97
	3740.76	0.00	12.08	1766.97
	3740.77	0.00	12.09	1769.97
	3740.78	0.00	12.09	1767.97
	3740.79	0.00	12.09	1768.96
	3740.80	0.00	12.08	1763.96
	3740.82	0.00	12.07	1760.97
	3740.83	0.00	12.11	1765.96
	3740.84	0.00	12.09	1765.96
	3740.85	0.00	12.11	1768.94
	3740.86	0.00	12.08	1770.01
	3740.87	0.00	12.08	1770.02
	3740.89	0.00	12.08	1771.03
	3740.90	0.00	12.09	1773.04
	3740.91	0.00	12.09	1775.00
	3740.92	0.00	12.09	1775.01
	3740.93	0.00	12.09	1775.03
	3740.95	0.00	12.09	1778.03
	3740.96	0.00	12.10	1777.02
	3740.97	0.00	12.18	1772.80
	3740.98	0.00	12.22	1778.75
	3740.99	0.00	12.22	1781.77
	3741.00	0.00	12.21	1771.75
	3741.02	0.00	12.19	1776.80
	3741.03	0.00	12.17	1764.78
	3741.04	0.00	12.12	1765.90
	3741.05	0.00	12.14	1760.91
	3741.06	0.00	12.12	1764.95
	3741.08	0.00	12.07	1740.94
	3741.09	0.00	12.06	1743.97
	3741.10	0.00	12.07	1755.01
	3741.11	0.00	12.10	1755.01
	3741.12	0.00	12.09	1761.02
	3741.13	0.00	12.09	1755.97
	3741.15	0.00	12.12	1774.00
	3741.16	0.00	12.11	1774.01
	3741.17	0.00	12.10	1774.01
	3741.18	0.00	12.09	1777.04
	3741.19	0.00	12.10	1780.01
	3741.21	0.00	12.11	1782.03
	3741.22	0.00	12.11	1785.03
	3741.23	0.00	12.13	1784.97
	3741.24	0.00	12.11	1780.98
	3741.25	0.00	12.12	1782.97
	3741.27	0.00	12.12	1782.97
	3741.28	0.00	12.13	1783.95
	3741.29	0.00	12.12	1784.97
	3741.30	0.00	12.08	1770.97
	3741.31	0.00	12.09	1771.97
	3741.32	0.00	12.10	1772.97
	3741.34	0.00	12.09	1773.97
	3741.35	0.00	12.10	1771.96
	3741.36	0.00	12.08	1767.97
	3741.37	0.00	12.09	1769.96
	3741.38	0.00	12.10	1770.96
	3741.40	0.00	12.09	1771.97
	3741.41	0.00	12.08	1772.01
	3741.42	0.00	12.07	1773.03
	3741.43	0.00	12.07	1774.04
	3741.44	0.00	12.07	1776.05
	3741.45	0.00	12.09	1774.99
	3741.47	0.00	12.08	1773.02
	3741.48	0.00	12.08	1777.03
	3741.49	0.00	12.08	1776.03
	3741.50	0.00	12.07	1777.04
	3741.51	0.00	12.19	1778.75
	3741.53	0.00	12.18	1781.79
	3741.54	0.00	12.17	1774.81
	3741.55	0.00	12.17	1775.81
	3741.56	0.00	12.18	1765.69
	3741.57	0.00	12.11	1766.85
	3741.59	0.00	12.09	1765.89
	3741.60	0.00	12.08	1762.96
	3741.61	0.00	12.08	1765.97
	3741.62	0.00	12.02	1749.01
	3741.63	0.00	12.02	1756.04
	3741.64	0.00	12.05	1759.04
	3741.66	0.00	12.04	1761.04
	3741.67	0.00	11.98	1778.05
	3741.68	0.00	11.97	1778.03
	3741.69	0.00	11.99	1789.04
	3741.70	0.00	11.99	1789.04
	3741.72	0.00	11.98	1793.05
	3741.73	0.00	11.97	1792.06
	3741.74	0.00	11.99	1799.05
	3741.75	0.00	11.98	1795.06
	3741.76	0.00	11.99	1798.04
	3741.77	0.00	11.99	1800.06
	3741.79	0.00	11.98	1798.06
	3741.80	0.00	11.98	1793.01
	3741.81	0.00	12.01	1795.95
	3741.82	0.00	12.00	1797.00
	3741.83	0.00	11.99	1799.00
	3741.85	0.00	11.99	1800.00
	3741.86	0.00	11.97	1786.94
	3741.87	0.00	11.94	1785.00
	3741.88	0.00	11.95	1789.00
	3741.89	0.00	11.95	1790.00
	3741.90	0.00	11.96	1788.98
	3741.92	0.00	11.94	1789.00
	3741.93	0.00	11.91	1783.00
	3741.94	0.00	11.93	1787.99
	3741.95	0.00	11.93	1791.00
	3741.96	0.00	11.92	1791.01
	3741.98	0.00	11.92	1791.01
	3741.99	0.00	11.95	1790.94
	3742.00	0.00	11.92	1791.04
	3742.01	0.00	11.90	1791.06
	3742.02	0.00	11.88	1793.08
	3742.03	0.00	11.88	1796.08
	3742.05	0.00	11.87	1800.09
	3742.06	0.00	11.87	1798.05
	3742.07	0.00	11.87	1800.06
	3742.08	0.00	11.87	1802.04
	3742.09	0.00	11.86	1801.08
	3742.11	0.00	11.85	1802.08
	3742.12	0.00	11.95	1799.80
	3742.13	0.00	11.96	1805.81
	3742.14	0.00	11.95	1805.83
	3742.15	0.00	11.95	1803.84
	3742.17	0.00	11.93	1800.85
	3742.18	0.00	11.93	1799.83
	3742.19	0.00	11.87	1792.91
	3742.20	0.00	11.84	1789.99
	3742.21	0.00	11.83	1790.01
	3742.22	0.00	11.82	1790.02
	3742.24	0.00	11.72	1758.01
	3742.25	0.00	11.72	1766.05
	3742.26	0.00	11.73	1777.08
	3742.27	0.00	11.74	1779.13
	3742.28	0.00	11.74	1784.11
	3742.30	0.00	11.73	1779.07
	3742.31	0.00	11.75	1794.09
	3742.32	0.00	11.74	1791.10
	3742.33	0.00	11.73	1793.11
	3742.34	0.00	11.72	1793.11
	3742.35	0.00	11.72	1792.09
	3742.37	0.00	11.71	1798.12
	3742.38	0.00	11.74	1792.13
	3742.39	0.00	11.75	1791.13
	3742.40	0.00	11.74	1783.09
	3742.41	0.00	11.74	1783.07
	3742.43	0.00	11.74	1783.04
	3742.44	0.00	11.72	1783.07
	3742.45	0.00	11.70	1784.08
	3742.46	0.00	11.69	1784.08
	3742.47	0.00	11.67	1781.08
	3742.48	0.00	11.62	1774.11
	3742.50	0.00	11.62	1776.09
	3742.51	0.00	11.63	1772.09
	3742.52	0.00	11.62	1774.09
	3742.53	0.00	11.61	1774.10
	3742.54	0.00	11.57	1770.10
	3742.56	0.00	11.59	1773.10
	3742.57	0.00	11.60	1775.10
	3742.58	0.00	11.59	1775.12
	3742.59	0.00	11.57	1777.16
	3742.60	0.00	11.55	1779.18
	3742.61	0.00	11.56	1780.18
	3742.63	0.00	11.56	1781.19
	3742.64	0.00	11.56	1782.17
	3742.65	0.00	11.56	1783.17
	3742.66	0.00	11.55	1785.18
	3742.67	0.00	11.55	1786.19
	3742.69	0.00	11.66	1788.90
	3742.70	0.00	11.64	1790.94
	3742.71	0.00	11.63	1785.96
	3742.72	0.00	11.62	1786.97
	3742.73	0.00	11.62	1786.97
	3742.75	0.00	11.59	1776.96
	3742.76	0.00	11.54	1778.08
	3742.77	0.00	11.54	1772.12
	3742.78	0.00	11.54	1777.13
	3742.79	0.00	11.50	1761.09
	3742.80	0.00	11.47	1760.16
	3742.82	0.00	11.48	1767.18
	3742.83	0.00	11.48	1771.19
	3742.84	0.00	11.50	1767.20
	3742.85	0.00	11.50	1772.20
	3742.86	0.00	11.49	1773.20
	3742.87	0.00	11.49	1775.20
	3742.89	0.00	11.50	1775.18
	3742.90	0.00	11.52	1783.18
	3742.91	0.00	11.52	1785.18
	3742.92	0.00	11.52	1784.19
	3742.93	0.00	11.52	1783.19
	3742.95	0.00	11.52	1785.18
	3742.96	0.00	11.51	1781.14
	3742.97	0.00	11.51	1790.19
	3742.98	0.00	11.51	1792.20
	3742.99	0.00	11.51	1791.21
	3743.00	0.00	11.50	1792.21
	3743.02	0.00	11.49	1789.21
	3743.03	0.00	11.49	1791.21
	3743.04	0.00	11.49	1786.18
	3743.05	0.00	11.49	1788.16
	3743.06	0.00	11.49	1791.15
	3743.08	0.00	11.50	1788.15
	3743.09	0.00	11.50	1791.15
	3743.10	0.00	11.50	1788.10
	3743.11	0.00	11.47	1787.16
	3743.12	0.00	11.46	1786.16
	3743.14	0.00	11.46	1788.16
	3743.15	0.00	11.47	1788.15
	3743.16	0.00	11.46	1787.16
	3743.17	0.00	11.46	1788.16
	3743.18	0.00	11.43	1782.16
	3743.19	0.00	11.41	1777.17
	3743.21	0.00	11.43	1782.16
	3743.22	0.00	11.43	1782.16
	3743.23	0.00	11.43	1780.16
	3743.24	0.00	11.43	1780.16
	3743.25	0.00	11.42	1782.19
	3743.27	0.00	11.42	1781.20
	3743.28	0.00	11.41	1783.22
	3743.29	0.00	11.41	1784.23
	3743.30	0.00	11.41	1784.23
	3743.31	0.00	11.40	1782.23
	3743.32	0.00	11.41	1789.23
	3743.34	0.00	11.43	1789.19
	3743.35	0.00	11.42	1789.20
	3743.36	0.00	11.44	1789.17
	3743.37	0.00	11.43	1793.23
	3743.38	0.00	11.42	1794.23
	3743.40	0.00	11.43	1797.23
	3743.41	0.00	11.52	1797.96
	3743.42	0.00	11.52	1797.95
	3743.43	0.00	11.52	1802.98
	3743.44	0.00	11.51	1801.00
	3743.45	0.00	11.50	1798.02
	3743.47	0.00	11.50	1800.02
	3743.48	0.00	11.48	1797.02
	3743.49	0.00	11.47	1790.99
	3743.50	0.00	11.46	1793.03
	3743.51	0.00	11.43	1796.13
	3743.53	0.00	11.41	1781.15
	3743.54	0.00	11.43	1791.17
	3743.55	0.00	11.43	1794.17
	3743.56	0.00	11.40	1771.08
	3743.57	0.00	11.38	1781.21
	3743.58	0.00	11.38	1782.21
	3743.60	0.00	11.39	1783.21
	3743.61	0.00	11.40	1788.22
	3743.62	0.00	11.42	1785.24
	3743.63	0.00	11.43	1792.23
	3743.64	0.00	11.41	1792.23
	3743.66	0.00	11.43	1791.20
	3743.67	0.00	11.44	1800.22
	3743.68	0.00	11.45	1800.22
	3743.69	0.00	11.44	1804.22
	3743.70	0.00	11.44	1804.22
	3743.71	0.00	11.44	1805.22
	3743.73	0.00	11.44	1806.22
	3743.74	0.00	11.45	1809.22
	3743.75	0.00	11.45	1805.23
	3743.76	0.00	11.44	1808.23
	3743.77	0.00	11.44	1808.24
	3743.79	0.00	11.45	1807.18
	3743.80	0.00	11.47	1810.17
	3743.81	0.00	11.47	1807.17
	3743.82	0.00	11.47	1808.17
	3743.83	0.00	11.48	1804.16
	3743.84	0.00	11.48	1804.16
	3743.86	0.00	11.48	1805.16
	3743.87	0.00	11.45	1795.16
	3743.88	0.00	11.46	1796.17
	3743.89	0.00	11.46	1796.16
	3743.90	0.00	11.47	1797.15
	3743.92	0.00	11.47	1795.15
	3743.93	0.00	11.46	1796.16
	3743.94	0.00	11.47	1797.16
	3743.95	0.00	11.46	1790.15
	3743.96	0.00	11.47	1793.15
	3743.98	0.00	11.47	1794.15
	3743.99	0.00	11.47	1795.15
	3744.00	0.00	11.47	1795.15
	3744.01	0.00	11.48	1797.15
	3744.02	0.00	11.48	1793.16
	3744.03	0.00	11.47	1794.20
	3744.05	0.00	11.47	1797.21
	3744.06	0.00	11.48	1798.21
	3744.07	0.00	11.48	1795.21
	3744.08	0.00	11.48	1798.22
	3744.09	0.00	11.49	1798.21
	3744.11	0.00	11.52	1799.16
	3744.12	0.00	11.52	1798.18
	3744.13	0.00	11.52	1797.18
	3744.14	0.00	11.51	1793.20
	3744.15	0.00	11.52	1800.19
	3744.16	0.00	11.52	1800.19
	3744.18	0.00	11.62	1798.91
	3744.19	0.00	11.63	1803.92
	3744.20	0.00	11.64	1805.94
	3744.21	0.00	11.61	1796.95
	3744.22	0.00	11.61	1798.96
	3744.24	0.00	11.62	1791.89
	3744.25	0.00	11.58	1789.98
	3744.26	0.00	11.56	1793.03
	3744.27	0.00	11.56	1791.06
	3744.28	0.00	11.55	1786.10
	3744.29	0.00	11.56	1792.12
	3744.31	0.00	11.54	1784.11
	3744.32	0.00	11.50	1776.15
	3744.33	0.00	11.50	1779.15
	3744.34	0.00	11.50	1783.18
	3744.35	0.00	11.52	1788.17
	3744.37	0.00	11.53	1786.18
	3744.38	0.00	11.53	1788.18
	3744.39	0.00	11.52	1783.14
	3744.40	0.00	11.55	1797.16
	3744.41	0.00	11.57	1800.16
	3744.42	0.00	11.55	1801.17
	3744.44	0.00	11.55	1805.17
	3744.45	0.00	11.54	1805.18
	3744.46	0.00	11.56	1805.12
	3744.47	0.00	11.56	1810.17
	3744.48	0.00	11.56	1813.17
	3744.50	0.00	11.55	1812.18
	3744.51	0.00	11.55	1814.18
	3744.52	0.00	11.56	1816.17
	3744.53	0.00	11.55	1810.14
	3744.54	0.00	11.55	1812.14
	3744.56	0.00	11.56	1812.13
	3744.57	0.00	11.57	1816.13
	3744.58	0.00	11.56	1814.13
	3744.59	0.00	11.56	1813.12
	3744.60	0.00	11.56	1814.13
	3744.61	0.00	11.53	1807.13
	3744.63	0.00	11.54	1807.12
	3744.64	0.00	11.53	1807.13
	3744.65	0.00	11.55	1809.10
	3744.66	0.00	11.53	1808.13
	3744.67	0.00	11.53	1808.13
	3744.69	0.00	11.52	1804.13
	3744.70	0.00	11.51	1804.13
	3744.71	0.00	11.54	1807.07
	3744.72	0.00	11.52	1810.13
	3744.73	0.00	11.55	1807.06
	3744.75	0.00	11.51	1805.13
	3744.76	0.00	11.51	1807.17
	3744.77	0.00	11.51	1811.19
	3744.78	0.00	11.51	1811.20
	3744.79	0.00	11.50	1810.20
	3744.80	0.00	11.52	1809.17
	3744.82	0.00	11.51	1810.17
	3744.83	0.00	11.52	1813.18
	3744.84	0.00	11.52	1813.18
	3744.85	0.00	11.51	1810.19
	3744.86	0.00	11.50	1813.21
	3744.87	0.00	11.57	1815.03
	3744.89	0.00	11.61	1816.92
	3744.90	0.00	11.60	1818.95
	3744.91	0.00	11.59	1810.97
	3744.92	0.00	11.59	1814.97
	3744.93	0.00	11.59	1813.97
	3744.95	0.00	11.58	1812.98
	3744.96	0.00	11.58	1802.91
	3744.97	0.00	11.54	1806.03
	3744.98	0.00	11.53	1807.10
	3744.99	0.00	11.53	1804.12
	3745.01	0.00	11.52	1806.13
	3745.02	0.00	11.46	1787.15
	3745.03	0.00	11.47	1796.17
	3745.04	0.00	11.48	1797.18
	3745.05	0.00	11.49	1799.19
	3745.06	0.00	11.50	1802.19
	3745.08	0.00	11.50	1802.19
	3745.09	0.00	11.49	1794.15
	3745.10	0.00	11.52	1812.17
	3745.11	0.00	11.52	1814.17
	3745.12	0.00	11.52	1812.19
	3745.14	0.00	11.51	1815.18
	3745.15	0.00	11.52	1816.18
	3745.16	0.00	11.52	1818.18
	3745.17	0.00	11.51	1817.17
	3745.18	0.00	11.54	1822.19
	3745.20	0.00	11.52	1820.19
	3745.21	0.00	11.53	1824.19
	3745.22	0.00	11.53	1825.19
	3745.23	0.00	11.52	1823.19
	3745.24	0.00	11.53	1818.15
	3745.25	0.00	11.54	1823.14
	3745.27	0.00	11.54	1824.13
	3745.28	0.00	11.54	1822.14
	3745.29	0.00	11.52	1815.13
	3745.30	0.00	11.54	1823.13
	3745.31	0.00	11.56	1827.13
	3745.33	0.00	11.51	1810.14
	3745.34	0.00	11.51	1808.13
	3745.35	0.00	11.53	1817.13
	3745.36	0.00	11.53	1816.13
	3745.37	0.00	11.54	1817.13
	3745.38	0.00	11.54	1815.09
	3745.40	0.00	11.52	1812.13
	3745.41	0.00	11.52	1811.13
	3745.42	0.00	11.53	1812.12
	3745.43	0.00	11.54	1813.13
	3745.44	0.00	11.55	1815.12
	3745.46	0.00	11.54	1814.13
	3745.47	0.00	11.52	1809.17
	3745.48	0.00	11.52	1813.19
	3745.49	0.00	11.53	1815.19
	3745.50	0.00	11.53	1816.20
	3745.51	0.00	11.56	1816.14
	3745.53	0.00	11.55	1815.16
	3745.54	0.00	11.54	1818.20
	3745.55	0.00	11.53	1812.18
	3745.56	0.00	11.55	1815.18
	3745.57	0.00	11.55	1818.18
	3745.59	0.00	11.61	1806.94
	3745.60	0.00	11.66	1816.89
	3745.61	0.00	11.66	1815.90
	3745.62	0.00	11.66	1815.91
	3745.63	0.00	11.65	1813.94
	3745.64	0.00	11.65	1810.95
	3745.66	0.00	11.64	1811.96
	3745.67	0.00	11.65	1800.85
	3745.68	0.00	11.62	1800.91
	3745.69	0.00	11.63	1802.92
	3745.70	0.00	11.58	1801.05
	3745.72	0.00	11.58	1792.09
	3745.73	0.00	11.59	1797.10
	3745.74	0.00	11.60	1800.09
	3745.75	0.00	11.53	1780.13
	3745.76	0.00	11.53	1792.15
	3745.78	0.00	11.56	1789.16
	3745.79	0.00	11.55	1793.16
	3745.80	0.00	11.56	1793.16
	3745.81	0.00	11.56	1795.16
	3745.82	0.00	11.54	1783.12
	3745.84	0.00	11.57	1800.14
	3745.85	0.00	11.59	1805.13
	3745.86	0.00	11.56	1797.15
	3745.87	0.00	11.58	1808.15
	3745.88	0.00	11.58	1803.13
	3745.89	0.00	11.58	1806.15
	3745.91	0.00	11.57	1805.15
	3745.92	0.00	11.59	1812.16
	3745.93	0.00	11.59	1809.16
	3745.94	0.00	11.58	1811.16
	3745.95	0.00	11.60	1814.13
	3745.97	0.00	11.59	1810.11
	3745.98	0.00	11.60	1810.10
	3745.99	0.00	11.60	1808.10
	3746.00	0.00	11.61	1811.09
	3746.01	0.00	11.61	1811.10
	3746.02	0.00	11.60	1811.10
	3746.04	0.00	11.60	1811.10
	3746.05	0.00	11.57	1801.10
	3746.06	0.00	11.57	1802.10
	3746.07	0.00	11.58	1803.10
	3746.08	0.00	11.58	1803.09
	3746.10	0.00	11.59	1801.09
	3746.11	0.00	11.59	1797.05
	3746.12	0.00	11.60	1801.09
	3746.13	0.00	11.58	1796.09
	3746.14	0.00	11.58	1799.09
	3746.15	0.00	11.58	1801.10
	3746.17	0.00	11.59	1801.09
	3746.18	0.00	11.60	1802.09
	3746.19	0.00	11.60	1803.09
	3746.20	0.00	11.60	1803.09
	3746.21	0.00	11.60	1805.09
	3746.23	0.00	11.58	1804.15
	3746.24	0.00	11.58	1804.16
	3746.25	0.00	11.57	1803.16
	3746.26	0.00	11.58	1805.17
	3746.27	0.00	11.58	1804.17
	3746.28	0.00	11.58	1802.15
	3746.30	0.00	11.60	1806.13
	3746.31	0.00	11.59	1808.16
	3746.32	0.00	11.59	1806.16
	3746.33	0.00	11.59	1807.16
	3746.34	0.00	11.62	1808.07
	3746.36	0.00	11.70	1808.87
	3746.37	0.00	11.71	1809.85
	3746.38	0.00	11.70	1811.89
	3746.39	0.00	11.69	1812.92
	3746.40	0.00	11.67	1804.93
	3746.41	0.00	11.67	1807.95
	3746.43	0.00	11.68	1793.82
	3746.44	0.00	11.63	1796.98
	3746.45	0.00	11.61	1798.04
	3746.46	0.00	11.61	1796.05
	3746.47	0.00	11.60	1790.07
	3746.49	0.00	11.61	1792.08
	3746.50	0.00	11.62	1795.08
	3746.51	0.00	11.54	1774.10
	3746.52	0.00	11.56	1783.14
	3746.53	1.00	11.58	1786.14
	3746.54	1.00	11.59	1785.14
	3746.56	1.00	11.60	1790.14
	3746.57	1.00	11.59	1793.15
	3746.58	1.00	11.59	1796.15
	3746.59	1.00	11.60	1796.12
	3746.60	1.00	11.63	1806.12
	3746.62	1.00	11.63	1805.13
	3746.63	1.00	11.65	1808.07
	3746.64	1.00	11.64	1809.13
	3746.65	1.00	11.63	1806.09
	3746.66	1.00	11.63	1809.11
	3746.68	1.00	11.64	1815.13
	3746.69	1.00	11.65	1819.14
	3746.70	1.00	11.64	1816.14
	3746.71	1.00	11.62	1813.15
	3746.72	1.00	11.64	1814.10
	3746.74	1.00	11.65	1818.09
	3746.75	0.00	11.66	1817.08
	3746.76	0.00	11.65	1815.09
	3746.77	0.00	11.65	1816.09
	3746.78	0.00	11.66	1819.09
	3746.79	0.00	11.66	1819.09
	3746.81	0.00	11.63	1808.08
	3746.82	0.00	11.62	1808.08
	3746.83	0.00	11.63	1809.09
	3746.84	0.00	11.63	1809.09
	3746.85	0.00	11.63	1811.08
	3746.87	0.00	11.63	1811.09
	3746.88	0.00	11.62	1804.08
	3746.89	0.00	11.63	1805.05
	3746.90	0.00	11.63	1812.09
	3746.91	0.00	11.63	1808.08
	3746.92	0.00	11.63	1809.08
	3746.94	0.00	11.66	1811.03
	3746.95	0.00	11.65	1812.06
	3746.96	0.00	11.62	1811.13
	3746.97	0.00	11.62	1811.14
	3746.98	0.00	11.62	1813.16
	3747.00	0.00	11.62	1814.16
	3747.01	0.00	11.62	1812.14
	3747.02	0.00	11.63	1815.12
	3747.03	0.00	11.63	1816.14
	3747.04	0.00	11.62	1817.15
	3747.05	0.00	11.62	1817.15
	3747.07	0.00	11.62	1818.15
	3747.08	0.00	11.68	1816.97
	3747.09	0.00	11.74	1819.85
	3747.10	0.00	11.72	1819.91
	3747.11	0.00	11.71	1814.93
	3747.13	0.00	11.70	1812.91
	3747.14	0.00	11.65	1804.98
	3747.15	0.00	11.64	1806.03
	3747.16	0.00	11.63	1807.06
	3747.17	0.00	11.63	1803.08
	3747.18	0.00	11.62	1799.06
	3747.20	0.00	11.56	1787.13
	3747.21	0.00	11.58	1795.14
	3747.22	0.00	11.60	1795.14
	3747.23	0.00	11.60	1797.15
	3747.25	0.00	11.60	1799.15
	3747.26	0.00	11.60	1804.15
	3747.27	0.00	11.60	1800.12
	3747.28	0.00	11.62	1810.13
	3747.29	0.00	11.63	1810.13
	3747.30	0.00	11.63	1812.13
	3747.32	0.00	11.63	1814.14
	3747.33	0.00	11.62	1815.14
	3747.34	0.00	11.63	1813.10
	3747.35	0.00	11.66	1820.05
	3747.36	0.00	11.63	1820.15
	3747.37	0.00	11.63	1820.15
	3747.39	0.00	11.62	1821.15
	3747.40	0.00	11.65	1819.04
	3747.41	0.00	11.63	1819.10
	3747.42	0.00	11.63	1820.10
	3747.43	0.00	11.64	1821.09
	3747.45	0.00	11.64	1823.09
	3747.46	0.00	11.64	1822.10
	3747.47	0.00	11.65	1821.09
	3747.48	0.00	11.62	1813.09
	3747.49	0.00	11.61	1813.09
	3747.51	0.00	11.62	1813.08
	3747.52	0.00	11.62	1812.09
	3747.53	0.00	11.62	1811.08
	3747.54	0.00	11.62	1812.09
	3747.55	0.00	11.62	1812.08
	3747.56	0.00	11.61	1806.09
	3747.58	0.00	11.62	1810.08
	3747.59	0.00	11.63	1811.08
	3747.60	0.00	11.62	1810.08
	3747.61	0.00	11.63	1810.09
	3747.62	0.00	11.63	1812.09
	3747.64	0.00	11.61	1811.13
	3747.65	0.00	11.60	1809.15
	3747.66	0.00	11.60	1812.17
	3747.67	0.00	11.61	1813.16
	3747.68	0.00	11.63	1813.11
	3747.69	0.00	11.62	1815.13
	3747.71	0.00	11.62	1816.14
	3747.72	0.00	11.62	1817.15
	3747.73	0.00	11.62	1818.15
	3747.74	0.00	11.62	1817.15
	3747.75	0.00	11.61	1817.15
	3747.77	0.00	11.71	1814.87
	3747.78	0.00	11.72	1819.88
	3747.79	0.00	11.70	1816.91
	3747.80	0.00	11.69	1812.93
	3747.81	0.00	11.69	1812.93
	3747.82	0.00	11.69	1816.93
	3747.84	0.00	11.70	1803.81
	3747.85	0.00	11.64	1804.97
	3747.86	0.00	11.62	1806.05
	3747.87	0.00	11.62	1801.08
	3747.88	0.00	11.63	1803.08
	3747.90	0.00	11.60	1793.07
	3747.91	0.00	11.55	1778.08
	3747.92	0.00	11.57	1789.12
	3747.93	0.00	11.59	1798.13
	3747.94	0.00	11.60	1792.14
	3747.95	0.00	11.60	1798.14
	3747.97	0.00	11.60	1798.14
	3747.98	0.00	11.60	1796.12
	3747.99	0.00	11.62	1803.11
	3748.00	0.00	11.62	1804.12
	3748.01	0.00	11.63	1807.12
	3748.03	0.00	11.63	1806.12
	3748.04	0.00	11.60	1802.13
	3748.05	0.00	11.62	1811.13
	3748.06	0.00	11.62	1812.12
	3748.07	0.00	11.63	1818.15
	3748.08	0.00	11.63	1816.14
	3748.10	0.00	11.63	1817.14
	3748.11	0.00	11.63	1819.14
	3748.12	0.00	11.62	1818.14
	3748.13	0.00	11.63	1814.09
	3748.14	0.00	11.64	1818.08
	3748.16	0.00	11.64	1817.08
	3748.17	0.00	11.64	1815.08
	3748.18	0.00	11.64	1815.09
	3748.19	0.00	11.65	1816.08
	3748.20	0.00	11.64	1814.08
	3748.22	0.00	11.62	1806.08
	3748.23	0.00	11.62	1807.07
	3748.24	0.00	11.62	1806.08
	3748.25	0.00	11.64	1804.07
	3748.26	0.00	11.63	1807.08
	3748.28	0.00	11.63	1807.07
	3748.29	0.00	11.61	1800.08
	3748.30	0.00	11.62	1800.07
	3748.31	0.00	11.63	1804.07
	3748.32	0.00	11.63	1803.07
	3748.33	0.00	11.63	1804.09
	3748.35	0.00	11.65	1806.05
	3748.36	0.00	11.62	1804.12
	3748.37	0.00	11.62	1806.13
	3748.38	0.00	11.62	1805.14
	3748.39	0.00	11.62	1807.15
	3748.41	0.00	11.60	1801.15
	3748.42	0.00	11.64	1807.10
	3748.43	0.00	11.63	1808.12
	3748.44	0.00	11.63	1807.12
	3748.45	0.00	11.63	1811.14
	3748.46	0.00	11.63	1811.14
	3748.48	0.00	11.67	1804.95
	3748.49	0.00	11.73	1813.86
	3748.50	0.00	11.73	1815.88
	3748.51	0.00	11.71	1808.90
	3748.52	0.00	11.71	1807.91
	3748.54	0.00	11.72	1795.80
	3748.55	0.00	11.66	1796.97
	3748.56	0.00	11.65	1796.04
	3748.57	0.00	11.65	1794.05
	3748.58	0.00	11.65	1799.06
	3748.59	0.00	11.66	1799.05
	3748.61	0.00	11.59	1770.07
	3748.62	0.00	11.61	1780.10
	3748.63	0.00	11.62	1786.12
	3748.64	0.00	11.65	1785.11
	3748.65	0.00	11.64	1791.13
	3748.67	0.00	11.64	1785.09
	3748.68	0.00	11.65	1793.10
	3748.69	0.00	11.67	1797.10
	3748.70	0.00	11.66	1801.12
	3748.71	0.00	11.67	1802.11
	3748.72	0.00	11.66	1804.12
	3748.74	0.00	11.66	1803.10
	3748.75	0.00	11.67	1809.13
	3748.76	0.00	11.66	1808.12
	3748.77	0.00	11.67	1809.13
	3748.78	0.00	11.67	1811.13
	3748.80	0.00	11.66	1809.13
	3748.81	0.00	11.68	1810.10
	3748.82	0.00	11.67	1807.08
	3748.83	0.00	11.68	1810.07
	3748.84	0.00	11.69	1809.07
	3748.85	0.00	11.68	1808.08
	3748.87	0.00	11.69	1811.07
	3748.88	0.00	11.69	1809.07
	3748.89	0.00	11.67	1802.07
	3748.90	0.00	11.65	1798.08
	3748.91	0.00	11.66	1799.07
	3748.93	0.00	11.66	1799.06
	3748.94	0.00	11.66	1799.07
	3748.95	0.00	11.66	1799.07
	3748.96	0.00	11.66	1795.03
	3748.97	0.00	11.64	1792.06
	3748.99	0.00	11.64	1793.07
	3749.00	0.00	11.65	1795.06
	3749.01	0.00	11.65	1795.07
	3749.02	0.00	11.67	1796.02
	3749.03	0.00	11.64	1796.10
	3749.04	0.00	11.64	1797.11
	3749.06	0.00	11.67	1797.04
	3749.07	0.00	11.64	1795.13
	3749.08	0.00	11.65	1798.14
	3749.09	0.00	11.64	1796.14
	3749.10	0.00	11.66	1798.10
	3749.12	0.00	11.67	1799.06
	3749.13	0.00	11.66	1800.12
	3749.14	0.00	11.66	1799.12
	3749.15	0.00	11.66	1799.12
	3749.16	0.00	11.65	1800.14
	3749.18	0.00	11.66	1802.13
	3749.19	0.00	11.77	1800.84
	3749.20	0.00	11.76	1803.87
	3749.21	0.00	11.75	1797.89
	3749.22	0.00	11.74	1798.90
	3749.23	0.00	11.74	1797.87
	3749.25	0.00	11.73	1786.83
	3749.26	0.00	11.68	1788.97
	3749.27	0.00	11.66	1788.03
	3749.28	0.00	11.66	1783.05
	3749.29	0.00	11.66	1789.06
	3749.30	0.00	11.58	1762.07
	3749.32	0.00	11.59	1773.10
	3749.33	0.00	11.61	1781.12
	3749.34	0.00	11.60	1782.12
	3749.35	0.00	11.60	1783.12
	3749.36	0.00	11.61	1780.13
	3749.38	0.00	11.60	1782.13
	3749.39	0.00	11.58	1774.10
	3749.40	0.00	11.61	1789.11
	3749.41	0.00	11.62	1796.13
	3749.42	0.00	11.61	1797.15
	3749.44	0.00	11.60	1799.15
	3749.45	0.00	11.60	1801.15
	3749.46	0.00	11.59	1798.16
	3749.47	0.00	11.57	1800.15
	3749.48	0.00	11.56	1805.20
	3749.49	0.00	11.55	1812.20
	3749.51	0.00	11.51	1813.21
	3749.52	0.00	11.48	1816.22
	3749.53	0.00	11.44	1812.20
	3749.54	0.00	11.39	1801.20
	3749.55	0.00	11.39	1819.20
	3749.57	0.00	11.35	1828.21
	3749.58	0.00	11.33	1831.22
	3749.59	0.00	11.30	1842.24
	3749.60	0.00	11.27	1842.24
	3749.61	0.00	11.21	1839.26
	3749.62	0.00	11.19	1846.27
	3749.64	0.00	11.16	1850.28
	3749.65	0.00	11.16	1856.28
	3749.66	0.00	11.15	1856.28
	3749.67	0.00	11.13	1859.29
	3749.68	0.00	11.12	1857.26
	3749.70	0.00	11.11	1862.29
	3749.71	0.00	11.12	1868.29
	3749.72	0.00	11.13	1867.29
	3749.73	0.00	11.12	1868.29
	3749.74	0.00	11.13	1872.31
	3749.75	0.00	11.17	1876.24
	3749.77	0.00	11.14	1876.33
	3749.78	0.00	11.14	1878.35
	3749.79	0.00	11.14	1877.35
	3749.80	0.00	11.14	1880.36
	3749.81	0.00	11.15	1879.36
	3749.83	0.00	11.16	1877.36
	3749.84	0.00	11.17	1876.36
	3749.85	0.00	11.19	1870.32
	3749.86	0.00	11.22	1869.30
	3749.87	0.00	11.22	1859.31
	3749.88	0.00	11.25	1856.31
	3749.90	0.00	11.27	1843.31
	3749.91	0.00	11.31	1830.28
	3749.92	0.00	11.36	1811.26
	3749.93	0.00	11.42	1798.23
	3749.94	0.00	11.47	1779.20
	3749.96	0.00	11.64	1750.87
	3749.97	0.00	11.83	1717.83
	3749.98	0.00	12.08	1661.79
	3749.99	0.00	12.23	1633.68
	3750.00	0.00	12.28	1618.61
	3750.01	0.00	12.31	1612.53
	3750.03	0.00	12.34	1611.49
	3750.04	0.00	12.33	1608.49
	3750.05	0.00	12.36	1611.45
	3750.06	0.00	12.35	1607.43
	3750.07	0.00	12.36	1609.43
	3750.08	0.00	12.36	1609.42
	3750.10	0.00	12.37	1610.41
	3750.11	0.00	12.40	1604.30
	3750.12	0.00	12.37	1607.40
	3750.13	0.00	12.39	1615.40
	3750.14	0.00	12.41	1609.29
	3750.16	0.00	12.41	1606.31
	3750.17	0.00	12.37	1606.39
	3750.18	0.00	12.35	1608.43
	3750.19	0.00	12.33	1608.49
	3750.20	0.00	12.33	1604.48
	3750.21	0.00	12.34	1608.47
	3750.23	0.00	12.34	1609.44
	3750.24	0.00	12.35	1608.46
	3750.25	0.00	12.35	1601.48
	3750.26	0.00	12.35	1603.49
	3750.27	0.00	12.36	1606.49
	3750.28	0.00	12.36	1607.50
	3750.30	0.00	12.37	1608.49
	3750.31	0.00	12.29	1580.48
	3750.32	0.00	12.32	1587.46
	3750.33	0.00	12.29	1578.49
	3750.34	0.00	12.29	1581.50
	3750.35	0.00	12.30	1585.50
	3750.37	0.00	12.31	1591.52
	3750.38	0.00	12.33	1591.52
	3750.39	0.00	12.33	1594.52
	3750.40	0.00	12.32	1595.50
	3750.41	0.00	12.34	1600.47
	3750.43	0.00	12.39	1616.45
	3750.44	0.00	12.41	1618.42
	3750.45	0.00	12.41	1621.44
	3750.46	0.00	12.40	1616.44
	3750.47	0.00	12.40	1616.42
	3750.48	0.00	12.40	1616.42
	3750.50	0.00	12.41	1619.40
	3750.51	0.00	12.40	1617.43
	3750.52	0.00	12.41	1626.45
	3750.53	0.00	12.37	1631.51
	3750.54	0.00	12.15	1671.65
	3750.55	0.00	11.88	1721.86
	3750.57	0.00	11.47	1821.08
	3750.58	0.00	11.25	1887.13
	3750.59	0.00	11.12	1930.21
	3750.60	0.00	11.05	1966.27
	3750.61	0.00	10.99	1993.35
	3750.63	0.00	10.92	2030.41
	3750.64	0.00	10.87	2083.45
	3750.65	0.00	10.89	2097.50
	3750.66	0.00	10.91	2113.53
	3750.67	0.00	10.93	2127.54
	3750.69	0.00	10.94	2133.58
	3750.70	0.00	10.99	2142.57
	3750.71	0.00	11.05	2140.56
	3750.72	0.00	11.13	2140.57
	3750.73	0.00	11.20	2133.55
	3750.75	0.00	11.26	2127.53
	3750.76	0.00	11.34	2115.49
	3750.77	0.00	11.43	2102.43
	3750.78	0.00	11.50	2089.42
	3750.79	0.00	11.57	2075.38
	3750.80	0.00	11.62	2064.36
	3750.82	0.00	11.69	2053.33
	3750.83	0.00	11.79	2041.21
	3750.84	0.00	11.86	2033.18
	3750.85	0.00	11.91	2025.16
	3750.86	0.00	11.95	2016.14
	3750.88	0.00	11.98	1997.21
	3750.89	0.00	12.12	1964.20
	3750.90	0.00	12.22	1949.17
	3750.91	0.00	12.31	1936.15
	3750.92	0.00	12.52	1908.07
	3750.93	0.00	12.62	1923.09
	3750.95	0.00	12.67	1949.07
	3750.96	0.00	12.75	1953.07
	3750.97	0.00	12.85	1978.04
	3750.98	0.00	12.96	2006.00
	3750.99	0.00	13.08	2030.90
	3751.01	0.00	13.20	2045.76
	3751.02	0.00	13.29	2056.75
	3751.03	0.00	13.40	2067.64
	3751.04	0.00	13.46	2083.60
	3751.05	0.00	13.50	2089.53
	3751.06	0.00	13.54	2098.50
	3751.08	0.00	13.69	2124.44
	3751.09	0.00	13.74	2116.32
	3751.10	0.00	13.92	2137.24
	3751.11	0.00	14.03	2144.19
	3751.12	0.00	14.05	2125.17
	3751.14	0.00	14.04	2084.15
	3751.15	0.00	14.01	2042.09
	3751.16	0.00	13.98	1994.95
	3751.17	0.00	13.96	1931.72
	3751.18	0.00	14.10	1856.04
	3751.19	0.00	13.54	1771.59
	3751.21	0.00	13.03	1693.94
	3751.22	0.00	12.72	1638.19
	3751.23	0.00	12.53	1593.27
	3751.24	0.00	12.30	1544.42
	3751.25	0.00	12.25	1541.42
	3751.26	0.00	12.26	1547.41
	3751.28	0.00	12.27	1549.41
	3751.29	0.00	12.29	1555.42
	3751.30	0.00	12.28	1553.44
	3751.31	0.00	12.31	1559.44
	3751.32	0.00	12.31	1563.44
	3751.33	0.00	12.34	1566.43
	3751.35	0.00	12.35	1577.45
	3751.36	0.00	12.40	1589.39
	3751.37	0.00	12.45	1609.36
	3751.38	0.00	12.46	1612.35
	3751.39	0.00	12.48	1618.34
	3751.41	0.00	12.50	1624.33
	3751.42	0.00	12.50	1627.32
	3751.43	0.00	12.51	1630.31
	3751.44	0.00	12.52	1636.32
	3751.45	0.00	12.53	1648.35
	3751.46	0.00	12.54	1655.36
	3751.48	0.00	12.54	1656.37
	3751.49	0.00	12.54	1658.38
	3751.50	0.00	12.54	1658.37
	3751.51	0.00	12.54	1660.38
	3751.52	0.00	12.55	1661.38
	3751.54	0.00	12.56	1660.35
	3751.55	0.00	12.57	1664.35
	3751.56	0.00	12.58	1660.34
	3751.57	0.00	12.58	1663.33
	3751.58	0.00	12.58	1663.32
	3751.59	0.00	12.58	1664.32
	3751.61	0.00	12.58	1663.33
	3751.62	0.00	12.72	1666.03
	3751.63	0.00	12.67	1669.16
	3751.64	0.00	12.66	1668.19
	3751.65	0.00	12.67	1669.18
	3751.66	0.00	12.66	1674.19
	3751.68	0.00	12.60	1666.27
	3751.69	0.00	12.65	1666.18
	3751.70	0.00	12.59	1668.31
	3751.71	0.00	12.57	1671.36
	3751.72	0.00	12.35	1698.57
	3751.74	0.00	11.88	1802.86
	3751.75	0.00	11.09	2027.22
	3751.76	0.00	10.77	2149.41
	3751.77	0.00	10.76	2174.45
	3751.78	0.00	10.87	2174.47
	3751.79	0.00	10.93	2198.47
	3751.81	0.00	10.91	2206.52
	3751.82	0.00	11.11	2284.48
	3751.83	0.00	11.22	2336.48
	3751.84	0.00	11.30	2352.46
	3751.85	0.00	11.38	2361.45
	3751.87	0.00	11.51	2373.42
	3751.88	0.00	11.59	2355.42
	3751.89	0.00	11.67	2340.38
	3751.90	0.00	11.76	2310.35
	3751.91	0.00	11.87	2288.28
	3751.92	0.00	11.97	2261.23
	3751.94	0.00	12.06	2232.19
	3751.95	0.00	12.17	2209.15
	3751.96	0.00	12.26	2180.08
	3751.97	0.00	12.41	2134.01
	3751.98	0.00	12.68	2077.88
	3752.00	0.00	12.90	2025.77
	3752.01	0.00	12.97	1987.69
	3752.02	0.00	12.96	2002.64
	3752.03	0.00	12.96	1991.59
	3752.04	0.00	13.01	1987.54
	3752.05	0.00	13.02	1978.51
	3752.07	0.00	13.03	1969.47
	3752.08	0.00	13.03	1963.47
	3752.09	0.00	13.05	1933.45
	3752.10	0.00	13.05	1924.44
	3752.11	0.00	13.22	1941.40
	3752.13	0.00	13.26	1942.33
	3752.14	0.00	13.29	1950.36
	3752.15	0.00	13.39	1969.31
	3752.16	0.00	13.45	1986.31
	3752.17	0.00	13.53	2006.29
	3752.18	0.00	13.62	2031.25
	3752.20	0.00	13.71	2050.21
	3752.21	0.00	13.87	2076.13
	3752.22	0.00	14.00	2093.01
	3752.23	0.00	14.17	2110.84
	3752.24	0.00	14.31	2113.64
	3752.26	0.00	14.47	2113.33
	3752.27	0.00	14.62	2105.05
	3752.28	0.00	14.69	2094.89
	3752.29	0.00	14.71	2080.79
	3752.30	0.00	14.65	2047.76
	3752.31	0.00	14.57	1998.72
	3752.33	0.00	14.37	1941.76
	3752.34	0.00	13.71	1873.57
	3752.35	0.00	13.20	1771.93
	3752.36	0.00	12.76	1688.23
	3752.37	0.00	12.56	1634.28
	3752.38	0.00	12.42	1602.37
	3752.40	0.00	12.40	1613.40
	3752.41	0.00	12.44	1612.32
	3752.42	0.00	12.43	1618.37
	3752.43	0.00	12.44	1614.36
	3752.44	0.00	12.39	1585.31
	3752.46	0.00	12.39	1582.32
	3752.47	0.00	12.43	1605.37
	3752.48	0.00	12.45	1612.36
	3752.49	0.00	12.42	1592.33
	3752.50	0.00	12.42	1592.32
	3752.51	0.00	12.44	1601.34
	3752.53	0.00	12.45	1608.34
	3752.54	0.00	12.46	1612.35
	3752.55	0.00	12.48	1614.34
	3752.56	0.00	12.49	1619.32
	3752.57	0.00	12.48	1619.34
	3752.58	0.00	12.48	1623.34
	3752.60	0.00	12.49	1622.30
	3752.61	0.00	12.54	1642.30
	3752.62	0.00	12.53	1643.32
	3752.63	0.00	12.54	1643.32
	3752.64	0.00	12.53	1645.33
	3752.65	0.00	12.49	1627.32
	3752.67	0.00	12.53	1642.33
	3752.68	0.00	12.53	1644.34
	3752.69	0.00	12.57	1647.27
	3752.70	0.00	12.55	1644.30
	3752.71	0.00	12.57	1651.29
	3752.73	0.00	12.59	1658.29
	3752.74	0.00	12.61	1662.26
	3752.75	0.00	12.63	1657.20
	3752.76	0.00	12.65	1661.17
	3752.77	0.00	12.67	1667.15
	3752.78	0.00	12.68	1668.13
	3752.80	0.00	12.67	1664.12
	3752.81	0.00	12.68	1665.11
	3752.82	0.00	12.67	1658.09
	3752.83	0.00	12.58	1666.25
	3752.84	0.00	12.18	1737.55
	3752.85	0.00	11.60	1891.99
	3752.87	0.00	11.04	2071.28
	3752.88	0.00	11.01	2105.38
	3752.89	0.00	10.97	2144.43
	3752.90	0.00	11.03	2168.44
	3752.91	0.00	11.12	2202.45
	3752.93	0.00	11.27	2231.46
	3752.94	0.00	11.36	2279.47
	3752.95	0.00	11.44	2308.53
	3752.96	0.00	11.53	2321.53
	3752.97	0.00	11.62	2328.51
	3752.99	0.00	11.76	2330.44
	3753.00	0.00	11.87	2309.42
	3753.01	0.00	11.99	2283.37
	3753.02	0.00	12.14	2257.32
	3753.03	0.00	12.32	2227.12
	3753.05	0.00	12.47	2194.03
	3753.06	0.00	12.71	2125.92
	3753.07	0.00	12.98	2053.78
	3753.08	0.00	13.07	2031.62
	3753.09	0.00	13.03	2010.61
	3753.10	0.00	13.01	1987.62
	3753.12	0.00	13.01	1971.59
	3753.13	0.00	13.01	1961.57
	3753.14	0.00	13.12	1933.32
	3753.15	0.00	13.06	1917.44
	3753.16	0.00	13.07	1912.41
	3753.17	0.00	13.09	1906.35
	3753.19	0.00	13.09	1890.31
	3753.20	0.00	13.18	1899.13
	3753.21	0.00	13.16	1901.22
	3753.22	0.00	13.21	1903.15
	3753.23	0.00	13.23	1913.17
	3753.25	0.00	13.26	1923.16
	3753.26	0.00	13.26	1927.22
	3753.27	0.00	13.41	1968.23
	3753.28	0.00	13.48	1992.22
	3753.29	0.00	13.54	2011.22
	3753.30	0.00	13.61	2040.24
	3753.32	0.00	13.75	2076.23
	3753.33	0.00	13.87	2101.19
	3753.34	0.00	13.94	2110.12
	3753.35	0.00	14.02	2112.05
	3753.36	0.00	14.12	2126.96
	3753.37	0.00	14.24	2126.76
	3753.39	0.00	14.34	2122.53
	3753.40	0.00	14.54	2116.07
	3753.41	0.00	14.58	2090.91
	3753.42	0.00	14.59	2039.73
	3753.43	0.00	14.46	1968.64
	3753.45	0.00	14.24	1894.72
	3753.46	0.00	13.49	1786.35
	3753.47	0.00	12.99	1685.91
	3753.48	0.00	12.64	1608.17
	3753.49	0.00	12.43	1575.33
	3753.50	0.00	12.32	1551.39
	3753.52	0.00	12.33	1571.39
	3753.53	0.00	12.32	1568.40
	3753.54	0.00	12.36	1576.38
	3753.55	0.00	12.35	1567.39
	3753.56	0.00	12.36	1569.39
	3753.57	0.00	12.37	1567.38
	3753.59	0.00	12.37	1569.38
	3753.60	0.00	12.36	1569.38
	3753.61	0.00	12.41	1588.35
	3753.62	0.00	12.41	1589.37
	3753.63	0.00	12.43	1590.34
	3753.65	0.00	12.43	1589.33
	3753.66	0.00	12.42	1584.33
	3753.67	0.00	12.45	1592.32
	3753.68	0.00	12.46	1596.31
	3753.69	0.00	12.52	1616.27
	3753.70	0.00	12.53	1624.26
	3753.72	0.00	12.57	1631.21
	3753.73	0.00	12.52	1631.31
	3753.74	0.00	12.53	1632.32
	3753.75	0.00	12.53	1633.32
	3753.76	0.00	12.51	1628.34
	3753.78	0.00	12.52	1634.35
	3753.79	0.00	12.54	1632.29
	3753.80	0.00	12.53	1636.33
	3753.81	0.00	12.54	1638.33
	3753.82	0.00	12.54	1634.33
	3753.83	0.00	12.54	1635.32
	3753.85	0.00	12.55	1635.30
	3753.86	0.00	12.55	1637.29
	3753.87	0.00	12.54	1638.30
	3753.88	0.00	12.65	1654.15
	3753.89	0.00	12.68	1672.14
	3753.90	0.00	12.67	1676.17
	3753.92	0.00	12.69	1679.16
	3753.93	0.00	12.69	1682.17
	3753.94	0.00	12.69	1685.18
	3753.95	0.00	12.69	1687.19
	3753.96	0.00	12.68	1689.19
	3753.97	0.00	12.52	1695.47
	3753.99	0.00	11.87	1818.90
	3754.00	0.00	10.93	2099.36
	3754.01	0.00	10.64	2217.56
	3754.02	0.00	10.68	2212.61
	3754.03	0.00	10.81	2188.60
	3754.05	0.00	10.89	2201.56
	3754.06	0.00	10.06	1918.59
	3754.07	0.00	10.71	2163.61
	3754.08	0.00	11.17	2329.65
	3754.09	0.00	11.25	2373.62
	3754.10	0.00	11.26	2385.64
	3754.12	0.00	11.31	2384.62
	3754.13	0.00	11.37	2372.60
	3754.14	0.00	11.47	2350.57
	3754.15	0.00	11.58	2326.51
	3754.16	0.00	11.69	2288.45
	3754.18	0.00	11.81	2257.40
	3754.19	0.00	11.92	2214.32
	3754.20	0.00	12.01	2179.28
	3754.21	0.00	12.12	2152.22
	3754.22	0.00	12.24	2111.14
	3754.24	0.00	12.43	2066.07
	3754.25	0.00	12.70	2011.00
	3754.26	0.00	12.88	1989.83
	3754.27	0.00	12.96	1991.71
	3754.28	0.00	13.01	1983.65
	3754.29	0.00	13.09	1971.61
	3754.31	0.00	13.09	1967.59
	3754.32	0.00	13.15	1978.56
	3754.33	0.00	13.18	1983.54
	3754.34	0.00	13.19	1987.55
	3754.35	0.00	13.21	1992.56
	3754.36	0.00	13.24	2005.55
	3754.38	0.00	13.27	2014.53
	3754.39	0.00	13.32	2028.52
	3754.40	0.00	13.35	2032.48
	3754.41	0.00	13.38	2037.45
	3754.42	0.00	13.52	2069.43
	3754.44	0.00	13.59	2083.39
	3754.45	0.00	13.62	2088.37
	3754.46	0.00	13.67	2098.33
	3754.47	0.00	13.83	2108.19
	3754.48	0.00	13.86	2116.19
	3754.50	0.00	13.91	2113.14
	3754.51	0.00	13.96	2107.02
	3754.52	0.00	14.01	2101.90
	3754.53	0.00	14.11	2093.65
	3754.54	0.00	14.15	2056.40
	3754.55	0.00	14.19	2016.13
	3754.57	0.00	14.24	1970.89
	3754.58	0.00	13.95	1878.87
	3754.59	0.00	13.74	1842.04
	3754.60	0.00	13.32	1781.61
	3754.61	0.00	12.98	1710.93
	3754.63	0.00	12.65	1632.21
	3754.64	0.00	12.43	1597.37
	3754.65	0.00	12.30	1560.40
	3754.66	0.00	12.25	1551.39
	3754.67	0.00	12.25	1550.40
	3754.68	0.00	12.27	1557.42
	3754.70	0.00	12.26	1554.43
	3754.71	0.00	12.24	1545.47
	3754.72	0.00	12.23	1544.48
	3754.73	0.00	12.25	1551.48
	3754.74	0.00	12.26	1550.48
	3754.75	0.00	12.28	1570.47
	3754.77	0.00	12.29	1577.47
	3754.78	0.00	12.33	1586.44
	3754.79	0.00	12.40	1616.38
	3754.80	0.00	12.47	1634.32
	3754.81	0.00	12.49	1643.33
	3754.82	0.00	12.49	1644.34
	3754.84	0.00	12.50	1645.33
	3754.85	0.00	12.49	1644.34
	3754.86	0.00	12.50	1642.33
	3754.87	0.00	12.49	1644.36
	3754.88	0.00	12.49	1641.33
	3754.90	0.00	12.48	1640.34
	3754.91	0.00	12.49	1645.34
	3754.92	0.00	12.49	1648.36
	3754.93	0.00	12.48	1637.33
	3754.94	0.00	12.51	1649.33
	3754.95	0.00	12.52	1650.33
	3754.97	0.00	12.52	1651.32
	3754.98	0.00	12.54	1642.23
	3754.99	0.00	12.56	1649.22
	3755.00	0.00	12.56	1648.22
	3755.01	0.00	12.55	1647.22
	3755.02	0.00	12.55	1647.22
	3755.04	0.00	12.57	1649.21
	3755.05	0.00	12.56	1648.20
	3755.06	0.00	12.58	1655.17
	3755.07	0.00	12.58	1658.18
	3755.08	0.00	12.58	1659.18
	3755.10	0.00	12.59	1662.17
	3755.11	0.00	12.59	1666.18
	3755.12	0.00	12.61	1668.17
	3755.13	0.00	12.61	1671.19
	3755.14	0.00	12.56	1670.28
	3755.15	0.00	11.94	1770.73
	3755.17	0.00	10.92	2053.25
	3755.18	0.00	10.43	2235.52
	3755.19	0.00	10.60	2204.53
	3755.20	0.00	10.90	2127.48
	3755.21	0.00	10.90	2153.58
	3755.23	0.00	10.48	2071.70
	3755.24	0.00	10.45	2146.76
	3755.25	0.00	10.91	2314.78
	3755.26	0.00	10.97	2347.80
	3755.27	0.00	10.99	2363.82
	3755.28	0.00	11.01	2357.82
	3755.30	0.00	11.03	2344.75
	3755.31	0.00	11.08	2332.71
	3755.32	0.00	11.12	2312.69
	3755.33	0.00	11.16	2287.65
	3755.34	0.00	11.20	2264.64
	3755.36	0.00	11.28	2244.63
	3755.37	0.00	11.38	2219.59
	3755.38	0.00	11.49	2194.55
	3755.39	0.00	11.59	2165.47
	3755.40	0.00	11.72	2150.35
	3755.42	0.00	11.81	2134.39
	3755.43	0.00	11.93	2119.33
	3755.44	0.00	12.05	2099.24
	3755.45	0.00	12.26	2077.21
	3755.46	0.00	12.40	2063.17
	3755.47	0.00	12.63	2021.08
	3755.49	0.00	12.78	1992.99
	3755.50	0.00	12.82	1999.89
	3755.51	0.00	12.92	1999.77
	3755.52	0.00	12.99	1997.67
	3755.53	0.00	13.07	1981.61
	3755.55	0.00	13.11	1971.52
	3755.56	0.00	13.25	2001.50
	3755.57	0.00	13.29	2008.44
	3755.58	0.00	13.31	2012.47
	3755.59	0.00	13.35	2009.44
	3755.60	0.00	13.38	2003.40
	3755.62	0.00	13.43	2004.37
	3755.63	0.00	13.59	2027.34
	3755.64	0.00	13.66	2035.32
	3755.65	0.00	13.74	2036.28
	3755.66	0.00	13.84	2046.22
	3755.67	0.00	13.92	2058.17
	3755.69	0.00	14.00	2070.10
	3755.70	0.00	14.03	2066.08
	3755.71	0.00	14.06	2064.04
	3755.72	0.00	14.09	2061.99
	3755.73	0.00	14.07	2057.97
	3755.75	0.00	14.06	2040.90
	3755.76	0.00	14.02	2023.87
	3755.77	0.00	13.97	2003.82
	3755.78	0.00	13.80	1952.86
	3755.79	0.00	13.62	1900.95
	3755.80	0.00	13.39	1845.07
	3755.82	0.00	13.05	1749.20
	3755.83	0.00	12.51	1633.29
	3755.84	0.00	12.23	1549.39
	3755.85	0.00	12.09	1519.48
	3755.86	0.00	12.09	1519.46
	3755.87	0.00	12.07	1519.48
	3755.89	0.00	12.06	1514.49
	3755.90	0.00	12.12	1527.46
	3755.91	0.00	12.15	1536.47
	3755.92	0.00	12.22	1556.44
	3755.93	0.00	12.25	1563.44
	3755.94	0.00	12.27	1571.44
	3755.96	0.00	12.30	1577.43
	3755.97	0.00	12.32	1580.42
	3755.98	0.00	12.33	1585.41
	3755.99	0.00	12.38	1597.36
	3756.00	0.00	12.57	1621.03
	3756.02	0.00	12.58	1631.06
	3756.03	0.00	12.59	1635.07
	3756.04	0.00	12.57	1635.12
	3756.05	0.00	12.57	1638.15
	3756.06	0.00	12.55	1639.18
	3756.07	0.00	12.54	1640.20
	3756.09	0.00	12.52	1639.24
	3756.10	0.00	12.52	1643.29
	3756.11	0.00	12.51	1644.29
	3756.12	0.00	12.53	1642.28
	3756.13	0.00	12.51	1644.32
	3756.14	0.00	12.54	1647.28
	3756.16	0.00	12.55	1642.21
	3756.17	0.00	12.55	1646.21
	3756.18	0.00	12.57	1653.20
	3756.19	0.00	12.57	1652.20
	3756.20	0.00	12.57	1654.20
	3756.22	0.00	12.57	1657.20
	3756.23	0.00	12.58	1660.19
	3756.24	0.00	12.59	1660.19
	3756.25	0.00	12.62	1664.13
	3756.26	0.00	12.62	1663.13
	3756.27	0.00	12.60	1658.15
	3756.29	0.00	12.61	1662.15
	3756.30	0.00	12.61	1661.16
	3756.31	0.00	12.61	1660.16
	3756.32	0.00	12.61	1663.16
	3756.33	0.00	12.60	1662.17
	3756.34	0.00	12.58	1661.21
	3756.36	0.00	12.58	1661.21
	3756.37	0.00	12.59	1663.21
	3756.38	0.00	12.59	1665.23
	3756.39	0.00	12.41	1682.52
	3756.40	0.00	11.83	1800.85
	3756.42	0.00	11.23	1963.18
	3756.43	0.00	10.88	2083.32
	3756.44	0.00	10.73	2143.43
	3756.45	0.00	10.73	2165.47
	3756.46	0.00	10.76	2185.47
	3756.47	0.00	10.80	2224.48
	3756.49	0.00	10.91	2271.51
	3756.50	0.00	11.07	2313.48
	3756.51	0.00	11.19	2334.53
	3756.52	0.00	11.37	2361.51
	3756.53	0.00	11.50	2361.48
	3756.55	0.00	11.63	2347.44
	3756.56	0.00	11.79	2332.41
	3756.57	0.00	11.96	2296.36
	3756.58	0.00	12.13	2264.34
	3756.59	0.00	12.25	2232.30
	3756.61	0.00	12.36	2204.26
	3756.62	0.00	12.50	2151.19
	3756.63	0.00	12.74	2093.08
	3756.64	0.00	12.97	2044.99
	3756.65	0.00	13.07	2008.88
	3756.66	0.00	13.14	1987.76
	3756.68	0.00	13.19	1974.66
	3756.69	0.00	13.27	1954.51
	3756.70	0.00	13.29	1963.50
	3756.71	0.00	13.28	1969.50
	3756.72	0.00	13.30	1979.49
	3756.73	0.00	13.32	1984.49
	3756.75	0.00	13.35	1989.48
	3756.76	0.00	13.38	1994.46
	3756.77	0.00	13.53	2023.43
	3756.78	0.00	13.59	2043.41
	3756.79	0.00	13.57	2030.43
	3756.81	0.00	13.61	2032.40
	3756.82	0.00	13.65	2032.38
	3756.83	0.00	13.66	2034.36
	3756.84	0.00	13.72	2034.27
	3756.85	0.00	13.71	2037.32
	3756.86	0.00	13.74	2043.29
	3756.88	0.00	13.75	2044.29
	3756.89	0.00	13.76	2040.28
	3756.90	0.00	13.75	2037.26
	3756.91	0.00	13.73	2021.22
	3756.92	0.00	13.75	2008.12
	3756.93	0.00	13.76	1997.06
	3756.95	0.00	13.74	1975.03
	3756.96	0.00	13.73	1958.97
	3756.97	0.00	13.85	1935.59
	3756.98	0.00	13.81	1922.48
	3756.99	0.00	13.43	1853.78
	3757.00	0.00	13.18	1805.05
	3757.02	0.00	12.97	1726.15
	3757.03	0.00	12.65	1671.38
	3757.04	0.00	12.53	1645.47
	3757.05	0.00	12.45	1632.51
	3757.06	0.00	12.46	1636.44
	3757.08	0.00	12.46	1642.43
	3757.09	0.00	12.45	1640.42
	3757.10	0.00	12.48	1642.41
	3757.11	0.00	12.49	1646.41
	3757.12	0.00	12.50	1648.40
	3757.13	0.00	12.50	1644.40
	3757.15	0.00	12.49	1641.41
	3757.16	0.00	12.49	1628.37
	3757.17	0.00	12.50	1632.37
	3757.18	0.00	12.50	1631.37
	3757.19	0.00	12.52	1633.35
	3757.21	0.00	12.52	1630.36
	3757.22	0.00	12.53	1633.35
	3757.23	0.00	12.55	1640.33
	3757.24	0.00	12.55	1642.34
	3757.25	0.00	12.54	1636.33
	3757.26	0.00	12.55	1645.32
	3757.28	0.00	12.57	1649.31
	3757.29	0.00	12.58	1653.31
	3757.30	0.00	12.60	1659.29
	3757.31	0.00	12.60	1662.29
	3757.32	0.00	12.63	1673.29
	3757.33	0.00	12.64	1675.29
	3757.35	0.00	12.65	1673.24
	3757.36	0.00	12.63	1677.29
	3757.37	0.00	12.64	1678.29
	3757.38	0.00	12.63	1677.29
	3757.39	0.00	12.64	1676.30
	3757.41	0.00	12.65	1677.27
	3757.42	0.00	12.62	1672.32
	3757.43	0.00	12.61	1670.34
	3757.44	0.00	12.60	1667.34
	3757.45	0.00	12.61	1668.33
	3757.46	0.00	12.60	1667.34
	3757.48	0.00	12.60	1667.34
	3757.49	0.00	12.65	1670.24
	3757.50	0.00	12.63	1673.31
	3757.51	0.00	12.66	1687.30
	3757.52	0.00	12.66	1689.30
	3757.54	0.00	12.66	1693.30
	3757.55	0.00	12.64	1696.31
	3757.56	0.00	12.61	1701.38
	3757.57	0.00	12.47	1713.57
	3757.58	0.00	11.96	1814.81
	3757.59	0.00	11.63	1907.02
	3757.61	0.00	11.46	1953.09
	3757.62	0.00	11.38	1977.15
	3757.63	0.00	11.34	1995.26
	3757.64	0.00	11.35	2022.28
	3757.65	0.00	11.45	2098.31
	3757.67	0.00	11.55	2146.34
	3757.68	0.00	11.68	2189.30
	3757.69	0.00	11.74	2211.34
	3757.70	0.00	11.81	2225.35
	3757.71	0.00	11.90	2222.34
	3757.72	0.00	12.01	2226.28
	3757.74	0.00	12.10	2219.28
	3757.75	0.00	12.19	2210.26
	3757.76	0.00	12.23	2206.22
	3757.77	0.00	12.43	2211.19
	3757.78	0.00	12.65	2175.15
	3757.80	0.00	12.76	2156.10
	3757.81	0.00	13.03	2116.01
	3757.82	0.00	13.18	2089.88
	3757.83	0.00	13.21	2075.76
	3757.84	0.00	13.23	2061.65
	3757.85	0.00	13.29	2036.44
	3757.87	0.00	13.36	2025.30
	3757.88	0.00	13.36	2008.28
	3757.89	0.00	13.35	1993.25
	3757.90	0.00	13.52	2015.22
	3757.91	0.00	13.55	1990.20
	3757.93	0.00	13.57	1982.17
	3757.94	0.00	13.59	1979.16
	3757.95	0.00	13.61	1975.14
	3757.96	0.00	13.62	1978.14
	3757.97	0.00	13.66	1979.12
	3757.98	0.00	13.68	1977.12
	3758.00	0.00	13.71	1987.10
	3758.01	0.00	13.71	1980.08
	3758.02	0.00	13.73	1984.10
	3758.03	0.00	13.75	1989.12
	3758.04	0.00	13.80	1996.09
	3758.05	0.00	13.84	2002.06
	3758.07	0.00	13.87	2012.06
	3758.08	0.00	13.91	2022.04
	3758.09	0.00	13.92	2024.06
	3758.10	0.00	13.95	2028.04
	3758.11	0.00	13.98	2037.03
	3758.12	0.00	14.03	2043.00
	3758.14	0.00	14.07	2051.97
	3758.15	0.00	14.13	2055.91
	3758.16	0.00	14.17	2059.82
	3758.17	0.00	14.21	2059.71
	3758.18	0.00	14.25	2064.65
	3758.19	0.00	14.24	2063.63
	3758.21	0.00	14.27	2054.52
	3758.22	0.00	14.27	2036.44
	3758.23	0.00	14.23	2010.37
	3758.24	0.00	14.13	1981.43
	3758.25	0.00	13.89	1944.72
	3758.27	0.00	13.67	1894.84
	3758.28	0.00	13.46	1844.91
	3758.29	0.00	13.11	1774.06
	3758.30	0.00	12.92	1724.13
	3758.31	0.00	12.68	1669.17
	3758.32	0.00	12.71	1664.05
	3758.34	0.00	12.69	1662.08
	3758.35	0.00	12.67	1661.09
	3758.36	0.00	12.70	1668.06
	3758.37	0.00	12.70	1671.06
	3758.38	0.00	12.70	1671.06
	3758.39	0.00	12.69	1672.10
	3758.41	0.00	12.71	1672.07
	3758.42	0.00	12.68	1652.10
	3758.43	0.00	12.66	1649.11
	3758.44	0.00	12.65	1645.12
	3758.45	0.00	12.64	1636.13
	3758.47	0.00	12.64	1634.13
	3758.48	0.00	12.64	1636.13
	3758.49	0.00	12.63	1630.11
	3758.50	0.00	12.49	1620.36
	3758.51	0.00	12.50	1623.36
	3758.52	0.00	12.49	1623.38
	3758.54	0.00	12.48	1627.43
	3758.55	0.00	12.49	1630.42
	3758.56	0.00	12.52	1623.42
	3758.57	0.00	12.52	1625.42
	3758.58	0.00	12.52	1627.42
	3758.59	0.00	12.52	1612.32
	3758.61	0.00	12.54	1622.31
	3758.62	0.00	12.56	1630.31
	3758.63	0.00	12.58	1634.30
	3758.64	0.00	12.60	1638.29
	3758.65	0.00	12.58	1641.29
	3758.66	0.00	12.58	1643.29
	3758.68	0.00	12.62	1647.24
	3758.69	0.00	12.63	1656.25
	3758.70	0.00	12.62	1654.27
	3758.71	0.00	12.62	1653.26
	3758.72	0.00	12.64	1657.25
	3758.74	0.00	12.63	1660.27
	3758.75	0.00	12.63	1660.26
	3758.76	0.00	12.63	1667.27
	3758.77	0.00	12.59	1683.37
	3758.78	0.00	12.54	1690.47
	3758.79	0.00	12.25	1745.63
	3758.81	0.00	11.86	1834.92
	3758.82	0.00	11.58	1914.09
	3758.83	0.00	11.38	1981.20
	3758.84	0.00	11.33	2027.17
	3758.85	0.00	11.32	2062.19
	3758.87	0.00	11.36	2091.21
	3758.88	0.00	11.46	2131.23
	3758.89	0.00	11.57	2181.26
	3758.90	0.00	11.60	2194.28
	3758.91	0.00	11.63	2209.31
	3758.92	0.00	11.66	2231.33
	3758.94	0.00	11.70	2236.33
	3758.95	0.00	11.79	2224.32
	3758.96	0.00	11.86	2225.32
	3758.97	0.00	11.94	2216.28
	3758.98	0.00	12.00	2202.29
	3759.00	0.00	12.11	2191.27
	3759.01	0.00	12.18	2181.25
	3759.02	0.00	12.24	2171.24
	3759.03	0.00	12.30	2176.17
	3759.04	0.00	12.37	2162.15
	3759.05	0.00	12.51	2124.11
	3759.07	0.00	12.63	2090.07
	3759.08	0.00	12.71	2060.01
	3759.09	0.00	12.99	2010.81
	3759.10	0.00	13.04	2005.72
	3759.11	0.00	13.07	2010.63
	3759.13	0.00	13.07	2039.57
	3759.14	0.00	13.11	2033.48
	3759.15	0.00	13.14	2031.39
	3759.16	0.00	13.15	2019.34
	3759.17	0.00	13.18	2023.29
	3759.18	0.00	13.22	2016.20
	3759.20	0.00	13.26	2016.13
	3759.21	0.00	13.29	2007.06
	3759.22	0.00	13.34	1996.97
	3759.23	0.00	13.47	1997.97
	3759.24	0.00	13.50	2001.95
	3759.26	0.00	13.52	2002.93
	3759.27	0.00	13.56	2005.90
	3759.28	0.00	13.59	2011.91
	3759.29	0.00	13.66	2014.80
	3759.30	0.00	13.73	2030.74
	3759.31	0.00	13.77	2033.73
	3759.33	0.00	13.78	2038.79
	3759.34	0.00	13.77	2041.86
	3759.35	0.00	13.80	2048.87
	3759.36	0.00	13.80	2054.91
	3759.37	0.00	13.81	2061.95
	3759.38	0.00	13.94	2071.86
	3759.40	0.00	13.97	2077.84
	3759.41	0.00	14.01	2068.76
	3759.42	0.00	14.06	2072.70
	3759.43	0.00	14.07	2043.57
	3759.44	0.00	14.19	2025.26
	3759.46	0.00	14.15	1984.01
	3759.47	0.00	14.11	1941.92
	3759.48	0.00	14.07	1898.80
	3759.49	0.00	13.84	1837.87
	3759.50	0.00	13.67	1788.96
	3759.51	0.00	13.19	1748.71
	3759.53	0.00	12.94	1708.95
	3759.54	0.00	12.73	1685.26
	3759.55	0.00	12.59	1649.37
	3759.56	0.00	12.54	1637.39
	3759.57	0.00	12.59	1660.32
	3759.58	0.00	12.58	1656.33
	3759.60	0.00	12.57	1653.35
	3759.61	0.00	12.50	1617.38
	3759.62	0.00	12.48	1607.40
	3759.63	0.00	12.48	1607.39
	3759.64	0.00	12.47	1607.41
	3759.65	0.00	12.50	1611.38
	3759.67	0.00	12.50	1609.38
	3759.68	0.00	12.50	1610.38
	3759.69	0.00	12.51	1615.39
	3759.70	0.00	12.53	1618.38
	3759.71	0.00	12.53	1617.38
	3759.73	0.00	12.53	1619.38
	3759.74	0.00	12.54	1620.37
	3759.75	0.00	12.53	1617.37
	3759.76	0.00	12.53	1615.37
	3759.77	0.00	12.54	1620.37
	3759.78	0.00	12.58	1636.34
	3759.80	0.00	12.60	1640.34
	3759.81	0.00	12.60	1641.34
	3759.82	0.00	12.60	1640.34
	3759.83	0.00	12.60	1641.34
	3759.84	0.00	12.61	1642.33
	3759.86	0.00	12.61	1643.33
	3759.87	0.00	12.62	1643.30
	3759.88	0.00	12.61	1649.37
	3759.89	0.00	12.61	1649.37
	3759.90	0.00	12.61	1649.38
	3759.92	0.00	12.60	1650.39
	3759.93	0.00	12.61	1647.37
	3759.94	0.00	12.64	1666.36
	3759.95	0.00	12.67	1682.34
	3759.96	0.00	12.67	1684.35
	3759.97	0.00	12.71	1687.30
	3759.99	0.00	12.70	1687.31
	3760.00	0.00	12.69	1687.32
	3760.01	0.00	12.68	1686.35
	3760.02	0.00	12.63	1692.40
	3760.03	0.00	12.33	1743.61
	3760.04	0.00	12.03	1826.79
	3760.06	0.00	11.82	1903.94
	3760.07	0.00	11.63	1962.06
	3760.08	0.00	11.55	2001.11
	3760.09	0.00	11.57	2050.15
	3760.10	0.00	11.60	2068.17
	3760.11	0.00	11.58	2069.26
	3760.13	0.00	11.59	2081.27
	3760.14	0.00	11.61	2105.30
	3760.15	0.00	11.64	2138.32
	3760.16	0.00	11.67	2157.29
	3760.17	0.00	11.68	2175.32
	3760.19	0.00	11.68	2205.35
	3760.20	0.00	11.70	2210.35
	3760.21	0.00	11.72	2217.35
	3760.22	0.00	11.78	2221.32
	3760.23	0.00	11.82	2208.29
	3760.25	0.00	11.86	2202.31
	3760.26	0.00	11.90	2197.31
	3760.27	0.00	11.96	2185.30
	3760.28	0.00	12.03	2173.29
	3760.29	0.00	12.07	2157.30
	3760.31	0.00	12.13	2143.20
	3760.32	0.00	12.18	2115.20
	3760.33	0.00	12.22	2108.18
	3760.34	0.00	12.27	2090.17
	3760.35	0.00	12.33	2082.15
	3760.36	0.00	12.37	2076.13
	3760.38	0.00	12.36	2079.12
	3760.39	0.00	12.39	2080.10
	3760.40	0.00	12.42	2069.08
	3760.41	0.00	12.50	2062.07
	3760.42	0.00	12.59	2050.05
	3760.44	0.00	12.69	2037.03
	3760.45	0.00	12.76	2042.02
	3760.46	0.00	12.87	2042.02
	3760.47	0.00	12.97	2037.99
	3760.48	0.00	13.01	2046.95
	3760.50	0.00	13.03	2064.91
	3760.51	0.00	13.08	2071.84
	3760.52	0.00	13.16	2074.72
	3760.53	0.00	13.23	2086.65
	3760.54	0.00	13.33	2071.54
	3760.55	0.00	13.38	2078.47
	3760.57	0.00	13.40	2076.41
	3760.58	0.00	13.47	2067.28
	3760.59	0.00	13.51	2071.21
	3760.60	0.00	13.55	2068.13
	3760.61	0.00	13.62	2060.94
	3760.62	0.00	13.68	2050.79
	3760.64	0.00	13.79	2058.73
	3760.65	0.00	13.76	2030.71
	3760.66	0.00	13.68	1976.72
	3760.67	0.00	13.68	1951.63
	3760.68	0.00	13.58	1890.46
	3760.69	0.00	13.56	1854.40
	3760.71	0.00	13.52	1798.30
	3760.72	0.00	13.28	1741.56
	3760.73	0.00	12.98	1697.00
	3760.74	0.00	12.77	1669.24
	3760.75	0.00	12.60	1637.39
	3760.76	0.00	12.52	1622.43
	3760.78	0.00	12.46	1612.49
	3760.79	0.00	12.44	1601.47
	3760.80	0.00	12.42	1600.50
	3760.81	0.00	12.46	1609.47
	3760.82	0.00	12.39	1579.44
	3760.84	0.00	12.40	1584.46
	3760.85	0.00	12.41	1590.48
	3760.86	0.00	12.42	1593.48
	3760.87	0.00	12.43	1596.48
	3760.88	0.00	12.43	1594.48
	3760.90	0.00	12.44	1599.48
	3760.91	0.00	12.44	1597.48
	3760.92	0.00	12.45	1603.48
	3760.93	0.00	12.45	1606.48
	3760.94	0.00	12.45	1606.48
	3760.95	0.00	12.46	1607.44
	3760.97	0.00	12.49	1619.45
	3760.98	0.00	12.50	1625.45
	3760.99	0.00	12.50	1624.47
	3761.00	0.00	12.52	1625.45
	3761.01	0.00	12.52	1628.45
	3761.02	0.00	12.52	1632.46
	3761.04	0.00	12.52	1632.45
	3761.05	0.00	12.53	1627.42
	3761.06	0.00	12.54	1633.43
	3761.07	0.00	12.55	1641.44
	3761.08	0.00	12.55	1645.46
	3761.09	0.00	12.56	1650.46
	3761.11	0.00	12.56	1647.46
	3761.12	0.00	12.66	1688.38
	3761.13	0.00	12.68	1698.35
	3761.14	0.00	12.70	1695.28
	3761.15	0.00	12.72	1701.26
	3761.17	0.00	12.73	1701.26
	3761.18	0.00	12.74	1704.24
	3761.19	0.00	12.74	1703.22
	3761.20	0.00	12.75	1705.21
	3761.21	0.00	12.73	1695.20
	3761.22	0.00	12.72	1696.22
	3761.24	0.00	12.64	1709.35
	3761.25	0.00	12.28	1778.60
	3761.26	0.00	11.85	1889.87
	3761.27	0.00	11.49	1982.07
	3761.28	0.00	11.26	2061.18
	3761.30	0.00	11.17	2107.25
	3761.31	0.00	11.19	2126.22
	3761.32	0.00	11.21	2153.27
	3761.33	0.00	11.25	2172.32
	3761.34	0.00	11.16	2155.36
	3761.35	0.00	11.29	2209.34
	3761.37	0.00	11.31	2231.40
	3761.38	0.00	11.30	2252.39
	3761.39	0.00	11.32	2267.43
	3761.40	0.00	11.35	2279.43
	3761.41	0.00	11.39	2276.43
	3761.43	0.00	11.48	2271.29
	3761.44	0.00	11.55	2263.27
	3761.45	0.00	11.61	2244.25
	3761.46	0.00	11.71	2230.19
	3761.47	0.00	11.75	2202.30
	3761.48	0.00	11.85	2183.28
	3761.50	0.00	11.93	2156.27
	3761.51	0.00	12.04	2151.25
	3761.52	0.00	12.16	2127.14
	3761.53	0.00	12.20	2121.16
	3761.54	0.00	12.29	2121.13
	3761.56	0.00	12.34	2118.10
	3761.57	0.00	12.45	2116.07
	3761.58	0.00	12.63	2097.96
	3761.59	0.00	12.73	2082.93
	3761.60	0.00	12.91	2045.88
	3761.61	0.00	13.01	2045.83
	3761.63	0.00	13.01	2021.77
	3761.64	0.00	13.05	2025.73
	3761.65	0.00	13.09	2032.68
	3761.66	0.00	13.10	2055.62
	3761.67	0.00	13.12	2057.56
	3761.69	0.00	13.16	2061.51
	3761.70	0.00	13.21	2067.43
	3761.71	0.00	13.23	2063.38
	3761.72	0.00	13.30	2057.23
	3761.73	0.00	13.29	2059.31
	3761.75	0.00	13.31	2027.28
	3761.76	0.00	13.46	2051.23
	3761.77	0.00	13.47	2045.20
	3761.78	0.00	13.52	2049.14
	3761.79	0.00	13.59	2061.08
	3761.80	0.00	13.62	2045.97
	3761.82	0.00	13.69	2041.79
	3761.83	0.00	13.75	2045.70
	3761.84	0.00	13.77	2032.64
	3761.85	0.00	13.81	2036.60
	3761.86	0.00	13.83	2033.58
	3761.87	0.00	13.83	2016.56
	3761.89	0.00	13.82	1979.44
	3761.90	0.00	13.90	1949.22
	3761.91	0.00	13.91	1926.12
	3761.92	0.00	13.73	1868.10
	3761.93	0.00	13.49	1822.39
	3761.94	0.00	13.18	1788.89
	3761.96	0.00	13.03	1758.02
	3761.97	0.00	12.79	1721.28
	3761.98	0.00	12.67	1688.35
	3761.99	0.00	12.62	1678.37
	3762.00	0.00	12.59	1676.38
	3762.02	0.00	12.58	1665.35
	3762.03	0.00	12.58	1667.35
	3762.04	0.00	12.59	1669.35
	3762.05	0.00	12.59	1667.35
	3762.06	0.00	12.58	1667.36
	3762.07	0.00	12.59	1667.36
	3762.09	0.00	12.59	1667.35
	3762.10	0.00	12.60	1662.34
	3762.11	0.00	12.63	1668.30
	3762.12	0.00	12.64	1668.30
	3762.13	0.00	12.64	1671.32
	3762.15	0.00	12.64	1670.32
	3762.16	0.00	12.63	1668.31
	3762.17	0.00	12.64	1670.29
	3762.18	0.00	12.64	1676.32
	3762.19	0.00	12.64	1677.32
	3762.20	0.00	12.79	1676.99
	3762.22	0.00	12.78	1678.02
	3762.23	0.00	12.78	1680.02
	3762.24	0.00	12.78	1676.03
	3762.25	0.00	12.77	1675.04
	3762.26	0.00	12.77	1672.02
	3762.27	0.00	12.77	1677.05
	3762.29	0.00	12.72	1663.06
	3762.30	0.00	12.69	1670.15
	3762.31	0.00	12.67	1672.21
	3762.32	0.00	12.69	1662.21
	3762.33	0.00	12.70	1667.22
	3762.34	0.00	12.69	1668.22
	3762.36	0.00	12.67	1660.23
	3762.37	0.00	12.63	1638.18
	3762.38	0.00	12.63	1639.19
	3762.39	0.00	12.65	1650.21
	3762.40	0.00	12.66	1657.23
	3762.42	0.00	12.68	1663.23
	3762.43	0.00	12.68	1674.24
	3762.44	0.00	12.72	1680.17
	3762.45	0.00	12.69	1678.20
	3762.46	0.00	12.71	1685.21
	3762.48	0.00	12.72	1689.21
	3762.49	0.00	12.67	1689.26
	3762.50	0.00	12.59	1720.33
	3762.51	0.00	12.29	1757.56
	3762.52	0.00	11.89	1858.88
	3762.53	0.00	11.61	1955.05
	3762.55	0.00	11.45	2016.15
	3762.56	0.00	11.41	2047.16
	3762.57	0.00	11.43	2079.16
	3762.58	0.00	11.52	2117.15
	3762.59	0.00	11.55	2145.16
	3762.61	0.00	11.54	2167.19
	3762.62	0.00	11.52	2196.21
	3762.63	0.00	11.49	2208.23
	3762.64	0.00	11.48	2215.25
	3762.65	0.00	11.50	2249.27
	3762.66	0.00	11.50	2258.29
	3762.68	0.00	11.53	2265.29
	3762.69	0.00	11.57	2266.29
	3762.70	0.00	11.59	2255.30
	3762.71	0.00	11.62	2249.31
	3762.72	0.00	11.68	2245.29
	3762.74	0.00	11.73	2235.28
	3762.75	0.00	11.79	2221.22
	3762.76	0.00	11.84	2213.23
	3762.77	0.00	11.87	2196.24
	3762.78	0.00	11.93	2191.20
	3762.79	0.00	12.01	2183.07
	3762.81	0.00	12.05	2179.06
	3762.82	0.00	12.09	2177.06
	3762.83	0.00	12.11	2162.05
	3762.84	0.00	12.15	2164.04
	3762.85	0.00	12.14	2159.09
	3762.87	0.00	12.15	2158.15
	3762.88	0.00	12.19	2155.14
	3762.89	0.00	12.22	2154.13
	3762.90	0.00	12.27	2144.06
	3762.91	0.00	12.30	2148.07
	3762.92	0.00	12.35	2166.08
	3762.94	0.00	12.37	2167.06
	3762.95	0.00	12.41	2171.05
	3762.96	0.00	12.43	2166.02
	3762.97	0.00	12.48	2171.99
	3762.98	0.00	12.52	2173.00
	3763.00	0.00	12.55	2168.99
	3763.01	0.00	12.66	2142.97
	3763.02	0.00	12.72	2128.97
	3763.03	0.00	12.88	2086.91
	3763.04	0.00	13.01	2060.86
	3763.05	0.00	13.05	2064.80
	3763.07	0.00	13.09	2064.74
	3763.08	0.00	13.15	2066.62
	3763.09	0.00	13.17	2093.50
	3763.10	0.00	13.26	2088.29
	3763.11	0.00	13.30	2083.21
	3763.13	0.00	13.33	2070.17
	3763.14	0.00	13.35	2055.11
	3763.15	0.00	13.37	2024.08
	3763.16	0.00	13.37	2014.05
	3763.17	0.00	13.37	1996.00
	3763.18	0.00	13.43	1975.81
	3763.20	0.00	13.43	1956.77
	3763.21	0.00	13.37	1932.82
	3763.22	0.00	13.31	1908.86
	3763.23	0.00	13.28	1883.84
	3763.24	0.00	13.20	1862.93
	3763.26	0.00	13.11	1842.05
	3763.27	0.00	13.00	1808.14
	3763.28	0.00	12.89	1771.18
	3763.29	0.00	12.80	1741.22
	3763.30	0.00	12.72	1719.25
	3763.31	0.00	12.68	1707.28
	3763.33	0.00	12.62	1696.33
	3763.34	0.00	12.62	1695.32
	3763.35	0.00	12.62	1695.31
	3763.36	0.00	12.62	1696.34
	3763.37	0.00	12.62	1697.36
	3763.38	0.00	12.60	1694.38
	3763.40	0.00	12.61	1696.39
	3763.41	0.00	12.61	1693.40
	3763.42	0.00	12.60	1688.42
	3763.43	0.00	12.58	1681.45
	3763.44	0.00	12.53	1658.49
	3763.46	0.00	12.56	1658.43
	3763.47	0.00	12.54	1655.45
	3763.48	0.00	12.55	1660.46
	3763.49	0.00	12.54	1657.47
	3763.50	0.00	12.53	1656.47
	3763.51	0.00	12.52	1655.47
	3763.53	0.00	12.53	1655.47
	3763.54	0.00	12.63	1650.20
	3763.55	0.00	12.67	1656.14
	3763.56	0.00	12.67	1658.15
	3763.57	0.00	12.63	1643.17
	3763.59	0.00	12.65	1652.17
	3763.60	0.00	12.65	1648.17
	3763.61	0.00	12.65	1646.16
	3763.62	0.00	12.63	1629.11
	3763.63	0.00	12.57	1630.23
	3763.64	0.00	12.53	1629.32
	3763.66	0.00	12.52	1629.36
	3763.67	0.00	12.52	1622.39
	3763.68	0.00	12.53	1624.38
	3763.69	0.00	12.52	1622.39
	3763.70	0.00	12.57	1640.28
	3763.71	0.00	12.58	1649.29
	3763.73	0.00	12.61	1661.28
	3763.74	0.00	12.61	1662.29
	3763.75	0.00	12.63	1670.28
	3763.76	0.00	12.64	1669.28
	3763.77	0.00	12.66	1692.28
	3763.78	0.00	12.69	1702.27
	3763.80	0.00	12.71	1712.23
	3763.81	0.00	12.75	1739.25
	3763.82	0.00	12.76	1754.29
	3763.83	0.00	12.77	1773.34
	3763.84	0.00	12.77	1784.37
	3763.86	0.00	12.75	1790.42
	3763.87	0.00	12.72	1787.41
	3763.88	0.00	12.70	1793.48
	3763.89	0.00	12.69	1794.50
	3763.90	0.00	12.68	1795.52
	3763.91	0.00	12.67	1797.52
	3763.93	0.00	12.64	1792.53
	3763.94	0.00	12.62	1798.55
	3763.95	0.00	12.60	1806.60
	3763.96	0.00	12.53	1823.64
	3763.97	0.00	12.44	1837.70
	3763.99	0.00	12.40	1841.76
	3764.00	0.00	12.36	1838.81
	3764.01	0.00	12.31	1846.85
	3764.02	0.00	12.23	1864.90
	3764.03	0.00	12.15	1874.90
	3764.04	0.00	12.14	1889.91
	3764.06	0.00	12.11	1891.91
	3764.07	0.00	12.11	1898.92
	3764.08	0.00	12.10	1904.93
	3764.09	0.00	12.11	1906.91
	3764.10	0.00	12.08	1907.98
	3764.12	0.00	12.07	1906.00
	3764.13	0.00	12.09	1908.97
	3764.14	0.00	12.07	1912.02
	3764.15	0.00	12.08	1910.97
	3764.16	0.00	12.09	1915.99
	3764.17	0.00	12.08	1916.01
	3764.19	0.00	12.09	1922.02
	3764.20	0.00	12.14	1916.82
	3764.21	0.00	12.18	1922.74
	3764.22	0.00	12.18	1923.75
	3764.23	0.00	12.17	1921.78
	3764.25	0.00	12.16	1914.79
	3764.26	0.00	12.14	1902.73
	3764.27	0.00	12.05	1899.93
	3764.28	0.00	12.05	1896.98
	3764.29	0.00	12.07	1902.00
	3764.30	0.00	12.06	1903.00
	3764.32	0.00	12.01	1880.97
	3764.33	0.00	12.03	1892.01
	3764.34	0.00	12.05	1893.02
	3764.35	0.00	12.05	1899.03
	3764.36	0.00	12.04	1896.99
	3764.38	0.00	12.07	1911.01
	3764.39	0.00	12.08	1910.02
	3764.40	0.00	12.07	1914.02
	3764.41	0.00	12.06	1916.03
	3764.42	0.00	12.06	1916.03
	3764.43	0.00	12.05	1916.02
	3764.45	0.00	12.05	1919.03
	3764.46	0.00	12.05	1921.04
	3764.47	0.00	12.05	1920.04
	3764.48	0.00	12.05	1917.00
	3764.50	0.00	12.07	1922.99
	3764.51	0.00	12.07	1919.99
	3764.52	0.00	12.07	1920.99
	3764.53	0.00	12.06	1920.00
	3764.54	0.00	12.07	1916.99
	3764.55	0.00	12.05	1908.98
	3764.57	0.00	12.05	1908.98
	3764.58	0.00	12.05	1908.98
	3764.59	0.00	12.05	1904.98
	3764.60	0.00	12.05	1905.98
	3764.61	0.00	12.07	1906.98
	3764.62	0.00	12.08	1910.98
	3764.64	0.00	12.07	1908.00
	3764.65	0.00	12.07	1911.01
	3764.66	0.00	12.06	1910.04
	3764.67	0.00	12.08	1907.05
	3764.68	0.00	12.08	1905.06
	3764.70	0.00	12.11	1907.01
	3764.71	0.00	12.12	1910.02
	3764.72	0.00	12.11	1910.03
	3764.73	0.00	12.13	1907.04
	3764.74	0.00	12.15	1906.04
	3764.75	0.00	12.27	1905.73
	3764.77	0.00	12.26	1906.77
	3764.78	0.00	12.26	1899.78
	3764.79	0.00	12.26	1898.80
	3764.80	0.00	12.27	1884.72
	3764.81	0.00	12.22	1882.86
	3764.83	0.00	12.21	1882.94
	3764.84	0.00	12.26	1867.97
	3764.85	0.00	12.28	1871.97
	3764.86	0.00	12.25	1853.96
	3764.87	0.00	12.27	1864.97
	3764.88	0.00	12.28	1867.98
	3764.90	0.00	12.31	1859.97
	3764.91	0.00	12.30	1865.97
	3764.92	0.00	12.31	1864.93
	3764.93	0.00	12.33	1876.95
	3764.94	0.00	12.34	1875.95
	3764.96	0.00	12.34	1881.95
	3764.97	0.00	12.32	1873.93
	3764.98	0.00	12.32	1879.96
	3764.99	0.00	12.33	1878.96
	3765.00	0.00	12.33	1881.96
	3765.01	0.00	12.34	1875.91
	3765.03	0.00	12.35	1877.91
	3765.04	0.00	12.34	1873.90
	3765.05	0.00	12.36	1877.90
	3765.06	0.00	12.36	1876.89
	3765.07	0.00	12.35	1873.90
	3765.09	0.00	12.33	1862.89
	3765.10	0.00	12.33	1864.89
	3765.11	0.00	12.34	1869.89
	3765.12	0.00	12.33	1865.90
	3765.13	0.00	12.34	1868.89
	3765.14	0.00	12.33	1864.89
	3765.16	0.00	12.33	1864.89
	3765.17	0.00	12.34	1869.90
	3765.18	0.00	12.35	1870.89
	3765.19	0.00	12.34	1866.88
	3765.20	0.00	12.32	1866.94
	3765.22	0.00	12.31	1865.96
	3765.23	0.00	12.31	1870.97
	3765.24	0.00	12.31	1868.96
	3765.25	0.00	12.33	1870.94
	3765.26	0.00	12.32	1873.96
	3765.27	0.00	12.32	1877.96
	3765.29	0.00	12.32	1876.97
	3765.30	0.00	12.35	1877.88
	3765.31	0.00	12.42	1877.68
	3765.32	0.00	12.41	1881.72
	3765.33	0.00	12.39	1872.73
	3765.35	0.00	12.38	1875.75
	3765.36	0.00	12.35	1862.74
	3765.37	0.00	12.28	1865.89
	3765.38	0.00	12.28	1859.94
	3765.39	0.00	12.27	1866.97
	3765.40	0.00	12.29	1871.92
	3765.42	0.00	12.19	1853.94
	3765.43	0.00	12.20	1870.97
	3765.44	0.00	12.21	1874.00
	3765.45	0.00	12.19	1881.00
	3765.46	0.00	12.17	1872.96
	3765.48	0.00	12.19	1888.98
	3765.49	0.00	12.20	1891.00
	3765.50	0.00	12.20	1896.00
	3765.51	0.00	12.17	1900.01
	3765.52	0.00	12.16	1899.98
	3765.53	0.00	12.15	1908.02
	3765.55	0.00	12.14	1907.02
	3765.56	0.00	12.14	1908.03
	3765.57	0.00	12.14	1903.00
	3765.58	0.00	12.15	1907.98
	3765.59	0.00	12.15	1907.98
	3765.61	0.00	12.14	1909.98
	3765.62	0.00	12.14	1909.96
	3765.63	0.00	12.10	1905.98
	3765.64	0.00	12.09	1904.98
	3765.65	0.00	12.09	1902.98
	3765.66	0.00	12.09	1904.96
	3765.68	0.00	12.09	1904.98
	3765.69	0.00	12.07	1900.98
	3765.70	0.00	12.08	1905.98
	3765.71	0.00	12.09	1904.98
	3765.72	0.00	12.11	1903.93
	3765.74	0.00	12.07	1903.03
	3765.75	0.00	12.06	1902.06
	3765.76	0.00	12.07	1906.05
	3765.77	0.00	12.06	1906.06
	3765.78	0.00	12.07	1904.03
	3765.79	0.00	12.07	1905.03
	3765.81	0.00	12.07	1907.04
	3765.82	0.00	12.06	1907.05
	3765.83	0.00	12.06	1904.05
	3765.84	0.00	12.20	1906.67
	3765.85	0.00	12.16	1907.78
	3765.87	0.00	12.14	1898.80
	3765.88	0.00	12.14	1900.81
	3765.89	0.00	12.10	1887.81
	3765.90	0.00	12.08	1885.89
	3765.91	0.00	12.05	1886.94
	3765.92	0.00	12.05	1881.00
	3765.94	0.00	12.06	1888.01
	3765.95	0.00	12.00	1862.99
	3765.96	0.00	12.02	1875.02
	3765.97	0.00	12.05	1876.04
	3765.98	0.00	12.04	1884.03
	3766.00	0.00	12.04	1882.03
	3766.01	0.00	12.03	1876.99
	3766.02	0.00	12.07	1894.00
	3766.03	0.00	12.07	1891.02
	3766.04	0.00	12.06	1897.02
	3766.05	0.00	12.06	1892.99
	3766.07	0.00	12.06	1900.03
	3766.08	0.00	12.05	1895.03
	3766.09	0.00	12.06	1899.03
	3766.10	0.00	12.05	1898.05
	3766.11	0.00	12.08	1900.00
	3766.13	0.00	12.09	1892.98
	3766.14	0.00	12.09	1893.98
	3766.15	0.00	12.09	1894.98
	3766.16	0.00	12.09	1890.97
	3766.17	0.00	12.07	1881.97
	3766.18	0.00	12.07	1883.97
	3766.20	0.00	12.07	1883.98
	3766.21	0.00	12.08	1884.97
	3766.22	0.00	12.06	1878.97
	3766.23	0.00	12.07	1882.97
	3766.24	0.00	12.08	1881.97
	3766.26	0.00	12.08	1885.97
	3766.27	0.00	12.08	1883.95
	3766.28	0.00	12.08	1885.97
	3766.29	0.00	12.05	1891.03
	3766.30	0.00	12.04	1889.05
	3766.32	0.00	12.04	1892.06
	3766.33	0.00	12.04	1891.03
	3766.34	0.00	12.04	1893.03
	3766.35	0.00	12.04	1894.05
	3766.36	0.00	12.03	1895.05
	3766.37	0.00	12.03	1895.07
	3766.39	0.00	12.10	1890.83
	3766.40	0.00	12.13	1898.78
	3766.41	0.00	12.13	1897.81
	3766.42	0.00	12.12	1893.82
	3766.43	0.00	12.12	1889.75
	3766.45	0.00	12.03	1882.95
	3766.46	0.00	12.02	1881.01
	3766.47	0.00	12.03	1884.03
	3766.48	0.00	11.98	1862.99
	3766.49	0.00	11.98	1871.03
	3766.50	0.00	11.99	1877.06
	3766.52	0.00	12.02	1880.04
	3766.53	0.00	12.01	1881.05
	3766.54	0.00	12.02	1883.02
	3766.55	0.00	12.02	1892.04
	3766.56	0.00	12.04	1893.04
	3766.58	0.00	12.03	1894.04
	3766.59	0.00	12.02	1894.04
	3766.60	0.00	12.02	1890.00
	3766.61	0.00	12.02	1897.04
	3766.62	0.00	12.02	1899.05
	3766.63	0.00	12.03	1898.03
	3766.65	0.00	12.02	1899.05
	3766.66	0.00	12.03	1896.00
	3766.67	0.00	12.02	1893.00
	3766.68	0.00	12.03	1897.02
	3766.69	0.00	12.03	1898.00
	3766.71	0.00	12.03	1896.99
	3766.72	0.00	12.00	1885.99
	3766.73	0.00	12.00	1888.01
	3766.74	0.00	12.00	1883.99
	3766.75	0.00	12.01	1884.99
	3766.76	0.00	12.00	1878.99
	3766.78	0.00	12.01	1883.99
	3766.79	0.00	12.01	1885.99
	3766.80	0.00	12.02	1885.99
	3766.81	0.00	12.01	1886.00
	3766.82	0.00	12.00	1885.03
	3766.84	0.00	11.99	1886.05
	3766.85	0.00	12.00	1887.06
	3766.86	0.00	11.98	1884.08
	3766.87	0.00	12.01	1886.03
	3766.88	0.00	12.01	1889.05
	3766.89	0.00	11.99	1885.06
	3766.91	0.00	11.98	1887.08
	3766.92	0.00	12.10	1888.76
	3766.93	0.00	12.10	1887.77
	3766.94	0.00	12.09	1893.80
	3766.95	0.00	12.08	1888.82
	3766.97	0.00	12.07	1885.82
	3766.98	0.00	12.07	1886.83
	3766.99	0.00	12.01	1874.89
	3767.00	0.00	11.98	1877.99
	3767.01	0.00	11.99	1872.02
	3767.02	0.00	11.99	1878.03
	3767.04	0.00	11.94	1861.04
	3767.05	0.00	11.96	1868.03
	3767.06	0.00	11.97	1872.04
	3767.07	0.00	11.99	1868.04
	3767.08	0.00	11.97	1875.07
	3767.10	0.00	11.99	1877.01
	3767.11	0.00	12.00	1885.03
	3767.12	0.00	12.01	1886.03
	3767.13	0.00	12.00	1889.04
	3767.14	0.00	12.00	1887.03
	3767.15	0.00	12.00	1888.04
	3767.17	0.00	12.00	1890.05
	3767.18	0.00	12.01	1890.04
	3767.19	0.00	12.00	1893.04
	3767.20	0.00	12.00	1887.00
	3767.21	0.00	12.01	1890.01
	3767.23	0.00	12.02	1889.99
	3767.24	0.00	12.02	1889.98
	3767.25	0.00	11.99	1880.98
	3767.26	0.00	11.99	1882.00
	3767.27	0.00	12.00	1882.98
	3767.28	0.00	12.01	1879.98
	3767.30	0.00	12.01	1878.98
	3767.31	0.00	12.00	1875.99
	3767.32	0.00	12.02	1874.98
	3767.33	0.00	12.03	1877.97
	3767.34	0.00	12.03	1876.97
	3767.36	0.00	12.03	1876.98
	3767.37	0.00	12.01	1875.02
	3767.38	0.00	12.01	1872.04
	3767.39	0.00	12.01	1879.06
	3767.40	0.00	12.01	1875.05
	3767.41	0.00	12.03	1878.01
	3767.43	0.00	12.02	1877.03
	3767.44	0.00	12.03	1880.01
	3767.45	0.00	12.00	1876.05
	3767.46	0.00	12.13	1880.74
	3767.47	0.00	12.13	1881.76
	3767.49	0.00	12.13	1884.78
	3767.50	0.00	12.11	1877.80
	3767.51	0.00	12.10	1877.81
	3767.52	0.00	12.07	1865.81
	3767.53	0.00	12.01	1869.98
	3767.54	0.00	12.02	1864.00
	3767.56	0.00	12.01	1866.01
	3767.57	0.00	11.97	1845.00
	3767.58	0.00	11.97	1852.01
	3767.59	0.00	12.00	1863.02
	3767.60	0.00	12.00	1862.03
	3767.62	0.00	12.00	1866.03
	3767.63	0.00	12.02	1870.00
	3767.64	0.00	12.04	1878.02
	3767.65	0.00	12.03	1880.02
	3767.66	0.00	12.03	1876.98
	3767.67	0.00	12.03	1880.01
	3767.69	0.00	12.03	1885.02
	3767.70	0.00	12.03	1884.03
	3767.71	0.00	12.03	1886.03
	3767.72	0.00	12.03	1885.01
	3767.73	0.00	12.04	1881.98
	3767.75	0.00	12.04	1885.99
	3767.76	0.00	12.03	1879.98
	3767.77	0.00	12.05	1883.97
	3767.78	0.00	12.04	1885.98
	3767.79	0.00	12.03	1883.98
	3767.80	0.00	12.01	1874.97
	3767.82	0.00	12.02	1875.97
	3767.83	0.00	12.02	1874.97
	3767.84	0.00	12.02	1875.98
	3767.85	0.00	12.01	1874.97
	3767.86	0.00	12.01	1873.98
	3767.88	0.00	12.01	1873.96
	3767.89	0.00	12.01	1873.97
	3767.90	0.00	12.02	1876.97
	3767.91	0.00	12.02	1875.97
	3767.92	0.00	12.02	1877.98
	3767.94	0.00	12.01	1880.00
	3767.95	0.00	12.00	1878.02
	3767.96	0.00	11.99	1880.03
	3767.97	0.00	11.98	1879.06
	3767.98	0.00	11.99	1884.06
	3767.99	0.00	12.00	1879.02
	3768.01	0.00	12.00	1883.03
	3768.02	0.00	11.99	1882.05
	3768.03	0.00	11.99	1884.05
	3768.04	0.00	11.98	1885.05
	3768.05	0.00	12.05	1879.84
	3768.07	0.00	12.09	1883.76
	3768.08	0.00	12.10	1890.79
	3768.09	0.00	12.08	1882.81
	3768.10	0.00	12.07	1883.83
	3768.11	0.00	12.02	1873.89
	3768.12	0.00	11.98	1872.99
	3768.14	0.00	11.99	1869.02
	3768.15	0.00	12.00	1872.00
	3768.16	0.00	11.95	1853.01
	3768.17	0.00	11.96	1865.03
	3768.18	0.00	11.99	1863.03
	3768.20	0.00	11.98	1865.04
	3768.21	0.00	11.98	1868.04
	3768.22	0.00	11.99	1871.00
	3768.23	0.00	12.00	1878.01
	3768.24	0.00	12.01	1882.02
	3768.25	0.00	12.00	1882.03
	3768.27	0.00	12.00	1883.03
	3768.28	0.00	12.00	1883.02
	3768.29	0.00	12.00	1886.03
	3768.30	0.00	12.00	1887.03
	3768.31	0.00	12.00	1887.03
	3768.33	0.00	12.00	1881.00
	3768.34	0.00	12.01	1882.99
	3768.35	0.00	12.01	1885.98
	3768.36	0.00	12.02	1885.98
	3768.37	0.00	12.02	1883.98
	3768.38	0.00	12.01	1884.98
	3768.40	0.00	11.99	1874.98
	3768.41	0.00	11.99	1874.99
	3768.42	0.00	12.00	1873.97
	3768.43	0.00	12.00	1874.98
	3768.44	0.00	12.00	1874.97
	3768.46	0.00	11.99	1867.94
	3768.47	0.00	11.99	1871.97
	3768.48	0.00	12.00	1873.97
	3768.49	0.00	12.00	1874.97
	3768.50	0.00	12.01	1875.96
	3768.51	0.00	12.01	1877.98
	3768.53	0.00	11.98	1875.02
	3768.54	0.00	11.98	1876.03
	3768.55	0.00	11.96	1872.05
	3768.56	0.00	11.98	1878.05
	3768.57	0.00	12.00	1878.00
	3768.59	0.00	11.99	1880.04
	3768.60	0.00	12.00	1879.04
	3768.61	0.00	11.99	1882.04
	3768.62	0.00	11.99	1881.05
	3768.63	0.00	12.11	1885.73
	3768.64	0.00	12.10	1887.76
	3768.66	0.00	12.09	1886.78
	3768.67	0.00	12.07	1876.80
	3768.68	0.00	12.07	1879.82
	3768.69	0.00	12.01	1868.88
	3768.70	0.00	11.98	1871.98
	3768.72	0.00	11.99	1868.01
	3768.73	0.00	11.98	1872.02
	3768.74	0.00	11.95	1858.01
	3768.75	0.00	11.96	1867.03
	3768.76	0.00	11.97	1866.05
	3768.77	0.00	11.97	1872.04
	3768.79	0.00	11.97	1869.00
	3768.80	0.00	12.00	1879.01
	3768.81	0.00	12.02	1883.99
	3768.82	0.00	12.00	1884.03
	3768.83	0.00	11.99	1883.03
	3768.85	0.00	11.99	1885.02
	3768.86	0.00	11.98	1885.04
	3768.87	0.00	11.98	1883.03
	3768.88	0.00	12.00	1888.03
	3768.89	0.00	12.00	1890.04
	3768.90	0.00	11.99	1881.00
	3768.92	0.00	12.00	1886.99
	3768.93	0.00	12.01	1889.98
	3768.94	0.00	12.01	1886.99
	3768.95	0.00	12.02	1888.98
	3768.96	0.00	11.98	1875.98
	3768.98	0.00	11.98	1875.98
	3768.99	0.00	12.00	1878.96
	3769.00	0.00	12.00	1877.97
	3769.01	0.00	12.00	1877.98
	3769.02	0.00	12.01	1878.97
	3769.03	0.00	12.01	1877.98
	3769.05	0.00	12.01	1877.97
	3769.06	0.00	12.00	1874.97
	3769.07	0.00	12.01	1876.97
	3769.08	0.00	12.01	1878.97
	3769.09	0.00	12.02	1879.97
	3769.11	0.00	12.05	1881.89
	3769.12	0.00	12.00	1880.02
	3769.13	0.00	12.01	1881.03
	3769.14	0.00	12.00	1881.04
	3769.15	0.00	12.00	1883.05
	3769.16	0.00	12.00	1885.07
	3769.18	0.00	12.02	1890.02
	3769.19	0.00	12.01	1890.04
	3769.20	0.00	12.00	1892.05
	3769.21	0.00	12.04	1894.98
	3769.22	0.00	12.12	1895.77
	3769.24	0.00	12.11	1899.80
	3769.25	0.00	12.11	1893.79
	3769.26	0.00	12.12	1892.74
	3769.27	0.00	12.02	1886.94
	3769.28	0.00	12.00	1887.99
	3769.29	0.00	12.02	1883.99
	3769.31	0.00	12.02	1889.02
	3769.32	0.00	11.96	1865.99
	3769.33	0.00	11.98	1879.03
	3769.34	0.00	11.99	1887.02
	3769.35	0.00	12.01	1884.04
	3769.37	0.00	11.99	1886.05
	3769.38	0.00	11.98	1890.06
	3769.39	0.00	12.00	1900.04
	3769.40	0.00	12.01	1902.05
	3769.41	0.00	12.02	1902.05
	3769.42	0.00	12.00	1905.07
	3769.44	0.00	11.99	1901.02
	3769.45	0.00	11.99	1908.06
	3769.46	0.00	11.99	1910.07
	3769.47	0.00	11.99	1907.05
	3769.48	0.00	12.01	1894.03
	3769.50	0.00	12.00	1892.02
	3769.51	0.00	11.99	1891.02
	3769.52	0.00	11.99	1885.01
	3769.53	0.00	11.97	1877.01
	3769.54	0.00	11.96	1874.01
	3769.55	0.00	11.94	1858.00
	3769.57	0.00	11.95	1845.97
	3769.58	0.00	11.90	1844.97
	3769.59	0.00	11.90	1835.95
	3769.60	0.00	11.91	1816.92
	3769.61	0.00	11.97	1795.87
	3769.63	0.00	12.09	1776.82
	3769.64	0.00	12.18	1759.74
	3769.65	0.00	12.35	1708.64
	3769.66	0.00	12.39	1687.59
	3769.67	0.00	12.46	1697.51
	3769.69	0.00	12.50	1697.47
	3769.70	0.00	12.49	1691.47
	3769.71	0.00	12.50	1684.43
	3769.72	0.00	12.53	1692.42
	3769.73	0.00	12.54	1693.41
	3769.74	0.00	12.55	1694.39
	3769.76	0.00	12.55	1697.39
	3769.77	0.00	12.56	1694.38
	3769.78	0.00	12.56	1692.38
	3769.79	0.00	12.56	1691.37
	3769.80	0.00	12.56	1690.37
	3769.81	0.00	12.59	1692.31
	3769.83	0.00	12.59	1689.30
	3769.84	0.00	12.58	1687.33
	3769.85	0.00	12.60	1683.27
	3769.86	0.00	12.60	1686.29
	3769.87	0.00	12.58	1682.32
	3769.88	0.00	12.58	1680.32
	3769.90	0.00	12.56	1680.34
	3769.91	0.00	12.59	1681.31
	3769.92	0.00	12.59	1678.30
	3769.93	0.00	12.59	1677.30
	3769.94	0.00	12.58	1674.30
	3769.96	0.00	12.59	1676.31
	3769.97	0.00	12.58	1671.31
	3769.98	0.00	12.57	1673.32
	3769.99	0.00	12.57	1675.34
	3770.00	0.00	12.54	1681.40
	3770.01	0.00	12.54	1685.41
	3770.03	0.00	12.54	1690.42
	3770.04	0.00	12.49	1695.48
	3770.05	0.00	12.35	1727.58
	3770.06	0.00	12.21	1755.70
	3770.07	0.00	12.01	1812.81
	3770.08	0.00	11.94	1830.91
	3770.10	0.00	11.87	1862.99
	3770.11	0.00	11.83	1902.05
	3770.12	0.00	11.79	1926.10
	3770.13	0.00	11.74	1956.13
	3770.14	0.00	11.77	1987.95
	3770.16	0.00	11.73	2032.92
	3770.17	0.00	11.65	2062.01
	3770.18	0.00	11.56	2089.07
	3770.19	0.00	11.48	2116.11
	3770.20	0.00	11.29	2127.37
	3770.21	0.00	11.23	2143.42
	3770.23	0.00	11.21	2154.45
	3770.24	0.00	11.20	2171.43
	3770.25	0.00	11.15	2170.45
	3770.26	0.00	11.20	2186.45
	3770.27	0.00	11.21	2191.45
	3770.29	0.00	11.25	2200.41
	3770.30	0.00	11.26	2198.42
	3770.31	0.00	11.28	2195.41
	3770.32	0.00	11.28	2190.40
	3770.33	0.00	11.30	2180.38
	3770.35	0.00	11.31	2177.41
	3770.36	0.00	11.33	2171.39
	3770.37	0.00	11.35	2169.39
	3770.38	0.00	11.37	2160.33
	3770.39	0.00	11.38	2156.33
	3770.40	0.00	11.38	2151.32
	3770.42	0.00	11.40	2159.32
	3770.43	0.00	11.39	2151.32
	3770.44	0.00	11.40	2153.32
	3770.45	0.00	11.40	2155.33
	3770.46	0.00	11.41	2153.32
	3770.48	0.00	11.44	2159.32
	3770.49	0.00	11.46	2159.32
	3770.50	0.00	11.47	2158.33
	3770.51	0.00	11.49	2159.35
	3770.52	0.00	11.51	2157.36
	3770.54	0.00	11.51	2155.37
	3770.55	0.00	11.54	2158.37
	3770.56	0.00	11.58	2153.34
	3770.57	0.00	11.57	2141.35
	3770.58	0.00	11.60	2149.36
	3770.59	0.00	11.61	2147.36
	3770.61	0.00	11.69	2146.15
	3770.62	0.00	11.70	2144.18
	3770.63	0.00	11.71	2138.19
	3770.64	0.00	11.72	2139.20
	3770.65	0.00	11.65	2126.39
	3770.67	0.00	11.67	2126.38
	3770.68	0.00	11.68	2127.38
	3770.69	0.00	11.68	2148.38
	3770.70	0.00	11.71	2149.38
	3770.71	0.00	11.73	2138.28
	3770.73	0.00	11.74	2141.34
	3770.74	0.00	11.75	2135.33
	3770.75	0.00	11.79	2136.29
	3770.76	0.00	11.81	2142.31
	3770.77	0.00	11.82	2134.29
	3770.78	0.00	11.80	2120.29
	3770.80	0.00	11.81	2106.28
	3770.81	0.00	11.83	2085.27
	3770.82	0.00	11.85	2059.28
	3770.83	0.00	11.89	2002.24
	3770.84	0.00	11.98	1964.21
	3770.86	0.00	12.12	1902.13
	3770.87	0.00	12.25	1846.08
	3770.88	0.00	12.33	1810.00
	3770.89	0.00	12.38	1789.89
	3770.90	0.00	12.39	1794.79
	3770.91	0.00	12.43	1777.70
	3770.93	0.00	12.46	1731.64
	3770.94	0.00	12.46	1715.59
	3770.95	0.00	12.47	1707.55
	3770.96	0.00	12.49	1703.52
	3770.97	0.00	12.48	1693.53
	3770.99	0.00	12.49	1688.50
	3771.00	0.00	12.49	1683.48
	3771.01	0.00	12.51	1682.47
	3771.02	0.00	12.51	1678.46
	3771.03	0.00	12.51	1677.45
	3771.04	0.00	12.51	1674.44
	3771.06	0.00	12.50	1668.43
	3771.07	0.00	12.49	1663.43
	3771.08	0.00	12.51	1669.42
	3771.09	0.00	12.51	1667.41
	3771.10	0.00	12.53	1668.40
	3771.11	0.00	12.52	1669.41
	3771.13	0.00	12.53	1671.40
	3771.14	0.00	12.54	1669.39
	3771.15	0.00	12.54	1667.38
	3771.16	0.00	12.54	1669.39
	3771.17	0.00	12.55	1671.38
	3771.19	0.00	12.55	1668.37
	3771.20	0.00	12.55	1668.37
	3771.21	0.00	12.56	1669.35
	3771.22	0.00	12.55	1669.37
	3771.23	0.00	12.54	1666.37
	3771.25	0.00	12.53	1665.38
	3771.26	0.00	12.54	1665.38
	3771.27	0.00	12.54	1662.37
	3771.28	0.00	12.55	1667.37
	3771.29	0.00	12.54	1664.38
	3771.30	0.00	12.56	1661.32
	3771.32	0.00	12.54	1663.39
	3771.33	0.00	12.54	1664.39
	3771.34	0.00	12.54	1665.39
	3771.35	0.00	12.54	1666.40
	3771.36	0.00	12.53	1663.40
	3771.37	0.00	12.56	1665.34
	3771.39	0.00	12.57	1664.33
	3771.40	0.00	12.53	1655.36
	3771.41	0.00	12.56	1666.35
	3771.42	0.00	12.55	1667.37
	3771.43	0.00	12.56	1667.38
	3771.44	0.00	12.56	1668.37
	3771.46	0.00	12.55	1667.37
	3771.47	0.00	12.55	1666.37
	3771.48	0.00	12.56	1666.35
	3771.49	0.00	12.55	1666.37
	3771.50	0.00	12.55	1665.37
	3771.51	0.00	12.64	1661.16
	3771.53	0.00	12.69	1667.08
	3771.54	0.00	12.68	1669.10
	3771.55	0.00	12.68	1671.11
	3771.56	0.00	12.68	1672.11
	3771.57	0.00	12.67	1670.12
	3771.59	0.00	12.67	1669.12
	3771.60	0.00	12.67	1670.12
	3771.61	0.00	12.67	1670.12
	3771.62	0.00	12.67	1670.11
	3771.63	0.00	12.64	1653.08
	3771.64	0.00	12.60	1658.21
	3771.66	0.00	12.59	1658.21
	3771.67	0.00	12.59	1659.23
	3771.68	0.00	12.56	1657.27
	3771.69	0.00	12.56	1657.29
	3771.70	0.00	12.60	1653.24
	3771.72	0.00	12.57	1653.31
	3771.73	0.00	12.57	1656.31
	3771.74	0.00	12.56	1642.26
	3771.75	0.00	12.53	1638.28
	3771.76	0.00	12.55	1646.28
	3771.77	0.00	12.57	1659.27
	3771.79	0.00	12.57	1668.28
	3771.80	0.00	12.52	1706.34
	3771.81	0.00	12.41	1743.48
	3771.82	0.00	12.14	1828.72
	3771.83	0.00	12.04	1877.87
	3771.84	0.00	11.99	1914.89
	3771.86	0.00	11.93	1943.98
	3771.87	0.00	11.89	1963.03
	3771.88	0.00	11.86	1970.06
	3771.89	0.00	11.82	1980.08
	3771.90	0.00	11.75	1986.05
	3771.92	0.00	11.70	2007.13
	3771.93	0.00	11.65	2020.17
	3771.94	0.00	11.60	2032.19
	3771.95	0.00	11.56	2047.23
	3771.96	0.00	11.56	2060.15
	3771.97	0.00	11.50	2067.17
	3771.99	0.00	11.47	2077.18
	3772.00	0.00	11.42	2079.20
	3772.01	0.00	11.39	2091.22
	3772.02	0.00	11.37	2095.23
	3772.03	0.00	11.35	2101.25
	3772.05	0.00	11.33	2108.25
	3772.06	0.00	11.32	2114.28
	3772.07	0.00	11.32	2117.28
	3772.08	0.00	11.31	2119.30
	3772.09	0.00	11.29	2120.35
	3772.11	0.00	11.28	2123.36
	3772.12	0.00	11.28	2125.37
	3772.13	0.00	11.29	2127.33
	3772.14	0.00	11.29	2126.34
	3772.15	0.00	11.29	2125.35
	3772.17	0.00	11.29	2123.35
	3772.18	0.00	11.31	2119.31
	3772.19	0.00	11.31	2121.26
	3772.20	0.00	11.32	2118.26
	3772.21	0.00	11.29	2116.28
	3772.22	0.00	11.28	2119.31
	3772.24	0.00	11.24	2117.37
	3772.25	0.00	11.23	2121.38
	3772.26	0.00	11.23	2125.39
	3772.27	0.00	11.21	2123.35
	3772.28	0.00	11.20	2128.37
	3772.30	0.00	11.20	2130.38
	3772.31	0.00	11.21	2133.31
	3772.32	0.00	11.19	2140.37
	3772.33	0.00	11.19	2139.37
	3772.34	0.00	11.19	2140.37
	3772.35	0.00	11.18	2140.39
	3772.37	0.00	11.18	2140.40
	3772.38	0.00	11