0	12.36	2111.15
	4272.09	0.00	12.35	2115.18
	4272.10	0.00	12.35	2116.18
	4272.12	0.00	12.35	2117.16
	4272.13	0.00	12.36	2114.12
	4272.14	0.00	12.35	2116.15
	4272.15	0.00	12.35	2114.15
	4272.16	0.00	12.34	2115.15
	4272.18	0.00	12.33	2116.17
	4272.19	0.00	12.35	2116.15
	4272.20	0.00	12.34	2115.15
	4272.21	0.00	12.31	2103.15
	4272.22	0.00	12.31	2104.16
	4272.23	0.00	12.33	2105.15
	4272.25	0.00	12.32	2106.15
	4272.26	0.00	12.32	2105.15
	4272.27	0.00	12.31	2101.15
	4272.28	0.00	12.31	2099.15
	4272.29	0.00	12.31	2099.14
	4272.31	0.00	12.32	2105.15
	4272.32	0.00	12.33	2106.14
	4272.33	0.00	12.33	2108.14
	4272.34	0.00	12.36	2108.09
	4272.35	0.00	12.32	2105.18
	4272.37	0.00	12.33	2110.18
	4272.38	0.00	12.31	2106.20
	4272.39	0.00	12.32	2106.21
	4272.40	0.00	12.32	2111.22
	4272.41	0.00	12.32	2112.22
	4272.42	0.00	12.32	2108.20
	4272.44	0.00	12.33	2109.18
	4272.45	0.00	12.32	2110.19
	4272.46	0.00	12.33	2111.20
	4272.47	0.00	12.33	2115.21
	4272.48	0.00	12.33	2114.21
	4272.50	0.00	12.39	2107.99
	4272.51	0.00	12.42	2115.95
	4272.52	0.00	12.42	2116.96
	4272.53	0.00	12.42	2116.96
	4272.54	0.00	12.41	2115.99
	4272.56	0.00	12.41	2113.98
	4272.57	0.00	12.40	2109.99
	4272.58	0.00	12.40	2107.99
	4272.59	0.00	12.40	2111.00
	4272.60	0.00	12.40	2100.93
	4272.61	0.00	12.36	2099.03
	4272.62	0.00	12.34	2102.11
	4272.64	0.00	12.34	2098.13
	4272.65	0.00	12.34	2095.13
	4272.66	0.00	12.34	2098.14
	4272.67	0.00	12.34	2102.16
	4272.68	0.00	12.30	2082.15
	4272.70	0.00	12.31	2092.18
	4272.71	0.00	12.31	2097.19
	4272.72	0.00	12.33	2095.19
	4272.73	0.00	12.33	2099.19
	4272.74	0.00	12.33	2100.20
	4272.75	0.00	12.33	2098.20
	4272.77	0.00	12.32	2095.16
	4272.78	0.00	12.34	2108.17
	4272.79	0.00	12.34	2110.18
	4272.80	0.00	12.35	2109.17
	4272.81	0.00	12.33	2113.19
	4272.83	0.00	12.33	2108.16
	4272.84	0.00	12.34	2112.16
	4272.85	0.00	12.34	2117.17
	4272.86	0.00	12.34	2119.17
	4272.87	0.00	12.34	2118.18
	4272.88	0.00	12.34	2117.18
	4272.90	0.00	12.33	2117.20
	4272.91	0.00	12.34	2119.18
	4272.92	0.00	12.34	2116.15
	4272.93	0.00	12.34	2118.15
	4272.94	0.00	12.34	2118.16
	4272.96	0.00	12.35	2118.14
	4272.97	0.00	12.36	2116.14
	4272.98	0.00	12.35	2116.14
	4272.99	0.00	12.34	2113.14
	4273.00	0.00	12.31	2102.14
	4273.02	0.00	12.32	2105.14
	4273.03	0.00	12.33	2104.13
	4273.04	0.00	12.32	2105.14
	4273.05	0.00	12.33	2103.14
	4273.06	0.00	12.32	2099.14
	4273.08	0.00	12.33	2104.12
	4273.09	0.00	12.32	2102.14
	4273.10	0.00	12.32	2100.14
	4273.11	0.00	12.33	2102.14
	4273.12	0.00	12.33	2104.15
	4273.13	0.00	12.34	2106.13
	4273.14	0.00	12.34	2106.13
	4273.16	0.00	12.35	2108.13
	4273.17	0.00	12.33	2106.16
	4273.18	0.00	12.32	2106.18
	4273.19	0.00	12.32	2106.20
	4273.20	0.00	12.33	2106.19
	4273.22	0.00	12.33	2109.21
	4273.23	0.00	12.32	2108.21
	4273.24	0.00	12.32	2108.21
	4273.25	0.00	12.34	2110.18
	4273.26	0.00	12.33	2112.19
	4273.28	0.00	12.33	2109.20
	4273.29	0.00	12.33	2112.20
	4273.30	0.00	12.33	2112.21
	4273.31	0.00	12.37	2108.05
	4273.32	0.00	12.42	2111.93
	4273.33	0.00	12.42	2115.96
	4273.35	0.00	12.41	2116.98
	4273.36	0.00	12.40	2108.98
	4273.37	0.00	12.40	2108.99
	4273.38	0.00	12.40	2098.91
	4273.39	0.00	12.35	2100.06
	4273.41	0.00	12.33	2101.10
	4273.42	0.00	12.33	2102.11
	4273.43	0.00	12.34	2095.13
	4273.44	0.00	12.34	2099.14
	4273.45	0.00	12.32	2088.12
	4273.46	0.00	12.30	2085.16
	4273.48	0.00	12.32	2094.15
	4273.49	0.00	12.32	2093.19
	4273.50	0.00	12.33	2097.19
	4273.51	0.00	12.33	2099.19
	4273.52	0.00	12.32	2100.21
	4273.54	0.00	12.32	2095.16
	4273.55	0.00	12.34	2104.17
	4273.56	0.00	12.34	2109.18
	4273.57	0.00	12.35	2107.15
	4273.58	0.00	12.34	2110.18
	4273.60	0.00	12.33	2109.19
	4273.61	0.00	12.34	2110.19
	4273.62	0.00	12.34	2110.16
	4273.63	0.00	12.34	2114.17
	4273.64	0.00	12.35	2114.17
	4273.65	0.00	12.34	2116.19
	4273.67	0.00	12.35	2116.17
	4273.68	0.00	12.35	2117.17
	4273.69	0.00	12.35	2111.14
	4273.70	0.00	12.35	2113.13
	4273.71	0.00	12.35	2116.14
	4273.73	0.00	12.36	2115.13
	4273.74	0.00	12.36	2115.13
	4273.75	0.00	12.36	2116.13
	4273.76	0.00	12.36	2116.13
	4273.77	0.00	12.33	2102.13
	4273.78	0.00	12.33	2102.13
	4273.80	0.00	12.33	2103.13
	4273.81	0.00	12.33	2104.13
	4273.82	0.00	12.33	2104.13
	4273.83	0.00	12.33	2104.13
	4273.84	0.00	12.34	2106.13
	4273.86	0.00	12.32	2101.13
	4273.87	0.00	12.33	2104.13
	4273.88	0.00	12.34	2107.13
	4273.89	0.00	12.34	2107.13
	4273.90	0.00	12.34	2104.13
	4273.91	0.00	12.34	2106.13
	4273.93	0.00	12.33	2108.15
	4273.94	0.00	12.32	2103.17
	4273.95	0.00	12.33	2108.19
	4273.96	0.00	12.33	2109.20
	4273.97	0.00	12.33	2109.20
	4273.99	0.00	12.33	2112.21
	4274.00	0.00	12.32	2109.21
	4274.01	0.00	12.34	2110.17
	4274.02	0.00	12.33	2107.19
	4274.03	0.00	12.33	2110.19
	4274.04	0.00	12.33	2111.20
	4274.06	0.00	12.33	2112.20
	4274.07	0.00	12.42	2109.94
	4274.08	0.00	12.42	2109.93
	4274.09	0.00	12.43	2116.94
	4274.10	0.00	12.45	2114.89
	4274.12	0.00	12.41	2108.98
	4274.13	0.00	12.40	2107.99
	4274.14	0.00	12.40	2104.97
	4274.15	0.00	12.36	2098.05
	4274.16	0.00	12.34	2100.10
	4274.18	0.00	12.33	2097.12
	4274.19	0.00	12.35	2094.12
	4274.20	0.00	12.34	2098.16
	4274.21	0.00	12.31	2080.12
	4274.22	0.00	12.31	2086.16
	4274.23	0.00	12.32	2093.18
	4274.25	0.00	12.33	2089.20
	4274.26	0.00	12.33	2096.19
	4274.27	0.00	12.33	2095.19
	4274.28	0.00	12.34	2096.13
	4274.29	0.00	12.34	2102.17
	4274.31	0.00	12.35	2107.17
	4274.32	0.00	12.35	2103.17
	4274.33	0.00	12.34	2105.19
	4274.34	0.00	12.34	2109.18
	4274.35	0.00	12.34	2109.16
	4274.37	0.00	12.35	2110.16
	4274.38	0.00	12.35	2113.17
	4274.39	0.00	12.35	2113.16
	4274.40	0.00	12.36	2112.16
	4274.41	0.00	12.36	2113.16
	4274.42	0.00	12.36	2111.16
	4274.44	0.00	12.36	2110.13
	4274.45	0.00	12.36	2110.13
	4274.46	0.00	12.36	2109.12
	4274.47	0.00	12.35	2104.13
	4274.48	0.00	12.36	2108.13
	4274.50	0.00	12.37	2110.12
	4274.51	0.00	12.36	2110.13
	4274.52	0.00	12.34	2098.12
	4274.53	0.00	12.34	2098.12
	4274.54	0.00	12.34	2098.12
	4274.55	0.00	12.35	2098.12
	4274.57	0.00	12.35	2096.12
	4274.58	0.00	12.35	2098.11
	4274.59	0.00	12.35	2094.11
	4274.60	0.00	12.35	2095.11
	4274.61	0.00	12.36	2099.11
	4274.62	0.00	12.36	2098.11
	4274.64	0.00	12.37	2100.11
	4274.65	0.00	12.37	2099.11
	4274.66	0.00	12.38	2099.11
	4274.67	0.00	12.35	2100.15
	4274.68	0.00	12.35	2101.16
	4274.70	0.00	12.35	2103.18
	4274.71	0.00	12.35	2102.18
	4274.72	0.00	12.35	2100.19
	4274.73	0.00	12.37	2102.15
	4274.74	0.00	12.36	2103.16
	4274.75	0.00	12.36	2101.17
	4274.77	0.00	12.36	2106.18
	4274.78	0.00	12.35	2107.18
	4274.79	0.00	12.42	2101.98
	4274.80	0.00	12.44	2107.93
	4274.81	0.00	12.44	2109.95
	4274.83	0.00	12.42	2102.97
	4274.84	0.00	12.42	2102.97
	4274.85	0.00	12.42	2102.97
	4274.86	0.00	12.46	2096.82
	4274.87	0.00	12.37	2096.03
	4274.88	0.00	12.36	2095.09
	4274.90	0.00	12.37	2091.11
	4274.91	0.00	12.36	2093.14
	4274.92	0.00	12.34	2080.10
	4274.93	0.00	12.32	2081.15
	4274.94	0.00	12.34	2085.15
	4274.96	0.00	12.33	2087.16
	4274.97	0.00	12.35	2084.16
	4274.98	0.00	12.35	2091.17
	4274.99	0.00	12.36	2094.17
	4275.00	0.00	12.36	2091.14
	4275.02	0.00	12.37	2096.14
	4275.03	0.00	12.37	2096.15
	4275.04	0.00	12.38	2098.15
	4275.05	0.00	12.35	2090.16
	4275.06	0.00	12.37	2102.16
	4275.08	0.00	12.37	2101.16
	4275.09	0.00	12.37	2099.14
	4275.10	0.00	12.39	2106.14
	4275.11	0.00	12.39	2106.14
	4275.12	0.00	12.39	2105.14
	4275.13	0.00	12.38	2106.15
	4275.14	0.00	12.38	2107.15
	4275.16	0.00	12.39	2106.15
	4275.17	0.00	12.39	2101.11
	4275.18	0.00	12.39	2102.13
	4275.19	0.00	12.40	2103.10
	4275.20	0.00	12.40	2102.10
	4275.22	0.00	12.40	2098.10
	4275.23	0.00	12.40	2098.11
	4275.24	0.00	12.40	2100.10
	4275.25	0.00	12.38	2090.10
	4275.26	0.00	12.37	2088.10
	4275.27	0.00	12.38	2089.10
	4275.29	0.00	12.38	2088.10
	4275.30	0.00	12.38	2086.10
	4275.31	0.00	12.38	2087.10
	4275.32	0.00	12.35	2074.10
	4275.33	0.00	12.37	2085.11
	4275.35	0.00	12.38	2087.10
	4275.36	0.00	12.38	2089.11
	4275.37	0.00	12.39	2091.10
	4275.38	0.00	12.40	2089.09
	4275.39	0.00	12.40	2089.10
	4275.41	0.00	12.38	2088.13
	4275.42	0.00	12.39	2089.13
	4275.43	0.00	12.38	2089.15
	4275.44	0.00	12.39	2088.15
	4275.45	0.00	12.39	2091.17
	4275.46	0.00	12.38	2091.17
	4275.48	0.00	12.39	2092.13
	4275.49	0.00	12.39	2094.16
	4275.50	0.00	12.39	2095.15
	4275.51	0.00	12.39	2095.16
	4275.52	0.00	12.39	2094.16
	4275.54	0.00	12.40	2095.11
	4275.55	0.00	12.45	2091.94
	4275.56	0.00	12.48	2095.90
	4275.57	0.00	12.47	2096.93
	4275.58	0.00	12.46	2089.95
	4275.60	0.00	12.46	2095.95
	4275.61	0.00	12.46	2094.95
	4275.62	0.00	12.46	2081.86
	4275.63	0.00	12.41	2083.00
	4275.64	0.00	12.40	2082.02
	4275.65	0.00	12.39	2083.07
	4275.67	0.00	12.40	2078.09
	4275.68	0.00	12.40	2084.10
	4275.69	0.00	12.36	2064.09
	4275.70	0.00	12.36	2072.13
	4275.71	0.00	12.37	2079.15
	4275.72	0.00	12.39	2075.14
	4275.74	0.00	12.39	2077.15
	4275.75	0.00	12.39	2079.14
	4275.76	0.00	12.39	2079.10
	4275.77	0.00	12.39	2084.13
	4275.78	0.00	12.41	2087.14
	4275.80	0.00	12.40	2089.14
	4275.81	0.00	12.40	2088.13
	4275.82	0.00	12.40	2093.14
	4275.83	0.00	12.40	2090.12
	4275.84	0.00	12.41	2094.12
	4275.85	0.00	12.39	2086.13
	4275.87	0.00	12.40	2095.13
	4275.88	0.00	12.41	2102.14
	4275.89	0.00	12.41	2093.08
	4275.90	0.00	12.39	2084.10
	4275.91	0.00	12.41	2094.10
	4275.93	0.00	12.41	2094.10
	4275.94	0.00	12.40	2092.10
	4275.95	0.00	12.41	2093.10
	4275.96	0.00	12.41	2096.10
	4275.97	0.00	12.38	2085.10
	4275.99	0.00	12.39	2084.04
	4276.00	0.00	12.38	2086.10
	4276.01	0.00	12.37	2084.10
	4276.02	0.00	12.38	2087.10
	4276.03	0.00	12.38	2082.10
	4276.04	0.00	12.38	2086.10
	4276.06	0.00	12.37	2079.10
	4276.07	0.00	12.37	2083.11
	4276.08	0.00	12.39	2087.10
	4276.09	0.00	12.39	2088.10
	4276.10	0.00	12.39	2089.10
	4276.12	0.00	12.38	2088.12
	4276.13	0.00	12.38	2090.11
	4276.14	0.00	12.37	2088.15
	4276.15	0.00	12.37	2087.16
	4276.16	0.00	12.37	2092.17
	4276.17	0.00	12.37	2091.18
	4276.19	0.00	12.36	2090.18
	4276.20	0.00	12.38	2092.14
	4276.21	0.00	12.37	2093.14
	4276.22	0.00	12.37	2094.16
	4276.23	0.00	12.37	2094.17
	4276.25	0.00	12.37	2096.17
	4276.26	0.00	12.46	2096.91
	4276.27	0.00	12.46	2098.92
	4276.28	0.00	12.46	2099.94
	4276.29	0.00	12.45	2091.96
	4276.31	0.00	12.45	2092.95
	4276.32	0.00	12.44	2091.96
	4276.33	0.00	12.42	2082.94
	4276.34	0.00	12.38	2082.05
	4276.35	0.00	12.38	2078.09
	4276.36	0.00	12.38	2082.11
	4276.38	0.00	12.35	2064.09
	4276.39	0.00	12.34	2062.11
	4276.40	0.00	12.34	2068.12
	4276.41	0.00	12.35	2076.14
	4276.42	0.00	12.37	2075.15
	4276.43	0.00	12.37	2080.15
	4276.45	0.00	12.36	2082.16
	4276.46	0.00	12.37	2084.13
	4276.47	0.00	12.39	2088.12
	4276.48	0.00	12.36	2082.15
	4276.50	0.00	12.39	2091.14
	4276.51	0.00	12.38	2090.15
	4276.52	0.00	12.37	2093.16
	4276.53	0.00	12.38	2087.11
	4276.54	0.00	12.39	2096.13
	4276.55	0.00	12.39	2097.13
	4276.57	0.00	12.39	2098.14
	4276.58	0.00	12.40	2098.14
	4276.59	0.00	12.39	2099.14
	4276.60	0.00	12.39	2099.14
	4276.61	0.00	12.39	2095.11
	4276.62	0.00	12.40	2097.10
	4276.64	0.00	12.40	2097.10
	4276.65	0.00	12.39	2097.11
	4276.66	0.00	12.40	2097.10
	4276.67	0.00	12.40	2097.10
	4276.68	0.00	12.39	2089.09
	4276.70	0.00	12.37	2083.09
	4276.71	0.00	12.38	2087.09
	4276.72	0.00	12.38	2085.09
	4276.73	0.00	12.38	2086.09
	4276.74	0.00	12.39	2083.07
	4276.75	0.00	12.38	2083.09
	4276.77	0.00	12.39	2087.09
	4276.78	0.00	12.40	2088.09
	4276.79	0.00	12.39	2086.10
	4276.80	0.00	12.40	2086.08
	4276.81	0.00	12.42	2088.03
	4276.83	0.00	12.41	2085.06
	4276.84	0.00	12.39	2087.13
	4276.85	0.00	12.38	2086.14
	4276.86	0.00	12.38	2088.15
	4276.87	0.00	12.38	2087.18
	4276.88	0.00	12.38	2087.16
	4276.90	0.00	12.40	2089.12
	4276.91	0.00	12.40	2089.13
	4276.92	0.00	12.40	2089.14
	4276.93	0.00	12.39	2092.15
	4276.94	0.00	12.40	2090.15
	4276.96	0.00	12.49	2090.88
	4276.97	0.00	12.49	2093.87
	4276.98	0.00	12.48	2090.90
	4276.99	0.00	12.48	2091.92
	4277.00	0.00	12.47	2086.93
	4277.02	0.00	12.46	2084.94
	4277.03	0.00	12.43	2076.95
	4277.04	0.00	12.40	2080.05
	4277.05	0.00	12.41	2073.06
	4277.06	0.00	12.39	2064.08
	4277.07	0.00	12.41	2076.08
	4277.09	0.00	12.36	2055.08
	4277.10	0.00	12.37	2067.12
	4277.11	0.00	12.38	2070.13
	4277.12	0.00	12.40	2074.13
	4277.13	0.00	12.39	2074.14
00	12.35	2061.05
	4303.68	0.00	12.36	2066.06
	4303.69	0.00	12.38	2064.07
	4303.71	0.00	12.37	2070.072.34	2048.04
	4303.67	0.00	12.35	2061.05
	4303.68	0.00	12.36	2066.06
	4303.69	0.00	12.38	2064.07
	4303.71	0.00	12.37	2070.07
	4303.72	0
	4303.67	0.00	12.35	2061.05
	4303.68	0.00	12.36	2066.06
	4303.69	0.00	12.38	2064.07
	4303.71	0.00	12.37	2070.07
	4303.72	0.00	12.37	2067.04
	4303.73	0.00	12.39	2079.05
	4303.74	0.00	12.39	2079.06
	4303.75	0.00	12.39	2082.07
	4303.77	0.00	12.38	2079.04
	4303.78	0.00	12.40	2087.05
	4303.79	0.00	12.39	2086.07
	4303.80	0.00	12.39	2088.05
	4303.81	0.00	12.39	2089.06
	4303.82	0.00	12.39	2083.02
	4303.84	0.00	12.39	2085.03
	4303.85	0.00	12.40	2086.02
	4303.86	0.00	12.40	2085.02
	4303.87	0.00	12.40	2086.01
	4303.88	0.00	12.40	2087.01
	4303.89	0.00	12.37	2076.02
	4303.91	0.00	12.36	2075.02
	4303.92	0.00	12.37	2074.02
	4303.93	0.00	12.37	2074.01
	4303.94	0.00	12.36	2075.02
	4303.95	0.00	12.36	2076.02
	4303.97	0.00	12.36	2068.99
	4303.98	0.00	12.35	2073.02
	4303.99	0.00	12.36	2077.02
	4304.00	0.00	12.37	2079.02
	4304.01	0.00	12.37	2080.03
	4304.02	0.00	12.37	2078.02
	4304.04	0.00	12.36	2081.07
	4304.05	0.00	12.36	2083.08
	4304.06	0.00	12.35	2082.10
	4304.07	0.00	12.35	2083.09
	4304.08	0.00	12.35	2083.10
	4304.10	0.00	12.37	2084.06
	4304.11	0.00	12.36	2085.08
	4304.12	0.00	12.35	2087.09
	4304.13	0.00	12.35	2088.09
	4304.14	0.00	12.41	2080.87
	4304.15	0.00	12.44	2091.84
	4304.17	0.00	12.43	2091.87
	4304.18	0.00	12.42	2083.88
	4304.19	0.00	12.41	2085.90
	4304.20	0.00	12.41	2088.89
	4304.21	0.00	12.39	2075.87
	4304.23	0.00	12.34	2079.00
	4304.24	0.00	12.35	2074.04
	4304.25	0.00	12.35	2078.04
	4304.26	0.00	12.30	2063.06
	4304.27	0.00	12.31	2074.08
	4304.29	0.00	12.31	2074.10
	4304.30	0.00	12.33	2076.09
	4304.31	0.00	12.32	2080.10
	4304.32	0.00	12.33	2081.07
	4304.33	0.00	12.34	2090.09
	4304.35	0.00	12.34	2090.09
	4304.36	0.00	12.33	2094.09
	4304.37	0.00	12.33	2094.09
	4304.38	0.00	12.33	2095.08
	4304.39	0.00	12.34	2101.08
	4304.40	0.00	12.35	2100.08
	4304.42	0.00	12.34	2101.10
	4304.43	0.00	12.34	2099.05
	4304.44	0.00	12.35	2102.04
	4304.45	0.00	12.36	2101.04
	4304.46	0.00	12.38	2100.97
	4304.47	0.00	12.35	2102.04
	4304.49	0.00	12.35	2101.04
	4304.50	0.00	12.35	2102.04
	4304.51	0.00	12.34	2088.98
	4304.52	0.00	12.32	2092.04
	4304.53	0.00	12.33	2089.04
	4304.55	0.00	12.33	2091.04
	4304.56	0.00	12.33	2088.04
	4304.57	0.00	12.32	2087.04
	4304.58	0.00	12.31	2085.04
	4304.59	0.00	12.36	2090.98
	4304.60	0.00	12.34	2093.04
	4304.62	0.00	12.34	2091.03
	4304.63	0.00	12.34	2093.06
	4304.64	0.00	12.33	2093.11
	4304.65	0.00	12.33	2091.09
	4304.66	0.00	12.33	2092.10
	4304.68	0.00	12.33	2094.11
	4304.69	0.00	12.35	2094.07
	4304.70	0.00	12.35	2096.08
	4304.71	0.00	12.35	2093.09
	4304.72	0.00	12.34	2096.09
	4304.74	0.00	12.37	2094.04
	4304.75	0.00	12.43	2090.87
	4304.76	0.00	12.44	2093.84
	4304.77	0.00	12.43	2095.88
	4304.78	0.00	12.43	2088.88
	4304.79	0.00	12.43	2089.89
	4304.81	0.00	12.41	2074.85
	4304.82	0.00	12.36	2078.98
	4304.83	0.00	12.37	2074.02
	4304.84	0.00	12.37	2075.03
	4304.85	0.00	12.38	2075.00
	4304.87	0.00	12.34	2063.04
	4304.88	0.00	12.35	2071.07
	4304.89	0.00	12.36	2071.07
	4304.90	0.00	12.36	2074.07
	4304.91	0.00	12.37	2076.06
	4304.92	0.00	12.38	2083.06
	4304.94	0.00	12.37	2083.07
	4304.95	0.00	12.39	2085.02
	4304.96	0.00	12.37	2087.07
	4304.97	0.00	12.38	2085.05
	4304.98	0.00	12.39	2089.05
	4305.00	0.00	12.38	2087.07
	4305.01	0.00	12.38	2089.06
	4305.02	0.00	12.38	2088.03
	4305.03	0.00	12.39	2088.02
	4305.04	0.00	12.40	2090.01
	4305.06	0.00	12.39	2091.02
	4305.07	0.00	12.39	2088.02
	4305.08	0.00	12.39	2088.01
	4305.09	0.00	12.39	2088.03
	4305.10	0.00	12.36	2075.02
	4305.11	0.00	12.36	2077.02
	4305.13	0.00	12.37	2077.01
	4305.14	0.00	12.37	2077.02
	4305.15	0.00	12.37	2077.01
	4305.16	0.00	12.37	2075.01
	4305.17	0.00	12.36	2071.00
	4305.18	0.00	12.36	2075.02
	4305.20	0.00	12.37	2079.02
	4305.21	0.00	12.38	2080.02
	4305.22	0.00	12.39	2078.98
	4305.23	0.00	12.36	2080.05
	4305.24	0.00	12.36	2082.06
	4305.26	0.00	12.36	2083.08
	4305.27	0.00	12.35	2082.09
	4305.28	0.00	12.36	2086.09
	4305.29	0.00	12.37	2085.05
	4305.30	0.00	12.36	2085.07
	4305.31	0.00	12.37	2084.08
	4305.33	0.00	12.36	2086.08
	4305.34	0.00	12.36	2088.09
	4305.35	0.00	12.38	2088.02
	4305.36	0.00	12.43	2084.86
	4305.37	0.00	12.44	2088.84
	4305.39	0.00	12.43	2087.87
	4305.40	0.00	12.42	2084.88
	4305.41	0.00	12.42	2084.86
	4305.42	0.00	12.37	2075.93
	4305.43	0.00	12.35	2072.98
	4305.44	0.00	12.37	2075.94
	4305.46	0.00	12.36	2073.02
	4305.47	0.00	12.36	2077.04
	4305.48	0.00	12.31	2059.05
	4305.49	0.00	12.33	2069.06
	4305.50	0.00	12.34	2066.08
	4305.52	0.00	12.34	2071.08
	4305.53	0.00	12.33	2074.09
	4305.54	0.00	12.34	2072.06
	4305.55	0.00	12.35	2080.07
	4305.56	0.00	12.35	2081.07
	4305.58	0.00	12.33	2085.10
	4305.59	0.00	12.34	2081.05
	4305.60	0.00	12.35	2087.06
	4305.61	0.00	12.36	2092.07
	4305.62	0.00	12.36	2090.07
	4305.63	0.00	12.36	2092.07
	4305.65	0.00	12.35	2087.04
	4305.66	0.00	12.35	2087.04
	4305.67	0.00	12.35	2088.05
	4305.68	0.00	12.36	2090.03
	4305.69	0.00	12.36	2089.02
	4305.70	0.00	12.35	2089.03
	4305.72	0.00	12.34	2083.03
	4305.73	0.00	12.32	2075.02
	4305.74	0.00	12.32	2078.03
	4305.75	0.00	12.33	2076.01
	4305.77	0.00	12.33	2079.03
	4305.78	0.00	12.33	2078.02
	4305.79	0.00	12.33	2078.02
	4305.80	0.00	12.31	2070.04
	4305.81	0.00	12.33	2077.02
	4305.82	0.00	12.33	2078.02
	4305.84	0.00	12.33	2080.03
	4305.85	0.00	12.33	2078.02
	4305.86	0.00	12.34	2083.03
	4305.87	0.00	12.33	2082.05
	4305.88	0.00	12.32	2083.08
	4305.89	0.00	12.32	2081.09
	4305.91	0.00	12.32	2084.10
	4305.92	0.00	12.32	2086.10
	4305.93	0.00	12.32	2085.09
	4305.94	0.00	12.33	2087.07
	4305.95	0.00	12.33	2087.08
	4305.97	0.00	12.33	2088.09
	4305.98	0.00	12.33	2089.08
	4305.99	0.00	12.40	2087.89
	4306.00	0.00	12.41	2091.85
	4306.01	0.00	12.41	2089.87
	4306.02	0.00	12.41	2085.85
	4306.04	0.00	12.39	2086.89
	4306.05	0.00	12.41	2082.81
	4306.06	0.00	12.34	2077.96
	4306.07	0.00	12.32	2073.03
	4306.08	0.00	12.33	2074.03
	4306.10	0.00	12.33	2076.04
	4306.11	0.00	12.33	2079.04
	4306.12	0.00	12.28	2060.06
	4306.13	0.00	12.29	2069.08
	4306.14	0.00	12.31	2072.09
	4306.15	0.00	12.32	2075.08
	4306.17	0.00	12.31	2079.10
	4306.18	0.00	12.31	2079.07
	4306.19	0.00	12.32	2084.08
	4306.20	0.00	12.32	2085.09
	4306.21	0.00	12.32	2087.09
	4306.23	0.00	12.31	2088.09
	4306.24	0.00	12.31	2088.09
	4306.25	0.00	12.31	2088.08
	4306.26	0.00	12.32	2094.07
	4306.27	0.00	12.32	2093.08
	4306.29	0.00	12.34	2093.03
	4306.30	0.00	12.32	2095.08
	4306.31	0.00	12.32	2094.08
	4306.32	0.00	12.32	2090.05
	4306.33	0.00	12.32	2091.06
	4306.34	0.00	12.32	2094.04
	4306.36	0.00	12.33	2090.04
	4306.37	0.00	12.32	2091.04
	4306.38	0.00	12.32	2091.05
	4306.39	0.00	12.30	2081.04
	4306.40	0.00	12.29	2078.04
	4306.41	0.00	12.29	2078.04
	4306.43	0.00	12.29	2078.03
	4306.44	0.00	12.29	2079.04
	4306.45	0.00	12.30	2081.03
	4306.46	0.00	12.30	2082.04
	4306.47	0.00	12.28	2076.04
	4306.49	0.00	12.29	2081.04
	4306.50	0.00	12.29	2085.04
	4306.51	0.00	12.29	2085.04
	4306.52	0.00	12.29	2085.05
	4306.53	0.00	12.30	2087.03
	4306.54	0.00	12.28	2085.07
	4306.56	0.00	12.27	2088.10
	4306.57	0.00	12.27	2092.11
	4306.58	0.00	12.26	2089.12
	4306.59	0.00	12.26	2096.13
	4306.60	0.00	12.27	2093.09
	4306.62	0.00	12.28	2095.07
	4306.63	0.00	12.27	2098.10
	4306.64	0.00	12.27	2100.11
	4306.65	0.00	12.27	2100.12
	4306.66	0.00	12.27	2101.12
	4306.68	0.00	12.27	2102.12
	4306.69	0.00	12.26	2102.13
	4306.70	0.00	12.36	2102.86
	4306.71	0.00	12.34	2104.90
	4306.72	0.00	12.34	2098.91
	4306.73	0.00	12.33	2099.93
	4306.75	0.00	12.33	2102.93
	4306.76	0.00	12.32	2090.88
	4306.77	0.00	12.27	2091.00
	4306.78	0.00	12.26	2093.03
	4306.79	0.00	12.26	2094.05
	4306.81	0.00	12.27	2086.06
	4306.82	0.00	12.27	2091.07
	4306.83	0.00	12.26	2093.08
	4306.84	0.00	12.23	2077.09
	4306.85	0.00	12.23	2083.11
	4306.87	0.00	12.24	2087.12
	4306.88	0.00	12.26	2085.12
	4306.89	0.00	12.25	2090.14
	4306.90	0.00	12.25	2091.13
	4306.91	0.00	12.24	2085.09
	4306.92	0.00	12.27	2098.11
	4306.94	0.00	12.28	2101.11
	4306.95	0.00	12.26	2098.11
	4306.96	0.00	12.26	2102.12
	4306.97	0.00	12.27	2100.08
	4306.98	0.00	12.27	2100.07
	4307.00	0.00	12.27	2105.09
	4307.01	0.00	12.28	2107.10
	4307.02	0.00	12.28	2106.10
	4307.03	0.00	12.27	2105.10
	4307.04	0.00	12.29	2108.10
	4307.06	0.00	12.28	2102.07
	4307.07	0.00	12.29	2105.05
	4307.08	0.00	12.29	2106.06
	4307.09	0.00	12.29	2105.06
	4307.10	0.00	12.30	2106.06
	4307.12	0.00	12.29	2105.07
	4307.13	0.00	12.30	2106.05
	4307.14	0.00	12.28	2096.05
	4307.15	0.00	12.27	2093.05
	4307.16	0.00	12.26	2094.07
	4307.17	0.00	12.28	2097.05
	4307.18	0.00	12.27	2094.05
	4307.20	0.00	12.28	2094.05
	4307.21	0.00	12.26	2085.05
	4307.22	0.00	12.27	2093.05
	4307.23	0.00	12.28	2097.05
	4307.25	0.00	12.29	2098.05
	4307.26	0.00	12.31	2099.00
	4307.27	0.00	12.31	2101.00
	4307.28	0.00	12.28	2097.08
	4307.29	0.00	12.28	2099.10
	4307.30	0.00	12.28	2099.11
	4307.31	0.00	12.27	2101.12
	4307.33	0.00	12.27	2096.11
	4307.34	0.00	12.29	2102.09
	4307.35	0.00	12.29	2103.09
	4307.36	0.00	12.29	2103.09
	4307.37	0.00	12.29	2104.10
	4307.39	0.00	12.29	2104.11
	4307.40	0.00	12.29	2104.11
	4307.41	0.00	12.35	2098.88
	4307.42	0.00	12.38	2105.86
	4307.43	0.00	12.37	2106.87
	4307.45	0.00	12.38	2110.89
	4307.46	0.00	12.36	2102.90
	4307.47	0.00	12.36	2098.90
	4307.48	0.00	12.36	2102.90
	4307.49	0.00	12.34	2093.88
	4307.50	0.00	12.30	2093.00
	4307.52	0.00	12.29	2089.04
	4307.53	0.00	12.30	2091.06
	4307.54	0.00	12.30	2090.06
	4307.55	0.00	12.31	2093.05
	4307.56	0.00	12.27	2077.04
	4307.58	0.00	12.26	2079.08
	4307.59	0.00	12.27	2088.10
	4307.60	0.00	12.29	2086.10
	4307.61	0.00	12.29	2090.10
	4307.62	0.00	12.29	2092.10
	4307.64	0.00	12.28	2091.11
	4307.65	0.00	12.27	2081.07
	4307.66	0.00	12.29	2091.08
	4307.67	0.00	12.30	2100.09
	4307.68	0.00	12.30	2101.10
	4307.69	0.00	12.30	2102.09
	4307.71	0.00	12.29	2097.07
	4307.72	0.00	12.30	2104.08
	4307.73	0.00	12.30	2106.09
	4307.74	0.00	12.29	2103.09
	4307.75	0.00	12.32	2109.07
	4307.77	0.00	12.31	2109.09
	4307.78	0.00	12.30	2107.09
	4307.79	0.00	12.30	2104.06
	4307.80	0.00	12.31	2107.05
	4307.81	0.00	12.31	2106.05
	4307.83	0.00	12.31	2108.05
	4307.84	0.00	12.31	2107.06
	4307.85	0.00	12.32	2107.04
	4307.86	0.00	12.32	2107.05
	4307.87	0.00	12.28	2093.05
	4307.88	0.00	12.28	2092.05
	4307.90	0.00	12.30	2093.04
	4307.91	0.00	12.30	2093.04
	4307.92	0.00	12.30	2092.04
	4307.93	0.00	12.29	2092.05
	4307.94	0.00	12.29	2087.04
	4307.95	0.00	12.30	2093.04
	4307.97	0.00	12.31	2095.04
	4307.98	0.00	12.30	2095.06
	4307.99	0.00	12.33	2095.00
	4308.00	0.00	12.30	2097.08
	4308.02	0.00	12.29	2096.10
	4308.03	0.00	12.29	2096.11
	4308.04	0.00	12.30	2098.10
	4308.05	0.00	12.29	2096.11
	4308.06	0.00	12.30	2098.11
	4308.07	0.00	12.30	2095.10
	4308.08	0.00	12.32	2099.08
	4308.10	0.00	12.31	2099.09
	4308.11	0.00	12.31	2099.10
	4308.12	0.00	12.31	2099.10
	4308.13	0.00	12.31	2097.10
	4308.14	0.00	12.31	2099.10
	4308.16	0.00	12.39	2097.85
	4308.17	0.00	12.40	2099.86
	4308.18	0.00	12.39	2100.88
	4308.19	0.00	12.38	2094.89
	4308.20	0.00	12.38	2094.91
	4308.21	0.00	12.38	2095.90
	4308.23	0.00	12.38	2094.90
	4308.24	0.00	12.36	2082.89
	4308.25	0.00	12.33	2084.98
	4308.26	0.00	12.33	2077.02
	4308.27	0.00	12.33	2081.04
	4308.29	0.00	12.33	2082.03
	4308.30	0.00	12.29	2064.05
	4308.31	0.00	12.31	2074.07
	4308.32	0.00	12.32	2075.08
	4308.33	0.00	12.32	2077.09
	4308.35	0.00	12.31	2078.11
	4308.36	0.00	12.32	2078.09
	4308.37	0.00	12.31	2070.05
	4308.38	0.00	12.34	2083.06
	4308.39	0.00	12.37	2089.01
	4308.40	0.00	12.35	2088.07
	4308.42	0.00	12.35	2086.07
	4308.43	0.00	12.34	2089.08
	4308.44	0.00	12.34	2089.07
	4308.45	0.00	12.34	2086.05
	4308.46	0.00	12.35	2092.06
	4308.48	0.00	12.35	2094.07
	4308.49	0.00	12.35	2094.07
	4308.50	0.00	12.35	2094.07
	4308.51	0.00	12.35	2094.07
	4308.52	0.00	12.34	2088.04
	4308.54	0.00	12.36	2093.03
	4308.55	0.00	12.36	2092.03
	4308.56	0.00	12.35	2091.03
	4308.57	0.00	12.36	2093.04
	4308.58	0.00	12.36	2092.03
	4308.59	0.00	12.33	2079.03
	4308.61	0.00	12.33	2080.02
	4308.62	0.00	12.33	2081.04
	4308.63	0.00	12.34	2080.03
	4308.64	0.00	12.34	2081.03
	4308.65	0.00	12.34	2081.02
	4308.67	0.00	12.32	2074.03
	4308.68	0.00	12.34	2080.02
	4308.69	0.00	12.34	2083.02
	4308.70	0.00	12.34	2082.02
	4308.71	0.00	12.35	2083.01
	4308.72	0.00	12.35	2085.02
	4308.74	0.00	12.35	2083.00
	4308.75	0.00	12.33	2083.06
	4308.76	0.00	12.33	2084.08
	4308.77	0.00	12.32	2081.07
	4308.78	0.00	12.33	2084.08
	4308.80	0.00	12.32	2084.09
	4308.81	0.00	12.32	2087.10
	4308.82	0.00	12.32	2089.10
	4308.83	0.00	12.34	2089.06
	4308.84	0.00	12.34	2089.08
	4308.85	0.00	12.33	2089.09
	4308.87	0.00	12.33	2090.09
	4308.88	0.00	12.33	2091.09
	4308.89	0.00	12.35	2088.01
	4308.90	0.00	12.43	2093.83
	4308.91	0.00	12.41	2092.86
	4308.93	0.00	12.40	2087.87
	4308.94	0.00	12.40	2088.88
	4308.95	0.00	12.42	2087.82
	4308.96	0.00	12.35	2076.92
	4308.97	0.00	12.33	2080.00
	4308.98	0.00	12.33	2073.03
	4309.00	0.00	12.34	2076.03
	4309.01	0.00	12.34	2077.03
	4309.02	0.00	12.34	2077.03
	4309.03	0.00	12.29	2056.03
	4309.04	0.00	12.31	2071.06
	4309.06	0.00	12.31	2073.07
	4309.07	0.00	12.33	2072.08
	4309.08	0.00	12.33	2077.08
	4309.09	0.00	12.32	2078.08
	4309.10	0.00	12.31	2073.08
	4309.12	0.00	12.33	2080.06
	4309.13	0.00	12.34	2084.08
	4309.14	0.00	12.34	2083.07
	4309.15	0.00	12.33	2088.08
	4309.16	0.00	12.34	2089.07
	4309.17	0.00	12.33	2086.09
	4309.19	0.00	12.34	2088.05
	4309.20	0.00	12.35	2091.06
	4309.21	0.00	12.34	2092.06
	4309.22	0.00	12.34	2092.07
	4309.23	0.00	12.35	2094.07
	4309.25	0.00	12.35	2094.07
	4309.26	0.00	12.35	2092.03
	4309.27	0.00	12.35	2093.03
	4309.28	0.00	12.36	2093.02
	4309.29	0.00	12.37	2095.02
	4309.31	0.00	12.39	2094.96
	4309.32	0.00	12.36	2095.02
	4309.33	0.00	12.33	2082.02
	4309.34	0.00	12.33	2081.02
	4309.35	0.00	12.34	2083.00
	4309.36	0.00	12.33	2084.02
	4309.38	0.00	12.34	2083.02
	4309.39	0.00	12.34	2085.02
	4309.40	0.00	12.34	2084.02
	4309.41	0.00	12.34	2082.02
	4309.42	0.00	12.33	2081.02
	4309.43	0.00	12.34	2086.02
	4309.45	0.00	12.34	2089.03
	4309.46	0.00	12.35	2086.02
	4309.47	0.00	12.35	2089.02
	4309.48	0.00	12.35	2089.02
	4309.49	0.00	12.33	2089.06
	4309.51	0.00	12.33	2088.08
	4309.52	0.00	12.32	2090.09
	4309.53	0.00	12.33	2091.09
	4309.54	0.00	12.33	2092.07
	4309.55	0.00	12.34	2093.06
	4309.56	0.00	12.34	2092.07
	4309.58	0.00	12.34	2091.07
	4309.59	0.00	12.33	2093.09
	4309.60	0.00	12.34	2096.09
	4309.61	0.00	12.41	2091.85
	4309.62	0.00	12.43	2094.82
	4309.64	0.00	12.43	2093.83
	4309.65	0.00	12.42	2098.84
	4309.66	0.00	12.40	2090.87
	4309.67	0.00	12.39	2090.90
	4309.68	0.00	12.40	2081.83
	4309.69	0.00	12.34	2082.98
	4309.71	0.00	12.34	2075.01
	4309.72	0.00	12.34	2081.04
	4309.73	0.00	12.29	2060.03
	4309.74	0.00	12.30	2068.05
	4309.75	0.00	12.31	2075.06
	4309.77	0.00	12.32	2078.09
	4309.78	0.00	12.33	2080.08
	4309.79	0.00	12.34	2083.06
	4309.80	0.00	12.34	2087.06
	4309.81	0.00	12.36	2091.05
	4309.83	0.00	12.35	2092.07
	4309.84	0.00	12.35	2092.07
	4309.85	0.00	12.34	2091.07
	4309.86	0.00	12.35	2090.03
	4309.87	0.00	12.36	2098.05
	4309.88	0.00	12.36	2097.05
	4309.90	0.00	12.36	2097.05
	4309.91	0.00	12.36	2097.07
	4309.92	0.00	12.36	2100.06
	4309.93	0.00	12.36	2095.02
	4309.94	0.00	12.36	2097.02
	4309.96	0.00	12.37	2098.01
	4309.97	0.00	12.37	2096.01
	4309.98	0.00	12.37	2096.01
	4309.99	0.00	12.36	2097.03
	4310.00	0.00	12.34	2085.01
	4310.01	0.00	12.34	2085.01
	4310.03	0.00	12.34	2085.01
	4310.04	0.00	12.34	2085.02
	4310.05	0.00	12.35	2086.01
	4310.06	0.00	12.34	2086.01
	4310.07	0.00	12.34	2084.01
	4310.09	0.00	12.33	2082.02
	4310.10	0.00	12.35	2086.01
	4310.11	0.00	12.35	2090.01
	4310.12	0.00	12.36	2088.01
	4310.13	0.00	12.36	2090.00
	4310.15	0.00	12.35	2091.01
	4310.16	0.00	12.35	2089.04
	4310.17	0.00	12.34	2091.06
	4310.18	0.00	12.32	2089.09
	4310.19	0.00	12.33	2090.08
	4310.20	0.00	12.33	2092.09
	4310.22	0.00	12.35	2093.05
	4310.23	0.00	12.35	2097.06
	4310.24	0.00	12.34	2096.07
	4310.25	0.00	12.35	2092.07
	4310.26	0.00	12.34	2094.08
	4310.28	0.00	12.34	2095.08
	4310.29	0.00	12.44	2094.81
	4310.30	0.00	12.44	2099.84
	4310.31	0.00	12.41	2090.88
	4310.32	0.00	12.41	2088.87
	4310.33	0.00	12.41	2092.88
	4310.35	0.00	12.40	2077.80
	4310.36	0.00	12.35	2080.97
	4310.37	0.00	12.35	2075.01
	4310.38	0.00	12.35	2078.02
	4310.39	0.00	12.31	2059.01
	4310.41	0.00	12.31	2059.03
	4310.42	0.00	12.33	2074.06
	4310.43	0.00	12.33	2074.06
	4310.44	0.00	12.35	2073.07
	4310.45	0.00	12.36	2078.03
	4310.46	0.00	12.33	2071.04
	4310.48	0.00	12.36	2085.05
	4310.49	0.00	12.36	2083.06
	4310.50	0.00	12.36	2088.06
	4310.51	0.00	12.36	2089.06
	4310.52	0.00	12.35	2086.04
	4310.54	0.00	12.37	2090.04
	4310.55	0.00	12.37	2090.03
	4310.56	0.00	12.35	2088.05
	4310.57	0.00	12.36	2091.05
	4310.58	0.00	12.37	2092.05
	4310.60	0.00	12.37	2093.05
	4310.61	0.00	12.37	2089.02
	4310.62	0.00	12.38	2092.01
	4310.63	0.00	12.38	2092.00
	4310.64	0.00	12.38	2090.01
	4310.65	0.00	12.38	2089.01
	4310.67	0.00	12.38	2090.01
	4310.68	0.00	12.35	2080.01
	4310.69	0.00	12.34	2073.01
	4310.70	0.00	12.35	2080.01
	4310.71	0.00	12.35	2079.01
	4310.72	0.00	12.35	2078.02
	4310.74	0.00	12.35	2075.01
	4310.75	0.00	12.35	2077.00
	4310.76	0.00	12.35	2075.00
	4310.77	0.00	12.36	2081.01
	4310.79	0.00	12.37	2081.00
	4310.80	0.00	12.37	2082.00
	4310.81	0.00	12.37	2081.00
	4310.82	0.00	12.37	2082.01
	4310.83	0.00	12.36	2082.03
	4310.84	0.00	12.36	2084.05
	4310.85	0.00	12.35	2081.07
	4310.87	0.00	12.34	2079.08
	4310.88	0.00	12.35	2087.08
	4310.89	0.00	12.37	2087.04
	4310.90	0.00	12.36	2087.06
	4310.91	0.00	12.37	2089.04
	4310.93	0.00	12.36	2087.07
	4310.94	0.00	12.36	2090.07
	4310.95	0.00	12.36	2090.07
	4310.96	0.00	12.45	2088.80
	4310.97	0.00	12.44	2091.83
	4310.98	0.00	12.43	2085.85
	4311.00	0.00	12.43	2086.86
	4311.01	0.00	12.40	2079.87
	4311.02	0.00	12.41	2076.83
	4311.03	0.00	12.36	2076.97
	4311.04	0.00	12.36	2070.01
	4311.06	0.00	12.37	2078.01
	4311.07	0.00	12.31	2055.02
	4311.08	0.00	12.33	2067.05
	4311.09	0.00	12.33	2069.05
	4311.10	0.00	12.34	2073.06
	4311.12	0.00	12.36	2073.06
	4311.13	0.00	12.34	2074.07
	4311.14	0.00	12.36	2078.04
	4311.15	0.00	12.37	2085.05
	4311.16	0.00	12.37	2084.06
	4311.17	0.00	12.37	2087.06
	4311.19	0.00	12.36	2087.06
	4311.20	0.00	12.35	2083.06
	4311.21	0.00	12.37	2083.01
	4311.22	0.00	12.37	2088.04
	4311.23	0.00	12.37	2092.04
	4311.25	0.00	12.37	2092.05
	4311.26	0.00	12.37	2094.05
	4311.27	0.00	12.37	2094.05
	4311.28	0.00	12.37	2093.07
	4311.29	0.00	12.38	2090.02
	4311.31	0.00	12.37	2090.02
	4311.32	0.00	12.37	2092.01
	4311.33	0.00	12.38	2090.02
	4311.34	0.00	12.38	2093.01
	4311.35	0.00	12.38	2091.01
	4311.36	0.00	12.35	2078.01
	4311.38	0.00	12.35	2080.01
	4311.39	0.00	12.35	2080.01
	4311.40	0.00	12.35	2081.01
	4311.41	0.00	12.36	2080.00
	4311.42	0.00	12.35	2079.00
	4311.44	0.00	12.35	2080.00
	4311.45	0.00	12.33	2073.01
	4311.46	0.00	12.35	2079.02
	4311.47	0.00	12.36	2081.00
	4311.48	0.00	12.36	2081.01
	4311.49	0.00	12.37	2081.01
	4311.51	0.00	12.36	2082.02
	4311.52	0.00	12.36	2082.03
	4311.53	0.00	12.35	2082.06
	4311.54	0.00	12.35	2083.07
	4311.55	0.00	12.36	2085.04
	4311.57	0.00	12.35	2085.08
	4311.58	0.00	12.35	2085.08
	4311.59	0.00	12.36	2086.04
	4311.60	1.00	12.39	2087.99
	4311.61	1.00	12.35	2089.07
	4311.62	1.00	12.36	2089.07
	4311.64	1.00	12.36	2091.08
	4311.65	1.00	12.36	2092.07
	4311.66	1.00	12.43	2088.82
	4311.67	1.00	12.44	2091.83
	4311.68	1.00	12.43	2089.86
	4311.70	1.00	12.43	2094.88
	4311.71	1.00	12.43	2079.79
	4311.72	1.00	12.36	2074.94
	4311.73	1.00	12.36	2072.00
	4311.74	1.00	12.36	2075.02
	4311.75	1.00	12.37	2076.99
	4311.77	1.00	12.32	2061.03
	4311.78	1.00	12.32	2062.04
	4311.79	1.00	12.33	2071.06
	4311.80	1.00	12.35	2071.07
	4311.81	1.00	12.34	2073.07
	4311.83	1.00	12.33	2070.05
	4311.84	0.00	12.35	2077.05
	4311.85	0.00	12.36	2082.06
	4311.86	0.00	12.36	2085.06
	4311.87	0.00	12.39	2087.99
	4311.88	0.00	12.36	2090.06
	4311.90	0.00	12.36	2087.04
	4311.91	0.00	12.36	2092.05
	4311.92	0.00	12.36	2092.07
	4311.93	0.00	12.36	2089.05
	4311.94	0.00	12.37	2092.05
	4311.96	0.00	12.36	2094.05
	4311.97	0.00	12.38	2095.02
	4311.98	0.00	12.37	2091.02
	4311.99	0.00	12.37	2093.01
	4312.00	0.00	12.38	2090.01
	4312.02	0.00	12.40	2090.94
	4312.03	0.00	12.38	2093.01
	4312.04	0.00	12.34	2079.01
	4312.05	0.00	12.34	2079.01
	4312.06	0.00	12.35	2081.01
	4312.08	0.00	12.35	2082.01
	4312.09	0.00	12.35	2079.01
	4312.10	0.00	12.35	2079.01
	4312.11	0.00	12.34	2074.01
	4312.12	0.00	12.35	2077.00
	4312.13	0.00	12.36	2081.00
	4312.15	0.00	12.36	2081.02
	4312.16	0.00	12.37	2082.00
	4312.17	0.00	12.37	2083.00
	4312.18	0.00	12.37	2082.01
	4312.19	0.00	12.35	2083.05
	4312.20	0.00	12.34	2081.06
	4312.22	0.00	12.35	2084.07
	4312.23	0.00	12.35	2084.07
	4312.24	0.00	12.34	2084.09
	4312.25	0.00	12.36	2085.04
	4312.26	0.00	12.36	2085.04
	4312.28	0.00	12.35	2087.06
	4312.29	0.00	12.35	2085.08
	4312.30	0.00	12.34	2084.06
	4312.31	0.00	12.36	2089.07
	4312.32	0.00	12.35	2090.07
	4312.34	0.00	12.42	2087.86
	4312.35	0.00	12.43	2087.83
	4312.36	0.00	12.43	2089.85
	4312.37	0.00	12.42	2086.86
	4312.38	0.00	12.44	2082.79
	4312.39	0.00	12.36	2075.93
	4312.41	0.00	12.35	2072.99
	4312.42	0.00	12.37	2072.97
	4312.43	0.00	12.31	2056.01
	4312.44	0.00	12.31	2065.05
	4312.45	0.00	12.33	2073.06
	4312.47	0.00	12.34	2072.01
	4312.48	0.00	12.35	2071.06
	4312.49	0.00	12.34	2076.07
	4312.50	0.00	12.33	2072.04
	4312.51	0.00	12.35	2084.07
	4312.52	0.00	12.36	2086.06
	4312.54	0.00	12.35	2086.06
	4312.55	0.00	12.34	2089.07
	4312.56	0.00	12.34	2088.08
	4312.57	0.00	12.34	2083.03
	4312.58	0.00	12.36	2093.05
	4312.60	0.00	12.36	2094.05
	4312.61	0.00	12.35	2092.06
	4312.62	0.00	12.36	2096.05
	4312.63	0.00	12.36	2096.03
	4312.64	0.00	12.36	2093.02
	4312.65	0.00	12.36	2093.02
	4312.67	0.00	12.36	2091.02
	4312.68	0.00	12.37	2094.01
	4312.69	0.00	12.37	2093.01
	4312.70	0.00	12.37	2093.00
	4312.71	0.00	12.36	2095.01
	4312.73	0.00	12.36	2094.02
	4312.74	0.00	12.34	2081.01
	4312.75	0.00	12.33	2080.01
	4312.76	0.00	12.34	2081.01
	4312.77	0.00	12.34	2081.01
	4312.79	0.00	12.34	2081.01
	4312.80	0.00	12.34	2077.01
	4312.81	0.00	12.33	2077.01
	4312.82	0.00	12.34	2079.01
	4312.83	0.00	12.34	2080.01
	4312.85	0.00	12.35	2083.01
	4312.86	0.00	12.35	2084.01
	4312.87	0.00	12.36	2083.97
	4312.88	0.00	12.35	2081.02
	4312.89	0.00	12.34	2083.06
	4312.90	0.00	12.33	2084.07
	4312.91	0.00	12.34	2085.08
	4312.93	0.00	12.33	2083.08
	4312.94	0.00	12.35	2087.05
	4312.95	0.00	12.35	2087.05
	4312.96	0.00	12.35	2086.06
	4312.97	0.00	12.36	2087.03
	4312.99	0.00	12.34	2088.07
	4313.00	0.00	12.34	2089.07
	4313.01	0.00	12.34	2089.08
	4313.02	0.00	12.40	2083.88
	4313.03	0.00	12.43	2091.82
	4313.05	0.00	12.42	2090.85
	4313.06	0.00	12.41	2086.86
	4313.07	0.00	12.41	2088.87
	4313.08	0.00	12.37	2075.91
	4313.09	0.00	12.35	2076.96
	4313.10	0.00	12.35	2076.97
	4313.12	0.00	12.35	2074.01
	4313.13	0.00	12.35	2076.02
	4313.14	0.00	12.31	2061.04
	4313.15	0.00	12.32	2070.06
	4313.16	0.00	12.35	2071.06
	4313.18	0.00	12.34	2073.07
	4313.19	0.00	12.33	2075.07
	4313.20	0.00	12.35	2076.03
	4313.21	0.00	12.34	2079.05
	4313.22	0.00	12.35	2085.05
	4313.23	0.00	12.35	2082.06
	4313.25	0.00	12.35	2086.04
	4313.26	0.00	12.35	2086.06
	4313.27	0.00	12.35	2085.03
	4313.28	0.00	12.35	2090.05
	4313.29	0.00	12.35	2091.05
	4313.31	0.00	12.35	2091.05
	4313.32	0.00	12.35	2093.05
	4313.33	0.00	12.36	2091.05
	4313.34	0.00	12.35	2094.06
	4313.35	0.00	12.35	2094.06
	4313.37	0.00	12.35	2090.02
	4313.38	0.00	12.36	2092.01
	4313.39	0.00	12.36	2092.01
	4313.40	0.00	12.37	2092.01
	4313.41	0.00	12.37	2092.01
	4313.42	0.00	12.36	2092.01
	4313.44	0.00	12.36	2090.01
	4313.45	0.00	12.33	2077.01
	4313.46	0.00	12.34	2081.01
	4313.47	0.00	12.34	2080.01
	4313.48	0.00	12.34	2081.01
	4313.50	0.00	12.34	2078.01
	4313.51	0.00	12.34	2081.01
	4313.52	0.00	12.34	2078.00
	4313.53	0.00	12.33	2073.01
	4313.54	0.00	12.34	2080.01
	4313.55	0.00	12.35	2081.01
	4313.57	0.00	12.34	2083.02
	4313.58	0.00	12.34	2073.98
	4313.59	0.00	12.34	2081.04
	4313.60	0.00	12.34	2082.06
	4313.61	0.00	12.35	2083.03
	4313.62	0.00	12.34	2082.07
	4313.64	0.00	12.33	2085.08
	4313.65	0.00	12.33	2086.09
	4313.66	0.00	12.34	2085.06
	4313.67	0.00	12.34	2084.06
	4313.68	0.00	12.34	2085.06
	4313.70	0.00	12.34	2084.07
	4313.71	0.00	12.36	2086.00
	4313.72	0.00	12.34	2086.07
	4313.73	0.00	12.43	2085.81
	4313.74	0.00	12.42	2087.83
	4313.75	0.00	12.42	2087.85
	4313.77	0.00	12.41	2080.86
	4313.78	0.00	12.40	2081.86
	4313.79	0.00	12.40	2081.87
	4313.80	0.00	12.40	2069.78
	4313.81	0.00	12.34	2068.94
	4313.83	0.00	12.32	2066.99
	4313.84	0.00	12.32	2061.01
	4313.85	0.00	12.33	2065.02
	4313.86	0.00	12.28	2043.00
	4313.87	0.00	12.28	2043.00
	4313.89	0.00	12.27	2048.05
	4313.90	0.00	12.27	2049.06
	4313.91	0.00	12.30	2055.07
	4313.92	0.00	12.30	2060.07
	4313.93	0.00	12.29	2062.09
	4313.94	0.00	12.29	2058.04
	4313.96	0.00	12.31	2068.05
	4313.97	0.00	12.31	2070.06
	4313.98	0.00	12.30	2074.08
	4313.99	0.00	12.31	2070.06
	4314.00	0.00	12.30	2076.07
	4314.02	0.00	12.30	2077.07
	4314.03	0.00	12.31	2080.05
	4314.04	0.00	12.32	2088.05
	4314.05	0.00	12.32	2086.05
	4314.06	0.00	12.32	2088.05
	4314.08	0.00	12.33	2091.05
	4314.09	0.00	12.34	2095.05
	4314.10	0.00	12.34	2095.05
	4314.11	0.00	12.34	2090.01
	4314.12	0.00	12.36	2095.01
	4314.13	0.00	12.38	2097.99
	4314.15	0.00	12.38	2094.99
	4314.16	0.00	12.38	2095.98
	4314.17	0.00	12.39	2094.95
	4314.18	0.00	12.36	2087.98
	4314.19	0.00	12.37	2086.98
	4314.20	0.00	12.37	2091.98
	4314.22	0.00	12.39	2090.95
	4314.23	0.00	12.38	2091.97
	4314.24	0.00	12.38	2085.96
	4314.25	0.00	12.41	2093.97
	4314.26	0.00	12.41	2093.98
	4314.28	0.00	12.43	2096.96
	4314.29	0.00	12.44	2096.94
	4314.30	0.00	12.42	2093.00
	4314.31	0.00	12.42	2096.02
	4314.32	0.00	12.43	2099.02
	4314.34	0.00	12.42	2096.01
	4314.35	0.00	12.44	2101.98
	4314.36	0.00	12.43	2105.00
	4314.37	0.00	12.43	2109.01
	4314.38	0.00	12.42	2107.02
	4314.39	0.00	12.42	2109.02
	4314.41	0.00	12.52	2111.77
	4314.42	0.00	12.51	2116.80
	4314.43	0.00	12.50	2110.81
	4314.44	0.00	12.49	2109.82
	4314.45	0.00	12.51	2100.73
	4314.47	0.00	12.46	2100.86
	4314.48	0.00	12.43	2100.93
	4314.49	0.00	12.45	2096.95
	4314.50	0.00	12.44	2101.97
	4314.51	0.00	12.40	2088.99
	4314.52	0.00	12.41	2096.00
	4314.54	0.00	12.43	2098.01
	4314.55	0.00	12.42	2099.02
	4314.56	0.00	12.43	2103.99
	4314.57	0.00	12.44	2106.99
	4314.58	0.00	12.44	2104.00
	4314.60	0.00	12.44	2110.01
	4314.61	0.00	12.45	2106.96
	4314.62	0.00	12.44	2113.00
	4314.63	0.00	12.44	2110.00
	4314.64	0.00	12.44	2114.00
	4314.65	0.00	12.43	2109.98
	4314.67	0.00	12.43	2106.97
	4314.68	0.00	12.43	2104.96
	4314.69	0.00	12.43	2107.96
	4314.70	0.00	12.42	2105.96
	4314.71	0.00	12.42	2103.96
	4314.73	0.00	12.37	2090.97
	4314.74	0.00	12.37	2089.97
	4314.75	0.00	12.38	2090.97
	4314.76	0.00	12.37	2087.97
	4314.77	0.00	12.37	2086.97
	4314.78	0.00	12.35	2079.98
	4314.80	0.00	12.35	2078.98
	4314.81	0.00	12.34	2081.98
	4314.82	0.00	12.33	2084.98
	4314.83	0.00	12.33	2086.99
	4314.84	0.00	12.33	2089.99
	4314.86	0.00	12.33	2088.97
	4314.87	0.00	12.31	2088.04
	4314.88	0.00	12.33	2089.98
	4314.89	0.00	12.29	2085.07
	4314.90	0.00	12.30	2093.07
	4314.91	0.00	12.31	2092.03
	4314.93	0.00	12.34	2094.98
	4314.94	0.00	12.31	2097.05
	4314.95	0.00	12.31	2096.06
	4314.96	0.00	12.31	2098.06
	4314.97	0.00	12.32	2099.02
	4314.99	0.00	12.40	2101.80
	4315.00	0.00	12.39	2105.83
	4315.01	0.00	12.38	2103.86
	4315.02	0.00	12.39	2104.80
	4315.03	0.00	12.36	2093.78
	4315.04	0.00	12.31	2099.93
	4315.06	0.00	12.29	2100.98
	4315.07	0.00	12.29	2101.02
	4315.08	0.00	12.28	2111.04
	4315.09	0.00	12.22	2101.08
	4315.10	0.00	12.23	2118.10
	4315.12	0.00	12.21	2125.12
	4315.13	0.00	12.20	2141.12
	4315.14	0.00	12.17	2139.09
	4315.15	0.00	12.17	2161.12
	4315.16	0.00	12.15	2177.15
	4315.17	0.00	12.13	2187.16
	4315.19	0.00	12.11	2197.14
	4315.20	0.00	12.10	2213.19
	4315.21	0.00	12.07	2235.21
	4315.22	0.00	12.04	2246.23
	4315.23	0.00	12.04	2266.19
	4315.25	0.00	12.04	2281.20
	4315.26	0.00	12.03	2292.21
	4315.27	0.00	12.03	2308.21
	4315.28	0.00	12.01	2315.20
	4315.29	0.00	11.97	2306.19
	4315.31	0.00	11.98	2312.21
	4315.32	0.00	12.00	2313.18
	4315.33	0.00	12.00	2311.18
	4315.34	0.00	12.04	2319.17
	4315.35	0.00	12.05	2339.15
	4315.37	0.00	12.05	2342.16
	4315.38	0.00	12.05	2345.17
	4315.39	0.00	12.06	2343.19
	4315.40	0.00	12.07	2364.19
	4315.41	0.00	12.08	2369.19
	4315.42	0.00	12.08	2374.19
	4315.44	0.00	12.09	2371.15
	4315.45	0.00	12.09	2380.17
	4315.46	0.00	12.09	2384.18
	4315.47	0.00	12.12	2383.07
	4315.48	0.00	12.16	2390.98
	4315.50	0.00	12.13	2385.01
	4315.51	0.00	12.09	2379.05
	4315.52	0.00	11.98	2340.20
	4315.53	0.00	12.01	2371.28
	4315.54	0.00	11.99	2373.30
	4315.55	0.00	12.01	2372.32
	4315.57	0.00	12.02	2373.33
	4315.58	0.00	12.02	2362.31
	4315.59	0.00	12.07	2365.31
	4315.60	0.00	12.11	2357.31
	4315.61	0.00	12.17	2353.29
	4315.63	0.00	12.29	2348.25
	4315.64	0.00	12.40	2336.23
	4315.65	0.00	12.53	2298.20
	4315.66	0.00	12.68	2289.16
	4315.67	0.00	12.81	2268.11
	4315.68	0.00	13.05	2237.06
	4315.70	0.00	13.20	2224.98
	4315.71	0.00	13.34	2219.68
	4315.72	0.00	13.46	2231.50
	4315.73	0.00	13.51	2225.39
	4315.74	0.00	13.56	2217.32
	4315.76	0.00	13.70	2225.23
	4315.77	0.00	13.73	2211.17
	4315.78	0.00	13.78	2195.02
	4315.79	0.00	13.80	2173.90
	4315.80	0.00	13.79	2144.82
	4315.81	0.00	13.52	2056.90
	4315.83	0.00	13.40	2003.93
	4315.84	0.00	13.25	1964.08
	4315.85	0.00	13.13	1939.18
	4315.86	0.00	13.06	1922.24
	4315.87	0.00	13.03	1917.24
	4315.89	0.00	13.03	1918.23
	4315.90	0.00	13.04	1918.22
	4315.91	0.00	13.13	1953.22
	4315.92	0.00	13.16	1967.21
	4315.93	0.00	13.17	1970.22
	4315.94	0.00	13.16	1966.22
	4315.96	0.00	13.17	1966.21
	4315.97	0.00	13.18	1970.21
	4315.98	0.00	13.20	1971.17
	4315.99	0.00	13.18	1973.24
	4316.00	0.00	13.18	1971.24
	4316.02	0.00	13.15	1962.26
	4316.03	0.00	13.18	1975.27
	4316.04	0.00	13.18	1977.27
	4316.05	0.00	13.18	1978.28
	4316.06	0.00	13.19	1981.26
	4316.08	0.00	13.22	1980.20
	4316.09	0.00	13.22	1985.21
	4316.10	0.00	13.23	1984.20
	4316.11	0.00	13.23	1988.22
	4316.12	0.00	13.24	1988.21
	4316.13	0.00	13.24	1990.21
	4316.15	0.00	13.24	1982.20
	4316.16	0.00	13.35	1988.97
	4316.17	0.00	13.31	1990.06
	4316.18	0.00	13.32	1991.06
	4316.19	0.00	13.31	1992.10
	4316.21	0.00	13.31	1994.08
	4316.22	0.00	13.27	1987.16
	4316.23	0.00	13.25	1989.21
	4316.24	0.00	13.26	1990.19
	4316.25	0.00	13.14	2010.36
	4316.26	0.00	13.05	2026.45
	4316.28	0.00	12.59	2125.75
	4316.29	0.00	12.22	2227.01
	4316.30	0.00	11.98	2306.16
	4316.31	0.00	11.91	2356.25
	4316.32	0.00	11.91	2397.30
	4316.34	0.00	11.94	2434.31
	4316.35	0.00	11.89	2440.35
	4316.36	0.00	11.86	2450.40
	4316.37	0.00	11.86	2463.42
	4316.38	0.00	11.88	2475.46
	4316.39	0.00	11.93	2476.44
	4316.41	0.00	11.99	2478.44
	4316.42	0.00	12.06	2471.41
	4316.43	0.00	12.14	2450.36
	4316.44	0.00	12.23	2431.32
	4316.45	0.00	12.32	2411.28
	4316.47	0.00	12.42	2379.25
	4316.48	0.00	12.51	2350.20
	4316.49	0.00	12.61	2330.17
	4316.50	0.00	12.70	2319.13
	4316.51	0.00	12.74	2306.10
	4316.52	0.00	12.81	2298.04
	4316.54	0.00	12.87	2288.00
	4316.55	0.00	12.97	2278.95
	4316.56	0.00	13.11	2248.89
	4316.57	0.00	13.14	2235.86
	4316.58	0.00	13.18	2234.84
	4316.60	0.00	13.21	2231.81
	4316.61	0.00	13.23	2227.79
	4316.62	0.00	13.27	2230.73
	4316.63	0.00	13.29	2232.73
	4316.64	0.00	13.33	2235.75
	4316.65	0.00	13.36	2251.76
	4316.67	0.00	13.40	2274.79
	4316.68	0.00	13.48	2295.65
	4316.69	0.00	13.53	2312.65
	4316.70	0.00	13.55	2314.67
	4316.71	0.00	13.63	2316.52
	4316.73	0.00	13.68	2319.45
	4316.74	0.00	13.68	2302.44
	4316.75	0.00	13.69	2305.44
	4316.76	0.00	13.79	2323.43
	4316.77	0.00	13.89	2322.25
	4316.79	0.00	13.95	2322.14
	4316.80	0.00	13.99	2305.04
	4316.81	0.00	14.05	2295.94
	4316.82	0.00	14.09	2290.85
	4316.83	0.00	14.08	2276.82
	4316.84	0.00	14.09	2264.78
	4316.86	0.00	14.10	2240.73
	4316.87	0.00	14.12	2182.54
	4316.88	0.00	14.01	2088.32
	4316.89	0.00	13.97	2044.22
	4316.90	0.00	13.66	1982.62
	4316.91	0.00	13.47	1945.80
	4316.93	0.00	13.24	1906.00
	4316.94	0.00	13.12	1880.15
	4316.95	0.00	13.00	1837.20
	4316.96	0.00	12.93	1836.30
	4316.97	0.00	13.03	1891.26
	4316.99	0.00	13.13	1939.26
	4317.00	0.00	13.13	1940.26
	4317.01	0.00	13.14	1942.26
	4317.02	0.00	13.15	1938.26
	4317.03	0.00	13.15	1940.26
	4317.04	0.00	13.16	1941.26
	4317.06	0.00	13.15	1944.27
	4317.07	0.00	13.16	1947.26
	4317.08	0.00	13.15	1935.22
	4317.09	0.00	13.16	1941.23
	4317.10	0.00	13.15	1940.24
	4317.12	0.00	13.16	1940.22
	4317.13	0.00	13.17	1944.23
	4317.14	0.00	13.18	1947.22
	4317.15	0.00	13.19	1950.22
	4317.16	0.00	13.19	1953.22
	4317.17	0.00	13.19	1952.21
	4317.19	0.00	13.20	1953.21
	4317.20	0.00	13.20	1956.21
	4317.21	0.00	13.19	1949.20
	4317.22	0.00	13.19	1951.20
	4317.23	0.00	13.19	1952.20
	4317.25	0.00	13.21	1952.18
	4317.26	0.00	13.21	1953.18
	4317.27	0.00	13.21	1953.18
	4317.28	0.00	13.21	1952.17
	4317.29	0.00	13.20	1949.17
	4317.30	0.00	13.21	1952.17
	4317.32	0.00	13.22	1955.17
	4317.33	0.00	13.22	1961.17
	4317.34	0.00	13.23	1962.16
	4317.35	0.00	13.23	1964.16
	4317.36	0.00	13.23	1964.16
	4317.38	0.00	13.24	1967.15
	4317.39	0.00	13.16	1973.31
	4317.40	0.00	13.07	1996.41
	4317.41	0.00	12.80	2034.71
	4317.42	0.00	12.51	2112.89
	4317.43	0.00	12.33	2177.04
	4317.45	0.00	12.22	2226.11
	4317.46	0.00	12.17	2266.17
	4317.47	0.00	12.16	2298.22
	4317.48	0.00	12.17	2316.23
	4317.49	0.00	12.11	2335.28
	4317.51	0.00	12.05	2357.32
	4317.52	0.00	12.00	2383.32
	4317.53	0.00	11.96	2409.36
	4317.54	0.00	11.94	2435.39
	4317.55	0.00	11.92	2438.44
	4317.56	0.00	11.92	2449.47
	4317.58	0.00	11.95	2457.46
	4317.59	0.00	11.98	2458.45
	4317.60	0.00	12.03	2456.40
	4317.61	0.00	12.06	2448.38
	4317.62	0.00	12.11	2445.37
	4317.64	0.00	12.17	2434.35
	4317.65	0.00	12.25	2424.28
	4317.66	0.00	12.32	2416.27
	4317.67	0.00	12.36	2393.25
	4317.68	0.00	12.41	2381.25
	4317.70	0.00	12.50	2362.22
	4317.71	0.00	12.54	2354.23
	4317.72	0.00	12.60	2346.21
	4317.73	0.00	12.64	2342.20
	4317.74	0.00	12.66	2340.19
	4317.75	0.00	12.70	2338.14
	4317.77	0.00	12.76	2330.12
	4317.78	0.00	12.81	2332.10
	4317.79	0.00	12.86	2327.06
	4317.80	0.00	12.96	2310.06
	4317.81	0.00	12.98	2307.04
	4317.83	0.00	13.06	2294.01
	4317.84	0.00	13.14	2295.98
	4317.85	0.00	13.21	2288.94
	4317.86	0.00	13.29	2280.88
	4317.87	0.00	13.33	2279.82
	4317.88	0.00	13.41	2291.73
	4317.90	0.00	13.47	2291.62
	4317.91	0.00	13.52	2291.50
	4317.92	0.00	13.57	2292.43
	4317.93	0.00	13.60	2289.37
	4317.94	0.00	13.76	2306.26
	4317.96	0.00	13.81	2306.16
	4317.97	0.00	13.87	2291.99
	4317.98	0.00	13.94	2288.86
	4317.99	0.00	13.99	2279.77
	4318.00	0.00	14.03	2275.71
	4318.01	0.00	14.06	2260.61
	4318.03	0.00	14.17	2243.34
	4318.04	0.00	14.19	2208.26
	4318.05	0.00	14.20	2185.17
	4318.06	0.00	14.20	2136.05
	4318.07	0.00	14.01	2069.09
	4318.08	0.00	13.74	2040.56
	4318.10	0.00	13.55	2007.79
	4318.11	0.00	13.41	1987.92
	4318.12	0.00	13.28	1957.05
	4318.13	0.00	13.20	1935.10
	4318.14	0.00	13.15	1931.17
	4318.15	0.00	13.13	1935.21
	4318.17	0.00	13.11	1922.17
	4318.18	0.00	13.20	1962.19
	4318.19	0.00	13.21	1955.14
	4318.20	0.00	13.18	1954.22
	4318.21	0.00	13.15	1953.27
	4318.23	0.00	13.13	1949.31
	4318.24	0.00	13.14	1948.33
	4318.25	0.00	13.14	1948.33
	4318.26	0.00	13.15	1953.34
	4318.27	0.00	13.16	1956.33
	4318.29	0.00	13.16	1961.34
	4318.30	0.00	13.16	1961.34
	4318.31	0.00	13.12	1936.31
	4318.32	0.00	13.15	1947.31
	4318.33	0.00	13.15	1956.34
	4318.35	0.00	13.17	1961.35
	4318.36	0.00	13.17	1963.35
	4318.37	0.00	13.18	1963.34
	4318.38	0.00	13.17	1970.35
	4318.39	0.00	13.16	1971.36
	4318.40	0.00	13.17	1965.32
	4318.41	0.00	13.20	1986.33
	4318.43	0.00	13.21	1991.34
	4318.44	0.00	13.21	1993.34
	4318.45	0.00	13.24	2005.31
	4318.46	0.00	13.24	2009.31
	4318.47	0.00	13.23	2009.31
	4318.49	0.00	13.23	2006.30
	4318.50	0.00	13.22	2011.32
	4318.51	0.00	13.23	2016.32
	4318.52	0.00	13.23	2016.33
	4318.53	0.00	13.24	2022.32
	4318.54	0.00	13.24	2021.32
	4318.56	0.00	13.27	2021.23
	4318.57	0.00	13.27	2023.22
	4318.58	0.00	13.25	2018.24
	4318.59	0.00	13.18	2025.39
	4318.60	0.00	12.90	2066.67
	4318.62	0.00	12.48	2170.92
	4318.63	0.00	12.23	2239.11
	4318.64	0.00	12.09	2287.20
	4318.65	0.00	12.03	2319.27
	4318.66	0.00	12.02	2364.32
	4318.67	0.00	12.04	2387.35
	4318.69	0.00	11.99	2397.39
	4318.70	0.00	11.94	2410.43
	4318.71	0.00	11.92	2425.45
	4318.72	0.00	11.90	2440.54
	4318.73	0.00	11.91	2452.58
	4318.75	0.00	11.93	2455.58
	4318.76	0.00	11.96	2451.57
	4318.77	0.00	12.02	2444.52
	4318.78	0.00	12.08	2429.51
	4318.79	0.00	12.10	2410.50
	4318.81	0.00	12.18	2400.48
	4318.82	0.00	12.26	2378.36
	4318.83	0.00	12.33	2363.33
	4318.84	0.00	12.38	2347.31
	4318.85	0.00	12.41	2329.29
	4318.87	0.00	12.46	2318.27
	4318.88	0.00	12.45	2295.37
	4318.89	0.00	12.47	2292.36
	4318.90	0.00	12.53	2282.34
	4318.91	0.00	12.57	2281.28
	4318.92	0.00	12.59	2282.30
	4318.94	0.00	12.64	2282.29
	4318.95	0.00	12.68	2284.29
	4318.96	0.00	12.75	2279.28
	4318.97	0.00	12.88	2273.26
	4318.98	0.00	12.97	2282.24
	4319.00	0.00	13.03	2290.22
	4319.01	0.00	13.06	2287.19
	4319.02	0.00	13.15	2295.19
	4319.03	0.00	13.21	2301.16
	4319.04	0.00	13.28	2299.12
	4319.06	0.00	13.34	2306.05
	4319.07	0.00	13.43	2304.96
	4319.08	0.00	13.52	2302.79
	4319.09	0.00	13.58	2308.70
	4319.10	0.00	13.62	2309.64
	4319.12	0.00	13.73	2327.59
	4319.13	0.00	13.84	2338.52
	4319.14	0.00	13.78	2310.46
	4319.15	0.00	13.82	2301.36
	4319.16	0.00	13.93	2312.31
	4319.17	0.00	13.92	2294.26
	4319.18	0.00	13.91	2269.23
	4319.20	0.00	13.90	2248.16
	4319.21	0.00	13.88	2224.11
	4319.22	0.00	13.74	2161.07
	4319.23	0.00	13.53	2061.06
	4319.24	0.00	13.45	2017.05
	4319.26	0.00	13.31	1965.12
	4319.27	0.00	13.21	1940.15
	4319.28	0.00	13.17	1950.18
	4319.29	0.00	13.10	1936.22
	4319.30	0.00	13.03	1924.32
	4319.31	0.00	13.01	1920.35
	4319.33	0.00	13.00	1916.34
	4319.34	0.00	13.11	1955.33
	4319.35	0.00	13.10	1956.33
	4319.36	0.00	13.11	1956.33
	4319.37	0.00	13.11	1954.32
	4319.39	0.00	13.11	1955.32
	4319.40	0.00	13.10	1952.32
	4319.41	0.00	13.10	1948.31
	4319.42	0.00	13.10	1949.32
	4319.43	0.00	13.14	1956.26
	4319.45	0.00	13.14	1955.27
	4319.46	0.00	13.15	1959.28
	4319.47	0.00	13.14	1960.31
	4319.48	0.00	13.14	1967.30
	4319.49	0.00	13.16	1979.28
	4319.50	0.00	13.17	1989.30
	4319.52	0.00	13.17	1993.31
	4319.53	0.00	13.17	1992.31
	4319.54	0.00	13.28	1995.04
	4319.55	0.00	13.26	1996.08
	4319.56	0.00	13.27	1999.08
	4319.58	0.00	13.26	1991.09
	4319.59	0.00	13.26	1991.09
	4319.60	0.00	13.26	1991.09
	4319.61	0.00	13.25	1988.08
	4319.62	0.00	13.27	1990.07
	4319.63	0.00	13.26	1973.00
	4319.64	0.00	13.22	1978.10
	4319.66	0.00	13.21	1980.15
	4319.67	0.00	13.22	1978.18
	4319.68	0.00	13.22	1983.19
	4319.69	0.00	13.23	1982.16
	4319.70	0.00	13.22	1990.19
	4319.72	0.00	13.21	1989.22
	4319.73	0.00	13.22	1991.21
	4319.74	0.00	13.23	1992.20
	4319.75	0.00	13.23	1998.20
	4319.76	0.00	13.13	2007.39
	4319.77	0.00	13.02	2027.49
	4319.79	0.00	12.70	2101.72
	4319.80	0.00	12.34	2190.96
	4319.81	0.00	12.08	2271.12
	4319.82	0.00	11.94	2331.21
	4319.83	0.00	11.89	2365.27
	4319.85	0.00	11.90	2400.34
	4319.86	0.00	11.92	2409.37
	4319.87	0.00	11.92	2411.37
	4319.88	0.00	11.91	2422.36
	4319.89	0.00	11.93	2439.33
	4319.90	0.00	11.92	2452.37
	4319.92	0.00	11.95	2461.37
	4319.93	0.00	11.99	2474.40
	4319.94	0.00	12.02	2465.39
	4319.95	0.00	12.07	2460.37
	4319.96	0.00	12.15	2453.33
	4319.98	0.00	12.21	2437.31
	4319.99	0.00	12.27	2435.29
	4320.00	0.00	12.36	2423.26
	4320.01	0.00	12.43	2404.24
	4320.02	0.00	12.52	2382.21
	4320.04	0.00	12.56	2368.23
	4320.05	0.00	12.62	2359.22
	4320.06	0.00	12.66	2352.22
	4320.07	0.00	12.72	2349.15
	4320.08	0.00	12.77	2339.14
	4320.10	0.00	12.80	2332.13
	4320.11	0.00	12.84	2328.10
	4320.12	0.00	12.87	2327.09
	4320.13	0.00	12.97	2318.88
	4320.14	0.00	13.04	2299.89
	4320.15	0.00	13.07	2299.90
	4320.17	0.00	13.07	2296.91
	4320.18	0.00	13.07	2290.95
	4320.19	0.00	13.04	2286.06
	4320.20	0.00	13.09	2288.07
	4320.21	0.00	13.14	2291.07
	4320.22	0.00	13.18	2286.05
	4320.24	0.00	13.24	2280.97
	4320.25	0.00	13.27	2270.94
	4320.26	0.00	13.36	2281.87
	4320.27	0.00	13.42	2283.75
	4320.28	0.00	13.49	2283.64
	4320.29	0.00	13.56	2298.54
	4320.31	0.00	13.60	2297.45
	4320.32	0.00	13.66	2298.35
	4320.33	0.00	13.78	2313.30
	4320.34	0.00	13.81	2303.21
	4320.35	0.00	13.91	2303.01
	4320.37	0.00	13.99	2300.84
	4320.38	0.00	14.03	2294.75
	4320.39	0.00	14.05	2281.71
	4320.40	0.00	14.10	2253.53
	4320.41	0.00	14.18	2245.32
	4320.43	0.00	14.20	2227.23
	4320.44	0.00	14.20	2183.12
	4320.45	0.00	14.22	2144.00
	4320.46	0.00	14.01	2078.10
	4320.47	0.00	13.89	2046.23
	4320.48	0.00	13.58	2001.66
	4320.50	0.00	13.41	1963.86
	4320.51	0.00	13.24	1939.06
	4320.52	0.00	13.15	1926.12
	4320.53	0.00	13.09	1900.13
	4320.54	0.00	13.07	1902.15
	4320.56	0.00	13.06	1901.16
	4320.57	0.00	13.17	1942.15
	4320.58	0.00	13.18	1944.14
	4320.59	0.00	13.18	1940.13
	4320.60	0.00	13.18	1934.12
	4320.62	0.00	13.16	1926.13
	4320.63	0.00	13.15	1918.13
	4320.64	0.00	13.17	1922.12
	4320.65	0.00	13.19	1923.06
	4320.66	0.00	13.16	1919.13
	4320.67	0.00	13.17	1921.13
	4320.69	0.00	13.18	1923.13
	4320.70	0.00	13.17	1924.15
	4320.71	0.00	13.17	1928.19
	4320.72	0.00	13.16	1928.19
	4320.73	0.00	13.16	1932.20
	4320.75	0.00	13.16	1941.21
	4320.76	0.00	13.17	1946.22
	4320.77	0.00	13.19	1952.18
	4320.78	0.00	13.22	1967.18
	4320.79	0.00	13.21	1970.19
	4320.80	0.00	13.23	1976.18
	4320.82	0.00	13.22	1982.18
	4320.83	0.00	13.22	1981.18
	4320.84	0.00	13.32	1981.93
	4320.85	0.00	13.33	1986.93
	4320.86	0.00	13.34	1989.94
	4320.87	0.00	13.32	1980.96
	4320.89	0.00	13.32	1982.96
	4320.90	0.00	13.32	1984.96
	4320.91	0.00	13.24	1976.12
	4320.92	0.00	13.21	1974.17
	4320.93	0.00	13.22	1976.17
	4320.95	0.00	13.23	1979.17
	4320.96	0.00	13.23	1981.18
	4320.97	0.00	13.22	1986.18
	4320.98	0.00	13.04	2014.40
	4320.99	0.00	12.73	2071.66
	4321.00	0.00	12.38	2169.89
	4321.02	0.00	12.13	2245.05
	4321.03	0.00	12.00	2295.13
	4321.04	0.00	11.97	2348.16
	4321.05	0.00	11.98	2380.20
	4321.06	0.00	11.97	2393.23
	4321.08	0.00	11.94	2405.22
	4321.09	0.00	11.90	2417.29
	4321.10	0.00	11.91	2442.32
	4321.11	0.00	11.88	2450.38
	4321.12	0.00	11.93	2477.40
	4321.13	0.00	11.96	2481.41
	4321.15	0.00	12.01	2477.35
	4321.16	0.00	12.03	2466.34
	4321.17	0.00	12.08	2463.33
	4321.18	0.00	12.12	2454.32
	4321.19	0.00	12.17	2442.30
	4321.21	0.00	12.22	2425.28
	4321.22	0.00	12.27	2416.26
	4321.23	0.00	12.32	2400.24
	4321.24	0.00	12.34	2382.23
	4321.25	0.00	12.42	2372.21
	4321.27	0.00	12.47	2363.20
	4321.28	0.00	12.51	2357.18
	4321.29	0.00	12.52	2348.22
	4321.30	0.00	12.53	2340.21
	4321.31	0.00	12.55	2338.21
	4321.33	0.00	12.56	2335.21
	4321.34	0.00	12.58	2335.17
	4321.35	0.00	12.57	2329.19
	4321.36	0.00	12.58	2334.20
	4321.37	0.00	12.58	2342.21
	4321.38	0.00	12.61	2339.11
	4321.40	0.00	12.61	2344.12
	4321.41	0.00	12.59	2342.14
	4321.42	0.00	12.59	2352.15
	4321.43	0.00	12.60	2352.18
	4321.44	0.00	12.56	2350.28
	4321.46	0.00	12.59	2355.29
	4321.47	0.00	12.64	2358.29
	4321.48	0.00	12.73	2369.28
	4321.49	0.00	12.82	2362.22
	4321.50	0.00	12.94	2366.18
	4321.51	0.00	13.12	2334.14
	4321.53	0.00	13.22	2327.07
	4321.54	0.00	13.36	2313.91
	4321.55	0.00	13.51	2309.67
	4321.56	0.00	13.57	2305.57
	4321.57	0.00	13.61	2305.48
	4321.59	0.00	13.65	2300.39
	4321.60	0.00	13.70	2291.28
	4321.61	0.00	13.75	2285.17
	4321.62	0.00	13.80	2262.02
	4321.63	0.00	13.92	2255.87
	4321.64	0.00	13.92	2227.82
	4321.66	0.00	13.80	2151.75
	4321.67	0.00	13.84	2091.49
	4321.68	0.00	13.79	2041.44
	4321.69	0.00	13.67	1988.49
	4321.70	0.00	13.39	1938.80
	4321.72	0.00	13.25	1907.91
	4321.73	0.00	13.08	1877.08
	4321.74	0.00	13.01	1865.16
	4321.75	0.00	13.06	1899.10
	4321.76	0.00	13.03	1886.10
	4321.77	0.00	13.16	1941.10
	4321.79	0.00	13.17	1942.10
	4321.80	0.00	13.15	1927.09
	4321.81	0.00	13.14	1923.09
	4321.82	0.00	13.15	1920.09
	4321.83	0.00	13.12	1913.09
	4321.85	0.00	13.13	1914.08
	4321.86	0.00	13.15	1916.08
	4321.87	0.00	13.16	1917.07
	4321.88	0.00	13.16	1920.08
	4321.89	0.00	13.16	1920.07
	4321.90	0.00	13.16	1920.07
	4321.92	0.00	13.15	1920.08
	4321.93	0.00	13.17	1924.06
	4321.94	0.00	13.18	1930.06
	4321.95	0.00	13.19	1935.06
	4321.96	0.00	13.20	1941.06
	4321.97	0.00	13.21	1946.06
	4321.99	0.00	13.21	1946.06
	4322.00	0.00	13.22	1947.06
	4322.01	0.00	13.20	1946.09
	4322.02	0.00	13.20	1948.09
	4322.03	0.00	13.19	1947.11
	4322.05	0.00	13.19	1947.11
	4322.06	0.00	13.20	1946.10
	4322.07	0.00	13.20	1945.10
	4322.08	0.00	13.19	1946.12
	4322.09	0.00	13.18	1942.13
	4322.10	0.00	13.19	1940.10
	4322.12	0.00	13.21	1942.08
	4322.13	0.00	13.21	1945.08
	4322.14	0.00	13.21	1951.10
	4322.15	0.00	13.20	1956.11
	4322.16	0.00	13.20	1959.11
	4322.18	0.00	13.22	1961.09
	4322.19	0.00	13.22	1961.08
	4322.20	0.00	13.24	1965.03
	4322.21	0.00	13.24	1965.02
	4322.22	0.00	13.24	1964.02
	4322.23	0.00	13.06	1998.29
	4322.25	0.00	12.68	2087.61
	4322.26	0.00	12.01	2257.90
	4322.27	0.00	11.67	2352.14
	4322.28	0.00	11.55	2393.23
	4322.29	0.00	11.59	2388.26
	4322.31	0.00	11.66	2371.26
	4322.32	0.00	11.71	2369.28
	4322.33	0.00	11.74	2377.34
	4322.34	0.00	11.70	2447.36
	4322.35	0.00	11.68	2466.43
	4322.36	0.00	11.63	2475.49
	4322.38	0.00	11.60	2480.52
	4322.39	0.00	11.52	2501.56
	4322.40	0.00	11.54	2493.52
	4322.41	0.00	11.64	2472.53
	4322.42	0.00	11.67	2460.53
	4322.44	0.00	11.73	2459.50
	4322.45	0.00	11.77	2447.51
	4322.46	0.00	11.83	2444.49
	4322.47	0.00	11.90	2429.47
	4322.48	0.00	11.98	2422.45
	4322.50	0.00	12.09	2404.37
	4322.51	0.00	12.17	2391.35
	4322.52	0.00	12.27	2379.32
	4322.53	0.00	12.37	2363.31
	4322.54	0.00	12.45	2345.28
	4322.55	0.00	12.55	2342.26
	4322.57	0.00	12.69	2327.22
	4322.58	0.00	12.81	2314.19
	4322.59	0.00	12.93	2288.18
	4322.60	0.00	13.12	2272.09
	4322.61	0.00	13.22	2267.00
	4322.62	0.00	13.32	2263.87
	4322.64	0.00	13.40	2257.71
	4322.65	0.00	13.46	2263.59
	4322.66	0.00	13.49	2264.55
	4322.67	0.00	13.52	2264.52
	4322.68	0.00	13.57	2263.39
	4322.70	0.00	13.69	2279.38
	4322.71	0.00	13.75	2276.26
	4322.72	0.00	13.88	2297.18
	4322.73	0.00	14.01	2309.01
	4322.74	0.00	14.12	2318.86
	4322.75	0.00	14.17	2323.81
	4322.77	0.00	14.26	2331.75
	4322.78	0.00	14.31	2330.71
	4322.79	0.00	14.39	2337.65
	4322.80	0.00	14.41	2335.69
	4322.81	0.00	14.45	2331.62
	4322.83	0.00	14.49	2303.46
	4322.84	0.00	14.60	2291.20
	4322.85	0.00	14.62	2274.04
	4322.86	0.00	14.60	2230.90
	4322.87	0.00	14.52	2185.79
	4322.88	0.00	14.33	2118.89
	4322.90	0.00	13.85	2019.35
	4322.91	0.00	13.38	1934.79
	4322.92	0.00	13.16	1899.08
	4322.93	0.00	13.03	1870.17
	4322.94	0.00	12.96	1856.21
	4322.96	0.00	12.95	1861.21
	4322.97	0.00	13.08	1920.20
	4322.98	0.00	13.10	1928.20
	4322.99	0.00	13.10	1927.21
	4323.00	0.00	13.09	1921.22
	4323.02	0.00	13.09	1923.23
	4323.03	0.00	13.07	1924.24
	4323.04	0.00	13.05	1927.31
	4323.05	0.00	13.04	1926.32
	4323.06	0.00	13.04	1925.32
	4323.07	0.00	13.06	1929.28
	4323.09	0.00	13.07	1935.29
	4323.10	0.00	13.06	1932.31
	4323.11	0.00	13.08	1932.30
	4323.12	0.00	13.07	1931.30
	4323.13	0.00	13.08	1934.30
	4323.14	0.00	13.08	1931.29
	4323.16	0.00	13.08	1927.26
	4323.17	0.00	13.08	1928.26
	4323.18	0.00	13.08	1927.25
	4323.19	0.00	13.08	1933.25
	4323.20	0.00	13.12	1952.25
	4323.22	0.00	13.13	1957.24
	4323.23	0.00	13.15	1961.21
	4323.24	0.00	13.14	1964.23
	4323.25	0.00	13.16	1971.22
	4323.26	0.00	13.16	1971.22
	4323.27	0.00	13.16	1974.21
	4323.29	0.00	13.15	1967.19
	4323.30	0.00	13.18	1969.13
	4323.31	0.00	13.18	1969.12
	4323.32	0.00	13.19	1969.12
	4323.33	0.00	13.19	1972.12
	4323.35	0.00	13.15	1957.11
	4323.36	0.00	13.21	1984.10
	4323.37	0.00	13.21	1984.10
	4323.38	0.00	13.21	1975.09
	4323.39	0.00	13.17	1962.09
	4323.40	0.00	13.20	1974.09
	4323.42	0.00	12.95	2004.45
	4323.43	0.00	12.46	2110.80
	4323.44	0.00	11.66	2343.15
	4323.45	0.00	11.29	2473.38
	4323.46	0.00	11.24	2501.53
	4323.47	0.00	11.31	2489.56
	4323.49	0.00	11.46	2455.56
	4323.50	0.00	11.52	2477.56
	4323.51	0.00	11.56	2507.59
	4323.52	0.00	11.58	2523.61
	4323.53	0.00	11.53	2513.63
	4323.55	0.00	11.59	2532.63
	4323.56	0.00	11.69	2531.41
	4323.57	0.00	11.74	2527.42
	4323.58	0.00	11.82	2503.39
	4323.59	0.00	11.90	2480.40
	4323.60	0.00	11.96	2457.50
	4323.62	0.00	12.07	2433.48
	4323.63	0.00	12.15	2403.45
	4323.64	0.00	12.27	2389.41
	4323.65	0.00	12.35	2355.34
	4323.66	0.00	12.47	2334.31
	4323.68	0.00	12.57	2321.27
	4323.69	0.00	12.66	2307.20
	4323.70	0.00	12.78	2291.09
	4323.71	0.00	12.95	2255.04
	4323.72	0.00	13.03	2237.96
	4323.74	0.00	13.12	2230.86
	4323.75	0.00	13.20	2234.75
	4323.76	0.00	13.23	2231.68
	4323.77	0.00	13.26	2231.63
	4323.78	0.00	13.32	2234.52
	4323.79	0.00	13.33	2236.55
	4323.81	0.00	13.36	2238.49
	4323.82	0.00	13.39	2241.44
	4323.83	0.00	13.43	2244.42
	4323.84	0.00	13.46	2249.40
	4323.85	0.00	13.58	2280.42
	4323.87	0.00	13.64	2289.38
	4323.88	0.00	13.65	2286.37
	4323.89	0.00	13.73	2298.30
	4323.90	0.00	13.81	2304.28
	4323.91	0.00	13.86	2313.27
	4323.92	0.00	14.06	2353.20
	4323.94	0.00	14.16	2368.14
	4323.95	0.00	14.21	2362.08
	4323.96	0.00	14.33	2370.93
	4323.97	0.00	14.42	2373.81
	4323.98	0.00	14.51	2374.66
	4324.00	0.00	14.59	2364.49
	4324.01	0.00	14.71	2344.15
	4324.02	0.00	14.80	2310.94
	4324.03	0.00	14.78	2263.79
	4324.04	0.00	14.57	2194.91
	4324.06	0.00	14.08	2115.55
	4324.07	0.00	13.69	2033.94
	4324.08	0.00	13.26	1940.13
	4324.09	0.00	12.97	1873.21
	4324.10	0.00	12.87	1860.34
	4324.11	0.00	13.23	2060.44
	4324.12	0.00	12.93	1923.43
	4324.14	0.00	12.90	1900.45
	4324.15	0.00	12.89	1897.46
	4324.16	0.00	12.89	1901.47
	4324.17	0.00	12.91	1907.47
	4324.18	0.00	12.93	1917.47
	4324.20	0.00	12.95	1928.47
	4324.21	0.00	12.96	1933.46
	4324.22	0.00	13.02	1943.34
	4324.23	0.00	13.08	1949.22
	4324.24	0.00	13.00	1955.43
	4324.25	0.00	13.13	1956.12
	4324.27	0.00	13.17	1960.06
	4324.28	0.00	13.16	1963.07
	4324.29	0.00	13.18	1970.06
	4324.30	0.00	13.19	1971.05
	4324.31	0.00	13.18	1964.06
	4324.33	0.00	13.19	1965.05
	4324.34	0.00	13.18	1969.09
	4324.35	0.00	13.07	1958.28
	4324.36	0.00	13.07	1960.30
	4324.37	0.00	13.08	1963.29
	4324.38	0.00	13.11	1961.29
	4324.40	0.00	13.11	1965.30
	4324.41	0.00	13.11	1970.31
	4324.42	0.00	13.11	1967.31
	4324.43	0.00	13.09	1954.25
	4324.44	0.00	13.11	1970.25
	4324.45	0.00	13.13	1976.25
	4324.47	0.00	13.11	1978.26
	4324.48	0.00	13.12	1981.25
	4324.49	0.00	13.15	1989.21
	4324.50	0.00	13.13	1985.23
	4324.51	0.00	13.12	1980.23
	4324.53	0.00	13.11	1976.23
	4324.54	0.00	13.09	1968.23
	4324.55	0.00	13.12	1979.23
	4324.56	0.00	13.12	1975.20
	4324.57	0.00	12.92	1991.58
	4324.58	0.00	12.47	2079.90
	4324.60	0.00	11.61	2334.32
	4324.61	0.00	11.15	2500.60
	4324.62	0.00	11.21	2521.67
	4324.63	0.00	11.35	2497.56
	4324.64	0.00	11.50	2488.55
	4324.66	0.00	11.65	2562.59
	4324.67	0.00	11.47	2497.63
	4324.68	0.00	11.57	2542.66
	4324.69	0.00	11.53	2533.71
	4324.70	0.00	11.59	2537.69
	4324.71	0.00	11.64	2534.69
	4324.73	0.00	11.73	2516.65
	4324.74	0.00	11.84	2494.62
	4324.75	0.00	11.93	2465.57
	4324.76	0.00	12.03	2442.52
	4324.77	0.00	12.10	2410.54
	4324.79	0.00	12.20	2382.51
	4324.80	0.00	12.30	2349.49
	4324.81	0.00	12.42	2308.44
	4324.82	0.00	12.55	2290.38
	4324.83	0.00	12.67	2260.34
	4324.85	0.00	12.87	2224.28
	4324.86	0.00	12.98	2202.22
	4324.87	0.00	13.15	2193.98
	4324.88	0.00	13.24	2199.81
	4324.89	0.00	13.30	2197.66
	4324.90	0.00	13.32	2197.61
	4324.92	0.00	13.34	2194.59
	4324.93	0.00	13.39	2194.62
	4324.94	0.00	13.44	2203.56
	4324.95	0.00	13.49	2205.52
	4324.96	0.00	13.52	2204.48
	4324.98	0.00	13.56	2198.38
	4324.99	0.00	13.58	2202.38
	4325.00	0.00	13.71	2218.39
	4325.01	0.00	13.78	2235.33
	4325.02	0.00	13.85	2251.28
	4325.04	0.00	13.91	2261.26
	4325.05	0.00	14.02	2284.22
	4325.06	0.00	14.06	2292.24
	4325.07	0.00	14.11	2298.24
	4325.08	0.00	14.16	2309.21
	4325.09	0.00	14.17	2305.21
	4325.10	0.00	14.20	2301.20
	4325.12	0.00	14.26	2304.12
	4325.13	0.00	14.34	2302.00
	4325.14	0.00	14.44	2294.75
	4325.15	0.00	14.43	2276.70
	4325.16	0.00	14.53	2245.36
	4325.18	0.00	14.55	2209.21
	4325.19	0.00	14.21	2142.67
	4325.20	0.00	13.93	2072.79
	4325.21	0.00	13.43	1963.06
	4325.22	0.00	13.11	1876.19
	4325.23	0.00	12.83	1826.40
	4325.25	0.00	12.77	1811.42
	4325.26	0.00	12.78	1830.39
	4325.27	0.00	12.92	1884.40
	4325.28	0.00	12.90	1879.43
	4325.29	0.00	12.91	1876.43
	4325.31	0.00	12.87	1852.45
	4325.32	0.00	12.88	1856.45
	4325.33	0.00	12.87	1857.47
	4325.34	0.00	12.90	1862.45
	4325.35	0.00	12.90	1865.45
	4325.37	0.00	12.91	1865.45
	4325.38	0.00	12.91	1868.45
	4325.39	0.00	12.98	1904.40
	4325.40	0.00	12.99	1904.39
	4325.41	0.00	12.98	1904.39
	4325.42	0.00	12.99	1907.38
	4325.44	0.00	12.99	1907.39
	4325.45	0.00	12.99	1910.39
	4325.46	0.00	13.01	1920.38
	4325.47	0.00	13.03	1935.39
	4325.48	0.00	13.06	1946.36
	4325.50	0.00	13.08	1964.34
	4325.51	0.00	13.08	1966.35
	4325.52	0.00	13.07	1972.38
	4325.53	0.00	13.07	1975.41
	4325.54	0.00	13.06	1972.42
	4325.55	0.00	13.05	1974.42
	4325.57	0.00	13.06	1974.43
	4325.58	0.00	13.06	1972.42
	4325.59	0.00	13.06	1969.42
	4325.60	0.00	13.08	1969.37
	4325.61	0.00	13.08	1971.38
	4325.62	0.00	13.08	1970.39
	4325.64	0.00	13.08	1973.39
	4325.65	0.00	13.08	1974.39
	4325.66	0.00	13.07	1977.39
	4325.67	0.00	13.08	1978.39
	4325.68	0.00	13.08	1979.38
	4325.70	0.00	13.14	1978.24
	4325.71	0.00	13.16	1982.20
	4325.72	0.00	13.10	1988.34
	4325.73	0.00	12.90	2016.57
	4325.74	0.00	12.34	2130.04
	4325.75	0.00	11.66	2325.39
	4325.77	0.00	11.33	2440.62
	4325.78	0.00	11.32	2452.68
	4325.79	0.00	11.46	2425.69
	4325.80	0.00	11.51	2434.67
	4325.81	0.00	11.58	2451.68
	4325.83	0.00	11.66	2462.68
	4325.84	0.00	11.59	2419.65
	4325.85	0.00	11.73	2469.64
	4325.86	0.00	11.77	2469.67
	4325.87	0.00	11.85	2482.66
	4325.88	0.00	11.95	2479.59
	4325.90	0.00	12.04	2465.57
	4325.91	0.00	12.10	2442.57
	4325.92	0.00	12.20	2426.51
	4325.93	0.00	12.26	2401.50
	4325.94	0.00	12.36	2375.47
	4325.96	0.00	12.43	2351.45
	4325.97	0.00	12.51	2327.43
	4325.98	0.00	12.58	2305.40
	4325.99	0.00	12.63	2285.33
	4326.00	0.00	12.75	2254.29
	4326.02	0.00	12.85	2236.25
	4326.03	0.00	12.94	2213.17
	4326.04	0.00	12.97	2196.09
	4326.05	0.00	13.06	2191.01
	4326.06	0.00	13.12	2189.92
	4326.07	0.00	13.17	2189.81
	4326.09	0.00	13.22	2200.74
	4326.10	0.00	13.25	2201.69
	4326.11	0.00	13.31	2212.64
	4326.12	0.00	13.33	2214.65
	4326.13	0.00	13.38	2226.62
	4326.15	0.00	13.40	2234.61
	4326.16	0.00	13.43	2245.62
	4326.17	0.00	13.45	2251.62
	4326.18	0.00	13.49	2258.59
	4326.19	0.00	13.70	2307.58
	4326.20	0.00	13.78	2318.54
	4326.22	0.00	13.83	2330.52
	4326.23	0.00	13.90	2345.50
	4326.24	0.00	13.97	2360.49
	4326.25	0.00	14.04	2373.48
	4326.26	0.00	14.14	2389.38
	4326.27	0.00	14.23	2404.32
	4326.29	0.00	14.26	2402.28
	4326.30	0.00	14.29	2400.20
	4326.31	0.00	14.35	2391.07
	4326.32	0.00	14.34	2356.96
	4326.33	0.00	14.33	2333.86
	4326.35	0.00	14.54	2287.31
	4326.36	0.00	14.60	2248.02
	4326.37	0.00	14.55	2195.89
	4326.38	0.00	14.37	2144.01
	4326.39	0.00	13.96	2041.37
	4326.40	0.00	13.49	1972.98
	4326.42	0.00	13.09	1881.19
	4326.43	0.00	12.87	1808.38
	4326.44	0.00	12.77	1794.46
	4326.45	0.00	12.69	1784.53
	4326.46	0.00	12.77	1834.46
	4326.47	0.00	12.91	1888.48
	4326.49	0.00	12.84	1844.54
	4326.50	0.00	12.83	1855.54
	4326.51	0.00	12.84	1859.54
	4326.52	0.00	12.84	1861.54
	4326.54	0.00	12.89	1881.52
	4326.55	0.00	12.87	1880.55
	4326.56	0.00	12.89	1881.54
	4326.57	0.00	12.88	1878.55
	4326.58	0.00	12.94	1915.49
	4326.59	0.00	12.95	1920.50
	4326.60	0.00	12.96	1925.48
	4326.62	0.00	12.96	1922.47
	4326.63	0.00	12.95	1918.46
	4326.64	0.00	12.97	1928.47
	4326.65	0.00	12.97	1933.47
	4326.66	0.00	12.99	1934.46
	4326.68	0.00	13.00	1938.45
	4326.69	0.00	13.00	1940.45
	4326.70	0.00	13.03	1942.38
	4326.71	0.00	13.05	1945.36
	4326.72	0.00	13.06	1947.34
	4326.73	0.00	13.09	1947.27
	4326.75	0.00	13.07	1949.32
	4326.76	0.00	13.07	1949.31
	4326.77	0.00	13.07	1948.31
	4326.78	0.00	13.07	1950.30
	4326.79	0.00	13.08	1951.29
	4326.81	0.00	13.08	1952.28
	4326.82	0.00	13.08	1958.26
	4326.83	0.00	13.08	1957.25
	4326.84	0.00	13.09	1960.25
	4326.85	0.00	13.09	1961.25
	4326.86	0.00	13.09	1966.25
	4326.88	0.00	13.10	1967.25
	4326.89	0.00	13.11	1964.24
	4326.90	0.00	13.10	1963.24
	4326.91	0.00	13.10	1954.23
	4326.92	0.00	12.98	1971.50
	4326.93	0.00	12.64	2016.78
	4326.95	0.00	11.94	2195.12
	4326.96	0.00	11.40	2362.42
	4326.97	0.00	11.26	2421.55
	4326.98	0.00	11.30	2434.58
	4326.99	0.00	11.41	2416.55
	4327.01	0.00	11.52	2390.61
	4327.02	0.00	11.45	2402.69
	4327.03	0.00	11.45	2440.72
	4327.04	0.00	11.49	2456.72
	4327.05	0.00	11.53	2465.73
	4327.06	0.00	11.60	2482.71
	4327.08	0.00	11.66	2484.71
	4327.09	0.00	11.74	2479.70
	4327.10	0.00	11.86	2468.56
	4327.11	0.00	11.98	2455.52
	4327.12	0.00	12.08	2428.50
	4327.14	0.00	12.22	2413.47
	4327.15	0.00	12.31	2387.53
	4327.16	0.00	12.42	2358.50
	4327.17	0.00	12.55	2338.46
	4327.18	0.00	12.77	2287.42
	4327.20	0.00	12.95	2254.32
	4327.21	0.00	13.05	2253.27
	4327.22	0.00	13.15	2244.17
	4327.23	0.00	13.26	2254.02
	4327.24	0.00	13.37	2261.83
	4327.26	0.00	13.43	2277.79
	4327.27	0.00	13.47	2279.73
	4327.28	0.00	13.50	2285.69
	4327.29	0.00	13.52	2288.66
	4327.30	0.00	13.52	2287.65
	4327.31	0.00	13.53	2287.63
	4327.33	0.00	13.53	2283.63
	4327.34	0.00	13.53	2275.61
	4327.35	0.00	13.54	2276.59
	4327.36	0.00	13.66	2287.51
	4327.37	0.00	13.69	2290.48
	4327.39	0.00	13.82	2315.47
	4327.40	0.00	13.87	2315.44
	4327.41	0.00	13.89	2307.42
	4327.42	0.00	13.93	2307.38
	4327.43	0.00	13.98	2311.36
	4327.44	0.00	14.04	2316.31
	4327.46	0.00	14.05	2309.31
	4327.47	0.00	14.05	2282.26
	4327.48	0.00	14.10	2288.21
	4327.49	0.00	14.12	2282.18
	4327.50	0.00	14.14	2275.15
	4327.52	0.00	14.14	2261.09
	4327.53	0.00	14.14	2231.99
	4327.54	0.00	14.08	2204.97
	4327.55	0.00	14.06	2170.84
	4327.56	0.00	13.93	2119.88
	4327.57	0.00	13.65	2043.04
	4327.59	0.00	13.29	1957.19
	4327.60	0.00	12.97	1874.27
	4327.61	0.00	12.83	1839.38
	4327.62	0.00	12.74	1827.47
	4327.63	0.00	12.73	1831.51
	4327.64	0.00	12.75	1848.50
	4327.66	0.00	12.85	1887.49
	4327.67	0.00	12.89	1895.45
	4327.68	0.00	12.90	1893.44
	4327.69	0.00	12.89	1894.45
	4327.70	0.00	12.90	1898.45
	4327.71	0.00	12.90	1898.45
	4327.73	0.00	12.91	1895.44
	4327.74	0.00	12.91	1899.47
	4327.75	0.00	12.89	1890.50
	4327.76	0.00	12.87	1882.52
	4327.77	0.00	12.98	1884.25
	4327.79	0.00	13.02	1890.20
	4327.80	0.00	13.02	1891.21
	4327.81	0.00	13.01	1891.22
	4327.82	0.00	13.03	1906.22
	4327.83	0.00	13.10	1943.18
	4327.85	0.00	13.00	1926.34
	4327.86	0.00	12.97	1928.42
	4327.87	0.00	13.00	1928.38
	4327.88	0.00	12.98	1914.43
	4327.89	0.00	13.00	1927.43
	4327.90	0.00	13.01	1904.37
	4327.92	0.00	13.03	1916.37
	4327.93	0.00	13.04	1917.37
	4327.94	0.00	13.04	1918.37
	4327.95	0.00	13.03	1922.37
	4327.96	0.00	13.03	1924.38
	4327.97	0.00	13.06	1932.33
	4327.99	0.00	13.04	1926.36
	4328.00	0.00	13.02	1918.39
	4328.01	0.00	13.00	1907.41
	4328.02	0.00	13.00	1907.40
	4328.03	0.00	13.02	1915.38
	4328.05	0.00	13.02	1917.38
	4328.06	0.00	13.03	1927.40
	4328.07	0.00	13.04	1935.40
	4328.08	0.00	13.05	1937.39
	4328.09	0.00	13.07	1943.38
	4328.10	0.00	13.06	1945.38
	4328.12	0.00	13.10	1951.32
	4328.13	0.00	13.13	1956.26
	4328.14	0.00	13.02	1982.48
	4328.15	0.00	12.61	2044.88
	4328.16	0.00	11.78	2298.29
	4328.17	0.00	11.26	2487.67
	4328.19	0.00	11.22	2520.80
	4328.20	0.00	11.33	2501.79
	4328.21	0.00	11.42	2496.73
	4328.22	0.00	11.56	2493.68
	4328.23	0.00	11.65	2485.64
	4328.25	0.00	11.78	2503.63
	4328.26	0.00	11.86	2518.61
	4328.27	0.00	11.92	2508.59
	4328.28	0.00	11.98	2498.57
	4328.29	0.00	11.99	2469.61
	4328.31	0.00	12.05	2442.61
	4328.32	0.00	12.11	2406.57
	4328.33	0.00	12.16	2372.54
	4328.34	0.00	12.24	2348.50
	4328.35	0.00	12.33	2322.49
	4328.37	0.00	12.40	2307.47
	4328.38	0.00	12.47	2294.46
	4328.39	0.00	12.58	2293.30
	4328.40	0.00	12.69	2273.29
	4328.41	0.00	12.74	2258.27
	4328.42	0.00	12.76	2247.25
	4328.44	0.00	12.83	2252.22
	4328.45	0.00	12.81	2245.32
	4328.46	0.00	12.86	2248.28
	4328.47	0.00	12.87	2251.31
	4328.48	0.00	12.92	2253.26
	4328.50	0.00	12.93	2254.27
	4328.51	0.00	12.94	2257.28
	4328.52	0.00	12.96	2262.28
	4328.53	0.00	13.00	2259.27
	4328.54	0.00	13.04	2263.22
	4328.56	0.00	13.08	2268.23
	4328.57	0.00	13.10	2268.24
	4328.58	0.00	13.11	2268.23
	4328.59	0.00	13.11	2271.22
	4328.60	0.00	13.10	2269.25
	4328.61	0.00	13.17	2286.13
	4328.63	0.00	13.13	2281.23
	4328.64	0.00	13.17	2292.23
	4328.65	0.00	13.18	2291.22
	4328.66	0.00	13.20	2286.13
	4328.67	0.00	13.22	2294.13
	4328.68	0.00	13.22	2292.12
	4328.70	0.00	13.23	2291.12
	4328.71	0.00	13.22	2290.13
	4328.72	0.00	13.20	2286.12
	4328.73	0.00	13.19	2285.12
	4328.74	0.00	13.17	2287.13
	4328.76	0.00	13.16	2284.15
	4328.77	0.00	13.15	2290.16
	4328.78	0.00	13.11	2300.18
	4328.79	0.00	13.07	2311.21
	4328.80	0.00	13.02	2322.25
	4328.81	0.00	12.97	2329.30
	4328.83	0.00	12.93	2337.33
	4328.84	0.00	12.85	2352.35
	4328.85	0.00	12.82	2349.37
	4328.86	0.00	12.81	2364.37
	4328.87	0.00	12.77	2364.39
	4328.89	0.00	12.75	2362.41
	4328.90	0.00	12.75	2359.42
	4328.91	0.00	12.79	2351.28
	4328.92	0.00	12.80	2343.26
	4328.93	0.00	12.80	2329.25
	4328.94	0.00	12.81	2327.24
	4328.96	0.00	12.75	2310.37
	4328.97	0.00	12.70	2301.43
	4328.98	0.00	12.71	2295.43
	4328.99	0.00	12.68	2286.43
	4329.00	0.00	12.66	2272.39
	4329.02	0.00	12.65	2270.40
	4329.03	0.00	12.65	2269.41
	4329.04	0.00	12.64	2262.38
	4329.05	0.00	12.63	2260.39
	4329.06	0.00	12.63	2258.40
	4329.08	0.00	12.62	2252.39
	4329.09	0.00	12.59	2247.41
	4329.10	0.00	12.58	2239.39
	4329.11	0.00	12.55	2233.43
	4329.12	0.00	12.56	2237.43
	4329.13	0.00	12.57	2235.42
	4329.15	0.00	12.58	2228.42
	4329.16	0.00	12.59	2225.42
	4329.17	0.00	12.59	2220.42
	4329.18	0.00	12.64	2202.40
	4329.19	0.00	12.65	2194.36
	4329.20	0.00	12.66	2192.35
	4329.22	0.00	12.68	2190.35
	4329.23	0.00	12.68	2184.33
	4329.24	0.00	12.68	2183.34
	4329.25	0.00	12.69	2179.34
	4329.27	0.00	12.67	2159.33
	4329.28	0.00	12.68	2154.34
	4329.29	0.00	12.68	2147.33
	4329.30	0.00	12.72	2145.33
	4329.31	0.00	12.72	2145.32
	4329.32	0.00	12.73	2143.32
	4329.33	0.00	12.73	2141.31
	4329.35	0.00	12.73	2141.31
	4329.36	0.00	12.73	2136.31
	4329.37	0.00	12.75	2138.31
	4329.38	0.00	12.75	2139.31
	4329.39	0.00	12.77	2136.30
	4329.41	0.00	12.77	2135.29
	4329.42	0.00	12.76	2129.29
	4329.43	0.00	12.78	2133.29
	4329.44	0.00	12.76	2129.33
	4329.45	0.00	12.76	2129.34
	4329.46	0.00	12.76	2129.35
	4329.48	0.00	12.76	2130.36
	4329.49	0.00	12.77	2126.36
	4329.50	0.00	12.78	2127.31
	4329.51	0.00	12.79	2125.32
	4329.52	0.00	12.79	2123.33
	4329.54	0.00	12.79	2120.34
	4329.55	0.00	12.79	2119.33
	4329.56	0.00	12.79	2121.33
	4329.57	0.00	12.84	2112.18
	4329.58	0.00	12.89	2118.06
	4329.60	0.00	12.89	2120.08
	4329.61	0.00	12.89	2121.09
	4329.62	0.00	12.88	2115.10
	4329.63	0.00	12.89	2119.11
	4329.64	0.00	12.86	2107.10
	4329.65	0.00	12.87	2113.11
	4329.67	0.00	12.83	2101.14
	4329.68	0.00	12.80	2100.22
	421
	4335.41	0.00	12.78	2084.20
	4335.42	0.00	12.80	2087.18
	4335.43	0.00	12.78	2082.20
	4335.45	0.00	12.79	2088.20
	4335.46	0.00	12.79	2087.20
	4335.47	0.00	12.79	2088.20
	4335.48	0.00	12.80	2091.19
	4335.49	0.00	12.77	2078.19
	4335.50	0.00	12.77	2078.19
	4335.52	0.00	12.77	2077.20
	4335.53	0.00	12.78	2080.19
	4335.54	0.00	12.78	2078.19
	4335.55	0.00	12.78	2081.19
	4335.56	0.00	12.78	2081.20
	4335.58	0.00	12.79	2083.18
	4335.59	0.00	12.78	2078.18
	4335.60	0.00	12.78	2077.18
	4335.61	0.00	12.79	2084.20
	4335.62	0.00	12.80	2086.18
	4335.63	0.00	12.80	2087.18
	4335.65	0.00	12.81	2090.18
	4335.66	0.00	12.84	2091.09
	4335.67	0.00	12.79	2089.22
	4335.68	0.00	12.80	2093.23
	4335.69	0.00	12.79	2090.24
	4335.70	0.00	12.80	2093.25
	4335.72	0.00	12.81	2096.24
	4335.73	0.00	12.80	2096.25
	4335.74	0.00	12.81	2096.21
	4335.75	0.00	12.83	2096.18
	4335.76	0.00	12.81	2095.23
	4335.78	0.00	12.82	2087.23
	4335.79	0.00	12.83	2092.23
	4335.80	0.00	12.83	2094.24
	4335.81	0.00	12.92	2091.00
	4335.82	0.00	12.93	2093.97
	4335.83	0.00	12.93	2096.99
	4335.85	0.00	12.92	2090.01
	4335.86	0.00	12.93	2092.00
	4335.87	0.00	12.92	2085.00
	4335.88	0.00	12.91	2074.98
	4335.89	0.00	12.88	2076.07
	4335.91	0.00	12.86	2078.12
	4335.92	0.00	12.87	2069.12
	4335.93	0.00	12.87	2070.12
	4335.94	0.00	12.87	2071.13
	4335.95	0.00	12.87	2070.12
	4335.96	0.00	12