2435.75
	4854.85	0.00	12.61	2431.70
	4854.87	0.00	12.61	2436.71
	4854.88	0.00	12.61	2440.73
	4854.89	0.00	12.62	2440.72
	4854.90	0.00	12.61	2441.72
	4854.91	0.00	12.61	2442.72
	4854.92	0.00	12.61	2442.73
	4854.94	0.00	12.62	2443.72
	4854.95	0.00	12.61	2437.70
	4854.96	0.00	12.61	2439.70
	4854.97	0.00	12.62	2442.70
	4854.98	0.00	12.62	2442.69
	4855.00	0.00	12.61	2444.70
	4855.01	0.00	12.59	2450.72
	4855.02	0.00	12.60	2453.70
	4855.03	0.00	12.56	2435.70
	4855.04	0.00	12.56	2439.70
	4855.05	0.00	12.57	2442.70
	4855.07	0.00	12.57	2444.69
	4855.08	0.00	12.58	2445.69
	4855.09	0.00	12.58	2443.69
	4855.10	0.00	12.59	2444.66
	4855.11	0.00	12.59	2451.69
	4855.13	0.00	12.60	2453.69
	4855.14	0.00	12.60	2453.69
	4855.15	0.00	12.60	2452.67
	4855.16	0.00	12.59	2453.70
	4855.17	0.00	12.58	2450.74
	4855.18	0.00	12.58	2450.74
	4855.20	0.00	12.57	2450.77
	4855.21	0.00	12.56	2447.76
	4855.22	0.00	12.56	2452.77
	4855.23	0.00	12.57	2446.74
	4855.24	0.00	12.58	2449.74
	4855.26	0.00	12.59	2450.75
	4855.27	0.00	12.58	2448.76
	4855.28	0.00	12.58	2446.76
	4855.29	0.00	12.68	2446.46
	4855.30	0.00	12.69	2443.47
	4855.31	0.00	12.68	2435.48
	4855.33	0.00	12.68	2430.50
	4855.34	0.00	12.69	2428.49
	4855.35	0.00	12.62	2412.62
	4855.36	0.00	12.61	2412.67
	4855.37	0.00	12.61	2410.68
	4855.39	0.00	12.61	2401.69
	4855.40	0.00	12.63	2407.69
	4855.41	0.00	12.63	2408.70
	4855.42	0.00	12.60	2383.67
	4855.43	0.00	12.61	2394.69
	4855.44	0.00	12.63	2395.70
	4855.46	0.00	12.64	2391.70
	4855.47	0.00	12.64	2386.70
	4855.48	0.00	12.65	2390.70
	4855.49	0.00	12.65	2389.70
	4855.50	0.00	12.65	2385.69
	4855.52	0.00	12.67	2393.68
	4855.53	0.00	12.67	2393.69
	4855.54	0.00	12.68	2390.70
	4855.55	0.00	12.68	2391.70
	4855.56	0.00	12.67	2394.70
	4855.58	0.00	12.68	2390.70
	4855.59	0.00	12.68	2387.66
	4855.60	0.00	12.70	2390.62
	4855.61	0.00	12.70	2391.66
	4855.62	0.00	12.70	2391.66
	4855.63	0.00	12.70	2388.66
	4855.65	0.00	12.69	2382.66
	4855.66	0.00	12.69	2380.66
	4855.67	0.00	12.70	2375.65
	4855.68	0.00	12.70	2372.65
	4855.69	0.00	12.71	2363.61
	4855.70	0.00	12.72	2364.61
	4855.72	0.00	12.71	2366.60
	4855.73	0.00	12.72	2363.60
	4855.74	0.00	12.73	2359.60
	4855.75	0.00	12.74	2354.59
	4855.76	0.00	12.73	2347.59
	4855.78	0.00	12.71	2333.59
	4855.79	0.00	12.72	2334.58
	4855.80	0.00	12.73	2335.57
	4855.81	0.00	12.74	2336.57
	4855.82	0.00	12.74	2336.57
	4855.83	0.00	12.74	2332.57
	4855.85	0.00	12.75	2338.57
	4855.86	0.00	12.76	2341.56
	4855.87	0.00	12.77	2341.57
	4855.88	0.00	12.77	2343.56
	4855.89	0.00	12.77	2341.56
	4855.91	0.00	12.78	2341.56
	4855.92	0.00	12.78	2340.56
	4855.93	0.00	12.77	2340.60
	4855.94	0.00	12.77	2341.60
	4855.95	0.00	12.78	2341.59
	4855.96	0.00	12.78	2340.61
	4855.98	0.00	12.77	2338.62
	4855.99	0.00	12.74	2350.62
	4856.00	0.00	12.73	2354.62
	4856.01	0.00	12.73	2355.61
	4856.02	0.00	12.75	2359.58
	4856.04	0.00	12.74	2359.59
	4856.05	0.00	12.77	2360.52
	4856.06	0.00	12.75	2359.59
	4856.07	0.00	12.76	2361.59
	4856.08	0.00	12.74	2357.59
	4856.10	0.00	12.77	2354.58
	4856.11	0.00	12.77	2350.57
	4856.12	0.00	12.85	2325.56
	4856.13	0.00	13.03	2313.19
	4856.14	0.00	13.09	2294.22
	4856.15	0.00	13.12	2281.20
	4856.17	0.00	13.14	2268.17
	4856.18	0.00	13.16	2248.15
	4856.19	0.00	13.19	2241.08
	4856.20	0.00	13.22	2235.01
	4856.21	0.00	13.25	2228.96
	4856.22	0.00	13.27	2224.93
	4856.24	0.00	13.29	2226.89
	4856.25	0.00	13.27	2208.84
	4856.26	0.00	13.25	2207.90
	4856.27	0.00	13.27	2206.84
	4856.29	0.00	13.26	2203.83
	4856.30	0.00	13.23	2205.94
	4856.31	0.00	13.21	2204.97
	4856.32	0.00	13.22	2204.95
	4856.33	0.00	13.19	2199.00
	4856.34	0.00	13.21	2207.99
	4856.35	0.00	13.22	2206.98
	4856.37	0.00	13.22	2205.98
	4856.38	0.00	13.23	2203.00
	4856.39	0.00	13.23	2205.99
	4856.40	0.00	13.23	2206.99
	4856.41	0.00	13.23	2204.99
	4856.43	0.00	13.23	2209.00
	4856.44	0.00	13.23	2192.96
	4856.45	0.00	13.24	2208.99
	4856.46	0.00	13.23	2196.95
	4856.47	0.00	13.19	2180.97
	4856.48	0.00	13.20	2187.98
	4856.50	0.00	13.21	2192.99
	4856.51	0.00	13.22	2195.99
	4856.52	0.00	13.22	2194.99
	4856.53	0.00	13.22	2192.98
	4856.54	0.00	13.22	2191.98
	4856.56	0.00	13.22	2193.99
	4856.57	0.00	13.23	2192.99
	4856.58	0.00	13.22	2196.00
	4856.59	0.00	13.23	2199.99
	4856.60	0.00	13.22	2198.99
	4856.61	0.00	13.22	2193.96
	4856.63	0.00	13.22	2193.96
	4856.64	0.00	13.21	2186.97
	4856.65	0.00	13.23	2195.96
	4856.66	0.00	13.24	2202.97
	4856.67	0.00	13.25	2205.94
	4856.68	0.00	13.25	2210.98
	4856.70	0.00	13.24	2206.98
	4856.71	0.00	13.24	2207.98
	4856.72	0.00	13.24	2207.98
	4856.73	0.00	13.25	2207.98
	4856.74	0.00	13.24	2208.98
	4856.76	0.00	13.24	2207.98
	4856.77	0.00	13.24	2208.99
	4856.78	0.00	13.25	2205.95
	4856.79	0.00	13.25	2209.94
	4856.80	0.00	13.25	2209.94
	4856.81	0.00	13.26	2208.94
	4856.83	0.00	13.25	2206.94
	4856.84	0.00	13.26	2210.93
	4856.85	0.00	13.26	2209.93
	4856.86	0.00	13.26	2211.93
	4856.87	0.00	13.26	2209.93
	4856.89	0.00	13.26	2208.93
	4856.90	0.00	13.26	2210.93
	4856.91	0.00	13.26	2206.93
	4856.92	0.00	13.26	2205.93
	4856.93	0.00	13.26	2205.93
	4856.94	0.00	13.25	2204.94
	4856.96	0.00	13.25	2206.93
	4856.97	0.00	13.26	2199.89
	4856.98	0.00	13.26	2200.89
	4856.99	0.00	13.27	2202.89
	4857.00	0.00	13.26	2202.90
	4857.02	0.00	13.25	2197.90
	4857.03	0.00	13.26	2202.90
	4857.04	0.00	13.26	2200.90
	4857.05	0.00	13.27	2202.89
	4857.06	0.00	13.27	2202.87
	4857.08	0.00	13.24	2190.89
	4857.09	0.00	13.23	2185.89
	4857.10	0.00	13.24	2188.89
	4857.11	0.00	13.24	2186.88
	4857.12	0.00	13.26	2189.83
	4857.13	0.00	13.25	2188.88
	4857.15	0.00	13.25	2188.88
	4857.16	0.00	13.25	2188.88
	4857.17	0.00	13.25	2188.88
	4857.18	0.00	13.25	2186.88
	4857.19	0.00	13.26	2190.87
	4857.20	0.00	13.26	2193.87
	4857.22	0.00	13.26	2191.87
	4857.23	0.00	13.26	2194.87
	4857.24	0.00	13.28	2194.83
	4857.25	0.00	13.27	2194.88
	4857.26	0.00	13.27	2194.87
	4857.28	0.00	13.27	2194.87
	4857.29	0.00	13.29	2195.82
	4857.30	0.00	13.26	2194.89
	4857.31	0.00	13.24	2193.92
	4857.32	0.00	13.25	2195.93
	4857.33	0.00	13.24	2194.94
	4857.35	0.00	13.23	2194.95
	4857.36	0.00	13.24	2196.95
	4857.37	0.00	13.24	2195.94
	4857.38	0.00	13.25	2197.92
	4857.39	0.00	13.25	2195.92
	4857.40	0.00	13.26	2198.91
	4857.42	0.00	13.25	2198.92
	4857.43	0.00	13.25	2198.93
	4857.44	0.00	13.25	2199.94
	4857.45	0.00	13.24	2198.94
	4857.46	0.00	13.24	2201.94
	4857.48	0.00	13.35	2200.65
	4857.49	0.00	13.36	2201.64
	4857.50	0.00	13.36	2202.63
	4857.51	0.00	13.36	2202.63
	4857.52	0.00	13.36	2203.65
	4857.54	0.00	13.35	2196.66
	4857.55	0.00	13.35	2197.66
	4857.56	0.00	13.35	2198.67
	4857.57	0.00	13.33	2180.64
	4857.58	0.00	13.28	2180.75
	4857.59	0.00	13.28	2180.76
	4857.61	0.00	13.27	2181.78
	4857.62	0.00	13.26	2182.82
	4857.63	0.00	13.25	2174.85
	4857.64	0.00	13.26	2179.87
	4857.65	0.00	13.26	2179.88
	4857.66	0.00	13.26	2181.89
	4857.68	0.00	13.22	2154.87
	4857.69	0.00	13.23	2163.89
	4857.70	0.00	13.23	2161.88
	4857.71	0.00	13.22	2162.89
	4857.72	0.00	13.23	2169.90
	4857.74	0.00	13.25	2176.89
	4857.75	0.00	13.25	2178.91
	4857.76	0.00	13.25	2177.90
	4857.77	0.00	13.25	2178.90
	4857.78	0.00	13.24	2181.91
	4857.79	0.00	13.24	2184.91
	4857.81	0.00	13.23	2178.90
	4857.82	0.00	13.25	2188.89
	4857.83	0.00	13.26	2199.90
	4857.84	0.00	13.26	2199.91
	4857.85	0.00	13.27	2198.88
	4857.87	0.00	13.27	2197.91
	4857.88	0.00	13.26	2198.91
	4857.89	0.00	13.26	2199.91
	4857.90	0.00	13.26	2200.92
	4857.91	0.00	13.27	2202.88
	4857.92	0.00	13.28	2205.87
	4857.94	0.00	13.28	2206.87
	4857.95	0.00	13.28	2204.87
	4857.96	0.00	13.28	2205.87
	4857.97	0.00	13.28	2204.87
	4857.98	0.00	13.27	2205.88
	4858.00	0.00	13.28	2207.87
	4858.01	0.00	13.28	2204.86
	4858.02	0.00	13.28	2200.84
	4858.03	0.00	13.28	2203.84
	4858.04	0.00	13.28	2205.85
	4858.05	0.00	13.28	2202.85
	4858.06	0.00	13.28	2204.85
	4858.08	0.00	13.29	2204.85
	4858.09	0.00	13.28	2205.85
	4858.10	0.00	13.29	2205.84
	4858.11	0.00	13.24	2183.84
	4858.12	0.00	13.25	2191.85
	4858.14	0.00	13.26	2192.84
	4858.15	0.00	13.27	2190.84
	4858.16	0.00	13.27	2191.83
	4858.17	0.00	13.26	2192.84
	4858.18	0.00	13.27	2192.84
	4858.19	0.00	13.27	2192.84
	4858.21	0.00	13.26	2188.84
	4858.22	0.00	13.27	2193.84
	4858.23	0.00	13.27	2195.84
	4858.24	0.00	13.28	2192.83
	4858.25	0.00	13.27	2190.84
	4858.27	0.00	13.28	2192.84
	4858.28	0.00	13.28	2197.84
	4858.29	0.00	13.31	2198.75
	4858.30	0.00	13.29	2200.80
	4858.31	0.00	13.29	2196.82
	4858.33	0.00	13.28	2195.84
	4858.34	0.00	13.27	2196.86
	4858.35	0.00	13.27	2196.87
	4858.36	0.00	13.27	2197.87
	4858.37	0.00	13.26	2196.87
	4858.38	0.00	13.27	2195.86
	4858.40	0.00	13.26	2196.89
	4858.41	0.00	13.26	2196.90
	4858.42	0.00	13.26	2198.91
	4858.43	0.00	13.26	2200.91
	4858.44	0.00	13.26	2200.91
	4858.46	0.00	13.32	2189.68
	4858.47	0.00	13.33	2189.66
	4858.48	0.00	13.36	2196.62
	4858.49	0.00	13.37	2202.63
	4858.50	0.00	13.36	2195.64
	4858.51	0.00	13.36	2194.64
	4858.53	0.00	13.36	2197.64
	4858.54	0.00	13.33	2182.63
	4858.55	0.00	13.32	2181.66
	4858.56	0.00	13.30	2182.72
	4858.57	0.00	13.28	2184.79
	4858.58	0.00	13.28	2180.82
	4858.60	0.00	13.29	2182.83
	4858.61	0.00	13.28	2187.84
	4858.62	0.00	13.24	2160.82
	4858.63	0.00	13.24	2170.85
	4858.64	0.00	13.25	2177.86
	4858.66	0.00	13.25	2176.87
	4858.67	0.00	13.26	2180.87
	4858.68	0.00	13.26	2181.88
	4858.69	0.00	13.26	2185.88
	4858.70	0.00	13.26	2188.88
	4858.71	0.00	13.24	2182.87
	4858.73	0.00	13.26	2194.87
	4858.74	0.00	13.27	2199.87
	4858.75	0.00	13.27	2200.87
	4858.76	0.00	13.27	2202.88
	4858.77	0.00	13.27	2203.88
	4858.79	0.00	13.27	2202.89
	4858.80	0.00	13.27	2202.89
	4858.81	0.00	13.26	2204.89
	4858.82	0.00	13.26	2198.86
	4858.83	0.00	13.25	2199.88
	4858.85	0.00	13.25	2201.87
	4858.86	0.00	13.26	2201.86
	4858.87	0.00	13.27	2207.86
	4858.88	0.00	13.27	2208.86
	4858.89	0.00	13.28	2209.86
	4858.90	0.00	13.27	2209.87
	4858.91	0.00	13.28	2210.86
	4858.93	0.00	13.28	2209.85
	4858.94	0.00	13.28	2211.85
	4858.95	0.00	13.28	2212.85
	4858.96	0.00	13.28	2208.82
	4858.97	0.00	13.28	2210.82
	4858.99	0.00	13.28	2212.82
	4859.00	0.00	13.28	2211.82
	4859.01	0.00	13.29	2210.82
	4859.02	0.00	13.28	2211.82
	4859.03	0.00	13.28	2211.83
	4859.04	0.00	13.25	2194.83
	4859.06	0.00	13.25	2194.83
	4859.07	0.00	13.24	2195.84
	4859.08	0.00	13.25	2196.83
	4859.09	0.00	13.25	2197.83
	4859.10	0.00	13.25	2196.83
	4859.12	0.00	13.25	2196.83
	4859.13	0.00	13.25	2196.82
	4859.14	0.00	13.25	2196.82
	4859.15	0.00	13.25	2192.81
	4859.16	0.00	13.26	2196.80
	4859.17	0.00	13.27	2200.80
	4859.19	0.00	13.28	2201.79
	4859.20	0.00	13.27	2199.79
	4859.21	0.00	13.28	2200.78
	4859.22	0.00	13.27	2200.79
	4859.23	0.00	13.32	2200.67
	4859.25	0.00	13.29	2201.73
	4859.26	0.00	13.28	22	0.00	13.20	2206.95
	4859.93	0.00	13.19	2208.97
	4859.94	0.00	13.18	2208.99
	4859.95	0.00	13.18	2211.00
	4859.97	0.00	13.18	2210.01
	4859.98	0.00	13.18	2210.01
	4859.99	0.00	13.18	2210.01
	4860.00	0.00	13.19	2211.01
	4860.01	0.00	13.19	2210.00
	4860.02	0.00	13.17	2200.00
	4860.04	0.00	13.16	2196.00
	4860.05	0.00	13.17	2197.00
	4860.06	0.00	13.17	2199.99
	4860.07	0.00	13.19	2198.97
	4860.08	0.00	13.19	2198.96
	4860.10	0.00	13.19	2198.95
	4860.11	0.00	13.20	2199.95
	4860.12	0.00	13.19	2200.97
	4860.13	0.00	13.18	2196.97
	4860.14	0.00	13.20	2201.97
	4860.15	0.00	13.20	2203.95
	4860.17	0.00	13.21	2204.95
	4860.18	0.00	13.20	2205.96
	4860.19	0.00	13.21	2205.95
	4860.20	0.00	13.21	2206.95
	4860.21	0.00	13.25	2208.85
	4860.23	0.00	13.22	2205.91
	4860.24	0.00	13.21	2207.94
	4860.25	0.00	13.21	2207.94
	4860.26	0.00	13.21	2208.94
	4860.27	0.00	13.21	2206.96
	4860.28	0.00	13.21	2206.96
	4860.30	0.00	13.20	2208.97
	4860.31	0.00	13.21	2204.95
	4860.32	0.00	13.21	2205.97
	4860.33	0.00	13.21	2208.98
	4860.34	0.00	13.20	2205.99
	4860.35	0.00	13.20	2208.00
	4860.37	0.00	13.20	2207.01
	4860.38	0.00	13.21	2207.99
	4860.39	0.00	13.20	2206.99
	4860.40	0.00	13.20	2206.99
	4860.41	0.00	13.32	2194.68
	4860.43	0.00	13.33	2200.67
	4860.44	0.00	13.33	2202.67
	4860.45	0.00	13.32	2196.68
	4860.46	0.00	13.32	2195.67
	4860.47	0.00	13.32	2197.68
	4860.48	0.00	13.33	2197.65
	4860.50	0.00	13.33	2184.60
	4860.51	0.00	13.29	2185.71
	4860.52	0.00	13.26	2187.79
	4860.53	0.00	13.27	2180.81
	4	4901.91	0.00	12.81	2282.59
	49	4901.96	0.00	12.80	2285.64
	4901.97	0.00	12.80	2287.64
	4901.98	0.00	12.80	2287.64
	4901.99	0.00	12.81	2287.60
	4902.00	0.00	12.81	2289.61
	4902.02	0.00	12.81	2292.62
	4902.03	0.00	12.81	2292.63
	4902.04	0.00	12.81	2294.63
	4902.05	0.00	12.81	2294.63
	4902.06	0.00	12.91	2298.32
	4902.08	0.00	12.92	2297.31
	4902.09	0.00	12.90	2299.33
	4902.10	0.00	12.91	2302.35
	4902.11	0.00	12.89	2295.37
	4902.12	0.00	12.88	2297.38
	4902.13	0.00	12.88	2300.38
	4902.15	0.00	12.82	2288.45
	4902.16	0.00	12.80	2289.51
	4902.17	0.00	12.79	2288.54
	4902.18	0.00	12.79	2287.57
	4902.19	0.00	12.79	2292.58
	4902.20	0.00	12.79	2295.57
	4902.22	0.00	12.73	2269.59
	4902.23	0.00	12.75	2283.61
	4902.24	0.00	12.75	2292.63
	4902.25	0.00	12.76	2288.64
	4902.26	0.00	12.76	2295.63
	4902.28	0.00	12.75	2299.64
	4902.29	0.00	12.75	2298.64
	4902.30	0.00	12.75	2303.62
	4902.31	0.00	12.76	2310.63
	4902.32	0.00	12.76	2312.64
	4902.33	0.00	12.76	2314.64
	4902.35	0.00	12.74	2317.65
	4902.36	0.00	12.74	2318.65
	4902.37	0.00	12.72	2321.62
	4902.38	0.00	12.72	2328.62
	4902.39	0.00	12.73	2333.62
	4902.41	0.00	12.73	2333.62
	4902.42	0.00	12.72	2335.63
	4902.43	0.00	12.72	2335.63
	4902.44	0.00	12.71	2330.60
	4902.45	0.00	12.71	2333.60
	4902.46	0.00	12.71	2332.60
	4902.48	0.00	12.71	2334.61
	4902.49	0.00	12.69	2341.61
	4902.50	0.00	12.67	2342.62
	4902.51	0.00	12.67	2352.61
	4902.52	0.00	12.64	2339.61
	4902.54	0.00	12.62	2332.62
	4902.55	0.00	12.61	2333.64
	4902.56	0.00	12.62	2338.62
	4902.57	0.00	12.62	2338.62
	4902.58	0.00	12.62	2339.62
	4902.60	0.00	12.61	2339.63
	4902.61	0.00	12.62	2340.63
	4902.62	0.00	12.60	2339.63
	4902.63	0.00	12.61	2346.63
	4902.64	0.00	12.61	2345.64
	4902.65	0.00	12.61	2348.64
	4902.67	0.00	12.61	2349.65
	4902.68	0.00	12.60	2350.65
	4902.69	0.00	12.60	2347.65
	4902.70	0.00	12.59	2351.70
	4902.71	0.00	12.59	2352.71
	4902.72	0.00	12.58	2354.72
	4902.74	0.00	12.58	2354.73
	4902.75	0.00	12.58	2356.73
	4902.76	0.00	12.58	2354.73
	4902.77	0.00	12.59	2354.69
	4902.79	0.00	12.59	2357.70
	4902.80	0.00	12.59	2355.72
	4902.81	0.00	12.58	2354.72
	4902.82	0.00	12.59	2356.72
	4902.83	0.00	12.72	2347.42
	4902.84	0.00	12.73	2345.41
	4902.86	0.00	12.73	2343.41
	4902.87	0.00	12.72	2346.43
	4902.88	0.00	12.71	2339.44
	4902.89	0.00	12.70	2340.46
	4902.90	0.00	12.69	2341.47
	4902.91	0.00	12.68	2329.43
	4902.93	0.00	12.64	2328.55
	4902.94	0.00	12.63	2327.59
	4902.95	0.00	12.63	2328.61
	4902.96	0.00	12.63	2322.65
	4902.97	0.00	12.64	2321.64
	4902.99	0.00	12.62	2322.67
	4903.00	0.00	12.58	2303.67
	4903.01	0.00	12.60	2314.69
	4903.02	0.00	12.60	2318.70
	4903.03	0.00	12.61	2315.70
	4903.04	0.00	12.61	2317.70
	4903.06	0.00	12.62	2317.70
	4903.07	0.00	12.62	2321.70
	4903.08	0.00	12.62	2321.68
	4903.09	0.00	12.62	2326.69
	4903.10	0.00	12.63	2330.70
	4903.12	0.00	12.63	2331.72
	4903.13	0.00	12.63	2335.71
	4903.14	0.00	12.63	2334.71
	4903.15	0.00	12.62	2336.71
	4903.16	0.00	12.62	2333.69
	4903.18	0.00	12.63	2342.68
	4903.19	0.00	12.63	2342.68
	4903.20	0.00	12.63	2343.68
	4903.21	0.00	12.62	2346.70
	4903.22	0.00	12.62	2342.69
	4903.23	0.00	12.62	2347.69
	4903.25	0.00	12.62	2343.65
	4903.26	0.00	12.62	2344.66
	4903.27	0.00	12.62	2344.66
	4903.28	0.00	12.62	2343.66
	4903.29	0.00	12.62	2342.66
	4903.31	0.00	12.61	2345.67
	4903.32	0.00	12.62	2346.66
	4903.33	0.00	12.61	2340.66
	4903.34	0.00	12.58	2328.66
	4903.35	0.00	12.59	2328.66
	4903.37	0.00	12.60	2333.65
	4903.38	0.00	12.60	2331.65
	4903.39	0.00	12.60	2329.65
	4903.40	0.00	12.62	2332.61
	4903.41	0.00	12.60	2328.65
	4903.42	0.00	12.61	2330.64
	4903.44	0.00	12.60	2326.64
	4903.45	0.00	12.62	2332.64
	4903.46	0.00	12.63	2333.64
	4903.47	0.00	12.64	2335.63
	4903.48	0.00	12.63	2334.63
	4903.50	0.00	12.64	2333.63
	4903.51	0.00	12.63	2332.66
	4903.52	0.00	12.63	2333.67
	4903.53	0.00	12.63	2333.68
	4903.54	0.00	12.62	2333.69
	4903.56	0.00	12.61	2332.71
	4903.57	0.00	12.62	2336.71
	4903.58	0.00	12.63	2337.67
	4903.59	0.00	12.63	2335.68
	4903.60	0.00	12.63	2338.69
	4903.61	0.00	12.63	2337.69
	4903.62	0.00	12.63	2336.69
	4903.64	0.00	12.63	2337.69
	4903.65	0.00	12.62	2337.70
	4903.66	0.00	12.70	2335.44
	4903.67	0.00	12.73	2339.39
	4903.68	0.00	12.71	2342.41
	4903.70	0.00	12.71	2342.41
	4903.71	0.00	12.71	2339.41
	4903.72	0.00	12.70	2333.43
	4903.73	0.00	12.71	2336.43
	4903.74	0.00	12.69	2331.43
	4903.75	0.00	12.66	2321.47
	4903.77	0.00	12.64	2321.53
	4903.78	0.00	12.62	2322.59
	4903.79	0.00	12.63	2321.60
	4903.80	0.00	12.63	2321.62
	4903.81	0.00	12.63	2325.63
	4903.83	0.00	12.59	2298.61
	4903.84	0.00	12.59	2308.66
	4903.85	0.00	12.60	2319.66
	4903.86	0.00	12.62	2315.67
	4903.87	0.00	12.61	2322.67
	4903.88	0.00	12.58	2330.68
	4903.90	0.00	12.58	2335.67
	4903.91	0.00	12.58	2337.65
	4903.92	0.00	12.57	2345.66
	4903.93	0.00	12.58	2353.67
	4903.94	0.00	12.57	2357.69
	4903.96	0.00	12.56	2358.69
	4903.97	0.00	12.56	2363.69
	4903.98	0.00	12.54	2369.70
	4903.99	0.00	12.55	2370.68
	4904.00	0.00	12.54	2378.69
	4904.02	0.00	12.53	2389.70
	4904.03	0.00	12.50	2401.72
	4904.04	0.00	12.47	2412.74
	4904.05	0.00	12.43	2434.76
	4904.06	0.00	12.39	2454.77
	4904.08	0.00	12.31	2483.76
	4904.09	0.00	12.28	2506.77
	4904.10	0.00	12.26	2518.78
	4904.11	0.00	12.24	2526.79
	4904.12	0.00	12.21	2519.79
	4904.13	0.00	12.21	2525.79
	4904.15	0.00	12.21	2530.80
	4904.16	0.00	12.20	2525.80
	4904.17	0.00	12.22	2539.80
	4904.18	0.00	12.22	2539.80
	4904.19	0.00	12.22	2540.80
	4904.21	0.00	12.21	2540.84
	4904.22	0.00	12.19	2538.87
	4904.23	0.00	12.18	2537.88
	4904.24	0.00	12.20	2542.84
	4904.25	0.00	12.19	2540.86
	4904.27	0.00	12.19	2541.87
	4904.28	0.00	12.18	2541.87
	4904.29	0.00	12.24	2540.67
	4904.30	0.00	12.25	2538.61
	4904.31	0.00	12.23	2532.64
	4904.33	0.00	12.23	2534.65
	4904.34	0.00	12.15	2515.85
	4904.35	0.00	12.15	2509.88
	4904.36	0.00	12.19	2500.88
	4904.37	0.00	12.20	2493.88
	4904.38	0.00	12.19	2472.82
	4904.40	0.00	12.22	2469.83
	4904.41	0.00	12.25	2465.83
	4904.42	0.00	12.28	2450.80
	4904.43	0.00	12.31	2438.80
	4904.44	0.00	12.33	2420.76
	4904.46	0.00	12.37	2422.77
	4904.47	0.00	12.39	2414.76
	4904.48	0.00	12.43	2397.75
	4904.49	0.00	12.51	2366.75
	4904.50	0.00	12.44	2391.75
	4904.51	0.00	12.45	2385.73
	4904.53	0.00	12.47	2384.70
	4904.54	0.00	12.49	2383.69
	4904.55	0.00	12.50	2375.68
	4904.56	0.00	12.51	2370.68
	4904.57	0.00	12.53	2365.68
	4904.59	0.00	12.56	2363.66
	4904.60	0.00	12.55	2359.67
	4904.61	0.00	12.56	2356.67
	4904.62	0.00	12.56	2354.62
	4904.63	0.00	12.57	2350.60
	4904.64	0.00	12.58	2350.61
	4904.66	0.00	12.58	2348.61
	4904.67	0.00	12.58	2346.60
	4904.68	0.00	12.58	2343.61
	4904.69	0.00	12.59	2344.60
	4904.70	0.00	12.56	2324.60
	4904.72	0.00	12.56	2323.60
	4904.73	0.00	12.57	2325.60
	4904.74	0.00	12.57	2325.61
	4904.75	0.00	12.58	2326.60
	4904.76	0.00	12.58	2326.59
	4904.77	0.00	12.58	2327.59
	4904.79	0.00	12.58	2327.59
	4904.80	0.00	12.57	2324.60
	4904.81	0.00	12.58	2330.60
	4904.82	0.00	12.59	2335.60
	4904.83	0.00	12.59	2336.60
	4904.85	0.00	12.59	2338.60
	4904.86	0.00	12.59	2341.61
	4904.87	0.00	12.59	2342.60
	4904.88	0.00	12.59	2341.59
	4904.89	0.00	12.57	2342.65
	4904.90	0.00	12.55	2343.68
	4904.92	0.00	12.56	2348.69
	4904.93	0.00	12.56	2350.70
	4904.94	0.00	12.55	2351.71
	4904.95	0.00	12.55	2353.70
	4904.96	0.00	12.55	2354.71
	4904.98	0.00	12.56	2355.68
	4904.99	0.00	12.55	2356.68
	4905.00	0.00	12.55	2360.70
	4905.01	0.00	12.54	2361.71
	4905.02	0.00	12.54	2365.71
	4905.03	0.00	12.54	2367.72
	4905.05	0.00	12.54	2367.72
	4905.06	0.00	12.64	2367.39
	4905.07	0.00	12.63	2371.43
	4905.08	0.00	12.62	2373.45
	4905.09	0.00	12.60	2366.46
	4905.11	0.00	12.61	2369.47
	4905.12	0.00	12.58	2363.47
	4905.13	0.00	12.55	2357.54
	4905.14	0.00	12.54	2358.57
	4905.15	0.00	12.54	2360.59
	4905.16	0.00	12.52	2360.64
	4905.18	1.00	12.54	2377.66
	4905.19	1.00	12.54	2383.66
	4905.20	1.00	12.54	2382.66
	4905.21	1.00	12.54	2383.67
	4905.22	1.00	12.54	2385.66
	4905.24	1.00	12.53	2386.67
	4905.25	1.00	12.53	2388.66
	4905.26	1.00	12.53	2386.68
	4905.27	1.00	12.53	2386.66
	4905.28	1.00	12.53	2386.66
	4905.29	1.00	12.53	2387.66
	4905.31	1.00	12.53	2388.66
	4905.32	1.00	12.53	2386.66
	4905.33	1.00	12.53	2386.66
	4905.34	1.00	12.53	2387.66
	4905.35	1.00	12.53	2388.66
	4905.37	1.00	12.53	2385.68
	4905.38	0.00	12.53	2386.65
	4905.39	0.00	12.53	2384.65
	4905.40	0.00	12.53	2386.66
	4905.41	0.00	12.54	2385.63
	4905.42	0.00	12.54	2389.65
	4905.44	0.00	12.54	2384.65
	4905.45	0.00	12.53	2382.65
	4905.46	0.00	12.54	2385.65
	4905.47	0.00	12.53	2383.65
	4905.48	0.00	12.52	2380.65
	4905.50	0.00	12.53	2380.65
	4905.51	0.00	12.52	2376.65
	4905.52	0.00	12.53	2380.65
	4905.53	0.00	12.53	2380.65
	4905.54	0.00	12.52	2380.65
	4905.56	0.00	12.52	2379.65
	4905.57	0.00	12.52	2380.65
	4905.58	0.00	12.52	2380.65
	4905.59	0.00	12.53	2383.65
	4905.60	0.00	12.53	2385.65
	4905.62	0.00	12.52	2384.67
	4905.63	0.00	12.52	2382.65
	4905.64	0.00	12.52	2381.65
	4905.65	0.00	12.53	2384.65
	4905.66	0.00	12.52	2386.66
	4905.67	0.00	12.50	2375.66
	4905.69	0.00	12.52	2387.65
	4905.70	0.00	12.52	2385.66
	4905.71	0.00	12.52	2386.66
	4905.72	0.00	12.53	2389.65
	4905.73	0.00	12.53	2388.66
	4905.75	0.00	12.52	2388.66
	4905.76	0.00	12.52	2385.64
	4905.77	0.00	12.53	2387.61
	4905.78	0.00	12.54	2388.58
	4905.79	0.00	12.54	2385.58
	4905.80	0.00	12.54	2386.58
	4905.82	0.00	12.53	2385.60
	4905.83	0.00	12.54	2386.58
	4905.84	0.00	12.53	2381.58
	4905.85	0.00	12.51	2380.63
	4905.86	0.00	12.51	2381.64
	4905.88	0.00	12.51	2380.65
	4905.89	0.00	12.51	2377.65
	4905.90	0.00	12.50	2375.65
	4905.91	0.00	12.50	2374.65
	4905.92	0.00	12.49	2371.66
	4905.93	0.00	12.49	2369.65
	4905.95	0.00	12.50	2378.65
	4905.96	0.00	12.50	2379.66
	4905.97	0.00	12.50	2380.66
	4905.98	0.00	12.50	2381.66
	4905.99	0.00	12.49	2382.66
	4906.01	0.00	12.49	2382.66
	4906.02	0.00	12.49	2389.67
	4906.03	0.00	12.50	2391.66
	4906.04	0.00	12.49	2388.66
	4906.05	0.00	12.49	2391.66
	4906.06	0.00	12.49	2388.66
	4906.08	0.00	12.50	2391.67
	4906.09	0.00	12.50	2391.67
	4906.10	0.00	12.51	2390.67
	4906.11	0.00	12.52	2386.66
	4906.12	0.00	12.53	2379.67
	4906.14	0.00	12.54	2378.67
	4906.15	0.00	12.54	2379.67
	4906.16	0.00	12.54	2378.66
	4906.17	0.00	12.54	2379.67
	4906.18	0.00	12.56	2379.59
	4906.19	0.00	12.54	2381.66
	4906.21	0.00	12.54	2379.66
	4906.22	0.00	12.54	2378.66
	4906.23	0.00	12.53	2373.66
	4906.24	0.00	12.53	2372.67
	4906.25	0.00	12.52	2372.66
	4906.27	0.00	12.53	2372.66
	4906.28	0.00	12.52	2371.66
	4906.29	0.00	12.52	2371.66
	4906.30	0.00	12.53	2374.66
	4906.31	0.00	12.53	2375.66
	4906.33	0.00	12.54	2376.66
	4906.34	0.00	12.53	2377.66
	4906.35	0.00	12.53	2376.67
	4906.36	0.00	12.54	2379.65
	4906.37	0.00	12.53	2377.66
	4906.38	0.00	12.54	2378.66
	4906.40	0.00	12.54	2378.66
	4906.41	0.00	12.52	2371.66
	4906.42	0.00	12.54	2378.66
	4906.43	0.00	12.54	2378.66
	4906.44	0.00	12.54	2379.66
	4906.46	0.00	12.55	2379.62
	4906.47	0.00	12.54	2380.66
	4906.48	0.00	12.54	2379.66
	4906.49	0.00	12.54	2379.66
	4906.50	0.00	12.54	2378.65
	4906.52	0.00	12.56	2381.59
	4906.53	0.00	12.56	2380.59
	4906.54	0.00	12.56	2379.59
	4906.55	0.00	12.56	2380.59
	4906.56	0.00	12.55	2378.60
	4906.57	0.00	12.56	2379.59
	4906.59	0.00	12.56	2378.58
	4906.60	0.00	12.54	2374.61
	4906.61	0.00	12.52	2373.65
	4906.62	0.00	12.53	2373.65
	4906.63	0.00	12.53	2373.65
	4906.64	0.00	12.53	2371.65
	4906.66	0.00	12.52	2363.65
	4906.67	0.00	12.53	2366.62
	4906.68	0.00	12.53	2369.65
	4906.69	0.00	12.53	2370.65
	4906.70	0.00	12.53	2370.65
	4906.72	0.00	12.53	2373.66
	4906.73	0.00	12.53	2373.65
	4906.74	0.00	12.54	2376.65
	4906.75	0.00	12.55	2376.65
	4906.76	0.00	12.54	2378.65
	4906.78	0.00	12.54	2378.66
	4906.79	0.00	12.55	2379.65
	4906.80	0.00	12.54	2379.65
	4906.81	0.00	12.55	2377.65
	4906.82	0.00	12.55	2380.64
	4906.83	0.00	12.55	2378.65
	4906.85	0.00	12.55	2380.65
	4906.86	0.00	12.55	2380.65
	4906.87	0.00	12.55	2377.65
	4906.88	0.00	12.55	2377.65
	4906.89	0.00	12.55	2378.65
	4906.91	0.00	12.56	2378.64
	4906.92	0.00	12.56	2378.64
	4906.93	0.00	12.56	2377.65
	4906.94	0.00	12.55	2372.64
	4906.95	0.00	12.55	2370.64
	4906.97	0.00	12.54	2367.64
	4906.98	0.00	12.55	2369.64
	4906.99	0.00	12.56	2368.64
	4907.00	0.00	12.55	2370.64
	4907.01	0.00	12.56	2368.64
	4907.02	0.00	12.56	2368.64
	4907.04	0.00	12.56	2369.63
	4907.05	0.00	12.56	2370.64
	4907.06	0.00	12.57	2371.63
	4907.07	0.00	12.57	2370.63
	4907.08	0.00	12.57	2371.63
	4907.10	0.00	12.57	2371.64
	4907.11	0.00	12.57	2370.63
	4907.12	0.00	12.57	2371.63
	4907.13	0.00	12.57	2370.63
	4907.14	0.00	12.57	2371.63
	4907.15	0.00	12.57	2369.63
	4907.17	0.00	12.56	2365.63
	4907.18	0.00	12.57	2370.63
	4907.19	0.00	12.57	2371.63
	4907.20	0.00	12.57	2369.64
	4907.21	0.00	12.58	2372.63
	4907.23	0.00	12.59	2371.58
	4907.24	0.00	12.60	2371.56
	4907.25	0.00	12.60	2371.56
	4907.26	0.00	12.59	2371.56
	4907.27	0.00	12.57	2360.56
	4907.29	0.00	12.59	2370.56
	4907.30	0.00	12.59	2369.55
	4907.31	0.00	12.57	2367.60
	4907.32	0.00	12.56	2367.62
	4907.33	0.00	12.56	2363.63
	4907.34	0.00	12.56	2365.63
	4907.36	0.00	12.56	2365.63
	4907.37	0.00	12.56	2366.65
	4907.38	0.00	12.55	2358.63
	4907.39	0.00	12.55	2359.63
	4907.40	0.00	12.55	2358.63
	4907.41	0.00	12.55	2362.64
	4907.43	0.00	12.55	2358.63
	4907.44	0.00	12.55	2362.64
	4907.45	0.00	12.56	2365.64
	4907.46	0.00	12.56	2370.64
	4907.47	0.00	12.56	2372.65
	4907.49	0.00	12.56	2371.64
	4907.50	0.00	12.56	2372.64
	4907.51	0.00	12.55	2372.64
	4907.52	0.00	12.55	2373.65
	4907.53	0.00	12.55	2376.64
	4907.54	0.00	12.55	2376.64
	4907.56	0.00	12.55	2377.65
	4907.57	0.00	12.54	2378.65
	4907.58	0.00	12.55	2379.61
	4907.59	0.00	12.54	2380.65
	4907.60	0.00	12.54	2379.65
	4907.62	0.00	12.54	2381.65
	4907.63	0.00	12.53	2382.66
	4907.64	0.00	12.52	2384.66
	4907.65	0.00	12.52	2384.66
	4907.66	0.00	12.49	2389.66
	4907.68	0.00	12.48	2384.66
	4907.69	0.00	12.48	2383.67
	4907.70	0.00	12.47	2379.66
	4907.71	0.00	12.47	2384.66
	4907.72	0.00	12.48	2385.66
	4907.74	0.00	12.48	2387.63
	4907.75	0.00	12.47	2387.67
	4907.76	0.00	12.48	2390.67
	4907.77	0.00	12.47	2390.67
	4907.78	0.00	12.48	2391.67
	4907.79	0.00	12.47	2393.68
	4907.81	0.00	12.47	2394.68
	4907.82	0.00	12.47	2398.68
	4907.83	0.00	12.46	2397.68
	4907.84	0.00	12.46	2398.68
	4907.85	0.00	12.45	2400.70
	4907.87	0.00	12.45	2401.70
	4907.88	0.00	12.44	2402.70
	4907.89	0.00	12.44	2403.70
	4907.90	0.00	12.43	2405.72
	4907.91	0.00	12.43	2407.71
	4907.92	0.00	12.42	2409.72
	4907.94	0.00	12.41	2414.73
	4907.95	0.00	12.40	2416.73
	4907.96	0.00	12.40	2419.69
	4907.97	0.00	12.40	2418.68
	4907.98	0.00	12.39	2417.69
	4908.00	0.00	12.38	2416.69
	4908.01	0.00	12.37	2417.71
	4908.02	0.00	12.36	2416.71
	4908.03	0.00	12.32	2426.70
	4908.04	0.00	12.28	2432.75
	4908.06	0.00	12.26	2432.80
	4908.07	0.00	12.26	2431.78
	4908.08	0.00	12.26	2432.78
	4908.09	0.00	12.25	2428.78
	4908.10	0.00	12.24	2430.79
	4908.11	0.00	12.24	2435.80
	4908.13	0.00	12.24	2436.80
	4908.14	0.00	12.25	2437.80
	4908.15	0.00	12.24	2438.80
	4908.16	0.00	12.25	2438.78
	4908.17	0.00	12.25	2445.79
	4908.18	0.00	12.25	2446.79
	4908.20	0.00	12.26	2447.79
	4908.21	0.00	12.27	2446.75
	4908.22	0.00	12.26	2449.79
	4908.23	0.00	12.25	2444.79
	4908.24	0.00	12.26	2444.79
	4908.26	0.00	12.27	2441.78
	4908.27	0.00	12.27	2432.80
	4908.28	0.00	12.30	2427.77
	4908.29	0.00	12.33	2416.75
	4908.30	0.00	12.36	2394.73
	4908.32	0.00	12.37	2384.74
	4908.33	0.00	12.45	2353.68
	4908.34	0.00	12.52	2324.63
	4908.35	0.00	12.65	2270.56
	4908.36	0.00	12.85	2219.51
	4908.37	0.00	12.94	2205.42
	4908.39	0.00	12.99	2199.31
	4908.40	0.00	13.01	2196.28
	4908.41	0.00	13.01	2191.26
	4908.42	0.00	13.02	2191.24
	4908.43	0.00	13.03	2194.23
	4908.45	0.00	13.03	2190.21
	4908.46	0.00	13.05	2196.19
	4908.47	0.00	13.05	2196.20
	4908.48	0.00	13.07	2196.17
	4908.49	0.00	13.07	2198.16
	4908.50	0.00	13.08	2200.15
	4908.52	0.00	13.08	2202.13
	4908.53	0.00	13.08	2201.12
	4908.54	0.00	13.09	2204.11
	4908.55	0.00	13.09	2206.11
	4908.56	0.00	13.09	2207.11
	4908.58	0.00	13.09	2205.10
	4908.59	0.00	13.11	2210.09
	4908.60	0.00	13.12	2212.09
	4908.61	0.00	13.10	2208.11
	4908.62	0.00	13.12	2214.08
	4908.63	0.00	13.12	2212.08
	4908.65	0.00	13.12	2210.07
	4908.66	0.00	13.13	2211.06
	4908.67	0.00	13.14	2212.06
	4908.68	0.00	13.14	2212.05
	4908.69	0.00	13.14	2212.05
	4908.70	0.00	13.14	2212.06
	4908.72	0.00	13.14	2212.05
	4908.73	0.00	13.15	2214.04
	4908.74	0.00	13.14	2212.04
	4908.75	0.00	13.14	2207.03
	4908.77	0.00	13.14	2213.05
	4908.78	0.00	13.15	2214.03
	4908.79	0.00	13.17	2215.03
	4908.80	0.00	13.17	2216.02
	4908.81	0.00	13.16	2219.02
	4908.82	0.00	13.11	2224.11
	4908.83	0.00	12.98	2249.20
	4908.85	0.00	12.75	2309.40
	4908.86	0.00	12.36	2420.62
	4908.87	0.00	12.17	2480.71
	4908.88	0.00	12.23	2472.74
	4908.89	0.00	12.19	2492.78
	4908.91	0.00	12.15	2516.82
	4908.92	0.00	12.08	2561.89
	4908.93	0.00	12.00	2620.97
	4908.94	0.00	12.01	2681.97
	4908.95	0.00	11.98	2701.04
	4908.96	0.00	11.94	2700.06
	4908.98	0.00	11.92	2701.07
	4908.99	0.00	11.93	2696.06
	4909.00	0.00	11.96	2691.05
	4909.01	0.00	12.01	2685.02
	4909.02	0.00	12.06	2676.00
	4909.04	0.00	12.13	2677.98
	4909.05	0.00	12.18	2668.96
	4909.06	0.00	12.26	2664.94
	4909.07	0.00	12.36	2666.91
	4909.08	0.00	12.41	2657.89
	4909.10	0.00	12.48	2652.85
	4909.11	0.00	12.56	2641.84
	4909.12	0.00	12.64	2635.78
	4909.13	0.00	12.71	2622.74
	4909.14	0.00	12.78	2614.71
	4909.15	0.00	12.83	2596.67
	4909.17	0.00	12.93	2591.62
	4909.18	0.00	13.03	2559.55
	4909.19	0.00	13.15	2527.49
	4909.20	0.00	13.24	2508.43
	4909.21	0.00	13.32	2486.38
	4909.23	0.00	13.32	2501.29
	4909.24	0.00	13.35	2495.24
	4909.25	0.00	13.39	2463.20
	4909.26	0.00	13.42	2462.17
	4909.27	0.00	13.47	2459.14
	4909.29	0.00	13.53	2468.07
	4909.30	0.00	13.57	2472.04
	4909.31	0.00	13.79	2534.03
	4909.32	0.00	13.83	2542.02
	4909.33	0.00	13.89	2556.01
	4909.34	0.00	14.00	2584.95
	4909.36	0.00	14.09	2599.89
	4909.37	0.00	14.14	2610.87
	4909.38	0.00	14.23	2617.78
	4909.39	0.00	14.28	2622.74
	4909.40	0.00	14.31	2617.72
	4909.41	0.00	14.38	2623.61
	4909.43	0.00	14.41	2612.54
	4909.44	0.00	14.41	2588.44
	4909.45	0.00	14.38	2568.35
	4909.46	0.00	14.33	2538.29
	4909.47	0.00	14.26	2496.30
	4909.49	0.00	14.04	2427.42
	4909.50	0.00	13.76	2343.60
	4909.51	0.00	13.56	2273.69
	4909.52	0.00	13.24	2198.81
	4909.53	0.00	13.17	2185.87
	4909.54	0.00	13.21	2217.90
	4909.56	0.00	13.22	2224.89
	4909.57	0.00	13.22	2223.88
	4909.58	0.00	13.23	2227.88
	4909.59	0.00	13.24	2233.88
	4909.60	0.00	13.24	2228.88
	4909.62	0.00	13.24	2226.87
	4909.63	0.00	13.25	2227.87
	4909.64	0.00	13.25	2227.87
	4909.65	0.00	13.25	2231.87
	4909.66	0.00	13.26	2234.87
	4909.67	0.00	13.26	2236.87
	4909.69	0.00	13.27	2240.87
	4909.70	0.00	13.26	2240.87
	4909.71	0.00	13.27	2243.87
	4909.72	0.00	13.27	2243.87
	4909.73	0.00	13.27	2246.87
	4909.75	0.00	13.28	2249.87
	4909.76	0.00	13.28	2249.86
	4909.77	0.00	13.28	2254.87
	4909.78	0.00	13.29	2257.87
	4909.79	0.00	13.30	2260.86
	4909.81	0.00	13.30	2263.86
	4909.82	0.00	13.30	2268.86
	4909.83	0.00	13.30	2268.86
	4909.84	0.00	13.30	2266.87
	4909.85	0.00	13.30	2267.87
	4909.86	0.00	13.29	2268.87
	4909.88	0.00	13.30	2270.88
	4909.89	0.00	13.29	2265.86
	4909.90	0.00	13.30	2269.86
	4909.91	0.00	13.30	2267.87
	4909.92	0.00	13.30	2268.88
	4909.93	0.00	13.30	2265.86
	4909.95	0.00	13.30	2265.86
	4909.96	0.00	13.30	2264.86
	4909.97	0.00	13.30	2265.86
	4909.98	0.00	13.26	2271.93
	4910.00	0.00	13.08	2296.17
	4910.01	0.00	12.70	2383.45
	4910.02	0.00	12.04	2582.73
	4910.03	0.00	11.79	2675.89
	4910.04	0.00	11.88	2664.91
	4910.05	0.00	12.03	2629.90
	4910.06	0.00	12.02	2652.94
	4910.08	0.00	12.00	2700.99
	4910.09	0.00	12.04	2760.02
	4910.10	0.00	12.06	2783.04
	4910.11	0.00	12.08	2792.05
	4910.12	0.00	12.12	2800.04
	4910.14	0.00	12.17	2794.99
	4910.15	0.00	12.24	2787.96
	4910.16	0.00	12.32	2766.94
	4910.17	0.00	12.40	2744.91
	4910.18	0.00	12.48	2720.89
	4910.19	0.00	12.53	2697.89
	4910.21	0.00	12.61	2670.86
	4910.22	0.00	12.68	2648.85
	4910.23	0.00	12.76	2624.80
	4910.24	0.00	12.82	2598.74
	4910.25	0.00	12.88	2589.70
	4910.27	0.00	13.05	2539.66
	4910.28	0.00	13.15	2508.60
	4910.29	0.00	13.26	2482.52
	4910.30	0.00	13.30	2503.42
	4910.31	0.00	13.38	2495.28
	4910.33	0.00	13.43	2491.18
	4910.34	0.00	13.45	2472.18
	4910.35	0.00	13.47	2473.15
	4910.36	0.00	13.48	2472.13
	4910.37	0.00	13.49	2474.12
	4910.38	0.00	13.52	2478.10
	4910.40	0.00	13.54	2482.09
	4910.41	0.00	13.56	2486.07
	4910.42	0.00	13.68	2512.01
	4910.43	0.00	13.73	2530.02
	4910.44	0.00	13.79	2538.98
	4910.46	0.00	13.95	2571.94
	4910.47	0.00	14.05	2598.90
	4910.48	0.00	14.14	2616.85
	4910.49	0.00	14.22	2639.85
	4910.50	0.00	14.29	2649.80
	4910.52	0.00	14.34	2649.73
	4910.53	0.00	14.38	2654.70
	4910.54	0.00	14.42	2652.63
	4910.55	0.00	14.44	2649.58
	4910.56	0.00	14.41	2621.51
	4910.57	0.00	14.35	2593.48
	4910.59	0.00	14.24	2540.46
	4910.60	0.00	14.33	2711.63
	4910.61	0.00	13.80	2404.69
	4910.62	0.00	13.61	2345.77
	4910.63	0.00	13.33	2276.86
	4910.64	0.00	13.24	2248.95
	4910.66	0.00	13.21	2246.00
	4910.67	0.00	13.20	2249.98
	4910.68	0.00	13.26	2268.97
	4910.69	0.00	13.26	2264.96
	4910.70	0.00	13.27	2258.90
	4910.72	0.00	13.23	2244.98
	4910.73	0.00	13.23	2248.99
	4910.74	0.00	13.23	2249.00
	4910.75	0.00	13.24	2250.99
	4910.76	0.00	13.24	2251.00
	4910.77	0.00	13.24	2252.99
	4910.79	0.00	13.26	2254.95
	4910.80	0.00	13.28	2262.93
	4910.81	0.00	13.27	2260.93
	4910.82	0.00	13.29	2261.90
	4910.83	0.00	13.29	2263.90
	4910.85	0.00	13.30	2269.90
	4910.86	0.00	13.30	2268.91
	4910.87	0.00	13.45	2357.90
	4910.88	0.00	13.28	2268.96
	4910.89	0.00	13.28	2274.97
	4910.90	0.00	13.29	2276.97
	4910.92	0.00	13.29	2274.97
	4910.93	0.00	13.29	2273.97
	4910.94	0.00	13.31	2284.95
	4910.95	0.00	13.31	2281.94
	4910.96	0.00	13.31	2281.92
	4910.98	0.00	13.29	2274.95
	4910.99	0.00	13.32	2283.92
	4911.00	0.00	13.31	2276.93
	4911.01	0.00	13.29	2274.92
	4911.02	0.00	13.31	2288.92
	4911.04	0.00	13.30	2284.95
	4911.05	0.00	13.32	2290.92
	4911.06	0.00	13.33	2301.95
	4911.07	0.00	13.34	2304.92
	4911.08	0.00	13.33	2302.92
	4911.09	0.00	13.23	2302.12
	4911.11	0.00	12.91	2374.42
	4911.12	0.00	12.24	2575.79
	4911.13	0.00	11.82	2718.00
	4911.14	0.00	11.87	2731.06
	4911.15	0.00	11.97	2718.06
	4911.16	0.00	12.00	2734.07
	4911.18	0.00	12.05	2782.10
	4911.19	0.00	12.07	2777.09
	4911.20	0.00	12.07	2795.12
	4911.21	0.00	12.06	2798.14
	4911.22	0.00	12.08	2798.14
	4911.24	0.00	12.12	2787.13
	4911.25	0.00	12.20	2765.11
	4911.26	0.00	12.28	2728.07
	4911.27	0.00	12.39	2708.01
	4911.28	0.00	12.48	2669.97
	4911.29	0.00	12.58	2647.89
	4911.31	0.00	12.64	2620.89
	4911.32	0.00	12.71	2613.84
	4911.33	0.00	12.86	2552.80
	4911.34	0.00	13.06	2495.69
	4911.35	0.00	13.14	2470.71
	4911.37	0.00	13.19	2462.67
	4911.38	0.00	13.26	2462.58
	4911.39	0.00	13.33	2457.49
	4911.40	0.00	13.41	2468.36
	4911.41	0.00	13.46	2473.27
	4911.43	0.00	13.50	2478.20
	4911.44	0.00	13.53	2486.16
	4911.45	0.00	13.55	2487.15
	4911.46	0.00	13.58	2493.10
	4911.47	0.00	13.58	2493.10
	4911.48	0.00	13.58	2489.09
	4911.50	0.00	13.60	2490.07
	4911.51	0.00	13.73	2521.02
	4911.52	0.00	13.74	2527.04
	4911.53	0.00	13.77	2540.01
	4911.54	0.00	13.89	2569.97
	4911.56	0.00	13.96	2597.94
	4911.57	0.00	14.03	2613.93
	4911.58	0.00	14.07	2617.90
	4911.59	0.00	14.13	2636.90
	4911.60	0.00	14.17	2642.88
	4911.62	0.00	14.19	2645.88
	4911.63	0.00	14.21	2646.86
	4911.64	0.00	14.23	2637.81
	4911.65	0.00	14.20	2604.74
	4911.66	0.00	14.19	2589.66
	4911.67	0.00	14.19	2556.52
	4911.69	0.00	14.10	2509.54
	4911.70	0.00	13.87	2423.60
	4911.71	0.00	13.70	2367.70
	4911.72	0.00	13.53	2289.70
	4911.73	0.00	13.48	2329.82
	4911.75	0.00	13.23	2212.90
	4911.76	0.00	13.18	2201.94
	4911.77	0.00	13.14	2197.99
	4911.78	0.00	13.18	2214.97
	4911.79	0.00	13.21	2231.97
	4911.81	0.00	13.20	2226.99
	4911.82	0.00	13.21	2229.99
	4911.83	0.00	13.20	2223.98
	4911.84	0.00	13.19	2221.98
	4911.85	0.00	13.19	2223.98
	4911.86	0.00	13.20	2220.97
	4911.88	0.00	13.19	2219.98
	4911.89	0.00	13.20	2224.98
	4911.90	0.00	13.21	2224.98
	4911.91	0.00	13.20	2224.99
	4911.92	0.00	13.21	2228.98
	4911.93	0.00	13.21	2226.98
	4911.95	0.00	13.22	2229.98
	4911.96	0.00	13.21	2233.00
	4911.97	0.00	13.23	2235.98
	4911.98	0.00	13.23	2236.97
	4911.99	0.00	13.23	2234.97
	4912.01	0.00	13.26	2229.90
	4912.02	0.00	13.25	2230.93
	4912.03	0.00	13.24	2228.95
	4912.04	0.00	13.23	2227.97
	4912.05	0.00	13.23	2231.99
	4912.06	0.00	13.24	2234.98
	4912.08	0.00	13.24	2234.98
	4912.09	0.00	13.25	2237.96
	4912.10	0.00	13.26	2245.95
	4912.11	0.00	13.26	2248.95
	4912.12	0.00	13.24	2241.98
	4912.13	0.00	13.25	2243.98
	4912.15	0.00	13.26	2242.94
	4912.16	0.00	13.29	2250.88
	4912.17	0.00	13.28	2252.91
	4912.18	0.00	13.28	2250.90
	4912.19	0.00	13.28	2251.91
	4912.20	0.00	13.18	2255.10
	4912.22	0.00	12.88	2323.41
	4912.23	0.00	12.39	2463.75
	4912.24	0.00	11.88	2660.01
	4912.25	0.00	11.88	2692.08
	4912.27	0.00	11.98	2668.09
	4912.28	0.00	12.02	2673.07
	4912.29	0.00	12.04	2682.07
	4912.30	0.00	12.04	2715.08
	4912.31	0.00	12.07	2747.15
	4912.32	0.00	12.07	2757.14
	4912.33	0.00	12.09	2772.16
	4912.35	0.00	12.12	2769.16
	4912.36	0.00	12.18	2765.15
	4912.37	0.00	12.27	2757.13
	4912.38	0.00	12.36	2738.10
	4912.39	0.00	12.46	2734.07
	4912.41	0.00	12.52	2715.02
	4912.42	0.00	12.58	2697.99
	4912.43	0.00	12.60	2700.95
	4912.44	0.00	12.66	2677.93
	4912.45	0.00	12.73	2655.89
	4912.47	0.00	12.81	2637.84
	4912.48	0.00	12.91	2599.79
	4912.49	0.00	13.13	2532.73
	4912.50	0.00	13.21	2514.68
	4912.51	0.00	13.26	2504.64
	4912.52	0.00	13.29	2505.57
	4912.54	0.00	13.33	2501.50
	4912.55	0.00	13.34	2515.42
	4912.56	0.00	13.37	2518.34
	4912.57	0.00	13.41	2524.27
	4912.58	0.00	13.44	2533.22
	4912.60	0.00	13.46	2537.19
	4912.61	0.00	13.49	2541.16
	4912.62	0.00	13.57	2524.04
	4912.63	0.00	13.57	2532.10
	4912.64	0.00	13.59	2533.07
	4912.66	0.00	13.61	2536.06
	4912.67	0.00	13.62	2535.06
	4912.68	0.00	13.64	2539.02
	4912.69	0.00	13.76	2573.98
	4912.70	0.00	13.81	2587.96
	4912.71	0.00	13.87	2596.95
	4912.73	0.00	14.02	2633.93
	4912.74	0.00	14.11	2659.91
	4912.75	0.00	14.18	2670.90
	4912.76	0.00	14.34	2709.81
	4912.77	0.00	14.39	2719.79
	4912.79	0.00	14.47	2733.75
	4912.80	0.00	14.53	2728.67
	4912.81	0.00	14.54	2705.59
	4912.82	0.00	14.53	2682.50
	4912.83	0.00	14.40	2622.56
	4912.84	0.00	14.34	2577.48
	4912.86	0.00	14.27	2530.44
	4912.87	0.00	13.99	2420.56
	4912.88	0.00	13.75	2348.74
	4912.89	0.00	13.56	2297.78
	4912.90	0.00	13.30	2216.85
	4912.91	0.00	13.13	2146.99
	4912.93	0.00	13.13	2165.00
	4912.94	0.00	13.18	2213.04
	4912.95	0.00	13.20	2213.03
	4912.96	0.00	13.19	2215.04
	4912.97	0.00	13.19	2209.02
	4912.99	0.00	13.15	2182.07
	4913.00	0.00	13.13	2172.09
	4913.01	0.00	13.11	2163.11
	4913.02	0.00	13.14	2167.07
	4913.03	0.00	13.14	2173.07
	4913.04	0.00	13.15	2176.07
	4913.06	0.00	13.15	2175.07
	4913.07	0.00	13.12	2161.07
	4913.08	0.00	13.15	2177.07
	4913.09	0.00	13.20	2208.02
	4913.10	0.00	13.23	2209.96
	4913.12	0.00	13.20	2204.00
	4913.13	0.00	13.23	2221.99
	4913.14	0.00	13.25	2228.98
	4913.15	0.00	13.26	2236.99
	4913.16	0.00	13.26	2248.00
	4913.17	0.00	13.27	2256.01
	4913.19	0.00	13.28	2266.01
	4913.20	0.00	13.31	2262.90
	4913.21	0.00	13.32	2271.92
	4913.22	0.00	13.33	2275.91
	4913.23	0.00	13.33	2279.91
	4913.25	0.00	13.32	2281.95
	4913.26	0.00	13.34	2294.93
	4913.27	0.00	13.35	2289.89
	4913.28	0.00	13.34	2289.93
	4913.29	0.00	13.36	2289.86
	4913.31	0.00	13.34	2282.88
	4913.32	0.00	13.33	2284.92
	4913.33	0.00	13.34	2288.92
	4913.34	0.00	13.34	2285.90
	4913.35	0.00	13.34	2281.88
	4913.36	0.00	13.36	2285.87
	4913.38	0.00	13.28	2291.04
	4913.39	0.00	13.05	2333.27
	4913.40	0.00	12.57	2469.58
	4913.41	0.00	11.96	2662.89
	4913.42	0.00	11.91	2693.93
	4913.43	0.00	11.99	2679.98
	4913.45	0.00	12.00	2683.99
	4913.46	0.00	11.98	2705.04
	4913.47	0.00	11.98	2745.12
	4913.48	0.00	12.02	2766.16
	4913.49	0.00	12.05	2780.17
	4913.51	0.00	12.11	2805.16
	4913.52	0.00	12.12	2786.14
	4913.53	0.00	12.27	2817.10
	4913.54	0.00	12.38	2802.06
	4913.55	0.00	12.46	2782.01
	4913.56	0.00	12.57	2766.92
	4913.58	0.00	12.66	2756.88
	4913.59	0.00	12.77	2726.84
	4913.60	0.00	12.87	2702.79
	4913.61	0.00	12.96	2666.76
	4913.62	0.00	13.20	2602.70
	4913.64	0.00	13.37	2562.53
	4913.65	0.00	13.43	2563.44
	4913.66	0.00	13.48	2562.32
	4913.67	0.00	13.48	2575.22
	4913.68	0.00	13.51	2576.17
	4913.69	0.00	13.51	2571.14
	4913.71	0.00	13.54	2564.07
	4913.72	0.00	13.57	2533.05
	4913.73	0.00	13.59	2533.01
	4913.74	0.00	13.58	2528.01
	4913.75	0.00	13.60	2528.98
	4913.77	0.00	13.60	2519.96
	4913.78	0.00	13.61	2519.95
	4913.79	0.00	13.70	2535.95
	4913.80	0.00	13.72	2534.93
	4913.81	0.00	13.75	2545.94
	4913.83	0.00	13.80	2555.91
	4913.84	0.00	13.82	2563.93
	4913.85	0.00	13.97	2612.92
	4913.86	0.00	14.05	2637.88
	4913.87	0.00	14.14	2662.83
	4913.88	0.00	14.24	2679.82
	4913.90	0.00	14.31	2699.79
	4913.91	0.00	14.37	2706.78
	4913.92	0.00	14.43	2716.75
	4913.93	0.00	14.45	2705.70
	4913.94	0.00	14.48	2699.66
	4913.95	0.00	14.49	2685.62
	4913.97	0.00	14.47	2667.58
	4913.98	0.00	14.44	2639.48
	4913.99	0.00	14.61	2796.40
	4914.00	0.00	14.27	2546.46
	4914.02	0.00	14.00	2466.62
	4914.03	0.00	13.81	2392.71
	4914.04	0.00	13.59	2321.78
	4914.05	0.00	13.25	2193.90
	4914.06	0.00	13.15	2174.02
	4914.07	0.00	13.15	2176.02
	4914.08	0.00	13.18	2225.02
	4914.10	0.00	13.22	2234.99
	4914.11	0.00	13.23	2240.99
	4914.12	0.00	13.18	2211.05
	4914.13	0.00	13.17	2194.06
	4914.14	0.00	13.18	2200.05
	4914.16	0.00	13.19	2198.04
	4914.17	0.00	13.19	2199.05
	4914.18	0.00	13.19	2200.04
	4914.19	0.00	13.19	2203.05
	4914.20	0.00	13.20	2203.04
	4914.21	0.00	13.20	2204.03
	4914.23	0.00	13.20	2201.04
	4914.24	0.00	13.23	2203.97
	4914.25	0.00	13.24	2204.95
	4914.26	0.00	13.28	2229.92
	4914.27	0.00	13.28	2231.92
	4914.29	0.00	13.31	2253.90
	4914.30	0.00	13.28	2256.95
	4914.31	0.00	13.30	2262.96
	4914.32	0.00	13.29	2267.98
	4914.33	0.00	13.32	2271.97
	4914.35	0.00	13.31	2273.97
	4914.36	0.00	13.31	2274.97
	4914.37	0.00	13.30	2273.00
	4914.38	0.00	13.31	2269.97
	4914.39	0.00	13.30	2265.97
	4914.40	0.00	13.31	2261.96
	4914.42	0.00	13.29	2248.98
	4914.43	0.00	13.29	2239.97
	4914.44	0.00	13.27	2235.98
	4914.45	0.00	13.27	2232.98
	4914.46	0.00	13.32	2269.93
	4914.48	0.00	13.35	2289.93
	4914.49	0.00	13.37	2295.88
	4914.50	0.00	13.38	2298.86
	4914.51	0.00	13.39	2303.86
	4914.52	0.00	13.39	2303.86
	4914.53	0.00	13.29	2320.11
	4914.55	0.00	12.85	2409.49
	4914.56	0.00	12.10	2661.88
	4914.57	0.00	11.67	2820.19
	4914.58	0.00	11.76	2817.23
	4914.59	0.00	11.84	2804.15
	4914.60	0.00	11.94	2795.10
	4914.62	0.00	12.09	2816.07
	4914.63	0.00	12.34	2911.05
	4914.64	0.00	12.15	2794.09
	4914.65	0.00	12.27	2843.10
	4914.66	0.00	12.32	2851.10
	4914.68	0.00	12.39	2846.08
	4914.69	0.00	12.46	2827.03
	4914.70	0.00	12.55	2803.02
	4914.71	0.00	12.63	2781.00
	4914.72	0.00	12.73	2752.96
	4914.74	0.00	12.82	2725.91
	4914.75	0.00	12.92	2696.87
	4914.76	0.00	13.10	2659.80
	4914.77	0.00	13.21	2620.74
	4914.78	0.00	13.31	2584.68
	4914.79	0.00	13.39	2579.58
	4914.81	0.00	13.45	2567.46
	4914.82	0.00	13.49	2565.34
	4914.83	0.00	13.53	2550.23
	4914.84	0.00	13.55	2544.17
	4914.85	0.00	13.54	2535.17
	4914.87	0.00	13.57	2535.09
	4914.88	0.00	13.58	2528.06
	4914.89	0.00	13.62	2510.02
	4914.90	0.00	13.64	2499.98
	4914.91	0.00	13.65	2505.98
	4914.93	0.00	13.65	2506.96
	4914.94	0.00	13.65	2510.96
	4914.95	0.00	13.74	2534.97
	4914.96	0.00	13.76	2536.95
	4914.97	0.00	13.77	2535.95
	4914.98	0.00	13.78	2542.95
	4915.00	0.00	13.87	2560.94
	4915.01	0.00	13.89	2564.95
	4915.02	0.00	13.94	2577.91
	4915.03	0.00	13.97	2583.89
	4915.04	0.00	14.00	2593.88
	4915.06	0.00	14.00	2588.88
	4915.07	0.00	14.02	2592.88
	4915.08	0.00	14.04	2599.86
	4915.09	0.00	14.05	2598.86
	4915.10	0.00	14.06	2596.85
	4915.12	0.00	14.06	2584.82
	4915.13	0.00	14.02	2564.83
	4915.14	0.00	14.04	2566.81
	4915.15	0.00	14.05	2567.81
	4915.16	0.00	14.03	2556.80
	4915.17	0.00	13.97	2524.80
	4915.18	0.00	13.93	2496.79
	4915.20	0.00	13.80	2451.78
	4915.21	0.00	13.72	2409.83
	4915.22	0.00	13.62	2356.81
	4915.23	0.00	13.47	2309.82
	4915.25	0.00	13.39	2282.86
	4915.26	0.00	13.34	2265.88
	4915.27	0.00	13.28	2238.93
	4915.28	0.00	13.26	2231.94
	4915.29	0.00	13.25	2229.95
	4915.30	0.00	13.28	2248.97
	4915.31	0.00	13.26	2241.97
	4915.33	0.00	13.27	2241.97
	4915.34	0.00	13.28	2246.96
	4915.35	0.00	13.28	2245.97
	4915.36	0.00	13.28	2247.97
	4915.37	0.00	13.28	2246.97
	4915.39	0.00	13.28	2244.97
	4915.40	0.00	13.28	2245.98
	4915.41	0.00	13.29	2248.97
	4915.42	0.00	13.29	2248.97
	4915.43	0.00	13.30	2252.97
	4915.44	0.00	13.29	2255.00
	4915.46	0.00	13.30	2256.98
	4915.47	0.00	13.30	2255.97
	4915.48	0.00	13.33	2257.91
	4915.49	0.00	13.32	2258.94
	4915.50	0.00	13.33	2261.91
	4915.52	0.00	13.33	2260.91
	4915.53	0.00	13.34	2262.91
	4915.54	0.00	13.32	2260.92
	4915.55	0.00	13.34	2263.91
	4915.56	0.00	13.33	2257.91
	4915.58	0.00	13.30	2255.96
	4915.59	0.00	13.30	2255.97
	4915.60	0.00	13.30	2255.96
	4915.61	0.00	13.27	2247.01
	4915.62	0.00	13.28	2248.01
	4915.63	0.00	13.30	2249.02
	4915.65	0.00	13.30	2251.02
	4915.66	0.00	13.30	2250.01
	4915.67	0.00	13.32	2250.96
	4915.68	0.00	13.31	2249.97
	4915.69	0.00	13.32	2250.97
	4915.70	0.00	13.32	2249.97
	4915.72	0.00	13.30	2247.96
	4915.73	0.00	13.30	2257.97
	4915.74	0.00	13.30	2279.02
	4915.75	0.00	13.26	2279.11
	4915.77	0.00	13.13	2320.28
	4915.78	0.00	12.85	2394.51
	4915.79	0.00	12.60	2469.71
	4915.80	0.00	12.36	2583.82
	4915.81	0.00	12.24	2630.90
	4915.82	0.00	12.18	2662.96
	4915.83	0.00	12.18	2702.99
	4915.85	0.00	12.23	2738.01
	4915.86	0.00	12.26	2772.02
	4915.87	0.00	12.31	2791.97
	4915.88	0.00	12.33	2800.97
	4915.89	0.00	12.37	2806.97
	4915.91	0.00	12.42	2799.96
	4915.92	0.00	12.44	2785.98
	4915.93	0.00	12.49	2783.96
	4915.94	0.00	12.55	2773.95
	4915.95	0.00	12.59	2763.94
	4915.96	0.00	12.66	2741.91
	4915.98	0.00	12.72	2736.89
	4915.99	0.00	12.78	2719.87
	4916.00	0.00	12.84	2706.83
	4916.01	0.00	12.91	2697.79
	4916.02	0.00	12.94	2678.77
	4916.04	0.00	13.03	2678.74
	4916.05	0.00	13.24	2619.70
	4916.06	0.00	13.34	2602.66
	4916.07	0.00	13.41	2594.60
	4916.08	0.00	13.47	2591.53
	4916.10	0.00	13.53	2594.39
	4916.11	0.00	13.52	2591.38
	4916.12	0.00	13.53	2620.30
	4916.13	0.00	13.59	2632.18
	4916.14	0.00	13.61	2624.11
	4916.15	0.00	13.74	2645.07
	4916.17	0.00	13.75	2641.03
	4916.18	0.00	13.78	2647.00
	4916.19	0.00	13.79	2642.96
	4916.20	0.00	13.83	2646.94
	4916.21	0.00	13.86	2638.91
	4916.23	0.00	13.90	2612.89
	4916.24	0.00	13.91	2609.87
	4916.25	0.00	13.93	2599.83
	4916.26	0.00	13.97	2596.78
	4916.27	0.00	14.08	2616.75
	4916.29	0.00	14.12	2609.70
	4916.30	0.00	14.15	2612.67
	4916.31	0.00	14.17	2607.66
	4916.32	0.00	14.21	2611.63
	4916.33	0.00	14.22	2613.65
	4916.34	0.00	14.25	2611.64
	4916.36	0.00	14.25	2609.64
	4916.37	0.00	14.25	2607.65
	4916.38	0.00	14.27	2614.65
	4916.39	0.00	14.27	2611.64
	4916.40	0.00	14.32	2615.57
	4916.41	0.00	14.30	2625.68
	4916.43	0.00	14.31	2616.62
	4916.44	0.00	14.29	2606.60
	4916.45	0.00	14.25	2593.61
	4916.46	0.00	14.20	2568.59
	4916.47	0.00	14.15	2545.57
	4916.49	0.00	14.08	2525.61
	4916.50	0.00	13.98	2494.67
	4916.51	0.00	13.81	2441.71
	4916.52	0.00	13.72	2406.74
	4916.53	0.00	13.61	2370.79
	4916.54	0.00	13.45	2329.82
	4916.56	0.00	13.41	2309.84
	4916.57	0.00	13.37	2313.92
	4916.58	0.00	13.39	2322.94
	4916.59	0.00	13.38	2314.93
	4916.60	0.00	13.38	2307.92
	4916.62	0.00	13.38	2309.93
	4916.63	0.00	13.37	2306.92
	4916.64	0.00	13.38	2306.92
	4916.65	0.00	13.38	2303.92
	4916.66	0.00	13.37	2301.92
	4916.67	0.00	13.38	2301.92
	4916.69	0.00	13.37	2299.92
	4916.70	0.00	13.35	2283.93
	4916.71	0.00	13.38	2298.92
	4916.72	0.00	13.37	2297.93
	4916.73	0.00	13.35	2284.96
	4916.75	0.00	13.37	2285.95
	4916.76	0.00	13.36	2281.95
	4916.77	0.00	13.37	2285.95
	4916.78	0.00	13.36	2286.97
	4916.79	0.00	13.37	2290.95
	4916.80	0.00	13.38	2290.95
	4916.82	0.00	13.38	2290.94
	4916.83	0.00	13.38	2298.95
	4916.84	0.00	13.40	2301.95
	4916.85	0.00	13.40	2303.94
	4916.86	0.00	13.40	2306.94
	4916.87	0.00	13.41	2310.94
	4916.89	0.00	13.41	2315.93
	4916.90	0.00	13.41	2313.93
	4916.91	0.00	13.42	2315.93
	4916.92	0.00	13.41	2309.92
	4916.93	0.00	13.42	2313.92
	4916.95	0.00	13.44	2321.89
	4916.96	0.00	13.45	2327.86
	4916.97	0.00	13.46	2333.87
	4916.98	0.00	13.46	2336.88
	4916.99	0.00	13.46	2341.88
	4917.00	0.00	13.47	2343.88
	4917.02	0.00	13.47	2342.86
	4917.03	0.00	13.47	2343.88
	4917.04	0.00	13.46	2342.88
	4917.05	0.00	13.40	2347.01
	4917.06	0.00	13.30	2364.13
	4917.08	0.00	12.99	2443.39
	4917.09	0.00	12.66	2538.64
	4917.10	0.00	12.37	2644.78
	4917.11	0.00	12.28	2686.86
	4917.12	0.00	12.28	2700.84
	4917.13	0.00	12.29	2709.88
	4917.15	0.00	12.31	2729.89
	4917.16	0.00	12.35	2758.89
	4917.17	0.00	12.37	2778.90
	4917.18	0.00	12.38	2792.92
	4917.19	0.00	12.38	2795.93
	4917.21	0.00	12.40	2806.94
	4917.22	0.00	12.42	2807.94
	4917.23	0.00	12.44	2811.94
	4917.24	0.00	12.47	2809.92
	4917.25	0.00	12.49	2800.90
	4917.27	0.00	12.51	2797.89
	4917.28	0.00	12.54	2794.89
	4917.29	0.00	12.57	2780.87
	4917.30	0.00	12.60	2775.86
	4917.31	0.00	12.62	2764.85
	4917.33	0.00	12.64	2755.84
	4917.34	0.00	12.66	2741.83
	4917.35	0.00	12.71	2740.80
	4917.36	0.00	12.74	2735.79
	4917.37	0.00	12.79	2726.77
	4917.38	0.00	12.84	2718.73
	4917.40	0.00	12.86	2716.75
	4917.41	0.00	12.88	2703.74
	4917.42	0.00	12.90	2704.73
	4917.43	0.00	12.94	2708.72
	4917.44	0.00	12.96	2708.72
	4917.45	0.00	12.99	2706.72
	4917.47	0.00	13.00	2706.71
	4917.48	0.00	13.01	2704.71
	4917.49	0.00	13.01	2704.72
	4917.50	0.00	13.04	2710.71
	4917.52	0.00	13.04	2712.71
	4917.53	0.00	13.07	2710.63
	4917.54	0.00	13.15	2685.64
	4917.55	0.00	13.22	2671.62
	4917.56	0.00	13.29	2657.60
	4917.57	0.00	13.37	2639.58
	4917.58	0.00	13.45	2621.58
	4917.60	0.00	13.48	2623.56
	4917.61	0.00	13.55	2618.43
	4917.62	0.00	13.60	2618.32
	4917.63	0.00	13.66	2630.12
	4917.64	0.00	13.70	2635.04
	4917.66	0.00	13.72	2632.99
	4917.67	0.00	13.75	2617.91
	4917.68	0.00	13.80	2593.85
	4917.69	0.00	13.82	2588.80
	4917.70	0.00	13.83	2568.75
	4917.71	0.00	13.84	2562.73
	4917.73	0.00	13.82	2523.69
	4917.74	0.00	13.81	2510.68
	4917.75	0.00	13.76	2485.73
	4917.76	0.00	13.72	2468.75
	4917.77	0.00	13.68	2435.80
	4917.79	0.00	13.62	2413.83
	4917.80	0.00	13.57	2393.88
	4917.81	0.00	13.49	2359.93
	4917.82	0.00	13.42	2326.94
	4917.83	0.00	13.38	2312.97
	4917.85	0.00	13.35	2311.01
	4917.86	0.00	13.35	2307.00
	4917.87	0.00	13.34	2305.01
	4917.88	0.00	13.37	2315.98
	4917.89	0.00	13.38	2325.00
	4917.90	0.00	13.39	2323.00
	4917.92	0.00	13.38	2320.01
	4917.93	0.00	13.37	2316.02
	4917.94	0.00	13.37	2310.01
	4917.95	0.00	13.37	2308.00
	4917.96	0.00	13.37	2305.00
	4917.98	0.00	13.34	2293.02
	4917.99	0.00	13.34	2288.00
	4918.00	0.00	13.33	2285.00
	4918.01	0.00	13.34	2287.00
	4918.02	0.00	13.34	2284.99
	4918.04	0.00	13.35	2288.99
	4918.05	0.00	13.35	2289.99
	4918.06	0.00	13.36	2301.00
	4918.07	0.00	13.36	2302.01
	4918.08	0.00	13.37	2303.99
	4918.09	0.00	13.36	2302.99
	4918.11	0.00	13.37	2302.98
	4918.12	0.00	13.37	2305.99
	4918.13	0.00	13.37	2303.98
	4918.14	0.00	13.38	2304.97
	4918.15	0.00	13.38	2303.98
	4918.16	0.00	13.38	2305.98
	4918.18	0.00	13.38	2303.97
	4918.19	0.00	13.38	2302.98
	4918.20	0.00	13.37	2301.99
	4918.21	0.00	13.38	2301.98
	4918.22	0.00	13.37	2300.99
	4918.24	0.00	13.37	2299.99
	4918.25	0.00	13.37	2297.99
	4918.26	0.00	13.37	2294.98
	4918.27	0.00	13.37	2294.98
	4918.28	0.00	13.38	2297.97
	4918.29	0.00	13.38	2299.98
	4918.31	0.00	13.38	2299.97
	4918.32	0.00	13.33	2311.09
	4918.33	0.00	13.16	2343.31
	4918.34	0.00	12.90	2413.51
	4918.35	0.00	12.68	2503.66
	4918.37	0.00	12.54	2558.77
	4918.38	0.00	12.40	2608.82
	4918.39	0.00	12.34	2640.88
	4918.40	0.00	12.32	2650.90
	4918.41	0.00	12.31	2673.87
	4918.42	0.00	12.27	2710.93
	4918.44	0.00	12.28	2750.95
	4918.45	0.00	12.29	2776.94
	4918.46	0.00	12.32	2804.95
	4918.47	0.00	12.33	2805.95
	4918.48	0.00	12.37	2816.95
	4918.50	0.00	12.41	2812.94
	4918.51	0.00	12.48	2826.92
	4918.52	0.00	12.53	2825.92
	4918.53	0.00	12.56	2839.90
	4918.54	0.00	12.62	2832.87
	4918.56	0.00	12.67	2822.85
	4918.57	0.00	12.72	2812.81
	4918.58	0.00	12.79	2793.80
	4918.59	0.00	12.83	2780.78
	4918.60	0.00	12.88	2762.76
	4918.62	0.00	12.93	2749.73
	4918.63	0.00	12.97	2717.73
	4918.64	0.00	12.98	2713.71
	4918.65	0.00	13.01	2706.70
	4918.66	0.00	13.01	2701.69
	4918.67	0.00	13.03	2699.69
	4918.68	0.00	13.03	2697.68
	4918.70	0.00	13.04	2695.67
	4918.71	0.00	13.03	2701.67
	4918.72	0.00	13.04	2700.66
	4918.73	0.00	13.05	2700.67
	4918.75	0.00	13.08	2697.67
	4918.76	0.00	13.12	2690.67
	4918.77	0.00	13.17	2678.67
	4918.78	0.00	13.26	2658.67
	4918.79	0.00	13.32	2648.64
	4918.80	0.00	13.40	2633.61
	4918.81	0.00	13.46	2634.57
	4918.83	0.00	13.52	2632.52
	4918.84	0.00	13.56	2629.43
	4918.85	0.00	13.63	2628.29
	4918.86	0.00	13.65	2647.14
	4918.87	0.00	13.69	2645.08
	4918.89	0.00	13.74	2627.01
	4918.90	0.00	13.79	2601.94
	4918.91	0.00	13.82	2603.89
	4918.92	0.00	13.81	2585.87
	4918.93	0.00	13.85	2581.78
	4918.94	0.00	13.84	2555.77
	4918.96	0.00	13.84	2551.79
	4918.97	0.00	13.90	2549.80
	4918.98	0.00	13.81	2504.76
	4918.99	0.00	13.81	2484.71
	4919.00	0.00	13.73	2445.75
	4919.02	0.00	13.68	2414.80
	4919.03	0.00	13.61	2383.86
	4919.04	0.00	13.50	2352.94
	4919.05	0.00	13.42	2319.97
	4919.06	0.00	13.35	2298.04
	4919.08	0.00	13.32	2292.05
	4919.09	0.00	13.35	2306.01
	4919.10	0.00	13.36	2307.01
	4919.11	0.00	13.37	2312.01
	4919.12	0.00	13.36	2310.02
	4919.13	0.00	13.36	2302.00
	4919.15	0.00	13.36	2296.00
	4919.16	0.00	13.36	2294.01
	4919.17	0.00	13.36	2288.98
	4919.18	0.00	13.35	2290.01
	4919.19	0.00	13.35	2287.01
	4919.20	0.00	13.36	2290.01
	4919.22	0.00	13.35	2294.02
	4919.23	0.00	13.37	2296.00
	4919.24	0.00	13.37	2300.99
	4919.25	0.00	13.38	2305.99
	4919.27	0.00	13.41	2312.92
	4919.28	0.00	13.38	2313.99
	4919.29	0.00	13.40	2321.99
	4919.30	0.00	13.40	2323.99
	4919.31	0.00	13.39	2325.00
	4919.32	0.00	13.41	2325.98
	4919.33	0.00	13.41	2329.98
	4919.35	0.00	13.42	2330.97
	4919.36	0.00	13.42	2332.97
	4919.37	0.00	13.42	2333.97
	4919.38	0.00	13.42	2335.97
	4919.39	0.00	13.43	2336.98
	4919.41	0.00	13.43	2337.96
	4919.42	0.00	13.44	2334.94
	4919.43	0.00	13.43	2334.95
	4919.44	0.00	13.44	2334.94
	4919.45	0.00	13.43	2338.97
	4919.46	0.00	13.43	2342.97
	4919.48	0.00	13.45	2355.95
	4919.49	0.00	13.45	2352.94
	4919.50	0.00	13.44	2351.95
	4919.51	0.00	13.38	2356.09
	4919.52	0.00	13.15	2394.36
	4919.54	0.00	12.80	2496.60
	4919.55	0.00	12.52	2589.76
	4919.56	0.00	12.38	2640.86
	4919.57	0.00	12.32	2660.89
	4919.58	0.00	12.32	2665.88
	4919.60	0.00	12.33	2672.88
	4919.61	0.00	12.34	2684.89
	4919.62	0.00	12.34	2702.91
	4919.63	0.00	12.34	2720.92
	4919.64	0.00	12.30	2734.99
	4919.65	0.00	12.32	2754.00
	4919.67	0.00	12.34	2768.00
	4919.68	0.00	12.36	2773.01
	4919.69	0.00	12.38	2780.01
	4919.70	0.00	12.43	2790.00
	4919.71	0.00	12.45	2788.99
	4919.73	0.00	12.51	2781.88
	4919.74	0.00	12.54	2780.90
	4919.75	0.00	12.57	2770.89
	4919.76	0.00	12.61	2762.87
	4919.77	0.00	12.62	2742.89
	4919.79	0.00	12.67	2734.90
	4919.80	0.00	12.70	2723.87
	4919.81	0.00	12.75	2716.85
	4919.82	0.00	12.80	2704.82
	4919.83	0.00	12.84	2693.81
	4919.84	0.00	12.90	2686.78
	4919.86	0.00	12.93	2682.76
	4919.87	0.00	12.96	2675.74
	4919.88	0.00	13.00	2674.73
	4919.89	0.00	13.07	2661.71
	4919.90	0.00	13.19	2632.69
	4919.91	0.00	13.24	2622.68
	4919.93	0.00	13.30	2613.66
	4919.94	0.00	13.37	2599.64
	4919.95	0.00	13.42	2604.61
	4919.96	0.00	13.45	2605.56
	4919.97	0.00	13.47	2606.51
	4919.99	0.00	13.52	2612.43
	4920.00	0.00	13.58	2611.31
	4920.01	0.00	13.65	2607.15
	4920.02	0.00	13.66	2633.09
	4920.03	0.00	13.69	2637.03
	4920.04	0.00	13.73	2602.99
	4920.06	0.00	13.74	2592.95
	4920.07	0.00	13.75	2586.92
	4920.08	0.00	13.78	2576.85
	4920.09	0.00	13.80	2571.79
	4920.10	0.00	13.89	2586.76
	4920.12	0.00	13.89	2573.77
	4920.13	0.00	13.87	2560.80
	4920.14	0.00	13.84	2538.82
	4920.15	0.00	13.85	2541.82
	4920.16	0.00	13.84	2528.81
	4920.17	0.00	13.73	2485.79
	4920.19	0.00	13.69	2456.81
	4920.20	0.00	13.65	2430.84
	4920.21	0.00	13.58	2406.89
	4920.22	0.00	13.50	2368.92
	4920.23	0.00	13.44	2339.94
	4920.25	0.00	13.39	2324.01
	4920.26	0.00	13.37	2321.01
	4920.27	0.00	13.38	2322.00
	4920.28	0.00	13.38	2323.01
	4920.29	0.00	13.41	2334.00
	4920.31	0.00	13.40	2328.99
	4920.32	0.00	13.40	2325.99
	4920.33	0.00	13.39	2322.00
	4920.34	0.00	13.39	2320.00
	4920.35	0.00	13.40	2315.96
	4920.37	0.00	13.41	2314.93
	4920.38	0.00	13.41	2308.93
	4920.39	0.00	13.40	2302.95
	4920.40	0.00	13.39	2297.95
	4920.41	0.00	13.40	2295.94
	4920.42	0.00	13.39	2290.95
	4920.43	0.00	13.35	2262.98
	4920.45	0.00	13.35	2258.97
	4920.46	0.00	13.33	2256.01
	4920.47	0.00	13.33	2258.01
	4920.48	0.00	13.33	2264.04
	4920.50	0.00	13.38	2292.98
	4920.51	0.00	13.39	2293.98
	4920.52	0.00	13.40	2298.97
	4920.53	0.00	13.39	2293.97
	4920.54	0.00	13.38	2288.97
	4920.55	0.00	13.39	2293.97
	4920.56	0.00	13.39	2294.97
	4920.58	0.00	13.39	2295.97
	4920.59	0.00	13.39	2292.97
	4920.60	0.00	13.38	2285.98
	4920.61	0.00	13.39	2291.98
	4920.62	0.00	13.39	2294.99
	4920.64	0.00	13.39	2297.98
	4920.65	0.00	13.40	2303.97
	4920.66	0.00	13.41	2307.97
	4920.67	0.00	13.43	2314.93
	4920.68	0.00	13.40	2325.00
	4920.69	0.00	13.36	2327.10
	4920.71	0.00	13.19	2363.29
	4920.72	0.00	12.89	2456.48
	4920.73	0.00	12.72	2518.63
	4920.74	0.00	12.53	2582.73
	4920.75	0.00	12.43	2616.79
	4920.77	0.00	12.38	2640.82
	4920.78	0.00	12.37	2657.84
	4920.79	0.00	12.35	2683.85
	4920.80	0.00	12.35	2720.86
	4920.81	0.00	12.37	2750.87
	4920.82	0.00	12.38	2772.89
	4920.84	0.00	12.39	2781.91
	4920.85	0.00	12.41	2784.92
	4920.86	0.00	12.43	2785.93
	4920.87	0.00	12.47	2783.93
	4920.88	0.00	12.52	2783.93
	4920.90	0.00	12.57	2777.91
	4920.91	0.00	12.62	2770.88
	4920.92	0.00	12.69	2760.87
	4920.93	0.00	12.76	2754.85
	4920.94	0.00	12.81	2742.85
	4920.95	0.00	12.87	2728.82
	4920.97	0.00	12.92	2716.80
	4920.98	0.00	12.98	2709.77
	4920.99	0.00	13.13	2667.73
	4921.00	0.00	13.26	2629.70
	4921.02	0.00	13.36	2607.64
	4921.03	0.00	13.46	2588.55
	4921.04	0.00	13.48	2588.48
	4921.05	0.00	13.52	2582.40
	4921.06	0.00	13.57	2582.29
	4921.07	0.00	13.61	2577.18
	4921.08	0.00	13.62	2570.16
	4921.10	0.00	13.62	2592.13
	4921.11	0.00	13.64	2589.12
	4921.12	0.00	13.66	2565.09
	4921.13	0.00	13.67	2562.07
	4921.14	0.00	13.68	2562.06
	4921.16	0.00	13.76	2576.01
	4921.17	0.00	13.75	2577.04
	4921.18	0.00	13.76	2567.02
	4921.19	0.00	13.87	2594.00
	4921.20	0.00	13.90	2596.98
	4921.22	0.00	13.92	2594.97
	4921.23	0.00	13.97	2604.95
	4921.24	0.00	13.97	2597.94
	4921.25	0.00	14.00	2601.94
	4921.26	0.00	14.03	2611.94
	4921.27	0.00	14.08	2619.90
	4921.29	0.00	14.14	2627.87
	4921.30	0.00	14.17	2638.86
	4921.31	0.00	14.24	2648.80
	4921.32	0.00	14.25	2651.83
	4921.33	0.00	14.29	2661.83
	4921.35	0.00	14.30	2662.83
	4921.36	0.00	14.31	2660.82
	4921.37	0.00	14.30	2650.82
	4921.38	0.00	14.28	2638.80
	4921.39	0.00	14.20	2597.80
	4921.40	0.00	14.10	2561.81
	4921.42	0.00	13.99	2517.82
	4921.43	0.00	13.83	2462.83
	4921.44	0.00	13.63	2407.86
	4921.45	0.00	13.46	2359.90
	4921.46	0.00	13.42	2346.92
	4921.48	0.00	13.39	2340.98
	4921.49	0.00	13.38	2341.98
	4921.50	0.00	13.38	2333.97
	4921.51	0.00	13.41	2346.96
	4921.52	0.00	13.40	2340.96
	4921.54	0.00	13.40	2337.95
	4921.55	0.00	13.40	2333.95
	4921.56	0.00	13.40	2331.95
	4921.57	0.00	13.40	2329.95
	4921.58	0.00	13.40	2328.95
	4921.59	0.00	13.39	2323.95
	4921.61	0.00	13.40	2322.95
	4921.62	0.00	13.39	2322.96
	4921.63	0.00	13.39	2322.95
	4921.64	0.00	13.40	2321.95
	4921.65	0.00	13.40	2319.95
	4921.66	0.00	13.40	2318.95
	4921.68	0.00	13.40	2317.95
	4921.69	0.00	13.40	2317.95
	4921.70	0.00	13.40	2313.94
	4921.71	0.00	13.39	2312.96
	4921.72	0.00	13.40	2307.92
	4921.74	0.00	13.41	2303.89
	4921.75	0.00	13.41	2303.89
	4921.76	0.00	13.42	2304.87
	4921.77	0.00	13.42	2305.87
	4921.78	0.00	13.42	2306.87
	4921.79	0.00	13.42	2305.87
	4921.81	0.00	13.42	2306.86
	4921.82	0.00	13.40	2303.90
	4921.83	0.00	13.40	2307.91
	4921.84	0.00	13.41	2310.90
	4921.85	0.00	13.42	2320.89
	4921.87	0.00	13.45	2344.90
	4921.88	0.00	13.48	2364.91
	4921.89	0.00	13.51	2382.90
	4921.90	0.00	13.49	2385.94
	4921.91	0.00	13.46	2387.00
	4921.92	0.00	13.45	2395.05
	4921.94	0.00	13.42	2400.11
	4921.95	0.00	13.41	2408.16
	4921.96	0.00	13.39	2413.19
	4921.97	0.00	13.39	2420.20
	4921.98	0.00	13.40	2432.20
	4922.00	0.00	13.41	2436.20
	4922.01	0.00	13.42	2440.19
	4922.02	0.00	13.42	2444.19
	4922.03	0.00	13.43	2448.19
	4922.04	0.00	13.43	2452.19
	4922.05	0.00	13.43	2463.21
	4922.07	0.00	13.44	2471.22
	4922.08	0.00	13.42	2476.25
	4922.09	0.00	13.42	2480.27
	4922.10	0.00	13.41	2484.29
	4922.11	0.00	13.40	2484.30
	4922.13	0.00	13.40	2487.32
	4922.14	0.00	13.41	2491.31
	4922.15	0.00	13.41	2488.31
	4922.16	0.00	13.42	2490.30
	4922.17	0.00	13.42	2491.30
	4922.18	0.00	13.40	2478.30
	4922.20	0.00	13.41	2479.28
	4922.21	0.00	13.41	2476.27
	4922.22	0.00	13.41	2474.27
	4922.23	0.00	13.41	2473.27
	4922.24	0.00	13.41	2470.26
	4922.26	0.00	13.41	2470.26
	4922.27	0.00	13.42	2472.25
	4922.28	0.00	13.41	2471.27
	4922.29	0.00	13.42	2470.25
	4922.30	0.00	13.41	2466.25
	4922.31	0.00	13.40	2463.26
	4922.33	0.00	13.40	2462.27
	4922.34	0.00	13.39	2461.28
	4922.35	0.00	13.39	2460.29
	4922.36	0.00	13.39	2459.29
	4922.37	0.00	13.39	2458.29
	4922.39	0.00	13.38	2459.30
	4922.40	0.00	13.39	2457.28
	4922.41	0.00	13.39	2459.29
	4922.42	0.00	13.39	2458.29
	4922.43	0.00	13.39	2455.29
	4922.44	0.00	13.38	2457.29
	4922.46	0.00	13.41	2453.21
	4922.47	0.00	13.41	2450.21
	4922.48	0.00	13.40	2449.21
	4922.49	0.00	13.41	2446.20
	4922.50	0.00	13.40	2443.21
	4922.52	0.00	13.39	2437.22
	4922.53	0.00	13.37	2434.25
	4922.54	0.00	13.36	2432.28
	4922.55	0.00	13.35	2430.29
	4922.56	0.00	13.35	2430.31
	4922.57	0.00	13.33	2427.33
	4922.59	0.00	13.31	2420.35
	4922.60	0.00	13.31	2425.36
	4922.61	0.00	13.30	2424.38
	4922.62	0.00	13.29	2424.39
	4922.63	0.00	13.28	2424.41
	4922.65	0.00	13.27	2424.43
	4922.66	0.00	13.25	2424.45
	4922.67	0.00	13.25	2429.47
	4922.68	0.00	13.25	2427.48
	4922.69	0.00	13.26	2425.43
	4922.70	0.00	13.22	2428.50
	4922.72	0.00	13.21	2426.51
	4922.73	0.00	13.22	2428.51
	4922.74	0.00	13.20	2430.51
	4922.75	0.00	13.20	2431.52
	4922.76	0.00	13.20	2429.52
	4922.78	0.00	13.20	2431.52
	4922.79	0.00	13.20	2433.53
	4922.80	0.00	13.18	2427.54
	4922.81	0.00	13.18	2429.53
	4922.82	0.00	13.18	2427.54
	4922.83	0.00	13.17	2425.54
	4922.85	0.00	13.18	2430.53
	4922.86	0.00	13.16	2425.55
	4922.87	0.00	13.16	2425.54
	4922.88	0.00	13.16	2425.55
	4922.89	0.00	13.16	2426.55
	4922.91	0.00	13.16	2430.56
	4922.92	0.00	13.16	2431.56
	4922.93	0.00	13.15	2428.57
	4922.94	0.00	13.15	2433.57
	4922.95	0.00	13.15	2434.58
	4922.97	0.00	13.15	2434.57
	4922.98	0.00	13.15	2437.57
	4922.99	0.00	13.14	2437.58
	4923.00	0.00	13.14	2437.58
	4923.01	0.00	13.13	2440.59
	4923.02	0.00	13.13	2440.60
	4923.04	0.00	13.13	2440.60
	4923.05	0.00	13.13	2440.60
	4923.06	0.00	13.14	2444.59
	4923.07	0.00	13.14	2441.59
	4923.08	0.00	13.13	2442.60
	4923.10	0.00	13.14	2444.60
	4923.11	0.00	13.14	2442.60
	4923.12	0.00	13.13	2439.59
	4923.13	0.00	13.17	2445.52
	4923.14	0.00	13.17	2445.51
	4923.15	0.00	13.16	2441.52
	4923.17	0.00	13.17	2444.52
	4923.18	0.00	13.16	2442.53
	4923.19	0.00	13.15	2440.52
	4923.20	0.00	13.13	2438.58
	4923.21	0.00	13.13	2440.59
	4923.23	0.00	13.13	2440.60
	4923.24	0.00	13.13	2441.60
	4923.25	0.00	13.11	2432.60
	4923.26	0.00	13.11	2435.61
	4923.27	0.00	13.11	2438.61
	4923.29	0.00	13.11	2441.62
	4923.30	0.00	13.10	2443.63
	4923.31	0.00	13.10	2446.63
	4923.32	0.00	13.08	2451.63
	4923.33	0.00	13.08	2456.63
	4923.34	0.00	13.07	2458.64
	4923.36	0.00	13.08	2459.64
	4923.37	0.00	13.07	2460.64
	4923.38	0.00	13.06	2464.65
	4923.39	0.00	13.06	2462.66
	4923.40	0.00	13.07	2469.64
	4923.41	0.00	13.07	2469.64
	4923.43	0.00	13.08	2468.64
	4923.44	0.00	13.08	2470.65
	4923.45	0.00	13.09	2468.63
	4923.46	0.00	13.09	2468.63
	4923.47	0.00	13.12	2461.63
	4923.49	0.00	13.11	2460.63
	4923.50	0.00	13.11	2461.63
	4923.51	0.00	13.12	2460.63
	4923.52	0.00	13.11	2456.62
	4923.53	0.00	13.11	2452.62
	4923.54	0.00	13.11	2453.63
	4923.56	0.00	13.11	2451.63
	4923.57	0.00	13.11	2455.62
	4923.58	0.00	13.11	2456.62
	4923.59	0.00	13.11	2455.62
	4923.60	0.00	13.11	2459.62
	4923.62	0.00	13.11	2460.63
	4923.63	0.00	13.12	2459.62
	4923.64	0.00	13.12	2462.62
	4923.65	0.00	13.12	2463.62
	4923.66	0.00	13.11	2462.63
	4923.67	0.00	13.11	2462.63
	4923.69	0.00	13.09	2467.63
	4923.70	0.00	13.08	2467.64
	4923.71	0.00	13.09	2470.64
	4923.72	0.00	13.09	2471.63
	4923.73	0.00	13.09	2473.63
	4923.75	0.00	13.09	2473.64
	4923.76	0.00	13.09	2474.64
	4923.77	0.00	13.10	2474.58
	4923.78	0.00	13.11	2477.55
	4923.79	0.00	13.10	2479.57
	4923.81	0.00	13.10	2477.56
	4923.82	0.00	13.10	2477.55
	4923.83	0.00	13.10	2476.54
	4923.84	0.00	13.09	2474.57
	4923.85	0.00	13.08	2470.60
	4923.87	0.00	13.08	2471.61
	4923.88	0.00	13.08	2471.61
	4923.89	0.00	13.09	2474.62
	4923.90	0.00	13.07	2466.62
	4923.91	0.00	13.08	2465.62
	4923.92	0.00	13.09	2467.62
	4923.93	0.00	13.09	2467.62
	4923.95	0.00	13.10	2468.62
	4923.96	0.00	13.13	2460.62
	4923.97	0.00	13.12	2457.63
	4923.98	0.00	13.13	2463.62
	4924.00	0.00	13.13	2463.62
	4924.01	0.00	13.14	2463.61
	4924.02	0.00	13.13	2464.62
	4924.03	0.00	13.10	2469.62
	4924.04	0.00	13.10	2471.61
	4924.05	0.00	13.09	2472.63
	4924.06	0.00	13.09	2475.62
	4924.08	0.00	13.09	2474.62
	4924.09	0.00	13.09	2477.62
	4924.10	0.00	13.08	2476.63
	4924.11	0.00	13.08	2476.62
	4924.12	0.00	13.07	2478.62
	4924.14	0.00	13.07	2479.62
	4924.15	0.00	13.06	2479.63
	4924.16	0.00	13.06	2480.63
	4924.17	0.00	13.02	2491.63
	4924.18	0.00	13.00	2488.64
	4924.19	0.00	13.00	2485.62
	4924.21	0.00	12.98	2491.64
	4924.22	0.00	12.97	2493.64
	4924.23	0.00	12.96	2493.66
	4924.24	0.00	12.95	2494.65
	4924.25	0.00	12.95	2494.65
	4924.27	0.00	12.95	2495.65
	4924.28	0.00	12.95	2498.65
	4924.29	0.00	12.96	2499.65
	4924.30	0.00	12.95	2495.65
	4924.31	0.00	12.94	2493.66
	4924.33	0.00	12.97	2495.60
	4924.34	0.00	12.94	2496.66
	4924.35	0.00	12.94	2493.67
	4924.36	0.00	12.94	2494.67
	4924.37	0.00	12.94	2493.68
	4924.38	0.00	12.94	2493.66
	4924.40	0.00	12.95	2491.66
	4924.41	0.00	12.95	2491.66
	4924.42	0.00	12.95	2491.66
	4924.43	0.00	12.95	2488.67
	4924.44	0.00	12.95	2488.66
	4924.46	0.00	12.97	2488.59
	4924.47	0.00	12.97	2485.58
	4924.48	0.00	12.97	2482.58
	4924.49	0.00	12.97	2483.58
	4924.50	0.00	12.97	2481.57
	4924.52	0.00	12.96	2480.58
	4924.53	0.00	12.96	2477.57
	4924.54	0.00	12.94	2476.62
	4924.55	0.00	12.93	2473.65
	4924.56	0.00	12.94	2470.64
	4924.57	0.00	12.93	2472.64
	4924.59	0.00	12.92	2465.64
	4924.60	0.00	12.93	2466.64
	4924.61	0.00	12.93	2468.64
	4924.62	0.00	12.94	2468.64
	4924.63	0.00	12.95	2468.62
	4924.64	0.00	12.94	2466.64
	4924.66	0.00	12.94	2469.64
	4924.67	0.00	12.93	2465.64
	4924.68	0.00	12.95	2474.64
	4924.69	0.00	12.95	2472.64
	4924.70	0.00	12.94	2474.64
	4924.72	0.00	12.94	2473.65
	4924.73	0.00	12.93	2475.67
	4924.74	0.00	12.93	2476.65
	4924.75	0.00	12.93	2477.64
	4924.76	0.00	12.93	2480.65
	4924.77	0.00	12.94	2481.64
	4924.79	0.00	12.94	2482.64
	4924.80	0.00	12.93	2481.64
	4924.81	0.00	12.93	2483.64
	4924.82	0.00	12.92	2486.65
	4924.83	0.00	12.92	2487.64
	4924.85	0.00	12.91	2487.65
	4924.86	0.00	12.91	2488.66
	4924.87	0.00	12.91	2490.65
	4924.88	0.00	12.90	2491.65
	4924.89	0.00	12.89	2492.66
	4924.90	0.00	12.89	2495.67
	4924.92	0.00	12.89	2495.66
	4924.93	0.00	12.88	2496.66
	4924.94	0.00	12.87	2492.66
	4924.95	0.00	12.87	2495.66
	4924.96	0.00	12.86	2495.67
	4924.98	0.00	12.86	2495.67
	4924.99	0.00	12.86	2495.67
	4925.00	0.00	12.86	2498.67
	4925.01	0.00	12.86	2496.67
	4925.02	0.00	12.85	2497.67
	4925.04	0.00	12.85	2503.68
	4925.05	0.00	12.85	2505.68
	4925.06	0.00	12.85	2507.67
	4925.07	0.00	12.85	2507.68
	4925.08	0.00	12.85	2508.67
	4925.09	0.00	12.85	2510.68
	4925.11	0.00	12.85	2507.69
	4925.12	0.00	12.84	2508.69
	4925.13	0.00	12.83	2507.71
	4925.14	0.00	12.84	2508.70
	4925.15	0.00	12.84	2509.70
	4925.16	0.00	12.84	2512.70
	4925.18	0.00	12.83	2512.72
	4925.19	0.00	12.83	2513.70
	4925.20	0.00	12.83	2513.70
	4925.21	0.00	12.83	2514.70
	4925.22	0.00	12.83	2515.70
	4925.24	0.00	12.86	2514.62
	4925.25	0.00	12.86	2516.62
	4925.26	0.00	12.85	2514.64
	4925.27	0.00	12.85	2514.62
	4925.28	0.00	12.85	2513.62
	4925.29	0.00	12.85	2511.61
	4925.31	0.00	12.84	2508.63
	4925.32	0.00	12.83	2509.66
	4925.33	0.00	12.82	2509.67
	4925.34	0.00	12.83	2507.68
	4925.35	0.00	12.82	2508.70
	4925.37	0.00	12.83	2509.68
	4925.38	0.00	12.84	2507.68
	4925.39	0.00	12.83	2501.68
	4925.40	0.00	12.83	2502.69
	4925.41	0.00	12.84	2506.68
	4925.42	0.00	12.84	2505.68
	4925.44	0.00	12.84	2502.68
	4925.45	0.00	12.85	2507.68
	4925.46	0.00	12.84	2506.68
	4925.47	0.00	12.84	2507.68
	4925.48	0.00	12.84	2508.68
	4925.50	0.00	12.85	2513.68
	4925.51	0.00	12.85	2514.68
	4925.52	0.00	12.85	2514.68
	4925.53	0.00	12.85	2515.68
	4925.54	0.00	12.85	2514.68
	4925.56	0.00	12.85	2516.68
	4925.57	0.00	12.85	2517.68
	4925.58	0.00	12.86	2518.68
	4925.59	0.00	12.86	2517.67
	4925.60	0.00	12.86	2518.67
	4925.62	0.00	12.87	2520.67
	4925.63	0.00	12.88	2518.64
	4925.64	0.00	12.87	2515.66
	4925.65	0.00	12.88	2515.65
	4925.66	0.00	12.89	2514.65
	4925.67	0.00	12.88	2514.67
	4925.68	0.00	12.89	2513.65
	4925.70	0.00	12.89	2512.65
	4925.71	0.00	12.88	2504.65
	4925.72	0.00	12.89	2503.61
	4925.73	0.00	12.87	2499.65
	4925.75	0.00	12.87	2502.65
	4925.76	0.00	12.87	2503.65
	4925.77	0.00	12.87	2505.65
	4925.78	0.00	12.86	2497.65
	4925.79	0.00	12.87	2505.66
	4925.80	0.00	12.88	2507.66
	4925.81	0.00	12.88	2507.63
	4925.83	0.00	12.87	2507.66
	4925.84	0.00	12.87	2509.66
	4925.85	0.00	12.87	2508.66
	4925.86	0.00	12.86	2508.66
	4925.87	0.00	12.86	2508.67
	4925.89	0.00	12.86	2508.67
	4925.90	0.00	12.85	2509.68
	4925.91	0.00	12.84	2508.71
	4925.92	0.00	12.85	2508.69
	4925.93	0.00	12.85	2508.68
	4925.94	0.00	12.86	2510.68
	4925.96	0.00	12.86	2510.67
	4925.97	0.00	12.85	2507.68
	4925.98	0.00	12.85	2507.68
	4925.99	0.00	12.85	2507.68
	4926.00	0.00	12.88	2509.61
	4926.02	0.00	12.88	2509.59
	4926.03	0.00	12.88	2507.60
	4926.04	0.00	12.88	2507.60
	4926.05	0.00	12.88	2505.59
	4926.06	0.00	12.88	2506.59
	4926.08	0.00	12.88	2505.59
	4926.09	0.00	12.87	2502.61
	4926.10	0.00	12.86	2501.65
	4926.11	0.00	12.86	2496.65
	4926.12	0.00	12.86	2497.65
	4926.13	0.00	12.87	2498.65
	4926.15	0.00	12.85	2492.66
	4926.16	0.00	12.86	2489.65
	4926.17	0.00	12.85	2488.65
	4926.18	0.00	12.86	2491.65
	4926.19	0.00	12.86	2492.66
	4926.20	0.00	12.87	2491.66
	4926.22	0.00	12.87	2494.66
	4926.23	0.00	12.87	2490.66
	4926.24	0.00	12.87	2490.66
	4926.25	0.00	12.88	2492.65
	4926.27	0.00	12.88	2493.66
	4926.28	0.00	12.88	2494.66
	4926.29	0.00	12.88	2495.66
	4926.30	0.00	12.88	2495.66
	4926.31	0.00	12.88	2493.65
	4926.32	0.00	12.89	2493.65
	4926.34	0.00	12.90	2490.65
	4926.35	0.00	12.90	2491.64
	4926.36	0.00	12.91	2490.64
	4926.37	0.00	12.91	2490.64
	4926.38	0.00	12.92	2490.64
	4926.39	0.00	12.91	2489.64
	4926.41	0.00	12.92	2488.64
	4926.42	0.00	12.92	2486.64
	4926.43	0.00	12.92	2488.64
	4926.44	0.00	12.93	2486.63
	4926.45	0.00	12.93	2485.63
	4926.47	0.00	12.93	2486.63
	4926.48	0.00	12.93	2485.63
	4926.49	0.00	12.91	2477.63
	4926.50	0.00	12.92	2477.63
	4926.51	0.00	12.93	2478.61
	4926.52	0.00	12.91	2471.63
	4926.54	0.00	12.93	2476.62
	4926.55	0.00	12.94	2482.62
	4926.56	0.00	12.93	2478.62
	4926.57	0.00	12.93	2480.63
	4926.58	0.00	12.93	2480.63
	4926.60	0.00	12.93	2481.62
	4926.61	0.00	12.93	2480.63
	4926.62	0.00	12.94	2479.63
	4926.63	0.00	12.93	2479.63
	4926.64	0.00	12.93	2478.64
	4926.65	0.00	12.93	2478.64
	4926.67	0.00	12.93	2480.65
	4926.68	0.00	12.93	2480.64
	4926.69	0.00	12.93	2481.64
	4926.70	0.00	12.93	2480.65
	4926.71	0.00	12.92	2481.65
	4926.73	0.00	12.92	2481.65
	4926.74	0.00	12.93	2480.64
	4926.75	0.00	12.96	2481.55
	4926.76	0.00	12.95	2481.56
	4926.77	0.00	12.95	2480.56
	4926.79	0.00	12.95	2480.56
	4926.80	0.00	12.96	2480.52
	4926.81	0.00	12.93	2475.59
	4926.82	0.00	12.92	2474.61
	4926.83	0.00	12.91	2469.62
	4926.84	0.00	12.92	2473.63
	4926.86	0.00	12.91	2474.63
	4926.87	0.00	12.92	2474.63
	4926.88	0.00	12.91	2466.63
	4926.89	0.00	12.92	2468.57
	4926.90	0.00	12.90	2472.64
	4926.91	0.00	12.91	2472.63
	4926.93	0.00	12.91	2470.64
	4926.94	0.00	12.90	2472.66
	4926.95	0.00	12.91	2474.64
	4926.96	0.00	12.91	2477.64
	4926.97	0.00	12.91	2483.64
	4926.99	0.00	12.90	2481.66
	4927.00	0.00	12.91	2482.64
	4927.01	0.00	12.91	2481.64
	4927.02	0.00	12.90	2481.65
	4927.03	0.00	12.90	2481.66
	4927.04	0.00	12.90	2483.64
	4927.06	0.00	12.91	2483.63
	4927.07	0.00	12.91	2482.63
	4927.08	0.00	12.91	2483.63
	4927.09	0.00	12.91	2483.63
	4927.10	0.00	12.91	2482.63
	4927.12	0.00	12.91	2481.63
	4927.13	0.00	12.91	2482.63
	4927.14	0.00	12.91	2480.63
	4927.15	0.00	12.91	2481.63
	4927.16	0.00	12.92	2481.62
	4927.17	0.00	12.91	2481.63
	4927.19	0.00	12.91	2481.63
	4927.20	0.00	12.91	2479.63
	4927.21	0.00	12.90	2474.62
	4927.22	0.00	12.90	2473.62
	4927.23	0.00	12.90	2473.63
	4927.25	0.00	12.90	2476.62
	4927.26	0.00	12.90	2477.63
	4927.27	0.00	12.90	2476.63
	4927.28	0.00	12.90	2477.63
	4927.29	0.00	12.89	2474.63
	4927.31	0.00	12.90	2477.62
	4927.32	0.00	12.90	2477.62
	4927.33	0.00	12.90	2481.63
	4927.34	0.00	12.90	2480.63
	4927.35	0.00	12.90	2479.63
	4927.37	0.00	12.90	2480.64
	4927.38	0.00	12.90	2481.64
	4927.39	0.00	12.90	2480.65
	4927.40	0.00	12.89	2482.65
	4927.41	0.00	12.89	2485.65
	4927.42	0.00	12.87	2488.65
	4927.43	0.00	12.88	2489.65
	4927.45	0.00	12.88	2490.65
	4927.46	0.00	12.88	2492.65
	4927.47	0.00	12.88	2492.65
	4927.48	0.00	12.87	2493.65
	4927.50	0.00	12.87	2495.66
	4927.51	0.00	12.89	2495.60
	4927.52	0.00	12.90	2496.57
	4927.53	0.00	12.90	2496.57
	4927.54	0.00	12.89	2495.57
	4927.55	0.00	12.90	2494.57
	4927.56	0.00	12.89	2491.56
	4927.58	0.00	12.89	2487.57
	4927.59	0.00	12.88	2488.59
	4927.60	0.00	12.87	2487.61
	4927.61	0.00	12.88	2486.62
	4927.62	0.00	12.87	2486.63
	4927.64	0.00	12.87	2483.63
	4927.65	0.00	12.86	2479.63
	4927.66	0.00	12.87	2483.63
	4927.67	0.00	12.87	2482.64
	4927.68	0.00	12.87	2481.64
	4927.70	0.00	12.88	2485.64
	4927.71	0.00	12.87	2482.64
	4927.72	0.00	12.88	2489.64
	4927.73	0.00	12.88	2488.64
	4927.74	0.00	12.88	2488.64
	4927.75	0.00	12.88	2489.64
	4927.77	0.00	12.88	2489.64
	4927.78	0.00	12.88	2488.65
	4927.79	0.00	12.89	2485.63
	4927.80	0.00	12.90	2487.62
	4927.81	0.00	12.91	2485.62
	4927.83	0.00	12.91	2482.64
	4927.84	0.00	12.92	2479.61
	4927.85	0.00	12.92	2478.61
	4927.86	0.00	12.93	2476.61
	4927.87	0.00	12.93	2475.61
	4927.88	0.00	12.93	2474.61
	4927.90	0.00	12.93	2475.61
	4927.91	0.00	12.94	2474.61
	4927.92	0.00	12.93	2472.62
	4927.93	0.00	12.94	2472.61
	4927.94	0.00	12.92	2468.61
	4927.96	0.00	12.92	2469.61
	4927.97	0.00	12.92	2467.61
	4927.98	0.00	12.92	2465.61
	4927.99	0.00	12.92	2465.61
	4928.00	0.00	12.93	2463.61
	4928.02	0.00	12.93	2460.61
	4928.03	0.00	12.94	2460.60
	4928.04	0.00	12.94	2459.60
	4928.05	0.00	12.97	2459.55
	4928.06	0.00	12.96	2457.60
	4928.07	0.00	12.98	2446.60
	4928.09	0.00	12.98	2446.59
	4928.10	0.00	12.98	2446.61
	4928.11	0.00	12.97	2442.61
	4928.12	0.00	12.98	2445.60
	4928.13	0.00	12.98	2443.61
	4928.14	0.00	12.98	2443.60
	4928.16	0.00	12.98	2444.60
	4928.17	0.00	12.98	2440.60
	4928.18	0.00	12.98	2443.60
	4928.19	0.00	12.98	2442.61
	4928.20	0.00	12.98	2441.60
	4928.22	0.00	12.98	2440.60
	4928.23	0.00	12.98	2447.53
	4928.24	0.00	12.99	2450.48
	4928.25	0.00	12.95	2452.52
	4928.26	0.00	12.93	2462.52
	4928.27	0.00	12.92	2463.53
	4928.29	0.00	12.89	2469.54
	4928.30	0.00	12.89	2471.52
	4928.31	0.00	12.87	2466.55
	4928.32	0.00	12.85	2468.58
	4928.33	0.00	12.85	2468.60
	4928.35	0.00	12.87	2465.60
	4928.36	0.00	12.93	2447.61
	4928.37	0.00	12.92	2451.61
	4928.38	0.00	12.93	2443.54
	4928.39	0.00	12.90	2441.63
	4928.40	0.00	12.92	2451.63
	4928.42	0.00	12.91	2455.64
	4928.43	0.00	12.91	2458.64
	4928.44	0.00	12.91	2463.65
	4928.45	0.00	12.90	2467.66
	4928.46	0.00	12.90	2476.66
	4928.48	0.00	12.87	2487.70
	4928.49	0.00	12.86	2494.69
	4928.50	0.00	12.86	2500.70
	4928.51	0.00	12.85	2507.71
	4928.52	0.00	12.84	2515.72
	4928.54	0.00	12.84	2525.73
	4928.55	0.00	12.83	2534.74
	4928.56	0.00	12.82	2546.75
	4928.57	0.00	12.83	2553.74
	4928.58	0.00	12.82	2565.75
	4928.59	0.00	12.82	2573.75
	4928.61	0.00	12.80	2589.76
	4928.62	0.00	12.75	2600.76
	4928.63	0.00	12.77	2605.70
	4928.64	0.00	12.75	2612.77
	4928.65	0.00	12.76	2613.76
	4928.66	0.00	12.77	2613.76
	4928.68	0.00	12.78	2622.77
	4928.69	0.00	12.80	2623.76
	4928.70	0.00	12.81	2623.76
	4928.71	0.00	12.83	2620.76
	4928.72	0.00	12.84	2616.76
	4928.74	0.00	12.85	2617.76
	4928.75	0.00	12.87	2612.75
	4928.76	0.00	12.90	2602.75
	4928.77	0.00	12.92	2596.74
	4928.78	0.00	12.94	2590.72
	4928.80	0.00	12.95	2589.74
	4928.81	0.00	12.97	2585.73
	4928.82	0.00	12.99	2582.68
	4928.83	0.00	13.01	2581.65
	4928.84	0.00	13.02	2582.65
	4928.85	0.00	13.02	2581.65
	4928.87	0.00	13.03	2580.65
	4928.88	0.00	13.03	2576.69
	4928.89	0.00	13.03	2576.72
	4928.90	0.00	13.08	2568.71
	4928.91	0.00	13.09	2572.71
	4928.93	0.00	13.14	2565.70
	4928.94	0.00	13.21	2549.69
	4928.95	0.00	13.25	2551.68
	4928.96	0.00	13.30	2546.67
	4928.97	0.00	13.33	2541.66
	4928.98	0.00	13.36	2552.65
	4929.00	0.00	13.38	2555.65
	4929.01	0.00	13.40	2558.62
	4929.02	0.00	13.43	2566.61
	4929.03	0.00	13.45	2572.59
	4929.04	0.00	13.55	2591.56
	4929.06	0.00	13.58	2590.52
	4929.07	0.00	13.61	2586.47
	4929.08	0.00	13.65	2589.42
	4929.09	0.00	13.68	2589.36
	4929.10	0.00	13.73	2583.28
	4929.12	0.00	13.74	2567.21
	4929.13	0.00	13.76	2562.17
	4929.14	0.00	13.78	2555.14
	4929.15	0.00	13.77	2539.12
	4929.16	0.00	13.77	2526.11
	4929.17	0.00	13.76	2510.09
	4929.19	0.00	13.74	2500.08
	4929.20	0.00	13.71	2480.07
	4929.21	0.00	13.66	2452.06
	4929.22	0.00	13.58	2402.06
	4929.23	0.00	13.46	2361.06
	4929.25	0.00	13.42	2337.04
	4929.26	0.00	13.38	2318.05
	4929.27	0.00	13.36	2302.04
	4929.28	0.00	13.28	2263.10
	4929.29	0.00	13.24	2228.10
	4929.30	0.00	13.23	2219.09
	4929.32	0.00	13.20	2210.11
	4929.33	0.00	13.20	2205.09
	4929.34	0.00	13.18	2194.08
	4929.35	0.00	13.17	2184.08
	4929.36	0.00	13.16	2183.09
	4929.37	0.00	13.18	2189.07
	4929.39	0.00	13.18	2191.07
	4929.40	0.00	13.19	2193.07
	4929.41	0.00	13.