.40
	1227.50	0.00	9.05	820.35
	1227.51	0.00	9.08	809.33
	1227.53	0.00	9.21	784.30
	1227.54	0.00	9.18	769.28
	1227.55	0.00	9.18	762.28
	1227.56	0.00	9.17	760.28
	1227.57	0.00	9.17	759.28
	1227.58	0.00	9.16	759.28
	1227.59	0.00	9.14	756.26
	1227.61	0.00	9.14	752.22
	1227.62	0.00	9.16	751.19
	1227.63	0.00	9.23	755.17
	1227.64	0.00	9.25	751.16
	1227.65	0.00	9.30	750.11
	1227.66	0.00	9.31	742.15
	1227.67	0.00	9.28	743.13
	1227.69	0.00	9.28	743.11
	1227.70	0.00	9.30	743.10
	1227.71	0.00	9.29	741.09
	1227.72	0.00	9.31	742.05
	1227.73	0.00	9.31	738.02
	1227.74	0.00	9.33	736.99
	1227.76	0.00	9.35	735.97
	1227.77	0.00	9.37	734.92
	1227.78	0.00	9.42	730.80
	1227.79	0.00	9.48	731.74
	1227.80	0.00	9.43	730.82
	1227.81	0.00	9.46	735.84
	1227.82	0.00	9.49	735.82
	1227.84	0.00	9.48	733.81
	1227.85	0.00	9.47	732.81
	1227.86	0.00	9.53	734.76
	1227.87	0.00	9.56	730.72
	1227.88	0.00	9.57	729.71
	1227.89	0.00	9.58	727.69
	1227.91	0.00	9.60	727.66
	1227.92	0.00	9.59	730.65
	1227.93	0.00	9.61	731.63
	1227.94	0.00	9.60	731.64
	1227.95	0.00	9.60	734.61
	1227.96	0.00	9.61	734.60
	1227.97	0.00	9.60	735.60
	1227.99	0.00	9.60	736.62
	1228.00	0.00	9.56	731.64
	1228.01	0.00	9.46	732.84
	1228.02	0.00	9.47	734.84
	1228.03	0.00	9.47	735.85
	1228.04	0.00	9.49	736.83
	1228.06	0.00	9.50	735.83
	1228.07	0.00	9.51	736.82
	1228.08	0.00	9.52	735.82
	1228.09	0.00	9.52	738.80
	1228.10	0.00	9.51	738.79
	1228.11	0.00	9.51	738.79
	1228.13	0.00	9.55	740.76
	1228.14	0.00	9.52	738.78
	1228.15	0.00	9.52	738.77
	1228.16	0.00	9.53	737.75
	1228.17	0.00	9.64	746.69
	1228.18	0.00	9.62	746.71
	1228.19	0.00	9.64	748.71
	1228.21	0.00	9.64	746.70
	1228.22	0.00	9.68	749.69
	1228.23	0.00	9.64	748.71
	1228.24	0.00	9.66	749.70
	1228.25	0.00	9.67	750.69
	1228.26	0.00	9.65	748.70
	1228.28	0.00	9.70	756.69
	1228.29	0.00	9.70	756.69
	1228.30	0.00	9.72	760.69
	1228.31	0.00	9.70	758.69
	1228.32	0.00	9.68	759.73
	1228.33	0.00	9.70	761.72
	1228.34	0.00	9.71	761.71
	1228.36	0.00	9.70	761.70
	1228.37	0.00	9.68	761.71
	1228.38	0.00	9.69	762.71
	1228.39	0.00	9.68	763.71
	1228.40	0.00	9.68	763.72
	1228.41	0.00	9.69	762.73
	1228.43	0.00	9.65	764.78
	1228.44	0.00	9.59	765.87
	1228.45	0.00	9.57	764.89
	1228.46	0.00	9.54	766.94
	1228.47	0.00	9.52	765.98
	1228.48	0.00	9.49	765.01
	1228.49	0.00	9.49	765.00
	1228.51	0.00	9.47	766.05
	1228.52	0.00	9.46	767.06
	1228.53	0.00	9.46	768.07
	1228.54	0.00	9.43	767.08
	1228.55	0.00	9.46	771.08
	1228.56	0.00	9.43	768.09
	1228.57	0.00	9.42	769.10
	1228.59	0.00	9.41	768.10
	1228.60	0.00	9.39	767.11
	1228.61	0.00	9.41	771.12
	1228.62	0.00	9.44	776.13
	1228.63	0.00	9.50	780.07
	1228.65	0.00	9.47	783.15
	1228.66	0.00	9.47	785.16
	1228.67	0.00	9.46	787.19
	1228.68	0.00	9.44	787.21
	1228.69	0.00	9.46	790.20
	1228.70	0.00	9.44	792.21
	1228.71	0.00	9.47	796.22
	1228.73	0.00	9.47	797.21
	1228.74	0.00	9.45	797.24
	1228.75	0.00	9.46	801.24
	1228.76	0.00	9.47	802.24
	1228.77	0.00	9.45	799.24
	1228.78	0.00	9.45	800.25
	1228.80	0.00	9.45	799.24
	1228.81	0.00	9.49	803.24
	1228.82	0.00	9.49	804.25
	1228.83	0.00	9.49	802.25
	1228.84	0.00	9.50	801.24
	1228.85	0.00	9.49	800.24
	1228.86	0.00	9.51	802.24
	1228.88	0.00	9.47	800.27
	1228.89	0.00	9.48	799.24
	1228.90	0.00	9.49	799.24
	1228.91	0.00	9.48	797.24
	1228.92	0.00	9.47	800.26
	1228.93	0.00	9.48	799.24
	1228.94	0.00	9.46	796.25
	1228.96	0.00	9.46	797.25
	1228.97	0.00	9.43	792.24
	1228.98	0.00	9.43	795.25
	1228.99	0.00	9.43	792.25
	1229.00	0.00	9.42	791.25
	1229.02	0.00	9.39	788.27
	1229.03	0.00	9.38	783.24
	1229.04	0.00	9.34	780.29
	1229.05	0.00	9.34	779.29
	1229.06	0.00	9.33	775.30
	1229.07	0.00	9.31	772.29
	1229.08	0.00	9.29	767.30
	1229.09	0.00	9.20	754.32
	1229.11	0.00	9.23	749.28
	1229.12	0.00	9.20	749.31
	1229.13	0.00	9.20	748.30
	1229.14	0.00	9.20	747.30
	1229.15	0.00	9.20	745.29
	1229.16	0.00	9.16	740.29
	1229.18	0.00	9.21	745.28
	1229.19	0.00	9.21	744.28
	1229.20	0.00	9.21	743.27
	1229.21	0.00	9.21	742.26
	1229.22	0.00	9.18	739.25
	1229.23	0.00	9.19	740.26
	1229.25	0.00	9.22	741.25
	1229.26	0.00	9.22	742.24
	1229.27	0.00	9.21	742.26
	1229.28	0.00	9.21	742.26
	1229.29	0.00	9.21	741.26
	1229.30	0.00	9.22	740.25
	1229.31	0.00	9.22	739.26
	1229.33	0.00	9.23	738.25
	1229.34	0.00	9.23	738.25
	1229.35	0.00	9.23	738.25
	1229.36	0.00	9.22	739.26
	1229.37	0.00	9.33	752.23
	1229.38	0.00	9.34	756.23
	1229.40	0.00	9.35	758.22
	1229.41	0.00	9.34	761.25
	1229.42	0.00	9.34	763.25
	1229.43	0.00	9.33	767.24
	1229.44	0.00	9.32	768.24
	1229.45	0.00	9.35	769.22
	1229.46	0.00	9.32	767.24
	1229.48	0.00	9.31	768.25
	1229.49	0.00	9.31	767.24
	1229.50	0.00	9.28	763.25
	1229.51	0.00	9.27	763.23
	1229.52	0.00	9.27	760.23
	1229.53	0.00	9.26	761.23
	1229.55	0.00	9.25	759.25
	1229.56	0.00	9.24	755.24
	1229.57	0.00	9.23	757.26
	1229.58	0.00	9.24	756.27
	1229.59	0.00	9.25	756.29
	1229.60	0.00	9.25	753.27
	1229.61	0.00	9.24	750.27
	1229.63	0.00	9.16	738.30
	1229.64	0.00	9.16	738.28
	1229.65	0.00	9.15	736.30
	1229.66	0.00	9.16	736.29
	1229.67	0.00	9.15	740.28
	1229.68	0.00	9.14	739.26
	1229.70	0.00	9.10	736.26
	1229.71	0.00	9.12	737.25
	1229.72	0.00	9.19	748.24
	1229.73	0.00	9.22	751.23
	1229.74	0.00	9.19	751.25
	1229.75	0.00	9.21	752.23
	1229.77	0.00	9.20	750.22
	1229.78	0.00	9.20	752.22
	1229.79	0.00	9.26	756.17
	1229.80	0.00	9.28	757.17
	1229.81	0.00	9.27	757.17
	1229.82	0.00	9.25	755.17
	1229.83	0.00	9.25	757.20
	1229.85	0.00	9.27	758.17
	1229.86	0.00	9.26	756.18
	1229.87	0.00	9.27	759.18
	1229.88	0.00	9.24	758.21
	1229.89	0.00	9.28	760.18
	1229.90	0.00	9.26	755.17
	1229.92	0.00	9.28	760.17
	1229.93	0.00	9.26	758.18
	1229.94	0.00	9.28	759.16
	1229.95	0.00	9.27	759.16
	1229.96	0.00	9.28	758.15
	1229.97	0.00	9.31	762.08
	1229.98	0.00	9.33	761.05
	1230.00	0.00	9.32	763.05
	1230.01	0.00	9.32	762.06
	1230.02	0.00	9.32	762.06
	1230.03	0.00	9.31	762.08
	1230.04	0.00	9.32	762.06
	1230.05	0.00	9.32	761.06
	1230.06	0.00	9.31	760.07
	1230.08	0.00	9.34	759.01
	1230.09	0.00	9.35	746.88
	1230.10	0.00	9.37	747.87
	1230.11	0.00	9.33	743.88
	1230.12	0.00	9.30	742.92
	1230.14	0.00	9.31	740.92
	1230.15	0.00	9.27	738.96
	1230.16	0.00	9.23	738.00
	1230.17	0.00	9.32	736.86
	1230.18	0.00	9.31	734.88
	1230.19	0.00	9.31	734.88
	1230.20	0.00	9.29	732.90
	1230.22	0.00	9.27	731.93
	1230.23	0.00	9.24	730.96
	1230.24	0.00	9.21	728.98
	1230.25	0.00	9.22	729.97
	1230.26	0.00	9.23	728.96
	1230.27	0.00	9.31	731.86
	1230.29	0.00	9.33	730.85
	1230.30	0.00	9.31	731.85
	1230.31	0.00	9.25	724.87
	1230.32	0.00	9.23	724.88
	1230.33	0.00	9.25	727.89
	1230.34	0.00	9.24	727.91
	1230.35	0.00	9.25	731.95
	1230.37	0.00	9.25	739.05
	1230.38	0.00	9.27	740.04
	1230.39	0.00	9.26	739.04
	1230.40	0.00	9.26	740.04
	1230.41	0.00	9.25	739.05
	1230.42	0.00	9.25	740.05
	1230.44	0.00	9.25	739.04
	1230.45	0.00	9.24	738.04
	1230.46	0.00	9.26	740.03
	1230.47	0.00	9.25	739.04
	1230.48	0.00	9.25	738.04
	1230.49	0.00	9.25	739.04
	1230.50	0.00	9.23	738.05
	1230.52	0.00	9.24	740.05
	1230.53	0.00	9.24	740.05
	1230.54	0.00	9.25	741.05
	1230.55	0.00	9.25	738.05
	1230.56	0.00	9.22	737.05
	1230.57	0.00	9.24	740.05
	1230.58	0.00	9.24	739.05
	1230.60	0.00	9.24	739.05
	1230.61	0.00	9.22	738.07
	1230.62	0.00	9.24	738.05
	1230.63	0.00	9.25	738.05
	1230.64	0.00	9.24	737.04
	1230.66	0.00	9.25	739.06
	1230.67	0.00	9.27	739.04
	1230.68	0.00	9.26	737.04
	1230.69	0.00	9.26	737.04
	1230.70	0.00	9.26	736.02
	1230.71	0.00	9.24	732.04
	1230.72	0.00	9.24	733.04
	1230.74	0.00	9.25	732.04
	1230.75	0.00	9.25	734.03
	1230.76	0.00	9.24	733.03
	1230.77	0.00	9.25	734.03
	1230.78	0.00	9.25	734.03
	1230.79	0.00	9.23	730.05
	1230.80	0.00	9.25	730.03
	1230.82	0.00	9.25	731.03
	1230.83	0.00	9.25	731.03
	1230.84	0.00	9.25	732.01
	1230.85	0.00	9.21	730.03
	1230.86	0.00	9.24	730.03
	1230.87	0.00	9.23	731.03
	1230.89	0.00	9.27	729.99
	1230.90	0.00	9.25	731.02
	1230.91	0.00	9.24	730.02
	1230.92	0.00	9.24	729.03
	1230.93	0.00	9.16	726.12
	1230.94	0.00	9.14	723.11
	1230.95	0.00	9.16	724.10
	1230.97	0.00	9.16	724.09
	1230.98	0.00	9.17	723.09
	1230.99	0.00	9.05	722.28
	1231.00	0.00	9.05	725.33
	1231.01	0.00	9.04	724.33
	1231.03	0.00	9.05	725.33
	1231.04	0.00	9.06	726.33
	1231.05	0.00	9.07	727.32
	1231.06	0.00	9.06	726.32
	1231.07	0.00	9.05	726.34
	1231.08	0.00	9.04	724.32
	1231.09	0.00	9.07	725.32
	1231.10	0.00	9.07	725.31
	1231.12	0.00	9.08	724.27
	1231.13	0.00	9.05	721.31
	1231.14	0.00	9.07	724.31
	1231.15	0.00	9.08	725.31
	1231.16	0.00	9.06	723.32
	1231.17	0.00	9.06	724.31
	1231.19	0.00	9.08	726.31
	1231.20	0.00	9.07	725.31
	1231.21	0.00	9.07	726.32
	1231.22	0.00	9.07	725.31
	1231.23	0.00	9.07	724.31
	1231.24	0.00	9.09	725.30
	1231.26	0.00	9.07	724.31
	1231.27	0.00	9.09	725.30
	1231.28	0.00	9.09	725.30
	1231.29	0.00	9.10	724.30
	1231.30	0.00	9.10	724.30
	1231.31	0.00	9.11	724.28
	1231.32	0.00	9.10	727.27
	1231.34	0.00	9.09	726.27
	1231.35	0.00	9.12	728.26
	1231.36	0.00	9.11	728.27
	1231.37	0.00	9.10	727.28
	1231.38	0.00	9.10	728.28
	1231.39	0.00	9.08	725.27
	1231.41	0.00	9.11	726.21
	1231.42	0.00	9.13	727.20
	1231.43	0.00	9.13	726.20
	1231.44	0.00	9.13	726.21
	1231.45	0.00	9.12	726.22
	1231.46	0.00	9.13	727.22
	1231.47	0.00	9.11	726.24
	1231.49	0.00	9.12	726.23
	1231.50	0.00	9.13	726.23
	1231.51	0.00	9.15	725.18
	1231.52	0.00	9.19	725.11
	1231.53	0.00	9.17	724.14
	1231.54	0.00	9.17	725.15
	1231.56	0.00	9.17	726.16
	1231.57	0.00	9.15	727.20
	1231.58	0.00	9.14	726.20
	1231.59	0.00	9.15	725.17
	1231.60	0.00	9.24	733.14
	1231.61	0.00	9.25	735.15
	1231.63	0.00	9.24	733.14
	1231.64	0.00	9.18	725.13
	1231.65	0.00	9.17	725.15
	1231.66	0.00	9.24	733.14
	1231.67	0.00	9.23	732.14
	1231.68	0.00	9.24	733.14
	1231.69	0.00	9.26	733.11
	1231.71	0.00	9.24	733.14
	1231.72	0.00	9.24	733.14
	1231.73	0.00	9.24	733.14
	1231.74	0.00	9.18	727.15
	1231.75	0.00	9.21	728.14
	1231.76	0.00	9.15	723.14
	1231.78	0.00	9.24	733.14
	1231.79	0.00	9.23	733.15
	1231.80	0.00	9.23	732.14
	1231.81	0.00	9.24	732.13
	1231.82	0.00	9.25	733.13
	1231.83	0.00	9.24	733.14
	1231.84	0.00	9.24	731.14
	1231.86	0.00	9.24	731.13
	1231.87	0.00	9.24	731.13
	1231.88	0.00	9.24	731.13
	1231.89	0.00	9.25	730.12
	1231.90	0.00	9.25	730.12
	1231.91	0.00	9.27	730.09
	1231.93	0.00	9.23	728.12
	1231.94	0.00	9.25	731.12
	1231.95	0.00	9.26	731.12
	1231.96	0.00	9.25	730.13
	1231.97	0.00	9.25	730.12
	1231.98	0.00	9.26	730.11
	1231.99	0.00	9.25	729.10
	1232.01	0.00	9.24	727.10
	1232.02	0.00	9.26	730.11
	1232.03	0.00	9.25	730.11
	1232.04	0.00	9.23	729.12
	1232.05	0.00	9.25	731.12
	1232.06	0.00	9.24	730.12
	1232.07	0.00	9.24	731.11
	1232.09	0.00	9.25	730.10
	1232.10	0.00	9.24	730.12
	1232.11	0.00	9.23	729.11
	1232.12	0.00	9.23	732.11
	1232.13	0.00	9.24	731.11
	1232.15	0.00	9.27	731.08
	1232.16	0.00	9.24	732.10
	1232.17	0.00	9.23	729.08
	1232.18	0.00	9.25	730.08
	1232.19	0.00	9.24	731.09
	1232.20	0.00	9.23	730.09
	1232.21	0.00	9.22	730.10
	1232.23	0.00	9.25	731.04
	1232.24	0.00	9.21	731.11
	1232.25	0.00	9.21	731.11
	1232.26	0.00	9.22	730.10
	1232.27	0.00	9.22	730.09
	1232.28	0.00	9.25	730.07
	1232.30	0.00	9.23	730.08
	1232.31	0.00	9.22	728.08
	1232.32	0.00	9.22	730.09
	1232.33	0.00	9.21	729.08
	1232.34	0.00	9.22	731.09
	1232.35	0.00	9.22	729.09
	1232.36	0.00	9.22	730.09
	1232.38	0.00	9.23	728.03
	1232.39	0.00	9.25	730.03
	1232.40	0.00	9.23	729.04
	1232.41	0.00	9.23	730.06
	1232.42	0.00	9.25	730.03
	1232.43	0.00	9.12	730.25
	1232.44	0.00	9.13	730.23
	1232.46	0.00	9.13	729.25
	1232.47	0.00	9.12	729.25
	1232.48	0.00	9.18	730.15
	1232.49	0.00	9.19	730.13
	1232.50	0.00	9.21	729.08
	1232.52	0.00	9.24	730.05
	1232.53	0.00	9.12	730.25
	1232.54	0.00	9.12	731.26
	1232.55	0.00	9.13	728.25
	1232.56	0.00	9.12	730.25
	1232.57	0.00	9.12	730.25
	1232.58	0.00	9.11	729.26
	1232.59	0.00	9.12	730.25
	1232.61	0.00	9.12	730.25
	1232.62	0.00	9.12	730.25
	1232.63	0.00	9.11	728.27
	1232.64	0.00	9.13	729.25
	1232.65	0.00	9.13	729.25
	1232.67	0.00	9.13	729.25
	1232.68	0.00	9.10	728.26
	1232.69	0.00	9.13	729.25
	1232.70	0.00	9.12	730.25
	1232.71	0.00	9.11	729.25
	1232.72	0.00	9.08	725.25
	1232.73	0.00	9.12	728.25
	1232.75	0.00	9.11	727.25
	1232.76	0.00	9.16	728.18
	1232.77	0.00	9.11	727.25
	1232.78	0.00	9.12	728.25
	1232.79	0.00	95
	13068	1026.79
	1306.59	0.00	9.84	1007.79
	1306.60	0.00	9.85	1008.79
	1306.61	0.00	9.86	1011.78
	1306.62	0.00	9.84	1007.79
	13068	1026.79
	1306.59	0.00	9.84	1007.79
	1306.60	0.00	9.85	1008.79
	1306.61	0.00	9.86	1011.78
	1306.62	0.00	9.84	1007.79
	1306.63	0.00	9.84	1008.79
	1306.64	0.00	9.80	1003.79
	1306.66	0.00	9.80	1003.79
	1306.67	0.00	9.83	1007.79
	1306.68	0.00	9.85	1007.78
	1306.69	0.00	9.85	1027.79
	1306.70	0.00	9.84	1007.78
	1306.71	0.00	9.82	1007.79
	1306.73	0.00	9.83	1007.79
	1306.74	0.00	9.83	1009.79
	1306.75	0.00	9.83	1007.79
	1306.76	0.00	9.84	1006.79
	1306.77	0.00	9.84	1008.79
	1306.78	0.00	9.83	1007.79
	1306.80	0.00	9.85	1007.79
	1306.81	0.00	9.84	1006.79
	1306.82	0.00	9.82	1006.79
	1306.83	0.00	9.85	1007.79
	1306.84	0.00	9.85	1008.79
	1306.85	0.00	9.87	1008.77
	1306.86	0.00	9.86	1009.79
	1306.88	0.00	9.87	1007.75
	1306.89	0.00	9.86	1007.77
	1306.90	0.00	9.86	1009.78
	1306.91	0.00	9.85	1008.79
	1306.92	0.00	9.85	1009.80
	1306.93	0.00	9.86	1008.80
	1306.94	0.00	9.87	1008.79
	1306.96	0.00	9.87	1028.80
	1306.97	0.00	9.86	1010.80
	1306.98	0.00	9.85	1009.80
	1306.99	0.00	9.85	1009.81
	1307.00	0.00	9.86	1007.80
	1307.02	0.00	9.85	1008.80
	1307.03	0.00	9.85	1006.80
	1307.04	0.00	9.87	1029.81
	1307.05	0.00	9.85	1028.82
	1307.06	0.00	9.87	1006.81
	1307.07	0.00	9.87	1031.81
	1307.08	0.00	9.87	1030.81
	1307.10	0.00	9.86	1031.82
	1307.11	0.00	9.86	1030.81
	1307.12	0.00	9.87	1028.79
	1307.13	0.00	9.87	1030.79
	1307.14	0.00	9.88	1030.79
	1307.15	0.00	9.88	1032.80
	1307.17	0.00	9.88	1031.80
	1307.18	0.00	9.88	1030.80
	1307.19	0.00	9.88	1033.79
	1307.20	0.00	9.89	1032.81
	1307.21	0.00	9.88	1032.81
	1307.22	0.00	9.88	1033.81
	1307.23	0.00	9.87	1033.81
	1307.25	0.00	9.87	1035.81
	1307.26	0.00	9.85	1031.81
	1307.27	0.00	9.87	1033.81
	1307.28	0.00	9.91	1033.73
	1307.29	0.00	9.91	1032.70
	1307.30	0.00	9.94	1034.70
	1307.32	0.00	9.93	1033.71
	1307.33	0.00	9.93	1035.70
	1307.34	0.00	9.95	1036.69
	1307.35	0.00	9.95	1033.70
	1307.36	0.00	9.94	1036.70
	1307.37	0.00	9.97	1041.70
	1307.39	0.00	9.93	1035.71
	1307.40	0.00	9.95	1034.70
	1307.41	0.00	9.93	1028.70
	1307.42	0.00	9.89	1026.70
	1307.43	0.00	9.91	1029.71
	1307.44	0.00	9.90	1029.71
	1307.45	0.00	9.89	1029.71
	1307.47	0.00	9.89	1030.71
	1307.48	0.00	9.90	1030.71
	1307.49	0.00	9.84	1023.71
	1307.50	0.00	9.87	1020.61
	1307.51	0.00	9.88	1022.61
	1307.53	0.00	9.83	1000.64
	1307.54	0.00	9.86	1020.62
	1307.55	0.00	9.83	1022.65
	1307.56	0.00	9.83	1021.68
	1307.57	0.00	9.81	1022.70
	1307.58	0.00	9.82	1022.68
	1307.59	0.00	9.80	1010.72
	1307.61	0.00	9.80	1009.73
	1307.62	0.00	9.81	1010.74
	1307.63	0.00	9.80	1011.74
	1307.64	0.00	9.82	1016.74
	1307.65	0.00	9.80	1013.74
	1307.66	0.00	9.80	1012.74
	1307.68	0.00	9.81	1015.74
	1307.69	0.00	9.81	1017.75
	1307.70	0.00	9.71	1004.77
	1307.71	0.00	9.72	1008.79
	1307.72	0.00	9.74	1013.79
	1307.73	0.00	9.75	1016.82
	1307.75	0.00	9.74	1016.83
	1307.76	0.00	9.80	1009.84
	1307.77	0.00	9.83	1006.83
	1307.78	0.00	9.83	1007.84
	1307.79	0.00	9.84	1008.84
	1307.80	0.00	9.84	1008.84
	1307.81	0.00	9.83	1008.84
	1307.83	0.00	9.82	1009.85
	1307.84	0.00	9.83	1010.84
	1307.85	0.00	9.84	1009.84
	1307.86	0.00	9.83	1010.84
	1307.87	0.00	9.83	1009.84
	1307.88	0.00	9.84	1011.84
	1307.90	0.00	9.80	1007.84
	1307.91	0.00	9.81	991.83
	1307.92	0.00	9.86	1013.81
	1307.93	0.00	9.86	1016.83
	1307.94	0.00	9.87	1018.83
	1307.95	0.00	9.85	1016.84
	1307.96	0.00	9.87	1018.82
	1307.98	0.00	9.84	1015.84
	1307.99	0.00	9.92	1012.84
	1308.00	0.00	9.92	1011.84
	1308.01	0.00	9.91	1009.84
	1308.02	0.00	9.92	1011.84
	1308.03	0.00	9.90	1010.84
	1308.05	0.00	9.90	1015.84
	1308.06	0.00	9.89	1019.84
	1308.07	0.00	9.87	1020.84
	1308.08	0.00	9.84	1020.85
	1308.09	0.00	9.83	1018.84
	1308.10	0.00	9.84	1022.84
	1308.11	0.00	9.80	1020.85
	1308.13	0.00	9.84	1026.85
	1308.14	0.00	9.85	1028.86
	1308.15	0.00	9.85	1031.86
	1308.16	0.00	9.84	1031.86
	1308.17	0.00	9.82	1029.86
	1308.18	0.00	9.82	1031.86
	1308.20	0.00	9.83	1034.86
	1308.21	0.00	9.82	1033.87
	1308.22	0.00	9.83	1035.86
	1308.23	0.00	9.82	1038.86
	1308.24	0.00	9.82	1037.86
	1308.25	0.00	9.81	1037.87
	1308.27	0.00	9.83	1037.86
	1308.28	0.00	9.82	1037.86
	1308.29	0.00	9.82	1037.86
	1308.30	0.00	9.80	1037.85
	1308.31	0.00	9.79	1035.86
	1308.32	0.00	9.80	1037.85
	1308.33	0.00	9.80	1035.85
	1308.35	0.00	9.80	1035.85
	1308.36	0.00	9.80	1036.85
	1308.37	0.00	9.81	1037.85
	1308.38	0.00	9.82	1037.84
	1308.39	0.00	9.81	1038.84
	1308.40	0.00	9.81	1039.84
	1308.42	0.00	9.82	1035.84
	1308.43	0.00	9.81	1035.84
	1308.44	0.00	9.81	1036.84
	1308.45	0.00	9.80	1035.85
	1308.46	0.00	9.84	1036.84
	1308.47	0.00	9.81	1036.84
	1308.48	0.00	9.82	1038.84
	1308.50	0.00	9.79	1016.84
	1308.51	0.00	9.80	1034.84
	1308.52	0.00	9.78	1034.84
	1308.53	0.00	9.78	1032.84
	1308.54	0.00	9.78	1033.84
	1308.56	0.00	9.78	1033.84
	1308.57	0.00	9.78	1034.84
	1308.58	0.00	9.78	1034.84
	1308.59	0.00	9.79	1031.84
	1308.60	0.00	9.79	1014.82
	1308.61	0.00	9.79	1012.84
	1308.62	0.00	9.78	1014.83
	1308.64	0.00	9.76	1013.84
	1308.65	0.00	9.78	1013.83
	1308.66	0.00	9.79	1015.83
	1308.67	0.00	9.75	1012.84
	1308.68	0.00	9.77	1012.83
	1308.69	0.00	9.77	1014.84
	1308.70	0.00	9.77	1014.83
	1308.72	0.00	9.78	1014.84
	1308.73	0.00	9.77	1014.83
	1308.74	0.00	9.77	1012.83
	1308.75	0.00	9.76	1013.84
	1308.76	0.00	9.77	1014.83
	1308.78	0.00	9.76	1013.83
	1308.79	0.00	9.71	1006.83
	1308.80	0.00	9.73	1009.83
	1308.81	0.00	9.74	1010.83
	1308.82	0.00	9.76	1013.83
	1308.83	0.00	9.76	1013.83
	1308.84	0.00	9.76	1012.83
	1308.86	0.00	9.76	1013.83
	1308.87	0.00	9.75	1011.83
	1308.88	0.00	9.75	1011.83
	1308.89	0.00	9.74	1011.84
	1308.90	0.00	9.78	1015.83
	1308.91	0.00	9.75	1011.83
	1308.93	0.00	9.76	1012.83
	1308.94	0.00	9.76	1012.83
	1308.95	0.00	9.77	1014.83
	1308.96	0.00	9.79	1008.83
	1308.97	0.00	9.77	1011.83
	1308.98	0.00	9.77	1012.83
	1308.99	0.00	9.80	1012.82
	1309.01	0.00	9.80	1008.83
	1309.02	0.00	9.77	1012.83
	1309.03	0.00	9.77	1012.83
	1309.04	0.00	9.77	1011.83
	1309.05	0.00	9.77	1012.83
	1309.06	0.00	9.79	1012.81
	1309.08	0.00	9.77	1011.83
	1309.09	0.00	9.79	1013.83
	1309.10	0.00	9.78	1012.84
	1309.11	0.00	9.77	1010.84
	1309.12	0.00	9.77	1009.85
	1309.13	0.00	9.77	1012.85
	1309.15	0.00	9.77	1012.85
	1309.16	0.00	9.79	1034.85
	1309.17	0.00	9.80	1034.85
	1309.18	0.00	9.80	1033.85
	1309.19	0.00	9.78	1029.85
	1309.20	0.00	9.81	1032.83
	1309.21	0.00	9.81	1033.83
	1309.23	0.00	9.82	1034.83
	1309.24	0.00	9.82	1035.85
	1309.25	0.00	9.83	1036.84
	1309.26	0.00	9.83	1034.84
	1309.27	0.00	9.82	1033.84
	1309.28	0.00	9.83	1034.84
	1309.30	0.00	9.82	1034.84
	1309.31	0.00	9.82	1034.84
	1309.32	0.00	9.82	1034.84
	1309.33	0.00	9.82	1035.84
	1309.34	0.00	9.81	1035.84
	1309.35	0.00	9.84	1034.78
	1309.36	0.00	9.87	1034.74
	1309.38	0.00	9.88	1035.73
	1309.39	0.00	9.88	1036.73
	1309.40	0.00	9.88	1036.73
	1309.41	0.00	9.91	1034.72
	1309.42	0.00	9.87	1030.73
	1309.43	0.00	9.88	1029.72
	1309.45	0.00	9.86	1030.73
	1309.46	0.00	9.87	1029.73
	1309.47	0.00	9.86	1030.73
	1309.48	0.00	9.87	1033.73
	1309.49	0.00	9.85	1030.73
	1309.50	0.00	9.86	1032.73
	1309.52	0.00	9.86	1031.73
	1309.53	0.00	9.84	1027.69
	1309.54	0.00	9.84	1023.63
	1309.55	0.00	9.82	1021.64
	1309.56	0.00	9.81	1022.67
	1309.57	0.00	9.80	1021.68
	1309.58	0.00	9.80	1020.71
	1309.60	0.00	9.78	1021.72
	1309.61	0.00	9.76	1010.74
	1309.62	0.00	9.78	1011.75
	1309.63	0.00	9.78	1014.75
	1309.64	0.00	9.77	1012.75
	1309.66	0.00	9.78	1011.74
	1309.67	0.00	9.77	1009.74
	1309.68	0.00	9.77	1009.75
	1309.69	0.00	9.78	1014.75
	1309.70	0.00	9.79	1015.75
	1309.71	0.00	9.79	1016.75
	1309.72	0.00	9.80	1017.75
	1309.73	0.00	9.71	1005.76
	1309.75	0.00	9.69	1004.78
	1309.76	0.00	9.71	1008.80
	1309.77	0.00	9.71	1009.81
	1309.78	0.00	9.72	1013.81
	1309.79	0.00	9.73	1013.82
	1309.81	0.00	9.71	992.81
	1309.82	0.00	9.70	1007.80
	1309.83	0.00	9.73	1012.81
	1309.84	0.00	9.74	1011.82
	1309.85	0.00	9.73	1012.81
	1309.86	0.00	9.72	1010.80
	1309.88	0.00	9.70	1006.79
	1309.89	0.00	9.71	1010.80
	1309.90	0.00	9.71	1008.79
	1309.91	0.00	9.72	1010.81
	1309.92	0.00	9.73	1013.83
	1309.93	0.00	9.69	1007.81
	1309.94	0.00	9.70	1008.80
	1309.96	0.00	9.71	1010.80
	1309.97	0.00	9.69	1006.80
	1309.98	0.00	9.68	1008.80
	1309.99	0.00	9.71	1013.82
	1310.00	0.00	9.73	1014.82
	1310.01	0.00	9.73	1017.82
	1310.03	0.00	9.78	1006.83
	1310.04	0.00	9.82	1006.83
	1310.05	0.00	9.81	1005.84
	1310.06	0.00	9.82	1007.84
	1310.07	0.00	9.82	1009.84
	1310.08	0.00	9.82	1009.84
	1310.09	0.00	9.82	1009.84
	1310.11	0.00	9.82	1012.84
	1310.12	0.00	9.82	1012.85
	1310.13	0.00	9.82	1006.84
	1310.14	0.00	9.80	1009.83
	1310.15	0.00	9.82	1012.83
	1310.16	0.00	9.83	1015.84
	1310.18	0.00	9.84	1017.83
	1310.19	0.00	9.86	1018.83
	1310.20	0.00	9.86	1018.83
	1310.21	0.00	9.90	1014.82
	1310.22	0.00	9.90	1011.84
	1310.23	0.00	9.88	1012.84
	1310.24	0.00	9.86	1015.84
	1310.26	0.00	9.87	1018.82
	1310.27	0.00	9.87	1018.84
	1310.28	0.00	9.86	1019.84
	1310.29	0.00	9.86	1017.84
	1310.30	0.00	9.89	1012.84
	1310.31	0.00	9.87	1017.84
	1310.32	0.00	9.85	1019.84
	1310.34	0.00	9.86	1022.84
	1310.35	0.00	9.84	1021.84
	1310.36	0.00	9.84	1021.83
	1310.37	0.00	9.87	1021.84
	1310.38	0.00	9.84	1025.85
	1310.40	0.00	9.83	1027.85
	1310.41	0.00	9.83	1026.86
	1310.42	0.00	9.85	1028.85
	1310.43	0.00	9.85	1026.85
	1310.44	0.00	9.85	1028.85
	1310.45	0.00	9.84	1028.84
	1310.46	0.00	9.82	1006.85
	1310.48	0.00	9.84	1029.85
	1310.49	0.00	9.83	1028.85
	1310.50	0.00	9.84	1026.83
	1310.51	0.00	9.84	1028.85
	1310.52	0.00	9.83	1030.85
	1310.53	0.00	9.83	1033.85
	1310.55	0.00	9.81	1033.85
	1310.56	0.00	9.82	1033.85
	1310.57	0.00	9.82	1034.85
	1310.58	0.00	9.83	1033.85
	1310.59	0.00	9.82	1034.85
	1310.60	0.00	9.81	1033.86
	1310.61	0.00	9.81	1034.85
	1310.63	0.00	9.82	1034.83
	1310.64	0.00	9.83	1036.83
	1310.65	0.00	9.83	1036.82
	1310.66	0.00	9.82	1036.83
	1310.67	0.00	9.83	1037.83
	1310.69	0.00	9.83	1035.83
	1310.70	0.00	9.83	1037.84
	1310.71	0.00	9.83	1037.82
	1310.72	0.00	9.85	1035.82
	1310.73	0.00	9.85	1035.82
	1310.74	0.00	9.82	1016.83
	1310.75	0.00	9.86	1037.82
	1310.77	0.00	9.84	1038.82
	1310.78	0.00	9.85	1037.82
	1310.79	0.00	9.85	1038.82
	1310.80	0.00	9.85	1038.82
	1310.81	0.00	9.84	1039.82
	1310.82	0.00	9.84	1038.82
	1310.83	0.00	9.81	1033.82
	1310.85	0.00	9.81	1033.82
	1310.86	0.00	9.79	1032.82
	1310.87	0.00	9.79	1032.82
	1310.88	0.00	9.79	1031.82
	1310.89	0.00	9.80	1034.83
	1310.90	0.00	9.79	1032.82
	1310.92	0.00	9.79	1031.82
	1310.93	0.00	9.78	1030.82
	1310.94	0.00	9.80	1034.82
	1310.95	0.00	9.78	1009.82
	1310.96	0.00	9.79	1035.82
	1310.97	0.00	9.78	1031.82
	1310.99	0.00	9.81	1035.82
	1311.00	0.00	9.83	1032.82
	1311.01	0.00	9.79	1013.82
	1311.02	0.00	9.79	1013.82
	1311.03	0.00	9.79	1014.82
	1311.04	0.00	9.77	1013.83
	1311.05	0.00	9.77	1014.82
	1311.07	0.00	9.79	1014.82
	1311.08	0.00	9.79	1014.82
	1311.09	0.00	9.78	1013.82
	1311.10	0.00	9.78	1013.82
	1311.11	0.00	9.79	1014.82
	1311.12	0.00	9.74	1007.82
	1311.14	0.00	9.76	1011.82
	1311.15	0.00	9.78	1013.82
	1311.16	0.00	9.77	1012.82
	1311.17	0.00	9.77	1013.82
	1311.18	0.00	9.79	1034.82
	1311.19	0.00	9.78	1013.82
	1311.20	0.00	9.77	1013.82
	1311.22	0.00	9.78	1013.82
	1311.23	0.00	9.77	1010.82
	1311.24	0.00	9.79	1013.82
	1311.25	0.00	9.79	1013.82
	1311.26	0.00	9.78	1012.82
	1311.28	0.00	9.78	1012.82
	1311.29	0.00	9.76	1008.81
	1311.30	0.00	9.78	1012.82
	1311.31	0.00	9.81	1013.79
	1311.32	0.00	9.82	1013.77
	1311.33	0.00	9.79	1012.81
	1311.34	0.00	9.79	1013.83
	1311.35	0.00	9.79	1013.83
	1311.37	0.00	9.78	1013.84
	1311.38	0.00	9.80	1014.81
	1311.39	0.00	9.75	1009.83
	1311.40	0.00	9.78	1012.83
	1311.41	0.00	9.79	1012.83
	1311.43	0.00	9.78	1014.84
	1311.44	0.00	9.74	1009.85
	1311.45	0.00	9.76	1012.84
	1311.46	0.00	9.78	1015.84
	1311.47	0.00	9.76	1012.84
	1311.48	0.00	9.77	1011.84
	1311.50	0.00	9.79	1012.84
	1311.51	0.00	9.78	1012.84
	1311.52	0.00	9.80	1032.85
	1311.53	0.00	9.80	1032.83
	1311.54	0.00	9.81	1032.85
	1311.55	0.00	9.81	1033.85
	1311.56	0.00	9.80	1034.85
	1311.58	0.00	9.79	1035.86
	1311.59	0.00	9.80	1034.85
	1311.60	0.00	9.78	1029.85
	1311.61	0.00	9.80	1033.83
	1311.62	0.00	9.81	1032.83
	1311.63	0.00	9.81	1033.83
	1311.64	0.00	9.81	1035.84
	1311.66	0.00	9.82	1034.84
	1311.67	0.00	9.82	1036.84
	1311.68	0.00	9.78	1026.85
	1311.69	0.00	9.81	1032.84
	1311.70	0.00	9.81	1033.84
	1311.71	0.00	9.82	1034.84
	1311.73	0.00	9.81	1034.85
	1311.74	0.00	9.82	1037.84
	1311.75	0.00	9.81	1035.85
	1311.76	0.00	9.80	1017.85
	1311.77	0.00	9.81	1036.85
	1311.78	0.00	9.82	1034.85
	1311.80	0.00	9.81	1035.85
	1311.81	0.00	9.81	1033.81
	1311.82	0.00	9.83	1033.78
	1311.83	0.00	9.85	1033.74
	1311.84	0.00	9.87	1034.73
	1311.85	0.00	9.87	1034.73
	1311.86	0.00	9.85	1035.75
	1311.88	0.00	9.86	1034.74
	1311.89	0.00	9.84	1033.73
	1311.90	0.00	9.87	1034.73
	1311.91	0.00	9.88	1036.73
	1311.92	0.00	9.86	1029.73
	1311.93	0.00	9.84	1029.73
	1311.94	0.00	9.84	1029.73
	1311.96	0.00	9.85	1029.73
	1311.97	0.00	9.85	1030.73
	1311.98	0.00	9.83	1028.73
	1311.99	0.00	9.84	1029.73
	1312.00	0.00	9.83	1028.73
	1312.02	0.00	9.84	1031.74
	1312.03	0.00	9.79	1015.63
	1312.04	0.00	9.84	1022.63
	1312.05	0.00	9.83	1022.64
	1312.06	0.00	9.82	1021.65
	1312.07	0.00	9.79	1021.68
	1312.08	0.00	9.80	1017.70
	1312.10	0.00	9.78	1021.71
	1312.11	0.00	9.77	1023.73
	1312.12	0.00	9.76	1019.72
	1312.13	0.00	9.75	1012.74
	1312.14	0.00	9.78	1020.73
	1312.15	0.00	9.75	1011.74
	1312.17	0.00	9.76	1010.74
	1312.18	0.00	9.78	1011.75
	1312.19	0.00	9.78	1013.75
	1312.20	0.00	9.77	1013.76
	1312.21	0.00	9.77	1014.77
	1312.22	0.00	9.75	1012.76
	1312.23	0.00	9.68	1003.77
	1312.25	0.00	9.68	985.76
	1312.26	0.00	9.72	1008.75
	1312.27	0.00	9.78	1015.76
	1312.28	0.00	9.69	1004.76
	1312.29	0.00	9.67	1004.79
	1312.31	0.00	9.70	1009.80
	1312.32	0.00	9.71	1011.81
	1312.33	0.00	9.69	1008.80
	1312.34	0.00	9.69	1006.79
	1312.35	0.00	9.70	1009.80
	1312.36	0.00	9.72	1013.82
	1312.37	0.00	9.74	1016.82
	1312.39	0.00	9.74	1015.82
	1312.40	0.00	9.80	984.82
	1312.41	0.00	9.82	1000.81
	1312.42	0.00	9.85	1002.81
	1312.43	0.00	9.87	1002.80
	1312.44	0.00	9.87	1002.80
	1312.45	0.00	9.87	1004.81
	1312.47	0.00	9.88	1005.80
	1312.48	0.00	9.87	1005.80
	1312.49	0.00	9.88	1006.80
	1312.50	0.00	9.84	1002.80
	1312.51	0.00	9.87	1007.79
	1312.52	0.00	9.92	1005.79
	1312.54	0.00	9.90	1012.79
	1312.55	0.00	9.92	1014.79
	1312.56	0.00	9.91	1014.80
	1312.57	0.00	9.90	1012.79
	1312.58	0.00	9.89	1013.80
	1312.59	0.00	9.91	1015.80
	1312.60	0.00	9.91	1013.81
	1312.62	0.00	9.94	1007.81
	1312.63	0.00	9.94	1006.81
	1312.64	0.00	9.90	1016.81
	1312.65	0.00	9.94	1008.81
	1312.66	0.00	9.92	1009.82
	1312.67	0.00	9.92	1014.82
	1312.69	0.00	9.90	1016.82
	1312.70	0.00	9.89	1019.83
	1312.71	0.00	9.92	1017.82
	1312.72	0.00	9.90	1013.82
	1312.73	0.00	9.88	1016.83
	1312.74	0.00	9.89	1017.82
	1312.76	0.00	9.90	1021.83
	1312.77	0.00	9.85	1017.81
	1312.78	0.00	9.87	1021.82
	1312.79	0.00	9.88	1023.83
	1312.80	0.00	9.87	1024.84
	1312.81	0.00	9.87	1025.83
	1312.82	0.00	9.86	1025.84
	1312.84	0.00	9.88	1026.83
	1312.85	0.00	9.87	1024.84
	1312.86	0.00	9.86	1024.83
	1312.87	0.00	9.86	1024.84
	1312.88	0.00	9.85	1026.84
	1312.89	0.00	9.83	1028.85
	1312.91	0.00	9.83	1026.84
	1312.92	0.00	9.84	1028.84
	1312.93	0.00	9.86	1028.84
	1312.94	0.00	9.85	1028.84
	1312.95	0.00	9.85	1031.84
	1312.96	0.00	9.83	1031.84
	1312.97	0.00	9.84	1032.84
	1312.99	0.00	9.81	1029.84
	1313.00	0.00	9.80	1026.82
	1313.01	0.00	9.83	1030.83
	1313.02	0.00	9.83	1031.84
	1313.03	0.00	9.84	1032.84
	1313.05	0.00	9.83	1032.83
	1313.06	0.00	9.83	1034.83
	1313.07	0.00	9.85	1036.82
	1313.08	0.00	9.85	1036.82
	1313.09	0.00	9.85	1036.82
	1313.10	0.00	9.85	1034.82
	1313.11	0.00	9.85	1036.82
	1313.13	0.00	9.85	1036.82
	1313.14	0.00	9.85	1036.82
	1313.15	0.00	9.84	1034.82
	1313.16	0.00	9.84	1034.82
	1313.17	0.00	9.84	1033.82
	1313.18	0.00	9.85	1035.82
	1313.20	0.00	9.81	1030.82
	1313.21	0.00	9.84	1035.82
	1313.22	0.00	9.82	1031.82
	1313.23	0.00	9.80	1030.82
	1313.24	0.00	9.81	1030.83
	1313.25	0.00	9.83	1033.82
	1313.27	0.00	9.80	1030.82
	1313.28	0.00	9.80	1030.82
	1313.29	0.00	9.80	1031.82
	1313.30	0.00	9.81	1028.82
	1313.31	0.00	9.80	1030.82
	1313.32	0.00	9.79	1011.82
	1313.33	0.00	9.80	1031.83
	1313.35	0.00	9.81	1030.82
	1313.36	0.00	9.79	1028.82
	1313.37	0.00	9.79	1031.82
	1313.38	0.00	9.79	1029.82
	1313.39	0.00	9.79	1009.82
	1313.40	0.00	9.76	1008.82
	1313.42	0.00	9.78	1009.82
	1313.43	0.00	9.77	1007.82
	1313.44	0.00	9.75	1004.82
	1313.45	0.00	9.78	1012.82
	1313.46	0.00	9.79	1012.82
	1313.47	0.00	9.77	1010.82
	1313.48	0.00	9.77	1011.83
	1313.50	0.00	9.77	1007.83
	1313.51	0.00	9.74	1008.83
	1313.52	0.00	9.74	1009.83
	1313.53	0.00	9.76	1012.83
	1313.54	0.00	9.77	1009.83
	1313.55	0.00	9.74	1009.83
	1313.56	0.00	9.76	1012.83
	1313.58	0.00	9.76	1012.83
	1313.59	0.00	9.77	1013.83
	1313.60	0.00	9.76	1011.83
	1313.61	1.00	9.77	1013.83
	1313.62	1.00	9.77	1013.83
	1313.64	1.00	9.76	1012.83
	1313.65	1.00	9.76	1013.83
	1313.66	1.00	9.78	1013.83
	1313.67	1.00	9.78	1012.83
	1313.68	1.00	9.80	1013.80
	1313.69	1.00	9.80	1010.83
	1313.70	1.00	9.78	1011.83
	1313.72	1.00	9.78	1011.83
	1313.73	1.00	9.79	1011.82
	1313.74	1.00	9.77	1011.83
	1313.75	1.00	9.79	1010.80
	1313.76	1.00	9.79	1011.82
	1313.77	1.00	9.78	1012.84
	1313.79	1.00	9.80	1013.82
	1313.80	1.00	9.81	1011.83
	1313.81	1.00	9.79	1012.83
	1313.82	1.00	9.79	1012.83
	1313.83	1.00	9.78	1012.85
	1313.84	1.00	9.79	1015.84
	1313.85	1.00	9.78	1010.84
	1313.87	0.00	9.79	1012.84
	1313.88	0.00	9.81	1033.85
	1313.89	0.00	9.82	1035.84
	1313.90	0.00	9.81	1032.84
	1313.91	0.00	9.81	1032.84
	1313.93	0.00	9.80	1031.85
	1313.94	0.00	9.80	1032.84
	1313.95	0.00	9.80	1033.85
	1313.96	0.00	9.81	1033.85
	1313.97	0.00	9.80	1031.84
	1313.98	0.00	9.82	1033.83
	1313.99	0.00	9.82	1032.83
	1314.01	0.00	9.82	1033.83
	1314.02	0.00	9.81	1033.83
	1314.03	0.00	9.82	1032.83
	1314.04	0.00	9.81	1035.83
	1314.05	0.00	9.82	1033.83
	1314.06	0.00	9.81	1033.84
	1314.07	0.00	9.82	1032.84
	1314.09	0.00	9.83	1034.84
	1314.10	0.00	9.82	1034.84
	1314.11	0.00	9.81	1015.84
	1314.12	0.00	9.82	1035.84
	1314.13	0.00	9.82	1036.84
	1314.15	0.00	9.83	1036.84
	1314.16	0.00	9.81	1016.84
	1314.17	0.00	9.82	1033.79
	1314.18	0.00	9.83	1035.81
	1314.19	0.00	9.83	1034.79
	1314.20	0.00	9.81	1035.84
	1314.21	0.00	9.85	1035.76
	1314.23	0.00	9.87	1036.74
	1314.24	0.00	9.88	1036.73
	1314.25	0.00	9.88	1036.73
	1314.26	0.00	9.88	1036.73
	1314.27	0.00	9.86	1032.73
	1314.28	0.00	9.85	1031.73
	1314.30	0.00	9.85	1030.73
	1314.31	0.00	9.84	1029.73
	1314.32	0.00	9.83	1030.74
	1314.33	0.00	9.84	1031.73
	1314.34	0.00	9.84	1031.73
	1314.35	0.00	9.84	1032.73
	1314.36	0.00	9.81	1029.73
	1314.38	0.00	9.85	1024.63
	1314.39	0.00	9.80	1027.74
	1314.40	0.00	9.82	1026.68
	1314.41	0.00	9.83	1024.64
	1314.42	0.00	9.80	1025.65
	1314.44	0.00	9.78	1023.69
	1314.45	0.00	9.77	1023.71
	1314.46	0.00	9.75	1022.74
	1314.47	0.00	9.76	1016.74
	1314.48	0.00	9.74	1013.75
	1314.49	0.00	9.75	1013.76
	1314.50	0.00	9.76	1015.76
	1314.52	0.00	9.75	1015.76
	1314.53	0.00	9.73	1014.76
	1314.54	0.00	9.75	1014.77
	1314.55	0.00	9.75	1017.77
	1314.56	0.00	9.75	1016.78
	1314.57	0.00	9.76	1018.77
	1314.58	0.00	9.77	1018.77
	1314.60	0.00	9.76	1019.77
	1314.61	0.00	9.72	1015.77
	1314.62	0.00	9.65	1006.79
	1314.63	0.00	9.66	1009.81
	1314.64	0.00	9.66	1010.82
	1314.65	0.00	9.67	1013.84
	1314.67	0.00	9.70	1017.84
	1314.68	0.00	9.70	1017.84
	1314.69	0.00	9.70	1017.84
	1314.70	0.00	9.70	1017.84
	1314.71	0.00	9.68	1014.84
	1314.72	0.00	9.70	1019.84
	1314.73	0.00	9.75	1008.85
	1314.75	0.00	9.78	1008.85
	1314.76	0.00	9.80	1008.85
	1314.77	0.00	9.79	1011.86
	1314.78	0.00	9.79	1012.86
	1314.79	0.00	9.79	1011.86
	1314.80	0.00	9.80	1014.86
	1314.82	0.00	9.79	1011.86
	1314.83	0.00	9.80	1012.86
	1314.84	0.00	9.79	1011.84
	1314.85	0.00	9.81	1014.85
	1314.86	0.00	9.82	1018.85
	1314.87	0.00	9.83	1019.85
	1314.89	0.00	9.80	1014.85
	1314.90	0.00	9.82	1015.84
	1314.91	0.00	9.81	1014.85
	1314.92	0.00	9.80	1015.85
	1314.93	0.00	9.83	1019.85
	1314.94	0.00	9.84	1020.85
	1314.95	0.00	9.88	1010.85
	1314.97	0.00	9.87	1014.85
	1314.98	0.00	9.86	1017.85
	1314.99	0.00	9.86	1015.85
	1315.00	0.00	9.88	1013.86
	1315.01	0.00	9.89	1013.85
	1315.02	0.00	9.86	1019.85
	1315.04	0.00	9.84	1021.86
	1315.05	0.00	9.82	1022.86
	1315.06	0.00	9.80	1020.84
	1315.07	0.00	9.84	1025.85
	1315.08	0.00	9.84	1026.85
	1315.09	0.00	9.84	1025.85
	1315.10	0.00	9.84	1024.85
	1315.12	0.00	9.85	1027.85
	1315.13	0.00	9.85	1028.85
	1315.14	0.00	9.84	1028.86
	1315.15	0.00	9.82	1027.86
	1315.16	0.00	9.82	1028.86
	1315.18	0.00	9.84	1029.86
	1315.19	0.00	9.83	1029.86
	1315.20	0.00	9.81	1006.86
	1315.21	0.00	9.82	1033.86
	1315.22	0.00	9.82	1034.86
	1315.23	0.00	9.83	1035.86
	1315.25	0.00	9.83	1037.86
	1315.26	0.00	9.82	1037.86
	1315.27	0.00	9.80	1035.86
	1315.28	0.00	9.82	1037.86
	1315.29	0.00	9.80	1035.85
	1315.30	0.00	9.83	1037.85
	1315.31	0.00	9.81	1039.84
	1315.32	0.00	9.83	1040.84
	1315.34	0.00	9.83	1037.81
	1315.35	0.00	9.82	1037.84
	1315.36	0.00	9.83	1037.84
	1315.37	0.00	9.83	1037.84
	1315.38	0.00	9.83	1037.83
	1315.40	0.00	9.82	1035.84
	1315.41	0.00	9.82	1038.84
	1315.42	0.00	9.83	1039.84
	1315.43	0.00	9.82	1039.84
	1315.44	0.00	9.78	1034.84
	1315.45	0.00	9.78	1034.84
	1315.46	0.00	9.79	1035.84
	1315.48	0.00	9.79	1035.84
	1315.49	0.00	9.79	1034.84
	1315.50	0.00	9.77	1033.84
	1315.51	0.00	9.78	1033.84
	1315.52	0.00	9.80	1034.83
	1315.53	0.00	9.75	1008.83
	1315.55	0.00	9.78	1014.83
	1315.56	0.00	9.78	1013.83
	1315.57	0.00	9.78	1014.83
	1315.58	0.00	9.78	1015.83
	1315.59	0.00	9.77	1013.83
	1315.60	0.00	9.78	1014.83
	1315.61	0.00	9.78	1014.83
	1315.63	0.00	9.78	1013.81
	1315.64	0.00	9.78	1011.83
	1315.65	0.00	9.76	1011.83
	1315.66	0.00	9.76	1010.83
	1315.67	0.00	9.76	1011.84
	1315.69	0.00	9.77	1013.83
	1315.70	0.00	9.75	1009.83
	1315.71	0.00	9.76	1012.83
	1315.72	0.00	9.79	1012.81
	1315.73	0.00	9.76	1011.83
	1315.74	0.00	9.78	1014.83
	1315.76	0.00	9.79	1012.83
	1315.77	0.00	9.79	1012.83
	1315.78	0.00	9.77	1008.82
	1315.79	0.00	9.78	1011.83
	1315.80	0.00	9.78	1010.83
	1315.81	0.00	9.79	1012.83
	1315.82	0.00	9.79	1012.83
	1315.83	0.00	9.80	1011.79
	1315.85	0.00	9.79	1012.82
	1315.86	0.00	9.79	1012.83
	1315.87	0.00	9.80	1012.82
	1315.88	0.00	9.80	1014.83
	1315.89	0.00	9.80	1013.83
	1315.91	0.00	9.79	1012.83
	1315.92	0.00	9.77	1011.85
	1315.93	0.00	9.81	1014.84
	1315.94	0.00	9.79	1013.84
	1315.95	0.00	9.79	1011.84
	1315.96	0.00	9.81	1013.83
	1315.97	0.00	9.81	1014.83
	1315.99	0.00	9.81	1012.84
	1316.00	0.00	9.78	1010.84
	1316.01	0.00	9.80	1012.84
	1316.02	0.00	9.78	1011.85
	1316.03	0.00	9.79	1013.84
	1316.04	0.00	9.81	1032.84
	1316.06	0.00	9.81	1014.84
	1316.07	0.00	9.81	1032.85
	1316.08	0.00	9.82	1036.84
	1316.09	0.00	9.81	1031.83
	1316.10	0.00	9.80	1030.84
	1316.11	0.00	9.77	1025.84
	1316.12	0.00	9.82	1032.83
	1316.14	0.00	9.83	1034.83
	1316.15	0.00	9.83	1034.83
	1316.16	0.00	9.84	1032.81
	1316.17	0.00	9.83	1034.83
	1316.18	0.00	9.83	1034.83
	1316.19	0.00	9.83	1035.83
	1316.20	0.00	9.83	1034.83
	1316.22	0.00	9.83	1032.84
	1316.23	0.00	9.82	1033.84
	1316.24	0.00	9.82	1034.84
	1316.25	0.00	9.82	1033.84
	1316.26	0.00	9.82	1034.84
	1316.28	0.00	9.82	1035.84
	1316.29	0.00	9.85	1033.76
	1316.30	0.00	9.85	1014.74
	1316.31	0.00	9.89	1036.73
	1316.32	0.00	9.89	1036.73
	1316.33	0.00	9.88	1036.73
	1316.34	0.00	9.88	1035.73
	1316.36	0.00	9.89	1036.72
	1316.37	0.00	9.88	1030.73
	1316.38	0.00	9.88	1030.73
	1316.39	0.00	9.90	1011.73
	1316.40	0.00	9.89	1030.71
	1316.41	0.00	9.87	1029.73
	1316.43	0.00	9.86	1028.73
	1316.44	0.00	9.84	1028.73
	1316.45	0.00	9.84	1026.74
	1316.46	0.00	9.87	1030.73
	1316.47	0.00	9.85	1027.73
	1316.48	0.00	9.83	1028.74
	1316.50	0.00	9.83	1030.75
	1316.51	0.00	9.84	1026.67
	1316.52	0.00	9.83	1022.64
	1316.53	0.00	9.80	1020.66
	1316.54	0.00	9.81	1021.65
	1316.55	0.00	9.84	1023.63
	1316.56	0.00	9.84	1021.63
	1316.58	0.00	9.81	1020.65
	1316.59	0.00	9.80	1021.68
	1316.60	0.00	9.78	1021.71
	1316.61	0.00	9.77	1022.72
	1316.62	0.00	9.78	1021.71
	1316.63	0.00	9.77	1001.70
	1316.65	0.00	9.76	1018.71
	1316.66	0.00	9.75	1022.73
	1316.67	0.00	9.75	1012.74
	1316.68	0.00	9.74	990.75
	1316.69	0.00	9.76	1012.75
	1316.70	0.00	9.78	1012.75
	1316.71	0.00	9.77	1013.76
	1316.73	0.00	9.77	1014.76
	1316.74	0.00	9.74	1010.76
	1316.75	0.00	9.67	1002.78
	1316.76	0.00	9.68	1005.76
	1316.77	0.00	9.77	1016.76
	1316.79	0.00	9.70	1006.76
	1316.80	0.00	9.68	1005.79
	1316.81	0.00	9.68	1005.81
	1316.82	0.00	9.69	1009.81
	1316.83	0.00	9.70	1011.82
	1316.84	0.00	9.71	1013.84
	1316.85	0.00	9.75	1000.83
	1316.87	0.00	9.79	1001.83
	1316.88	0.00	9.77	999.84
	1316.89	0.00	9.76	998.84
	1316.90	0.00	9.69	999.84
	1316.91	0.00	9.71	996.85
	1316.92	0.00	9.70	994.86
	1316.94	0.00	9.68	993.87
	1316.95	0.00	9.66	989.87
	1316.96	0.00	9.61	986.90
	1316.97	0.00	9.59	983.91
	1316.98	0.00	9.54	980.93
	1316.99	0.00	9.55	981.91
	1317.00	0.00	9.49	976.98
	1317.02	0.00	9.46	972.98
	1317.03	0.00	9.45	970.99
	1317.04	0.00	9.44	971.99
	1317.05	0.00	9.42	971.01
	1317.06	0.00	9.40	967.01
	1317.07	0.00	9.35	966.01
	1317.08	0.00	9.30	971.01
	1317.10	0.00	9.27	967.02
	1317.11	0.00	9.24	967.00
	1317.12	0.00	9.18	966.05
	1317.13	0.00	9.18	966.06
	1317.14	0.00	9.17	967.08
	1317.15	0.00	9.14	959.08
	1317.17	0.00	9.09	937.10
	1317.18	0.00	9.04	929.08
	1317.19	0.00	9.01	926.08
	1317.20	0.00	8.97	924.09
	1317.21	0.00	8.98	927.10
	1317.22	0.00	8.93	923.10
	1317.23	0.00	8.97	928.10
	1317.25	0.00	9.07	944.08
	1317.26	0.00	9.10	948.08
	1317.27	0.00	9.10	949.08
	1317.28	0.00	9.09	952.09
	1317.29	0.00	9.09	957.09
	1317.30	0.00	9.07	963.10
	1317.31	0.00	9.04	972.11
	1317.33	0.00	9.04	988.11
	1317.34	0.00	9.05	1001.10
	1317.35	0.00	9.06	1034.11
	1317.36	0.00	9.08	1041.11
	1317.37	0.00	9.11	1061.12
	1317.39	0.00	9.17	1089.10
	1317.40	0.00	9.15	1120.14
	1317.41	0.00	9.11	1121.16
	1317.42	0.00	9.10	1151.20
	1317.43	0.00	9.12	1199.27
	1317.44	0.00	9.11	1221.26
	1317.45	0.00	9.16	1253.22
	1317.47	0.00	9.15	1273.25
	1317.48	0.00	9.22	1299.25
	1317.49	0.00	9.28	1312.25
	1317.50	0.00	9.35	1312.25
	1317.51	0.00	9.42	1309.23
	1317.52	0.00	9.44	1306.23
	1317.54	0.00	9.53	1311.22
	1317.55	0.00	9.58	1301.22
	1317.56	0.00	9.70	1298.19
	1317.57	0.00	9.84	1288.11
	1317.58	0.00	10.01	1274.97
	1317.59	0.00	10.22	1267.86
	1317.61	0.00	10.39	1250.80
	1317.62	0.00	10.59	1232.71
	1317.63	0.00	10.75	1218.67
	1317.64	0.00	10.91	1196.65
	1317.65	0.00	11.02	1177.63
	1317.66	0.00	11.21	1171.59
	1317.68	0.00	11.46	1138.52
	1317.69	0.00	11.74	1118.43
	1317.70	0.00	11.94	1106.40
	1317.71	0.00	12.10	1080.38
	1317.72	0.00	12.21	1068.37
	1317.73	0.00	12.31	1053.35
	1317.75	0.00	12.36	1043.35
	1317.76	0.00	12.38	1029.36
	1317.77	0.00	12.35	1017.36
	1317.78	0.00	12.39	1010.35
	1317.79	0.00	12.30	979.36
	1317.80	0.00	12.53	988.36
	1317.82	0.00	12.55	982.36
	1317.83	0.00	12.58	977.36
	1317.84	0.00	12.61	973.35
	1317.85	0.00	12.69	980.35
	1317.86	0.00	12.75	986.39
	1317.87	0.00	13.10	1009.38
	1317.88	0.00	13.13	1000.37
	1317.90	0.00	13.30	1015.37
	1317.91	0.00	13.38	1019.36
	1317.92	0.00	13.44	1016.35
	1317.93	0.00	13.50	1022.35
	1317.94	0.00	13.52	1013.33
	1317.95	0.00	13.58	1020.33
	1317.97	0.00	13.67	1028.32
	1317.98	0.00	13.67	1028.31
	1317.99	0.00	13.55	1021.32
	1318.00	0.00	13.46	1014.31
	1318.01	0.00	13.06	962.31
	1318.03	0.00	12.44	886.31
	1318.04	0.00	11.61	800.33
	1318.05	0.00	11.09	749.36
	1318.06	0.00	10.41	704.44
	1318.07	0.00	9.95	675.47
	1318.08	0.00	9.85	673.50
	1318.09	0.00	9.81	676.50
	1318.11	0.00	9.78	673.49
	1318.12	0.00	9.81	672.49
	1318.13	0.00	9.80	672.48
	1318.14	0.00	9.85	675.48
	1318.15	0.00	9.85	675.48
	1318.16	0.00	9.88	678.48
	1318.17	0.00	9.91	679.47
	1318.19	0.00	9.98	687.47
	1318.20	0.00	9.99	688.48
	1318.21	0.00	10.01	690.49
	1318.22	0.00	9.99	690.49
	1318.23	0.00	10.01	689.49
	1318.24	0.00	10.02	691.50
	1318.26	0.00	10.03	691.50
	1318.27	0.00	10.01	689.50
	1318.28	0.00	10.02	690.50
	1318.29	0.00	10.03	691.50
	1318.30	0.00	10.04	692.50
	1318.31	0.00	10.02	688.50
	1318.32	0.00	10.06	694.50
	1318.34	0.00	10.09	687.48
	1318.35	0.00	10.06	687.49
	1318.36	0.00	10.07	687.49
	1318.37	0.00	10.08	688.49
	1318.38	0.00	10.13	692.49
	1318.39	0.00	10.13	692.49
	1318.41	0.00	10.14	693.49
	1318.42	0.00	10.14	693.49
	1318.43	0.00	10.12	694.49
	1318.44	0.00	10.15	694.49
	1318.45	0.00	10.10	689.49
	1318.46	0.00	10.02	683.50
	1318.47	0.00	10.08	688.49
	1318.49	0.00	10.12	691.49
	1318.50	0.00	10.12	692.49
	1318.51	0.00	10.12	691.50
	1318.52	0.00	10.11	691.51
	1318.53	0.00	10.12	691.50
	1318.54	0.00	10.13	691.50
	1318.56	0.00	10.14	693.49
	1318.57	0.00	10.14	689.49
	1318.58	0.00	10.13	688.49
	1318.59	0.00	9.69	715.87
	1318.60	0.00	9.03	781.41
	1318.61	0.00	8.21	947.86
	1318.63	0.00	7.78	1101.14
	1318.64	0.00	7.87	1168.18
	1318.65	0.00	7.93	1169.21
	1318.66	0.00	8.07	1169.21
	1318.67	0.00	8.25	1192.22
	1318.68	0.00	8.38	1250.28
	1318.69	0.00	8.47	1283.32
	1318.71	0.00	8.59	1313.36
	1318.72	0.00	8.69	1331.39
	1318.73	0.00	8.75	1334.38
	1318.74	0.00	8.89	1334.37
	1318.75	0.00	8.99	1316.37
	1318.77	0.00	9.14	1295.35
	1318.78	0.00	9.31	1272.26
	1318.79	0.00	9.45	1235.23
	1318.80	0.00	9.59	1204.15
	1318.81	0.00	9.72	1168.05
	1318.82	0.00	9.92	1133.86
	1318.83	0.00	10.14	1101.67
	1318.85	0.00	10.53	1061.31
	1318.86	0.00	10.98	1017.92
	1318.87	0.00	11.36	961.78
	1318.88	0.00	11.48	899.72
	1318.89	0.00	11.49	893.70
	1318.90	0.00	11.42	878.67
	1318.92	0.00	11.72	893.64
	1318.93	0.00	11.77	886.61
	1318.94	0.00	11.75	878.59
	1318.95	0.00	11.77	872.58
	1318.96	0.00	11.87	877.58
	1318.97	0.00	11.90	875.58
	1318.98	0.00	11.89	875.59
	1319.00	0.00	11.90	874.60
	1319.01	0.00	11.87	863.59
	1319.02	0.00	11.97	875.57
	1319.03	0.00	12.00	876.57
	1319.04	0.00	12.08	882.57
	1319.06	0.00	12.12	884.57
	1319.07	0.00	12.14	882.56
	1319.08	0.00	12.26	893.55
	1319.09	0.00	12.32	897.54
	1319.10	0.00	12.48	904.50
	1319.11	0.00	12.60	913.49
	1319.12	0.00	12.73	917.48
	1319.14	0.00	12.77	914.45
	1319.15	0.00	12.89	924.43
	1319.16	0.00	12.97	928.41
	1319.17	0.00	13.05	939.39
	1319.18	0.00	13.05	939.38
	1319.19	0.00	12.96	933.37
	1319.20	0.00	12.80	919.37
	1319.22	0.00	12.44	876.37
	1319.23	0.00	11.73	795.39
	1319.24	0.00	10.75	714.45
	1319.25	0.00	10.27	678.49
	1319.26	0.00	9.98	666.56
	1319.28	0.00	9.81	668.62
	1319.29	0.00	9.72	666.62
	1319.30	0.00	9.62	658.60
	1319.31	0.00	9.64	653.53
	1319.32	0.00	9.61	654.57
	1319.33	0.00	9.65	658.60
	1319.34	0.00	9.72	663.60
	1319.36	0.00	9.77	667.60
	1319.37	0.00	9.79	668.60
	1319.38	0.00	9.82	667.59
	1319.39	0.00	9.86	671.59
	1319.40	0.00	9.90	674.59
	1319.41	0.00	9.96	675.57
	1319.43	0.00	9.96	674.56
	1319.44	0.00	9.98	676.56
	1319.45	0.00	10.00	678.56
	1319.46	0.00	10.03	678.55
	1319.47	0.00	10.05	679.56
	1319.48	0.00	10.06	682.57
	1319.49	0.00	10.06	681.57
	1319.51	0.00	10.07	682.56
	1319.52	0.00	10.07	684.59
	1319.53	0.00	10.06	686.60
	1319.54	0.00	10.07	687.60
	1319.55	0.00	10.08	688.61
	1319.56	0.00	10.05	688.62
	1319.57	0.00	10.07	689.61
	1319.59	0.00	10.03	687.63
	1319.60	0.00	10.05	690.64
	1319.61	0.00	10.05	690.64
	1319.62	0.00	10.04	690.66
	1319.63	0.00	10.04	689.64
	1319.65	0.00	9.98	685.67
	1319.66	0.00	9.98	683.67
	1319.67	0.00	10.06	688.65
	1319.68	0.00	10.07	689.65
	1319.69	0.00	10.09	690.64
	1319.70	0.00	10.01	684.67
	1319.71	0.00	9.97	680.68
	1319.73	0.00	9.99	682.68
	1319.74	0.00	9.87	684.84
	1319.75	0.00	9.16	720.61
	1319.76	0.00	8.62	818.87
	1319.77	0.00	7.87	1018.32
	1319.78	0.00	7.58	1140.60
	1319.79	0.00	7.78	1198.56
	1319.81	0.00	7.90	1196.50
	1319.82	0.00	8.11	1208.51
	1319.83	0.00	8.29	1242.51
	1319.84	0.00	8.43	1260.48
	1319.85	0.00	8.49	1275.52
	1319.86	0.00	8.61	1297.52
	1319.88	0.00	8.63	1304.55
	1319.89	0.00	8.71	1301.56
	1319.90	0.00	8.79	1294.55
	1319.91	0.00	8.82	1273.54
	1319.92	0.00	8.90	1251.53
	1319.93	0.00	8.97	1228.45
	1319.95	0.00	9.03	1204.44
	1319.96	0.00	9.11	1176.42
	1319.97	0.00	9.17	1150.39
	1319.98	0.00	9.22	1126.39
	1319.99	0.00	9.29	1100.35
	1320.00	0.00	9.34	1081.34
	1320.02	0.00	9.38	1069.33
	1320.03	0.00	9.38	1054.35
	1320.04	0.00	9.40	1037.30
	1320.05	0.00	9.47	1040.34
	1320.06	0.00	9.50	1031.34
	1320.07	0.00	9.55	1030.34
	1320.09	0.00	9.69	1033.23
	1320.10	0.00	9.87	1049.31
	1320.11	0.00	10.05	1060.28
	1320.12	0.00	10.19	1056.25
	1320.13	0.00	10.46	1024.12
	1320.14	0.00	10.81	1007.01
	1320.16	0.00	11.11	1001.87
	1320.17	0.00	11.32	996.71
	1320.18	0.00	11.70	1008.30
	1320.19	0.00	12.12	1008.96
	1320.20	0.00	12.21	1010.94
	1320.21	0.00	12.25	1010.94
	1320.22	0.00	12.20	998.94
	1320.24	0.00	12.08	988.02
	1320.25	0.00	12.03	973.01
	1320.26	0.00	12.00	958.96
	1320.27	0.00	11.97	940.89
	1320.28	0.00	11.98	919.75
	1320.30	0.00	11.95	908.73
	1320.31	0.00	11.88	882.65
	1320.32	0.00	12.18	896.60
	1320.33	0.00	12.25	894.55
	1320.34	0.00	12.35	903.51
	1320.35	0.00	12.14	883.47
	1320.36	0.00	12.12	876.46
	1320.38	0.00	11.98	853.45
	1320.39	0.00	11.66	814.47
	1320.40	0.00	11.22	763.51
	1320.41	0.00	10.72	720.58
	1320.42	0.00	10.31	702.77
	1320.43	0.00	10.03	691.91
	1320.44	0.00	9.88	691.05
	1320.46	0.00	9.82	690.07
	1320.47	0.00	9.81	687.04
	1320.48	0.00	9.80	682.04
	1320.49	0.00	9.77	682.04
	1320.50	0.00	9.76	682.05
	1320.52	0.00	9.74	681.06
	1320.53	0.00	9.78	684.07
	1320.54	0.00	9.75	681.07
	1320.55	0.00	9.73	678.08
	1320.56	0.00	9.79	682.07
	1320.57	0.00	9.84	685.07
	1320.58	0.00	9.84	685.07
	1320.59	0.00	9.86	685.04
	1320.61	0.00	9.86	685.06
	1320.62	0.00	9.87	684.06
	1320.63	0.00	9.88	685.06
	1320.64	0.00	9.88	686.07
	1320.65	0.00	9.90	686.05
	1320.67	0.00	9.91	686.05
	1320.68	0.00	9.92	689.05
	1320.69	0.00	9.93	689.04
	1320.70	0.00	9.91	688.05
	1320.71	0.00	9.93	690.05
	1320.72	0.00	9.94	691.05
	1320.73	0.00	9.93	689.05
	1320.74	0.00	9.92	691.07
	1320.76	0.00	9.94	691.07
	1320.77	0.00	9.92	692.07
	1320.78	0.00	9.93	692.06
	1320.79	0.00	9.94	691.06
	1320.80	0.00	9.93	689.05
	1320.81	0.00	9.94	689.05
	1320.82	0.00	9.96	687.02
	1320.84	0.00	9.95	686.02
	1320.85	0.00	9.95	686.02
	1320.86	0.00	9.94	686.02
	1320.87	0.00	9.93	684.01
	1320.88	0.00	9.98	687.00
	1320.89	0.00	9.98	686.99
	1320.91	0.00	9.99	686.98
	1320.92	0.00	10.06	684.89
	1320.93	0.00	10.01	683.96
	1320.94	0.00	9.66	694.38
	1320.95	0.00	8.91	736.86
	1320.96	0.00	8.04	977.39
	1320.97	0.00	7.62	1123.80
	1320.99	0.00	7.60	1170.82
	1321.00	0.00	7.92	1209.59
	1321.01	0.00	8.01	1199.61
	1321.02	0.00	8.18	1221.56
	1321.03	0.00	7.96	1187.58
	1321.05	0.00	8.43	1264.59
	1321.06	0.00	8.49	1277.64
	1321.07	0.00	8.52	1286.65
	1321.08	0.00	8.54	1290.66
	1321.09	0.00	8.56	1286.66
	1321.10	0.00	8.62	1274.65
	1321.11	0.00	8.68	1249.65
	1321.13	0.00	8.78	1216.61
	1321.14	0.00	8.89	1197.59
	1321.15	0.00	8.97	1172.56
	1321.16	0.00	9.05	1148.55
	1321.17	0.00	9.14	1119.51
	1321.19	0.00	9.24	1092.45
	1321.20	0.00	9.34	1060.42
	1321.21	0.00	9.41	1022.44
	1321.22	0.00	9.53	995.39
	1321.23	0.00	9.70	940.38
	1321.24	0.00	9.95	903.32
	1321.25	0.00	10.09	889.26
	1321.27	0.00	10.23	886.19
	1321.28	0.00	10.28	887.15
	1321.29	0.00	10.38	886.07
	1321.30	0.00	10.38	882.07
	1321.31	0.00	10.43	887.07
	1321.32	0.00	10.56	902.06
	1321.34	0.00	10.65	908.00
	1321.35	0.00	10.81	925.95
	1321.36	0.00	10.95	931.85
	1321.37	0.00	11.10	935.77
	1321.38	0.00	11.28	946.69
	1321.39	0.00	11.45	947.50
	1321.41	0.00	11.79	969.33
	1321.42	0.00	11.93	982.29
	1321.43	0.00	12.01	991.28
	1321.44	0.00	12.06	993.25
	1321.45	0.00	12.06	991.24
	1321.46	0.00	12.01	976.22
	1321.47	0.00	11.98	955.13
	1321.49	0.00	11.96	944.09
	1321.50	0.00	11.90	927.06
	1321.51	0.00	11.85	902.97
	1321.52	0.00	11.92	899.88
	1321.53	0.00	12.02	886.68
	1321.54	0.00	12.16	884.55
	1321.56	0.00	12.23	878.49
	1321.57	0.00	12.25	873.46
	1321.58	0.00	12.15	856.45
	1321.59	0.00	11.83	813.45
	1321.60	0.00	11.35	765.50
	1321.61	0.00	10.75	717.64
	1321.63	0.00	10.34	699.83
	1321.64	0.00	10.11	693.99
	1321.65	0.00	9.98	689.07
	1321.66	0.00	9.91	683.04
	1321.67	0.00	9.93	680.99
	1321.68	0.00	9.87	676.03
	1321.69	0.00	9.86	675.05
	1321.71	0.00	9.81	673.10
	1321.72	0.00	9.73	676.24
	1321.73	0.00	9.73	676.24
	1321.74	0.00	9.75	677.23
	1321.75	0.00	9.73	675.23
	1321.76	0.00	9.75	676.22
	1321.78	0.00	9.73	674.22
	1321.79	0.00	9.75	674.21
	1321.80	0.00	9.76	677.23
	1321.81	0.00	9.78	678.22
	1321.82	0.00	9.82	677.18
	1321.83	0.00	9.84	680.19
	1321.84	0.00	9.83	679.19
	1321.86	0.00	9.85	681.19
	1321.87	0.00	9.83	680.20
	1321.88	0.00	9.86	682.19
	1321.89	0.00	9.85	681.19
	1321.90	0.00	9.86	682.19
	1321.91	0.00	9.85	682.20
	1321.93	0.00	9.85	683.21
	1321.94	0.00	9.88	683.19
	1321.95	0.00	9.87	682.19
	1321.96	0.00	9.88	683.19
	1321.97	0.00	9.87	683.21
	1321.98	0.00	9.88	681.18
	1321.99	0.00	9.88	681.17
	1322.01	0.00	9.90	681.16
	1322.02	0.00	9.90	681.16
	1322.03	0.00	9.90	680.15
	1322.04	0.00	9.90	680.15
	1322.05	0.00	9.91	681.14
	1322.06	0.00	9.79	660.13
	1322.07	0.00	9.90	676.12
	1322.09	0.00	9.79	657.12
	1322.10	0.00	9.85	670.14
	1322.11	0.00	9.94	679.12
	1322.12	0.00	9.94	679.12
	1322.13	0.00	9.84	679.25
	1322.14	0.00	9.26	678.82
	1322.16	0.00	8.40	816.27
	1322.17	0.00	7.68	1034.86
	1322.18	0.00	7.61	1127.00
	1322.19	0.00	7.86	1184.92
	1322.20	0.00	7.95	1186.85
	1322.21	0.00	8.12	1201.76
	1322.22	0.00	8.27	1212.67
	1322.24	0.00	8.40	1247.76
	1322.25	0.00	8.53	1262.64
	1322.26	0.00	8.65	1278.65
	1322.27	0.00	8.72	1290.67
	1322.28	0.00	8.77	1295.69
	1322.30	0.00	8.83	1292.67
	1322.31	0.00	8.78	1271.82
	1322.32	0.00	8.83	1246.77
	1322.33	0.00	8.90	1223.75
	1322.34	0.00	9.01	1193.67
	1322.35	0.00	9.10	1168.69
	1322.36	0.00	9.24	1147.63
	1322.38	0.00	9.37	1118.57
	1322.39	0.00	9.56	1088.44
	1322.40	0.00	9.72	1071.45
	1322.41	0.00	9.98	1039.35
	1322.42	0.00	10.33	1004.22
	1322.44	0.00	10.68	971.06
	1322.45	0.00	10.78	982.89
	1322.46	0.00	10.90	978.78
	1322.47	0.00	10.97	972.65
	1322.48	0.00	11.04	961.51
	1322.49	0.00	11.17	941.42
	1322.50	0.00	11.18	932.35
	1322.52	0.00	11.17	930.39
	1322.53	0.00	11.14	923.42
	1322.54	0.00	11.09	915.44
	1322.55	0.00	11.16	922.42
	1322.56	0.00	11.17	926.46
	1322.57	0.00	11.25	929.44
	1322.59	0.00	11.40	920.34
	1322.60	0.00	11.54	930.30
	1322.61	0.00	11.60	925.23
	1322.62	0.00	11.61	912.17
	1322.63	0.00	11.71	925.15
	1322.64	0.00	11.68	912.12
	1322.65	0.00	11.74	915.09
	1322.67	0.00	11.80	918.06
	1322.68	0.00	11.83	912.02
	1322.69	0.00	12.08	929.03
	1322.70	0.00	12.06	915.99
	1322.71	0.00	12.09	910.94
	1322.72	0.00	12.01	897.96
	1322.73	0.00	11.96	883.95
	1322.75	0.00	12.02	872.82
	1322.76	0.00	12.14	874.70
	1322.77	0.00	12.28	877.58
	1322.78	0.00	12.45	886.49
	1322.79	0.00	12.21	865.47
	1322.81	0.00	12.21	859.46
	1322.82	0.00	12.12	849.46
	1322.83	0.00	11.81	809.46
	1322.84	0.00	11.34	763.58
	1322.85	0.00	10.75	715.75
	1322.86	0.00	10.34	699.99
	1322.87	0.00	9.98	690.28
	1322.89	0.00	9.84	682.34
	1322.90	0.00	9.78	678.36
	1322.91	0.00	9.78	674.30
	1322.92	0.00	9.77	669.28
	1322.93	0.00	9.77	666.26
	1322.94	0.00	9.77	667.29
	1322.95	0.00	9.78	668.29
	1322.97	0.00	9.76	665.29
	1322.98	0.00	9.74	665.31
	1322.99	0.00	9.75	663.31
	1323.00	0.00	9.76	663.30
	1323.01	0.00	9.78	660.29
	1323.02	0.00	9.77	658.31
	1323.04	0.00	9.79	661.30
	1323.05	0.00	9.81	662.28
	1323.06	0.00	9.80	661.29
	1323.07	0.00	9.79	660.28
	1323.08	0.00	9.84	666.27
	1323.09	0.00	9.85	663.26
	1323.10	0.00	9.85	665.26
	1323.12	0.00	9.85	663.24
	1323.13	0.00	9.86	663.25
	1323.14	0.00	9.87	666.25
	1323.15	0.00	9.86	665.25
	1323.16	0.00	9.90	666.21
	1323.17	0.00	9.88	666.25
	1323.19	0.00	9.86	667.25
	1323.20	0.00	9.86	662.24
	1323.21	0.00	9.85	661.23
	1323.22	0.00	9.87	663.24
	1323.23	0.00	9.86	663.24
	1323.24	0.00	9.88	665.23
	1323.25	0.00	9.88	667.23
	1323.27	0.00	9.92	672.21
	1323.28	0.00	9.95	670.17
	1323.29	0.00	9.91	668.19
	1323.30	0.00	9.90	670.19
	1323.31	0.00	9.90	669.18
	1323.32	0.00	9.92	668.17
	1323.33	0.00	9.90	668.18
	1323.35	0.00	9.95	670.16
	1323.36	0.00	9.93	670.16
	1323.37	0.00	9.93	670.16
	1323.38	0.00	9.85	675.31
	1323.39	0.00	9.44	690.84
	1323.40	0.00	8.91	760.06
	1323.42	0.00	8.08	948.64
	1323.43	0.00	7.80	1037.90
	1323.44	0.00	7.80	1074.97
	1323.45	0.00	8.06	1116.84
	1323.46	0.00	8.13	1107.75
	1323.47	0.00	8.32	1141.72
	1323.49	0.00	8.45	1167.69
	1323.50	0.00	8.52	1183.70
	1323.51	0.00	8.65	1206.69
	1323.52	0.00	8.69	1217.75
	1323.53	0.00	8.80	1225.69
	1323.54	0.00	8.87	1216.74
	1323.56	0.00	9.00	1205.72
	1323.57	0.00	9.14	1191.70
	1323.58	0.00	9.29	1169.66
	1323.59	0.00	9.44	1150.62
	1323.60	0.00	9.62	1120.59
	1323.61	0.00	9.81	1081.56
	1323.63	0.00	10.09	1044.49
	1323.64	0.00	10.24	1022.36
	1323.65	0.00	10.39	1015.33
	1323.66	0.00	10.57	1006.21
	1323.67	0.00	10.75	997.02
	1323.68	0.00	10.96	994.81
	1323.69	0.00	11.09	994.63
	1323.71	0.00	11.26	983.36
	1323.72	0.00	11.37	993.30
	1323.73	0.00	11.42	986.23
	1323.74	0.00	11.48	978.14
	1323.75	0.00	11.48	971.11
	1323.76	0.00	11.52	971.06
	1323.78	0.00	11.52	956.99
	1323.79	0.00	11.62	967.97
	1323.80	0.00	11.60	960.97
	1323.81	0.00	11.59	953.95
	1323.82	0.00	11.60	953.95
	1323.83	0.00	11.60	951.94
	1323.84	0.00	11.59	944.93
	1323.86	0.00	11.64	938.85
	1323.87	0.00	11.61	906.91
	1323.88	0.00	11.53	893.91
	1323.89	0.00	11.51	886.90
	1323.90	0.00	11.51	880.89
	1323.92	0.00	11.45	870.91
	1323.93	0.00	11.64	870.92
	1323.94	0.00	11.69	874.93
	1323.95	0.00	11.72	865.93
	1323.96	0.00	11.76	865.95
	1323.97	0.00	11.80	858.93
	1323.98	0.00	11.88	859.89
	1324.00	0.00	11.99	857.81
	1324.01	0.00	12.09	859.69
	1324.02	0.00	12.11	857.67
	1324.03	0.00	12.14	854.64
	1324.04	0.00	12.21	850.53
	1324.05	0.00	12.23	851.51
	1324.06	0.00	12.26	857.50
	1324.08	0.00	12.14	845.50
	1324.09	0.00	11.79	804.52
	1324.10	0.00	11.04	749.64
	1324.11	0.00	10.70	721.76
	1324.12	0.00	10.26	702.00
	1324.14	0.00	9.92	689.25
	1324.15	0.00	9.82	686.30
	1324.16	0.00	9.71	676.30
	1324.17	0.00	9.66	669.30
	1324.18	0.00	9.64	668.29
	1324.19	0.00	9.64	665.28
	1324.20	0.00	9.62	663.28
	1324.22	0.00	9.66	666.27
	1324.23	0.00	9.67	666.26
	1324.24	0.00	9.67	666.26
	1324.25	0.00	9.66	663.26
	1324.26	0.00	9.69	662.21
	1324.27	0.00	9.66	664.25
	1324.28	0.00	9.71	665.22
	1324.30	0.00	9.71	664.21
	1324.31	0.00	9.73	665.22
	1324.32	0.00	9.74	667.23
	1324.33	0.00	9.79	670.22
	1324.34	0.00	9.78	670.23
	1324.35	0.00	9.82	672.20
	1324.36	0.00	9.84	672.17
	1324.38	0.00	9.80	671.22
	1324.39	0.00	9.82	672.21
	1324.40	0.00	9.84	673.21
	1324.41	0.00	9.82	671.22
	1324.42	0.00	9.85	673.20
	1324.43	0.00	9.85	673.20
	1324.45	0.00	9.85	671.19
	1324.46	0.00	9.85	669.19
	1324.47	0.00	9.85	670.20
	1324.48	0.00	9.85	668.18
	1324.49	0.00	9.86	669.18
	1324.50	0.00	9.83	667.19
	1324.52	0.00	9.84	669.21
	1324.53	0.00	9.83	669.20
	1324.54	0.00	9.83	669.20
	1324.55	0.00	9.85	669.20
	1324.56	0.00	9.87	667.16
	1324.57	0.00	9.90	668.14
	1324.58	0.00	9.90	668.14
	1324.60	0.00	9.90	667.13
	1324.61	0.00	9.94	670.13
	1324.62	0.00	9.92	668.13
	1324.63	0.00	9.69	669.39
	1324.64	0.00	9.40	689.78
	1324.65	0.00	8.42	867.33
	1324.66	0.00	8.24	1022.62
	1324.68	0.00	8.22	1084.68
	1324.69	0.00	8.35	1124.70
	1324.70	0.00	8.52	1123.67
	1324.71	0.00	8.71	1131.65
	1324.72	0.00	8.96	1142.66
	1324.73	0.00	9.03	1139.67
	1324.75	0.00	9.16	1150.68
	1324.76	0.00	9.27	1151.67
	1324.77	0.00	9.36	1152.65
	1324.78	0.00	9.46	1145.59
	1324.79	0.00	9.56	1126.61
	1324.81	0.00	9.71	1104.61
	1324.82	0.00	9.84	1086.54
	1324.83	0.00	9.98	1054.48
	1324.84	0.00	10.17	1020.36
	1324.85	0.00	10.33	993.24
	1324.86	0.00	10.50	978.07
	1324.87	0.00	10.53	976.12
	1324.89	0.00	10.60	965.99
	1324.90	0.00	10.74	961.87
	1324.91	0.00	10.88	955.73
	1324.92	0.00	10.97	952.65
	1324.93	0.00	11.05	944.46
	1324.94	0.00	11.14	948.40
	1324.96	0.00	11.22	954.35
	1324.97	0.00	11.23	952.33
	1324.98	0.00	11.58	981.29
	1324.99	0.00	11.66	986.24
	1325.00	0.00	11.78	992.20
	1325.01	0.00	11.84	998.16
	1325.03	0.00	11.95	1007.11
	1325.04	0.00	12.01	1009.07
	1325.05	0.00	12.06	1008.02
	1325.06	0.00	12.10	1005.96
	1325.07	0.00	12.14	1011.95
	1325.08	0.00	12.19	1007.93
	1325.09	0.00	12.16	1005.91
	1325.11	0.00	12.15	995.90
	1325.12	0.00	12.20	996.87
	1325.13	0.00	12.22	987.82
	1325.14	0.00	12.27	960.77
	1325.15	0.00	12.25	950.74
	1325.16	0.00	12.24	941.70
	1325.18	0.00	12.25	932.67
	1325.19	0.00	12.18	908.64
	1325.20	0.00	12.45	929.62
	1325.21	0.00	12.42	916.62
	1325.22	0.00	12.42	909.61
	1325.23	0.00	12.43	907.60
	1325.25	0.00	12.41	902.61
	1325.26	0.00	12.41	892.59
	1325.27	0.00	12.35	880.53
	1325.28	0.00	12.25	865.52
	1325.29	0.00	11.88	831.51
	1325.30	0.00	11.76	821.53
	1325.31	0.00	11.23	778.59
	1325.33	0.00	11.08	766.64
	1325.34	0.00	10.81	747.81
	1325.35	0.00	10.54	736.98
	1325.36	0.00	10.33	726.15
	1325.37	0.00	10.17	718.25
	1325.38	0.00	10.04	704.26
	1325.40	0.00	9.99	701.27
	1325.41	0.00	9.95	695.27
	1325.42	0.00	9.90	691.29
	1325.43	0.00	9.88	691.29
	1325.44	0.00	9.92	692.29
	1325.45	0.00	9.91	686.29
	1325.46	0.00	9.90	687.29
	1325.48	0.00	9.89	684.28
	1325.49	0.00	9.86	684.32
	1325.50	0.00	9.85	681.32
	1325.51	0.00	9.84	680.31
	1325.52	0.00	9.85	678.31
	1325.53	0.00	9.84	673.28
	1325.55	0.00	9.85	678.22
	1325.56	0.00	9.78	676.26
	1325.57	0.00	9.76	674.26
	1325.58	0.00	9.75	671.25
	1325.59	0.00	9.75	671.25
	1325.60	0.00	9.77	670.23
	1325.61	0.00	9.73	666.23
	1325.63	0.00	9.72	665.23
	1325.64	0.00	9.76	669.24
	1325.65	0.00	9.77	664.15
	1325.66	0.00	9.80	665.15
	1325.67	0.00	9.82	670.15
	1325.68	0.00	9.86	673.15
	1325.70	0.00	9.86	674.16
	1325.71	0.00	9.85	673.16
	1325.72	0.00	9.86	673.15
	1325.73	0.00	9.88	676.16
	1325.74	0.00	9.86	673.16
	1325.75	0.00	9.89	674.15
	1325.76	0.00	9.88	672.14
	1325.78	0.00	9.87	673.14
	1325.79	0.00	9.88	671.13
	1325.80	0.00	9.89	675.14
	1325.81	0.00	9.90	673.12
	1325.82	0.00	9.90	673.12
	1325.83	0.00	9.91	672.10
	1325.84	0.00	9.90	676.12
	1325.86	0.00	9.87	676.14
	1325.87	0.00	9.64	685.45
	1325.88	0.00	9.49	692.68
	1325.89	0.00	9.30	693.87
	1325.90	0.00	8.90	746.21
	1325.91	0.00	8.51	862.37
	1325.93	0.00	8.46	931.46
	1325.94	0.00	8.45	957.49
	1325.95	0.00	8.52	982.52
	1325.96	0.00	8.56	994.52
	1325.97	0.00	8.68	1019.53
	1325.98	0.00	8.75	1041.54
	1326.00	0.00	8.75	1064.57
	1326.01	0.00	8.78	1088.60
	1326.02	0.00	8.81	1110.61
	1326.03	0.00	8.91	1127.49
	1326.04	0.00	8.92	1140.60
	1326.05	0.00	9.02	1180.61
	1326.06	0.00	9.10	1191.62
	1326.08	0.00	9.14	1198.62
	1326.09	0.00	9.19	1201.65
	1326.10	0.00	9.25	1208.63
	1326.11	0.00	9.34	1209.55
	1326.12	0.00	9.40	1209.55
	1326.14	0.00	9.45	1205.56
	1326.15	0.00	9.53	1200.53
	1326.16	0.00	9.52	1188.54
	1326.17	0.00	9.56	1184.53
	1326.18	0.00	9.61	1180.52
	1326.19	0.00	9.61	1172.53
	1326.20	0.00	9.65	1173.53
	1326.22	0.00	9.63	1170.53
	1326.23	0.00	9.65	1167.53
	1326.24	0.00	9.68	1170.52
	1326.25	0.00	9.67	1170.53
	1326.26	0.00	9.69	1173.52
	1326.27	0.00	9.72	1174.52
	1326.29	0.00	9.76	1181.47
	1326.30	0.00	9.79	1184.48
	1326.31	0.00	9.85	1190.52
	1326.32	0.00	9.89	1186.47
	1326.33	0.00	9.97	1184.47
	1326.34	0.00	10.06	1178.45
	1326.36	0.00	10.15	1172.45
	1326.37	0.00	10.25	1158.43
	1326.38	0.00	10.48	1129.38
	1326.39	0.00	10.69	1096.34
	1326.40	0.00	10.83	1096.28
	1326.41	0.00	10.94	1088.20
	1326.43	0.00	11.05	1077.07
	1326.44	0.00	11.17	1061.86
	1326.45	0.00	11.42	1077.71
	1326.46	0.00	11.60	1071.44
	1326.47	0.00	11.78	1062.23
	1326.48	0.00	11.86	1053.11
	1326.50	0.00	11.94	1041.97
	1326.51	0.00	11.95	1025.94
	1326.52	0.00	11.98	985.88
	1326.53	0.00	11.92	962.83
	1326.54	0.00	12.00	956.71
	1326.55	0.00	11.91	926.66
	1326.56	0.00	11.89	912.64
	1326.58	0.00	11.75	883.63
	1326.59	0.00	11.62	849.60
	1326.60	0.00	11.61	839.55
	1326.61	0.00	11.60	835.53
	1326.62	0.00	11.59	833.52
	1326.64	0.00	11.47	816.52
	1326.65	0.00	11.40	813.55
	1326.66	0.00	11.22	793.62
	1326.67	0.00	11.06	781.68
	1326.68	0.00	10.79	765.83
	1326.69	0.00	10.49	760.06
	1326.70	0.00	10.23	751.24
	1326.71	0.00	10.08	745.36
	1326.73	0.00	10.02	741.36
	1326.74	0.00	9.98	736.38
	1326.75	0.00	9.89	731.40
	1326.76	0.00	9.84	724.43
	1326.77	0.00	9.80	722.45
	1326.78	0.00	9.79	719.45
	1326.80	0.00	9.73	714.47
	1326.81	0.00	9.70	710.46
	1326.82	0.00	9.70	710.46
	1326.83	0.00	9.71	709.44
	1326.84	0.00	9.70	709.45
	1326.85	0.00	9.71	708.43
	1326.86	0.00	9.67	702.43
	1326.88	0.00	9.69	702.40
	1326.89	0.00	9.70	702.38
	1326.90	0.00	9.68	701.40
	1326.91	0.00	9.70	701.38
	1326.92	0.00	9.70	701.38
	1326.94	0.00	9.71	703.38
	1326.95	0.00	9.71	701.36
	1326.96	0.00	9.71	701.36
	1326.97	0.00	9.73	701.35
	1326.98	0.00	9.74	701.34
	1326.99	0.00	9.73	699.35
	1327.00	0.00	9.67	691.33
	1327.01	0.00	9.75	700.32
	1327.03	0.00	9.75	698.31
	1327.04	0.00	9.75	697.30
	1327.05	0.00	9.77	697.27
	1327.06	0.00	9.74	696.30
	1327.07	0.00	9.75	697.30
	1327.08	0.00	9.75	699.30
	1327.09	0.00	9.75	695.30
	1327.11	0.00	9.74	694.30
	1327.12	0.00	9.80	695.24
	1327.13	0.00	9.80	695.23
	1327.14	0.00	9.79	694.24
	1327.15	0.00	9.80	697.24
	1327.16	0.00	9.73	697.32
	1327.18	0.00	9.51	703.62
	1327.19	0.00	9.32	711.86
	1327.20	0.00	8.94	763.18
	1327.21	0.00	8.52	899.38
	1327.22	0.00	8.40	954.51
	1327.23	0.00	8.43	990.55
	1327.25	0.00	8.54	1016.55
	1327.26	0.00	8.61	1031.54
	1327.27	0.00	8.71	1048.54
	1327.28	0.00	8.80	1076.57
	1327.29	0.00	8.89	1104.56
	1327.30	0.00	9.01	1153.58
	1327.31	0.00	9.10	1180.62
	1327.33	0.00	9.15	1196.64
	1327.34	0.00	9.19	1209.64
	1327.35	0.00	9.27	1222.65
	1327.36	0.00	9.36	1231.58
	1327.37	0.00	9.46	1238.53
	1327.39	0.00	9.56	1244.52
	1327.40	0.00	9.65	1240.51
	1327.41	0.00	9.75	1234.52
	1327.42	0.00	9.87	1229.46
	1327.43	0.00	9.99	1226.42
	1327.44	0.00	10.07	1212.39
	1327.45	0.00	10.23	1213.36
	1327.47	0.00	10.28	1196.38
	1327.48	0.00	10.44	1181.33
	1327.49	0.00	10.55	1168.25
	1327.50	0.00	10.70	1160.21
	1327.51	0.00	11.00	1127.12
	1327.52	0.00	11.09	1125.11
	1327.54	0.00	11.20	1120.06
	1327.55	0.00	11.23	1122.96
	1327.56	0.00	11.28	1122.93
	1327.57	0.00	11.30	1123.92
	1327.58	0.00	11.33	1121.86
	1327.59	0.00	11.34	1116.86
	1327.61	0.00	11.39	1116.82
	1327.62	0.00	11.42	1107.79
	1327.63	0.00	11.45	1106.74
	1327.64	0.00	11.48	1092.69
	1327.65	0.00	11.56	1074.52
	1327.67	0.00	11.66	1065.38
	1327.68	0.00	11.70	1055.31
	1327.69	0.00	11.71	1043.27
	1327.70	0.00	11.77	1036.20
	1327.71	0.00	11.82	1037.17
	1327.72	0.00	11.85	1027.13
	1327.73	0.00	11.90	1011.05
	1327.75	0.00	11.92	983.03
	1327.76	0.00	11.93	974.97
	1327.77	0.00	11.89	959.92
	1327.78	0.00	11.92	951.84
	1327.79	0.00	11.97	936.70
	1327.80	0.00	11.92	919.67
	1327.81	0.00	11.87	900.65
	1327.83	0.00	11.75	863.60
	1327.84	0.00	11.68	849.56
	1327.85	0.00	11.73	849.53
	1327.86	0.00	11.71	845.52
	1327.87	0.00	11.64	833.51
	1327.89	0.00	11.65	831.50
	1327.90	0.00	11.56	824.52
	1327.91	0.00	11.38	804.55
	1327.92	0.00	11.13	781.63
	1327.93	0.00	10.83	759.75
	1327.94	0.00	10.45	749.05
	1327.95	0.00	10.19	740.25
	1327.97	0.00	10.07	735.32
	1327.98	0.00	9.99	727.33
	1327.99	0.00	9.96	724.34
	1328.00	0.00	9.93	721.34
	1328.01	0.00	9.91	716.35
	1328.02	0.00	9.86	712.38
	1328.03	0.00	9.85	711.38
	1328.05	0.00	9.79	705.39
	1328.06	0.00	9.77	704.38
	1328.07	0.00	9.79	704.38
	1328.08	0.00	9.77	702.38
	1328.09	0.00	9.75	701.39
	1328.10	0.00	9.74	699.39
	1328.11	0.00	9.72	696.40
	1328.13	0.00	9.71	695.40
	1328.14	0.00	9.69	696.41
	1328.15	0.00	9.69	695.43
	1328.16	0.00	9.71	696.41
	1328.17	0.00	9.71	696.41
	1328.18	0.00	9.71	695.40
	1328.20	0.00	9.72	695.39
	1328.21	0.00	9.72	692.36
	1328.22	0.00	9.71	693.37
	1328.23	0.00	9.71	693.37
	1328.24	0.00	9.73	693.37
	1328.25	0.00	9.72	694.38
	1328.27	0.00	9.75	694.35
	1328.28	0.00	9.77	693.31
	1328.29	0.00	9.76	691.32
	1328.30	0.00	9.76	688.29
	1328.31	0.00	9.75	686.31
	1328.32	0.00	9.72	686.31
	1328.33	0.00	9.73	685.31
	1328.35	0.00	9.76	689.29
	1328.36	0.00	9.80	691.23
	1328.37	0.00	9.78	692.28
	1328.38	0.00	9.82	695.27
	1328.39	0.00	9.84	695.25
	1328.40	0.00	9.85	696.22
	1328.41	0.00	9.85	695.21
	1328.43	0.00	9.85	695.21
	1328.44	0.00	9.63	697.48
	1328.45	0.00	9.51	708.65
	1328.46	0.00	9.17	731.06
	1328.47	0.00	8.69	866.27
	1328.48	0.00	8.53	960.46
	1328.50	0.00	8.60	1015.49
	1328.51	0.00	8.73	1036.48
	1328.52	0.00	8.78	1042.53
	1328.53	0.00	8.86	1049.52
	1328.54	0.00	8.91	1066.55
	1328.55	0.00	8.99	1105.55
	1328.56	0.00	8.98	1114.58
	1328.58	0.00	9.11	1147.60
	1328.59	0.00	9.16	1158.55
	1328.60	0.00	9.22	1175.56
	1328.61	0.00	9.22	1175.58
	1328.62	0.00	9.33	1180.57
	1328.63	0.00	9.37	1178.56
	1328.65	0.00	9.43	1172.54
	1328.66	0.00	9.52	1162.52
	1328.67	0.00	9.59	1155.53
	1328.68	0.00	9.68	1145.49
	1328.69	0.00	9.77	1134.47
	1328.70	0.00	9.87	1122.44
	1328.72	0.00	9.97	1107.42
	1328.73	0.00	10.21	1077.29
	1328.74	0.00	10.39	1039.35
	1328.75	0.00	10.51	1030.31
	1328.76	0.00	10.59	1029.28
	1328.78	0.00	10.66	1031.26
	1328.79	0.00	10.71	1030.20
	1328.80	0.00	10.78	1026.15
	1328.81	0.00	10.79	1011.08
	1328.82	0.00	10.92	1022.01
	1328.83	0.00	11.05	1013.86
	1328.84	0.00	11.13	1004.76
	1328.86	0.00	11.19	995.69
	1328.87	0.00	11.32	988.49
	1328.88	0.00	11.39	983.40
	1328.89	0.00	11.42	978.36
	1328.90	0.00	11.43	967.29
	1328.91	0.00	11.50	936.23
	1328.93	0.00	11.51	939.21
	1328.94	0.00	11.59	941.17
	1328.95	0.00	11.65	934.07
	1328.96	0.00	11.68	928.01
	1328.97	0.00	11.90	927.96
	1328.98	0.00	11.92	914.90
	1329.00	0.00	11.85	888.85
	1329.01	0.00	11.89	870.71
	1329.02	0.00	11.92	868.67
	1329.03	0.00	11.92	866.67
	1329.04	0.00	11.93	865.66
	1329.05	0.00	11.96	861.62
	1329.06	0.00	11.93	854.59
	1329.08	0.00	11.93	848.54
	1329.09	0.00	11.90	846.53
	1329.10	0.00	11.59	818.52
	1329.11	0.00	11.48	805.54
	1329.12	0.00	11.33	795.61
	1329.13	0.00	11.11	779.69
	1329.15	0.00	10.69	756.94
	1329.16	0.00	10.48	750.09
	1329.17	0.00	10.25	743.26
	1329.18	0.00	10.14	735.32
	1329.19	0.00	10.06	726.33
	1329.20	0.00	10.00	719.33
	1329.21	0.00	9.99	718.32
	1329.23	0.00	9.95	716.35
	1329.24	0.00	9.93	713.35
	1329.25	0.00	9.92	711.35
	1329.26	0.00	9.91	709.34
	1329.27	0.00	9.88	706.35
	1329.28	0.00	9.91	709.34
	1329.30	0.00	9.91	707.34
	1329.31	0.00	9.90	707.34
	1329.32	0.00	9.88	703.32
	1329.33	0.00	9.85	701.35
	1329.34	0.00	9.81	697.37
	1329.35	0.00	9.83	698.36
	1329.36	0.00	9.81	696.36
	1329.38	0.00	9.82	694.36
	1329.39	0.00	9.83	694.35
	1329.40	0.00	9.82	695.34
	1329.41	0.00	9.83	696.34
	1329.42	0.00	9.83	691.35
	1329.43	0.00	9.86	693.32
	1329.44	0.00	9.88	695.31
	1329.46	0.00	9.88	694.29
	1329.47	0.00	9.86	692.29
	1329.48	0.00	9.88	691.27
	1329.49	0.00	9.86	690.27
	1329.50	0.00	9.87	689.26
	1329.51	0.00	9.88	690.26
	1329.53	0.00	9.86	690.28
	1329.54	0.00	9.85	688.27
	1329.55	0.00	9.87	690.27
	1329.56	0.00	9.86	690.26
	1329.57	0.00	9.86	687.25
	1329.58	0.00	9.88	688.23
	1329.59	0.00	9.91	688.21
	1329.61	0.00	9.92	687.19
	1329.62	0.00	9.91	688.20
	1329.63	0.00	9.70	691.50
	1329.64	0.00	9.60	696.62
	1329.65	0.00	9.39	707.90
	1329.66	0.00	9.05	748.16
	1329.68	0.00	8.65	873.34
	1329.69	0.00	8.53	940.43
	1329.70	0.00	8.57	974.48
	1329.71	0.00	8.64	1006.54
	1329.72	0.00	8.82	1044.50
	1329.73	0.00	8.91	1044.52
	1329.74	0.00	8.98	1060.51
	1329.76	0.00	9.08	1104.53
	1329.77	0.00	9.14	1125.58
	1329.78	0.00	9.24	1143.56
	1329.79	0.00	9.35	1155.46
	1329.80	0.00	9.46	1167.46
	1329.81	0.00	9.54	1169.45
	1329.83	0.00	9.64	1161.40
	1329.84	0.00	9.74	1152.43
	1329.85	0.00	9.86	1150.42
	1329.86	0.00	9.97	1138.38
	1329.87	0.00	10.15	1121.33
	1329.89	0.00	10.34	1081.37
	1329.90	0.00	10.56	1045.32
	1329.91	0.00	10.68	1037.28
	1329.92	0.00	10.78	1031.20
	1329.93	0.00	10.86	1027.12
	1329.94	0.00	10.94	1021.05
	1329.95	0.00	10.98	1004.91
	1329.97	0.00	11.08	996.78
	1329.98	0.00	11.10	991.75
	1329.99	0.00	11.10	978.73
	1330.00	0.00	11.10	966.68
	1330.01	0.00	11.11	959.66
	1330.02	0.00	11.12	961.66
	1330.04	0.00	11.19	970.66
	1330.05	0.00	11.22	973.66
	1330.06	0.00	11.27	972.60
	1330.07	0.00	11.44	951.43
	1330.08	0.00	11.58	955.31
	1330.09	0.00	11.66	958.25
	1330.10	0.00	11.67	954.22
	1330.12	0.00	11.73	948.19
	1330.13	0.00	11.71	938.17
	1330.14	0.00	11.75	937.13
	1330.15	0.00	11.75	923.04
	1330.16	0.00	12.01	931.00
	1330.17	0.00	11.93	910.01
	1330.19	0.00	11.95	902.97
	1330.20	0.00	11.97	898.93
	1330.21	0.00	11.98	893.89
	1330.22	0.00	11.96	888.87
	1330.23	0.00	11.99	880.80
	1330.24	0.00	11.99	870.75
	1330.26	0.00	11.98	862.68
	1330.27	0.00	11.94	847.66
	1330.28	0.00	11.95	832.54
	1330.29	0.00	11.68	814.51
	1330.30	0.00	11.69	809.48
	1330.31	0.00	11.62	799.48
	1330.32	0.00	11.39	775.53
	1330.34	0.00	11.12	757.64
	1330.35	0.00	10.69	736.93
	1330.36	0.00	10.34	725.23
	1330.37	0.00	10.27	725.28
	1330.38	0.00	10.21	722.32
	1330.39	0.00	10.15	710.31
	1330.41	0.00	10.11	708.32
	1330.42	0.00	10.00	699.34
	1330.43	0.00	9.98	696.34
	1330.44	0.00	9.94	691.35
	1330.45	0.00	9.91	688.35
	1330.46	0.00	9.90	686.34
	1330.47	0.00	9.87	682.33
	1330.49	0.00	9.85	681.35
	1330.50	0.00	9.86	681.34
	1330.51	0.00	9.85	680.34
	1330.52	0.00	9.86	681.35
	1330.53	0.00	9.85	680.35
	1330.54	0.00	9.83	679.36
	1330.56	0.00	9.85	678.34
	1330.57	0.00	9.84	677.34
	1330.58	0.00	9.86	678.33
	1330.59	0.00	9.81	672.33
	1330.60	0.00	9.84	676.32
	1330.61	0.00	9.85	676.32
	1330.62	0.00	9.84	675.32
	1330.64	0.00	9.83	672.30
	1330.65	0.00	9.81	669.30
	1330.66	0.00	9.84	672.29
	1330.67	0.00	9.86	672.27
	1330.68	0.00	9.88	676.27
	1330.69	0.00	9.88	678.28
	1330.70	0.00	9.90	678.26
	1330.72	0.00	9.90	680.27
	1330.73	0.00	9.89	680.26
	1330.74	0.00	9.90	680.25
	1330.75	0.00	9.97	680.16
	1330.76	0.00	9.92	681.23
	1330.77	0.00	9.95	683.22
	1330.79	0.00	9.93	681.22
	1330.80	0.00	9.92	680.22
	1330.81	0.00	9.95	680.19
	1330.82	0.00	9.87	675.21
	1330.83	0.00	9.93	682.21
	1330.84	0.00	9.70	686.53
	1330.85	0.00	9.57	692.71
	1330.87	0.00	9.45	699.87
	1330.88	0.00	9.12	722.17
	1330.89	0.00	8.65	825.36
	1330.90	0.00	8.50	899.44
	1330.91	0.00	8.54	943.45
	1330.92	0.00	8.63	974.48
	1330.94	0.00	8.77	985.49
	1330.95	0.00	8.94	985.47
	1330.96	0.00	9.16	960.47
	1330.97	0.00	9.37	992.38
	1330.98	0.00	9.48	994.39
	1330.99	0.00	9.56	1003.38
	1331.01	0.00	9.66	1004.39
	1331.02	0.00	9.75	995.36
	1331.03	0.00	9.86	1003.37
	1331.04	0.00	10.03	995.38
	1331.05	0.00	10.12	1019.37
	1331.06	0.00	10.24	1026.35
	1331.07	0.00	10.32	1024.35
	1331.09	0.00	10.42	1017.32
	1331.10	0.00	10.67	1020.31
	1331.11	0.00	10.82	1026.28
	1331.12	0.00	10.87	1014.21
	1331.13	0.00	10.95	1000.14
	1331.14	0.00	11.03	964.07
	1331.16	0.00	11.03	954.03
	1331.17	0.00	11.06	947.99
	1331.18	0.00	11.13	940.92
	1331.19	0.00	11.18	933.86
	1331.20	0.00	11.21	930.81
	1331.21	0.00	11.30	931.76
	1331.22	0.00	11.31	925.73
	1331.24	0.00	11.32	925.72
	1331.25	0.00	11.35	926.70
	1331.26	0.00	11.36	922.68
	1331.27	0.00	11.34	916.66
	1331.28	0.00	11.42	921.62
	1331.30	0.00	11.44	923.61
	1331.31	0.00	11.46	924.60
805.64
	1332.08	0.00	10.23	803.70
	1332.09	0.00	10.15	803.81
	1332.11	0.00	10.12	807.86
	1332.12	0.00	10.09	807.91
	1332.13	0.00	10.14	817.88
	1332.14	0.00	10.07	814.94
	1332.15	0.00	10.03	817.01
	1332.16	0.00	10.03	816.03
	1332.18	0.00	9.99	815.06
	1332.19	0.00	9.98	818.09
	1332.20	0.00	9.98	819.11
	1332.21	0.00	10.00	826.12
	1332.22	0.00	9.99	827.13
	1332.23	0.00	9.99	829.13
	1332.25	0.00	9.98	830.13
	1332.26	0.00	9.98	831.14
	1332.27	0.00	9.97	832.16
	1332.28	0.00	9.96	833.16
	1332.29	0.00	9.97	838.17
	1332.30	0.00	9.90	834.20
	1332.31	0.00	9.95	837.17
	1332.33	0.00	9.94	841.19
	1332.34	0.00	9.95	845.21
	1332.35	0.00	9.91	846.25
	1332.36	0.00	9.94	851.22
	1332.37	0.00	9.93	853.21
	1332.38	0.00	9.79	839.27
	1332.40	0.00	9.78	843.31
	1332.41	0.00	9.79	846.32
	1332.42	0.00	9.78	844.30
	1332.43	0.00	9.78	848.32
	1332.44	0.00	9.77	851.36
	1332.45	0.00	9.78	853.34
	1332.46	0.00	9.78	856.39
	1332.48	0.00	9.79	857.39
	1332.49	0.00	9.77	854.38
	1332.50	0.00	9.76	852.37
	1332.51	0.00	9.76	850.36
	1332.52	0.00	9.77	852.37
	1332.53	0.00	9.77	852.37
	1332.55	0.00	9.78	854.38
	1332.56	0.00	9.79	854.39
	1332.57	0.00	9.81	851.38
	1332.58	0.00	9.82	852.39
	1332.59	0.00	9.83	852.38
	1332.60	0.00	9.84	850.34
	1332.61	0.00	9.80	848.38
	1332.63	0.00	9.83	850.38
	1332.64	0.00	9.83	852.38
	1332.65	0.00	9.83	854.39
	1332.66	0.00	9.89	856.28
	1332.67	0.00	9.84	856.39
	1332.68	0.00	9.83	856.39
	1332.70	0.00	9.82	855.39
	1332.71	0.00	9.85	855.34
	1332.72	0.00	9.83	856.39
	1332.73	0.00	9.81	851.36
	1332.74	0.00	9.84	854.35
	1332.75	0.00	9.84	854.35
	1332.76	0.00	9.85	857.36
	1332.78	0.00	9.86	858.35
	1332.79	0.00	9.85	856.35
	1332.80	0.00	9.85	856.35
	1332.81	0.00	9.85	857.37
	1332.82	0.00	9.86	857.35
	1332.83	0.00	9.87	859.36
	1332.84	0.00	9.87	860.36
	1332.86	0.00	9.87	860.36
	1332.87	0.00	9.91	860.35
	1332.88	0.00	9.88	857.36
	1332.89	0.00	9.86	857.37
	1332.90	0.00	9.87	854.36
	1332.92	0.00	9.87	856.38
	1332.93	0.00	9.88	857.36
	1332.94	0.00	9.85	856.37
	1332.95	0.00	9.86	859.37
	1332.96	0.00	9.86	860.37
	1332.97	0.00	9.86	861.37
	1332.98	0.00	9.85	862.37
	1333.00	0.00	9.87	861.37
	1333.01	0.00	9.86	861.37
	1333.02	0.00	9.86	863.38
	1333.03	0.00	9.85	864.38
	1333.04	0.00	9.84	863.38
	1333.05	0.00	9.82	858.34
	1333.06	0.00	9.78	861.43
	1333.08	0.00	9.78	856.35
	1333.09	0.00	9.80	867.42
	1333.10	0.00	9.80	867.42
	1333.11	0.00	9.79	864.36
	1333.12	0.00	9.76	865.42
	1333.13	0.00	9.78	867.42
	1333.15	0.00	9.80	873.44
	1333.16	0.00	9.79	873.44
	1333.17	0.00	9.80	876.44
	1333.18	0.00	9.79	876.43
	1333.19	0.00	9.79	875.45
	1333.20	0.00	9.78	877.45
	1333.21	0.00	9.77	876.45
	1333.23	0.00	9.79	877.45
	1333.24	0.00	9.76	876.47
	1333.25	0.00	9.77	878.46
	1333.26	0.00	9.76	878.46
	1333.27	0.00	9.77	879.46
	1333.28	0.00	9.75	879.46
	1333.30	0.00	9.76	881.47
	1333.31	0.00	9.74	879.46
	1333.32	0.00	9.76	881.46
	1333.33	0.00	9.76	881.46
	1333.34	0.00	9.75	882.48
	1333.35	0.00	9.76	881.46
	1333.36	0.00	9.75	883.46
	1333.38	0.00	9.75	883.47
	1333.39	0.00	9.75	884.47
	1333.40	0.00	9.75	882.47
	1333.41	0.00	9.74	880.47
	1333.42	0.00	9.74	883.47
	1333.43	0.00	9.74	883.47
	1333.44	0.00	9.75	885.47
	1333.46	0.00	9.73	883.48
	1333.47	0.00	9.74	886.47
	1333.48	0.00	9.73	883.47
	1333.49	0.00	9.73	884.47
	1333.50	0.00	9.72	883.47
	1333.52	0.00	9.71	883.50
	1333.53	0.00	9.72	881.47
	1333.54	0.00	9.73	882.47
	1333.55	0.00	9.72	883.47
	1333.56	0.00	9.73	883.45
	1333.57	0.00	9.69	879.47
	1333.58	0.00	9.73	881.47
	1333.60	0.00	9.73	884.46
	1333.61	0.00	9.73	884.46
	1333.62	0.00	9.73	882.47
	1333.63	0.00	9.72	881.46
	1333.64	0.00	9.74	883.46
	1333.65	0.00	9.73	882.46
	1333.66	0.00	9.74	881.45
	1333.68	0.00	9.73	881.45
	1333.69	0.00	9.74	883.46
	1333.70	0.00	9.73	880.46
	1333.71	0.00	9.74	882.45
	1333.72	0.00	9.74	881.45
	1333.73	0.00	9.73	880.46
	1333.75	0.00	9.75	882.45
	1333.76	0.00	9.74	883.45
	1333.77	0.00	9.74	884.46
	1333.78	0.00	9.73	882.46
	1333.79	0.00	9.71	879.46
	1333.80	0.00	9.74	880.46
	1333.81	0.00	9.73	882.45
	1333.83	0.00	9.73	883.46
	1333.84	0.00	9.72	880.46
	1333.85	0.00	9.72	881.45
	1333.86	0.00	9.72	884.46
	1333.87	0.00	9.71	882.46
	1333.88	0.00	9.72	883.46
	1333.90	0.00	9.71	883.47
	1333.91	0.00	9.72	884.46
	1333.92	0.00	9.71	882.46
	1333.93	0.00	9.71	884.46
	1333.94	0.00	9.68	883.46
	1333.95	0.00	9.69	884.48
	1333.96	0.00	9.69	884.46
	1333.98	0.00	9.69	883.46
	1333.99	0.00	9.69	885.46
	1334.00	0.00	9.68	884.46
	1334.01	0.00	9.72	885.38
	1334.02	0.00	9.68	887.47
	1334.03	0.00	9.66	888.47
	1334.05	0.00	9.66	887.47
	1334.06	0.00	9.66	887.47
	1334.07	0.00	9.66	887.47
	1334.08	0.00	9.63	882.47
	1334.09	0.00	9.63	884.48
	1334.10	0.00	9.63	885.48
	1334.11	0.00	9.64	885.48
	1334.13	0.00	9.63	886.49
	1334.14	0.00	9.62	888.49
	1334.15	0.00	9.63	888.48
	1334.16	0.00	9.61	888.49
	1334.17	0.00	9.60	889.50
	1334.18	0.00	9.57	886.50
	1334.19	0.00	9.59	889.49
	1334.21	0.00	9.58	891.48
	1334.22	0.00	9.58	891.47
	1334.23	0.00	9.57	888.46
	1334.24	0.00	9.58	892.47
	1334.25	0.00	9.55	885.46
	1334.26	0.00	9.54	887.46
	1334.28	0.00	9.53	888.46
	1334.29	0.00	9.53	891.47
	1334.30	0.00	9.53	895.48
	1334.31	0.00	9.51	892.47
	1334.32	0.00	9.52	894.47
	1334.33	0.00	9.50	892.47
	1334.34	0.00	9.51	895.48
	1334.36	0.00	9.51	893.47
	1334.37	0.00	9.51	890.43
	1334.38	0.00	9.51	890.44
	1334.39	0.00	9.52	890.45
	1334.40	0.00	9.57	890.36
	1334.42	0.00	9.52	890.46
	1334.43	0.00	9.53	891.46
	1334.44	0.00	9.54	890.44
	1334.45	0.00	9.53	887.42
	1334.46	0.00	9.52	888.44
	1334.47	0.00	9.52	888.46
	1334.48	0.00	9.53	889.46
	1334.50	0.00	9.53	889.46
	1334.51	0.00	9.50	887.46
	1334.52	0.00	9.53	887.42
	1334.53	0.00	9.52	887.43
	1334.54	0.00	9.52	888.44
	1334.55	0.00	9.50	889.44
	1334.56	0.00	9.52	890.43
	1334.58	0.00	9.51	892.45
	1334.59	0.00	9.53	892.45
	1334.60	0.00	9.52	892.46
	1334.61	0.00	9.52	894.45
	1334.62	0.00	9.50	892.46
	1334.63	0.00	9.52	894.46
	1334.65	0.00	9.52	897.47
	1334.66	0.00	9.52	896.47
	1334.67	0.00	9.51	898.48
	1334.68	0.00	9.50	895.47
	1334.69	0.00	9.50	897.48
	1334.70	0.00	9.51	897.48
	1334.71	0.00	9.51	899.48
	1334.73	0.00	9.54	900.43
	1334.74	0.00	9.51	900.48
	1334.75	0.00	9.51	901.48
	1334.76	0.00	9.51	901.49
	1334.77	0.00	9.50	901.50
	1334.78	0.00	9.52	901.49
	1334.80	0.00	9.50	899.49
	1334.81	0.00	9.49	898.50
	1334.82	0.00	9.51	902.50
	1334.83	0.00	9.50	902.52
	1334.84	0.00	9.51	901.50
	1334.85	0.00	9.52	903.49
	1334.86	0.00	9.50	918.50
	1334.88	0.00	9.51	917.50
	1334.89	0.00	9.54	921.47
	1334.90	0.00	9.52	923.50
	1334.91	0.00	9.52	917.50
	1334.92	0.00	9.51	899.50
	1334.93	0.00	9.53	918.51
	1334.94	0.00	9.54	912.49
	1334.96	0.00	9.58	908.48
	1334.97	0.00	9.58	895.47
	1334.98	0.00	9.63	886.44
	1334.99	0.00	9.64	872.41
	1335.00	0.00	9.69	853.38
	1335.02	0.00	9.69	835.34
	1335.03	0.00	9.71	822.30
	1335.04	0.00	9.72	809.25
	1335.05	0.00	9.77	780.09
	1335.06	0.00	9.81	765.99
	1335.07	0.00	9.81	750.92
	1335.08	0.00	9.68	724.89
	1335.10	0.00	9.74	722.81
	1335.11	0.00	9.71	718.83
	1335.12	0.00	9.70	715.80
	1335.13	0.00	9.70	710.76
	1335.14	0.00	9.71	704.70
	1335.15	0.00	9.70	703.67
	1335.17	0.00	9.69	703.67
	1335.18	0.00	9.69	701.67
	1335.19	0.00	9.67	701.67
	1335.20	0.00	9.75	700.56
	1335.21	0.00	9.68	697.63
	1335.22	0.00	9.69	698.63
	1335.23	0.00	9.69	698.62
	1335.25	0.00	9.70	697.61
	1335.26	0.00	9.68	696.62
	1335.27	0.00	9.69	697.62
	1335.28	0.00	9.67	693.61
	1335.29	0.00	9.68	696.63
	1335.30	0.00	9.71	697.60
	1335.31	0.00	9.66	696.67
	1335.33	0.00	9.59	704.82
	1335.34	0.00	9.59	717.91
	1335.35	0.00	9.60	746.05
	1335.36	0.00	9.59	776.24
	1335.37	0.00	9.57	816.41
	1335.39	0.00	9.60	855.49
	1335.40	0.00	9.32	933.56
	1335.41	0.00	9.18	980.61
	1335.42	0.00	9.15	1011.64
	1335.43	0.00	9.06	1038.69
	1335.44	0.00	9.07	1073.64
	1335.45	0.00	9.03	1103.68
	1335.46	0.00	9.06	1133.64
	1335.48	0.00	9.07	1161.68
	1335.49	0.00	9.08	1176.70
	1335.50	0.00	9.15	1207.70
	1335.51	0.00	9.18	1211.71
	1335.52	0.00	9.21	1209.68
	1335.54	0.00	9.28	1212.67
	1335.55	0.00	9.28	1204.66
	1335.56	0.00	9.30	1195.66
	1335.57	0.00	9.36	1187.63
	1335.58	0.00	9.37	1176.63
	1335.59	0.00	9.40	1166.61
	1335.61	0.00	9.40	1158.61
	1335.62	0.00	9.42	1151.62
	1335.63	0.00	9.46	1146.59
	1335.64	0.00	9.51	1147.58
	1335.65	0.00	9.54	1148.58
	1335.66	0.00	9.54	1145.57
	1335.68	0.00	9.57	1147.62
	1335.69	0.00	9.63	1154.57
	1335.70	0.00	9.64	1151.58
	1335.71	0.00	9.65	1156.58
	1335.72	0.00	9.66	1160.59
	1335.73	0.00	9.63	1163.65
	1335.75	0.00	9.64	1163.65
	1335.76	0.00	9.68	1168.65
	1335.77	0.00	9.70	1172.65
	1335.78	0.00	9.70	1173.69
	1335.79	0.00	9.70	1171.66
	1335.80	0.00	9.69	1166.64
	1335.81	0.00	9.70	1166.64
	1335.83	0.00	9.73	1165.63
	1335.84	0.00	9.75	1164.60
	1335.85	0.00	9.75	1164.60
	1335.86	0.00	9.74	1161.61
	1335.87	0.00	9.73	1159.61
	1335.88	0.00	9.71	1156.62
	1335.90	0.00	9.67	1158.66
	1335.91	0.00	9.68	1157.52
	1335.92	0.00	9.63	1152.47
	1335.93	0.00	9.59	1146.43
	1335.94	0.00	9.57	1137.41
	1335.95	0.00	9.54	1124.46
	1335.97	0.00	9.50	1098.48
	1335.98	0.00	9.50	1060.46
	1335.99	0.00	9.55	1035.43
	1336.00	0.00	9.74	970.39
	1336.01	0.00	9.89	919.16
	1336.02	0.00	9.94	887.01
	1336.04	0.00	9.91	866.95
	1336.05	0.00	9.87	845.93
	1336.06	0.00	9.78	824.11
	1336.07	0.00	9.73	777.03
	1336.08	0.00	9.74	748.81
	1336.09	0.00	9.87	730.52
	1336.10	0.00	9.86	723.44
	1336.12	0.00	9.75	724.66
	1336.13	0.00	9.75	721.64
	1336.14	0.00	9.75	721.64
	1336.15	0.00	9.73	719.62
	1336.16	0.00	9.72	715.61
	1336.17	0.00	9.72	712.59
	1336.19	0.00	9.73	712.58
	1336.20	0.00	9.74	711.55
	1336.21	0.00	9.72	711.56
	1336.22	0.00	9.71	710.56
	1336.23	0.00	9.71	711.55
	1336.24	0.00	9.71	710.56
	1336.25	0.00	9.71	708.54
	1336.27	0.00	9.72	709.54
	1336.28	0.00	9.69	706.55
	1336.29	0.00	9.69	707.55
	1336.30	0.00	9.61	706.67
	1336.31	0.00	9.53	706.78
	1336.32	0.00	9.56	709.78
	1336.33	0.00	9.56	708.77
	1336.35	0.00	9.55	708.78
	1336.36	0.00	9.55	704.76
	1336.37	0.00	9.55	704.76
	1336.38	0.00	9.55	704.75
	1336.39	0.00	9.58	702.72
	1336.40	0.00	9.56	701.74
	1336.42	0.00	9.55	701.74
	1336.43	0.00	9.56	703.72
	1336.44	0.00	9.60	703.69
	1336.45	0.00	9.59	700.69
	1336.46	0.00	9.60	701.69
	1336.47	0.00	9.61	700.66
	1336.48	0.00	9.47	705.88
	1336.50	0.00	9.46	709.92
	1336.51	0.00	9.33	714.14
	1336.52	0.00	9.25	723.24
	1336.53	0.00	9.17	737.38
	1336.54	0.00	9.15	761.43
	1336.56	0.00	9.13	786.47
	1336.57	0.00	9.16	822.49
	1336.58	0.00	9.17	850.51
	1336.59	0.00	9.27	871.48
	1336.60	0.00	9.20	912.49
	1336.61	0.00	9.05	982.53
	1336.62	0.00	9.02	1023.57
	1336.64	0.00	9.02	1048.57
	1336.65	0.00	8.96	1076.62
	1336.66	0.00	8.95	1102.66
	1336.67	0.00	8.91	1124.70
	1336.68	0.00	8.88	1137.72
	1336.69	0.00	8.83	1151.77
	1336.71	0.00	8.83	1166.80
	1336.72	0.00	8.87	1170.63
	1336.73	0.00	8.87	1176.61
	1336.74	0.00	8.87	1180.64
	1336.75	0.00	8.85	1175.63
	1336.76	0.00	8.88	1191.62
	1336.78	0.00	8.89	1188.61
	1336.79	0.00	8.90	1186.60
	1336.80	0.00	8.88	1182.63
	1336.81	0.00	8.79	1172.74
	1336.82	0.00	8.78	1168.77
	1336.83	0.00	8.78	1166.80
	1336.85	0.00	8.77	1166.86
	1336.86	0.00	8.80	1169.81
	1336.87	0.00	8.81	1170.76
	1336.88	0.00	8.82	1171.78
	1336.89	0.00	8.83	1169.78
	1336.90	0.00	8.84	1171.80
	1336.92	0.00	8.85	1168.79
	1336.93	0.00	8.88	1162.79
	1336.94	0.00	8.88	1159.79
	1336.95	0.00	8.90	1155.73
	1336.96	0.00	8.93	1156.75
	1336.97	0.00	8.94	1155.75
	1336.98	0.00	8.96	1151.75
	1337.00	0.00	8.98	1151.74
	1337.01	0.00	8.98	1149.75
	1337.02	0.00	8.95	1144.74
	1337.03	0.00	9.00	1148.70
	1337.04	0.00	8.99	1151.77
	1337.06	0.00	8.95	1145.77
	1337.07	0.00	8.98	1147.77
	1337.08	0.00	8.98	1146.76
	1337.09	0.00	8.97	1142.76
	1337.10	0.00	8.96	1141.76
	1337.11	0.00	8.96	1141.73
	1337.13	0.00	8.94	1144.74
	1337.14	0.00	8.93	1147.76
	1337.15	0.00	8.88	1147.84
	1337.16	0.00	8.87	1148.86
	1337.17	0.00	8.84	1139.87
	1337.18	0.00	8.84	1122.85
	1337.19	0.00	8.87	1102.82
	1337.21	0.00	8.93	1082.78
	1337.22	0.00	8.99	1060.74
	1337.23	0.00	9.03	1031.73
	1337.24	0.00	9.08	1003.70
	1337.25	0.00	9.24	957.67
	1337.27	0.00	9.33	914.65
	1337.28	0.00	9.37	887.66
	1337.29	0.00	9.41	871.61
	1337.30	0.00	9.38	852.58
	1337.31	0.00	9.40	828.52
	1337.32	0.00	9.36	796.46
	1337.33	0.00	9.37	791.44
	1337.35	0.00	9.40	776.36
	1337.36	0.00	9.32	750.34
	1337.37	0.00	9.36	739.24
	1337.38	0.00	9.44	729.07
	1337.39	0.00	9.49	725.00
	1337.40	0.00	9.53	725.96
	1337.42	0.00	9.50	724.93
	1337.43	0.00	9.57	719.88
	1337.44	0.00	9.50	718.91
	1337.45	0.00	9.53	717.89
	1337.46	0.00	9.53	716.88
	1337.47	0.00	9.55	716.87
	1337.48	0.00	9.55	716.87
	1337.50	0.00	9.54	716.86
	1337.51	0.00	9.55	714.85
	1337.52	0.00	9.56	716.85
	1337.53	0.00	9.57	716.83
	1337.54	0.00	9.56	714.83
	1337.55	0.00	9.56	714.83
	1337.57	0.00	9.53	711.83
	1337.58	0.00	9.55	715.88
	1337.59	0.00	9.51	718.95
	1337.60	0.00	9.50	722.97
	1337.61	0.00	9.49	726.02
	1337.62	0.00	9.52	735.04
	1337.63	0.00	9.47	739.13
	1337.65	0.00	9.54	761.19
	1337.66	0.00	9.58	777.23
	1337.67	0.00	9.59	784.26
	1337.68	0.00	9.58	788.29
	1337.69	0.00	9.63	801.30
	1337.70	0.00	9.63	811.34
	1337.71	0.00	9.64	820.37
	1337.73	0.00	9.64	826.39
	1337.74	0.00	9.66	837.41
	1337.75	0.00	9.66	844.44
	1337.76	0.00	9.63	851.45
	1337.77	0.00	9.62	858.46
	1337.79	0.00	9.62	868.48
	1337.80	0.00	9.60	874.51
	1337.81	0.00	9.57	877.53
	1337.82	0.00	9.63	879.55
	1337.83	0.00	9.64	885.56
	1337.84	0.00	9.64	888.57
	1337.85	0.00	9.65	896.56
	1337.87	0.00	9.62	904.59
	1337.88	0.00	9.60	911.60
	1337.89	0.00	9.61	912.61
	1337.90	0.00	9.62	916.53
	1337.91	0.00	9.60	918.55
	1337.92	0.00	9.57	929.56
	1337.93	0.00	9.57	935.57
	1337.95	0.00	9.56	941.52
	1337.96	0.00	9.50	950.59
	1337.97	0.00	9.45	965.60
	1337.98	0.00	9.42	974.61
	1337.99	0.00	9.42	984.61
	1338.00	0.00	9.43	991.59
	1338.02	0.00	9.41	994.59
	1338.03	0.00	9.42	997.59
	1338.04	0.00	9.43	1000.58
	1338.05	0.00	9.45	1005.56
	1338.06	0.00	9.48	1009.57
	1338.07	0.00	9.42	1005.58
	1338.08	0.00	9.46	1013.58
	1338.10	0.00	9.46	1016.57
	1338.11	0.00	9.46	1019.57
	1338.12	0.00	9.48	1038.57
	1338.13	0.00	9.47	1038.57
	1338.14	0.00	9.48	1040.60
	1338.16	0.00	9.51	1042.56
	1338.17	0.00	9.50	1020.56
	1338.18	0.00	9.51	1024.56
	1338.19	0.00	9.55	1026.51
	1338.20	0.00	9.52	1025.56
	1338.21	0.00	9.49	1032.57
	1338.22	0.00	9.50	1033.56
	1338.24	0.00	9.48	1032.59
	1338.25	0.00	9.50	1032.56
	1338.26	0.00	9.49	1030.56
	1338.27	0.00	9.48	1026.56
	1338.28	0.00	9.52	1032.56
	1338.29	0.00	9.51	1029.56
	1338.31	0.00	9.50	1026.56
	1338.32	0.00	9.51	1026.56
	1338.33	0.00	9.49	1024.58
	1338.34	0.00	9.49	1023.56
	1338.35	0.00	9.51	1025.54
	1338.36	0.00	9.48	1024.59
	1338.38	0.00	9.48	1022.59
	1338.39	0.00	9.49	1022.60
	1338.40	0.00	9.49	1024.61
	1338.41	0.00	9.50	1044.61
	1338.42	0.00	9.49	1041.62
	1338.43	0.00	9.53	1042.55
	1338.44	0.00	9.52	1037.55
	1338.46	0.00	9.53	1040.56
	1338.47	0.00	9.52	1040.59
	1338.48	0.00	9.53	1039.58
	1338.49	0.00	9.54	1041.58
	1338.50	0.00	9.53	1038.59
	1338.52	0.00	9.54	1036.58
	1338.53	0.00	9.53	1034.59
	1338.54	0.00	9.53	1030.59
	1338.55	0.00	9.51	1025.59
	1338.56	0.00	9.64	1027.36
	1338.57	0.00	9.62	1000.30
	1338.58	0.00	9.64	1000.30
	1338.60	0.00	9.65	997.31
	1338.61	0.00	9.61	988.34
	1338.62	0.00	9.64	990.32
	1338.63	0.00	9.64	987.32
	1338.64	0.00	9.64	985.32
	1338.65	0.00	9.63	984.34
	1338.67	0.00	9.63	979.32
	1338.68	0.00	9.63	976.32
	1338.69	0.00	9.73	968.06
	1338.70	0.00	9.72	962.12
	1338.71	0.00	9.67	957.22
	1338.72	0.00	9.69	949.27
	1338.73	0.00	9.75	945.19
	1338.75	0.00	9.82	930.19
	1338.76	0.00	9.82	925.21
	1338.77	0.00	9.80	924.30
	1338.78	0.00	9.78	918.32
	1338.79	0.00	9.77	913.33
	1338.80	0.00	9.75	904.36
	1338.82	0.00	9.77	899.35
	1338.83	0.00	9.78	899.35
	1338.84	0.00	9.79	896.36
	1338.85	0.00	9.79	889.36
	1338.86	0.00	9.78	886.33
	1338.87	0.00	9.76	882.33
	1338.89	0.00	9.78	883.33
	1338.90	0.00	9.79	875.36
	1338.91	0.00	9.81	870.33
	1338.92	0.00	9.77	864.33
	1338.93	0.00	9.77	879.32
	1338.94	0.00	9.74	859.31
	1338.95	0.00	9.70	860.32
	1338.97	0.00	9.72	878.31
	1338.98	0.00	9.75	881.31
	1338.99	0.00	9.74	875.28
	1339.00	0.00	9.62	862.38
	1339.01	0.00	9.65	858.31
	1339.02	0.00	9.63	856.32
	1339.04	0.00	9.74	867.27
	1339.05	0.00	9.68	860.29
	1339.06	0.00	9.59	832.30
	1339.07	0.00	9.58	830.32
	1339.08	0.00	9.61	833.34
	1339.09	0.00	9.60	831.37
	1339.10	0.00	9.62	828.32
	1339.12	0.00	9.63	826.29
	1339.13	0.00	9.62	824.30
	1339.14	0.00	9.62	826.35
	1339.15	0.00	9.65	828.32
	1339.16	0.00	9.66	827.33
	1339.17	0.00	9.65	827.33
	1339.19	0.00	9.67	826.32
	1339.20	0.00	9.64	822.33
	1339.21	0.00	9.71	822.33
	1339.22	0.00	9.73	820.33
	1339.23	0.00	9.73	820.32
	1339.24	0.00	9.69	821.33
	1339.25	0.00	9.70	822.30
	1339.27	0.00	9.69	819.30
	1339.28	0.00	9.69	817.30
	1339.29	0.00	9.69	811.30
	1339.30	0.00	9.72	814.31
	1339.31	0.00	9.73	815.30
	1339.32	0.00	9.75	815.30
	1339.33	0.00	9.74	816.30
	1339.35	0.00	9.74	813.30
	1339.36	0.00	9.73	809.29
	1339.37	0.00	9.74	810.29
	1339.38	0.00	9.72	808.32
	1339.39	0.00	9.75	810.29
	1339.40	0.00	9.76	809.29
	1339.42	0.00	9.75	808.29
	1339.43	0.00	9.72	801.27
	1339.44	0.00	9.76	804.24
	1339.45	0.00	9.77	805.24
	1339.46	0.00	9.74	800.23
	1339.47	0.00	9.76	803.23
	1339.48	0.00	9.77	805.24
	1339.50	0.00	9.80	808.23
	1339.51	0.00	9.80	808.23
	1339.52	0.00	9.80	808.22
	1339.53	0.00	9.83	805.18
	1339.54	0.00	9.81	807.22
	1339.55	0.00	9.80	807.22
	1339.57	0.00	9.83	804.21
	1339.58	0.00	9.82	806.21
	1339.59	0.00	9.83	808.21
	1339.60	0.00	9.82	809.21
	1339.61	0.00	9.81	808.21
	1339.62	0.00	9.83	809.20
	1339.64	0.00	9.82	809.21
	1339.65	0.00	9.81	809.22
	1339.66	0.00	9.83	808.18
	1339.67	0.00	9.81	808.17
	1339.68	0.00	9.82	811.22
	1339.69	0.00	9.81	813.23
	1339.70	0.00	9.82	812.23
	1339.72	0.00	9.80	813.25
	1339.73	0.00	9.81	809.21
	1339.74	0.00	9.82	813.22
	1339.75	0.00	9.82	814.23
	1339.76	0.00	9.82	813.21
	1339.77	0.00	9.81	813.24
	1339.79	0.00	9.81	813.24
	1339.80	0.00	9.81	814.24
	1339.81	0.00	9.82	817.24
	1339.82	0.00	9.80	819.26
	1339.83	0.00	9.80	818.25
	1339.84	0.00	9.81	818.25
	1339.85	0.00	9.81	821.25
	1339.87	0.00	9.88	824.15
	1339.88	0.00	9.83	827.26
	1339.89	0.00	9.82	828.26
	1339.90	0.00	9.82	826.26
	1339.91	0.00	9.82	828.27
	1339.92	0.00	9.84	833.27
	1339.94	0.00	9.83	832.28
	1339.95	0.00	9.84	834.28
	1339.96	0.00	9.85	838.26
	1339.97	0.00	9.85	837.28
	1339.98	0.00	9.86	838.28
	1339.99	0.00	9.86	839.28
	1340.01	0.00	9.86	839.28
	1340.02	0.00	9.87	840.28
	1340.03	0.00	9.86	838.28
	1340.04	0.00	9.87	840.28
	1340.05	0.00	9.87	839.24
	1340.06	0.00	9.86	838.25
	1340.07	0.00	9.87	841.25
	1340.08	0.00	9.89	842.25
	1340.10	0.00	9.90	842.24
	1340.11	0.00	9.89	842.26
	1340.12	0.00	9.89	844.25
	1340.13	0.00	9.88	841.25
	1340.14	0.00	9.89	845.25
	1340.15	0.00	9.93	846.19
	1340.17	0.00	9.91	847.24
	1340.18	0.00	9.91	845.24
	1340.19	0.00	9.91	847.24
	1340.20	0.00	9.89	846.27
	1340.21	0.00	9.90	848.25
	1340.22	0.00	9.89	846.25
	1340.23	0.00	9.88	843.24
	1340.25	0.00	9.89	847.28
	1340.26	0.00	9.93	848.24
	1340.27	0.00	9.93	852.25
	1340.28	0.00	9.90	846.25
	1340.29	0.00	9.92	850.24
	1340.30	0.00	9.92	849.25
	1340.32	0.00	9.91	849.25
	1340.33	0.00	9.90	847.24
	1340.34	0.00	9.91	849.24
	1340.35	0.00	9.93	851.23
	1340.36	0.00	9.90	843.24
	1340.37	0.00	9.91	849.25
	1340.39	0.00	9.87	844.25
	1340.40	0.00	9.90	843.18
	1340.41	0.00	9.87	844.25
	1340.42	0.00	9.86	846.26
	1340.43	0.00	9.89	849.26
	1340.44	0.00	9.84	847.29
	1340.45	0.00	9.83	844.26
	1340.47	0.00	9.85	846.26
	1340.48	0.00	9.85	847.26
	1340.49	0.00	9.86	847.26
	1340.50	0.00	9.83	845.26
	1340.51	0.00	9.85	846.26
	1340.52	0.00	9.84	847.26
	1340.54	0.00	9.85	847.27
	1340.55	0.00	9.85	847.27
	1340.56	0.00	9.84	848.27
	1340.57	0.00	9.84	848.27
	1340.58	0.00	9.84	847.27
	1340.59	0.00	9.88	848.23
	1340.60	0.00	9.84	848.27
	1340.62	0.00	9.84	847.27
	1340.63	0.00	9.83	844.27
	1340.64	0.00	9.90	845.18
	1340.65	0.00	9.85	846.26
	1340.66	0.00	9.86	844.26
	1340.67	0.00	9.85	843.26
	1340.69	0.00	9.84	844.27
	1340.70	0.00	9.86	843.26
	1340.71	0.00	9.84	844.26
	1340.72	0.00	9.85	843.26
	1340.73	0.00	9.83	841.27
	1340.74	0.00	9.84	844.26
	1340.75	0.00	9.84	843.26
	1340.77	0.00	9.84	843.26
	1340.78	0.00	9.81	843.28
	1340.79	0.00	9.82	843.26
	1340.80	0.00	9.83	843.26
	1340.81	0.00	9.82	841.26
	1340.82	0.00	9.82	842.26
	1340.83	0.00	9.83	843.25
	1340.85	0.00	9.81	841.26
	1340.86	0.00	9.80	840.26
	1340.87	0.00	9.80	839.26
	1340.88	0.00	9.78	839.28
	1340.89	0.00	9.81	840.25
	1340.91	0.00	9.77	834.25
	1340.92	0.00	9.76	832.25
	1340.93	0.00	9.79	836.25
	1340.94	0.00	9.78	835.26
	1340.95	0.00	9.78	835.25
	1340.96	0.00	9.80	835.25
	1340.97	0.00	9.80	835.24
	1340.98	0.00	9.81	835.25
	1341.00	0.00	9.82	837.25
	1341.01	0.00	9.81	834.25
	1341.02	0.00	9.82	833.22
	1341.03	0.00	9.83	836.25
	1341.04	0.00	9.82	834.24
	1341.05	0.00	9.81	833.24
	1341.07	0.00	9.81	834.25
	1341.08	0.00	9.81	832.25
	1341.09	0.00	9.83	834.24
	1341.10	0.00	9.82	833.24
	1341.11	0.00	9.82	831.24
	1341.12	0.00	9.84	833.23
	1341.14	0.00	9.82	830.24
	1341.15	0.00	9.83	832.23
	1341.16	0.00	9.82	831.23
	1341.17	0.00	9.80	829.26
	1341.18	0.00	9.81	830.23
	1341.19	0.00	9.81	828.23
	1341.20	0.00	9.80	827.23
	1341.22	0.00	9.80	829.26
	1341.23	0.00	9.82	828.23
	1341.24	0.00	9.83	827.22
	1341.25	0.00	9.88	828.14
	1341.26	0.00