5.10	0.00	11.17	885.93
	2015.11	0.00	11.19	886.93
	2015.12	0.00	11.21	888.92
	2015.13	0.00	11.20	888.93
	2015.14	0.00	11.22	890.92
	2015.16	0.00	11.23	892.92
	2015.17	0.00	11.22	888.92
	2015.18	0.00	11.22	892.93
	2015.19	0.00	11.24	889.91
	2015.20	0.00	11.23	891.91
	2015.21	0.00	11.24	890.91
	2015.22	0.00	11.27	890.86
	2015.24	0.00	11.24	890.91
	2015.25	0.00	11.23	887.90
	2015.26	0.00	11.23	889.90
	2015.27	0.00	11.20	888.94
	2015.28	0.00	11.18	891.95
	2015.29	0.00	11.15	891.99
	2015.31	0.00	11.14	892.02
	2015.32	0.00	11.08	894.11
	2015.33	0.00	10.97	898.32
	2015.34	0.00	10.79	886.45
	2015.35	0.00	10.82	901.53
	2015.36	0.00	10.95	948.59
	2015.38	0.00	10.97	962.61
	2015.39	0.00	11.08	983.54
	2015.40	0.00	11.16	994.47
	2015.41	0.00	11.21	1005.46
	2015.42	0.00	11.27	1023.47
	2015.43	0.00	11.34	1039.44
	2015.45	0.00	11.33	1049.49
	2015.46	0.00	11.36	1062.52
	2015.47	0.00	11.35	1067.57
	2015.48	0.00	11.38	1078.57
	2015.49	0.00	11.38	1082.59
	2015.50	0.00	11.38	1087.60
	2015.52	0.00	11.39	1078.50
	2015.53	0.00	11.32	1084.66
	2015.54	0.00	11.30	1094.73
	2015.55	0.00	11.29	1090.77
	2015.56	0.00	11.30	1097.81
	2015.57	0.00	11.30	1098.80
	2015.59	0.00	11.21	1080.80
	2015.60	0.00	11.23	1089.83
	2015.61	0.00	11.29	1097.81
	2015.62	0.00	11.29	1098.86
	2015.63	0.00	11.30	1104.86
	2015.64	0.00	11.24	1088.82
	2015.66	0.00	11.32
	2032.76	0.00	10.68	1109.00
	2032.77	0.00	10.68	1101.92
	2032.79	0.00	10.77	1108.81
	2032.80	0.00	10.81	1110.75
	2032.81	0.00	10.81	1111.74
	2032.82	0.00	10.80	1110.75
	2032.83	0.00	10.80	1109.77
	2032.84	0.00	10.81	1111.77
	2032.85	0.00	10.84	1099.57
	2032.87	0.00	10.73	1098.77
	2032.88	0.00	10.67	1096.87
	2032.89	0.00	10.68	1093.90
	2032.90	0.00	10.68	1094.91
	2032.91	0.00	10.68	1095.92
	2032.93	0.00	10.62	1076.87
	2032.94	0.00	10.58	1076.94
	2032.95	0.00	10.58	1074.93
	2032.96	0.00	10.60	1079.95
	2032.97	0.00	10.60	1081.95
	2032.98	0.00	10.62	1084.96
	2033.00	0.00	10.61	1082.97
	2033.01	0.00	10.63	1082.96
	2033.02	0.00	10.62	1085.97
	2033.03	0.00	10.62	1086.97
	2033.04	0.00	10.58	1065.85
	2033.05	0.00	10.62	1083.93
	2033.06	0.00	10.66	1090.94
	2033.08	0.00	10.67	1095.94
	2033.09	0.00	10.66	1091.95
	2033.10	0.00	10.65	1094.96
	2033.11	0.00	10.65	1094.96
	2033.12	0.00	10.64	1085.90
	2033.14	0.00	10.63	1086.92
	2033.15	0.00	10.68	1091.87
	2033.16	0.00	10.63	1092.98
	2033.17	0.00	10.63	1094.99
	2033.18	0.00	10.64	1094.99
	2033.19	0.00	10.63	1092.99
	2033.21	0.00	10.64	1094.99
	2033.22	0.00	10.64	1096.00
	2033.23	0.00	10.63	1094.00
	2033.24	0.00	10.64	1093.97
	2033.25	0.00	10.63	1089.97
	2033.26	0.00	10.65	1093.95
	2033.28	0.00	10.64	1091.94
	2033.29	0.00	10.63	1088.94
	2033.30	0.00	10.63	1092.96
	2033.31	0.00	10.61	1088.95
	2033.32	0.00	10.62	1090.95
	2033.33	0.00	10.61	1090.95
	2033.35	0.00	10.58	1084.96
	2033.36	0.00	10.58	1084.95
	2033.37	0.00	10.59	1087.95
	2033.38	0.00	10.58	1085.95
	2033.39	0.00	10.58	1088.95
	2033.40	0.00		10.91	1109.91
	2044.28	0.00	10.91	1103.90
	2044.29	0.00	10.90	1104.92
	2044.30	0.00	10.92	1104.90
	2044.31	0.00	10.91	1102.90
	2044.32	0.00	10.92	1103.90
	2044.34	0.00	10.92	1101.90
	2044.35	0.00	10.91	1101.91
	2044.36	0.00	10.89	1097.90
	2044.37	0.00	10.91	1101.90
	2044.38	0.00	10.91	1099.89
	2044.40	0.00	10.90	1099.89
	2044.41	0.00	10.90	1100.90
	2044.42	0.00	10.90	1098.90
	2044.43	0.00	10.92	1101.85
	2044.44	0.00	10.88	1101.93
	2044.45	0.00	10.92	1099.85
	2044.47	0.00	10.86	1099.96
	2044.48	0.00	10.86	1100.97
	2044.49	0.00	10.86	1101.97
	2044.50	0.00	10.85	1098.97
	2044.51	0.00	10.88	1099.92
	2044.52	0.00	10.89	1099.92
	2044.54	0.00	10.86	1099.95
	2044.55	0.00	10.87	1100.96
	2044.56	0.00	10.87	1097.96
	2044.57	0.00	10.84	1089.96
	2044.58	0.00	11.01	1096.70
	2044.59	0.00	11.04	1096.69
	2044.61	0.00	11.11	1092.58
	2044.62	0.00	11.07	1089.69
	2044.63	0.00	11.07	1086.68
	2044.64	0.00	11.08	1079.59
	2044.65	0.00	11.12	1073.49
	2044.66	0.00	10.99	1068.68
	2044.68	0.00	10.95	1067.76
	2044.69	0.00	10.96	1058.77
	2044.70	0.00	11.00	1054.77
	2044.71	0.00	11.02	1052.78
	2044.72	0.00	11.02	1049.78
	2044.73	0.00	10.89	1022.79
	2044.75	0.00	10.90	1028.82
	2044.76	0.00	10.90	1031.85
	2044.77	0.00	10.89	1023.86
	2044.78	0.00	10.89	1030.88
	2044.79	0.00	10.90	1036.88
	2044.81	0.00	10.92	1040.88
	2044.82	0.00	10.89	1027.84
	2044.83	0.00	10.96	1030.82
	2044.84	0.00	11.02	1036.82
	2044.85	0.00	11.02	1032.82
	2044.86	0.00	11.03	1033.83
	2044.88	0.00	10.99	1027.84
	2044.89	0.00	10.99	1029.85
	2044.90	0.00	10.96	1025.86
	2044.91	0.00	10.96	1020.8111.11	1027.78
	2056.64	0.00	11.11	1033.79
	2056.65	0.00	11.09	1035.81
	2056.67	0.00	11.00	1013.76
	2056.68	0.00	11.10	1035.76
	2056.69	0.00	11.13	1045.77
	2056.70	0.00	11.14	1044.77
	2056.71	0.00	11.12	1047.79
	2056.72	0.00	11.11	1046.79
	2056.73	0.00	11.10	1048.80
	2056.75	0.00	11.09	1048.81
	2056.76	0.00	11.11	1050.79
	2056.77	0.00	11.11	1051.82
	2056.78	0.00	11.11	1054.83
	2056.79	0.00	11.10	1055.84
	2056.81	0.00	11.10	1052.84
	2056.82	0.00	11.10	1054.84
	2056.83	0.00	11.10	1057.84
	2056.84	0.00	11.09	1057.84
	2056.85	0.00	11.10	1051.80
	2056.86	0.00	11.10	1055.80
	2056.88	0.00	11.13	1057.78
	2056.89	0.00	11.12	1056.79
	2056.90	0.00	11.12	1057.78
	2056.91	0.00	11.12	1058.79
	2056.92	0.00	11.11	1059.80
	2056.93	0.00	11.10	1056.79
	2056.95	0.00	11.10	1054.79
	2056.96	0.00	11.10	1056.78
	2056.97	0.00	11.08	1056.81
	2056.98	0.00	11.12	1057.78
	2056.99	0.00	11.11	1053.78
	2057.00	0.00	11.10	1054.79
	2057.02	0.00	11.06	1049.81
	2057.03	0.00	11.08	1051.79
	2057.04	0.00	11.08	1052.79
	2057.05	0.00	11.08	1049.79
	2057.06	0.00	11.09	1051.77
	2057.07	0.00	11.08	1051.79
	2057.09	0.00	11.09	1053.79
	2057.10	0.00	11.09	1053.79
	2057.11	0.00	11.13	1053.72
	2057.12	0.00	11.07	1052.80
	2057.13	0.00	11.06	1053.83
	2057.15	0.00	11.06	1052.85
	2057.16	0.00	11.05	1055.86
	2057.17	0.00	11.03	1052.86
	2057.18	0.00	11.08	1054.80
	2057.19	0.00	11.08	1055.82
	2057.20	0.00	11.10	1054.77
	2057.22	0.00	11.08	1056.83
	2057.23	0.00	11.08	1058.84
	2057.24	0.00	11.07	1058.84
	2057.25	0.00	11.13	1059.74
	2057.26	0.00	11.22	1060.60
	2057.27	0.00	11.22	1058.59
	2057.29	0.00	11.22	1057.59
	2057.30	0.00	11.22	1055.59
	2057.31	0.00	11.23	1057.60
	2057.32	0.00	11.22	1056.60
	2057.33	0.00	11.21	1057.61
	2057.34	0.00	11.23	1044.46
	2057.36	0.00	11.15	1045.62
	2057.37	0.00	11.11	1046.69
	2057.38	0.00	11.11	1043.72
	2057.39	0.00	11.07	1036.75
	2057.40	0.00	11.10	1042.75
	2057.41	0.00	11.11	1043.75
	2057.43	0.00	10.97	1020.77
	2057.44	0.00	11.00	1028.79
	2057.45	0.00	11.02	1031.80
	2057.46	0.00	11.03	1033.81
	2057.47	0.00	11.05	1034.82
	2057.48	0.00	11.04	1035.82
	2057.50	0.00	11.05	1038.82
	2057.51	0.00	11.05	1038.82
	2057.52	0.00	11.05	1039.81
	2057.53	0.00	11.03	1029.77
	2057.54	0.00	11.10	1045.78
	2057.55	0.00	11.11	1049.79
	2057.57	0.00	11.09	1047.81
	2057.58	0.00	11.09	1046.81
	2057.59	0.00	11.10	1048.80
	2057.60	0.00	11.09	1047.81
	2057.61	0.00	11.10	1047.80
	2057.62	0.00	11.09	1048.81
	2057.64	0.00	11.09	1049.83
	2057.65	0.00	11.09	1050.84
	2057.66	0.00	11.10	1050.85
	2057.67	0.00	11.11	1051.84
	2057.68	0.00	11.11	1049.84
	2057.70	0.00	11.11	1049.84
	2057.71	0.00	11.12	1049.81
	2057.72	0.00	11.08	1043.81
	2057.73	0.00	11.12	1047.79
	2057.74	0.00	11.13	1048.79
	2057.75	0.00	11.19	1048.69
	2057.77	0.00	11.14	1049.78
	2057.78	0.00	11.13	1047.78
	2057.79	0.00	11.09	1040.78
	2057.80	0.00	11.12	1043.77
	2057.81	0.00	11.14	1047.78
	2057.82	0.00	11.12	1042.77
	2057.84	0.00	11.12	1041.77
	2057.85	0.00	11.13	1041.77
	2057.86	0.00	11.14	1043.77
	2057.87	0.00	11.12	1040.77
	2057.88	0.00	11.09	1033.77
	2057.89	0.00	11.11	1036.78
	2057.91	0.00	11.11	1037.77
	2057.92	0.00	11.12	1039.77
	2057.93	0.00	1.73
	2060.45	0.00	11.14	1018.73
	2060.46	0.00	11.15	1019.73
	2060.47	0.00	11.14	1017.72
	2060.48	0.00	11.14	1016.73
	2060.49	0.00	11.14	1016.73
	2060.51	0.00	11.12	1012.73
	2060.52	0.00	11.11	1012.75
	2060.53	0.00	11.13	1016.73
	2060.54	0.00	11.13	1013.73
	2060.55	0.00	11.13	1015.73
	2060.56	0.00	11.14	1014.71
	2060.58	0.00	11.18	1018.68
	2060.59	0.00	11.14	1013.71
	2060.60	0.00	11.11	1014.76
	2060.61	0.00	11.12	1016.76
	2060.62	0.00	11.11	1015.79
	2060.63	0.00	11.10	1017.80
	2060.65	0.00	11.10	1018.80
	2060.66	0.00	11.13	1017.74
	2060.67	0.00	11.13	1019.75
	2060.68	0.00	11.13	1019.77
	2060.69	0.00	11.12	1018.78
	2060.70	0.00	11.13	1020.77
	2060.72	0.00	11.07	1012.79
	2060.73	0.00	11.13	1013.69
	2060.74	0.00	11.27	1023.53
	2060.75	0.00	11.25	1022.56
	2060.76	0.00	11.29	1026.53
	2060.78	0.00	11.27	1024.54
	2060.79	0.00	11.27	1022.55
	2060.80	0.00	11.32	1022.46
	2060.81	0.00	11.31	1022.47
	2060.82	0.00	11.27	1011.44
	2060.83	0.00	11.21	1012.56
	2060.85	0.00	11.17	1012.62
	2060.86	0.00	11.14	1008.62
	2060.87	0.00	11.15	1007.66
	2060.88	0.00	11.15	1007.67
	2060.89	0.00	11.16	1011.68
	2060.90	0.00	11.07	990.67
	2060.92	0.00	11.04	990.71
	2060.93	0.00	11.05	994.73
	2060.94	0.00	11.06	998.73
	2060.95	0.00	11.04	994.73
	2060.96	0.00	11.06	998.74
	2060.97	0.00	11.07	999.75
	2060.99	0.00	11.07	1000.78
	2061.00	0.00	11.10	1002.76
	2061.01	0.00	11.10	1005.76
	2061.02	0.00	11.10	1006.76
	2061.03	0.00	11.08	1008.79
	2061.04	0.00	11.08	1007.77
	2061.06	0.00	11.00	987.72
	2061.07	0.00	11.06	999.72
	2061.08	0.00	11.17	1010.63
	2061.09	0.00	11.15083.70
	2076.17	0.00	12.32	1077.70
	2076.19	0.00	12.31	1061.70
	2076.20	0.00	12.29	1051.68
	2076.21	0.00	12.29	1043.64
	2076.22	0.00	12.26	1025.57
	2076.23	0.00	12.29	1023.55
	2076.25	0.00	12.33	1026.52
	2076.26	0.00	12.28	1019.52
	2076.27	0.00	12.33	1015.43
	2076.28	0.00	12.33	1017.42
	2076.29	0.00	12.46	1034.37
	2076.30	0.00	12.57	1040.27
	2076.31	0.00	12.90	1059.10
	2076.33	0.00	12.95	1060.06
	2076.34	0.00	12.97	1064.06
	2076.35	0.00	13.02	1064.06
	2076.36	0.00	13.09	1070.05
	2076.37	0.00	13.18	1074.02
	2076.39	0.00	13.24	1074.00
	2076.40	0.00	13.32	1084.99
	2076.41	0.00	13.38	1087.98
	2076.42	0.00	13.44	1088.93
	2076.43	0.00	13.52	1092.86
	2076.44	0.00	13.60	1100.82
	2076.45	0.00	13.67	1098.74
	2076.47	0.00	13.72	1099.67
	2076.48	0.00	13.73	1095.66
	2076.49	0.00	13.70	1097.66
	2076.50	0.00	13.47	1054.68
	2076.51	0.00	13.31	1046.74
	2076.52	0.00	12.68	993.94
	2076.54	0.00	12.42	955.05
	2076.55	0.00	12.23	942.16
	2076.56	0.00	11.95	935.44
	2076.57	0.00	11.68	926.72
	2076.58	0.00	11.57	922.85
	2076.59	0.00	11.58	918.80
	2076.61	0.00	11.54	912.82
	2076.62	0.00	11.48	902.80
	2076.63	0.00	11.48	901.80
	2076.64	0.00	11.47	900.80
	2076.65	0.00	11.47	901.81
	2076.66	0.00	11.47	899.82
	2076.68	0.00	11.45	898.83
	2076.69	0.00	11.45	895.81
	2076.70	0.00	11.42	889.80
	2076.71	0.00	11.34	879.82
	2076.72	0.00	11.42	891.81
	2076.73	0.00	11.41	893.85
	2076.75	0.00	11.41	896.87
	2076.76	0.00	11.42	896.86
	2076.77	0.00	11.43	896.84
	2076.78	0.00	11.43	893.82
	2076.79	0.00	11.45	898.83
	2076.80	0.00	11.46	897.80
	2076.82	0.00	11.48	903.82
	2076.83	0.00	11.48	902.82
	2076.84	0.00	11.46	900.83
	2076.85	0.00	11.48	903.81
	2076.86	0.00	11.48	904.82
	2076.87	0.00	11.47	901.82
	2076.89	0.00	11.48	902.82
	2076.90	0.00	11.46	902.83
	2076.91	0.00	11.48	903.83
	2076.92	0.00	11.49	905.83
	2076.93	0.00	11.47	902.83
	2076.94	0.00	11.47	900.82
	2076.95	0.00	11.47	901.83
	2076.97	0.00	11.47	901.83
	2076.98	0.00	11.47	901.83
	2076.99	0.00	11.46	899.83
	2077.00	0.00	11.48	901.81
	2077.01	0.00	11.47	901.82
	2077.02	0.00	11.52	901.78
	2077.04	0.00	11.48	900.80
	2077.05	0.00	11.51	900.78
	2077.06	0.00	11.52	900.76
	2077.07	0.00	11.52	899.75
	2077.08	0.00	11.14	906.28
	2077.09	0.00	10.69	933.84
	2077.11	0.00	10.25	1027.19
	2077.12	0.00	10.06	1122.31
	2077.13	0.00	10.03	1160.23
	2077.14	0.00	10.10	1193.18
	2077.15	0.00	10.16	1215.17
	2077.16	0.00	10.25	1253.18
	2077.17	0.00	10.33	1296.23
	2077.19	0.00	10.43	1322.25
	2077.20	0.00	10.55	1344.24
	2077.21	0.00	10.67	1359.23
	2077.22	0.00	10.75	1358.24
	2077.23	0.00	10.82	1350.26
	2077.25	0.00	10.92	1333.22
	2077.26	0.00	11.03	1320.21
	2077.27	0.00	11.10	1307.19
	2077.28	0.00	11.22	1285.11
	2077.29	0.00	11.33	1268.04
	2077.30	0.00	11.43	1244.97
	2077.32	0.00	11.48	1223.96
	2077.33	0.00	11.53	1197.92
	2077.34	0.00	11.57	1177.86
	2077.35	0.00	11.61	1163.82
	2077.36	0.00	11.64	1150.78
	2077.37	0.00	11.66	1137.72
	2077.39	0.00	11.67	1127.66
	2077.40	0.00	11.69	1121.62
	2077.41	0.00	11.67	1114.64
	2077.42	0.00	11.61	1099.67
	2077.43	0.00	11.61	1092.67
	2077.45	0.00	11.63	1087.64
	2077.46	0.00	11.73	1084.52
	2077.47	0.00	11.78	1087.49
	2077.48	0.00	11.83	1084.43
	2077.49	0.00	11.93	1086.33
	2077.50	0.00	12.06	1087.20
	2077.52	0.00	12.14	1087.09
	2077.53	0.00	12.33	1080.81
	2077.54	0.00	12.43	1083.70
	2077.55	0.00	12.46	1080.64
	2077.56	0.00	12.53	1078.55
	2077.57	0.00	12.54	1069.52
	2077.59	0.00	12.84	1098.47
	2077.60	0.00	12.85	1070.42
	2077.61	0.00	12.94	1056.32
	2077.62	0.00	13.05	1061.20
	2077.63	0.00	13.14	1049.06
	2077.64	0.00	13.15	1039.02
	2077.66	0.00	13.07	1023.98
	2077.67	0.00	13.08	1016.94
	2077.68	0.00	13.09	1005.87
	2077.69	0.00	13.13	1019.84
	2077.70	0.00	12.80	980.84
	2077.71	0.00	12.63	965.96
	2077.72	0.00	12.42	934.03
	2077.74	0.00	12.16	906.13
	2077.75	0.00	12.01	914.34
	2077.76	0.00	11.62	905.77
	2077.77	0.00	11.38	877.87
	2077.78	0.00	11.29	869.94
	2077.79	0.00	11.27	868.93
	2077.81	0.00	11.24	863.93
	2077.82	0.00	11.24	864.92
	2077.83	0.00	11.24	865.92
	2077.84	0.00	11.29	871.90
	2077.85	0.00	11.35	885.93
	2077.86	0.00	11.36	884.92
	2077.88	0.00	11.37	885.92
	2077.89	0.00	11.36	885.92
	2077.90	0.00	11.35	879.90
	2077.91	0.00	11.26	864.90
	2077.92	0.00	11.30	871.90
	2077.93	0.00	11.35	877.87
	2077.95	0.00	11.39	882.86
	2077.96	0.00	11.40	880.83
	2077.97	0.00	11.43	886.84
	2077.98	0.00	11.46	889.80
	2077.99	0.00	11.48	899.85
	2078.00	0.00	11.47	898.86
	2078.02	0.00	11.49	900.84
	2078.03	0.00	11.51	901.83
	2078.04	0.00	11.57	905.79
	2078.05	0.00	11.55	905.77
	2078.06	0.00	11.57	903.76
	2078.07	0.00	11.55	906.78
	2078.09	0.00	11.54	910.78
	2078.10	0.00	11.52	907.79
	2078.11	0.00	11.53	909.79
	2078.12	0.00	11.54	911.79
	2078.13	0.00	11.56	910.75
	2078.14	0.00	11.62	913.69
	2078.15	0.00	11.62	914.71
	2078.17	0.00	11.60	911.72
	2078.18	0.00	11.60	916.74
	2078.19	0.00	11.59	914.75
	2078.20	0.00	11.57	911.75
	2078.21	0.00	11.27	918.16
	2078.22	0.00	10.80	944.76
	2078.24	0.00	10.30	1037.22
	2078.25	0.00	9.90	1141.51
	2078.26	0.00	9.74	1195.63
	2078.27	0.00	9.73	1221.60
	2078.28	0.00	9.95	1261.50
	2078.29	0.00	10.07	1279.43
	2078.31	0.00	10.15	1312.42
	2078.32	0.00	10.33	1359.43
	2078.33	0.00	10.52	1384.41
	2078.34	0.00	10.65	1399.39
	2078.35	0.00	10.74	1409.40
	2078.36	0.00	10.82	1410.39
	2078.38	0.00	10.92	1397.33
	2078.39	0.00	10.99	1386.35
	2078.40	0.00	11.03	1366.31
	2078.41	0.00	11.09	1353.28
	2078.42	0.00	11.13	1339.26
	2078.44	0.00	11.11	1291.24
	2078.45	0.00	11.19	1289.24
	2078.46	0.00	11.23	1270.20
	2078.47	0.00	11.22	1250.17
	2078.48	0.00	11.23	1236.16
	2078.49	0.00	11.21	1222.13
	2078.50	0.00	11.16	1206.13
	2078.52	0.00	11.17	1201.10
	2078.53	0.00	11.19	1199.07
	2078.54	0.00	11.23	1192.05
	2078.55	0.00	11.26	1193.03
	2078.56	0.00	11.30	1189.01
	2078.58	0.00	11.36	1185.98
	2078.59	0.00	11.37	1180.00
	2078.60	0.00	11.44	1174.97
	2078.61	0.00	11.50	1173.95
	2078.62	0.00	11.55	1167.92
	2078.63	0.00	11.63	1158.82
	2078.65	0.00	11.75	1151.71
	2078.66	0.00	11.84	1142.61
	2078.67	0.00	12.01	1122.35
	2078.68	0.00	12.15	1124.24
	2078.69	0.00	12.43	1121.86
	2078.70	0.00	12.47	1121.84
	2078.72	0.00	12.75	1131.69
	2078.73	0.00	12.87	1135.62
	2078.74	0.00	12.95	1132.57
	2078.75	0.00	13.02	1106.44
	2078.76	0.00	13.20	1118.25
	2078.77	0.00	13.30	1108.10
	2078.79	0.00	13.35	1101.03
	2078.80	0.00	13.37	1086.94
	2078.81	0.00	13.37	1074.90
	2078.82	0.00	13.35	1055.83
	2078.83	0.00	13.40	1043.70
	2078.84	0.00	13.23	1028.72
	2078.86	0.00	12.89	992.77
	2078.87	0.00	12.59	971.98
	2078.88	0.00	12.35	955.11
	2078.89	0.00	12.06	943.31
	2078.90	0.00	11.56	922.79
	2078.91	0.00	11.44	912.87
	2078.93	0.00	11.47	906.78
	2078.94	0.00	11.47	903.76
	2078.95	0.00	11.52	903.71
	2078.96	0.00	11.51	909.77
	2078.97	0.00	11.50	904.77
	2078.98	0.00	11.49	906.76
	2079.00	0.00	11.51	906.74
	2079.01	0.00	11.51	903.71
	2079.02	0.00	11.52	899.67
	2079.03	0.00	11.56	913.71
	2079.04	0.00	11.57	912.70
	2079.05	0.00	11.57	913.70
	2079.07	0.00	11.57	914.71
	2079.08	0.00	11.59	913.68
	2079.09	0.00	11.62	904.56
	2079.10	0.00	11.62	903.56
	2079.11	0.00	11.62	905.57
	2079.12	0.00	11.65	905.54
	2079.13	0.00	11.66	908.54
	2079.15	0.00	11.65	909.56
	2079.16	0.00	11.61	910.62
	2079.17	0.00	11.62	915.65
	2079.18	0.00	11.58	911.67
	2079.19	0.00	11.60	907.68
	2079.20	0.00	11.58	906.71
	2079.22	0.00	11.54	906.76
	2079.23	0.00	11.54	907.76
	2079.24	0.00	11.54	906.76
	2079.25	0.00	11.54	908.76
	2079.26	0.00	11.56	908.72
	2079.27	0.00	11.53	908.77
	2079.29	0.00	11.54	908.76
	2079.30	0.00	11.54	907.74
	2079.31	0.00	11.56	908.74
	2079.32	0.00	11.55	907.73
	2079.33	0.00	11.57	910.73
	2079.34	0.00	11.58	908.71
	2079.35	0.00	11.61	910.69
	2079.37	0.00	11.00	924.53
	2079.38	0.00	10.49	984.04
	2079.39	0.00	9.92	1124.56
	2079.40	0.00	9.67	1203.72
	2079.41	0.00	9.68	1237.73
	2079.43	0.00	9.82	1235.64
	2079.44	0.00	9.89	1225.55
	2079.45	0.00	9.91	1242.55
	2079.46	0.00	9.82	1265.50
	2079.47	0.00	10.18	1346.49
	2079.48	0.00	10.30	1367.47
	2079.50	0.00	10.40	1384.47
	2079.51	0.00	10.51	1389.43
	2079.52	0.00	10.63	1381.39
	2079.53	0.00	10.72	1357.33
	2079.54	0.00	10.82	1326.28
	2079.55	0.00	10.91	1295.22
	2079.57	0.00	10.99	1264.15
	2079.58	0.00	11.06	1240.16
	2079.59	0.00	11.09	1199.15
	2079.60	0.00	11.19	1167.11
	2079.61	0.00	11.30	1137.98
	2079.62	0.00	11.31	1118.00
	2079.64	0.00	11.42	1077.85
	2079.65	0.00	11.51	1061.69
	2079.66	0.00	11.65	1059.53
	2079.67	0.00	11.77	1052.34
	2079.68	0.00	11.86	1051.27
	2079.69	0.00	11.89	1047.20
	2079.71	0.00	11.93	1046.15
	2079.72	0.00	11.96	1045.12
	2079.73	0.00	12.04	1046.05
	2079.74	0.00	12.06	1051.03
	2079.75	0.00	12.09	1048.99
	2079.76	0.00	12.11	1050.98
	2079.78	0.00	12.16	1047.90
	2079.79	0.00	12.32	1052.70
	2079.80	0.00	12.39	1049.60
	2079.81	0.00	12.41	1044.57
	2079.82	0.00	12.45	1041.53
	2079.84	0.00	12.46	1035.50
	2079.85	0.00	12.50	1037.46
	2079.86	0.00	12.50	1035.45
	2079.87	0.00	12.49	1038.44
	2079.88	0.00	12.52	1034.39
	2079.89	0.00	12.60	1025.23
	2079.90	0.00	12.65	1025.16
	2079.92	0.00	12.66	1016.11
	2079.93	0.00	12.73	1016.04
	2079.94	0.00	12.82	1010.93
	2079.95	0.00	12.88	1007.86
	2079.96	0.00	12.88	1005.83
	2079.97	0.00	12.82	999.85
	2079.99	0.00	12.64	999.04
	2080.00	0.00	12.45	985.13
	2080.01	0.00	12.15	975.44
	2080.02	0.00	11.78	967.87
	2080.03	0.00	11.61	959.04
	2080.04	0.00	11.50	926.99
	2080.06	0.00	11.46	920.98
	2080.07	0.00	11.44	918.00
	2080.08	0.00	11.43	915.98
	2080.09	0.00	11.40	909.97
	2080.10	0.00	11.42	908.95
	2080.11	0.00	11.38	904.97
	2080.13	0.00	11.46	903.87
	2080.14	0.00	11.41	900.92
	2080.15	0.00	11.40	902.94
	2080.16	0.00	11.40	900.93
	2080.17	0.00	11.37	898.95
	2080.18	0.00	11.37	902.96
	2080.20	0.00	11.38	900.95
	2080.21	0.00	11.40	903.95
	2080.22	0.00	11.38	902.96
	2080.23	0.00	11.40	905.94
	2080.24	0.00	11.40	903.95
	2080.25	0.00	11.40	904.96
	2080.27	0.00	11.39	904.97
	2080.28	0.00	11.43	910.96
	2080.29	0.00	11.40	905.96
	2080.30	0.00	11.39	905.95
	2080.31	0.00	11.38	906.97
	2080.32	0.00	11.43	903.94
	2080.33	0.00	11.40	903.94
	2080.35	0.00	11.40	904.94
	2080.36	0.00	11.47	904.84
	2080.37	0.00	11.43	903.89
	2080.38	0.00	11.48	908.87
	2080.39	0.00	11.46	905.86
	2080.40	0.00	11.42	904.91
	2080.42	0.00	11.44	905.90
	2080.43	0.00	11.46	904.86
	2080.44	0.00	11.49	905.84
	2080.45	0.00	11.48	903.83
	2080.46	0.00	11.48	903.83
	2080.47	0.00	11.49	901.82
	2080.49	0.00	11.50	903.83
	2080.50	0.00	11.48	898.83
	2080.51	0.00	11.49	897.81
	2080.52	0.00	11.48	894.80
	2080.53	0.00	11.08	911.34
	2080.54	0.00	10.65	955.89
	2080.56	0.00	10.10	1069.36
	2080.57	0.00	9.93	1129.51
	2080.58	0.00	9.90	1167.52
	2080.59	0.00	10.07	1232.47
	2080.60	0.00	10.11	1246.44
	2080.61	0.00	10.18	1279.48
	2080.62	0.00	10.26	1311.46
	2080.64	0.00	10.42	1351.33
	2080.65	0.00	10.60	1388.29
	2080.66	0.00	10.69	1406.30
	2080.67	0.00	10.78	1419.31
	2080.68	0.00	10.85	1417.29
	2080.70	0.00	10.85	1405.38
	2080.71	0.00	10.90	1387.40
	2080.72	0.00	10.92	1380.41
	2080.73	0.00	10.93	1360.38
	2080.74	0.00	10.95	1346.37
	2080.75	0.00	10.98	1317.31
	2080.77	0.00	11.01	1295.28
	2080.78	0.00	11.04	1263.24
	2080.79	0.00	11.09	1236.17
	2080.80	0.00	11.12	1212.14
	2080.81	0.00	11.15	1193.11
	2080.82	0.00	11.18	1173.09
	2080.84	0.00	11.28	1156.98
	2080.85	0.00	11.35	1155.99
	2080.86	0.00	11.39	1144.96
	2080.87	0.00	11.50	1131.89
	2080.88	0.00	11.59	1118.81
	2080.90	0.00	11.65	1109.75
	2080.91	0.00	11.75	1107.65
	2080.92	0.00	11.86	1103.49
	2080.93	0.00	11.93	1102.40
	2080.94	0.00	12.09	1105.27
	2080.95	0.00	12.19	1100.15
	2080.96	0.00	12.25	1097.04
	2080.98	0.00	12.27	1095.02
	2080.99	0.00	12.20	1072.02
	2081.00	0.00	12.28	1068.91
	2081.01	0.00	12.28	1067.93
	2081.02	0.00	12.39	1064.75
	2081.04	0.00	12.47	1061.62
	2081.05	0.00	12.73	1078.53
	2081.06	0.00	12.80	1072.41
	2081.07	0.00	12.96	1071.24
	2081.08	0.00	12.97	1066.20
	2081.09	0.00	13.00	1057.13
	2081.10	0.00	13.06	1053.06
	2081.12	0.00	13.05	1043.04
	2081.13	0.00	13.06	1040.00
	2081.14	0.00	13.10	1041.96
	2081.15	0.00	13.15	1040.90
	2081.16	0.00	13.15	1036.88
	2081.18	0.00	12.89	1009.85
	2081.19	0.00	12.83	1005.89
	2081.20	0.00	12.66	993.00
	2081.21	0.00	12.41	959.07
	2081.22	0.00	12.28	941.10
	2081.23	0.00	12.09	928.25
	2081.25	0.00	11.72	921.68
	2081.26	0.00	11.52	914.91
	2081.27	0.00	11.43	894.87
	2081.28	0.00	11.42	892.86
	2081.29	0.00	11.42	891.85
	2081.30	0.00	11.40	887.86
	2081.31	0.00	11.41	888.86
	2081.33	0.00	11.41	887.85
	2081.34	0.00	11.42	889.85
	2081.35	0.00	11.45	891.83
	2081.36	0.00	11.46	894.83
	2081.37	0.00	11.47	896.83
	2081.38	0.00	11.47	895.83
	2081.40	0.00	11.48	895.82
	2081.41	0.00	11.49	895.80
	2081.42	0.00	11.50	895.78
	2081.43	0.00	11.52	896.78
	2081.44	0.00	11.53	898.78
	2081.45	0.00	11.53	898.79
	2081.47	0.00	11.55	900.78
	2081.48	0.00	11.53	897.78
	2081.49	0.00	11.56	903.78
	2081.50	0.00	11.55	903.78
	2081.51	0.00	11.49	890.76
	2081.52	0.00	11.55	894.75
	2081.53	0.00	11.54	896.75
	2081.55	0.00	11.54	896.75
	2081.56	0.00	11.53	895.75
	2081.57	0.00	11.52	894.74
	2081.58	0.00	11.54	895.74
	2081.59	0.00	11.55	895.73
	2081.60	0.00	11.56	896.72
	2081.62	0.00	11.56	895.73
	2081.63	0.00	11.56	896.72
	2081.64	0.00	11.57	894.71
	2081.65	0.00	11.57	895.71
	2081.66	0.00	11.55	894.72
	2081.67	0.00	11.58	895.70
	2081.68	0.00	11.59	895.68
	2081.70	0.00	11.61	897.67
	2081.71	0.00	11.63	898.66
	2081.72	0.00	11.73	913.63
	2081.73	0.00	11.75	915.63
	2081.74	0.00	11.40	923.09
	2081.75	0.00	10.89	952.72
	2081.77	0.00	10.35	1054.21
	2081.78	0.00	9.94	1152.55
	2081.79	0.00	9.82	1204.64
	2081.80	0.00	9.80	1217.60
	2081.81	0.00	9.85	1219.52
	2081.82	0.00	9.92	1222.48
	2081.84	0.00	9.97	1261.54
	2081.85	0.00	10.10	1323.54
	2081.86	0.00	10.24	1356.55
	2081.87	0.00	10.35	1370.51
	2081.88	0.00	10.43	1384.50
	2081.89	0.00	10.50	1385.50
	2081.91	0.00	10.60	1389.41
	2081.92	0.00	10.62	1378.49
	2081.93	0.00	10.67	1360.45
	2081.94	0.00	10.71	1339.42
	2081.95	0.00	10.77	1320.37
	2081.97	0.00	10.87	1299.26
	2081.98	0.00	10.90	1274.20
	2081.99	0.00	10.99	1260.17
	2082.00	0.00	11.07	1241.13
	2082.01	0.00	11.13	1218.10
	2082.02	0.00	11.13	1193.16
	2082.04	0.00	11.23	1182.12
	2082.05	0.00	11.29	1164.08
	2082.06	0.00	11.37	1155.02
	2082.07	0.00	11.43	1144.94
	2082.08	0.00	11.51	1136.87
	2082.09	0.00	11.64	1124.70
	2082.11	0.00	11.70	1124.66
	2082.12	0.00	11.75	1121.61
	2082.13	0.00	11.85	1121.49
	2082.14	0.00	11.96	1122.36
	2082.15	0.00	12.06	1125.25
	2082.16	0.00	12.20	1125.08
	2082.18	0.00	12.32	1106.85
	2082.19	0.00	12.36	1105.80
	2082.20	0.00	12.38	1102.75
	2082.21	0.00	12.41	1100.73
	2082.22	0.00	12.47	1095.64
	2082.23	0.00	12.45	1087.64
	2082.25	0.00	12.42	1061.58
	2082.26	0.00	12.44	1058.60
	2082.27	0.00	12.58	1054.41
	2082.28	0.00	12.63	1052.32
	2082.29	0.00	12.62	1046.32
	2082.31	0.00	12.75	1045.16
	2082.32	0.00	12.76	1041.12
	2082.33	0.00	12.78	1040.10
	2082.34	0.00	12.80	1036.06
	2082.35	0.00	12.80	1034.04
	2082.36	0.00	12.81	1028.01
	2082.37	0.00	12.87	1025.95
	2082.39	0.00	12.92	1025.90
	2082.40	0.00	12.91	1018.89
	2082.41	0.00	12.98	1018.82
	2082.42	0.00	12.99	1012.77
	2082.43	0.00	12.98	1008.77
	2082.44	0.00	12.91	999.77
	2082.46	0.00	12.74	984.88
	2082.47	0.00	12.46	963.06
	2082.48	0.00	12.27	937.11
	2082.49	0.00	11.93	940.52
	2082.50	0.00	11.62	934.92
	2082.51	0.00	11.44	916.00
	2082.53	0.00	11.44	907.95
	2082.54	0.00	11.41	905.97
	2082.55	0.00	11.41	903.95
	2082.56	0.00	11.40	901.96
	2082.57	0.00	11.38	899.99
	2082.58	0.00	11.38	898.00
	2082.60	0.00	11.39	900.98
	2082.61	0.00	11.39	898.98
	2082.62	0.00	11.39	896.96
	2082.63	0.00	11.40	897.94
	2082.64	0.00	11.43	897.90
	2082.65	0.00	11.43	897.89
	2082.67	0.00	11.47	894.85
	2082.68	0.00	11.50	898.84
	2082.69	0.00	11.49	896.82
	2082.70	0.00	11.50	901.82
	2082.71	0.00	11.51	899.81
	2082.72	0.00	11.52	901.81
	2082.74	0.00	11.54	903.80
	2082.75	0.00	11.54	903.80
	2082.76	0.00	11.55	903.79
	2082.77	0.00	11.57	902.77
	2082.78	0.00	11.51	890.76
	2082.79	0.00	11.60	900.72
	2082.80	0.00	11.59	899.72
	2082.82	0.00	11.59	899.71
	2082.83	0.00	11.61	899.68
	2082.84	0.00	11.61	898.68
	2082.85	0.00	11.60	898.69
	2082.86	0.00	11.60	898.69
	2082.87	0.00	11.59	897.70
	2082.89	0.00	11.58	898.71
	2082.90	0.00	11.59	900.70
	2082.91	0.00	11.58	896.70
	2082.92	0.00	11.58	896.69
	2082.93	0.00	11.60	896.68
	2082.94	0.00	11.61	897.67
	2082.96	0.00	11.61	898.68
	2082.97	0.00	11.31	905.07
	2082.98	0.00	11.09	917.35
	2082.99	0.00	10.63	956.89
	2083.00	0.00	10.31	1032.19
	2083.01	0.00	10.33	1137.31
	2083.02	0.00	10.34	1166.29
	2083.04	0.00	10.43	1202.27
	2083.05	0.00	10.51	1217.24
	2083.06	0.00	10.67	1235.09
	2083.07	0.00	10.73	1263.20
	2083.08	0.00	10.81	1296.22
	2083.10	0.00	10.86	1312.23
	2083.11	0.00	10.89	1318.29
	2083.12	0.00	10.92	1317.29
	2083.13	0.00	10.97	1310.26
	2083.14	0.00	11.02	1300.23
	2083.15	0.00	11.08	1285.21
	2083.17	0.00	11.17	1267.13
	2083.18	0.00	11.22	1245.12
	2083.19	0.00	11.28	1225.11
	2083.20	0.00	11.35	1207.08
	2083.21	0.00	11.44	1188.95
	2083.22	0.00	11.50	1173.92
	2083.24	0.00	11.56	1159.86
	2083.25	0.00	11.63	1146.77
	2083.26	0.00	11.69	1130.69
	2083.27	0.00	11.71	1109.61
	2083.28	0.00	11.77	1101.53
	2083.30	0.00	11.90	1095.38
	2083.31	0.00	11.89	1065.30
	2083.32	0.00	12.02	1063.12
	2083.33	0.00	12.11	1058.96
	2083.34	0.00	12.21	1050.78
	2083.35	0.00	12.34	1071.73
	2083.37	0.00	12.38	1071.67
	2083.38	0.00	12.41	1071.64
	2083.39	0.00	12.48	1077.57
	2083.40	0.00	12.48	1076.54
	2083.41	0.00	12.50	1077.51
	2083.42	0.00	12.60	1073.40
	2083.44	0.00	12.59	1062.36
	2083.45	0.00	12.64	1067.36
	2083.46	0.00	12.67	1060.30
	2083.47	0.00	12.69	1058.30
	2083.48	0.00	12.70	1057.31
	2083.49	0.00	12.70	1057.29
	2083.51	0.00	12.72	1056.26
	2083.52	0.00	12.72	1048.21
	2083.53	0.00	12.77	1050.17
	2083.54	0.00	12.83	1050.11
	2083.55	0.00	12.82	1044.10
	2083.56	0.00	12.82	1044.09
	2083.58	0.00	12.87	1041.02
	2083.59	0.00	12.85	1029.99
	2083.60	0.00	12.92	1030.94
	2083.61	0.00	12.93	1027.91
	2083.62	0.00	12.93	1023.89
	2083.63	0.00	12.97	1016.80
	2083.65	0.00	13.00	1009.75
	2083.66	0.00	12.94	1008.79
	2083.67	0.00	12.76	993.92
	2083.68	0.00	12.59	986.04
	2083.69	0.00	12.45	974.10
	2083.70	0.00	12.19	970.38
	2083.72	0.00	11.77	957.86
	2083.73	0.00	11.70	952.91
	2083.74	0.00	11.67	944.92
	2083.75	0.00	11.65	938.89
	2083.76	0.00	11.62	931.88
	2083.77	0.00	11.61	928.88
	2083.79	0.00	11.60	926.87
	2083.80	0.00	11.59	923.86
	2083.81	0.00	11.58	923.87
	2083.82	0.00	11.57	920.87
	2083.83	0.00	11.62	928.87
	2083.84	0.00	11.63	931.88
	2083.86	0.00	11.54	917.90
	2083.87	0.00	11.59	924.88
	2083.88	0.00	11.59	925.88
	2083.89	0.00	11.59	924.89
	2083.90	0.00	11.58	926.90
	2083.91	0.00	11.58	925.89
	2083.93	0.00	11.60	928.89
	2083.94	0.00	11.58	924.89
	2083.95	0.00	11.59	926.89
	2083.96	0.00	11.59	927.89
	2083.97	0.00	11.61	928.88
	2083.98	0.00	11.60	926.88
	2084.00	0.00	11.61	926.88
	2084.01	0.00	11.62	927.86
	2084.02	0.00	11.63	928.85
	2084.03	0.00	11.64	925.83
	2084.04	0.00	11.64	925.82
	2084.05	0.00	11.63	923.83
	2084.06	0.00	11.66	925.82
	2084.08	0.00	11.66	922.80
	2084.09	0.00	11.67	922.79
	2084.10	0.00	11.67	922.78
	2084.11	0.00	11.68	921.78
	2084.12	0.00	11.68	921.78
	2084.13	0.00	11.66	922.79
	2084.15	0.00	11.59	912.80
	2084.16	0.00	11.58	909.81
	2084.17	0.00	11.47	914.96
	2084.18	0.00	11.34	914.09
	2084.19	0.00	11.21	925.23
	2084.20	0.00	10.93	937.59
	2084.21	0.00	10.57	972.99
	2084.23	0.00	10.40	1007.13
	2084.24	0.00	10.30	1043.22
	2084.25	0.00	10.33	1087.25
	2084.26	0.00	10.36	1117.23
	2084.27	0.00	10.38	1148.26
	2084.28	0.00	10.48	1202.22
	2084.30	0.00	10.48	1233.23
	2084.31	0.00	10.42	1289.27
	2084.32	0.00	10.45	1321.29
	2084.33	0.00	10.48	1344.32
	2084.34	0.00	10.44	1350.38
	2084.36	0.00	10.53	1374.40
	2084.37	0.00	10.56	1383.41
	2084.38	0.00	10.59	1381.41
	2084.39	0.00	10.66	1380.38
	2084.40	0.00	10.69	1360.39
	2084.41	0.00	10.86	1340.38
	2084.43	0.00	10.91	1330.37
	2084.44	0.00	10.96	1324.35
	2084.45	0.00	10.98	1310.36
	2084.46	0.00	11.09	1305.21
	2084.47	0.00	11.14	1296.21
	2084.48	0.00	11.21	1285.19
	2084.50	0.00	11.24	1282.17
	2084.51	0.00	11.28	1275.15
	2084.52	0.00	11.23	1251.18
	2084.53	0.00	11.35	1255.11
	2084.54	0.00	11.41	1253.08
	2084.55	0.00	11.46	1250.01
	2084.57	0.00	11.46	1238.03
	2084.58	0.00	11.55	1237.00
	2084.59	0.00	11.58	1235.99
	2084.60	0.00	11.63	1234.96
	2084.61	0.00	11.66	1224.90
	2084.62	0.00	11.72	1231.87
	2084.64	0.00	11.82	1242.82
	2084.65	0.00	11.88	1241.80
	2084.66	0.00	11.95	1239.73
	2084.67	0.00	12.07	1239.59
	2084.68	0.00	12.14	1227.48
	2084.70	0.00	12.26	1224.32
	2084.71	0.00	12.33	1219.22
	2084.72	0.00	12.60	1218.80
	2084.73	0.00	12.67	1215.70
	2084.74	0.00	12.83	1204.45
	2084.75	0.00	12.93	1200.31
	2084.77	0.00	12.97	1182.23
	2084.78	0.00	12.95	1157.18
	2084.79	0.00	12.99	1150.14
	2084.80	0.00	12.99	1123.07
	2084.81	0.00	13.06	1125.02
	2084.82	0.00	13.09	1112.95
	2084.84	0.00	13.13	1110.92
	2084.85	0.00	13.14	1102.88
	2084.86	0.00	13.20	1089.77
	2084.87	0.00	13.15	1076.75
	2084.88	0.00	13.18	1075.72
	2084.89	0.00	13.05	1037.72
	2084.91	0.00	13.05	1035.72
	2084.92	0.00	12.96	1022.75
	2084.93	0.00	12.90	1013.77
	2084.94	0.00	12.67	1010.01
	2084.95	0.00	12.54	992.07
	2084.96	0.00	12.24	978.33
	2084.98	0.00	11.96	946.52
	2084.99	0.00	11.71	942.81
	2085.00	0.00	11.62	932.82
	2085.01	0.00	11.69	940.78
	2085.02	0.00	11.67	936.79
	2085.03	0.00	11.67	932.77
	2085.05	0.00	11.57	911.79
	2085.06	0.00	11.59	920.79
	2085.07	0.00	11.60	922.79
	2085.08	0.00	11.52	901.79
	2085.09	0.00	11.50	902.81
	2085.10	0.00	11.67	933.79
	2085.11	0.00	11.51	900.79
	2085.13	0.00	11.61	925.78
	2085.14	0.00	11.61	925.78
	2085.15	0.00	11.59	924.80
	2085.16	0.00	11.61	924.78
	2085.17	0.00	11.61	923.78
	2085.19	0.00	11.61	924.78
	2085.20	0.00	11.60	925.80
	2085.21	0.00	11.62	926.78
	2085.22	0.00	11.63	925.77
	2085.23	0.00	11.63	922.77
	2085.24	0.00	11.61	922.78
	2085.26	0.00	11.63	923.76
	2085.27	0.00	11.64	920.74
	2085.28	0.00	11.65	920.75
	2085.29	0.00	11.64	921.75
	2085.30	0.00	11.67	920.71
	2085.31	0.00	11.66	919.74
	2085.32	0.00	11.63	913.74
	2085.34	0.00	11.63	911.72
	2085.35	0.00	11.66	914.70
	2085.36	0.00	11.68	916.69
	2085.37	0.00	11.67	915.70
	2085.38	0.00	11.67	914.69
	2085.39	0.00	11.68	916.69
	2085.41	0.00	11.74	913.59
	2085.42	0.00	11.62	894.66
	2085.43	0.00	11.59	890.67
	2085.44	0.00	11.55	892.74
	2085.45	0.00	11.28	923.22
	2085.46	0.00	10.85	949.71
	2085.48	0.00	10.52	1000.05
	2085.49	0.00	10.33	1053.21
	2085.50	0.00	10.12	1107.28
	2085.51	0.00	10.18	1177.28
	2085.52	0.00	10.22	1202.31
	2085.53	0.00	10.25	1217.33
	2085.55	0.00	10.35	1246.27
	2085.56	0.00	10.38	1286.33
	2085.57	0.00	10.39	1331.38
	2085.58	0.00	10.46	1365.41
	2085.59	0.00	10.51	1384.38
	2085.60	0.00	10.53	1400.43
	2085.62	0.00	10.58	1407.40
	2085.63	0.00	10.61	1407.41
	2085.64	0.00	10.62	1398.42
	2085.65	0.00	10.67	1390.40
	2085.66	0.00	10.76	1379.27
	2085.68	0.00	10.81	1365.26
	2085.69	0.00	10.88	1346.25
	2085.70	0.00	10.97	1320.28
	2085.71	0.00	11.07	1304.23
	2085.72	0.00	11.07	1286.31
	2085.73	0.00	11.11	1273.31
	2085.75	0.00	11.17	1271.27
	2085.76	0.00	11.23	1268.23
	2085.77	0.00	11.28	1264.17
	2085.78	0.00	11.32	1265.16
	2085.79	0.00	11.32	1254.13
	2085.80	0.00	11.42	1277.09
	2085.82	0.00	11.47	1279.10
	2085.83	0.00	11.57	1283.02
	2085.84	0.00	11.65	1283.93
	2085.85	0.00	11.73	1278.91
	2085.86	0.00	11.78	1279.90
	2085.87	0.00	11.91	1291.83
	2085.89	0.00	11.90	1265.79
	2085.90	0.00	12.01	1280.74
	2085.91	0.00	12.08	1261.63
	2085.92	0.00	12.30	1277.40
	2085.93	0.00	12.45	1270.19
	2085.94	0.00	12.73	1260.73
	2085.96	0.00	12.83	1247.56
	2085.97	0.00	12.89	1231.46
	2085.98	0.00	13.01	1190.21
	2085.99	0.00	13.06	1186.17
	2086.00	0.00	13.05	1164.13
	2086.02	0.00	13.00	1131.10
	2086.03	0.00	13.01	1117.08
	2086.04	0.00	13.07	1122.03
	2086.05	0.00	13.02	1101.00
	2086.06	0.00	13.09	1094.93
	2086.07	0.00	13.13	1104.91
	2086.08	0.00	13.11	1089.87
	2086.10	0.00	13.08	1078.84
	2086.11	0.00	13.11	1071.79
	2086.12	0.00	13.14	1069.73
	2086.13	0.00	13.12	1062.72
	2086.14	0.00	13.05	1034.72
	2086.16	0.00	13.03	1046.77
	2086.17	0.00	12.95	1034.80
	2086.18	0.00	12.76	1001.89
	2086.19	0.00	12.53	982.04
	2086.20	0.00	12.17	947.28
	2086.21	0.00	11.79	934.69
	2086.22	0.00	11.51	940.03
	2086.24	0.00	11.45	932.06
	2086.25	0.00	11.43	922.02
	2086.26	0.00	11.36	898.99
	2086.27	0.00	11.45	917.98
	2086.28	0.00	11.44	916.98
	2086.29	0.00	11.44	915.97
	2086.31	0.00	11.44	915.98
	2086.32	0.00	11.45	915.97
	2086.33	0.00	11.44	913.97
	2086.34	0.00	11.43	913.97
	2086.35	0.00	11.46	913.93
	2086.36	0.00	11.44	914.97
	2086.38	0.00	11.46	914.95
	2086.39	0.00	11.43	913.97
	2086.40	0.00	11.43	914.98
	2086.41	0.00	11.46	913.93
	2086.42	0.00	11.43	915.99
	2086.43	0.00	11.42	914.99
	2086.45	0.00	11.44	913.98
	2086.46	0.00	11.44	914.98
	2086.47	0.00	11.44	915.98
	2086.48	0.00	11.46	917.97
	2086.49	0.00	11.45	913.97
	2086.50	0.00	11.47	914.96
	2086.52	0.00	11.47	915.97
	2086.53	0.00	11.45	913.96
	2086.54	0.00	11.48	916.95
	2086.55	0.00	11.48	916.95
	2086.56	0.00	11.48	916.95
	2086.57	0.00	11.50	914.93
	2086.59	0.00	11.51	916.92
	2086.60	0.00	11.50	913.91
	2086.61	0.00	11.52	912.88
	2086.62	0.00	11.56	913.83
	2086.63	0.00	11.54	912.86
	2086.64	0.00	11.54	913.86
	2086.66	0.00	11.54	914.86
	2086.67	0.00	11.54	913.86
	2086.68	0.00	11.53	913.87
	2086.69	0.00	11.52	909.86
	2086.70	0.00	11.41	916.05
	2086.71	0.00	11.24	928.26
	2086.72	0.00	10.74	957.91
	2086.74	0.00	10.43	1020.17
	2086.75	0.00	10.36	1093.29
	2086.76	0.00	10.33	1136.32
	2086.77	0.00	10.31	1159.35
	2086.78	0.00	10.31	1177.37
	2086.80	0.00	10.51	1222.31
	2086.81	0.00	10.58	1233.27
	2086.82	0.00	10.74	1283.29
	2086.83	0.00	10.78	1304.30
	2086.84	0.00	10.78	1304.31
	2086.85	0.00	10.81	1322.42
	2086.87	0.00	10.79	1300.41
	2086.88	0.00	10.94	1325.40
	2086.89	0.00	11.04	1322.37
	2086.90	0.00	11.14	1311.32
	2086.91	0.00	11.29	1287.11
	2086.92	0.00	11.40	1284.14
	2086.94	0.00	11.49	1265.09
	2086.95	0.00	11.60	1253.02
	2086.96	0.00	11.75	1233.87
	2086.97	0.00	11.83	1213.77
	2086.98	0.00	11.98	1229.67
	2087.00	0.00	12.08	1200.48
	2087.01	0.00	12.25	1214.30
	2087.02	0.00	12.41	1212.03
	2087.03	0.00	12.53	1194.77
	2087.04	0.00	12.66	1208.65
	2087.05	0.00	12.73	1204.56
	2087.06	0.00	12.71	1180.51
	2087.08	0.00	12.73	1191.50
	2087.09	0.00	12.74	1191.49
	2087.10	0.00	12.74	1183.45
	2087.11	0.00	12.76	1184.44
	2087.12	0.00	12.69	1158.44
	2087.14	0.00	12.70	1157.44
	2087.15	0.00	12.73	1175.46
	2087.16	0.00	12.65	1150.50
	2087.17	0.00	12.70	1168.53
	2087.18	0.00	12.67	1160.56
	2087.19	0.00	12.64	1144.56
	2087.20	0.00	12.66	1124.51
	2087.22	0.00	12.83	1139.31
	2087.23	0.00	12.89	1132.21
	2087.24	0.00	12.92	1124.15
	2087.25	0.00	12.92	1107.13
	2087.26	0.00	12.94	1102.10
	2087.28	0.00	13.36	1144.08
	2087.29	0.00	13.37	1125.05
	2087.30	0.00	13.39	1123.02
	2087.31	0.00	13.45	1136.98
	2087.32	0.00	13.44	1116.96
	2087.33	0.00	13.30	1102.91
	2087.35	0.00	13.27	1090.88
	2087.36	0.00	13.28	1086.85
	2087.37	0.00	13.05	1036.79
	2087.38	0.00	13.03	1029.78
	2087.39	0.00	12.94	1001.79
	2087.40	0.00	12.84	995.85
	2087.41	0.00	12.73	986.92
	2087.43	0.00	12.56	995.11
	2087.44	0.00	12.15	958.43
	2087.45	0.00	11.62	933.94
	2087.46	0.00	11.62	950.02
	2087.47	0.00	11.59	943.01
	2087.48	0.00	11.58	941.01
	2087.50	0.00	11.49	918.01
	2087.51	0.00	11.49	916.00
	2087.52	0.00	11.57	937.00
	2087.53	0.00	11.48	912.99
	2087.54	0.00	11.54	929.99
	2087.55	0.00	11.45	906.98
	2087.57	0.00	11.52	926.99
	2087.58	0.00	11.53	926.97
	2087.59	0.00	11.52	924.97
	2087.60	0.00	11.52	925.98
	2087.61	0.00	11.51	924.99
	2087.62	0.00	11.51	924.99
	2087.64	0.00	11.42	901.99
	2087.65	0.00	11.50	921.99
	2087.66	0.00	11.51	922.99
	2087.67	0.00	11.51	925.00
	2087.68	0.00	11.52	923.99
	2087.69	0.00	11.52	923.98
	2087.71	0.00	11.52	922.98
	2087.72	0.00	11.45	903.98
	2087.73	0.00	11.53	922.98
	2087.74	0.00	11.52	921.98
	2087.75	0.00	11.53	921.97
	2087.76	0.00	11.50	917.98
	2087.78	0.00	11.52	921.98
	2087.79	0.00	11.52	921.98
	2087.80	0.00	11.52	920.98
	2087.81	0.00	11.52	922.99
	2087.82	0.00	11.54	919.94
	2087.83	0.00	11.52	918.96
	2087.85	0.00	11.52	921.98
	2087.86	0.00	11.52	922.99
	2087.87	0.00	11.54	920.94
	2087.88	0.00	11.56	922.93
	2087.89	0.00	11.55	920.93
	2087.90	0.00	11.53	921.97
	2087.92	0.00	11.48	925.07
	2087.93	0.00	11.33	928.19
	2087.94	0.00	10.94	948.71
	2087.95	0.00	10.55	964.02
	2087.96	0.00	10.47	1022.19
	2087.97	0.00	10.38	1051.21
	2087.99	0.00	10.38	1082.22
	2088.00	0.00	10.48	1130.25
	2088.01	0.00	10.54	1154.25
	2088.02	0.00	10.62	1176.26
	2088.03	0.00	10.74	1200.17
	2088.04	0.00	10.78	1224.18
	2088.06	0.00	10.84	1258.20
	2088.07	0.00	10.88	1282.23
	2088.08	0.00	10.97	1303.17
	2088.09	0.00	11.00	1326.26
	2088.10	0.00	10.97	1330.34
	2088.11	0.00	11.01	1334.36
	2088.13	0.00	11.05	1332.36
	2088.14	0.00	11.09	1305.24
	2088.15	0.00	11.19	1326.30
	2088.16	0.00	11.24	1317.27
	2088.17	0.00	11.26	1285.17
	2088.18	0.00	11.32	1276.15
	2088.20	0.00	11.40	1275.12
	2088.21	0.00	11.51	1289.09
	2088.22	0.00	11.57	1280.05
	2088.23	0.00	11.62	1273.02
	2088.24	0.00	11.71	1266.94
	2088.25	0.00	11.69	1240.89
	2088.27	0.00	11.74	1233.87
	2088.28	0.00	11.85	1247.83
	2088.29	0.00	11.86	1240.80
	2088.30	0.00	11.89	1240.79
	2088.31	0.00	11.93	1242.76
	2088.33	0.00	11.96	1244.73
	2088.34	0.00	12.02	1247.70
	2088.35	0.00	12.03	1225.63
	2088.36	0.00	12.18	1242.47
	2088.37	0.00	12.26	1242.38
	2088.38	0.00	12.30	1222.25
	2088.39	0.00	12.48	1247.07
	2088.41	0.00	12.61	1248.88
	2088.42	0.00	12.68	1242.76
	2088.43	0.00	12.74	1244.70
	2088.44	0.00	12.79	1232.62
	2088.45	0.00	12.94	1221.44
	2088.47	0.00	12.96	1182.34
	2088.48	0.00	13.04	1192.28
	2088.49	0.00	13.03	1156.19
	2088.50	0.00	13.12	1165.13
	2088.51	0.00	13.12	1149.10
	2088.52	0.00	13.12	1135.05
	2088.54	0.00	13.11	1129.03
	2088.55	0.00	13.18	1129.95
	2088.56	0.00	13.18	1119.93
	2088.57	0.00	13.07	1081.93
	2088.58	0.00	13.03	1068.92
	2088.59	0.00	13.06	1072.89
	2088.61	0.00	12.95	1025.88
	2088.62	0.00	12.95	1036.87
	2088.63	0.00	12.76	1007.97
	2088.64	0.00	12.59	995.11
	2088.65	0.00	12.35	1005.40
	2088.66	0.00	12.01	967.65
	2088.68	0.00	11.69	955.00
	2088.69	0.00	11.65	957.03
	2088.70	0.00	11.54	931.03
	2088.71	0.00	11.60	946.02
	2088.72	0.00	11.57	942.03
	2088.73	0.00	11.52	921.01
	2088.75	0.00	11.48	914.01
	2088.76	0.00	11.55	931.01
	2088.77	0.00	11.52	909.93
	2088.78	0.00	11.55	929.00
	2088.79	0.00	11.52	926.00
	2088.80	0.00	11.46	905.99
	2088.82	0.00	11.45	903.99
	2088.83	0.00	11.51	924.00
	2088.84	0.00	11.52	925.00
	2088.85	0.00	11.43	899.99
	2088.86	0.00	11.47	914.99
	2088.87	0.00	11.52	921.97
	2088.89	0.00	11.53	920.98
	2088.90	0.00	11.53	921.97
	2088.91	0.00	11.52	921.97
	2088.92	0.00	11.53	919.95
	2088.93	0.00	11.53	917.95
	2088.94	0.00	11.57	919.91
	2088.95	0.00	11.57	920.91
	2088.97	0.00	11.56	920.92
	2088.98	0.00	11.57	923.93
	2088.99	0.00	11.57	922.92
	2089.00	0.00	11.56	920.92
	2089.01	0.00	11.56	919.92
	2089.03	0.00	11.50	899.90
	2089.04	0.00	11.56	919.93
	2089.05	0.00	11.54	916.93
	2089.06	0.00	11.46	895.94
	2089.07	0.00	11.52	915.94
	2089.08	0.00	11.52	914.94
	2089.10	0.00	11.53	914.93
	2089.11	0.00	11.52	909.90
	2089.12	0.00	11.54	916.92
	2089.13	0.00	11.47	919.00
	2089.14	0.00	11.26	898.12
	2089.15	0.00	11.18	933.31
	2089.16	0.00	10.68	954.84
	2089.18	0.00	10.49	1030.07
	2089.19	0.00	10.36	1062.19
	2089.20	0.00	10.30	1088.25
	2089.21	0.00	10.42	1139.24
	2089.22	0.00	10.34	1133.25
	2089.23	0.00	10.49	1173.20
	2089.25	0.00	10.52	1182.17
	2089.26	0.00	10.57	1220.30
	2089.27	0.00	10.59	1253.32
	2089.28	0.00	10.63	1276.34
	2089.29	0.00	10.63	1288.35
	2089.31	0.00	10.69	1302.35
	2089.32	0.00	10.66	1281.31
	2089.33	0.00	10.77	11.41	1155.92
	2089.62	0.00	11.39	1148.93
	2089.63	0.00	11.36	1133.93
	2089.65	0.00	11.40	1148.94
	2089.66	0.00	11.34	1126.95
	2089.67	0.00	11.39	1146.96
	2089.68	0.00	11.31	1124.97
	2089.69	0.00	11.35	1143.99
	2089.70	0.00	11.36	1145.00
	2089.72	0.00	11.31	1140.04
	2089.73	0.00	11.23	1113.06
	2089.74	0.00	11.21	1106.07
	2089.75	0.00	11.14	1080.10
	2089.76	0.00	11.18	1090.09
	2089.77	0.00	11.20	1077.03
	2089.79	0.00	11.14	1051.04
	2089.80	0.00	11.21	1066.03
	2089.81	0.00	11.20	1057.02
	2089.82	0.00	11.14	1033.99
	2089.83	0.00	11.20	1045.95
	2089.84	0.00	11.18	1032.93
	2089.86	0.00	11.32	1036.71
	2089.87	0.00	11.31	1012.59
	2089.88	0.00	11.31	1030.68
	2089.89	0.00	11.31	1028.67
	2089.90	0.00	11.22	1007.69
	2089.91	0.00	11.25	1024.73
	2089.93	0.00	11.27	1026.70
	2089.94	0.00	11.23	990.53
	2089.95	0.00	11.22	1007.62
	2089.96	0.00	11.09	988.74
	2089.97	0.00	11.14	1008.77
	2089.99	0.00	11.14	1002.74
	2090.00	0.00	11.15	1008.77
	2090.01	0.00	11.14	1002.79
	2090.02	0.00	11.15	1005.81
	2090.03	0.00	11.13	1004.83
	2090.04	0.00	11.02	980.80
	2090.05	0.00	10.97	981.86
	2090.07	0.00	10.91	967.89
	2090.08	0.00	10.96	985.89
	2090.09	0.00	10.86	966.91
	2090.10	0.00	10.94	989.91
	2090.11	0.00	10.87	974.93
	2090.13	0.00	10.96	998.95
	2090.14	0.00	10.96	1003.96
	2090.15	0.00	10.91	981.99
	2090.16	0.00	10.91	986.98
	2090.17	0.00	10.99	1010.99
	2090.18	0.00	10.90	990.99
	2090.19	0.00	10.98	1012.99
	2090.21	0.00	10.91	995.94
	2090.22	0.00	10.94	1010.00
	2090.23	0.00	10.87	994.01
	2090.24	0.00	10.89	999.96
	2090.25	0.00	10.93	1009.97
	2090.26	0.00	10.	10.98	1067.09
	2090.46	0.00	10.97	1066.09
	2090.48	0.00	10.99	1070.09
	2090.49	0.00	10.97	1067.05
	2090.50	0.00	10.99	1074.06
	2090.51	0.00	10.99	1077.08
	2090.52	0.00	10.98	1077.08
	2090.53	0.00	11.02	1085.07
	2090.55	0.00	11.00	1082.06
	2090.56	0.00	10.95	1063.06
	2090.57	0.00	11.02	1084.06
	2090.58	0.00	11.04	1086.05
	2090.59	0.00	11.04	1087.05
	2090.60	0.00	10.97	1064.05
	2090.62	0.00	11.04	1082.04
	2090.63	0.00	11.06	1082.03
	2090.64	0.00	10.99	1064.06
	2090.65	0.00	11.08	1082.02
	2090.66	0.00	11.08	1080.02
	2090.67	0.00	11.09	1079.02
	2090.69	0.00	11.02	1058.02
	2090.70	0.00	11.10	1078.00
	2090.71	0.00	11.08	1077.02
	2090.72	0.00	10.99	1051.01
	2090.73	0.00	11.00	1053.01
	2090.75	0.00	11.02	1057.01
	2090.76	0.00	11.07	1077.04
	2090.77	0.00	11.04	1069.01
	2090.78	0.00	11.07	1078.01
	2090.79	0.00	11.08	1079.01
	2090.80	0.00	11.01	1059.00
	2090.81	0.00	11.07	1074.99
	2090.83	0.00	11.04	1080.06
	2090.84	0.00	11.03	1078.07
	2090.85	0.00	11.02	1079.08
	2090.86	0.00	11.02	1080.08
	2090.87	0.00	11.03	1077.04
	2090.89	0.00	11.05	1081.03
	2090.90	0.00	11.04	1080.03
	2090.91	0.00	11.04	1081.05
	2090.92	0.00	11.03	1080.06
	2090.93	0.00	10.96	1062.08
	2090.94	0.00	11.04	1084.07
	2090.95	0.00	11.03	1082.07
	2090.97	0.00	11.03	1082.07
	2090.98	0.00	11.02	1082.08
	2090.99	0.00	11.08	1061.84
	2091.00	0.00	11.18	1084.80
	2091.01	0.00	11.17	1082.81
	2091.03	0.00	11.17	1080.81
	2091.04	0.00	11.17	1082.81
	2091.05	0.00	11.17	1084.82
	2091.06	0.00	11.12	1051.67
	2091.07	0.00	11.15	1069.73
	2091.08	0.00	11.09	1070.84
	2091.10	0.00	11.09	1069.869
	2091.20	0.00	10.97	1054.01
	2091.21	0.00	11.01	1056.96
	2091.22	0.00	10.93	1038.03
	2091.24	0.00	10.99	1059.03
	2091.25	0.00	10.98	1061.04
	2091.26	0.00	10.86	1020.95
	2091.27	0.00	10.81	1017.01
	2091.28	0.00	10.92	1041.98
	2091.29	0.00	10.95	1040.99
	2091.31	0.00	11.03	1068.00
	2091.32	0.00	10.98	1047.00
	2091.33	0.00	11.06	1070.01
	2091.34	0.00	11.03	1070.02
	2091.35	0.00	10.96	1050.02
	2091.37	0.00	11.03	1071.02
	2091.38	0.00	11.05	1063.90
	2091.39	0.00	11.03	1072.01
	2091.40	0.00	10.96	1053.03
	2091.41	0.00	11.02	1073.04
	2091.42	0.00	11.00	1072.08
	2091.44	0.00	10.96	1056.05
	2091.45	0.00	11.02	1075.05
	2091.46	0.00	11.02	1074.05
	2091.47	0.00	11.02	1075.06
	2091.48	0.00	10.94	1050.02
	2091.49	0.00	10.89	1038.01
	2091.51	0.00	10.97	1054.00
	2091.52	0.00	10.98	1054.00
	2091.53	0.00	10.98	1056.00
	2091.54	0.00	11.05	1076.00
	2091.55	0.00	11.06	1078.00
	2091.56	0.00	11.02	1068.99
	2091.58	0.00	11.02	1068.99
	2091.59	0.00	11.02	1071.00
	2091.60	0.00	11.03	1070.99
	2091.61	0.00	11.03	1071.99
	2091.62	0.00	10.96	1049.99
	2091.63	0.00	11.03	1072.00
	2091.65	0.00	11.05	1071.99
	2091.66	0.00	10.99	1062.99
	2091.67	0.00	11.01	1066.99
	2091.68	0.00	11.01	1065.99
	2091.69	0.00	11.01	1068.00
	2091.70	0.00	11.02	1068.99
	2091.72	0.00	10.95	1047.99
	2091.73	0.00	11.01	1066.99
	2091.74	0.00	11.02	1066.97
	2091.75	0.00	11.01	1068.01
	2091.76	0.00	10.99	1069.03
	2091.78	0.00	11.00	1070.03
	2091.79	0.00	10.99	1071.05
	2091.80	0.00	10.91	1050.07
	2091.81	0.00	10.98	1072.06
	2091.82	0.00	10.98	1073.06
	2091.83	0.00	10.93	1052.01
	2091.84	0.00	11.00	1074.01
	2091.86	0.00	11.00	1078.04
	2091.87	0.00	10.99	1078.06
	2091.88	0.00	10.99	1080.07
	2091.89	0.00	10.92	1062.07
	2091.90	0.00	11.10	1080.84
	2091.92	0.00	11.13	1084.82
	2091.93	0.00	11.14	1083.80
	2091.94	0.00	11.15	1085.80
	2091.95	0.00	11.12	1067.75
	2091.96	0.00	11.14	1085.81
	2091.97	0.00	11.14	1085.81
	2091.99	0.00	11.13	1084.82
	2092.00	0.00	11.06	1065.83
	2092.01	0.00	11.19	1073.62
	2092.02	0.00	11.09	1076.83
	2092.03	0.00	11.04	1077.91
	2092.04	0.00	11.03	1072.94
	2092.06	0.00	10.96	1053.95
	2092.07	0.00	11.03	1075.97
	2092.08	0.00	11.02	1075.97
	2092.09	0.00	10.90	1044.97
	2092.10	0.00	10.84	1033.99
	2092.11	0.00	10.87	1042.01
	2092.13	0.00	10.95	1068.04
	2092.14	0.00	10.95	1067.05
	2092.15	0.00	10.94	1064.05
	2092.16	0.00	10.96	1074.06
	2092.17	0.00	10.95	1075.06
	2092.18	0.00	10.94	1072.06
	2092.20	0.00	10.92	1062.00
	2092.21	0.00	10.99	1079.02
	2092.22	0.00	11.00	1085.05
	2092.23	0.00	11.02	1086.03
	2092.24	0.00	11.00	1085.03
	2092.26	0.00	11.00	1086.03
	2092.27	0.00	11.00	1086.04
	2092.28	0.00	11.00	1086.04
	2092.29	0.00	10.99	1084.04
	2092.30	0.00	11.00	1088.04
	2092.31	0.00	11.01	1090.03
	2092.32	0.00	10.99	1090.07
	2092.34	0.00	11.00	1092.07
	2092.35	0.00	10.99	1090.07
	2092.36	0.00	11.00	1093.08
	2092.37	0.00	11.00	1091.05
	2092.38	0.00	10.93	1069.03
	2092.40	0.00	10.93	1069.04
	2092.41	0.00	10.99	1087.03
	2092.42	0.00	10.94	1071.03
	2092.43	0.00	11.01	1090.03
	2092.44	0.00	11.02	1091.02
	2092.45	0.00	11.02	1092.02
	2092.47	0.00	11.02	1092.02
	2092.48	0.00	11.01	1091.03
	2092.49	0.00	11.03	1092.02
	2092.50	0.00	10.99	1087.02
	2092.51	0.00	11.00	1090.02
	2092.52	0.00	10.99	1089.02
	2092.54	0.00	10.93	1066.02
	2092.55	0.00	10.94	1068.02
	2092.56	0.00	10.93	1067.02
	2092.57	0.00	10.91	1062.02
	2092.58	0.00	10.91	1057.97
	2092.59	0.00	10.98	1082.02
	2092.61	0.00	10.98	1083.02
	2092.62	0.00	10.91	1063.02
	2092.63	0.00	10.93	1065.01
	2092.64	0.00	10.98	1085.02
	2092.65	0.00	10.93	1067.02
	2092.66	0.00	10.99	1086.03
	2092.68	0.00	10.92	1070.04
	2092.69	0.00	10.91	1069.06
	2092.70	0.00	10.97	1090.07
	2092.71	0.00	10.96	1089.08
	2092.72	0.00	10.89	1068.09
	2092.73	0.00	10.89	1070.10
	2092.75	0.00	10.95	1089.10
	2092.76	0.00	10.88	1068.10
	2092.77	0.00	10.87	1065.10
	2092.78	0.00	10.98	1090.05
	2092.79	0.00	10.90	1071.08
	2092.81	0.00	10.93	1081.08
	2092.82	0.00	10.97	1092.08
	2092.83	0.00	10.97	1092.08
	2092.84	0.00	10.95	1093.11
	2092.85	0.00	10.89	1073.09
	2092.86	0.00	10.99	1083.95
	2092.88	0.00	11.09	1091.83
	2092.89	0.00	11.10	1092.82
	2092.90	0.00	11.10	1093.83
	2092.91	0.00	11.04	1075.84
	2092.92	0.00	11.09	1091.84
	2092.93	0.00	11.09	1093.84
	2092.95	0.00	11.13	1082.66
	2092.96	0.00	11.02	1063.75
	2092.97	0.00	11.02	1085.89
	2092.98	0.00	10.99	1083.94
	2092.99	0.00	10.99	1080.97
	2093.00	0.00	10.91	1061.99
	2093.02	0.00	10.99	1083.99
	2093.03	0.00	10.89	1061.97
	2093.04	0.00	10.86	1061.03
	2093.05	0.00	10.87	1064.02
	2093.06	0.00	10.88	1070.04
	2093.07	0.00	10.89	1071.06
	2093.09	0.00	10.90	1071.06
	2093.10	0.00	10.91	1075.07
	2093.11	0.00	10.90	1077.08
	2093.12	0.00	10.88	1076.08
	2093.13	0.00	10.86	1064.02
	2093.15	0.00	10.90	1076.03
	2093.16	0.00	10.87	1066.05
	2093.17	0.00	10.94	1086.05
	2093.18	0.00	10.95	1087.05
	2093.19	0.00	10.94	1089.06
	2093.20	0.00	10.94	1089.06
	2093.21	0.00	10.95	1090.05
	2093.23	0.00	10.81	1057.04
	2093.24	0.00	10.88	1073.07
	2093.25	0.00	10.94	1093.09
	2093.26	0.00	10.94	1095.09
	2093.27	0.00	10.86	1071.09
	2093.29	0.00	10.94	1094.09
	2093.30	0.00	10.93	1094.10
	2093.31	0.00	10.87	1075.10
	2093.32	0.00	10.93	1094.11
	2093.33	0.00	10.86	1069.06
	2093.34	0.00	10.93	1089.06
	2093.36	0.00	10.86	1067.05
	2093.37	0.00	10.93	1089.07
	2093.38	0.00	10.89	1075.05
	2093.39	0.00	10.95	1093.05
	2093.40	0.00	10.96	1094.05
	2093.41	0.00	10.96	1094.05
	2093.43	0.00	10.96	1094.04
	2093.44	0.00	10.91	1077.05
	2093.45	0.00	10.96	1094.04
	2093.46	0.00	10.89	1074.04
	2093.47	0.00	10.96	1094.04
	2093.48	0.00	10.93	1089.04
	2093.50	0.00	10.94	1091.04
	2093.51	0.00	10.87	1071.04
	2093.52	0.00	10.94	1091.04
	2093.53	0.00	10.94	1091.05
	2093.54	0.00	10.89	1072.04
	2093.55	0.00	10.87	1072.04
	2093.57	0.00	10.94	1092.04
	2093.58	0.00	10.94	1089.03
	2093.59	0.00	10.89	1080.04
	2093.60	0.00	10.94	1092.04
	2093.61	0.00	10.94	1091.04
	2093.62	0.00	10.94	1090.04
	2093.64	0.00	10.94	1090.05
	2093.65	0.00	10.84	1063.03
	2093.66	0.00	10.87	1069.04
	2093.67	0.00	10.94	1088.03
	2093.68	0.00	10.87	1067.04
	2093.70	0.00	10.90	1078.03
	2093.71	0.00	11.00	1088.94
	2093.72	0.00	10.94	1090.05
	2093.73	0.00	10.93	1089.07
	2093.74	0.00	10.93	1089.08
	2093.75	0.00	10.93	1090.08
	2093.76	0.00	10.92	1088.09
	2093.78	0.00	10.92	1090.10
	2093.79	0.00	10.93	1089.06
	2093.80	0.00	10.95	1092.04
	2093.81	0.00	10.87	1071.06
	2093.82	0.00	10.94	1093.07
	2093.84	0.00	10.93	1092.09
	2093.85	0.00	10.86	1073.09
	2093.86	0.00	10.93	1093.08
	2093.87	0.00	10.86	1073.09
	2093.88	0.00	11.05	1092.84
	2093.89	0.00	10.99	1075.84
	2093.91	0.00	11.02	1085.83
	2093.92	0.00	11.00	1074.83
	2093.93	0.00	11.06	1094.83
	2093.94	0.00	11.04	1095.86
	2093.95	0.00	11.01	1084.84
	2093.96	0.00	11.07	1085.71
	2093.98	0.00	11.04	1083.76
	2093.99	0.00	10.98	1083.88
	2094.00	0.00	10.95	1083.95
	2094.01	0.00	10.95	1079.96
	2094.02	0.00	10.95	1081.98
	2094.03	0.00	10.88	1061.98
	2094.05	0.00	10.87	1062.99
	2094.06	0.00	10.91	1072.97
	2094.07	0.00	10.83	1062.00
	2094.08	0.00	10.85	1069.04
	2094.09	0.00	10.86	1076.05
	2094.10	0.00	10.87	1074.08
	2094.12	0.00	10.88	1074.06
	2094.13	0.00	10.81	1055.07
	2094.14	0.00	10.81	1056.07
	2094.15	0.00	10.90	1078.01
	2094.16	0.00	10.88	1081.07
	2094.18	0.00	10.83	1067.02
	2094.19	0.00	10.91	1085.04
	2094.20	0.00	10.92	1090.05
	2094.21	0.00	10.91	1090.07
	2094.22	0.00	10.80	1060.05
	2094.23	0.00	10.92	1092.05
	2094.25	0.00	10.85	1072.06
	2094.26	0.00	10.90	1092.09
	2094.27	0.00	10.92	1089.02
	2094.28	0.00	10.84	1072.07
	2094.29	0.00	10.92	1097.08
	2094.30	0.00	10.91	1093.08
	2094.32	0.00	10.91	1095.09
	2094.33	0.00	10.94	1102.09
	2094.34	0.00	10.94	1103.09
	2094.35	0.00	10.86	1083.09
	2094.36	0.00	10.83	1075.08
	2094.37	0.00	10.88	1081.05
	2094.39	0.00	10.95	1103.04
	2094.40	0.00	10.88	1084.04
	2094.41	0.00	10.95	1102.04
	2094.42	0.00	10.94	1101.05
	2094.43	0.00	10.95	1103.04
	2094.44	0.00	10.95	1104.03
	2094.46	0.00	10.94	1100.03
	2094.47	0.00	10.95	1098.98
	2094.48	0.00	10.85	1075.03
	2094.49	0.00	10.92	1097.03
	2094.50	0.00	10.86	1074.03
	2094.51	0.00	10.91	1090.05
	2094.53	0.00	10.87	1073.03
	2094.54	0.00	10.93	1089.03
	2094.55	0.00	10.86	1065.02
	2094.56	0.00	10.90	1074.02
	2094.57	0.00	10.85	1054.01
	2094.58	0.00	10.92	1069.01
	2094.60	0.00	10.94	1066.99
	2094.61	0.00	10.95	1061.99
	2094.62	0.00	10.95	1058.99
	2094.63	0.00	10.86	1034.98
	2094.64	0.00	10.95	1056.98
	2094.66	0.00	10.87	1033.98
	2094.67	0.00	10.95	1057.99
	2094.68	0.00	10.91	1042.96
	2094.69	0.00	10.98	1063.96
	2094.70	0.00	10.97	1064.99
	2094.71	0.00	10.97	1065.99
	2094.73	0.00	10.97	1067.00
	2094.74	0.00	10.97	1070.02
	2094.75	0.00	10.97	1069.02
	2094.76	0.00	10.96	1070.03
	2094.77	0.00	10.97	1072.03
	2094.78	0.00	10.97	1070.00
	2094.80	0.00	10.99	1073.98
	2094.81	0.00	11.00	1075.99
	2094.82	0.00	11.00	1077.99
	2094.83	0.00	10.99	1080.02
	2094.84	0.00	10.97	1085.04
	2094.85	0.00	10.95	1087.06
	2094.87	0.00	10.94	1087.06
	2094.88	0.00	10.95	1079.99
	2094.89	0.00	11.11	1087.75
	2094.90	0.00	11.01	1064.78
	2094.91	0.00	11.12	1093.78
	2094.92	0.00	11.13	1098.77
	2094.94	0.00	11.15	1101.77
	2094.95	0.00	11.14	1102.79
	2094.96	0.00	11.13	1102.78
	2094.97	0.00	11.15	1103.78
	2094.98	0.00	11.17	1107.78
	2095.00	0.00	11.19	1096.65
	2095.01	0.00	11.16	1096.68
	2095.02	0.00	11.20	1105.68
	2095.03	0.00	11.16	1109.80
	2095.04	0.00	11.14	1117.87
	2095.05	0.00	11.16	1117.91
	2095.07	0.00	11.18	1124.93
	2095.08	0.00	11.21	1133.92
	2095.09	0.00	11.12	1121.97
	2095.10	0.00	11.08	1118.00
	2095.11	0.00	11.16	1151.04
	2095.12	0.00	11.16	1150.04
	2095.14	0.00	11.24	1184.06
	2095.15	0.00	11.28	1195.02
	2095.16	0.00	11.32	1207.98
	2095.17	0.00	11.38	1225.99
	2095.18	0.00	11.45	1241.99
	2095.19	0.00	11.48	1238.98
	2095.21	0.00	11.52	1240.96
	2095.22	0.00	11.55	1242.97
	2095.23	0.00	11.62	1235.89
	2095.24	0.00	11.60	1215.90
	2095.25	0.00	11.71	1237.91
	2095.26	0.00	11.78	1231.85
	2095.28	0.00	11.86	1230.81
	2095.29	0.00	11.97	1229.72
	2095.30	0.00	11.98	1195.60
	2095.31	0.00	12.15	1216.47
	2095.32	0.00	12.28	1216.32
	2095.33	0.00	12.39	1200.12
	2095.35	0.00	12.64	1213.79
	2095.36	0.00	12.76	1214.62
	2095.37	0.00	12.89	1215.43
	2095.38	0.00	12.93	1193.29