84.67	0.00	10.47	996.59
	1784.69	0.00	10.45	996.62
	1784.70	0.00	10.45	998.62
	1784.71	0.00	10.45	1000.62
	1784.72	0.00	10.45	1000.62
	1784.73	0.00	10.45	1002.63
	1784.74	0.00	10.52	1001.49
	1784.76	0.00	10.43	1000.64
	1784.77	0.00	10.40	1001.69
	1784.78	0.00	10.41	1001.68
	1784.79	0.00	10.41	1002.68
	1784.80	0.00	10.43	1004.67
	1784.81	0.00	10.43	1006.69
	1784.82	0.00	10.43	1007.69
	1784.84	0.00	10.46	1006.62
	1784.85	0.00	10.42	1006.69
	1784.86	0.00	10.44	1006.66
	1784.87	0.00	10.44	1007.67
	1784.88	0.00	10.45	1006.67
	1784.90	0.00	10.42	1006.70
	1784.91	0.00	10.61	1008.36
	1784.92	0.00	10.64	1006.29
	1784.93	0.00	10.65	1006.29
	1784.94	0.00	10.67	1009.28
	1784.95	0.00	10.68	1012.30
	1784.97	0.00	10.64	1003.31
	1784.98	0.00	10.65	1005.31
	1784.99	0.00	10.69	1001.18
	1785.00	0.00	10.60	986.22
	1785.01	0.00	10.53	986.34
	1785.02	0.00	10.49	987.42
	1785.04	0.00	10.49	988.43
	1785.05	0.00	10.48	986.43
	1785.06	0.00	10.48	987.44
	1785.07	0.00	10.44	988.51
	1785.08	0.00	10.45	982.51
	1785.09	0.00	10.45	984.52
	1785.10	0.00	10.45	985.52
	1785.12	0.00	10.42	986.59
	1785.13	0.00	10.46	986.54
	1785.14	0.00	10.43	987.55
	1785.15	0.00	10.45	990.55
	1785.16	0.00	10.33	968.52
	1785.18	0.00	10.30	968.60
	1785.19	0.00	10.29	968.59
	1785.20	0.00	10.29	969.60
	1785.21	0.00	10.33	975.59
	1785.22	0.00	10.33	978.63
	1785.23	0.00	10.35	976.64
	1785.24	0.00	10.35	979.64
	1785.26	0.00	10.34	983.67
	1785.27	0.00	10.37	988.64
	1785.28	0.00	10.36	988.65
	1785.29	0.00	10.30	976.59
	1785.30	0.00	10.34	986.61
	1785.31	0.00	10.40	998.61
	1785.32	0.00	10.41	1001.62
	1785.34	0.00	10.43	1002.62
	1785.35	0.00	10.42	1003.63
	1785.36	0.00	10.41	1005.63
	1785.37	0.00	10.41	1006.63
	1785.38	0.00	10.39	1007.66
	1785.40	0.00	10.42	1004.61
	1785.41	0.00	10.41	1009.64
	1785.42	0.00	10.42	1012.65
	1785.43	0.00	10.40	1010.67
	1785.44	0.00	10.39	1008.67
	1785.45	0.00	10.41	1013.67
	1785.46	0.00	10.41	1014.67
	1785.48	0.00	10.39	1014.70
	1785.49	0.00	10.40	1014.67
	1785.50	0.00	10.42	1015.66
	1785.51	0.00	10.41	1012.63
	1785.52	0.00	10.41	1011.63
	1785.54	0.00	10.42	1013.63
	1785.55	0.00	10.42	1013.62
	1785.56	0.00	10.43	1013.61
	1785.57	0.00	10.44	1014.62
	1785.58	0.00	10.42	1012.62
	1785.59	0.00	10.43	1013.62
	1785.61	0.00	10.45	1013.59
	1785.62	0.00	10.42	1010.61
	1785.63	0.00	10.40	1008.62
	1785.64	0.00	10.39	1005.61
	1785.65	0.00	10.37	1005.67
	1785.66	0.00	10.37	999.61
	1785.68	0.00	10.40	1006.61
	1785.69	0.00	10.40	1005.61
	1785.70	0.00	10.42	1006.61
	1785.71	0.00	10.40	1005.61
	1785.72	0.00	10.41	1005.61
	1785.73	0.00	10.41	1003.60
	1785.75	0.00	10.40	1002.61
	1785.76	0.00	10.41	1001.60
	1785.77	0.00	10.42	1001.60
	1785.78	0.00	10.42	1001.61
	1785.79	0.00	10.41	998.60
	1785.80	0.00	10.41	999.60
	1785.81	0.00	10.43	1000.60
	1785.83	0.00	10.42	998.58
	1785.84	0.00	10.43	1002.60
	1785.85	0.00	10.45	997.56
	1785.86	0.00	10.41	997.61
	1785.87	0.00	10.41	999.64
	1785.89	0.00	10.42	998.64
	1785.90	0.00	10.41	999.65
	1785.91	0.00	10.41	999.66
	1785.92	0.00	10.42	1001.66
	1785.93	0.00	10.40	999.67
	1785.94	0.00	10.42	997.62
	1785.95	0.00	10.43	998.62
	1785.97	0.00	10.46	1001.60
	1785.98	0.00	10.44	997.62
	1785.99	0.00	10.44	996.62
	1786.00	0.00	10.44	996.64
	1786.01	0.00	10.43	992.63
	1786.02	0.00	10.45	996.63
	1786.04	0.00	10.47	995.63
	1786.05	0.00	10.46	994.63
	1786.06	0.00	10.46	995.63
	1786.07	0.00	10.46	993.63
	1786.08	0.00	10.46	995.64
	1786.09	0.00	10.47	995.62
	1786.10	0.00	10.48	994.64
	1786.12	0.00	10.56	991.44
	1786.13	0.00	10.66	991.26
	1786.14	0.00	10.62	991.33
	1786.15	0.00	10.64	991.29
	1786.16	0.00	10.68	993.24
	1786.18	0.00	10.70	994.22
	1786.19	0.00	10.69	996.25
	1786.20	0.00	10.68	992.26
	1786.21	0.00	10.70	995.26
	1786.22	0.00	10.66	994.29
	1786.23	0.00	10.66	990.26
	1786.25	0.00	10.66	989.27
	1786.26	0.00	10.67	990.27
	1786.27	0.00	10.65	990.28
	1786.28	0.00	10.65	989.28
	1786.29	0.00	10.65	990.28
	1786.30	0.00	10.66	989.28
	1786.31	0.00	10.67	990.27
	1786.33	0.00	10.65	989.28
	1786.34	0.00	10.68	976.12
	1786.35	0.00	10.58	975.28
	1786.36	0.00	10.55	973.34
	1786.37	0.00	10.49	971.43
	1786.39	0.00	10.51	973.41
	1786.40	0.00	10.51	973.41
	1786.41	0.00	10.50	974.44
	1786.42	0.00	10.48	973.46
	1786.43	0.00	10.47	965.49
	1786.44	0.00	10.48	966.49
	1786.45	0.00	10.49	969.51
	1786.47	0.00	10.48	969.52
	1786.48	0.00	10.48	970.52
	1786.49	0.00	10.47	966.50
	1786.50	0.00	10.37	951.54
	1786.51	0.00	10.35	950.55
	1786.52	0.00	10.36	954.57
	1786.54	0.00	10.34	952.59
	1786.55	0.00	10.38	957.58
	1786.56	0.00	10.38	958.59
	1786.57	0.00	10.39	961.59
	1786.58	0.00	10.43	958.57
	1786.59	0.00	10.44	964.60
	1786.60	0.00	10.42	965.60
	1786.62	0.00	10.42	964.60
	1786.63	0.00	10.40	963.62
	1786.64	0.00	10.43	968.60
	1786.65	0.00	10.43	967.60
	1786.66	0.00	10.41	968.60
	1786.68	0.00	10.40	967.62
	1786.69	0.00	10.34	954.58
	1786.70	0.00	10.39	960.55
	1786.71	0.00	10.39	962.55
	1786.72	0.00	10.45	975.56
	1786.73	0.00	10.46	978.57
	1786.74	0.00	10.48	980.57
	1786.76	0.00	10.48	977.57
	1786.77	0.00	10.47	978.57
	1786.78	0.00	10.48	981.57
	1786.79	0.00	10.49	982.57
	1786.80	0.00	10.50	983.58
	1786.81	0.00	10.50	985.58
	1786.82	0.00	10.50	985.58
	1786.84	0.00	10.50	985.58
	1786.85	0.00	10.49	983.58
	1786.86	0.00	10.49	984.58
	1786.87	0.00	10.49	983.58
	1786.88	0.00	10.49	983.58
	1786.90	0.00	10.51	986.56
	1786.91	0.00	10.45	972.54
	1786.92	0.00	10.51	987.57
	1786.93	0.00	10.51	990.59
	1786.94	0.00	10.54	988.55
	1786.95	0.00	10.50	988.60
	1786.96	0.00	10.52	989.59
	1786.98	0.00	10.51	991.60
	1786.99	0.00	10.51	990.60
	1787.00	0.00	10.50	989.61
	1787.01	0.00	10.51	991.61
	1787.02	0.00	10.51	991.61
	1787.03	0.00	10.51	993.61
	1787.05	0.00	10.51	992.61
	1787.06	0.00	10.51	992.61
	1787.07	0.00	10.51	987.56
	1787.08	0.00	10.50	987.57
	1787.09	0.00	10.49	993.62
	1787.10	0.00	10.48	993.62
	1787.12	0.00	10.50	991.57
	1787.13	0.00	10.50	993.58
	1787.14	0.00	10.49	996.58
	1787.15	0.00	10.51	1000.58
	1787.16	0.00	10.50	1000.58
	1787.17	0.00	10.48	1002.62
	1787.19	0.00	10.50	1003.58
	1787.20	0.00	10.49	1002.58
	1787.21	0.00	10.49	1006.58
	1787.22	0.00	10.48	1007.58
	1787.23	0.00	10.42	999.58
	1787.24	0.00	10.40	998.59
	1787.26	0.00	10.41	1002.59
	1787.27	0.00	10.39	1005.62
	1787.28	0.00	10.42	1009.59
	1787.29	0.00	10.39	1009.60
	1787.30	0.00	10.39	1009.60
	1787.31	0.00	10.35	1010.64
	1787.33	0.00	10.34	1007.61
	1787.34	0.00	10.33	1005.61
	1787.35	0.00	10.35	1008.62
	1787.36	0.00	10.35	1013.64
	1787.37	0.00	10.36	1014.62
	1787.38	0.00	10.35	1013.63
	1787.40	0.00	10.36	1013.63
	1787.41	0.00	10.35	1012.63
	1787.42	0.00	10.35	1014.63
	1787.43	0.00	10.41	1014.54
	1787.44	0.00	10.37	1010.56
	1787.45	0.00	10.35	1012.62
	1787.46	0.00	10.35	1013.63
	1787.48	0.00	10.33	1013.67
	1787.49	0.00	10.33	1014.69
	1787.50	0.00	10.30	1010.72
	1787.51	0.00	10.32	1011.70
	1787.52	0.00	10.33	1012.69
	1787.54	0.00	10.30	1006.69
	1787.55	0.00	10.35	1011.65
	1787.56	0.00	10.37	1011.64
	1787.57	0.00	10.36	1010.65
	1787.58	0.00	10.34	1005.66
	1787.59	0.00	10.35	1009.70
	1787.61	0.00	10.37	1007.66
	1787.62	0.00	10.37	1005.66
	1787.63	0.00	10.37	1006.66
	1787.64	0.00	10.53	1002.35
	1787.65	0.00	10.60	1006.28
	1787.66	0.00	10.59	1006.29
	1787.68	0.00	10.60	1005.28
	1787.69	0.00	10.60	1005.29
	1787.70	0.00	10.57	1000.31
	1787.71	0.00	10.58	998.32
	1787.72	0.00	10.56	999.33
	1787.73	0.00	10.55	996.34
	1787.75	0.00	10.65	994.15
	1787.76	0.00	10.56	984.23
	1787.77	0.00	10.60	985.17
	1787.78	0.00	10.65	989.15
	1787.79	0.00	10.57	981.22
	1787.80	0.00	10.49	977.34
	1787.81	0.00	10.51	978.35
	1787.83	0.00	10.42	975.49
	1787.84	0.00	10.44	976.52
	1787.85	0.00	10.44	967.53
	1787.86	0.00	10.44	968.55
	1787.87	0.00	10.47	968.53
	1787.89	0.00	10.45	965.53
	1787.90	0.00	10.46	967.54
	1787.91	0.00	10.46	965.56
	1787.92	0.00	10.48	969.54
	1787.93	0.00	10.49	968.54
	1787.94	0.00	10.44	956.51
	1787.95	0.00	10.44	958.55
	1787.97	0.00	10.44	953.51
	1787.98	0.00	10.52	965.50
	1787.99	0.00	10.38	944.53
	1788.00	0.00	10.37	943.54
	1788.01	0.00	10.37	946.58
	1788.02	0.00	10.38	951.59
	1788.04	0.00	10.40	953.60
	1788.05	0.00	10.41	955.60
	1788.06	0.00	10.40	956.60
	1788.07	0.00	10.42	953.61
	1788.08	0.00	10.43	953.61
	1788.09	0.00	10.43	954.61
	1788.10	0.00	10.44	959.61
	1788.12	0.00	10.44	961.61
	1788.13	0.00	10.44	962.61
	1788.14	0.00	10.38	949.57
	1788.15	0.00	10.43	959.56
	1788.16	0.00	10.39	952.56
	1788.18	0.00	10.40	959.62
	1788.19	0.00	10.46	967.57
	1788.20	0.00	10.49	970.58
	1788.21	0.00	10.50	973.58
	1788.22	0.00	10.51	974.60
	1788.23	0.00	10.52	976.59
	1788.24	0.00	10.52	976.59
	1788.26	0.00	10.53	976.60
	1788.27	0.00	10.54	974.58
	1788.28	0.00	10.56	972.59
	1788.29	0.00	10.54	972.59
	1788.30	0.00	10.56	973.58
	1788.31	0.00	10.52	968.60
	1788.32	0.00	10.60	969.54
	1788.34	0.00	10.58	970.57
	1788.35	0.00	10.58	970.58
	1788.36	0.00	10.57	968.59
	1788.37	0.00	10.60	971.57
	1788.38	0.00	10.59	968.57
	1788.40	0.00	10.60	971.57
	1788.41	0.00	10.60	972.58
	1788.42	0.00	10.60	970.58
	1788.43	0.00	10.60	971.58
	1788.44	0.00	10.62	973.55
	1788.45	0.00	10.61	974.58
	1788.47	0.00	10.60	972.58
	1788.48	0.00	10.60	974.58
	1788.49	0.00	10.58	973.61
	1788.50	0.00	10.60	973.58
	1788.51	0.00	10.60	970.54
	1788.52	0.00	10.61	972.54
	1788.54	0.00	10.65	975.50
	1788.55	0.00	10.63	973.54
	1788.56	0.00	10.64	975.53
	1788.57	0.00	10.63	975.54
	1788.58	0.00	10.64	975.53
	1788.59	0.00	10.64	976.53
	1788.60	0.00	10.64	974.53
	1788.62	0.00	10.65	978.53
	1788.63	0.00	10.66	978.51
	1788.64	0.00	10.65	977.53
	1788.65	0.00	10.59	966.53
	1788.66	0.00	10.61	970.52
	1788.68	0.00	10.56	961.52
	1788.69	0.00	10.62	968.52
	1788.70	0.00	10.61	971.52
	1788.71	0.00	10.63	971.50
	1788.72	0.00	10.63	971.52
	1788.73	0.00	10.62	970.52
	1788.74	0.00	10.62	970.52
	1788.76	0.00	10.59	969.56
	1788.77	0.00	10.62	970.51
	1788.78	0.00	10.62	969.50
	1788.79	0.00	10.61	969.50
	1788.80	0.00	10.57	964.52
	1788.81	0.00	10.61	968.50
	1788.83	0.00	10.63	970.49
	1788.84	0.00	10.61	967.49
	1788.85	0.00	10.60	968.52
	1788.86	0.00	10.64	972.49
	1788.87	0.00	10.63	971.49
	1788.88	0.00	10.63	971.49
	1788.90	0.00	10.63	972.49
	1788.91	0.00	10.64	974.50
	1788.92	0.00	10.63	975.50
	1788.93	0.00	10.68	975.41
	1788.94	0.00	10.71	974.36
	1788.95	0.00	10.63	971.46
	1788.96	0.00	10.61	972.51
	1788.98	0.00	10.62	975.53
	1788.99	0.00	10.60	973.56
	1789.00	0.00	10.61	976.55
	1789.01	0.00	10.60	975.56
	1789.02	0.00	10.59	974.56
	1789.04	0.00	10.57	971.57
	1789.05	0.00	10.61	976.57
	1789.06	0.00	10.59	977.59
	1789.07	0.00	10.57	978.63
	1789.08	0.00	10.58	977.60
	1789.09	0.00	10.63	978.53
	1789.10	0.00	10.62	979.54
	1789.12	0.00	10.60	980.58
	1789.13	0.00	10.63	982.57
	1789.14	0.00	10.61	981.57
	1789.15	0.00	10.62	980.57
	1789.16	0.00	10.62	979.56
	1789.17	0.00	10.61	981.58
	1789.19	0.00	10.61	980.58
	1789.20	0.00	10.61	982.58
	1789.21	0.00	10.69	980.41
	1789.22	0.00	10.73	980.35
	1789.23	0.00	10.76	979.27
	1789.25	0.00	10.80	979.22
	1789.26	0.00	10.82	984.21
	1789.27	0.00	10.83	985.21
	1789.28	0.00	10.82	982.22
	1789.29	0.00	10.79	976.24
	1789.30	0.00	10.81	980.23
	1789.31	0.00	10.79	979.25
	1789.33	0.00	10.77	979.26
	1789.34	0.00	10.80	965.10
	1789.35	0.00	10.73	965.22
	1789.36	0.00	10.65	962.33
	1789.37	0.00	10.70	963.26
	1789.38	0.00	10.70	962.26
	1789.40	0.00	10.65	963.35
	1789.41	0.00	10.64	966.41
	1789.42	0.00	10.62	963.41
	1789.43	0.00	10.59	960.47
	1789.44	0.00	10.62	958.44
	1789.45	0.00	10.62	956.44
	1789.46	0.00	10.61	951.46
	1789.48	0.00	10.61	955.48
	1789.49	0.00	10.62	957.47
	1789.50	0.00	10.61	957.48
	1789.51	0.00	10.61	955.48
	1789.52	0.00	10.61	954.47
	1789.54	0.00	10.62	955.47
	1789.55	0.00	10.62	955.48
	1789.56	0.00	10.54	938.46
	1789.57	0.00	10.47	934.53
	1789.58	0.00	10.48	934.52
	1789.59	0.00	10.52	940.53
	1789.60	0.00	10.54	942.54
	1789.62	0.00	10.54	942.55
	1789.63	0.00	10.58	944.54
	1789.64	0.00	10.57	944.54
	1789.65	0.00	10.57	945.53
	1789.66	0.00	10.58	947.55
	1789.68	0.00	10.56	948.55
	1789.69	0.00	10.57	952.55
	1789.70	0.00	10.49	932.52
	1789.71	0.00	10.58	949.51
	1789.72	0.00	10.55	942.51
	1789.73	0.00	10.52	936.50
	1789.75	0.00	10.57	947.53
	1789.76	0.00	10.62	953.51
	1789.77	0.00	10.62	956.52
	1789.71.00	10.63	998.58
	1823.97	0.00	10.69	1005.61
	1823.99	0.00	10.67	9	0.00	10.64	1019.67
	1823.95	0.00	10.67	1014.66
	1823.96	0.00	10.63	998.58
	1823.97	0.00	10.69	1005.61
	1823.99	0.00	10.67	9	0.00	10.64	1019.67
	1823.95	0.00	10.67	1014.66
	1823.96	0.00	10.63	998.58
	1823.97	0.00	10.69	1005.61
	1823.99	0.00	10.67	999.61
	1824.00	0.00	10.68	999.61
	1824.01	0.00	10.69	1002.62
	1824.02	0.00	10.67	999.61
	1824.03	0.00	10.71	1005.61
	1824.05	0.00	10.71	1007.61
	1824.06	0.00	10.72	1008.60
	1824.07	0.00	10.75	1008.54
	1824.08	0.00	10.73	1010.60
	1824.09	0.00	10.73	1010.60
	1824.10	0.00	10.71	1004.60
	1824.11	0.00	10.84	1005.41
	1824.13	0.00	10.70	996.58
	1824.14	0.00	10.73	994.57
	1824.15	0.00	11.07	1052.55
	1824.16	0.00	10.72	983.57
	1824.17	0.00	10.76	985.53
	1824.19	0.00	10.76	985.53
	1824.20	0.00	10.76	985.52
	1824.21	0.00	10.77	984.52
	1824.22	0.00	10.74	983.53
	1824.23	0.00	10.75	984.53
	1824.24	0.00	10.71	980.53
	1824.25	0.00	10.75	986.53
	1824.27	0.00	10.74	988.55
	1824.28	0.00	10.75	991.55
	1824.29	0.00	10.75	991.55
	1824.30	0.00	10.75	989.54
	1824.31	0.00	10.74	989.57
	1824.32	0.00	10.78	985.53
	1824.33	0.00	10.78	984.52
	1824.35	0.00	10.80	983.50
	1824.36	0.00	10.86	980.40
	1824.37	0.00	10.88	981.40
	1824.38	0.00	10.87	978.40
	1824.39	0.00	10.87	975.40
	1824.41	0.00	10.85	975.43
	1824.42	0.00	10.84	974.44
	1824.43	0.00	10.87	977.44
	1824.44	0.00	10.85	977.45
	1824.45	0.00	10.86	980.45
	1824.46	0.00	10.88	980.45
	1824.47	0.00	10.85	978.46
	1824.49	0.00	10.88	983.46
	1824.50	0.00	10.91	980.40
	1824.51	0.00	10.92	982.39
	1824.52	0.00	10.90	978.40
	1824.53	0.00	10.91	975.39
	1824.54	0.00	10.96	973.37
	1824.56	0.00	10.97	974.36
	1824.57	0.00	10.97	963.29
	1824.58	0.00	10.99	969.32
	1824.59	0.00	10.97	964.32
	1824.60	0.00	11.00	969.31
	1824.61	0.00	10.95	961.30
	1824.63	0.00	11.18	972.01
	1824.64	0.00	11.19	970.99
	1824.65	0.00	11.21	976.00
	1824.66	0.00	11.18	975.04
	1824.67	0.00	11.17	976.03
	1824.68	0.00	11.18	973.03
	1824.70	0.00	11.15	972.04
	1824.71	0.00	11.14	970.05
	1824.72	0.00	11.13	974.07
	1824.73	0.00	11.22	972.93
	1824.74	0.00	11.10	956.97
	1824.75	0.00	11.12	959.96
	1824.77	0.00	11.09	955.97
	1824.78	0.00	11.00	961.15
	1824.79	0.00	10.96	959.21
	1824.80	0.00	10.94	954.24
	1824.81	0.00	10.95	952.27
	1824.82	0.00	10.94	951.27
	1824.83	0.00	10.95	953.28
	1824.85	0.00	10.97	954.25
	1824.86	0.00	10.95	951.27
	1824.87	0.00	10.83	930.26
	1824.88	0.00	10.84	929.26
	1824.89	0.00	10.78	924.30
	1824.91	0.00	10.87	936.27
	1824.92	0.00	10.84	939.34
	1824.93	0.00	10.87	939.35
	1824.94	0.00	10.87	944.35
	1824.95	0.00	10.86	945.37
	1824.96	0.00	10.88	948.36
	1824.97	0.00	10.85	944.36
	1824.99	0.00	10.86	946.36
	1825.00	0.00	10.79	931.33
	1825.01	0.00	10.88	946.32
	1825.02	0.00	10.91	952.33
	1825.03	0.00	10.92	954.33
	1825.04	0.00	10.94	954.33
	1825.06	0.00	10.93	953.33
	1825.07	0.00	10.93	953.33
	1825.08	0.00	10.92	955.33
	1825.09	0.00	10.93	955.33
	1825.10	0.00	10.89	952.35
	1825.11	0.00	10.91	957.35
	1825.13	0.00	10.91	959.35
	1825.14	0.00	10.92	962.37
	1825.15	0.00	10.92	963.38
	1825.16	0.00	10.92	962.38
	1825.17	0.00	10.92	963.38
	1825.18	0.00	10.91	961.38
	1825.20	0.00	10.92	961.38
	1825.21	0.00	11.30	1034.38
	1825.22	0.00	10.91	964.39
	1825.23	0.00	10.91	963.39
	1825.24	0.00	10.87	955.38
	1825.25	0.00	10.91	961.36
	1825.27	0.00	10.88	958.36
	1825.28	0.00	10.88	958.36
	1825.29	0.00	10.89	956.34
	1825.30	0.00	10.89	959.36
	1825.31	0.00	10.90	961.36
	1825.32	0.00	10.89	958.36
	1825.33	0.00	10.92	957.33
	1825.35	0.00	10.90	955.36
	1825.36	0.00	10.90	956.36
	1825.37	0.00	10.89	954.36
	1825.38	0.00	10.88	957.38
	1825.39	0.00	10.92	959.35
	1825.40	0.00	10.90	955.35
	1825.42	0.00	10.92	956.34
	1825.43	0.00	10.83	941.33
	1825.44	0.00	10.86	945.34
	1825.45	0.00	10.86	944.34
	1825.46	0.00	10.85	941.34
	1825.47	0.00	10.86	942.33
	1825.49	0.00	10.87	944.33
	1825.50	0.00	10.87	943.33
	1825.51	0.00	10.87	944.33
	1825.52	0.00	10.86	937.33
	1825.53	0.00	10.87	936.32
	1825.55	0.00	10.89	939.32
	1825.56	0.00	10.88	935.32
	1825.57	0.00	10.95	938.23
	1825.58	0.00	10.87	933.30
	1825.59	0.00	10.91	935.30
	1825.60	0.00	10.90	931.29
	1825.61	0.00	10.91	932.30
	1825.63	0.00	10.90	931.28
	1825.64	0.00	10.91	928.26
	1825.65	0.00	10.92	928.25
	1825.66	0.00	10.92	929.27
	1825.67	0.00	10.96	935.24
	1825.68	0.00	10.96	934.23
	1825.69	0.00	10.97	933.23
	1825.71	0.00	10.98	932.22
	1825.72	0.00	10.99	934.22
	1825.73	0.00	10.98	931.21
	1825.74	0.00	10.99	933.21
	1825.75	0.00	10.99	932.22
	1825.77	0.00	11.01	932.19
	1825.78	0.00	11.07	931.11
	1825.79	0.00	11.02	929.17
	1825.80	0.00	11.06	930.12
	1825.81	0.00	11.02	929.19
	1825.82	0.00	11.03	929.16
	1825.83	0.00	11.08	926.11
	1825.85	0.00	11.12	924.05
	1825.86	0.00	11.13	923.04
	1825.87	0.00	11.15	922.02
	1825.88	0.00	11.17	918.97
	1825.89	0.00	11.17	915.96
	1825.90	0.00	11.17	911.96
	1825.92	0.00	11.17	912.94
	1825.93	0.00	11.18	912.93
	1825.94	0.00	11.18	913.93
	1825.95	0.00	11.16	914.97
	1825.96	0.00	11.18	914.95
	1825.97	0.00	11.16	911.95
	1825.99	0.00	11.20	915.92
	1826.00	0.00	11.21	919.93
	1826.01	0.00	11.12	908.95
	1826.02	0.00	11.20	922.96
	1826.03	0.00	11.21	923.96
	1826.04	0.00	11.22	924.95
	1826.06	0.00	11.21	923.96
	1826.07	0.00	11.21	924.96
	1826.08	0.00	11.21	924.96
	1826.09	0.00	11.21	924.96
	1826.10	0.00	11.22	924.95
	1826.11	0.00	11.21	921.94
	1826.13	0.00	11.29	917.79
	1826.14	0.00	11.37	919.68
	1826.15	0.00	11.35	919.72
	1826.16	0.00	11.37	922.71
	1826.17	0.00	11.38	919.67
	1826.18	0.00	11.41	924.67
	1826.19	0.00	11.42	924.66
	1826.21	0.00	11.39	923.68
	1826.22	0.00	11.39	919.68
	1826.23	0.00	11.39	919.69
	1826.24	0.00	11.39	918.69
	1826.25	0.00	11.40	919.68
	1826.27	0.00	11.39	918.68
	1826.28	0.00	11.37	918.69
	1826.29	0.00	11.41	920.65
	1826.30	0.00	11.42	910.55
	1826.31	0.00	11.32	903.64
	1826.32	0.00	11.28	904.71
	1826.33	0.00	11.28	905.71
	1826.34	0.00	11.26	901.71
	1826.36	0.00	11.25	906.78
	1826.37	0.00	11.23	908.82
	1826.38	0.00	11.25	906.82
	1826.39	0.00	11.25	908.85
	1826.40	0.00	11.26	914.87
	1826.42	0.00	11.28	920.87
	1826.43	0.00	11.27	917.87
	1826.44	0.00	11.27	923.89
	1826.45	0.00	11.25	922.91
	1826.46	0.00	11.24	916.86
	1826.47	0.00	11.25	917.86
	1826.48	0.00	11.27	923.88
	1826.50	0.00	11.28	926.88
	1826.51	0.00	11.28	927.89
	1826.52	0.00	11.28	929.89
	1826.53	0.00	11.30	928.86
	1826.54	0.00	11.26	933.91
	1826.55	0.00	11.23	932.93
	1826.57	0.00	11.22	935.95
	1826.58	0.00	11.18	934.98
	1826.59	0.00	11.17	938.00
	1826.60	0.00	11.15	938.02
	1826.61	0.00	11.14	938.02
	1826.62	0.00	11.12	940.05
	1826.64	0.00	11.10	941.08
	1826.65	0.00	11.10	943.08
	1826.66	0.00	11.09	946.11
	1826.67	0.00	11.06	949.16
	1826.68	0.00	11.05	952.16
	1826.69	0.00	11.02	953.18
	1826.70	0.00	11.00	954.19
	1826.72	0.00	11.03	955.16
	1826.73	0.00	10.98	955.21
	1826.74	0.00	10.94	961.24
	1826.75	0.00	10.92	965.28
	1826.76	0.00	10.88	971.31
	1826.78	0.00	10.86	975.34
	1826.79	0.00	10.85	976.36
	1826.80	0.00	10.82	974.38
	1826.81	0.00	10.77	976.45
	1826.82	0.00	10.78	979.44
	1826.83	0.00	10.78	978.44
	1826.84	0.00	10.78	978.44
	1826.86	0.00	10.78	978.42
	1826.87	0.00	10.78	976.44
	1826.88	0.00	10.80	978.44
	1826.89	0.00	10.79	978.44
	1826.90	0.00	10.81	980.41
	1826.92	0.00	10.78	983.45
	1826.93	0.00	10.76	982.46
	1826.94	0.00	10.76	987.47
	1826.95	0.00	10.75	983.45
	1826.96	0.00	10.80	988.39
	1826.97	0.00	10.78	987.40
	1826.98	0.00	10.79	992.40
	1827.00	0.00	10.80	988.38
	1827.01	0.00	10.76	989.42
	1827.02	0.00	10.76	994.43
	1827.03	0.00	10.75	994.44
	1827.04	0.00	10.71	993.47
	1827.05	0.00	10.74	997.45
	1827.06	0.00	10.71	994.45
	1827.08	0.00	10.71	995.45
	1827.09	0.00	10.70	997.47
	1827.10	0.00	10.70	999.47
	1827.11	0.00	10.68	999.48
	1827.12	0.00	10.68	999.48
	1827.14	0.00	10.65	997.50
	1827.15	0.00	10.70	1003.49
	1827.16	0.00	10.67	1001.49
	1827.17	0.00	10.64	1003.53
	1827.18	0.00	10.57	1001.61
	1827.19	0.00	10.61	1006.56
	1827.21	0.00	10.59	1004.57
	1827.22	0.00	10.58	1007.58
	1827.23	0.00	10.56	1005.59
	1827.24	0.00	10.56	1006.60
	1827.25	0.00	10.54	1009.61
	1827.26	0.00	10.59	1009.50
	1827.28	0.00	10.52	1008.63
	1827.29	0.00	10.49	1005.67
	1827.30	0.00	10.49	1006.69
	1827.31	0.00	10.48	1004.71
	1827.32	0.00	10.50	1006.70
	1827.33	0.00	10.49	1002.71
	1827.35	0.00	10.50	1002.71
	1827.36	0.00	10.50	997.67
	1827.37	0.00	10.54	1000.65
	1827.38	0.00	10.52	999.67
	1827.39	0.00	10.51	993.67
	1827.40	0.00	10.50	993.70
	1827.42	0.00	10.51	990.67
	1827.43	0.00	10.51	989.67
	1827.44	0.00	10.51	986.67
	1827.45	0.00	10.50	987.68
	1827.46	0.00	10.49	985.68
	1827.47	0.00	10.49	980.68
	1827.48	0.00	10.54	977.59
	1827.50	0.00	10.56	975.53
	1827.51	0.00	10.64	972.37
	1827.52	0.00	10.65	971.38
	1827.53	0.00	10.71	967.25
	1827.54	0.00	10.67	966.33
	1827.56	0.00	10.69	968.31
	1827.57	0.00	10.70	968.32
	1827.58	0.00	10.70	968.32
	1827.59	0.00	10.69	962.33
	1827.60	0.00	10.67	962.34
	1827.61	0.00	10.68	961.34
	1827.62	0.00	10.68	961.34
	1827.64	0.00	10.67	960.34
	1827.65	0.00	10.68	961.34
	1827.66	0.00	10.67	962.34
	1827.67	0.00	10.71	962.28
	1827.68	0.00	10.72	952.14
	1827.69	0.00	10.63	948.28
	1827.71	0.00	10.58	949.38
	1827.72	0.00	10.58	949.37
	1827.73	0.00	10.63	949.28
	1827.74	0.00	10.58	950.36
	1827.75	0.00	10.55	951.42
	1827.77	0.00	10.52	951.47
	1827.78	0.00	10.50	943.51
	1827.79	0.00	10.49	944.53
	1827.80	0.00	10.52	948.51
	1827.81	0.00	10.54	952.54
	1827.82	0.00	10.51	949.54
	1827.83	0.00	10.52	950.54
	1827.85	0.00	10.54	951.51
	1827.86	0.00	10.53	954.55
	1827.87	0.00	10.41	933.53
	1827.88	0.00	10.37	931.58
	1827.89	0.00	10.35	930.59
	1827.90	0.00	10.40	939.61
	1827.92	0.00	10.36	936.61
	1827.93	0.00	10.38	937.60
	1827.94	0.00	10.35	942.68
	1827.95	0.00	10.41	950.65
	1827.96	0.00	10.41	949.65
	1827.97	0.00	10.42	947.66
	1827.98	0.00	10.42	954.67
	1828.00	0.00	10.43	959.66
	1828.01	0.00	10.43	958.66
	1828.02	0.00	10.44	958.66
	1828.03	0.00	10.41	954.66
	1828.04	0.00	10.44	962.66
	1828.06	0.00	10.40	952.61
	1828.07	0.00	10.49	965.56
	1828.08	0.00	10.50	971.62
	1828.09	0.00	10.51	973.63
	1828.10	0.00	10.51	974.64
	1828.11	0.00	10.55	975.56
	1828.12	0.00	10.52	975.63
	1828.14	0.00	10.51	979.64
	1828.15	0.00	10.50	977.64
	1828.16	0.00	10.53	982.63
	1828.17	0.00	10.55	979.59
	1828.18	0.00	10.53	983.64
	1828.19	0.00	10.55	985.65
	1828.21	0.00	10.52	985.70
	1828.22	0.00	10.56	987.65
	1828.23	0.00	10.54	985.66
	1828.24	0.00	10.55	984.66
	1828.25	0.00	10.56	985.68
	1828.26	0.00	10.58	986.66
	1828.28	0.00	10.57	985.66
	1828.29	0.00	10.60	985.63
	1828.30	0.00	10.57	982.66
	1828.31	0.00	10.59	984.64
	1828.32	0.00	10.59	984.64
	1828.33	0.00	10.60	980.60
	1828.34	0.00	10.61	982.60
	1828.36	0.00	10.63	983.59
	1828.37	0.00	10.63	983.59
	1828.38	0.00	10.67	983.55
	1828.39	0.00	10.66	984.58
	1828.40	0.00	10.66	982.58
	1828.42	0.00	10.66	982.57
	1828.43	0.00	10.65	979.58
	1828.44	0.00	10.67	980.57
	1828.45	0.00	10.68	977.56
	1828.46	0.00	10.63	966.56
	1828.47	0.00	10.62	966.58
	1828.48	0.00	10.66	968.55
	1828.50	0.00	10.65	968.56
	1828.51	0.00	10.66	968.55
	1828.52	0.00	10.66	968.56
	1828.53	0.00	10.68	968.55
	1828.54	0.00	10.68	968.55
	1828.55	0.00	10.68	965.54
	1828.57	0.00	10.68	963.54
	1828.58	0.00	10.69	961.53
	1828.59	0.00	10.70	964.53
	1828.60	0.00	10.65	956.53
	1828.61	0.00	10.67	958.54
	1828.62	0.00	10.64	956.54
	1828.64	0.00	10.65	957.54
	1828.65	0.00	10.68	959.52
	1828.66	0.00	10.68	959.54
	1828.67	0.00	10.68	959.54
	1828.68	0.00	10.68	959.54
	1828.69	0.00	10.67	955.53
	1828.71	0.00	10.69	955.53
	1828.72	0.00	10.68	954.53
	1828.73	0.00	10.69	955.53
	1828.74	0.00	10.73	952.44
	1828.75	0.00	10.72	955.48
	1828.76	0.00	10.67	952.54
	1828.78	0.00	10.66	953.57
	1828.79	0.00	10.66	954.58
	1828.80	0.00	10.68	955.56
	1828.81	0.00	10.66	953.57
	1828.82	0.00	10.73	954.46
	1828.83	0.00	10.65	951.60
	1828.84	0.00	10.65	952.59
	1828.86	0.00	10.65	950.60
	1828.87	0.00	10.64	950.60
	1828.88	0.00	10.66	952.60
	1828.89	0.00	10.63	947.60
	1828.90	0.00	10.64	950.60
	1828.92	0.00	10.66	950.57
	1828.93	0.00	10.65	950.61
	1828.94	0.00	10.64	949.60
	1828.95	0.00	10.66	947.55
	1828.96	0.00	10.66	945.53
	1828.97	0.00	10.68	948.54
	1828.98	0.00	10.68	948.54
	1829.00	0.00	10.68	947.54
	1829.01	0.00	10.73	948.45
	1829.02	0.00	10.69	950.55
	1829.03	0.00	10.68	948.56
	1829.04	0.00	10.67	946.57
	1829.05	0.00	10.66	948.58
	1829.07	0.00	10.67	949.57
	1829.08	0.00	10.67	948.57
	1829.09	0.00	10.66	950.58
	1829.10	0.00	10.61	941.58
	1829.11	0.00	10.65	948.58
	1829.12	0.00	10.70	944.45
	1829.14	0.00	10.82	948.28
	1829.15	0.00	10.84	949.25
	1829.16	0.00	10.85	949.24
	1829.17	0.00	10.85	951.25
	1829.18	0.00	10.87	950.24
	1829.19	0.00	10.83	948.27
	1829.21	0.00	10.81	945.28
	1829.22	0.00	10.81	946.28
	1829.23	0.00	10.82	945.27
	1829.24	0.00	10.81	946.28
	1829.25	0.00	10.80	947.29
	1829.26	0.00	10.80	947.29
	1829.28	0.00	10.82	949.27
	1829.29	0.00	10.81	951.30
	1829.30	0.00	10.79	948.30
	1829.31	0.00	10.81	950.30
	1829.32	0.00	10.88	940.08
	1829.33	0.00	10.79	936.17
	1829.34	0.00	10.69	934.32
	1829.36	0.00	10.64	935.39
	1829.37	0.00	10.65	936.38
	1829.38	0.00	10.68	934.35
	1829.39	0.00	10.63	936.42
	1829.40	0.00	10.61	935.47
	1829.41	0.00	10.61	928.48
	1829.43	0.00	10.61	931.49
	1829.44	0.00	10.61	931.49
	1829.45	0.00	10.60	932.53
	1829.46	0.00	10.58	928.51
	1829.47	0.00	10.49	913.50
	1829.48	0.00	10.48	915.54
	1829.50	0.00	10.56	920.44
	1829.51	0.00	10.48	916.55
	1829.52	0.00	10.46	914.55
	1829.53	0.00	10.49	919.56
	1829.54	0.00	10.48	919.58
	1829.55	0.00	10.52	927.59
	1829.57	0.00	10.53	924.59
	1829.58	0.00	10.52	925.59
	1829.59	0.00	10.50	924.62
	1829.60	0.00	10.54	928.60
	1829.61	0.00	10.54	931.60
	1829.62	0.00	10.55	933.60
	1829.64	0.00	10.54	935.60
	1829.65	0.00	10.47	919.55
	1829.66	0.00	10.52	927.55
	1829.67	0.00	10.56	936.57
	1829.68	0.00	10.59	941.57
	1829.69	0.00	10.60	944.57
	1829.70	0.00	10.62	944.57
	1829.72	0.00	10.63	946.53
	1829.73	0.00	10.59	944.58
	1829.74	0.00	10.61	945.58
	1829.75	0.00	10.60	948.58
	1829.76	0.00	10.59	947.57
	1829.78	0.00	10.59	948.59
	1829.79	0.00	10.59	949.59
	1829.80	0.00	10.59	949.59
	1829.81	0.00	10.57	948.62
	1829.82	0.00	10.56	943.58
	1829.83	0.00	10.60	950.57
	1829.84	0.00	10.60	952.59
	1829.86	0.00	10.62	953.56
	1829.87	0.00	10.61	953.59
	1829.88	0.00	10.59	953.60
	1829.89	0.00	10.59	954.61
	1829.90	0.00	10.58	952.62
	1829.91	0.00	10.58	953.62
	1829.93	0.00	10.58	954.63
	1829.94	0.00	10.62	956.56
	1829.95	0.00	10.59	957.63
	1829.96	0.00	10.57	956.63
	1829.97	0.00	10.57	953.59
	1829.98	0.00	10.55	951.62
	1830.00	0.00	10.55	951.59
	1830.01	0.00	10.56	955.60
	1830.02	0.00	10.58	958.59
	1830.03	0.00	10.58	959.60
	1830.04	0.00	10.54	956.59
	1830.05	0.00	10.58	960.59
	1830.07	0.00	10.58	961.59
	1830.08	0.00	10.57	963.59
	1830.09	0.00	10.57	961.60
	1830.10	0.00	10.57	962.59
	1830.11	0.00	10.57	962.60
	1830.12	0.00	10.60	963.55
	1830.14	0.00	10.56	963.59
	1830.15	0.00	10.52	957.59
	1830.16	0.00	10.52	957.60
	1830.17	0.00	10.52	958.60
	1830.18	0.00	10.50	956.60
	1830.19	0.00	10.52	959.60
	1830.20	0.00	10.54	962.57
	1830.22	0.00	10.53	964.60
	1830.23	0.00	10.52	962.60
	1830.24	0.00	10.53	961.59
	1830.25	0.00	10.50	961.65
	1830.26	0.00	10.52	961.60
	1830.28	0.00	10.53	962.60
	1830.29	0.00	10.53	961.59
	1830.30	0.00	10.52	961.61
	1830.31	0.00	10.49	955.60
	1830.32	0.00	10.51	958.59
	1830.33	0.00	10.51	959.60
	1830.34	0.00	10.52	960.59
	1830.35	0.00	10.51	941.60
	1830.37	0.00	10.53	962.60
	1830.38	0.00	10.53	964.60
	1830.39	0.00	10.55	964.57
	1830.40	0.00	10.52	962.60
	1830.41	0.00	10.54	966.60
	1830.43	0.00	10.56	968.55
	1830.44	0.00	10.52	966.62
	1830.45	0.00	10.50	967.64
	1830.46	0.00	10.52	970.65
	1830.47	0.00	10.49	969.68
	1830.48	0.00	10.49	967.66
	1830.50	0.00	10.50	969.67
	1830.51	0.00	10.51	972.67
	1830.52	0.00	10.48	969.71
	1830.53	0.00	10.49	968.68
	1830.54	0.00	10.50	972.68
	1830.55	0.00	10.55	973.62
	1830.56	0.00	10.51	970.65
	1830.58	0.00	10.54	972.61
	1830.59	0.00	10.54	972.63
	1830.60	0.00	10.54	973.64
	1830.61	0.00	10.53	974.67
	1830.62	0.00	10.55	974.65
	1830.64	0.00	10.53	973.66
	1830.65	0.00	10.52	972.66
	1830.66	0.00	10.52	974.68
	1830.67	0.00	10.53	972.66
	1830.68	0.00	10.52	971.67
	1830.69	0.00	10.53	973.67
	1830.70	0.00	10.62	969.47
	1830.72	0.00	10.71	973.34
	1830.73	0.00	10.73	974.32
	1830.74	0.00	10.73	975.33
	1830.75	0.00	10.74	975.33
	1830.76	0.00	10.73	975.34
	1830.77	0.00	10.72	971.35
	1830.79	0.00	10.71	969.34
	1830.80	0.00	10.71	972.36
	1830.81	0.00	10.71	971.36
	1830.82	0.00	10.78	967.20
	1830.83	0.00	10.68	956.25
	1830.84	0.00	10.62	957.39
	1830.85	0.00	10.59	957.46
	1830.87	0.00	10.56	955.50
	1830.88	0.00	10.54	957.52
	1830.89	0.00	10.57	959.48
	1830.90	0.00	10.55	951.51
	1830.91	0.00	10.55	948.53
	1830.93	0.00	10.56	951.52
	1830.94	0.00	10.56	953.55
	1830.95	0.00	10.50	940.53
	1830.96	0.00	10.46	933.52
	1830.97	0.00	10.54	946.52
	1830.98	0.00	10.49	939.53
	1830.99	0.00	10.40	929.59
	1831.01	0.00	10.40	935.63
	1831.02	0.00	10.47	943.62
	1831.03	0.00	10.47	945.63
	1831.04	0.00	10.46	944.63
	1831.05	0.00	10.45	942.64
	1831.06	0.00	10.48	943.64
	1831.08	0.00	10.49	946.64
	1831.09	0.00	10.48	947.64
	1831.10	0.00	10.48	950.67
	1831.11	0.00	10.43	939.62
	1831.12	0.00	10.47	942.59
	1831.13	0.00	10.52	954.60
	1831.15	0.00	10.52	960.66
	1831.16	0.00	10.55	960.61
	1831.17	0.00	10.55	960.61
	1831.18	0.00	10.54	958.61
	1831.19	0.00	10.56	961.63
	1831.20	0.00	10.55	964.62
	1831.22	0.00	10.56	965.62
	1831.23	0.00	10.60	964.54
	1831.24	0.00	10.54	964.63
	1831.25	0.00	10.51	960.63
	1831.26	0.00	10.54	962.60
	1831.27	0.00	10.55	961.60
	1831.29	0.00	10.57	966.60
	1831.30	0.00	10.54	967.63
	1831.31	0.00	10.56	970.64
	1831.32	0.00	10.57	971.62
	1831.33	0.00	10.57	971.65
	1831.34	0.00	10.56	970.66
	1831.35	0.00	10.57	973.66
	1831.37	0.00	10.55	969.65
	1831.38	0.00	10.58	972.66
	1831.39	0.00	10.56	971.66
	1831.40	0.00	10.56	971.66
	1831.41	0.00	10.55	968.64
	1831.43	0.00	10.58	970.62
	1831.44	0.00	10.57	971.61
	1831.45	0.00	10.58	970.61
	1831.46	0.00	10.56	969.63
	1831.47	0.00	10.59	973.61
	1831.48	0.00	10.58	970.60
	1831.49	0.00	10.58	969.60
	1831.51	0.00	10.59	970.60
	1831.52	0.00	10.58	971.60
	1831.53	0.00	10.58	971.60
	1831.54	0.00	10.55	969.63
	1831.55	0.00	10.59	972.60
	1831.56	0.00	10.56	969.60
	1831.58	0.00	10.54	965.60
	1831.59	0.00	10.57	967.56
	1831.60	0.00	10.57	968.60
	1831.61	0.00	10.55	967.60
	1831.62	0.00	10.55	968.59
	1831.63	0.00	10.54	963.59
	1831.65	0.00	10.56	967.60
	1831.66	0.00	10.55	967.59
	1831.67	0.00	10.55	967.60
	1831.68	0.00	10.52	968.65
	1831.69	0.00	10.55	969.60
	1831.70	0.00	10.55	966.59
	1831.71	0.00	10.49	959.60
	1831.73	0.00	10.52	964.61
	1831.74	0.00	10.53	968.60
	1831.75	0.00	10.51	965.60
	1831.76	0.00	10.56	964.52
	1831.77	0.00	10.52	965.59
	1831.79	0.00	10.53	967.59
	1831.80	0.00	10.55	969.59
	1831.81	0.00	10.54	966.58
	1831.82	0.00	10.55	970.59
	1831.83	0.00	10.54	968.58
	1831.84	0.00	10.54	967.58
	1831.85	0.00	10.55	966.54
	1831.87	0.00	10.57	965.51
	1831.88	0.00	10.56	964.53
	1831.89	0.00	10.53	964.58
	1831.90	0.00	10.56	965.53
	1831.91	0.00	10.52	966.60
	1831.92	0.00	10.52	965.60
	1831.94	0.00	10.53	965.60
	1831.95	0.00	10.53	966.60
	1831.96	0.00	10.52	965.61
	1831.97	0.00	10.51	967.62
	1831.98	0.00	10.52	966.62
	1831.99	0.00	10.54	967.60
	1832.01	0.00	10.58	966.55
	1832.02	0.00	10.54	966.57
	1832.03	0.00	10.55	967.58
	1832.04	0.00	10.55	968.59
	1832.05	0.00	10.54	964.59
	1832.06	0.00	10.53	967.60
	1832.07	0.00	10.56	967.58
	1832.09	0.00	10.55	968.60
	1832.10	0.00	10.54	967.60
	1832.11	0.00	10.54	968.61
	1832.12	0.00	10.51	969.65
	1832.13	0.00	10.54	970.61
	1832.14	0.00	10.56	964.51
	1832.16	0.00	10.71	968.28
	1832.17	0.00	10.76	969.23
	1832.18	1.00	10.74	972.26
	1832.19	1.00	10.74	971.27
	1832.20	1.00	10.72	965.27
	1832.21	1.00	10.70	964.30
	1832.23	1.00	10.71	965.28
	1832.24	1.00	10.72	966.28
	1832.25	1.00	10.71	965.29
	1832.26	1.00	10.69	967.32
	1832.27	1.00	10.74	953.10
	1832.29	1.00	10.63	952.27
	1832.30	1.00	10.58	954.38
	1832.31	1.00	10.55	955.44
	1832.32	1.00	10.53	946.46
	1832.33	1.00	10.54	949.48
	1832.34	1.00	10.58	951.44
	1832.35	0.00	10.57	952.45
	1832.37	0.00	10.41	931.52
	1832.38	0.00	10.38	926.51
	1832.39	0.00	10.39	930.54
	1832.40	0.00	10.41	933.55
	1832.41	0.00	10.42	938.57
	1832.42	0.00	10.45	943.58
	1832.44	0.00	10.44	941.59
	1832.45	0.00	10.45	942.58
	1832.46	0.00	10.47	940.58
	1832.47	0.00	10.47	944.59
	1832.48	0.00	10.49	947.57
	1832.49	0.00	10.48	950.59
	1832.51	0.00	10.41	934.54
	1832.52	0.00	10.50	950.54
	1832.53	0.00	10.58	955.47
	1832.54	0.00	10.52	957.55
	1832.55	0.00	10.50	952.54
	1832.56	0.00	10.53	959.56
	1832.58	0.00	10.53	961.57
	1832.59	0.00	10.54	958.56
	1832.60	0.00	10.54	963.57
	1832.61	0.00	10.54	963.56
	1832.62	0.00	10.55	966.57
	1832.63	0.00	10.55	959.51
	1832.65	0.00	10.54	960.51
	1832.66	0.00	10.55	961.53
	1832.67	0.00	10.57	969.57
	1832.68	0.00	10.56	970.59
	1832.69	0.00	10.54	969.60
	1832.70	0.00	10.53	966.62
	1832.71	0.00	10.56	970.60
	1832.73	0.00	10.55	967.60
	1832.74	0.00	10.55	968.60
	1832.75	0.00	10.53	967.63
	1832.76	0.00	10.57	971.60
	1832.77	0.00	10.54	970.61
	1832.78	0.00	10.56	972.59
	1832.80	0.00	10.52	968.62
	1832.81	0.00	10.58	971.56
	1832.82	0.00	10.56	967.56
	1832.83	0.00	10.56	968.56
	1832.84	0.00	10.56	967.57
	1832.85	0.00	10.59	971.55
	1832.86	0.00	10.58	970.55
	1832.88	0.00	10.58	969.55
	1832.89	0.00	10.58	968.55
	1832.90	0.00	10.60	971.54
	1832.91	0.00	10.60	972.54
	1832.92	0.00	10.61	972.55
	1832.94	0.00	10.62	972.54
	1832.95	0.00	10.61	971.54
	1832.96	0.00	10.54	958.54
	1832.97	0.00	10.56	960.55
	1832.98	0.00	10.58	964.53
	1832.99	0.00	10.58	964.54
	1833.01	0.00	10.59	961.53
	1833.02	0.00	10.57	959.55
	1833.03	0.00	10.58	962.53
	1833.04	0.00	10.57	961.54
	1833.05	0.00	10.58	963.53
	1833.06	0.00	10.63	963.46
	1833.07	0.00	10.54	956.54
	1833.09	0.00	10.55	957.53
	1833.10	0.00	10.56	961.54
	1833.11	0.00	10.58	964.54
	1833.12	0.00	10.56	961.54
	1833.13	0.00	10.57	963.54
	1833.15	0.00	10.56	963.57
	1833.16	0.00	10.57	962.54
	1833.17	0.00	10.57	965.54
	1833.18	0.00	10.57	965.54
	1833.19	0.00	10.63	965.42
	1833.20	0.00	10.57	965.52
	1833.21	0.00	10.55	967.56
	1833.23	0.00	10.56	968.56
	1833.24	0.00	10.54	967.58
	1833.25	0.00	10.54	966.58
	1833.26	0.00	10.54	967.59
	1833.27	0.00	10.53	965.60
	1833.28	0.00	10.54	967.59
	1833.30	0.00	10.53	968.61
	1833.31	0.00	10.53	968.61
	1833.32	0.00	10.53	967.61
	1833.33	0.00	10.51	966.63
	1833.34	0.00	10.53	965.58
	1833.35	0.00	10.56	968.55
	1833.36	0.00	10.55	968.57
	1833.38	0.00	10.54	967.58
	1833.39	0.00	10.56	968.59
	1833.40	0.00	10.54	968.59
	1833.41	0.00	10.54	968.59
	1833.42	0.00	10.56	971.60
	1833.44	0.00	10.54	968.60
	1833.45	0.00	10.55	971.60
	1833.46	0.00	10.57	965.49
	1833.47	0.00	10.73	969.25
	1833.48	0.00	10.74	971.25
	1833.49	0.00	10.74	972.26
	1833.50	0.00	10.74	971.26
	1833.52	0.00	10.75	968.26
	1833.53	0.00	10.74	969.26
	1833.54	0.00	10.73	967.27
	1833.55	0.00	10.71	967.30
	1833.56	0.00	10.74	971.29
	1833.57	0.00	10.76	955.09
	1833.59	0.00	10.64	951.27
	1833.60	0.00	10.60	951.31
	1833.61	0.00	10.60	950.32
	1833.62	0.00	10.56	952.40
	1833.63	0.00	10.54	951.44
	1833.64	0.00	10.53	946.47
	1833.66	0.00	10.54	949.48
	1833.67	0.00	10.53	949.49
	1833.68	0.00	10.42	931.51
	1833.69	0.00	10.41	933.54
	1833.70	0.00	10.42	937.56
	1833.71	0.00	10.42	937.56
	1833.72	0.00	10.41	938.59
	1833.74	0.00	10.46	941.58
	1833.75	0.00	10.47	941.58
	1833.76	0.00	10.45	941.58
	1833.77	0.00	10.46	948.61
	1833.78	0.00	10.48	951.59
	1833.80	0.00	10.43	938.53
	1833.81	0.00	10.44	938.53
	1833.82	0.00	10.40	937.59
	1833.83	0.00	10.50	949.54
	1833.84	0.00	10.53	955.55
	1833.85	0.00	10.54	957.55
	1833.86	0.00	10.54	957.57
	1833.88	0.00	10.54	959.56
	1833.89	0.00	10.56	962.56
	1833.90	0.00	10.54	961.57
	1833.91	0.00	10.55	960.57
	1833.92	0.00	10.54	960.57
	1833.93	0.00	10.56	961.55
	1833.95	0.00	10.54	964.60
	1833.96	0.00	10.58	969.59
	1833.97	0.00	10.56	966.59
	1833.98	0.00	10.56	966.59
	1833.99	0.00	10.56	967.61
	1834.00	0.00	10.56	968.60
	1834.02	0.00	10.56	967.60
	1834.03	0.00	10.56	968.60
	1834.04	0.00	10.55	966.59
	1834.05	0.00	10.56	964.55
	1834.06	0.00	10.57	966.55
	1834.07	0.00	10.57	966.55
	1834.09	0.00	10.55	966.58
	1834.10	0.00	10.58	968.55
	1834.11	0.00	10.58	968.55
	1834.12	0.00	10.58	968.55
	1834.13	0.00	10.57	967.57
	1834.14	0.00	10.60	967.54
	1834.16	0.00	10.59	968.54
	1834.17	0.00	10.59	969.54
	1834.18	0.00	10.58	968.54
	1834.19	0.00	10.54	961.54
	1834.20	0.00	10.54	961.54
	1834.21	0.00	10.53	959.53
	1834.22	0.00	10.53	960.54
	1834.24	0.00	10.55	963.54
	1834.25	0.00	10.55	963.54
	1834.26	0.00	10.56	961.50
	1834.27	0.00	10.55	963.54
	1834.28	0.00	10.55	961.54
	1834.30	0.00	10.55	961.53
	1834.31	0.00	10.55	960.53
	1834.32	0.00	10.56	963.53
	1834.33	0.00	10.54	960.54
	1834.34	0.00	10.55	962.54
	1834.35	0.00	10.53	960.56
	1834.36	0.00	10.58	963.54
	1834.38	0.00	10.52	957.54
	1834.39	0.00	10.52	959.54
	1834.40	0.00	10.51	958.56
	1834.41	0.00	10.53	960.54
	1834.42	0.00	10.53	961.54
	1834.43	0.00	10.54	961.54
	1834.44	0.00	10.51	937.54
	1834.46	0.00	10.54	961.54
	1834.47	0.00	10.54	962.54
	1834.48	0.00	10.56	963.52
	1834.49	0.00	10.54	962.54
	1834.50	0.00	10.60	963.45
	1834.52	0.00	10.52	959.54
	1834.53	0.00	10.53	959.53
	1834.54	0.00	10.53	964.59
	1834.55	0.00	10.57	973.60
	1834.56	0.00	10.51	964.61
	1834.57	0.00	10.53	966.59
	1834.59	0.00	10.51	964.61
	1834.60	0.00	10.52	967.61
	1834.61	0.00	10.52	966.61
	1834.62	0.00	10.53	963.57
	1834.63	0.00	10.55	967.55
	1834.64	0.00	10.54	968.57
	1834.66	0.00	10.54	968.58
	1834.67	0.00	10.51	963.60
	1834.68	0.00	10.52	967.60
	1834.69	0.00	10.53	970.60
	1834.70	0.00	10.53	969.60
	1834.71	0.00	10.52	971.60
	1834.72	0.00	10.53	970.60
	1834.74	0.00	10.64	967.35
	1834.75	0.00	10.73	970.23
	1834.76	0.00	10.73	972.25
	1834.77	0.00	10.72	974.26
	1834.78	0.00	10.73	975.26
	1834.80	0.00	10.74	974.24
	1834.81	0.00	10.71	971.27
	1834.82	0.00	10.69	971.28
	1834.83	0.00	10.69	972.29
	1834.84	0.00	10.74	974.21
	1834.85	0.00	10.75	973.17
	1834.86	0.00	10.72	964.12
	1834.88	0.00	10.63	961.25
	1834.89	0.00	10.64	966.23
	1834.90	0.00	10.60	967.31
	1834.91	0.00	10.57	967.33
	1834.92	0.00	10.53	972.42
	1834.93	0.00	10.51	974.44
	1834.94	0.00	10.47	968.50
	1834.96	0.00	10.48	975.53
	1834.97	0.00	10.48	980.54
	1834.98	0.00	10.46	981.54
	1834.99	0.00	10.46	982.54
	1835.00	0.00	10.46	985.55
	1835.02	0.00	10.37	969.53
	1835.03	0.00	10.31	967.59
	1835.04	0.00	10.32	971.61
	1835.05	0.00	10.33	976.63
	1835.06	0.00	10.33	981.65
	1835.07	0.00	10.36	981.65
	1835.08	0.00	10.35	980.65
	1835.10	0.00	10.35	983.65
	1835.11	0.00	10.33	986.68
	1835.12	0.00	10.34	991.66
	1835.13	0.00	10.34	995.67
	1835.14	0.00	10.26	981.61
	1835.15	0.00	10.31	993.65
	1835.17	0.00	10.35	1003.64
	1835.18	0.00	10.39	1010.64
	1835.19	0.00	10.38	1012.65
	1835.20	0.00	10.40	1012.63
	1835.21	0.00	10.36	1016.68
	1835.22	0.00	10.36	1017.68
	1835.24	0.00	10.34	1020.69
	1835.25	0.00	10.31	1016.67
	1835.26	0.00	10.29	1021.72
	1835.27	0.00	10.28	1025.74
	1835.28	0.00	10.25	1021.77
	1835.29	0.00	10.24	1022.75
	1835.31	0.00	10.23	1022.76
	1835.32	0.00	10.22	1019.76
	1835.33	0.00	10.23	1017.74
	1835.34	0.00	10.18	1007.80
	1835.35	0.00	10.19	997.75
	1835.36	0.00	10.18	986.74
	1835.38	0.00	10.18	971.76
	1835.39	0.00	10.22	958.71
	1835.40	0.00	10.20	935.70
	1835.41	0.00	10.22	921.69
	1835.42	0.00	10.22	899.66
	1835.43	0.00	10.21	884.64
	1835.45	0.00	10.23	857.56
	1835.46	0.00	10.32	846.42
	1835.47	0.00	10.39	824.22
	1835.48	0.00	10.49	817.08
	1835.49	0.00	10.48	815.08
	1835.50	0.00	10.48	812.06
	1835.52	0.00	10.43	805.06
	1835.53	0.00	10.46	807.05
	1835.54	0.00	10.47	807.04
	1835.55	0.00	10.48	807.03
	1835.56	0.00	10.45	804.03
	1835.57	0.00	10.45	806.05
	1835.58	0.00	10.45	805.04
	1835.60	0.00	10.45	805.04
	1835.61	0.00	10.48	805.00
	1835.62	0.00	10.47	807.03
	1835.63	0.00	10.46	804.02
	1835.64	0.00	10.47	805.02
	1835.65	0.00	10.47	804.01
	1835.67	0.00	10.48	803.99
	1835.68	0.00	10.49	802.99
	1835.69	0.00	10.48	803.99
	1835.70	0.00	10.49	802.98
	1835.71	0.00	10.45	799.98
	1835.72	0.00	10.50	803.97
	1835.74	0.00	10.51	803.96
	1835.75	0.00	10.51	803.96
	1835.76	0.00	10.51	803.96
	1835.77	0.00	10.51	801.94
	1835.78	0.00	10.51	802.94
	1835.79	0.00	10.53	803.93
	1835.81	0.00	10.53	803.92
	1835.82	0.00	10.52	802.93
	1835.83	0.00	10.51	801.93
	1835.84	0.00	10.48	792.90
	1835.85	0.00	10.50	795.90
	1835.86	0.00	10.51	800.92
	1835.88	0.00	10.53	800.91
	1835.89	0.00	10.53	800.91
	1835.90	0.00	10.54	801.92
	1835.91	0.00	10.53	800.91
	1835.92	0.00	10.53	798.88
	1835.93	0.00	10.55	800.88
	1835.94	0.00	10.54	799.89
	1835.96	0.00	10.53	799.90
	1835.97	0.00	10.57	799.86
	1835.98	0.00	10.57	796.84
	1835.99	0.00	10.52	792.84
	1836.00	0.00	10.29	809.17
	1836.01	0.00	10.06	832.46
	1836.03	0.00	9.86	868.61
	1836.04	0.00	9.84	913.66
	1836.05	0.00	9.84	949.68
	1836.06	0.00	9.87	976.72
	1836.07	0.00	9.94	987.58
	1836.08	0.00	9.98	1013.62
	1836.09	0.00	10.01	1049.66
	1836.11	0.00	9.91	1094.75
	1836.12	0.00	9.82	1139.83
	1836.13	0.00	9.76	1169.89
	1836.14	0.00	9.70	1188.97
	1836.15	0.00	9.69	1201.02
	1836.17	0.00	9.63	1198.08
	1836.18	0.00	9.62	1190.05
	1836.19	0.00	9.74	1192.03
	1836.20	0.00	9.84	1170.02
	1836.21	0.00	9.91	1161.00
	1836.22	0.00	9.95	1153.02
	1836.23	0.00	10.05	1141.97
	1836.25	0.00	10.10	1126.93
	1836.26	0.00	10.18	1120.91
	1836.27	0.00	10.23	1108.89
	1836.28	0.00	10.27	1105.88
	1836.29	0.00	10.32	1097.85
	1836.31	0.00	10.40	1094.83
	1836.32	0.00	10.40	1086.84
	1836.33	0.00	10.48	1083.82
	1836.34	0.00	10.54	1075.80
	1836.35	0.00	10.68	1079.76
	1836.36	0.00	10.77	1080.74
	1836.38	0.00	10.88	1074.69
	1836.39	0.00	11.07	1062.52
	1836.40	0.00	11.12	1056.53
	1836.41	0.00	11.52	1071.45
	1836.42	0.00	11.66	1066.35
	1836.43	0.00	11.84	1058.12
	1836.44	0.00	12.03	1059.00
	1836.46	0.00	12.23	1052.80
	1836.47	0.00	12.27	1048.75
	1836.48	0.00	12.33	1043.70
	1836.49	0.00	12.42	1014.62
	1836.50	0.00	12.49	1007.53
	1836.52	0.00	12.56	1008.50
	1836.53	0.00	12.64	1002.40
	1836.54	0.00	12.72	1001.36
	1836.55	0.00	12.74	990.30
	1836.56	0.00	12.77	974.19
	1836.57	0.00	12.81	958.08
	1836.58	0.00	13.00	949.77
	1836.60	0.00	13.02	954.74
	1836.61	0.00	12.79	916.73
	1836.62	0.00	12.81	913.64
	1836.63	0.00	12.61	888.64
	1836.64	0.00	12.34	869.70
	1836.65	0.00	11.75	831.89
	1836.67	0.00	11.31	836.26
	1836.68	0.00	11.17	840.44
	1836.69	0.00	11.05	837.53
	1836.70	0.00	10.99	811.56
	1836.71	0.00	10.95	804.55
	1836.72	0.00	10.95	824.54
	1836.73	0.00	10.92	798.53
	1836.75	0.00	10.90	795.53
	1836.76	0.00	10.90	795.53
	1836.77	0.00	10.90	796.52
	1836.78	0.00	10.91	816.53
	1836.79	0.00	10.90	815.53
	1836.80	0.00	10.89	813.53
	1836.82	0.00	10.91	813.51
	1836.83	0.00	10.88	792.53
	1836.84	0.00	10.89	791.53
	1836.85	0.00	10.88	811.52
	1836.86	0.00	10.87	812.54
	1836.87	0.00	10.91	815.52
	1836.88	0.00	10.90	812.51
	1836.90	0.00	10.89	812.52
	1836.91	0.00	10.90	816.53
	1836.92	0.00	10.92	816.52
	1836.93	0.00	10.92	818.53
	1836.94	0.00	10.92	817.53
	1836.95	0.00	10.94	819.52
	1836.96	0.00	10.93	815.51
	1836.98	0.00	10.96	820.52
	1836.99	0.00	10.87	817.61
	1837.00	0.00	10.84	815.62
	1837.01	0.00	10.86	815.61
	1837.02	0.00	10.83	815.65
	1837.04	0.00	10.83	814.64
	1837.05	0.00	10.84	813.62
	1837.06	0.00	10.89	817.59
	1837.07	0.00	10.87	819.63
	1837.08	0.00	10.86	818.64
	1837.09	0.00	10.84	818.66
	1837.10	0.00	10.84	797.66
	1837.12	0.00	10.79	820.73
	1837.13	0.00	10.54	807.04
	1837.14	0.00	10.18	834.49
	1837.15	0.00	9.91	901.74
	1837.16	0.00	9.83	996.74
	1837.17	0.00	9.86	1055.80
	1837.19	0.00	9.90	1097.82
	1837.20	0.00	10.04	1091.81
	1837.21	0.00	10.13	1127.82
	1837.22	0.00	10.14	1168.85
	1837.23	0.00	10.15	1199.87
	1837.24	0.00	10.21	1217.87
	1837.26	0.00	10.26	1223.92
	1837.27	0.00	10.25	1218.01
	1837.28	0.00	10.33	1215.01
	1837.29	0.00	10.41	1210.01
	1837.30	0.00	10.52	1199.99
	1837.31	0.00	10.61	1184.96
	1837.33	0.00	10.72	1159.86
	1837.34	0.00	10.83	1146.80
	1837.35	0.00	11.01	1138.67
	1837.36	0.00	11.04	1121.69
	1837.37	0.00	11.16	1119.63
	1837.38	0.00	11.27	1109.53
	1837.40	0.00	11.36	1101.45
	1837.41	0.00	11.49	1090.30
	1837.42	0.00	11.57	1082.16
	1837.43	0.00	11.70	1085.06
	1837.44	0.00	11.83	1080.88
	1837.45	0.00	11.94	1082.74
	1837.47	0.00	12.01	1083.67
	1837.48	0.00	12.02	1076.65
	1837.49	0.00	12.04	1072.62
	1837.50	0.00	12.05	1065.59
	1837.51	0.00	12.08	1061.56
	1837.52	0.00	12.13	1063.49
	1837.54	0.00	12.14	1052.46
	1837.55	0.00	12.14	1042.42
	1837.56	0.00	12.15	1034.37
	1837.57	0.00	12.11	1019.38
	1837.58	0.00	12.43	1038.26
	1837.59	0.00	12.46	1030.22
	1837.60	0.00	12.69	1041.20
	1837.62	0.00	12.91	1043.05
	1837.63	0.00	13.10	1043.89
	1837.64	0.00	13.13	1038.88
	1837.65	0.00	13.17	1035.86
	1837.66	0.00	13.17	1029.84
	1837.68	0.00	13.23	1031.82
	1837.69	0.00	13.19	1015.77
	1837.70	0.00	13.19	1009.72
	1837.71	0.00	13.15	992.65
	1837.72	0.00	12.96	975.62
	1837.73	0.00	12.95	974.60
	1837.75	0.00	12.90	968.60
	1837.76	0.00	12.79	958.60
	1837.77	0.00	12.55	929.62
	1837.78	0.00	12.04	893.79
	1837.79	0.00	11.68	882.10
	1837.80	0.00	11.34	873.45
	1837.81	0.00	11.10	858.65
	1837.83	0.00	11.03	854.71
	1837.84	0.00	10.95	848.76
	1837.85	0.00	10.89	818.74
	1837.86	0.00	10.84	814.75
	1837.87	0.00	10.82	811.75
	1837.88	0.00	10.80	826.74
	1837.90	0.00	10.81	826.73
	1837.91	0.00	10.79	824.73
	1837.92	0.00	10.80	804.72
	1837.93	0.00	10.76	818.72
	1837.94	0.00	10.81	824.71
	1837.95	0.00	10.81	804.71
	1837.96	0.00	10.80	823.71
	1837.98	0.00	10.81	825.72
	1837.99	0.00	10.81	826.72
	1838.00	0.00	10.81	825.72
	1838.01	0.00	10.81	826.72
	1838.02	0.00	10.83	825.71
	1838.03	0.00	10.83	824.70
	1838.05	0.00	10.83	822.70
	1838.06	0.00	10.80	821.71
	1838.07	0.00	10.86	807.69
	1838.08	0.00	10.86	806.70
	1838.09	0.00	10.86	807.69
	1838.10	0.00	10.86	826.68
	1838.11	0.00	10.90	809.67
	1838.13	0.00	10.90	829.67
	1838.14	0.00	10.89	828.67
	1838.15	0.00	10.90	830.67
	1838.16	0.00	10.95	830.62
	1838.17	0.00	10.94	828.62
	1838.19	0.00	10.83	806.62
	1838.20	0.00	10.92	826.62
	1838.21	0.00	10.91	823.61
	1838.22	0.00	10.93	823.60
	1838.23	0.00	10.86	795.60
	1838.24	0.00	10.83	808.74
	1838.26	0.00	10.64	812.96
	1838.27	0.00	10.28	840.40
	1838.28	0.00	10.05	900.63
	1838.29	0.00	9.91	969.73
	1838.30	0.00	9.94	1026.82
	1838.31	0.00	10.06	1082.83
	1838.32	0.00	10.14	1114.83
	1838.34	0.00	10.22	1147.80
	1838.35	0.00	10.23	1175.88
	1838.36	0.00	10.22	1229.88
	1838.37	0.00	10.23	1250.90
	1838.38	0.00	10.23	1266.95
	1838.40	0.00	10.27	1281.01
	1838.41	0.00	10.35	1286.99
	1838.42	0.00	10.44	1271.98
	1838.43	0.00	10.58	1252.96
	1838.44	0.00	10.65	1228.94
	1838.45	0.00	10.76	1223.93
	1838.46	0.00	10.89	1198.89
	1838.48	0.00	10.99	1187.84
	1838.49	0.00	11.08	1170.78
	1838.50	0.00	11.20	1153.68
	1838.51	0.00	11.29	1143.61
	1838.52	0.00	11.39	1134.50
	1838.53	0.00	11.49	1128.42
	1838.55	0.00	11.59	1120.29
	1838.56	0.00	11.65	1111.20
	1838.57	0.00	11.75	1108.09
	1838.58	0.00	11.88	1108.95
	1838.59	0.00	11.97	1110.85
	1838.60	0.00	12.04	1116.77
	1838.62	0.00	12.11	1120.67
	1838.63	0.00	12.12	1117.63
	1838.64	0.00	12.16	1115.59
	1838.65	0.00	12.21	1106.52
	1838.66	0.00	12.27	1101.41
	1838.67	0.00	12.25	1088.42
	1838.69	0.00	12.23	1077.41
	1838.70	0.00	12.24	1062.33
	1838.71	0.00	12.31	1058.24
	1838.72	0.00	12.32	1050.22
	1838.73	0.00	12.34	1040.16
	1838.74	0.00	12.61	1053.10
	1838.76	0.00	12.75	1054.95
	1838.77	0.00	13.01	1056.84
	1838.78	0.00	13.07	1053.80
	1838.79	0.00	13.15	1058.79
	1838.80	0.00	13.24	1061.77
	1838.81	0.00	13.24	1046.75
	1838.83	0.00	13.31	1049.72
	1838.84	0.00	13.28	1029.68
	1838.85	0.00	13.21	1012.67
	1838.86	0.00	13.14	997.63
	1838.87	0.00	12.86	970.63
	1838.88	0.00	12.89	968.61
	1838.90	0.00	12.86	963.60
	1838.91	0.00	12.71	948.60
	1838.92	0.00	12.26	904.63
	1838.93	0.00	12.12	893.70
	1838.94	0.00	11.80	879.93
	1838.95	0.00	11.40	870.33
	1838.96	0.00	11.30	854.49
	1838.98	0.00	11.18	843.56
	1838.99	0.00	11.15	838.53
	1839.00	0.00	11.14	833.52
	1839.01	0.00	11.12	830.51
	1839.02	0.00	11.09	826.52
	1839.03	0.00	11.03	820.51
	1839.05	0.00	11.06	821.50
	1839.06	0.00	11.03	817.50
	1839.07	0.00	11.02	813.50
	1839.08	0.00	11.00	814.52
	1839.09	0.00	11.02	814.49
	1839.10	0.00	11.01	813.49
	1839.11	0.00	11.00	812.49
	1839.13	0.00	11.02	812.49
	1839.14	0.00	11.00	811.49
	1839.15	0.00	11.01	811.48
	1839.16	0.00	11.00	810.48
	1839.17	0.00	11.02	810.47
	1839.18	0.00	10.99	806.48
	1839.20	0.00	11.03	811.47
	1839.21	0.00	11.03	811.47
	1839.22	0.00	10.93	792.49
	1839.23	0.00	11.04	814.48
	1839.24	0.00	11.06	816.47
	1839.25	0.00	11.07	818.47
	1839.27	0.00	11.06	818.49
	1839.28	0.00	11.08	818.48
	1839.29	0.00	11.05	817.50
	1839.30	0.00	11.01	815.54
	1839.31	0.00	11.04	816.49
	1839.32	0.00	11.00	821.60
	1839.33	0.00	10.98	822.63
	1839.35	0.00	11.01	824.63
	1839.36	0.00	11.02	821.58
	1839.37	0.00	10.99	818.62
	1839.38	0.00	10.95	820.68
	1839.39	0.00	10.82	821.83
	1839.41	0.00	10.57	829.14
	1839.42	0.00	10.23	858.53
	1839.43	0.00	9.69	990.81
	1839.44	0.00	9.48	1086.89
	1839.45	0.00	9.51	1135.87
	1839.46	0.00	9.63	1182.92
	1839.47	0.00	9.85	1249.93
	1839.48	0.00	10.00	1267.94
	1839.50	0.00	10.17	1281.95
	1839.51	0.00	10.33	1311.98
	1839.52	0.00	10.45	1319.97
	1839.53	0.00	10.57	1326.97
	1839.54	0.00	10.65	1325.95
	1839.56	0.00	10.70	1308.04
	1839.57	0.00	10.81	1292.03
	1839.58	0.00	10.99	1262.99
	1839.59	0.00	11.09	1230.91
	1839.60	0.00	11.24	1202.82
	1839.61	0.00	11.40	1179.67
	1839.63	0.00	11.49	1163.55
	1839.64	0.00	11.63	1136.27
	1839.65	0.00	11.74	1125.11
	1839.66	0.00	11.88	1119.93
	1839.67	0.00	11.95	1107.80
	1839.68	0.00	12.06	1106.65
	1839.69	0.00	12.13	1098.51
	1839.71	0.00	12.14	1097.48
	1839.72	0.00	12.13	1093.51
	1839.73	0.00	12.19	1099.44
	1839.74	0.00	12.21	1094.41
	1839.75	0.00	12.18	1086.45
	1839.77	0.00	12.18	1083.44
	1839.78	0.00	12.18	1079.45
	1839.79	0.00	12.13	1072.50
	1839.80	0.00	12.11	1068.52
	1839.81	0.00	12.10	1060.49
	1839.82	0.00	12.13	1055.47
	1839.84	0.00	12.12	1046.46
	1839.85	0.00	12.10	1037.47
	1839.86	0.00	12.43	1054.34
	1839.87	0.00	12.49	1047.25
	1839.88	0.00	12.58	1048.19
	1839.89	0.00	12.61	1041.17
	1839.91	0.00	12.65	1032.08
	1839.92	0.00	12.79	1032.95
	1839.93	0.00	12.85	1032.90
	1839.94	0.00	12.86	1028.87
	1839.95	0.00	12.85	1015.84
	1839.96	0.00	12.87	1008.80
	1839.97	0.00	12.92	1001.73
	1839.99	0.00	13.13	1002.65
	1840.00	0.00	12.93	975.61
	1840.01	0.00	12.89	971.60
	1840.02	0.00	12.90	970.59
	1840.03	0.00	12.93	979.58
	1840.05	0.00	12.96	982.57
	1840.06	0.00	12.85	965.58
	1840.07	0.00	12.40	914.59
	1840.08	0.00	12.22	894.63
	1840.09	0.00	11.95	881.84
	1840.10	0.00	11.64	874.11
	1840.11	0.00	11.21	865.56
	1840.13	0.00	11.05	834.68
	1840.14	0.00	11.01	824.65
	1840.15	0.00	11.00	820.63
	1840.16	0.00	10.96	816.64
	1840.17	0.00	10.93	813.64
	1840.18	0.00	10.95	812.63
	1840.19	0.00	10.93	809.63
	1840.21	0.00	10.91	808.64
	1840.22	0.00	10.91	807.64
	1840.23	0.00	10.89	806.65
	1840.24	0.00	10.87	805.67
	1840.25	0.00	10.88	807.68
	1840.27	0.00	10.85	806.71
	1840.28	0.00	10.90	812.70
	1840.29	0.00	10.87	810.71
	1840.30	0.00	10.87	810.71
	1840.31	0.00	10.89	812.70
	1840.32	0.00	10.89	811.69
	1840.33	0.00	10.91	814.69
	1840.35	0.00	10.91	815.70
	1840.36	0.00	10.91	813.67
	1840.37	0.00	10.90	811.67
	1840.38	0.00	10.94	815.67
	1840.39	0.00	10.87	796.65
	1840.40	0.00	10.87	798.65
	1840.42	0.00	10.87	796.63
	1840.43	0.00	10.83	788.62
	1840.44	0.00	10.86	793.63
	1840.45	0.00	10.84	789.62
	1840.46	0.00	10.86	793.63
	1840.47	0.00	10.85	791.62
	1840.48	0.00	10.88	792.59
	1840.50	0.00	10.84	783.57
	1840.51	0.00	10.88	783.53
	1840.52	0.00	10.88	785.52
	1840.53	0.00	10.90	786.53
	1840.54	0.00	10.90	786.53
	1840.55	0.00	10.90	787.53
	1840.56	0.00	10.87	787.55
	1840.58	0.00	10.59	789.89
	1840.59	0.00	10.39	822.26
	1840.60	0.00	9.87	934.72
	1840.61	0.00	9.48	1049.89
	1840.62	0.00	9.52	1114.93
	1840.63	0.00	9.62	1185.95
	1840.65	0.00	9.71	1205.92
	1840.66	0.00	9.79	1221.92
	1840.67	0.00	9.86	1243.93
	1840.68	0.00	9.91	1276.97
	1840.69	0.00	9.97	1306.96
	1840.70	0.00	10.00	1325.98
	1840.72	0.00	10.05	1346.03
	1840.73	0.00	10.09	1355.05
	1840.74	0.00	10.11	1354.07
	1840.75	0.00	10.17	1351.05
	1840.76	0.00	10.22	1337.05
	1840.78	0.00	10.23	1307.04
	1840.79	0.00	10.31	1290.02
	1840.80	0.00	10.39	1261.00
	1840.81	0.00	10.51	1215.97
	1840.82	0.00	10.57	1190.95
	1840.83	0.00	10.63	1161.94
	1840.84	0.00	10.66	1153.97
	1840.86	0.00	10.74	1149.92
	1840.87	0.00	10.80	1138.89
	1840.88	0.00	10.87	1134.85
	1840.89	0.00	10.95	1130.82
	1840.90	0.00	11.02	1124.77
	1840.92	0.00	11.14	1117.68
	1840.93	0.00	11.23	1116.61
	1840.94	0.00	11.31	1115.56
	1840.95	0.00	11.39	1112.49
	1840.96	0.00	11.52	1111.38
	1840.97	0.00	11.63	1108.23
	1840.98	0.00	11.76	1105.10
	1841.00	0.00	11.92	1093.85
	1841.01	0.00	11.99	1085.72
	1841.02	0.00	12.14	1081.53
	1841.03	0.00	12.22	1066.36
	1841.04	0.00	12.22	1049.29
	1841.05	0.00	12.44	1050.20
	1841.07	0.00	12.54	1055.13
	1841.08	0.00	12.64	1039.96
	1841.09	0.00	12.70	1033.90
	1841.10	0.00	12.70	1024.88
	1841.11	0.00	12.69	1011.84
	1841.13	0.00	12.81	1019.76
	1841.14	0.00	12.84	1017.75
	1841.15	0.00	12.87	1017.74
	1841.16	0.00	12.94	1019.69
	1841.17	0.00	12.93	1008.67
	1841.18	0.00	12.98	1006.64
	1841.19	0.00	13.02	1002.61
	1841.21	0.00	13.00	989.58
	1841.22	0.00	12.99	987.58
	1841.23	0.00	12.99	981.58
	1841.24	0.00	12.91	968.58
	1841.25	0.00	12.91	971.57
	1841.26	0.00	12.85	961.56
	1841.28	0.00	12.79	958.56
	1841.29	0.00	12.40	918.56
	1841.30	0.00	12.23	899.61
	1841.31	0.00	12.02	884.72
	1841.32	0.00	11.81	879.91
	1841.33	0.00	11.49	869.21
	1841.34	0.00	11.33	840.34
	1841.36	0.00	11.22	830.38
	1841.37	0.00	11.22	826.34
	1841.38	0.00	11.20	820.34
	1841.39	0.00	11.15	818.35
	1841.40	0.00	11.16	815.34
	1841.41	0.00	11.14	813.34
	1841.43	0.00	11.11	811.36
	1841.44	0.00	11.08	808.38
	1841.45	0.00	11.07	808.39
	1841.46	0.00	11.08	808.38
	1841.47	0.00	11.10	809.37
	1841.48	0.00	11.10	809.36
	1841.50	0.00	11.11	808.36
	1841.51	0.00	11.18	808.27
	1841.52	0.00	11.09	808.37
	1841.53	0.00	11.07	805.38
	1841.54	0.00	11.01	806.47
	1841.55	0.00	10.97	805.52
	1841.56	0.00	10.89	786.51
	1841.58	0.00	10.91	786.48
	1841.59	0.00	10.94	788.46
	1841.60	0.00	10.98	789.42
	1841.61	0.00	11.01	791.39
	1841.62	0.00	10.90	792.55
	1841.63	0.00	10.88	790.56
	1841.65	0.00	10.93	809.61
	1841.66	0.00	10.79	787.65
	1841.67	0.00	10.90	808.64
	1841.68	0.00	10.88	806.65
	1841.69	0.00	10.89	806.64
	1841.70	0.00	10.88	806.65
	1841.71	0.00	10.89	808.66
	1841.73	0.00	10.89	809.67
	1841.74	0.00	10.90	811.67
	1841.75	0.00	10.91	812.67
	1841.76	0.00	10.88	810.68
	1841.77	0.00	10.91	809.64
	1841.78	0.00	10.90	802.60
	1841.80	0.00	10.82	804.70
	1841.81	0.00	10.65	810.88
	1841.82	0.00	10.22	805.32
	1841.83	0.00	9.76	926.72
	1841.84	0.00	9.42	1070.86
	1841.85	0.00	9.42	1105.93
	1841.86	0.00	9.54	1168.99
	1841.88	0.00	9.65	1186.02
	1841.89	0.00	9.75	1194.01
	1841.90	0.00	9.82	1220.02
	1841.91	0.00	9.90	1262.03
	1841.92	0.00	9.94	1284.05
	1841.94	0.00	9.98	1299.08
	1841.95	0.00	10.08	1318.04
	1841.96	0.00	10.17	1326.96
	1841.97	0.00	10.28	1334.96
	1841.98	0.00	10.38	1330.97
	1841.99	0.00	10.50	1310.94
	1842.01	0.00	10.65	1290.91
	1842.02	0.00	10.75	1249.97
	1842.03	0.00	10.94	1204.94
	1842.04	0.00	11.08	1178.81
	1842.05	0.00	11.18	1152.75
	1842.06	0.00	11.23	1130.66
	1842.08	0.00	11.31	1115.57
	1842.09	0.00	11.35	1100.51
	1842.10	0.00	11.36	1090.44
	1842.11	0.00	11.42	1092.38
	1842.12	0.00	11.40	1089.39
	1842.14	0.00	11.37	1091.41
	1842.15	0.00	11.40	1109.38
	1842.16	0.00	11.34	1122.52
	1842.17	0.00	11.31	1140.60
	1842.18	0.00	11.31	1156.65
	1842.19	0.00	11.34	1168.61
	1842.20	0.00	11.41	1194.63
	1842.21	0.00	11.43	1201.64
	1842.23	0.00	11.44	1200.64
	1842.24	0.00	11.47	1206.63
	1842.25	0.00	11.48	1204.65
	1842.26	0.00	11.59	1211.57
	1842.27	0.00	11.60	1203.53
	1842.29	0.00	11.64	1194.50
	1842.30	0.00	11.72	1176.40
	1842.31	0.00	11.87	1168.20
	1842.32	0.00	12.07	1160.98
	1842.33	0.00	12.30	1162.72
	1842.34	0.00	12.50	1147.43
	1842.36	0.00	12.73	1153.37
	1842.37	0.00	12.82	1142.29
	1842.38	0.00	12.89	1126.25
	1842.39	0.00	13.05	1114.09
	1842.40	0.00	13.22	1107.92
	1842.41	0.00	13.33	1101.83
	1842.43	0.00	13.33	1073.78
	1842.44	0.00	13.35	1058.73
	1842.45	0.00	13.36	1044.69
	1842.46	0.00	13.38	1039.65
	1842.47	0.00	13.36	1034.63
	1842.48	0.00	13.32	1027.61
	1842.50	0.00	13.24	1014.60
	1842.51	0.00	13.12	1001.59
	1842.52	0.00	12.89	972.60
	1842.53	0.00	12.58	926.60
	1842.54	0.00	12.03	872.64
	1842.55	0.00	11.76	862.81
	1842.56	0.00	11.54	850.96
	1842.58	0.00	11.34	844.15
	1842.59	0.00	11.15	841.32
	1842.60	0.00	11.02	807.39
	1842.61	0.00	11.11	813.33
	1842.62	0.00	11.08	809.34
	1842.63	0.00	11.08	808.34
	1842.65	0.00	11.05	805.36
	1842.66	0.00	11.04	803.37
	1842.67	0.00	11.01	803.39
	1842.68	0.00	10.94	801.47
	1842.69	0.00	10.94	802.48
	1842.70	0.00	10.94	800.48
	1842.71	0.00	10.90	798.50
	1842.73	0.00	10.89	797.50
	1842.74	0.00	10.78	773.51
	1842.75	0.00	10.79	774.51
	1842.76	0.00	10.83	779.50
	1842.77	0.00	10.81	777.51
	1842.79	0.00	10.81	776.51
	1842.80	0.00	10.82	778.50
	1842.81	0.00	10.82	778.51
	1842.82	0.00	10.83	782.51
	1842.83	0.00	10.82	780.52
	1842.84	0.00	10.79	777.53
	1842.85	0.00	10.77	773.52
	1842.87	0.00	10.84	782.52
	1842.88	0.00	10.82	780.52
	1842.89	0.00	10.84	783.52
	1842.90	0.00	10.83	783.54
	1842.91	0.00	10.86	782.51
	1842.92	0.00	10.87	784.50
	1842.93	0.00	10.83	779.50
	1842.95	0.00	10.84	777.47
	1842.96	0.00	10.86	796.43
	1842.97	0.00	10.85	776.45
	1842.98	0.00	10.86	776.45
	1842.99	0.00	10.84	775.47
	1843.00	0.00	10.87	782.49
	1843.02	0.00	10.89	781.46
	1843.03	0.00	10.90	783.47
	1843.04	0.00	10.89	781.47
	1843.05	0.00	10.89	781.47
	1843.06	0.00	10.88	777.47
	1843.07	0.00	10.86	774.46
	1843.08	0.00	10.88	774.46
	1843.10	0.00	10.68	772.70
	1843.11	0.00	10.23	791.27
	1843.12	0.00	9.59	893.79
	1843.13	0.00	9.01	1043.10
	1843.14	0.00	8.87	1095.16
	1843.15	0.00	8.83	1126.19
	1843.17	0.00	8.99	1193.17
	1843.18	0.00	9.15	1226.15
	1843.19	0.00	9.29	1283.16
	1843.20	0.00	9.43	1302.09
	1843.21	0.00	9.55	1327.09
	1843.22	0.00	9.62	1345.11
	1843.23	0.00	9.70	1356.12
	1843.25	0.00	9.83	1365.12
	1843.26	0.00	9.91	1361.13
	1843.27	0.00	10.05	1352.10
	1843.28	0.00	10.19	1331.08
	1843.29	0.00	10.32	1303.06
	1843.31	0.00	10.54	1279.02
	1843.32	0.00	10.85	1235.87
	1843.33	0.00	10.99	1203.89
	1843.34	0.00	11.14	1179.78
	1843.35	0.00	11.31	1165.60
	1843.36	0.00	11.45	1137.42
	1843.38	0.00	11.69	1127.10
	1843.39	0.00	11.91	1114.80
	1843.40	0.00	12.18	1101.40
	1843.41	0.00	12.22	1089.31
	1843.42	0.00	12.24	1078.24
	1843.43	0.00	12.22	1072.25
	1843.44	0.00	12.16	1052.24
	1843.46	0.00	12.16	1043.23
	1843.47	0.00	12.13	1028.24
	1843.48	0.00	12.11	1009.25
	1843.49	0.00	12.13	1001.24
	1843.50	0.00	12.08	989.26
	1843.52	0.00	12.04	985.32
	1843.53	0.00	12.22	998.38
	1843.54	0.00	12.21	1003.50
	1843.55	0.00	12.28	1012.51
	1843.56	0.00	12.35	1017.53
	1843.57	0.00	12.43	1023.55
	1843.59	0.00	12.56	1021.47
	1843.60	0.00	12.67	1025.42
	1843.61	0.00	12.79	1028.32
	1843.62	0.00	12.94	1021.12
	1843.63	0.00	13.13	1020.93
	1843.64	0.00	13.21	1021.85
	1843.66	0.00	13.20	1022.84
	1843.67	0.00	13.28	1021.80
	1843.68	0.00	13.34	1031.77
	1843.69	0.00	13.39	1045.74
	1843.70	0.00	13.49	1045.65
	1843.71	0.00	13.44	1038.64
	1843.72	0.00	13.16	1016.70
	1843.74	0.00	12.75	971.76
	1843.75	0.00	12.29	915.81
	1843.76	0.00	11.66	858.91
	1843.77	0.00	11.40	843.07
	1843.78	0.00	10.86	814.58
	1843.79	0.00	10.85	831.70
	1843.81	0.00	10.80	824.70
	1843.82	0.00	10.80	820.68
	1843.83	0.00	10.80	820.69
	1843.84	0.00	10.69	798.70
	1843.85	0.00	10.71	800.70
	1843.86	0.00	10.70	801.70
	1843.88	0.00	10.69	801.72
	1843.89	0.00	10.73	801.71
	1843.90	0.00	10.67	800.75
	1843.91	0.00	10.68	802.75
	1843.92	0.00	10.69	801.75
	1843.93	0.00	10.70	801.77
	1843.94	0.00	10.72	805.74
	1843.96	0.00	10.69	798.72
	1843.97	0.00	10.74	801.68
	1843.98	0.00	10.74	800.68
	1843.99	0.00	10.78	803.66
	1844.00	0.00	10.78	802.65
	1844.02	0.00	10.76	798.65
	1844.03	0.00	10.80	803.63
	1844.04	0.00	10.80	805.64
	1844.05	0.00	10.82	806.62
	1844.06	0.00	10.85	806.59
	1844.07	0.00	10.90	804.51
	1844.08	0.00	10.89	810.59
	1844.10	0.00	10.86	809.60
	1844.11	0.00	10.87	808.60
	1844.12	0.00	10.86	809.60
	1844.13	0.00	10.87	810.59
	1844.14	0.00	10.88	809.59
	1844.15	0.00	10.89	810.59
	1844.17	0.00	10.87	809.61
	1844.18	0.00	10.85	809.60
	1844.19	0.00	10.89	811.60
	1844.20	0.00	10.87	810.60
	1844.21	0.00	10.87	804.57
	1844.22	0.00	10.87	783.56
	1844.23	0.00	10.83	798.57
	1844.25	0.00	10.88	805.56
	1844.26	0.00	10.48	792.06
	1844.27	0.00	9.97	842.64
	1844.28	0.00	9.35	986.19
	1844.29	0.00	8.99	1103.47
	1844.30	0.00	9.08	1130.41
	1844.32	0.00	9.19	1138.33
	1844.33	0.00	9.41	1175.25
	1844.34	0.00	9.61	1237.19
	1844.35	0.00	9.70	1312.19
	1844.36	0.00	9.82	1336.18
	1844.37	0.00	10.08	1362.01
	1844.39	0.00	10.21	1384.03
	1844.40	0.00	10.37	1386.03
	1844.41	0.00	10.52	1363.03
	1844.42	0.00	10.61	1341.01
	1844.43	0.00	10.72	1312.99
	1844.44	0.00	10.82	1275.95
	1844.45	0.00	10.94	1246.87
	1844.47	0.00	10.97	1205.92
	1844.48	0.00	11.11	1162.75
	1844.49	0.00	11.30	1133.60
	1844.50	0.00	11.53	1099.34
	1844.51	0.00	11.76	1079.99
	1844.53	0.00	11.87	1063.84
	1844.54	0.00	11.92	1059.76
	1844.55	0.00	11.97	1045.62
	1844.56	0.00	11.96	1031.57
	1844.57	0.00	11.95	1016.53
	1844.58	0.00	12.05	1001.37
	1844.59	0.00	12.00	989.34
	1844.61	0.00	11.97	972.30
	1844.62	0.00	12.07	974.19
	1844.63	0.00	12.11	972.13
	1844.64	0.00	12.15	971.09
	1844.65	0.00	12.13	965.08
	1844.67	0.00	12.17	965.02
	1844.68	0.00	12.12	961.06
	1844.69	0.00	12.03	964.21
	1844.70	0.00	12.52	1005.21
	1844.71	0.00	12.59	1017.27
	1844.72	0.00	12.86	1038.14
	1844.73	0.00	13.03	1050.10
	1844.75	0.00	13.25	1069.01
	1844.76	0.00	13.40	1075.97
	1844.77	0.00	13.55	1082.92
	1844.78	0.00	13.62	1082.87
	1844.79	0.00	13.68	1086.86
	1844.80	0.00	13.65	1073.82
	1844.81	0.00	13.58	1061.81
	1844.83	0.00	13.55	1053.78
	1844.84	0.00	13.33	1029.77
	1844.85	0.00	13.34	1028.73
	1844.86	0.00	13.37	1030.69
	1844.87	0.00	13.31	1021.66
	1844.89	0.00	13.11	1001.70
	1844.90	0.00	12.73	962.74
	1844.91	0.00	12.37	920.79
	1844.92	0.00	11.74	868.92
	1844.93	0.00	11.37	840.17
	1844.94	0.00	10.90	822.64
	1844.95	0.00	10.69	805.75
	1844.97	0.00	10.64	794.71
	1844.98	0.00	10.65	796.71
	1844.99	0.00	10.66	793.67
	1845.00	0.00	10.66	791.65
	1845.01	0.00	10.69	789.63
	1845.02	0.00	10.67	791.67
	1845.04	0.00	10.68	790.63
	1845.05	0.00	10.69	791.65
	1845.06	0.00	10.70	794.67
	1845.07	0.00	10.70	792.66
	1845.08	0.00	10.73	794.62
	1845.09	0.00	10.73	793.63
	1845.10	0.00	10.72	794.65
	1845.12	0.00	10.72	795.66
	1845.13	0.00	10.76	800.66
	1845.14	0.00	10.74	796.65
	1845.15	0.00	10.74	795.63
	1845.16	0.00	10.76	797.62
	1845.18	0.00	10.78	802.64
	1845.19	0.00	10.79	799.62
	1845.20	0.00	10.80	802.63
	1845.21	0.00	10.80	801.62
	1845.22	0.00	10.78	797.63
	1845.23	0.00	10.79	800.63
	1845.24	0.00	10.81	803.63
	1845.26	0.00	10.84	802.58
	1845.27	0.00	10.82	804.63
	1845.28	0.00	10.80	801.62
	1845.29	0.00	10.79	802.63
	1845.30	0.00	10.81	804.62
	1845.31	0.00	10.80	805.65
	1845.32	0.00	10.82	805.63
	1845.34	0.00	10.85	808.62
	1845.35	0.00	10.86	807.62
	1845.36	0.00	10.84	809.62
	1845.37	0.00	10.84	807.61
	1845.38	0.00	10.77	795.60
	1845.40	0.00	10.85	806.61
	1845.41	0.00	10.84	806.61
	1845.42	0.00	10.65	805.83
	1845.43	0.00	10.25	835.37
	1845.44	0.00	9.61	949.10
	1845.45	0.00	8.97	1088.44
	1845.46	0.00	9.30	1160.40
	1845.48	0.00	9.40	1170.32
	1845.49	0.00	9.54	1184.25
	1845.50	0.00	9.67	1223.23
	1845.51	0.00	10.05	1297.20
	1845.52	0.00	10.06	1298.20
	1845.53	0.00	10.19	1316.13
	1845.55	0.00	10.31	1328.13
	1845.56	0.00	10.40	1328.09
	1845.57	0.00	10.47	1321.10
	1845.58	0.00	10.56	1305.06
	1845.59	0.00	10.63	1280.00
	1845.60	0.00	10.71	1256.97
	1845.62	0.00	10.79	1227.94
	1845.63	0.00	10.90	1199.86
	1845.64	0.00	10.99	1164.75
	1845.65	0.00	11.12	1131.65
	1845.66	0.00	11.25	1099.57
	1845.68	0.00	11.37	1078.41
	1845.69	0.00	11.51	1060.23
	1845.70	0.00	11.72	1042.94
	1845.71	0.00	11.86	1039.76
	1845.72	0.00	11.85	1022.69
	1845.73	0.00	11.88	1012.65
	1845.75	0.00	11.89	1001.57
	1845.76	0.00	11.92	997.53
	1845.77	0.00	11.99	993.39
	1845.78	0.00	12.04	991.32
	1845.79	0.00	12.08	985.26
	1845.80	0.00	12.10	981.22
	1845.81	0.00	12.14	983.17
	1845.83	0.00	12.20	984.08
	1845.84	0.00	12.24	984.05
	1845.85	0.00	12.24	982.06
	1845.86	0.00	12.24	984.06
	1845.87	0.00	12.19	978.09
	1845.88	0.00	12.18	980.10
	1845.90	0.00	12.43	1009.13
	1845.91	0.00	12.54	1020.13
	1845.92	0.00	12.76	1043.14
	1845.93	0.00	12.85	1051.17
	1845.94	0.00	12.92	1054.14
	1845.95	0.00	13.01	1054.07
	1845.96	0.00	13.11	1060.01
	1845.98	0.00	13.20	1058.93
	1845.99	0.00	13.19	1049.91
	1846.00	0.00	13.08	1029.87
	1846.01	0.00	12.97	1011.85
	1846.02	0.00	12.68	981.83
	1846.04	0.00	12.71	974.77
	1846.05	0.00	12.72	967.72
	1846.06	0.00	12.74	959.65
	1846.07	0.00	12.61	945.64
	1846.08	0.00	12.50	933.67
	1846.09	0.00	12.06	896.73
	1846.10	0.00	11.84	880.84
	1846.12	0.00	11.64	864.91
	1846.13	0.00	11.32	851.22
	1846.14	0.00	10.77	813.70
	1846.15	0.00	10.69	806.75
	1846.16	0.00	10.67	800.72
	1846.17	0.00	10.67	797.71
	1846.19	0.00	10.69	799.70
	1846.20	0.00	10.75	805.67
	1846.21	0.00	10.73	804.70
	1846.22	0.00	10.73	805.69
	1846.23	0.00	10.73	804.69
	1846.24	0.00	10.72	802.68
	1846.26	0.00	10.74	804.69
	1846.27	0.00	10.78	806.67
	1846.28	0.00	10.78	804.66
	1846.29	0.00	10.79	806.66
	1846.30	0.00	10.80	807.63
	1846.31	0.00	10.79	806.66
	1846.32	0.00	10.76	801.65
	1846.34	0.00	10.81	807.64
	1846.35	0.00	10.80	806.64
	1846.36	0.00	10.82	807.63
	1846.37	0.00	10.83	810.64
	1846.38	0.00	10.82	806.63
	1846.39	0.00	10.85	810.63
	1846.41	0.00	10.83	810.65
	1846.42	0.00	10.86	809.61
	1846.43	0.00	10.85	809.62
	1846.44	0.00	10.94	807.47
	1846.45	0.00	10.99	811.45
	1846.46	0.00	11.00	813.45
	1846.47	0.00	11.03	816.44
	1846.49	0.00	11.03	815.43
	1846.50	0.00	11.03	816.44
	1846.51	0.00	11.00	815.47
	1846.52	0.00	10.99	815.48
	1846.53	0.00	11.01	818.48
	1846.55	0.00	11.00	816.49
	1846.56	0.00	11.00	814.50
	1846.57	0.00	10.97	815.52
	1846.58	0.00	10.99	817.52
	1846.59	0.00	11.02	821.52
	1846.60	0.00	10.86	822.70
	1846.61	0.00	10.35	845.38
	1846.63	0.00	9.59	992.07
	1846.64	0.00	8.94	1178.48
	1846.65	0.00	9.11	1210.44
	1846.66	0.00	9.30	1209.33
	1846.67	0.00	9.52	1236.24
	1846.68	0.00	8.58	1082.17
	1846.69	0.00	9.92	1331.11
	1846.71	0.00	9.99	1335.17
	1846.72	0.00	10.31	1347.22
	1846.73	0.00	10.33	1339.21
	1846.74	0.00	10.46	1342.19
	1846.75	0.00	10.60	1330.12
	1846.77	0.00	10.64	1312.17
	1846.78	0.00	10.74	1285.10
	1846.79	0.00	10.86	1258.01
	1846.80	0.00	10.96	1232.99
	1846.81	0.00	11.08	1207.88
	1846.82	0.00	11.20	1183.75
	1846.84	0.00	11.32	1145.62
	1846.85	0.00	11.52	1123.41
	1846.86	0.00	11.72	1104.18
	1846.87	0.00	11.88	1079.91
	1846.88	0.00	11.93	1052.73
	1846.89	0.00	11.99	1040.61
	1846.91	0.00	12.01	1024.51
	1846.92	0.00	12.05	1013.39
	1846.93	0.00	12.12	1007.30
	1846.94	0.00	12.14	1007.24
	1846.95	0.00	12.23	1000.12
	1846.96	0.00	12.25	992.04
	1846.98	0.00	12.30	990.97
	1846.99	0.00	12.33	991.95
	1847.00	0.00	12.33	988.94
	1847.01	0.00	12.36	990.94
	1847.02	0.00	12.38	992.92
	1847.03	0.00	12.37	994.91
	1847.05	0.00	12.40	994.90
	1847.06	0.00	12.39	992.89
	1847.07	0.00	12.40	992.88
	1847.08	0.00	12.39	991.88
	1847.09	0.00	12.39	992.89
	1847.10	0.00	12.65	1010.88
	1847.11	0.00	12.91	1036.87
	1847.13	0.00	12.97	1041.87
	1847.14	0.00	12.93	1032.87
	1847.15	0.00	12.73	1008.84
	1847.16	0.00	12.80	1014.82
	1847.17	0.00	12.81	1009.81
	1847.18	0.00	12.85	1010.77
	1847.20	0.00	12.86	1014.77
	1847.21	0.00	12.87	1010.77
	1847.22	0.00	12.86	1008.75
	1847.23	0.00	12.87	1005.71
	1847.24	0.00	12.85	996.67
	1847.26	0.00	12.74	985.68
	1847.27	0.00	12.40	950.71
	1847.28	0.00	12.27	936.76
	1847.29	0.00	12.03	903.85
	1847.30	0.00	11.83	889.94
	1847.31	0.00	11.59	884.23
	1847.32	0.00	11.23	868.61
	1847.33	0.00	11.13	857.65
	1847.35	0.00	11.09	847.64
	1847.36	0.00	11.06	843.63
	1847.37	0.00	11.00	834.64
	1847.38	0.00	10.98	830.64
	1847.39	0.00	10.97	831.67
	1847.41	0.00	10.96	830.67
	1847.42	0.00	10.93	822.64
	1847.43	0.00	10.91	818.63
	1847.44	0.00	10.95	826.65
	1847.45	0.00	10.93	822.64
	1847.46	0.00	10.96	826.63
	1847.47	0.00	10.93	820.63
	1847.49	0.00	10.94	821.62
	1847.50	0.00	10.93	818.61
	1847.51	0.00	10.95	817.60
	1847.52	0.00	10.96	818.58
	1847.53	0.00	10.96	821.61
	1847.54	0.00	10.95	819.60
	1847.56	0.00	10.94	816.61
	1847.57	0.00	10.98	818.57
	1847.58	0.00	10.97	814.56
	1847.59	0.00	10.98	815.56
	1847.60	0.00	10.93	807.55
	1847.61	0.00	10.98	817.55
	1847.62	0.00	10.97	815.55
	1847.64	0.00	10.98	816.55
	1847.65	0.00	10.97	816.57
	1847.66	0.00	11.02	819.55
	1847.67	0.00	10.97	814.55
	1847.68	0.00	10.98	816.56
	1847.69	0.00	10.99	818.57
	1847.71	0.00	11.00	820.57
	1847.72	0.00	11.03	823.56
	1847.73	0.00	11.00	819.56
	1847.74	0.00	10.97	815.56
	1847.75	0.00	10.99	820.57
	1847.76	0.00	10.92	809.57
	1847.78	0.00	11.00	817.56
	1847.79	0.00	11.01	819.55
	1847.80	0.00	11.00	818.55
	1847.81	0.00	10.99	816.56
	1847.82	0.00	11.01	819.55
	1847.83	0.00	10.42	835.34
	1847.84	0.00	9.84	890.88
	1847.86	0.00	9.37	997.34
	1847.87	0.00	9.22	1054.45
	1847.88	0.00	9.24	1076.42
	1847.89	0.00	9.31	1078.34
	1847.90	0.00	9.40	1097.27
	1847.91	0.00	9.57	1139.24
	1847.93	0.00	9.75	1206.20
	1847.94	0.00	9.81	1242.22
	1847.95	0.00	9.92	1283.27
	1847.96	0.00	10.01	1310.25
	1847.97	0.00	10.08	1321.24
	1847.98	0.00	10.15	1320.19
	1848.00	0.00	10.23	1314.18
	1848.01	0.00	10.33	1305.15
	1848.02	0.00	10.39	1286.14
	1848.03	0.00	10.47	1267.11
	1848.04	0.00	10.56	1245.06
	1848.05	0.00	10.64	1217.03
	1848.07	0.00	10.73	1192.96
	1848.08	0.00	10.82	1174.90
	1848.09	0.00	10.94	1145.81
	1848.10	0.00	11.04	1117.73
	1848.11	0.00	11.18	1101.61
	1848.12	0.00	11.30	1088.54
	1848.14	0.00	11.46	1080.38
	1848.15	0.00	11.59	1065.21
	1848.16	0.00	11.76	1050.96
	1848.17	0.00	11.81	1041.88
	1848.18	0.00	11.88	1037.78
	1848.19	0.00	11.85	1014.76
	1848.21	0.00	11.83	999.74
	1848.22	0.00	11.87	997.69
	1848.23	0.00	11.88	992.68
	1848.24	0.00	11.85	989.71
	1848.25	0.00	11.83	987.73
	1848.26	0.00	11.83	989.76
	1848.28	0.00	11.84	985.73
	1848.29	0.00	11.85	983.73
	1848.30	0.00	12.10	1004.71
	1848.31	0.00	12.15	1009.72
	1848.32	0.00	12.24	1013.67
	1848.33	0.00	12.27	1012.63
	1848.34	0.00	12.38	1018.58
	1848.36	0.00	12.42	1021.58
	1848.37	0.00	12.46	1015.52
	1848.38	0.00	12.56	1012.42
	1848.39	0.00	12.59	1012.43
	1848.40	0.00	12.61	1001.35
	1848.42	0.00	12.61	976.28
	1848.43	0.00	12.55	965.26
	1848.44	0.00	12.57	953.14
	1848.45	0.00	12.51	941.12
	1848.46	0.00	12.44	934.12
	1848.47	0.00	12.55	932.92
	1848.48	0.00	12.53	931.91
	1848.50	0.00	12.57	937.87
	1848.51	0.00	12.62	952.81
	1848.52	0.00	12.58	953.81
	1848.53	0.00	12.13	919.89
	1848.54	0.00	11.91	890.97
	1848.55	0.00	11.64	880.19
	1848.57	0.00	11.31	872.56
	1848.58	0.00	11.11	860.74
	1848.59	0.00	11.04	849.77
	1848.60	0.00	11.04	848.76
	1848.61	0.00	11.02	839.73
	1848.62	0.00	10.99	833.72
	1848.64	0.00	10.96	829.72
	1848.65	0.00	10.94	825.74
	1848.66	0.00	10.94	824.71
	1848.67	0.00	10.95	824.70
	1848.68	0.00	10.95	823.69
	1848.69	0.00	10.98	821.65
	1848.70	0.00	10.96	823.68
	1848.72	0.00	10.97	821.67
	1848.73	0.00	10.96	819.66
	1848.74	0.00	10.97	819.65
	1848.75	0.00	11.05	821.55
	1848.76	0.00	10.98	818.64
	1848.77	0.00	10.98	821.64
	1848.79	0.00	10.98	821.64
	1848.80	0.00	11.00	819.64
	1848.81	0.00	10.97	820.65
	1848.82	0.00	10.99	821.65
	1848.83	0.00	11.00	823.65
	1848.84	0.00	10.99	820.64
	1848.85	0.00	10.99	820.64
	1848.87	0.00	10.96	821.67
	1848.88	0.00	10.88	806.65
	1848.89	0.00	10.98	820.64
	1848.90	0.00	10.98	820.64
	1848.91	0.00	10.97	820.65
	1848.93	0.00	10.97	822.65
	1848.94	0.00	10.97	821.65
	1848.95	0.00	10.97	821.65
	1848.96	0.00	10.96	821.66
	1848.97	0.00	11.00	821.60
	1848.98	0.00	10.95	819.66
	1848.99	0.00	10.90	811.65
	1849.01	0.00	11.08	821.49
	1849.02	0.00	10.98	824.66
	1849.03	0.00	11.02	820.57
	1849.04	0.00	10.89	825.77
	1849.05	0.00	10.84	851.99
	1849.06	0.00	10.94	906.13
	1849.07	0.00	10.91	952.33
	1849.09	0.54	0.00	11.13	847.72
	1853.55	0.00	11.20	856.72
	1853.56	0.00	11.20	859.73
	1853.58	0.00	11.18	860.75
	1853.59	0.00	11.20	860.74
	1853.60	0.00	11.18	857.74
	1853.61	0.00	11.15	854.75
	1853.62	0.00	11.15	855.77
	1853.63	0.00	11.18	860.76
	1853.65	0.00	11.11	858.81
	1853.66	0.00	11.08	865.86
	1853.67	0.00	11.03	889.04
	1853.68	0.00	10.98	895.11
	1853.69	0.00	10.93	903.23
	1853.70	0.00	10.95	893.26
	1853.72	0.00	10.91	902.36
	1853.73	0.00	10.92	908.35
	1853.74	0.00	10.89	925.47
	1853.75	0.00	10.94	954.52
	1853.76	0.00	10.92	972.59
	1853.77	0.00	10.92	998.62
	1853.79	0.00	10.95	1037.65
	1853.80	0.00	10.87	1060.74
	1853.81	0.00	10.84	1086.74
	1853.82	0.00	10.80	1114.78
	1853.83	0.00	10.80	1165.83
	1853.84	0.00	10.78	1183.88
	1853.85	0.00	10.81	1198.91
	1853.87	0.00	10.84	1212.93
	1853.88	0.00	10.93	1219.84
	1853.89	0.00	10.92	1222.94
	1853.90	0.00	10.93	1220.94
	1853.91	0.00	10.98	1214.88
	1853.93	0.00	10.99	1210.90
	1853.94	0.00	11.00	1200.90
	1853.95	0.00	11.00	1189.89
	1853.96	0.00	11.02	1186.88
	1853.97	0.00	11.01	1183.88
	1853.98	0.00	11.07	1176.73
	1854.00	0.00	11.07	1178.72
	1854.01	0.00	11.04	1173.73
	1854.02	0.00	11.04	1176.74
	1854.03	0.00	11.01	1177.75
	1854.04	0.00	10.99	1178.76
	1854.05	0.00	10.90	1175.86
	1854.06	0.00	10.88	1179.90
	1854.08	0.00	10.86	1181.91
	1854.09	0.00	10.86	1182.91
	1854.10	0.00	10.89	1188.91
	1854.11	0.00	10.90	1191.91
	1854.12	0.00	10.93	1191.83
	1854.14	0.00	10.89	1189.88
	1854.15	0.00	10.90	1189.88
	1854.16	0.00	10.91	1188.87
	1854.17	0.00	10.91	1188.87
	1854.18	0.00	10.89	1185.90
	1854.19	0.0010	885.00
	1854.58	0.00	11.08	882.00
	1854.59	0.00	11.05	874.99
	1854.60	0.00	11.08	881.98
	1854.61	0.00	11.06	876.97
	1854.63	0.00	11.05	874.97
	1854.64	0.00	11.09	881.97
	1854.65	0.00	11.10	881.96
	1854.66	0.00	11.10	878.95
	1854.67	0.00	11.11	880.95
	1854.68	0.00	11.10	877.94
	1854.69	0.00	11.10	877.94
	1854.71	0.00	11.13	879.92
	1854.72	0.00	11.11	875.91
	1854.73	0.00	11.11	874.91
	1854.74	0.00	11.10	874.92
	1854.75	0.00	11.14	875.90
	1854.77	0.00	11.12	875.90
	1854.78	0.00	11.08	869.90
	1854.79	0.00	11.09	873.92
	1854.80	0.00	11.10	872.90
	1854.81	0.00	11.09	871.90
	1854.82	0.00	11.11	869.86
	1854.83	0.00	11.11	870.86
	1854.84	0.00	11.15	878.88
	1854.86	0.00	11.12	874.89
	1854.87	0.00	11.11	872.89
	1854.88	0.00	11.10	873.90
	1854.89	0.00	11.07	873.93
	1854.90	0.00	11.10	880.93
	1854.92	0.00	11.07	880.96
	1854.93	0.00	11.05	882.00
	1854.94	0.00	11.05	885.02
	1854.95	0.00