4505.22	0.00	12.81	2238.37
	4505.23	0.00	12.82	2241.36
	4505.24	0.00	12.83	2246.38
	4505.25	0.00	12.84	2246.37
	4505.27	0.00	12.83	2247.37
	4505.28	0.00	12.83	2247.37
	4505.29	0.00	12.84	2245.33
	4505.30	0.00	12.81	2241.40
	4505.31	0.00	12.81	2247.42
	4505.33	0.00	12.81	2247.43
	4505.34	0.00	12.80	2248.45
	4505.35	0.00	12.81	2247.44
	4505.36	0.00	12.82	2245.41
	4505.37	0.00	12.81	2246.43
	4505.38	0.00	12.81	2248.44
	4505.40	0.00	12.81	2250.43
	4505.41	0.00	12.81	2251.44
	4505.42	0.00	12.90	2244.16
	4505.43	0.00	12.92	2253.14
	4505.44	0.00	12.91	2253.16
	4505.45	0.00	12.90	2246.18
	4505.47	0.00	12.90	2248.18
	4505.48	0.00	12.90	2236.09
	4505.49	0.00	12.82	2226.27
	4505.50	0.00	12.81	2234.36
	4505.52	0.00	12.81	2229.39
	4505.53	0.00	12.82	2233.40
	4505.54	0.00	12.81	2223.37
	4505.55	0.00	12.79	2220.40
	4505.56	0.00	12.80	2226.41
	4505.57	0.00	12.81	2227.42
	4505.59	0.00	12.80	2233.42
	4505.60	0.00	12.80	2233.42
	4505.61	0.00	12.80	2235.42
	4505.62	0.00	12.80	2234.41
	4505.63	0.00	12.82	2242.40
	4505.65	0.00	12.82	2247.41
	4505.66	0.00	12.82	2247.41
	4505.67	0.00	12.81	2247.42
	4505.68	0.00	12.82	2248.42
	4505.69	0.00	12.82	2244.39
	4505.70	0.00	12.82	2247.40
	4505.72	0.00	12.83	2251.40
	4505.73	0.00	12.83	2251.41
	4505.74	0.00	12.82	2252.41
	4505.75	0.00	12.84	2251.35
	4505.76	0.00	12.83	2249.37
	4505.78	0.00	12.83	2249.37
	4505.79	0.00	12.83	2251.37
	4505.80	0.00	12.83	2248.37
	4505.81	0.00	12.83	2250.37
	4505.82	0.00	12.84	2251.36
	4505.83	0.00	12.80	2234.36
	4505.85	0.00	12.80	2234.38
	4505.86	0.00	12.81	2236.36
	4505.87	0.00	12.81	2236.36
	4505.88	0.00	12.81	2235.36
	4505.89	0.00	12.82	2234.34
	4505.91	0.00	12.80	2231.36
	4505.92	0.00	12.82	2238.36
	4505.93	0.00	12.83	2243.36
	4505.94	0.00	12.83	2243.36
	4505.95	0.00	12.82	2239.36
	4505.96	0.00	12.84	2242.33
	4505.98	0.00	12.83	2239.36
	4505.99	0.00	12.81	2242.42
	4506.00	0.00	12.81	2245.42
	4506.01	0.00	12.81	2243.43
	4506.02	0.00	12.81	2244.44
	4506.04	0.00	12.84	2243.34
	4506.05	0.00	12.82	2245.41
	4506.06	0.00	12.81	2245.42
	4506.07	0.00	12.82	2246.42
	4506.08	0.00	12.81	2246.44
	4506.10	0.00	12.82	2249.43
	4506.11	0.00	12.92	2250.12
	4506.12	0.00	12.91	2250.15
	4506.13	0.00	12.90	2243.16
	4506.14	0.00	12.90	2244.17
	4506.15	0.00	12.88	2234.15
	4506.17	0.00	12.86	2228.19
	4506.18	0.00	12.82	2229.30
	4506.19	0.00	12.81	2232.36
	4506.20	0.00	12.82	2227.38
	4506.21	0.00	12.81	2231.39
	4506.22	0.00	12.79	2210.36
	4506.24	0.00	12.77	2210.39
	4506.25	0.00	12.80	2223.40
	4506.26	0.00	12.80	2226.40
	4506.27	0.00	12.82	2223.39
	4506.29	0.00	12.81	2228.41
	4506.30	0.00	12.81	2232.41
	4506.31	0.00	12.81	2231.38
	4506.32	0.00	12.82	2240.40
	4506.33	0.00	12.83	2242.40
	4506.34	0.00	12.82	2242.41
	4506.36	0.00	12.82	2244.41
	4506.37	0.00	12.82	2245.41
	4506.38	0.00	12.81	2244.41
	4506.39	0.00	12.82	2245.39
	4506.40	0.00	12.83	2250.40
	4506.41	0.00	12.82	2248.40
	4506.43	0.00	12.82	2251.40
	4506.44	0.00	12.83	2249.40
	4506.45	0.00	12.83	2249.39
	4506.46	0.00	12.83	2247.35
	4506.47	0.00	12.83	2249.36
	4506.49	0.00	12.83	2249.36
	4506.50	0.00	12.83	2248.36
	4506.51	0.00	12.82	2248.38
	4506.52	0.00	12.81	2236.36
	4506.53	0.00	12.79	2231.36
	4506.55	0.00	12.80	2233.36
	4506.56	0.00	12.80	2233.36
	4506.57	0.00	12.80	2232.36
	4506.58	0.00	12.81	2234.36
	4506.59	0.00	12.80	2234.36
	4506.60	0.00	12.80	2231.36
	4506.62	0.00	12.81	2237.36
	4506.63	0.00	12.82	2240.36
	4506.64	0.00	12.82	2242.36
	4506.65	0.00	12.82	2242.37
	4506.66	0.00	12.84	2245.32
	4506.68	0.00	12.80	2240.40
	4506.69	0.00	12.79	2238.42
	4506.70	0.00	12.79	2243.45
	4506.71	0.00	12.80	2245.44
	4506.72	0.00	12.79	2243.43
	4506.73	0.00	12.80	2245.41
	4506.75	0.00	12.80	2245.42
	4506.76	0.00	12.80	2242.42
	4506.77	0.00	12.81	2247.42
	4506.78	0.00	12.80	2247.43
	4506.79	0.00	12.80	2248.43
	4506.81	0.00	12.89	2245.15
	4506.82	0.00	12.91	2248.12
	4506.83	0.00	12.90	2250.14
	4506.84	0.00	12.90	2251.16
	4506.85	0.00	12.89	2245.17
	4506.87	0.00	12.88	2244.18
	4506.88	0.00	12.84	2231.22
	4506.89	0.00	12.80	2234.35
	4506.90	0.00	12.80	2229.38
	4506.91	0.00	12.80	2231.39
	4506.92	0.00	12.80	2233.40
	4506.94	0.00	12.80	2231.40
	4506.95	0.00	12.78	2213.36
	4506.96	0.00	12.78	2220.39
	4506.97	0.00	12.79	2228.40
	4506.98	0.00	12.80	2227.41
	4507.00	0.00	12.81	2229.41
	4507.01	0.00	12.80	2233.41
	4507.02	0.00	12.80	2231.39
	4507.03	0.00	12.81	2243.40
	4507.04	0.00	12.82	2244.40
	4507.06	0.00	12.81	2245.41
	4507.07	0.00	12.82	2246.41
	4507.08	0.00	12.81	2246.42
	4507.09	0.00	12.81	2239.37
	4507.10	0.00	12.81	2249.39
	4507.11	0.00	12.83	2251.36
	4507.12	0.00	12.82	2251.40
	4507.14	0.00	12.82	2250.40
	4507.15	0.00	12.82	2251.40
	4507.16	0.00	12.82	2251.41
	4507.17	0.00	12.82	2246.36
	4507.18	0.00	12.83	2250.36
	4507.20	0.00	12.83	2249.36
	4507.21	0.00	12.83	2249.36
	4507.22	0.00	12.83	2248.36
	4507.23	0.00	12.83	2249.36
	4507.24	0.00	12.79	2230.36
	4507.26	0.00	12.80	2233.35
	4507.27	0.00	12.80	2233.36
	4507.28	0.00	12.81	2236.36
	4507.29	0.00	12.81	2234.35
	4507.30	0.00	12.81	2234.35
	4507.32	0.00	12.82	2232.31
	4507.33	0.00	12.83	2244.35
	4507.34	0.00	12.83	2240.35
	4507.35	0.00	12.83	2242.35
	4507.36	0.00	12.82	2241.37
	4507.37	0.00	12.83	2242.35
	4507.39	0.00	12.81	2240.39
	4507.40	0.00	12.81	2242.40
	4507.41	0.00	12.81	2242.42
	4507.42	0.00	12.81	2242.42
	4507.43	0.00	12.81	2243.42
	4507.45	0.00	12.80	2243.43
	4507.46	0.00	12.82	2242.39
	4507.47	0.00	12.82	2245.41
	4507.48	0.00	12.81	2246.41
	4507.49	0.00	12.81	2247.42
	4507.50	0.00	12.89	2242.17
	4507.52	0.00	12.92	2245.12
	4507.53	0.00	12.92	2248.12
	4507.54	0.00	12.92	2249.14
	4507.55	0.00	12.91	2241.12
	4507.56	0.00	12.90	2244.16
	4507.58	0.00	12.86	2229.18
	4507.59	0.00	12.82	2229.32
	4507.60	0.00	12.81	2229.34
	4507.61	0.00	12.81	2228.35
	4507.62	0.00	12.82	2226.37
	4507.63	0.00	12.81	2229.38
	4507.65	0.00	12.80	2218.35
	4507.66	0.00	12.79	2216.38
	4507.67	0.00	12.79	2221.39
	4507.68	0.00	12.79	2219.39
	4507.69	0.00	12.80	2226.40
	4507.71	0.00	12.81	2228.40
	4507.72	0.00	12.80	2231.40
	4507.73	0.00	12.80	2230.38
	4507.74	0.00	12.82	2241.40
	4507.75	0.00	12.82	2243.40
	4507.77	0.00	12.82	2241.40
	4507.78	0.00	12.81	2241.40
	4507.79	0.00	12.81	2244.41
	4507.80	0.00	12.81	2246.41
	4507.81	0.00	12.79	2249.39
	4507.83	0.00	12.79	2256.40
	4507.84	0.00	12.79	2258.38
	4507.85	0.00	12.76	2259.40
	4507.86	0.00	12.76	2265.40
	4507.87	0.00	12.75	2260.37
	4507.88	0.00	12.75	2265.37
	4507.89	0.00	12.76	2262.37
	4507.91	0.00	12.75	2268.37
	4507.92	0.00	12.74	2267.37
	4507.93	0.00	12.74	2269.39
	4507.94	0.00	12.74	2269.37
	4507.95	0.00	12.70	2250.37
	4507.97	0.00	12.70	2252.37
	4507.98	0.00	12.70	2254.37
	4507.99	0.00	12.71	2256.37
	4508.00	0.00	12.71	2256.37
	4508.01	0.00	12.71	2256.37
	4508.03	0.00	12.73	2254.30
	4508.04	0.00	12.71	2259.37
	4508.05	0.00	12.72	2260.37
	4508.06	0.00	12.72	2260.37
	4508.07	0.00	12.73	2262.31
	4508.08	0.00	12.72	2264.37
	4508.10	0.00	12.73	2264.35
	4508.11	0.00	12.70	2264.41
	4508.12	0.00	12.70	2263.43
	4508.13	0.00	12.70	2266.44
	4508.14	0.00	12.70	2265.44
	4508.16	0.00	12.71	2265.42
	4508.17	0.00	12.71	2267.42
	4508.18	0.00	12.71	2267.43
	4508.19	0.00	12.71	2266.43
	4508.20	0.00	12.71	2266.43
	4508.22	0.00	12.70	2268.44
	4508.23	0.00	12.79	2264.16
	4508.24	0.00	12.80	2265.13
	4508.25	0.00	12.80	2268.15
	4508.26	0.00	12.80	2272.16
	4508.27	0.00	12.79	2264.17
	4508.29	0.00	12.78	2262.18
	4508.30	0.00	12.75	2252.19
	4508.31	0.00	12.69	2249.33
	4508.32	0.00	12.69	2253.38
	4508.33	0.00	12.70	2250.39
	4508.35	0.00	12.70	2251.40
	4508.36	0.00	12.69	2254.40
	4508.37	0.00	12.68	2255.40
	4508.38	0.00	12.65	2234.38
	4508.39	0.00	12.65	2245.41
	4508.40	0.00	12.67	2251.41
	4508.42	0.00	12.67	2251.42
	4508.43	0.00	12.65	2259.42
	4508.44	0.00	12.65	2262.43
	4508.45	0.00	12.65	2262.39
	4508.46	0.00	12.66	2270.41
	4508.48	0.00	12.66	2272.41
	4508.49	0.00	12.66	2276.43
	4508.50	0.00	12.66	2276.43
	4508.51	0.00	12.65	2276.43
	4508.52	0.00	12.65	2275.39
	4508.54	0.00	12.66	2280.40
	4508.55	0.00	12.65	2283.42
	4508.56	0.00	12.64	2283.42
	4508.57	0.00	12.65	2283.42
	4508.58	0.00	12.65	2286.43
	4508.60	0.00	12.64	2286.42
	4508.61	0.00	12.65	2283.38
	4508.62	0.00	12.65	2285.38
	4508.63	0.00	12.66	2288.33
	4508.64	0.00	12.65	2287.38
	4508.65	0.00	12.65	2286.37
	4508.66	0.00	12.65	2290.38
	4508.68	0.00	12.64	2291.40
	4508.69	0.00	12.60	2268.38
	4508.70	0.00	12.62	2275.38
	4508.71	0.00	12.62	2276.38
	4508.72	0.00	12.62	2274.35
	4508.74	0.00	12.61	2269.38
	4508.75	0.00	12.60	2271.38
	4508.76	0.00	12.60	2270.38
	4508.77	0.00	12.59	2270.38
	4508.78	0.00	12.60	2277.38
	4508.79	0.00	12.60	2280.38
	4508.81	0.00	12.60	2281.36
	4508.82	0.00	12.61	2285.34
	4508.83	0.00	12.59	2283.36
	4508.84	0.00	12.57	2283.41
	4508.85	0.00	12.56	2284.43
	4508.87	0.00	12.55	2289.44
	4508.88	0.00	12.55	2289.45
	4508.89	0.00	12.54	2291.46
	4508.90	0.00	12.53	2290.47
	4508.91	0.00	12.55	2294.43
	4508.93	0.00	12.54	2292.44
	4508.94	0.00	12.54	2296.44
	4508.95	0.00	12.52	2294.47
	4508.96	0.00	12.53	2302.46
	4508.97	0.00	12.52	2306.47
	4508.98	0.00	12.52	2311.47
	4509.00	0.00	12.51	2311.48
	4509.01	0.00	12.55	2312.35
	4509.02	0.00	12.52	2311.44
	4509.03	0.00	12.61	2320.17
	4509.04	0.00	12.60	2324.19
	4509.06	0.00	12.61	2327.20
	4509.07	0.00	12.60	2318.20
	4509.08	0.00	12.60	2320.21
	4509.09	0.00	12.59	2321.22
	4509.10	0.00	12.58	2312.18
	4509.12	0.00	12.58	2307.19
	4509.13	0.00	12.55	2310.27
	4509.14	0.00	12.53	2312.33
	4509.15	0.00	12.52	2313.38
	4509.16	0.00	12.53	2307.41
	4509.17	0.00	12.54	2311.41
	4509.19	0.00	12.56	2315.38
	4509.20	0.00	12.52	2293.39
	4509.21	0.00	12.52	2298.41
	4509.22	0.00	12.54	2305.42
	4509.23	0.00	12.54	2308.43
	4509.25	0.00	12.55	2308.42
	4509.26	0.00	12.56	2306.42
	4509.27	0.00	12.56	2310.42
	4509.28	0.00	12.56	2311.43
	4509.29	0.00	12.57	2312.38
	4509.30	0.00	12.59	2322.38
	4509.32	0.00	12.59	2328.38
	4509.33	0.00	12.57	2328.39
	4509.34	0.00	12.56	2330.39
	4509.35	0.00	12.55	2338.39
	4509.36	0.00	12.53	2338.39
	4509.38	0.00	12.52	2336.37
	4509.39	0.00	12.53	2341.37
	4509.40	0.00	12.53	2340.37
	4509.41	0.00	12.53	2341.37
	4509.42	0.00	12.52	2339.37
	4509.43	0.00	12.53	2341.37
	4509.45	0.00	12.53	2338.37
	4509.46	0.00	12.54	2338.35
	4509.47	0.00	12.53	2338.37
	4509.48	0.00	12.54	2333.32
	4509.49	0.00	12.55	2335.32
	4509.51	0.00	12.56	2333.32
	4509.52	0.00	12.57	2335.32
	4509.53	0.00	12.58	2332.31
	4509.54	0.00	12.59	2331.31
	4509.55	0.00	12.60	2329.31
	4509.56	0.00	12.61	2332.31
	4509.58	0.00	12.62	2329.30
	4509.59	0.00	12.61	2308.30
	4509.60	0.00	12.62	2310.29
	4509.61	0.00	12.64	2311.29
	4509.62	0.00	12.64	2306.29
	4509.64	0.00	12.65	2306.28
	4509.65	0.00	12.67	2303.28
	4509.66	0.00	12.68	2300.28
	4509.67	0.00	12.69	2301.28
	4509.68	0.00	12.69	2293.27
	4509.70	0.00	12.71	2299.27
	4509.71	0.00	12.74	2290.26
	4509.72	0.00	12.75	2288.26
	4509.73	0.00	12.78	2283.26
	4509.74	0.00	12.80	2276.24
	4509.75	0.00	12.82	2269.24
	4509.77	0.00	12.90	2246.23
	4509.78	0.00	12.90	2242.25
	4509.79	0.00	12.91	2241.23
	4509.80	0.00	12.93	2237.23
	4509.81	0.00	12.94	2228.24
	4509.83	0.00	12.95	2222.26
	4509.84	0.00	13.00	2215.24
	4509.85	0.00	13.00	2210.24
	4509.86	0.00	13.03	2203.21
	4509.87	0.00	13.02	2197.23
	4509.88	0.00	13.04	2193.19
	4509.90	0.00	13.05	2191.17
	4509.91	0.00	13.06	2188.20
	4509.92	0.00	13.05	2187.18
	4509.93	0.00	13.06	2186.18
	4509.94	0.00	13.05	2186.17
	4509.96	0.00	13.06	2180.15
	4509.97	0.00	13.06	2183.14
	4509.98	0.00	13.18	2175.80
	4509.99	0.00	13.18	2171.79
	4510.00	0.00	13.18	2168.80
	4510.01	0.00	13.18	2166.79
	4510.03	0.00	13.18	2167.79
	4510.04	0.00	13.17	2156.79
	4510.05	0.00	13.17	2156.79
	4510.06	0.00	13.16	2151.78
	4510.07	0.00	13.17	2150.77
	4510.08	0.00	13.19	2149.72
	4510.10	0.00	13.18	2150.75
	4510.11	0.00	13.13	2122.76
	4510.12	0.00	13.10	2120.84
	4510.13	0.00	13.08	2118.88
	4510.14	0.00	13.08	2118.90
	4510.16	0.00	13.09	2115.90
	4510.17	0.00	13.10	2106.90
	4510.18	0.00	13.10	2109.89
	4510.19	0.00	13.11	2107.87
	4510.20	0.00	13.12	2109.86
	4510.21	0.00	13.13	2111.86
	4510.23	0.00	13.13	2113.85
	4510.24	0.00	13.14	2111.82
	4510.25	0.00	13.11	2087.78
	4510.26	0.00	13.12	2096.79
	4510.27	0.00	13.13	2101.79
	4510.29	0.00	13.13	2097.78
	4510.30	0.00	13.12	2094.78
	4510.31	0.00	13.13	2100.78
	4510.32	0.00	13.13	2100.78
	4510.33	0.00	13.14	2102.78
	4510.35	0.00	13.14	2104.72.59	2261.38
	4549.58	0.00	12.62	2262.33
	4549.59	0.00	12.61	2261.34
	4549.60	0.0	4549.56	0.00	12.60	2261.36
	4549.57	0.00	12.59	2261.38
	4549.58	0.00	12.62	2262.33
	4549.59	0.00	12.61	2261.34
	4549.60	0.0	4549.56	0.00	12.60	2261.36
	4549.57	0.00	12.59	2261.38
	4549.58	0.00	12.62	2262.33
	4549.59	0.00	12.61	2261.34
	4549.60	0.00	12.61	2263.34
	4549.62	0.00	12.61	2263.35
	4549.63	0.00	12.61	2265.35
	4549.64	0.00	12.60	2263.36
	4549.65	0.00	12.61	2266.36
	4549.66	0.00	12.69	2264.10
	4549.67	0.00	12.71	2268.06
	4549.69	0.00	12.70	2270.08
	4549.70	0.00	12.68	2264.10
	4549.71	0.00	12.67	2262.12
	4549.72	0.00	12.68	2266.11
	4549.73	0.00	12.66	2258.11
	4549.75	0.00	12.65	2251.10
	4549.76	0.00	12.60	2252.25
	4549.77	0.00	12.59	2256.30
	4549.78	0.00	12.59	2250.32
	4549.79	0.00	12.60	2256.33
	4549.81	0.00	12.55	2232.31
	4549.82	0.00	12.56	2239.33
	4549.83	0.00	12.57	2246.34
	4549.84	0.00	12.58	2249.34
	4549.85	0.00	12.58	2245.36
	4549.86	0.00	12.59	2250.35
	4549.88	0.00	12.58	2253.35
	4549.89	0.00	12.58	2254.32
	4549.90	0.00	12.59	2264.35
	4549.91	0.00	12.60	2267.34
	4549.92	0.00	12.60	2264.35
	4549.94	0.00	12.59	2264.35
	4549.95	0.00	12.59	2268.36
	4549.96	0.00	12.59	2266.33
	4549.97	0.00	12.60	2272.33
	4549.98	0.00	12.60	2273.34
	4549.99	0.00	12.60	2271.34
	4550.01	0.00	12.60	2274.34
	4550.02	0.00	12.60	2273.34
	4550.03	0.00	12.60	2276.34
	4550.04	0.00	12.60	2270.30
	4550.05	0.00	12.61	2274.30
	4550.07	0.00	12.60	2272.30
	4550.08	0.00	12.61	2273.30
	4550.09	0.00	12.59	2273.32
	4550.10	0.00	12.61	2277.30
	4550.11	0.00	12.60	2274.30
	4550.12	0.00	12.56	2255.30
	4550.14	0.00	12.56	2257.31
	4550.15	0.00	12.57	2258.30
	4550.16	0.00	12.57	2258.30
	4550.17	0.00	12.57	2260.30
	4550.18	0.00	12.56	2257.30
	4550.20	0.00	12.57	2258.30
	4550.21	0.00	12.58	2266.30
	4550.22	0.00	12.59	2269.30
	4550.23	0.00	12.58	2267.30
	4550.24	0.00	12.59	2271.30
	4550.25	0.00	12.59	2269.30
	4550.27	0.00	12.58	2268.34
	4550.28	0.00	12.56	2262.34
	4550.29	0.00	12.57	2269.35
	4550.30	0.00	12.57	2269.36
	4550.31	0.00	12.57	2270.38
	4550.33	0.00	12.58	2271.37
	4550.34	0.00	12.57	2271.38
	4550.35	0.00	12.58	2272.34
	4550.36	0.00	12.57	2271.36
	4550.37	0.00	12.57	2267.36
	4550.38	0.00	12.57	2273.37
	4550.40	0.00	12.58	2274.37
	4550.41	0.00	12.57	2275.39
	4550.42	0.00	12.67	2274.08
	4550.43	0.00	12.67	2277.08
	4550.44	0.00	12.66	2276.10
	4550.46	0.00	12.66	2271.12
	4550.47	0.00	12.66	2275.11
	4550.48	0.00	12.64	2267.12
	4550.49	0.00	12.59	2257.21
	4550.50	0.00	12.59	2260.22
	4550.52	0.00	12.57	2257.25
	4550.53	0.00	12.56	2258.31
	4550.54	0.00	12.58	2259.33
	4550.55	0.00	12.57	2256.34
	4550.56	0.00	12.54	2236.31
	4550.58	0.00	12.54	2236.31
	4550.59	0.00	12.54	2239.32
	4550.60	0.00	12.55	2249.34
	4550.61	0.00	12.57	2251.35
	4550.62	0.00	12.56	2254.35
	4550.63	0.00	12.58	2259.33
	4550.65	0.00	12.57	2257.33
	4550.66	0.00	12.59	2270.34
	4550.67	0.00	12.59	2271.35
	4550.68	0.00	12.58	2269.35
	4550.69	0.00	12.59	2270.35
	4550.70	0.00	12.58	2273.36
	4550.72	0.00	12.58	2276.36
	4550.73	0.00	12.60	2276.29
	4550.74	0.00	12.59	2279.34
	4550.75	0.00	12.60	2283.34
	4550.76	0.00	12.59	2281.35
	4550.78	0.00	12.60	2281.30
	4550.79	0.00	12.59	2280.35
	4550.80	0.00	12.59	2276.30
	4550.81	0.00	12.59	2278.30
	4550.82	0.00	12.59	2278.32
	4550.84	0.00	12.60	2277.30
	4550.85	0.00	12.60	2277.30
	4550.86	0.00	12.60	2278.30
	4550.87	0.00	12.60	2278.30
	4550.88	0.00	12.55	2257.30
	4550.89	0.00	12.56	2260.30
	4550.91	0.00	12.55	2264.32
	4550.92	0.00	12.57	2264.30
	4550.93	0.00	12.57	2265.30
	4550.94	0.00	12.57	2264.30
	4550.95	0.00	12.56	2264.31
	4550.97	0.00	12.58	2273.30
	4550.98	0.00	12.58	2272.30
	4550.99	0.00	12.58	2271.30
	4551.00	0.00	12.58	2272.32
	4551.01	0.00	12.61	2276.26
	4551.02	0.00	12.58	2273.34
	4551.04	0.00	12.57	2274.36
	4551.05	0.00	12.56	2273.38
	4551.06	0.00	12.55	2269.38
	4551.07	0.00	12.57	2276.38
	4551.08	0.00	12.56	2278.38
	4551.10	0.00	12.57	2280.35
	4551.11	0.00	12.57	2279.36
	4551.12	0.00	12.57	2279.36
	4551.13	0.00	12.57	2279.37
	4551.14	0.00	12.57	2279.37
	4551.15	0.00	12.57	2279.37
	4551.17	0.00	12.57	2281.37
	4551.18	0.00	12.67	2281.07
	4551.19	0.00	12.67	2284.08
	4551.20	0.00	12.66	2282.10
	4551.21	0.00	12.65	2278.11
	4551.23	0.00	12.64	2277.12
	4551.24	0.00	12.64	2267.08
	4551.25	0.00	12.61	2265.14
	4551.26	0.00	12.60	2262.16
	4551.27	0.00	12.57	2264.26
	4551.29	0.00	12.56	2264.32
	4551.30	0.00	12.57	2263.33
	4551.31	0.00	12.56	2265.34
	4551.32	0.00	12.53	2243.32
	4551.33	0.00	12.54	2254.34
	4551.35	0.00	12.55	2262.35
	4551.36	0.00	12.55	2255.35
	4551.37	0.00	12.57	2258.33
	4551.38	0.00	12.57	2263.35
	4551.39	0.00	12.56	2266.36
	4551.40	0.00	12.57	2265.33
	4551.41	0.00	12.58	2274.35
	4551.43	0.00	12.58	2275.34
	4551.44	0.00	12.59	2277.34
	4551.45	0.00	12.59	2277.34
	4551.46	0.00	12.58	2277.35
	4551.47	0.00	12.58	2279.35
	4551.49	0.00	12.57	2276.33
	4551.50	0.00	12.58	2283.35
	4551.51	0.00	12.59	2281.34
	4551.52	0.00	12.59	2281.34
	4551.53	0.00	12.59	2284.34
	4551.55	0.00	12.59	2279.31
	4551.56	0.00	12.60	2282.30
	4551.57	0.00	12.60	2283.30
	4551.58	0.00	12.61	2283.29
	4551.59	0.00	12.61	2280.28
	4551.61	0.00	12.61	2279.29
	4551.62	0.00	12.61	2279.29
	4551.63	0.00	12.58	2264.29
	4551.64	0.00	12.57	2261.29
	4551.65	0.00	12.57	2259.29
	4551.66	0.00	12.57	2262.29
	4551.68	0.00	12.58	2262.29
	4551.69	0.00	12.58	2261.29
	4551.70	0.00	12.58	2261.29
	4551.71	0.00	12.59	2263.29
	4551.72	0.00	12.60	2269.29
	4551.74	0.00	12.59	2269.31
	4551.75	0.00	12.61	2272.29
	4551.76	0.00	12.60	2271.29
	4551.77	0.00	12.63	2269.24
	4551.78	0.00	12.59	2267.32
	4551.79	0.00	12.60	2268.34
	4551.81	0.00	12.59	2265.35
	4551.82	0.00	12.60	2268.34
	4551.83	0.00	12.60	2270.35
	4551.84	0.00	12.60	2271.36
	4551.85	0.00	12.61	2268.32
	4551.87	0.00	12.60	2268.34
	4551.88	0.00	12.61	2272.34
	4551.89	0.00	12.60	2270.35
	4551.90	0.00	12.60	2272.35
	4551.91	0.00	12.60	2272.35
	4551.92	0.00	12.64	2268.22
	4551.94	0.00	12.67	2266.11
	4551.95	0.00	12.70	2273.05
	4551.96	0.00	12.69	2273.08
	4551.97	0.00	12.68	2268.09
	4551.98	0.00	12.68	2267.10
	4552.00	0.00	12.68	2268.10
	4552.01	0.00	12.64	2254.14
	4552.02	0.00	12.59	2252.25
	4552.03	0.00	12.60	2255.26
	4552.04	0.00	12.59	2256.28
	4552.06	0.00	12.59	2248.31
	4552.07	0.00	12.60	2254.31
	4552.08	0.00	12.60	2254.32
	4552.09	0.00	12.57	2231.28
	4552.10	0.00	12.56	2229.30
	4552.12	0.00	12.58	2238.31
	4552.13	0.00	12.59	2246.32
	4552.14	0.00	12.60	2246.33
	4552.15	0.00	12.59	2248.33
	4552.16	0.00	12.59	2252.34
	4552.17	0.00	12.59	2249.31
	4552.18	0.00	12.61	2260.33
	4552.20	0.00	12.62	2264.33
	4552.21	0.00	12.62	2265.33
	4552.22	0.00	12.62	2266.33
	4552.23	0.00	12.64	2263.26
	4552.25	0.00	12.62	2265.33
	4552.26	0.00	12.62	2260.31
	4552.27	0.00	12.62	2268.32
	4552.28	0.00	12.63	2268.33
	4552.29	0.00	12.62	2270.32
	4552.30	0.00	12.63	2272.32
	4552.32	0.00	12.62	2271.32
	4552.33	0.00	12.62	2271.32
	4552.34	0.00	12.63	2268.28
	4552.35	0.00	12.63	2269.28
	4552.36	0.00	12.63	2271.28
	4552.37	0.00	12.63	2270.28
	4552.39	0.00	12.63	2271.28
	4552.40	0.00	12.63	2271.28
	4552.41	0.00	12.62	2265.28
	4552.42	0.00	12.59	2249.26
	4552.43	0.00	12.60	2253.28
	4552.45	0.00	12.60	2256.28
	4552.46	0.00	12.60	2254.28
	4552.47	0.00	12.61	2256.28
	4552.48	0.00	12.59	2251.28
	4552.49	0.00	12.61	2258.28
	4552.51	0.00	12.61	2258.28
	4552.52	0.00	12.61	2261.28
	4552.53	0.00	12.62	2264.28
	4552.54	0.00	12.62	2265.28
	4552.55	0.00	12.63	2267.26
	4552.56	0.00	12.60	2262.32
	4552.58	0.00	12.61	2267.33
	4552.59	0.00	12.61	2265.34
	4552.60	0.00	12.61	2268.33
	4552.61	0.00	12.60	2270.35
	4552.62	0.00	12.60	2269.36
	4552.64	0.00	12.61	2270.32
	4552.65	0.00	12.62	2270.32
	4552.66	0.00	12.61	2270.34
	4552.67	0.00	12.61	2271.34
	4552.68	0.00	12.61	2272.35
	4552.69	0.00	12.62	2271.31
	4552.71	0.00	12.60	2271.35
	4552.72	0.00	12.69	2269.06
	4552.73	0.00	12.71	2274.05
	4552.74	0.00	12.70	2275.08
	4552.75	0.00	12.69	2270.09
	4552.77	0.00	12.69	2268.09
	4552.78	0.00	12.68	2259.07
	4552.79	0.00	12.63	2255.16
	4552.80	0.00	12.60	2257.27
	4552.81	0.00	12.60	2256.27
	4552.83	0.00	12.59	2256.28
	4552.84	0.00	12.61	2251.30
	4552.85	0.00	12.62	2255.31
	4552.86	0.00	12.58	2239.28
	4552.87	0.00	12.57	2241.31
	4552.88	0.00	12.58	2245.31
	4552.90	0.00	12.58	2245.31
	4552.91	0.00	12.59	2250.32
	4552.92	0.00	12.60	2247.32
	4552.93	0.00	12.60	2255.33
	4552.94	0.00	12.60	2257.34
	4552.95	0.00	12.61	2259.31
	4552.97	0.00	12.62	2266.33
	4552.98	0.00	12.62	2268.32
	4552.99	0.00	12.62	2267.32
	4553.00	0.00	12.61	2265.33
	4553.02	0.00	12.61	2269.34
	4553.03	0.00	12.61	2264.30
	4553.04	0.00	12.62	2274.31
	4553.05	0.00	12.62	2274.32
	4553.06	0.00	12.61	2273.33
	4553.07	0.00	12.61	2267.32
	4553.08	0.00	12.62	2272.32
	4553.10	0.00	12.62	2273.32
	4553.11	0.00	12.62	2268.29
	4553.12	0.00	12.62	2271.28
	4553.13	0.00	12.62	2272.28
	4553.14	0.00	12.63	2273.28
	4553.16	0.00	12.63	2271.29
	4553.17	0.00	12.63	2272.28
	4553.18	0.00	12.63	2270.28
	4553.19	0.00	12.59	2253.28
	4553.20	0.00	12.58	2252.28
	4553.22	0.00	12.60	2255.28
	4553.23	0.00	12.60	2253.28
	4553.24	0.00	12.60	2258.29
	4553.25	0.00	12.58	2247.28
	4553.26	0.00	12.61	2258.28
	4553.27	0.00	12.62	2260.28
	4553.29	0.00	12.62	2262.29
	4553.30	0.00	12.61	2258.28
	4553.31	0.00	12.63	2264.27
	4553.32	0.00	12.62	2262.28
	4553.33	0.00	12.60	2261.34
	4553.35	0.00	12.61	2264.34
	4553.36	0.00	12.61	2260.34
	4553.37	0.00	12.63	2263.34
	4553.38	0.00	12.63	2258.35
	4553.39	0.00	12.63	2261.35
	4553.41	0.00	12.65	2259.31
	4553.42	0.00	12.64	2256.32
	4553.43	0.00	12.64	2259.35
	4553.44	0.00	12.65	2260.34
	4553.45	0.00	12.64	2258.34
	4553.46	0.00	12.66	2257.34
	4553.48	0.00	12.66	2257.34
	4553.49	0.00	12.77	2261.03
	4553.50	0.00	12.76	2258.05
	4553.51	0.00	12.76	2251.07
	4553.52	0.00	12.76	2247.08
	4553.54	0.00	12.77	2244.08
	4553.55	0.00	12.76	2227.07
	4553.56	0.00	12.71	2227.21
	4553.57	0.00	12.72	2228.23
	4553.58	0.00	12.71	2226.25
	4553.60	0.00	12.71	2217.28
	4553.61	0.00	12.72	2224.29
	4553.62	0.00	12.74	2223.30
	4553.63	0.00	12.70	2200.28
	4553.64	0.00	12.73	2214.30
	4553.65	0.00	12.73	2214.29
	4553.67	0.00	12.72	2214.31
	4553.68	0.00	12.74	2214.31
	4553.69	0.00	12.73	2219.31
	4553.70	0.00	12.73	2219.32
	4553.71	0.00	12.75	2226.29
	4553.72	0.00	12.75	2232.31
	4553.74	0.00	12.76	2229.31
	4553.75	0.00	12.75	2227.33
	4553.76	0.00	12.74	2224.31
	4553.77	0.00	12.75	2230.32
	4553.79	0.00	12.76	2228.28
	4553.80	0.00	12.76	2233.31
	4553.81	0.00	12.76	2235.30
	4553.82	0.00	12.76	2237.31
	4553.83	0.00	12.76	2235.31
	4553.84	0.00	12.77	2237.30
	4553.86	0.00	12.78	2236.27
	4553.87	0.00	12.77	2232.27
	4553.88	0.00	12.77	2235.27
	4553.89	0.00	12.77	2231.27
	4553.90	0.00	12.77	2233.27
	4553.91	0.00	12.76	2228.27
	4553.93	0.00	12.75	2223.28
	4553.94	0.00	12.73	2213.26
	4553.95	0.00	12.73	2213.26
	4553.96	0.00	12.74	2216.27
	4553.97	0.00	12.74	2217.27
	4553.99	0.00	12.75	2217.26
	4554.00	0.00	12.74	2214.26
	4554.01	0.00	12.75	2220.26
	4554.02	0.00	12.77	2228.25
	4554.03	0.00	12.76	2222.26
	4554.04	0.00	12.76	2224.26
	4554.06	0.00	12.76	2223.26
	4554.07	0.00	12.76	2223.27
	4554.08	0.00	12.74	2220.31
	4554.09	0.00	12.75	2225.32
	4554.10	0.00	12.75	2226.31
	4554.12	0.00	12.75	2226.33
	4554.13	0.00	12.74	2226.34
	4554.14	0.00	12.75	2227.34
	4554.15	0.00	12.76	2227.28
	4554.16	0.00	12.76	2231.32
	4554.18	0.00	12.76	2227.32
	4554.19	0.00	12.75	2229.33
	4554.20	0.00	12.75	2230.33
	4554.21	0.00	12.75	2231.33
	4554.22	0.00	12.78	2226.21
	4554.23	0.00	12.86	2230.02
	4554.25	0.00	12.86	2232.05
	4554.26	0.00	12.85	2227.06
	4554.27	0.00	12.85	2223.07
	4554.28	0.00	12.86	2222.03
	4554.29	0.00	12.81	2209.08
	4554.31	0.00	12.76	2209.22
	4554.32	0.00	12.76	2211.24
	4554.33	0.00	12.76	2210.24
	4554.34	0.00	12.76	2205.28
	4554.35	0.00	12.77	2208.29
	4554.37	0.00	12.76	2211.30
	4554.38	0.00	12.72	2191.30
	4554.39	0.00	12.74	2200.30
	4554.40	0.00	12.76	2203.31
	4554.41	0.00	12.76	2206.31
	4554.42	0.00	12.75	2207.32
	4554.44	0.00	12.75	2208.32
	4554.45	0.00	12.75	2211.32
	4554.46	0.00	12.76	2212.29
	4554.47	0.00	12.78	2222.30
	4554.48	0.00	12.78	2224.31
	4554.50	0.00	12.77	2223.31
	4554.51	0.00	12.76	2222.32
	4554.52	0.00	12.77	2225.31
	4554.53	0.00	12.76	2225.32
	4554.54	0.00	12.77	2223.29
	4554.56	0.00	12.78	2229.31
	4554.57	0.00	12.78	2228.30
	4554.58	0.00	12.78	2227.30
	4554.59	0.00	12.78	2229.30
	4554.60	0.00	12.78	2224.26
	4554.61	0.00	12.79	2226.26
	4554.63	0.00	12.79	2224.26
	4554.64	0.00	12.80	2226.25
	4554.65	0.00	12.79	2225.26
	4554.66	0.00	12.79	2227.26
	4554.67	0.00	12.79	2225.26
	4554.68	0.00	12.75	2207.26
	4554.70	0.00	12.75	2210.26
	4554.71	0.00	12.76	2210.26
	4554.72	0.00	12.76	2209.26
	4554.73	0.00	12.76	2208.27
	4554.74	0.00	12.76	2210.26
	4554.76	0.00	12.76	2208.26
	4554.77	0.00	12.77	2214.26
	4554.78	0.00	12.78	2217.25
	4554.79	0.00	12.79	2218.25
	4554.80	0.00	12.79	2220.26
	4554.81	0.00	12.78	2220.27
	4554.83	0.00	12.80	2219.26
	4554.84	0.00	12.77	2217.30
	4554.85	0.00	12.77	2221.31
	4554.86	0.00	12.77	2220.31
	4554.87	0.00	12.77	2224.33
	4554.89	0.00	12.76	2222.33
	4554.90	0.00	12.76	2221.33
	4554.91	0.00	12.79	2222.27
	4554.92	0.00	12.77	2219.30
	4554.93	0.00	12.77	2223.31
	4554.94	0.00	12.77	2222.32
	4554.96	0.00	12.75	2216.32
	4554.97	0.00	12.77	2225.32
	4554.98	0.00	12.77	2223.32
	4554.99	0.00	12.89	2221.96
	4555.00	0.00	12.86	2219.03
	4555.02	0.00	12.87	2230.05
	4555.03	0.00	12.86	2220.06
	4555.04	0.00	12.85	2219.07
	4555.05	0.00	12.85	2219.07
	4555.06	0.00	12.80	2207.14
	4555.08	0.00	12.77	2207.23
	4555.09	0.00	12.77	2202.26
	4555.10	0.00	12.77	2202.27
	4555.11	0.00	12.77	2202.27
	4555.12	0.00	12.77	2205.28
	4555.13	0.00	12.77	2209.29
	4555.15	0.00	12.73	2187.28
	4555.16	0.00	12.74	2195.30
	4555.17	0.00	12.76	2201.28
	4555.18	0.00	12.76	2201.31
	4555.19	0.00	12.76	2202.31
	4555.20	0.00	12.76	2205.31
	4555.22	0.00	12.76	2207.31
	4555.23	0.00	12.76	2206.28
	4555.24	0.00	12.77	2218.30
	4555.25	0.00	12.78	2220.30
	4555.27	0.00	12.77	2220.30
	4555.28	0.00	12.77	2221.31
	4555.29	0.00	12.77	2220.31
	4555.30	0.00	12.77	2222.31
	4555.31	0.00	12.77	2219.29
	4555.32	0.00	12.77	2224.30
	4555.34	0.00	12.77	2222.30
	4555.35	0.00	12.79	2225.27
	4555.36	0.00	12.76	2219.30
	4555.37	0.00	12.78	2221.26
	4555.38	0.00	12.79	2225.26
	4555.39	0.00	12.79	2225.26
	4555.41	0.00	12.79	2227.26
	4555.42	0.00	12.79	2223.26
	4555.43	0.00	12.79	2225.26
	4555.44	0.00	12.79	2223.26
	4555.45	0.00	12.75	2202.26
	4555.47	0.00	12.75	2205.26
	4555.48	0.00	12.76	2208.25
	4555.49	0.00	12.76	2208.25
	4555.50	0.00	12.76	2208.26
	4555.51	0.00	12.76	2209.25
	4555.53	0.00	12.76	2209.26
	4555.54	0.00	12.75	2204.26
	4555.55	0.00	12.76	2207.25
	4555.56	0.00	12.77	2210.25
	4555.57	0.00	12.77	2212.26
	4555.58	0.00	12.78	2218.26
	4555.60	0.00	12.78	2217.26
	4555.61	0.00	12.79	2218.25
	4555.62	0.00	12.79	2218.25
	4555.63	0.00	12.77	2220.30
	4555.64	0.00	12.76	2217.31
	4555.66	0.00	12.76	2217.32
	4555.67	0.00	12.75	2212.33
	4555.68	0.00	12.76	2219.33
	4555.69	0.00	12.77	2219.31
	4555.70	0.00	12.79	2220.23
	4555.71	0.00	12.77	2222.31
	4555.73	0.00	12.77	2222.32
	4555.74	0.00	12.77	2224.32
	4555.75	0.00	12.76	2222.32
	4555.76	0.00	12.77	2225.32
	4555.77	0.00	12.87	2223.02
	4555.79	0.00	12.87	2225.03
	4555.80	0.00	12.87	2225.02
	4555.81	0.00	12.85	2214.06
	4555.82	0.00	12.85	2218.06
	4555.83	0.00	12.85	2220.07
	4555.85	0.00	12.85	2218.07
	4555.86	0.00	12.81	2207.08
	4555.87	0.00	12.77	2205.21
	4555.88	0.00	12.75	2207.27
	4555.89	0.00	12.78	2202.27
	4555.90	0.00	12.77	2207.28
	4555.92	0.00	12.76	2195.25
	4555.93	0.00	12.74	2190.27
	4555.94	0.00	12.75	2199.29
	4555.95	0.00	12.76	2198.30
	4555.96	0.00	12.76	2202.31
	4555.97	0.00	12.75	2204.32
	4555.99	0.00	12.76	2204.31
	4556.00	0.00	12.75	2207.31
	4556.01	0.00	12.77	2209.28
	4556.02	0.00	12.75	2208.30
	4556.03	0.00	12.78	2218.30
	4556.05	0.00	12.78	2219.31
	4556.06	0.00	12.79	2219.25
	4556.07	0.00	12.74	2212.32
	4556.08	0.00	12.77	2216.28
	4556.09	0.00	12.77	2224.30
	4556.10	0.00	12.78	2225.30
	4556.12	0.00	12.78	2226.31
	4556.13	0.00	12.77	2227.31
	4556.14	0.00	12.78	2229.31
	4556.15	0.00	12.77	2228.31
	4556.16	0.00	12.78	2223.27
	4556.18	0.00	12.78	2223.27
	4556.19	0.00	12.78	2223.26
	4556.20	0.00	12.78	2222.27
	4556.21	0.00	12.78	2223.27
	4556.22	0.00	12.78	2222.27
	4556.23	0.00	12.74	2207.28
	4556.25	0.00	12.74	2206.26
	4556.26	0.00	12.73	2208.26
	4556.27	0.00	12.73	2211.26
	4556.28	0.00	12.73	2212.28
	4556.29	0.00	12.73	2215.27
	4556.31	0.00	12.71	2205.27
	4556.32	0.00	12.74	2220.27
	4556.33	0.00	12.74	2223.28
	4556.34	0.00	12.74	2225.27
	4556.35	0.00	12.74	2223.27
	4556.37	0.00	12.75	2226.25
	4556.38	0.00	12.74	2224.29
	4556.39	0.00	12.73	2224.32
	4556.40	0.00	12.73	2227.33
	4556.41	0.00	12.72	2233.33
	4556.42	0.00	12.70	2229.34
	4556.44	0.00	12.70	2232.35
	4556.45	0.00	12.73	2235.30
	4556.46	0.00	12.71	2235.34
	4556.47	0.00	12.72	2236.33
	4556.48	0.00	12.71	2235.33
	4556.50	0.00	12.72	2240.34
	4556.51	0.00	12.78	2238.17
	4556.52	0.00	12.81	2236.03
	4556.53	0.00	12.82	2238.04
	4556.54	0.00	12.81	2241.06
	4556.56	0.00	12.80	2232.07
	4556.57	0.00	12.79	2233.08
	4556.58	0.00	12.79	2229.08
	4556.59	0.00	12.74	2222.17
	4556.60	0.00	12.72	2221.21
	4556.61	0.00	12.72	2221.23
	4556.63	0.00	12.70	2219.27
	4556.64	0.00	12.71	2214.30
	4556.65	0.00	12.71	2218.30
	4556.66	0.00	12.69	2201.26
	4556.67	0.00	12.68	2202.30
	4556.69	0.00	12.69	2211.31
	4556.70	0.00	12.71	2209.31
	4556.71	0.00	12.71	2209.32
	4556.72	0.00	12.71	2216.32
	4556.73	0.00	12.71	2216.32
	4556.74	0.00	12.71	2215.32
	4556.76	0.00	12.73	2221.29
	4556.77	0.00	12.73	2226.30
	4556.78	0.00	12.72	2219.31
	4556.79	0.00	12.74	2228.31
	4556.80	0.00	12.73	2227.32
	4556.82	0.00	12.74	2226.28
	4556.83	0.00	12.72	2222.30
	4556.84	0.00	12.74	2230.30
	4556.85	0.00	12.74	2233.31
	4556.86	0.00	12.74	2234.32
	4556.87	0.00	12.74	2233.31
	4556.89	0.00	12.75	2227.27
	4556.90	0.00	12.76	2229.24
	4556.91	0.00	12.75	2232.27
	4556.92	0.00	12.76	2233.26
	4556.93	0.00	12.76	2231.26
	4556.95	0.00	12.76	2230.25
	4556.96	0.00	12.76	2232.26
	4556.97	0.00	12.71	2212.26
	4556.98	0.00	12.72	2213.26
	4556.99	0.00	12.73	2218.25
	4557.00	0.00	12.73	2218.26
	4557.02	0.00	12.73	2218.26
	4557.03	0.00	12.73	2212.26
	4557.04	0.00	12.72	2212.26
	4557.05	0.00	12.73	2217.26
	4557.06	0.00	12.74	2224.26
	4557.08	0.00	12.75	2224.26
	4557.09	0.00	12.73	2218.26
	4557.10	0.00	12.76	2224.25
	4557.11	0.00	12.75	2221.24
	4557.12	0.00	12.74	2222.30
	4557.13	0.00	12.74	2228.32
	4557.15	0.00	12.74	2225.32
	4557.16	0.00	12.73	2225.33
	4557.17	0.00	12.75	2227.29
	4557.18	0.00	12.75	2228.31
	4557.19	0.00	12.75	2227.30
	4557.21	0.00	12.75	2229.31
	4557.22	0.00	12.74	2227.33
	4557.23	0.00	12.75	2229.32
	4557.24	0.00	12.74	2228.33
	4557.25	0.00	12.84	2229.03
	4557.27	0.00	12.83	2224.03
	4557.28	0.00	12.85	2230.05
	4557.29	0.00	12.83	2230.06
	4557.30	0.00	12.83	2224.05
	4557.31	0.00	12.83	2227.07
	4557.33	0.00	12.82	2225.07
	4557.34	0.00	12.81	2221.08
	4557.35	1.00	12.77	2211.15
	4557.36	1.00	12.75	2211.21
	4557.37	1.00	12.73	2213.26
	4557.38	1.00	12.75	2208.27
	4557.40	1.00	12.75	2212.29
	4557.41	1.00	12.75	2215.29
	4557.42	1.00	12.71	2192.28
	4557.43	1.00	12.73	2206.30
	4557.44	1.00	12.74	2208.28
	4557.45	1.00	12.74	2210.31
	4557.47	1.00	12.73	2214.32
	4557.48	1.00	12.73	2211.28
	4557.49	1.00	12.74	2217.30
	4557.50	1.00	12.74	2218.29
	4557.51	1.00	12.75	2227.31
	4557.53	1.00	12.74	2223.31
	4557.54	1.00	12.74	2227.32
	4557.55	1.00	12.74	2224.28
	4557.56	1.00	12.75	2230.30
	4557.57	1.00	12.75	2231.30
	4557.59	1.00	12.75	2233.30
	4557.60	0.00	12.75	2231.30
	4557.61	0.00	12.75	2233.31
	4557.62	0.00	12.75	2235.30
	4557.63	0.00	12.76	2231.27
	4557.64	0.00	12.76	2231.27
	4557.66	0.00	12.76	2232.27
	4557.67	0.00	12.77	2229.23
	4557.68	0.00	12.75	2230.27
	4557.69	0.00	12.76	2231.26
	4557.70	0.00	12.71	2213.27
	4557.72	0.00	12.71	2216.27
	4557.73	0.00	12.72	2214.27
	4557.74	0.00	12.72	2215.27
	4557.75	0.00	12.73	2218.26
	4557.76	0.00	12.72	2213.26
	4557.77	0.00	12.75	2225.26
	4557.79	0.00	12.75	2222.26
	4557.80	0.00	12.74	2226.26
	4557.81	0.00	12.74	2220.27
	4557.82	0.00	12.73	2226.26
	4557.83	0.00	12.73	2230.28
	4557.85	0.00	12.72	2230.30
	4557.86	0.00	12.71	2231.32
	4557.87	0.00	12.71	2230.32
	4557.88	0.00	12.71	2230.33
	4557.89	0.00	12.70	2238.34
	4557.90	0.00	12.69	2238.34
	4557.92	0.00	12.70	2238.30
	4557.93	0.00	12.68	2237.32
	4557.94	0.00	12.69	2242.33
	4557.95	0.00	12.69	2242.33
	4557.96	0.00	12.69	2244.33
	4557.98	0.00	12.68	2243.33
	4557.99	0.00	12.76	2242.07
	4558.00	0.00	12.79	2246.03
	4558.01	0.00	12.78	2249.06
	4558.02	0.00	12.76	2241.07
	4558.04	0.00	12.76	2242.08
	4558.05	0.00	12.76	2242.08
	4558.06	0.00	12.75	2233.04
	4558.07	0.00	12.69	2230.19
	4558.08	0.00	12.66	2232.26
	4558.10	0.00	12.67	2225.28
	4558.11	0.00	12.67	2230.29
	4558.12	0.00	12.67	2234.30
	4558.13	0.00	12.61	2217.31
	4558.14	0.00	12.62	2228.31
	4558.15	0.00	12.63	2231.31
	4558.17	0.00	12.63	2233.31
	4558.18	0.00	12.64	2232.33
	4558.19	0.00	12.65	2244.32
	4558.20	0.00	12.63	2236.32
	4558.21	0.00	12.65	2244.30
	4558.23	0.00	12.66	2249.31
	4558.24	0.00	12.66	2250.31
	4558.25	0.00	12.65	2250.32
	4558.26	0.00	12.65	2251.32
	4558.27	0.00	12.65	2251.32
	4558.28	0.00	12.64	2246.29
	4558.30	0.00	12.65	2256.30
	4558.31	0.00	12.65	2258.32
	4558.32	0.00	12.65	2258.31
	4558.33	0.00	12.65	2258.31
	4558.34	0.00	12.66	2262.31
	4558.36	0.00	12.66	2258.29
	4558.37	0.00	12.66	2256.27
	4558.38	0.00	12.65	2253.27
	4558.39	0.00	12.66	2255.27
	4558.40	0.00	12.66	2256.27
	4558.41	0.00	12.67	2259.27
	4558.43	0.00	12.62	2237.27
	4558.44	0.00	12.62	2237.27
	4558.45	0.00	12.64	2238.22
	4558.46	0.00	12.62	2239.27
	4558.47	0.00	12.63	2240.27
	4558.49	0.00	12.63	2238.27
	4558.50	0.00	12.65	2241.22
	4558.51	0.00	12.62	2236.27
	4558.52	0.00	12.63	2238.27
	4558.53	0.00	12.64	2246.27
	4558.54	0.00	12.65	2248.28
	4558.56	0.00	12.66	2250.27
	4558.57	0.00	12.65	2250.27
	4558.58	0.00	12.64	2247.30
	4558.59	0.00	12.63	2246.31
	4558.60	0.00	12.64	2250.33
	4558.62	0.00	12.63	2247.33
	4558.63	0.00	12.63	2249.34
	4558.64	0.00	12.64	2251.34
	4558.65	0.00	12.64	2250.31
	4558.66	0.00	12.64	2251.32
	4558.67	0.00	12.64	2251.33
	4558.69	0.00	12.65	2255.33
	4558.70	0.00	12.64	2253.34
	4558.71	0.00	12.64	2253.34
	4558.72	0.00	12.74	2253.04
	4558.73	0.00	12.74	2252.03
	4558.75	0.00	12.74	2256.06
	4558.76	0.00	12.72	2249.07
	4558.77	0.00	12.72	2250.07
	4558.78	0.00	12.72	2249.09
	4558.79	0.00	12.69	2236.08
	4558.81	0.00	12.64	2236.22
	4558.82	0.00	12.62	2236.27
	4558.83	0.00	12.63	2232.28
	4558.84	0.00	12.63	2232.29
	4558.85	0.00	12.64	2235.30
	4558.87	0.00	12.63	2237.32
	4558.88	0.00	12.60	2217.29
	4558.89	0.00	12.61	2226.31
	4558.90	0.00	12.62	2231.32
	4558.91	0.00	12.63	2228.33
	4558.92	0.00	12.64	2231.32
	4558.94	0.00	12.63	2233.32
	4558.95	0.00	12.63	2236.32
	4558.96	0.00	12.64	2242.31
	4558.97	0.00	12.63	2240.31
	4558.98	0.00	12.64	2246.32
	4559.00	0.00	12.65	2247.31
	4559.01	0.00	12.64	2248.32
	4559.02	0.00	12.64	2249.32
	4559.03	0.00	12.64	2246.29
	4559.04	0.00	12.65	2250.29
	4559.05	0.00	12.65	2254.30
	4559.07	0.00	12.64	2252.31
	4559.08	0.00	12.64	2253.31
	4559.09	0.00	12.65	2255.32
	4559.10	0.00	12.65	2250.26
	4559.11	0.00	12.65	2252.26
	4559.12	0.00	12.65	2253.27
	4559.14	0.00	12.65	2252.28
	4559.15	0.00	12.66	2251.27
	4559.16	0.00	12.66	2251.27
	4559.17	0.00	12.66	2252.26
	4559.18	0.00	12.63	2230.21
	4559.20	0.00	12.62	2233.26
	4559.21	0.00	12.63	2234.26
	4559.22	0.00	12.64	2236.26
	4559.23	0.00	12.65	2234.24
	4559.24	0.00	12.64	2234.26
	4559.26	0.00	12.63	2231.26
	4559.27	0.00	12.64	2232.27
	4559.28	0.00	12.66	2239.26
	4559.29	0.00	12.65	2236.26
	4559.30	0.00	12.66	2239.26
	4559.31	0.00	12.66	2240.27
	4559.33	0.00	12.67	2239.26
	4559.34	0.00	12.66	2240.28
	4559.35	0.00	12.65	2240.31
	4559.36	0.00	12.64	2240.33
	4559.37	0.00	12.65	2241.32
	4559.39	0.00	12.64	2244.33
	4559.40	0.00	12.64	2241.33
	4559.41	0.00	12.64	2242.34
	4559.42	0.00	12.65	2243.29
	4559.43	0.00	12.64	2244.31
	4559.45	0.00	12.64	2245.32
	4559.46	0.00	12.65	2249.32
	4559.47	0.00	12.65	2247.32
	4559.48	0.00	12.69	2244.20
	4559.49	0.00	12.76	2249.03
	4559.50	0.00	12.75	2248.04
	4559.52	0.00	12.77	2245.04
	4559.53	0.00	12.77	2237.05
	4559.54	0.00	12.79	2224.08
	4559.55	0.00	12.80	2225.07
	4559.56	0.00	12.79	2210.05
	4559.58	0.00	12.73	2209.19
	4559.59	0.00	12.72	2208.25
	4559.60	0.00	12.73	2204.26
	4559.61	0.00	12.73	2204.26
	4559.62	0.00	12.73	2204.27
	4559.63	0.00	12.71	2198.28
	4559.65	0.00	12.69	2183.27
	4559.66	0.00	12.71	2195.29
	4559.67	0.00	12.74	2201.24
	4559.68	0.00	12.73	2199.30
	4559.69	0.00	12.73	2201.30
	4559.71	0.00	12.73	2205.31
	4559.72	0.00	12.73	2205.30
	4559.73	0.00	12.75	2212.28
	4559.74	0.00	12.75	2217.29
	4559.75	0.00	12.75	2215.30
	4559.77	0.00	12.74	2215.30
	4559.78	0.00	12.75	2218.30
	4559.79	0.00	12.75	2220.30
	4559.80	0.00	12.76	2216.24
	4559.81	0.00	12.75	2220.28
	4559.82	0.00	12.75	2224.29
	4559.84	0.00	12.76	2225.29
	4559.85	0.00	12.75	2222.29
	4559.86	0.00	12.75	2227.30
	4559.87	0.00	12.75	2225.30
	4559.88	0.00	12.76	2219.25
	4559.89	0.00	12.77	2223.25
	4559.91	0.00	12.77	2224.25
	4559.92	0.00	12.77	2223.25
	4559.93	0.00	12.77	2222.25
	4559.94	0.00	12.76	2217.25
	4559.95	0.00	12.72	2204.25
	4559.97	0.00	12.74	2203.25
	4559.98	0.00	12.74	2204.26
	4559.99	0.00	12.75	2205.25
	4560.00	0.00	12.74	2202.25
	4560.01	0.00	12.75	2204.25
	4560.02	0.00	12.73	2199.27
	4560.04	0.00	12.76	2207.25
	4560.05	0.00	12.77	2213.25
	4560.06	0.00	12.77	2213.25
	4560.07	0.00	12.77	2212.26
	4560.08	0.00	12.77	2214.25
	4560.10	0.00	12.77	2213.26
	4560.11	0.00	12.76	2214.29
	4560.12	0.00	12.75	2215.31
	4560.13	0.00	12.75	2212.31
	4560.14	0.00	12.75	2215.31
	4560.16	0.00	12.76	2215.30
	4560.17	0.00	12.75	2215.32
	4560.18	0.00	12.76	2215.30
	4560.19	0.00	12.76	2213.29
	4560.20	0.00	12.77	2217.26
	4560.21	0.00	12.75	2214.31
	4560.23	0.00	12.76	2219.31
	4560.24	0.00	12.75	2217.31
	4560.25	0.00	12.80	2218.17
	4560.26	0.00	12.85	2219.03
	4560.27	0.00	12.86	2220.02
	4560.29	0.00	12.88	2222.99
	4560.30	0.00	12.85	2214.05
	4560.31	0.00	12.84	2217.06
	4560.32	0.00	12.84	2218.06
	4560.33	0.00	12.81	2204.08
	4560.35	0.00	12.76	2202.21
	4560.36	0.00	12.76	2204.22
	4560.37	0.00	12.75	2203.23
	4560.38	0.00	12.76	2197.27
	4560.39	0.00	12.77	2201.27
	4560.40	0.00	12.76	2204.28
	4560.42	0.00	12.72	2183.27
	4560.43	0.00	12.74	2194.27
	4560.44	0.00	12.75	2198.29
	4560.45	0.00	12.75	2197.29
	4560.46	0.00	12.76	2198.29
	4560.48	0.00	12.76	2203.27
	4560.49	0.00	12.75	2199.27
	4560.50	0.00	12.77	2212.28
	4560.51	0.00	12.77	2215.29
	4560.52	0.00	12.77	2217.31
	4560.54	0.00	12.76	2216.30
	4560.55	0.00	12.76	2218.30
	4560.56	0.00	12.76	2218.30
	4560.57	0.00	12.76	2219.29
	4560.58	0.00	12.76	2217.29
	4560.59	0.00	12.77	2223.29
	4560.61	0.00	12.78	2225.29
	4560.62	0.00	12.77	2225.29
	4560.63	0.00	12.76	2221.29
	4560.64	0.00	12.78	2223.26
	4560.65	0.00	12.78	2221.25
	4560.66	0.00	12.78	2223.25
	4560.68	0.00	12.78	2221.25
	4560.69	0.00	12.78	2223.24
	4560.70	0.00	12.78	2221.23
	4560.71	0.00	12.74	2202.25
	4560.72	0.00	12.75	2207.25
	4560.74	0.00	12.75	2208.25
	4560.75	0.00	12.75	2207.25
	4560.76	0.00	12.74	2201.25
	4560.77	0.00	12.75	2207.25
	4560.78	0.00	12.75	2206.25
	4560.79	0.00	12.73	2212.26
	4560.81	0.00	12.74	2218.25
	4560.82	0.00	12.75	2218.25
	4560.83	0.00	12.75	2217.25
	4560.84	0.00	12.74	2222.26
	4560.85	0.00	12.74	2220.25
	4560.87	0.00	12.73	2220.28
	4560.88	0.00	12.73	2220.30
	4560.89	0.00	12.74	2220.30
	4560.90	0.00	12.73	2225.32
	4560.91	0.00	12.73	2225.32
	4560.92	0.00	12.72	2223.33
	4560.94	0.00	12.73	2225.30
	4560.95	0.00	12.74	2225.29
	4560.96	0.00	12.74	2227.31
	4560.97	0.00	12.73	2227.31
	4560.98	0.00	12.73	2227.33
	4561.00	0.00	12.73	2228.32
	4561.01	0.00	12.84	2227.02
	4561.02	0.00	12.84	2227.00
	4561.03	0.00	12.84	2231.02
	4561.04	0.00	12.83	2230.04
	4561.06	0.00	12.82	2222.05
	4561.07	0.00	12.82	2223.05
	4561.08	0.00	12.81	2213.02
	4561.09	0.00	12.75	2208.18
	4561.10	0.00	12.73	2212.24
	4561.12	0.00	12.76	2207.19
	4561.13	0.00	12.75	2210.26
	4561.14	0.00	12.74	2212.27
	4561.15	0.00	12.72	2190.24
	4561.16	0.00	12.72	2198.26
	4561.17	0.00	12.73	2205.28
	4561.19	0.00	12.74	2206.29
	4561.20	0.00	12.74	2210.29
	4561.21	0.00	12.76	2211.24
	4561.22	0.00	12.74	2213.29
	4561.23	0.00	12.74	2207.26
	4561.25	0.00	12.76	2218.26
	4561.26	0.00	12.77	2224.27
	4561.27	0.00	12.78	2222.28
	4561.28	0.00	12.77	2223.28
	4561.29	0.00	12.77	2220.28
	4561.30	0.00	12.78	2222.27
	4561.32	0.00	12.77	2223.28
	4561.33	0.00	12.77	2222.26
	4561.34	0.00	12.79	2226.26
	4561.35	0.00	12.80	2224.27
	4561.36	0.00	12.80	2222.27
	4561.38	0.00	12.80	2223.27
	4561.39	0.00	12.80	2217.23
	4561.40	0.00	12.81	2220.23
	4561.41	0.00	12.81	2218.23
	4561.42	0.00	12.82	2220.22
	4561.43	0.00	12.82	2217.22
	4561.45	0.00	12.83	2216.22
	4561.46	0.00	12.83	2216.22
	4561.47	0.00	12.79	2194.21
	4561.48	0.00	12.79	2196.22
	4561.49	0.00	12.80	2198.21
	4561.51	0.00	12.80	2195.21
	4561.52	0.00	12.81	2197.21
	4561.53	0.00	12.80	2196.23
	4561.54	0.00	12.82	2196.21
	4561.55	0.00	12.81	2189.21
	4561.56	0.00	12.83	2201.21
	4561.58	0.00	12.83	2202.23
	4561.59	0.00	12.84	2206.21
	4561.60	0.00	12.83	2201.21
	4561.61	0.00	12.83	2204.22
	4561.62	0.00	12.83	2206.24
	4561.64	0.00	12.82	2206.26
	4561.65	0.00	12.82	2201.27
	4561.66	0.00	12.81	2201.28
	4561.67	0.00	12.82	2203.28
	4561.68	0.00	12.83	2205.29
	4561.69	0.00	12.82	2202.29
	4561.71	0.00	12.84	2206.25
	4561.72	0.00	12.83	2207.28
	4561.73	0.00	12.84	2205.28
	4561.74	0.00	12.84	2208.28
	4561.75	0.00	12.84	2210.28
	4561.77	0.00	12.95	2208.98
	4561.78	0.00	12.95	2207.98
	4561.79	0.00	12.94	2207.00
	4561.80	0.00	12.94	2202.01
	4561.81	0.00	12.93	2199.03
	4561.83	0.00	12.94	2194.98
	4561.84	0.00	12.87	2185.14
	4561.85	0.00	12.85	2189.20
	4561.86	0.00	12.86	2181.23
	4561.87	0.00	12.87	2186.23
	4561.88	0.00	12.84	2169.20
	4561.90	0.00	12.83	2171.23
	4561.91	0.00	12.83	2179.26
	4561.92	0.00	12.84	2177.26
	4561.93	0.00	12.84	2186.26
	4561.94	0.00	12.83	2184.24
	4561.95	0.00	12.84	2199.27
	4561.97	0.00	12.84	2207.27
	4561.98	0.00	12.82	2211.29
	4561.99	0.00	12.77	2227.30
	4562.00	0.00	12.68	2256.32
	4562.01	0.00	12.62	2273.34
	4562.03	0.00	12.59	2284.33
	4562.04	0.00	12.57	2294.35
	4562.05	0.00	12.54	2301.38
	4562.06	0.00	12.54	2307.38
	4562.07	0.00	12.52	2311.39
	4562.08	0.00	12.51	2307.35
	4562.10	0.00	12.49	2310.36
	4562.11	0.00	12.49	2309.35
	4562.12	0.00	12.50	2312.35
	4562.13	0.00	12.50	2311.34
	4562.14	0.00	12.51	2307.34
	4562.16	0.00	12.50	2304.34
	4562.17	0.00	12.49	2301.34
	4562.18	0.00	12.47	2296.35
	4562.19	0.00	12.41	2270.35
	4562.20	0.00	12.39	2268.36
	4562.21	0.00	12.38	2259.37
	4562.23	0.00	12.38	2260.36
	4562.24	0.00	12.37	2249.36
	4562.25	0.00	12.37	2242.36
	4562.26	0.00	12.39	2241.35
	4562.27	0.00	12.44	2229.28
	4562.29	0.00	12.45	2203.33
	4562.30	0.00	12.59	2167.32
	4562.31	0.00	12.63	2158.31
	4562.32	0.00	12.68	2140.30
	4562.33	0.00	12.73	2126.27
	4562.35	0.00	12.73	2115.30
	4562.36	0.00	12.75	2103.29
	4562.37	0.00	12.81	2090.25
	4562.38	0.00	12.86	2082.18
	4562.39	0.00	12.91	2078.11
	4562.40	0.00	12.94	2079.05
	4562.42	0.00	12.96	2084.03
	4562.43	0.00	13.00	2099.00
	4562.44	0.00	13.02	2107.99
	4562.45	0.00	13.05	2105.93
	4562.46	0.00	13.06	2105.88
	4562.48	0.00	13.06	2108.92
	4562.49	0.00	13.06	2107.91
	4562.50	0.00	13.06	2109.91
	4562.51	0.00	13.06	2109.91
	4562.52	0.00	13.07	2112.91
	4562.54	0.00	13.07	2115.90
	4562.55	0.00	13.08	2116.90
	4562.56	0.00	13.07	2114.91
	4562.57	0.00	13.07	2113.89
	4562.58	0.00	13.21	2121.56
	4562.59	0.00	13.21	2124.57
	4562.61	0.00	13.21	2122.59
	4562.62	0.00	13.21	2119.58
	4562.63	0.00	13.21	2120.57
	4562.64	0.00	13.17	2104.61
	4562.65	0.00	13.14	2104.69
	4562.66	0.00	13.13	2103.73
	4562.68	0.00	13.12	2109.77
	4562.69	0.00	13.14	2106.80
	4562.70	0.00	13.14	2112.81
	4562.71	0.00	13.14	2112.79
	4562.72	0.00	13.15	2109.74
	4562.74	0.00	13.16	2124.74
	4562.75	0.00	13.17	2126.73
	4562.76	0.00	13.16	2125.75
	4562.77	0.00	13.16	2126.73
	4562.78	0.00	13.16	2128.73
	4562.79	0.00	13.17	2132.73
	4562.81	0.00	13.19	2137.70
	4562.82	0.00	13.19	2137.72
	4562.83	0.00	13.19	2141.71
	4562.84	0.00	13.19	2142.71
	4562.85	0.00	13.15	2143.78
	4562.87	0.00	13.06	2156.91
	4562.88	0.00	12.87	2184.24
	4562.89	0.00	12.58	2251.46
	4562.90	0.00	12.30	2336.61
	4562.91	0.00	12.24	2360.67
	4562.92	0.00	12.22	2372.68
	4562.94	0.00	12.16	2397.72
	4562.95	0.00	12.06	2442.78
	4562.96	0.00	11.98	2494.78
	4562.97	0.00	11.96	2535.82
	4562.98	0.00	11.96	2555.84
	4563.00	0.00	11.95	2569.89
	4563.01	0.00	11.90	2563.91
	4563.02	0.00	11.90	2550.91
	4563.03	0.00	11.89	2531.91
	4563.04	0.00	11.93	2531.90
	4563.06	0.00	11.94	2522.88
	4563.07	0.00	11.98	2516.86
	4563.08	0.00	12.02	2502.84
	4563.09	0.00	12.06	2484.82
	4563.10	0.00	12.09	2462.85
	4563.12	0.00	12.14	2444.84
	4563.13	0.00	12.18	2424.83
	4563.14	0.00	12.23	2408.78
	4563.15	0.00	12.27	2390.79
	4563.16	0.00	12.30	2384.76
	4563.17	0.00	12.35	2364.75
	4563.19	0.00	12.42	2350.65
	4563.20	0.00	12.50	2338.64
	4563.21	0.00	12.62	2318.60
	4563.22	0.00	12.66	2307.60
	4563.23	0.00	12.72	2311.57
	4563.25	0.00	12.79	2290.61
	4563.26	0.00	12.84	2286.62
	4563.27	0.00	12.89	2296.62
	4563.28	0.00	12.94	2309.59
	4563.29	0.00	13.01	2315.52
	4563.30	0.00	13.07	2330.51
	4563.32	0.00	13.15	2342.45
	4563.33	0.00	13.20	2352.40
	4563.34	0.00	13.34	2376.33
	4563.35	0.00	13.43	2385.17
	4563.36	0.00	13.51	2395.10
	4563.38	0.00	13.66	2419.03
	4563.39	0.00	13.72	2434.02
	4563.40	0.00	13.83	2455.94
	4563.41	0.00	13.88	2467.93
	4563.42	0.00	14.01	2495.84
	4563.43	0.00	14.09	2508.82
	4563.45	0.00	14.21	2540.76
	4563.46	0.00	14.32	2546.63
	4563.47	0.00	14.39	2563.60
	4563.48	0.00	14.42	2562.58
	4563.49	0.00	14.46	2564.58
	4563.51	0.00	14.46	2550.53
	4563.52	0.00	14.45	2524.47
	4563.53	0.00	14.42	2495.36
	4563.54	0.00	14.38	2448.19
	4563.55	0.00	14.34	2400.01
	4563.56	0.00	14.16	2328.06
	4563.58	0.00	13.87	2250.24
	4563.59	0.00	13.60	2186.44
	4563.60	0.00	13.36	2111.49
	4563.61	0.00	13.09	2048.58
	4563.62	0.00	13.06	2052.65
	4563.63	0.00	13.07	2071.66
	4563.65	0.00	13.11	2097.66
	4563.66	0.00	13.13	2094.62
	4563.67	0.00	13.15	2102.61
	4563.68	0.00	13.16	2106.60
	4563.69	0.00	13.17	2108.60
	4563.71	0.00	13.18	2110.59
	4563.72	0.00	13.17	2107.62
	4563.73	0.00	13.17	2109.62
	4563.74	0.00	13.17	2110.62
	4563.75	0.00	13.17	2111.63
	4563.77	0.00	13.17	2112.63
	4563.78	0.00	13.17	2114.64
	4563.79	0.00	13.16	2114.66
	4563.80	0.00	13.19	2116.59
	4563.81	0.00	13.20	2119.60
	4563.82	0.00	13.20	2120.60
	4563.84	0.00	13.20	2122.61
	4563.85	0.00	13.20	2124.61
	4563.86	0.00	13.21	2125.60
	4563.87	0.00	13.26	2126.45
	4563.88	0.00	13.30	2138.42
	4563.89	0.00	13.30	2138.42
	4563.91	0.00	13.30	2145.43
	4563.92	0.00	13.32	2143.38
	4563.93	0.00	13.29	2146.46
	4563.94	0.00	13.26	2144.50
	4563.95	0.00	13.20	2139.63
	4563.96	0.00	13.20	2144.64
	4563.98	0.00	13.22	2146.64
	4563.99	0.00	13.22	2146.64
	4564.00	0.00	13.23	2152.63
	4564.01	0.00	13.24	2147.58
	4564.02	0.00	13.25	2154.58
	4564.04	0.00	13.24	2154.59
	4564.05	0.00	13.24	2158.59
	4564.06	0.00	13.14	2164.81
	4564.07	0.00	12.86	2221.06
	4564.08	0.00	12.41	2338.44
	4564.10	0.00	11.78	2540.76
	4564.11	0.00	11.62	2610.91
	4564.12	0.00	11.73	2583.91
	4564.13	0.00	11.80	2578.85
	4564.14	0.00	11.81	2570.85
	4564.15	0.00	11.83	2626.91
	4564.17	0.00	11.89	2669.93
	4564.18	0.00	11.92	2686.95
	4564.19	0.00	11.98	2709.95
	4564.20	0.00	12.05	2718.93
	4564.21	0.00	12.14	2718.84
	4564.23	0.00	12.25	2722.79
	4564.24	0.00	12.36	2708.74
	4564.25	0.00	12.47	2687.69
	4564.26	0.00	12.56	2671.66
	4564.27	0.00	12.64	2645.61
	4564.29	0.00	12.77	2611.56
	4564.30	0.00	12.89	2573.48
	4564.31	0.00	13.12	2495.42
	4564.32	0.00	13.23	2464.35
	4564.33	0.00	13.26	2459.29
	4564.34	0.00	13.29	2456.19
	4564.36	0.00	13.33	2425.13
	4564.37	0.00	13.38	2412.04
	4564.38	0.00	13.38	2407.00
	4564.39	0.00	13.38	2419.95
	4564.40	0.00	13.39	2424.92
	4564.41	0.00	13.41	2417.86
	4564.43	0.00	13.42	2410.84
	4564.44	0.00	13.43	2409.82
	4564.45	0.00	13.46	2383.79
	4564.46	0.00	13.46	2377.78
	4564.47	0.00	13.48	2375.70
	4564.49	0.00	13.48	2367.70
	4564.50	0.00	13.50	2370.69
	4564.51	0.00	13.50	2375.70
	4564.52	0.00	13.51	2371.68
	4564.53	0.00	13.63	2401.70
	4564.54	0.00	13.71	2418.70
	4564.56	0.00	13.88	2462.69
	4564.57	0.00	13.99	2486.67
	4564.58	0.00	14.13	2519.62
	4564.59	0.00	14.28	2551.60
	4564.60	0.00	14.37	2569.55
	4564.62	0.00	14.48	2602.53
	4564.63	0.00	14.56	2616.49
	4564.64	0.00	14.59	2611.43
	4564.65	0.00	14.59	2596.37
	4564.66	0.00	14.59	2568.20
	4564.67	0.00	14.57	2501.92
	4564.69	0.00	14.66	2440.41
	4564.70	0.00	14.26	2356.91
	4564.71	0.00	13.92	2280.31
	4564.72	0.00	13.61	2201.46
	4564.73	0.00	13.34	2129.56
	4564.75	0.00	13.15	2096.67
	4564.76	0.00	13.13	2098.68
	4564.77	0.00	13.14	2118.72
	4564.78	0.00	13.17	2131.71
	4564.79	0.00	13.18	2133.70
	4564.80	0.00	13.18	2129.71
	4564.82	0.00	13.16	2118.73
	4564.83	0.00	13.16	2114.73
	4564.84	0.00	13.16	2111.72
	4564.85	0.00	13.16	2114.72
	4564.86	0.00	13.17	2112.68
	4564.88	0.00	13.19	2117.67
	4564.89	0.00	13.19	2116.66
	4564.90	0.00	13.19	2120.66
	4564.91	0.00	13.20	2125.65
	4564.92	0.00	13.21	2124.64
	4564.93	0.00	13.21	2124.64
	4564.95	0.00	13.22	2129.63
	4564.96	0.00	13.21	2126.62
	4564.97	0.00	13.21	2132.61
	4564.98	0.00	13.21	2135.61
	4564.99	0.00	13.23	2141.60
	4565.00	0.00	13.23	2144.60
	4565.02	0.00	13.25	2151.58
	4565.03	0.00	13.26	2156.57
	4565.04	0.00	13.27	2159.57
	4565.05	0.00	13.29	2170.58
	4565.06	0.00	13.29	2175.58
	4565.08	0.00	13.29	2173.58
	4565.09	0.00	13.29	2176.59
	4565.10	0.00	13.30	2177.58
	4565.11	0.00	13.28	2177.62
	4565.12	0.00	13.28	2176.64
	4565.13	0.00	13.27	2175.65
	4565.15	0.00	13.28	2178.65
	4565.16	0.00	13.27	2176.66
	4565.17	0.00	13.27	2176.66
	4565.18	0.00	13.28	2176.64
	4565.19	0.00	13.27	2177.65
	4565.21	0.00	13.19	2185.85
	4565.22	0.00	12.82	2245.24
	4565.23	0.00	12.20	2415.69
	4565.24	0.00	11.80	2564.94
	4565.25	0.00	11.82	2573.99
	4565.27	0.00	11.82	2585.98
	4565.28	0.00	11.86	2592.92
	4565.29	0.00	11.80	2582.92
	4565.30	0.00	11.89	2647.90
	4565.31	0.00	11.91	2659.89
	4565.32	0.00	11.91	2672.91
	4565.34	0.00	11.86	2670.00
	4565.35	0.00	11.89	2674.02
	4565.36	0.00	11.94	2669.00
	4565.37	0.00	12.01	2648.92
	4565.38	0.00	12.06	2618.89
	4565.39	0.00	12.12	2592.86
	4565.41	0.00	12.22	2558.83
	4565.42	0.00	12.33	2523.76
	4565.43	0.00	12.46	2505.72
	4565.44	0.00	12.56	2473.69
	4565.45	0.00	12.79	2412.65
	4565.47	0.00	12.92	2372.63
	4565.48	0.00	12.99	2363.57
	4565.49	0.00	13.05	2364.53
	4565.50	0.00	13.10	2361.48
	4565.51	0.00	13.16	2357.40
	4565.52	0.00	13.25	2354.24
	4565.54	0.00	13.30	2356.14
	4565.55	0.00	13.36	2349.00
	4565.56	0.00	13.41	2359.94
	4565.57	0.00	13.42	2356.89
	4565.58	0.00	13.43	2361.88
	4565.60	0.00	13.46	2362.85
	4565.61	0.00	13.47	2358.83
	4565.62	0.00	13.59	2377.80
	4565.63	0.00	13.72	2406.76
	4565.64	0.00	13.79	2417.70
	4565.65	0.00	13.86	2429.65
	4565.67	0.00	13.95	2447.62
	4565.68	0.00	14.02	2462.63
	4565.69	0.00	14.11	2478.58
	4565.70	0.00	14.20	2497.56
	4565.71	0.00	14.26	2511.54
	4565.73	0.00	14.31	2520.53
	4565.74	0.00	14.35	2528.50
	4565.75	0.00	14.38	2531.46
	4565.76	0.00	14.35	2503.44
	4565.77	0.00	14.32	2487.43
	4565.79	0.00	14.25	2467.45
	4565.80	0.00	14.20	2438.37
	4565.81	0.00	14.15	2380.16
	4565.82	0.00	14.05	2326.18
	4565.83	0.00	13.87	2270.26
	4565.84	0.00	13.62	2185.32
	4565.86	0.00	13.41	2127.38
	4565.87	0.00	13.20	2080.42
	4565.88	0.00	13.15	2072.49
	4565.89	0.00	13.17	2098.51
	4565.90	0.00	13.18	2109.51
	4565.91	0.00	13.16	2106.57
	4565.93	0.00	13.14	2108.64
	4565.94	0.00	13.13	2102.66
	4565.95	0.00	13.13	2095.66
	4565.96	0.00	13.11	2077.68
	4565.97	0.00	13.14	2093.65
	4565.99	0.00	13.12	2080.69
	4566.00	0.00	13.15	2093.69
	4566.01	0.00	13.17	2106.67
	4566.02	0.00	13.18	2108.67
	4566.03	0.00	13.16	2090.62
	4566.04	0.00	13.17	2098.63
	4566.06	0.00	13.19	2108.63
	4566.07	0.00	13.18	2113.63
	4566.08	0.00	13.18	2117.64
	4566.09	0.00	13.18	2117.65
	4566.10	0.00	13.22	2132.61
	4566.12	0.00	13.23	2144.62
	4566.13	0.00	13.23	2144.63
	4566.14	0.00	13.23	2144.63
	4566.15	0.00	13.23	2145.64
	4566.16	0.00	13.22	2140.64
	4566.17	0.00	13.22	2145.66
	4566.19	0.00	13.22	2149.67
	4566.20	0.00	13.24	2155.67
	4566.21	0.00	13.24	2154.66
	4566.22	0.00	13.24	2154.66
	4566.23	0.00	13.25	2156.66
	4566.25	0.00	13.27	2153.57
	4566.26	0.00	13.29	2155.55
	4566.27	0.00	13.29	2161.54
	4566.28	0.00	13.29	2159.53
	4566.29	0.00	13.31	2172.50
	4566.30	0.00	13.31	2171.49
	4566.32	0.00	13.31	2168.48
	4566.33	0.00	13.31	2168.48
	4566.34	0.00	13.22	2178.67
	4566.35	0.00	12.87	2241.05
	4566.36	0.00	12.40	2367.44
	4566.37	0.00	11.87	2550.77
	4566.39	0.00	11.82	2592.88
	4566.40	0.00	11.77	2623.87
	4566.41	0.00	11.76	2626.89
	4566.42	0.00	11.81	2647.88
	4566.43	0.00	11.87	2680.90
	4566.45	0.00	11.87	2690.95
	4566.46	0.00	11.89	2707.98
	4566.47	0.00	11.94	2723.98
	4566.48	0.00	12.00	2751.95
	4566.49	0.00	12.06	2743.90
	4566.50	0.00	12.14	2731.86
	4566.52	0.00	12.22	2710.82
	4566.53	0.00	12.31	2685.79
	4566.54	0.00	12.43	2655.65
	4566.55	0.00	12.54	2620.60
	4566.56	0.00	12.64	2583.58
	4566.58	0.00	12.77	2552.52
	4566.59	0.00	12.93	2508.46
	4566.60	0.00	13.15	2423.48
	4566.61	0.00	13.21	2404.41
	4566.62	0.00	13.26	2401.30
	4566.64	0.00	13.33	2402.15
	4566.65	0.00	13.36	2417.97
	4566.66	0.00	13.40	2416.90
	4566.67	0.00	13.41	2413.87
	4566.68	0.00	13.43	2412.84
	4566.69	0.00	13.48	2390.77
	4566.71	0.00	13.49	2390.76
	4566.72	0.00	13.49	2382.75
	4566.73	0.00	13.49	2378.73
	4566.74	0.00	13.49	2367.71
	4566.75	0.00	13.49	2365.74
	4566.77	0.00	13.60	2391.74
	4566.78	0.00	13.66	2396.70
	4566.79	0.00	13.83	2430.71
	4566.80	0.00	13.95	2461.70
	4566.81	0.00	14.07	2493.66
	4566.82	0.00	14.22	2530.62
	4566.84	0.00	14.30	2546.59
	4566.85	0.00	14.38	2575.57
	4566.86	0.00	14.45	2583.50
	4566.87	0.00	14.51	2594.46
	4566.88	0.00	14.52	2583.42
	4566.89	0.00	14.54	2569.36
	4566.91	0.00	14.51	2551.33
	4566.92	0.00	14.46	2507.26
	4566.93	0.00	14.44	2480.16
	4566.94	0.00	14.40	2447.05
	4566.95	0.00	14.27	2370.97
	4566.97	0.00	14.12	2315.07
	4566.98	0.00	13.89	2246.21
	4566.99	0.00	13.66	2178.35
	4567.00	0.00	13.35	2088.52
	4567.01	0.00	13.11	2024.59
	4567.02	0.00	13.07	2018.64
	4567.04	0.00	13.07	2037.70
	4567.05	0.00	13.09	2068.75
	4567.06	0.00	13.13	2081.75
	4567.07	0.00	13.11	2070.77
	4567.08	0.00	13.12	2068.76
	4567.10	0.00	13.10	2061.80
	4567.11	0.00	13.12	2064.79
	4567.12	0.00	13.12	2064.79
	4567.13	0.00	13.13	2068.79
	4567.14	0.00	13.15	2070.75
	4567.15	0.00	13.15	2074.75
	4567.17	0.00	13.16	2075.75
	4567.18	0.00	13.16	2076.75
	4567.19	0.00	13.17	2076.73
	4567.20	0.00	13.15	2077.77
	4567.21	0.00	13.15	2080.77
	4567.23	0.00	13.26	2082.52
	4567.24	0.00	13.25	2087.55
	4567.25	0.00	13.26	2086.54
	4567.26	0.00	13.25	2087.55
	4567.27	0.00	13.26	2088.55
	4567.29	0.00	13.25	2088.56
	4567.30	0.00	13.20	2094.68
	4567.31	0.00	13.19	2090.71
	4567.32	0.00	13.19	2091.72
	4567.33	0.00	13.21	2101.71
	4567.34	0.00	13.23	2116.70
	4567.36	0.00	13.25	2124.68
	4567.37	0.00	13.26	2119.62
	4567.38	0.00	13.26	2128.63
	4567.39	0.00	13.29	2146.60
	4567.40	0.00	13.29	2151.59
	4567.41	0.00	13.30	2155.59
	4567.43	0.00	13.31	2159.56
	4567.44	0.00	13.07	2054.58
	4567.45	0.00	13.32	2164.55
	4567.46	0.00	13.33	2164.54
	4567.47	0.00	13.32	2164.55
	4567.49	0.00	13.24	2170.70
	4567.50	0.00	12.87	2235.08
	4567.51	0.00	12.42	2362.43
	4567.52	0.00	11.87	2542.76
	4567.53	0.00	11.80	2601.89
	4567.54	0.00	11.74	2637.93
	4567.56	0.00	11.75	2649.93
	4567.57	0.00	11.76	2633.91
	4567.58	0.00	11.88	2674.90
	4567.59	0.00	11.90	2691.90
	4567.60	0.00	11.93	2698.81
	4567.62	0.00	11.93	2704.85
	4567.63	0.00	11.97	2709.84
	4567.64	0.00	12.00	2707.83
	4567.65	0.00	12.10	2716.78
	4567.66	0.00	12.16	2690.76
	4567.67	0.00	12.26	2695.72
	4567.69	0.00	12.35	2672.69
	4567.70	0.00	12.45	2648.65
	4567.71	0.00	12.58	2630.61
	4567.72	0.00	12.72	2605.54
	4567.73	0.00	12.92	2564.45
	4567.75	0.00	13.19	2493.37
	4567.76	0.00	13.36	2448.19
	4567.77	0.00	13.39	2444.14
	4567.78	0.00	13.43	2436.98
	4567.79	0.00	13.48	2435.86
	4567.81	0.00	13.50	2451.79
	4567.82	0.00	13.52	2445.72
	4567.83	0.00	13.52	2437.69
	4567.84	0.00	13.56	2405.63
	4567.85	0.00	13.64	2418.65
	4567.87	0.00	13.71	2418.48
	4567.88	0.00	13.71	2415.50
	4567.89	0.00	13.71	2409.52
	4567.90	0.00	13.71	2404.54
	4567.91	0.00	13.73	2408.55
	4567.92	0.00	13.74	2407.63
	4567.94	0.00	13.87	2428.60
	4567.95	0.00	13.95	2439.57
	4567.96	0.00	14.05	2458.57
	4567.97	0.00	14.12	2467.52
	4567.98	0.00	14.20	2487.48
	4567.99	0.00	14.29	2512.47
	4568.01	0.00	14.37	2529.47
	4568.02	0.00	14.42	2537.42
	4568.03	0.00	14.47	2549.42
	4568.04	0.00	14.50	2552.39
	4568.05	0.00	14.49	2534.36
	4568.06	0.00	14.45	2517.38
	4568.08	0.00	14.46	2506.36
	4568.09	0.00	14.43	2492.35
	4568.10	0.00	14.39	2471.31
	4568.11	0.00	14.35	2457.31
	4568.12	0.00	14.28	2420.29
	4568.13	0.00	14.19	2381.29
	4568.15	0.00	14.05	2325.33
	4568.16	0.00	13.78	2228.40
	4568.17	0.00	13.57	2149.47
	4568.18	0.00	13.25	2042.63
	4568.19	0.00	13.02	1981.58
	4568.21	0.00	12.97	1969.63
	4568.22	0.00	12.95	1969.65
	4568.23	0.00	12.97	1985.68
	4568.24	0.00	13.02	2004.67
	4568.25	0.00	13.05	2016.66
	4568.27	0.00	13.08	2030.69
	4568.28	0.00	13.12	2043.68
	4568.29	0.00	13.14	2051.67
	4568.30	0.00	13.15	2057.67
	4568.31	0.00	13.19	2060.61
	4568.32	0.00	13.15	2047.63
	4568.34	0.00	13.17	2052.61
	4568.35	0.00	13.18	2056.61
	4568.36	0.00	13.22	2065.53
	4568.37	0.00	13.20	2065.62
	4568.38	0.00	13.20	2066.62
	4568.39	0.00	13.27	2109.56
	4568.41	0.00	13.30	2112.52
	4568.42	0.00	13.29	2118.55
	4568.43	0.00	13.29	2120.56
	4568.44	0.00	13.30	2125.57
	4568.45	0.00	13.30	2125.57
	4568.47	0.00	13.32	2125.55
	4568.48	0.00	13.29	2125.62
	4568.49	0.00	13.30	2132.63
	4568.50	0.00	13.33	2134.55
	4568.51	0.00	13.31	2135.61
	4568.52	0.00	13.31	2137.61
	4568.54	0.00	13.32	2140.61
	4568.55	0.00	13.35	2142.54
	4568.56	0.00	13.33	2144.59
	4568.57	0.00	13.33	2145.59
	4568.58	0.00	13.35	2157.57
	4568.60	0.00	13.34	2158.58
	4568.61	0.00	13.39	2166.46
	4568.62	0.00	13.39	2172.47
	4568.63	0.00	13.40	2175.46
	4568.64	0.00	13.40	2175.46
	4568.65	0.00	13.39	2180.49
	4568.67	0.00	13.36	2173.52
	4568.68	0.00	13.35	2176.56
	4568.69	0.00	13.35	2175.56
	4568.70	0.00	13.35	2176.57
	4568.71	0.00	13.10	2203.99
	4568.72	0.00	12.58	2333.34
	4568.74	0.00	11.96	2538.68
	4568.75	0.00	11.69	2639.90
	4568.76	0.00	11.64	2663.97
	4568.77	0.00	11.72	2676.91
	4568.78	0.00	11.80	2663.90
	4568.80	0.00	11.88	2687.86
	4568.81	0.00	11.92	2727.88
	4568.82	0.00	11.98	2763.89
	4568.83	0.00	12.03	2774.90
	4568.84	0.00	12.07	2768.88
	4568.86	0.00	12.16	2782.89
	4568.87	0.00	12.24	2778.86
	4568.88	0.00	12.31	2761.84
	4568.89	0.00	12.38	2736.76
	4568.90	0.00	12.46	2713.72
	4568.91	0.00	12.56	2685.69
	4568.93	0.00	12.72	2638.64
	4568.94	0.00	12.82	2593.59
	4568.95	0.00	13.02	2531.53
	4568.96	0.00	13.18	2485.48
	4568.97	0.00	13.25	2469.41
	4568.99	0.00	13.30	2455.30
	4569.00	0.00	13.36	2450.16
	4569.01	0.00	13.55	2465.87
	4569.02	0.00	13.59	2456.77
	4569.03	0.00	13.62	2448.70
	4569.05	0.00	13.64	2430.65
	4569.06	0.00	13.67	2427.65
	4569.07	0.00	13.69	2396.65
	4569.08	0.00	13.69	2396.63
	4569.09	0.00	13.71	2392.63
	4569.10	0.00	13.73	2392.60
	4569.12	0.00	13.75	2397.58
	4569.13	0.00	13.75	2397.56
	4569.14	0.00	13.85	2419.54
	4569.15	0.00	13.85	2418.53
	4569.16	0.00	13.87	2422.52
	4569.17	0.00	13.91	2435.50
	4569.19	0.00	13.92	2439.52
	4569.20	0.00	13.98	2444.42
	4569.21	0.00	14.00	2453.42
	4569.22	0.00	14.04	2459.39
	4569.23	0.00	14.04	2457.40
	4569.25	0.00	14.03	2457.43
	4569.26	0.00	14.05	2458.42
	4569.27	0.00	14.04	2458.49
	4569.28	0.00	14.06	2457.48
	4569.29	0.00	14.08	2461.46
	4569.30	0.00	14.09	2461.47
	4569.32	0.00	14.11	2455.43
	4569.33	0.00	14.12	2447.39
	4569.34	0.00	14.12	2427.33
	4569.35	0.00	14.08	2426.40
	4569.36	0.00	14.01	2396.41
	4569.37	0.00	13.99	2386.42
	4569.39	0.00	13.85	2343.47
	4569.40	0.00	13.77	2324.54
	4569.41	0.00	13.69	2288.58
	4569.42	0.00	13.59	2254.60
	4569.43	0.00	13.40	2206.65
	4569.44	0.00	13.35	2182.65
	4569.46	0.00	13.34	2183.65
	4569.47	0.00	13.32	2181.69
	4569.48	0.00	13.30	2180.71
	4569.49	0.00	13.31	2185.71
	4569.50	0.00	13.36	2207.71
	4569.52	0.00	13.36	2210.71
	4569.53	0.00	13.35	2211.73
	4569.54	0.00	13.36	2213.72
	4569.55	0.00	13.36	2211.73
	4569.56	0.00	13.37	2209.69
	4569.58	0.00	13.38	2211.69
	4569.59	0.00	13.36	2201.69
	4569.60	0.00	13.38	2212.69
	4569.61	0.00	13.38	2209.69
	4569.62	0.00	13.41	2212.63
	4569.63	0.00	13.39	2211.68
	4569.65	0.00	13.39	2212.69
	4569.66	0.00	13.39	2213.69
	4569.67	0.00	13.40	2210.65
	4569.68	0.00	13.40	2209.65
	4569.69	0.00	13.40	2208.64
	4569.70	0.00	13.39	2204.64
	4569.72	0.00	13.40	2206.64
	4569.73	0.00	13.39	2199.63
	4569.74	0.00	13.40	2202.63
	4569.75	0.00	13.40	2202.63
	4569.76	0.00	13.39	2201.64
	4569.78	0.00	13.40	2202.62
	4569.79	0.00	13.38	2184.62
	4569.80	0.00	13.37	2180.61
	4569.81	0.00	13.38	2183.60
	4569.82	0.00	13.39	2185.59
	4569.83	0.00	13.40	2185.59
	4569.85	0.00	13.40	2184.58
	4569.86	0.00	13.41	2184.58
	4569.87	0.00	13.40	2181.57
	4569.88	0.00	13.41	2179.57
	4569.89	0.00	13.40	2175.57
	4569.91	0.00	13.39	2164.57
	4569.92	0.00	13.40	2171.57
	4569.93	0.00	13.40	2171.56
	4569.94	0.00	13.44	2180.51
	4569.95	0.00	13.40	2183.61
	4569.96	0.00	13.32	2207.80
	4569.98	0.00	13.13	2263.06
	4569.99	0.00	12.70	2370.34
	4570.00	0.00	12.44	2450.57
	4570.01	0.00	12.28	2506.66
	4570.02	0.00	12.21	2538.70
	4570.04	0.00	12.18	2561.72
	4570.05	0.00	12.16	2606.74
	4570.06	0.00	12.15	2636.76
	4570.07	0.00	12.15	2680.79
	4570.08	0.00	12.14	2710.81
	4570.10	0.00	12.17	2730.75
	4570.11	0.00	12.17	2772.75
	4570.12	0.00	12.15	2767.73
	4570.13	0.00	12.19	2779.72
	4570.14	0.00	12.17	2774.81
	4570.15	0.00	12.20	2768.80
	4570.17	0.00	12.24	2762.80
	4570.18	0.00	12.28	2749.74
	4570.19	0.00	12.31	2738.73
	4570.20	0.00	12.34	2723.71
	4570.21	0.00	12.36	2698.71
	4570.22	0.00	12.38	2681.69
	4570.24	0.00	12.44	2666.65
	4570.25	0.00	12.46	2648.64
	4570.26	0.00	12.49	2634.63
	4570.27	0.00	12.52	2621.61
	4570.29	0.00	12.54	2615.62
	4570.30	0.00	12.58	2609.61
	4570.31	0.00	12.60	2605.61
	4570.32	0.00	12.64	2605.55
	4570.33	0.00	12.66	2603.55
	4570.34	0.00	12.69	2598.54
	4570.36	0.00	12.73	2596.53
	4570.37	0.00	12.78	2590.52
	4570.38	0.00	12.83	2575.51
	4570.39	0.00	12.89	2569.52
	4570.40	0.00	13.00	2548.51
	4570.41	0.00	13.06	2534.50
	4570.43	0.00	13.22	2509.47
	4570.44	0.00	13.29	2484.45
	4570.45	0.00	13.33	2484.41
	4570.46	0.00	13.34	2489.38
	4570.47	0.00	13.36	2488.33
	4570.49	0.00	13.41	2487.22
	4570.50	0.00	13.49	2480.07
	4570.51	0.00	13.55	2469.91
	4570.52	0.00	13.59	2465.80
	4570.53	0.00	13.61	2479.71
	4570.54	0.00	13.62	2476.67
	4570.56	0.00	13.63	2460.64
	4570.57	0.00	13.73	2427.43
	4570.58	0.00	13.73	2415.42
	4570.59	0.00	13.73	2397.41
	4570.60	0.00	13.73	2383.40
	4570.62	0.00	13.71	2364.40
	4570.63	0.00	13.64	2331.48
	4570.64	0.00	13.57	2321.63
	4570.65	0.00	13.52	2301.70
	4570.66	0.00	13.56	2291.72
	4570.67	0.00	13.43	2249.72
	4570.69	0.00	13.36	2216.74
	4570.70	0.00	13.32	2190.76
	4570.71	0.00	13.29	2183.80
	4570.72	0.00	13.27	2181.83
	4570.73	0.00	13.26	2179.83
	4570.75	0.00	13.24	2161.81
	4570.76	0.00	13.27	2176.82
	4570.77	0.00	13.28	2180.82
	4570.78	0.00	13.28	2179.82
	4570.79	0.00	13.28	2177.80
	4570.81	0.00	13.28	2174.81
	4570.82	0.00	13.28	2174.81
	4570.83	0.00	13.28	2178.81
	4570.84	0.00	13.29	2179.81
	4570.85	0.00	13.29	2177.81
	4570.86	0.00	13.30	2178.77
	4570.87	0.00	13.30	2176.76
	4570.89	0.00	13.30	2177.78
	4570.90	0.00	13.31	2185.77
	4570.91	0.00	13.32	2190.78
	4570.92	0.00	13.33	2195.78
	4570.93	0.00	13.36	2195.70
	4570.95	0.00	13.32	2195.78
	4570.96	0.00	13.33	2189.74
	4570.97	0.00	13.33	2192.74
	4570.98	0.00	13.32	2194.79
	4570.99	0.00	13.33	2196.78
	4571.00	0.00	13.33	2193.78
	4571.02	0.00	13.31	2178.80
	4571.03	0.00	13.29	2163.82
	4571.04	0.00	13.28	2138.77
	4571.05	0.00	13.29	2137.75
	4571.06	0.00	13.30	2139.74
	4571.08	0.00	13.30	2138.73
	4571.09	0.00	13.31	2138.71
	4571.10	0.00	13.29	2129.71
	4571.11	0.00	13.29	2128.71
	4571.12	0.00	13.28	2125.71
	4571.14	0.00	13.29	2121.69
	4571.15	0.00	13.36	2171.63
	4571.16	0.00	13.37	2177.62
	4571.17	0.00	13.38	2179.61
	4571.18	0.00	13.31	2187.75
	4571.19	0.00	13.13	2224.06
	4571.21	0.00	12.80	2320.37
	4571.22	0.00	12.51	2414.60
	4571.23	0.00	12.29	2484.76
	4571.24	0.00	12.18	2528.81
	4571.25	0.00	12.16	2558.84
	4571.27	0.00	12.20	2579.84
	4571.28	0.00	12.20	2597.85
	4571.29	0.00	12.22	2604.84
	4571.30	0.00	12.24	2614.86
	4571.31	0.00	12.27	2625.86
	4571.33	0.00	12.32	2620.85
	4571.34	0.00	12.43	2622.74
	4571.35	0.00	12.48	2610.74
	4571.36	0.00	12.65	2613.70
	4571.37	0.00	12.67	2575.68
	4571.38	0.00	12.74	2551.72
	4571.40	0.00	12.85	2519.72
	4571.41	0.00	12.96	2489.71
	4571.42	0.00	13.09	2462.66
	4571.43	0.00	13.14	2446.60
	4571.44	0.00	13.17	2448.57
	4571.46	0.00	13.21	2445.55
	4571.47	0.00	13.22	2441.51
	4571.48	0.00	13.24	2440.48
	4571.49	0.00	13.27	2435.43
	4571.50	0.00	13.31	2438.36
	4571.51	0.00	13.33	2436.34
	4571.53	0.00	13.34	2433.29
	4571.54	0.00	13.36	2429.25
	4571.55	0.00	13.39	2427.21
	4571.56	0.00	13.43	2426.14
	4571.57	0.00	13.47	2429.07
	4571.59	0.00	13.49	2426.02
	4571.60	0.00	13.52	2427.96
	4571.61	0.00	13.53	2440.89
	4571.62	0.00	13.57	2426.85
	4571.63	0.00	13.58	2423.83
	4571.64	0.00	13.59	2421.81
	4571.66	0.00	13.61	2417.77
	4571.67	0.00	13.63	2416.75
	4571.68	0.00	13.71	2427.73
	4571.69	0.00	13.75	2432.70
	4571.70	0.00	13.78	2431.67
	4571.71	0.00	13.89	2455.66
	4571.73	0.00	13.94	2465.63
	4571.74	0.00	13.99	2461.55
	4571.75	0.00	14.01	2456.49
	4571.76	0.00	14.04	2463.47
	4571.77	0.00	14.06	2460.46
	4571.79	0.00	14.03	2454.51
	4571.80	0.00	14.03	2445.50
	4571.81	0.00	14.01	2436.50
	4571.82	0.00	13.99	2411.48
	4571.83	0.00	13.96	2396.46
	4571.85	0.00	13.84	2344.41
	4571.86	0.00	13.80	2311.39
	4571.87	0.00	13.61	2246.46
	4571.88	0.00	13.52	2222.56
	4571.89	0.00	13.43	2174.57
	4571.90	0.00	13.30	2113.66
	4571.92	0.00	13.25	2103.71
	4571.93	0.00	13.20	2095.79
	4571.94	0.00	13.17	2097.84
	4571.95	0.00	13.26	2149.75
	4571.96	0.00	13.27	2155.75
	4571.97	0.00	13.31	2176.74
	4571.99	0.00	13.30	2170.74
	4572.00	0.00	13.39	2167.50
	4572.01	0.00	13.36	2155.54
	4572.02	0.00	13.33	2124.56
	4572.03	0.00	13.34	2124.55
	4572.05	0.00	13.34	2125.53
	4572.06	0.00	13.33	2121.55
	4572.07	0.00	13.35	2126.55
	4572.08	0.00	13.35	2129.55
	4572.09	0.00	13.35	2131.55
	4572.10	0.00	13.33	2119.57
	4572.12	0.00	13.32	2115.58
	4572.13	0.00	13.27	2115.68
	4572.14	0.00	13.26	2117.74
	4572.15	0.00	13.26	2123.75
	4572.16	0.00	13.28	2120.75
	4572.18	0.00	13.29	2122.74
	4572.19	0.00	13.30	2124.74
	4572.20	0.00	13.27	2102.70
	4572.21	0.00	13.27	2105.72
	4572.22	0.00	13.28	2110.72
	4572.23	0.00	13.31	2109.65
	4572.25	0.00	13.29	2115.72
	4572.26	0.00	13.34	2148.68
	4572.27	0.00	13.35	2149.68
	4572.28	0.00	13.35	2149.66
	4572.29	0.00	13.33	2144.68
	4572.31	0.00	13.30	2120.69
	4572.32	0.00	13.31	2128.70
	4572.33	0.00	13.32	2133.69
	4572.34	0.00	13.33	2138.69
	4572.35	0.00	13.32	2135.70
	4572.36	0.00	13.32	2134.70
	4572.38	0.00	13.32	2134.70
	4572.39	0.00	13.31	2134.71
	4572.40	0.00	13.31	2134.70
	4572.41	0.00	13.26	2171.85
	4572.42	0.00	13.15	2214.08
	4572.43	0.00	12.92	2282.32
	4572.45	0.00	12.67	2376.45
	4572.46	0.00	12.55	2415.58
	4572.47	0.00	12.47	2445.64
	4572.48	0.00	12.42	2465.66
	4572.49	0.00	12.43	2486.58
	4572.51	0.00	12.41	2503.61
	4572.52	0.00	12.41	2517.60
	4572.53	0.00	12.38	2527.63
	4572.54	0.00	12.36	2549.65
	4572.55	0.00	12.37	2564.66
	4572.56	0.00	12.37	2575.68
	4572.58	0.00	12.40	2582.68
	4572.59	0.00	12.43	2585.70
	4572.60	0.00	12.47	2588.69
	4572.61	0.00	12.50	2582.68
	4572.62	0.00	12.55	2571.67
	4572.64	0.00	12.59	2560.64
	4572.65	0.00	12.64	2540.67
	4572.66	0.00	12.70	2522.67
	4572.67	0.00	12.80	2493.65
	4572.68	0.00	12.93	2468.60
	4572.70	0.00	12.99	2446.59
	4572.71	0.00	13.08	2424.57
	4572.72	0.00	13.12	2427.56
	4572.73	0.00	13.13	2425.54
	4572.74	0.00	13.23	2422.41
	4572.75	0.00	13.25	2422.39
	4572.77	0.00	13.27	2424.39
	4572.78	0.00	13.29	2424.34
	4572.79	0.00	13.27	2434.39
	4572.80	0.00	13.29	2436.37
	4572.81	0.00	13.35	2418.34
	4572.83	0.00	13.39	2421.29
	4572.84	0.00	13.42	2423.22
	4572.85	0.00	13.47	2427.18
	4572.86	0.00	13.51	2431.14
	4572.87	0.00	13.55	2436.06
	4572.89	0.00	13.59	2437.98
	4572.90	0.00	13.65	2446.88
	4572.91	0.00	13.68	2450.84
	4572.92	0.00	13.78	2471.81
	4572.93	0.00	13.82	2480.80
	4572.94	0.00	13.84	2480.74
	4572.96	0.00	13.88	2483.68
	4572.97	0.00	13.89	2486.70
	4572.98	0.00	13.92	2485.67
	4572.99	0.00	13.94	2483.64
	4573.00	0.00	13.94	2474.62
	4573.02	0.00	13.98	2472.56
	4573.03	0.00	13.98	2448.55
	4573.04	0.00	13.98	2442.53
	4573.05	0.00	14.05	2445.52
	4573.06	0.00	14.03	2415.52
	4573.07	0.00	13.98	2378.48
	4573.09	0.00	13.80	2280.47
	4573.10	0.00	13.77	2247.42
	4573.11	0.00	13.74	2212.33
	4573.12	0.00	13.60	2157.28
	4573.13	0.00	13.48	2124.40
	4573.14	0.00	13.36	2096.51
	4573.16	0.00	13.27	2070.56
	4573.17	0.00	13.22	2064.60
	4573.18	0.00	13.18	2058.65
	4573.19	0.00	13.18	2063.68
	4573.20	0.00	13.19	2075.69
	4573.21	0.00	13.23	2082.67
	4573.23	0.00	13.24	2086.67
	4573.24	0.00	13.24	2087.67
	4573.25	0.00	13.24	2088.67
	4573.26	0.00	13.23	2081.66
	4573.27	0.00	13.26	2091.65
	4573.29	0.00	13.23	2089.69
	4573.30	0.00	13.23	2092.71
	4573.31	0.00	13.22	2090.72
	4573.32	0.00	13.23	2096.72
	4573.33	0.00	13.23	2093.72
	4573.35	0.00	13.25	2099.70
	4573.36	0.00	13.24	2100.73
	4573.37	0.00	13.26	2101.70
	4573.38	0.00	13.26	2104.71
	4573.39	0.00	13.25	2105.73
	4573.40	0.00	13.24	2096.72
	4573.42	0.00	13.26	2111.72
	4573.43	0.00	13.28	2113.66
	4573.44	0.00	13.35	2117.50
	4573.45	0.00	13.36	2124.51
	4573.46	0.00	13.36	2123.52
	4573.47	0.00	13.35	2126.54
	4573.49	0.00	13.34	2126.57
	4573.50	0.00	13.34	2128.57
	4573.51	0.00	13.33	2122.56
	4573.52	0.00	13.36	2154.56
	4573.54	0.00	13.35	2157.59
	4573.55	0.00	13.36	2157.59
	4573.56	0.00	13.36	2159.59
	4573.57	0.00	13.36	2161.60
	4573.58	0.00	13.36	2160.58
	4573.59	0.00	13.36	2164.59
	4573.60	0.00	13.37	2169.59
	4573.62	0.00	13.37	2170.58
	4573.63	0.00	13.37	2172.58
	4573.64	0.00	13.27	2172.75
	4573.65	0.00	13.08	2246.00
	4573.66	0.00	12.73	2345.25
	4573.68	0.00	12.46	2427.50
	4573.69	0.00	12.25	2507.64
	4573.70	0.00	12.14	2552.70
	4573.71	0.00	12.11	2586.74
	4573.72	0.00	12.14	2601.73
	4573.73	0.00	12.12	2600.76
	4573.75	0.00	12.11	2611.78
	4573.76	0.00	12.07	2629.81
	4573.77	0.00	12.05	2645.82
	4573.78	0.00	12.06	2652.76
	4573.79	0.00	12.07	2657.77
	4573.81	0.00	12.10	2663.79
	4573.82	0.00	12.14	2666.78
	4573.83	0.00	12.19	2654.76
	4573.84	0.00	12.22	2638.75
	4573.85	0.00	12.28	2625.71
	4573.87	0.00	12.32	2612.69
	4573.88	0.00	12.38	2598.66
	4573.89	0.00	12.45	2585.64
	4573.90	0.00	12.49	2574.63
	4573.91	0.00	12.55	2565.60
	4573.92	0.00	12.60	2561.60
	4573.94	0.00	12.63	2549.60
	4573.95	0.00	12.70	2537.58
	4573.96	0.00	12.74	2546.57
	4573.97	0.00	12.80	2544.51
	4573.98	0.00	12.85	2537.52
	4574.00	0.00	12.91	2530.49
	4574.01	0.00	13.01	2511.50
	4574.02	0.00	13.08	2499.50
	4574.03	0.00	13.19	2488.37
	4574.04	0.00	13.28	2475.33
	4574.06	0.00	13.32	2466.34
	4574.07	0.00	13.35	2469.32
	4574.08	0.00	13.37	2474.27
	4574.09	0.00	13.39	2483.25
	4574.10	0.00	13.36	2475.30
	4574.11	0.00	13.39	2475.26
	4574.13	0.00	13.45	2467.18
	4574.14	0.00	13.49	2468.08
	4574.15	0.00	13.54	2479.90
	4574.16	0.00	13.58	2474.82
	4574.17	0.00	13.61	2461.71
	4574.18	0.00	13.64	2441.69
	4574.20	0.00	13.67	2438.63
	4574.21	0.00	13.71	2432.54
	4574.22	0.00	13.76	2426.44
	4574.23	0.00	13.77	2417.39
	4574.24	0.00	13.79	2410.34
	4574.26	0.00	13.81	2395.28
	4574.27	0.00	13.94	2401.16
	4574.28	0.00	13.94	2386.15
	4574.29	0.00	13.86	2350.11
	4574.30	0.00	13.90	2331.98
	4574.31	0.00	13.88	2298.96
	4574.33	0.00	13.78	2270.09
	4574.34	0.00	13.70	2247.20
	4574.35	0.00	13.56	2220.40
	4574.36	0.00	13.44	2188.52
	4574.37	0.00	13.38	2166.56
	4574.39	0.00	13.32	2162.64
	4574.40	0.00	13.32	2166.66
	4574.41	0.00	13.32	2172.65
	4574.42	0.00	13.35	2183.65
	4574.43	0.00	13.36	2183.65
	4574.44	0.00	13.36	2181.64
	4574.46	0.00	13.36	2177.64
	4574.47	0.00	13.31	2154.64
	4574.48	0.00	13.29	2135.67
	4574.49	0.00	13.29	2134.66
	4574.50	0.00	13.29	2136.66
	4574.52	0.00	13.30	2136.65
	4574.53	0.00	13.35	2152.56
	4574.54	0.00	13.34	2159.61
	4574.55	0.00	13.34	2159.61
	4574.56	0.00	13.36	2168.60
	4574.57	0.00	13.36	2169.60
	4574.59	0.00	13.37	2171.59
	4574.60	0.00	13.38	2172.58
	4574.61	0.00	13.38	2175.57
	4574.62	0.00	13.38	2177.57
	4574.63	0.00	13.39	2178.54
	4574.65	0.00	13.37	2176.60
	4574.66	0.00	13.36	2176.62
	4574.67	0.00	13.37	2177.61
	4574.68	0.00	13.37	2184.63
	4574.69	0.00	13.37	2185.63
	4574.70	0.00	13.36	2186.65
	4574.72	0.00	13.37	2187.63
	4574.73	0.00	13.37	2185.63
	4574.74	0.00	13.38	2187.60
	4574.75	0.00	13.39	2189.60
	4574.76	0.00	13.39	2190.61
	4574.78	0.00	13.39	2188.61
	4574.79	0.00	13.39	2193.61
	4574.80	0.00	13.45	2189.43
	4574.81	0.00	13.47	2199.43
	4574.82	0.00	13.47	2198.42
	4574.83	0.00	13.45	2197.46
	4574.85	0.00	13.45	2196.47
	4574.86	0.00	13.39	2204.60
	4574.87	0.00	13.12	2254.96
	4574.88	0.00	12.73	2352.33
	4574.89	0.00	12.46	2444.53
	4574.91	0.00	12.27	2517.64
	4574.92	0.00	12.22	2581.69
	4574.93	0.00	12.25	2592.65
	4574.94	0.00	12.23	2584.65
	4574.95	0.00	12.22	2585.64
	4574.96	0.00	12.19	2597.66
	4574.98	0.00	12.16	2621.67
	4574.99	0.00	12.13	2636.70
	4575.00	0.00	12.12	2648.73
	4575.01	0.00	12.13	2658.73
	4575.02	0.00	12.13	2658.73
	4575.04	0.00	12.19	2675.73
	4575.05	0.00	12.25	2671.71
	4575.06	0.00	12.28	2657.71
	4575.07	0.00	12.34	2651.67
	4575.08	0.00	12.40	2655.60
	4575.10	0.00	12.46	2651.58
	4575.11	0.00	12.52	2633.55
	4575.12	0.00	12.59	2599.54
	4575.13	0.00	12.63	2572.52
	4575.14	0.00	12.70	2556.50
	4575.15	0.00	12.73	2546.48
	4575.17	0.00	12.75	2540.46
	4575.18	0.00	12.78	2534.45
	4575.19	0.00	12.81	2522.44
	4575.20	0.00	12.89	2518.42
	4575.21	0.00	12.94	2506.40
	4575.22	0.00	13.01	2495.40
	4575.24	0.00	13.10	2471.41
	4575.25	0.00	13.17	2457.39
	4575.26	0.00	13.23	2450.37
	4575.27	0.00	13.29	2442.36
	4575.29	0.00	13.32	2439.34
	4575.30	0.00	13.35	2439.29
	4575.31	0.00	13.37	2447.28
	4575.32	0.00	13.38	2445.25
	4575.33	0.00	13.42	2453.20
	4575.34	0.00	13.49	2450.04
	4575.35	0.00	13.53	2445.97
	4575.37	0.00	13.59	2452.85
	4575.38	0.00	13.65	2448.72
	4575.39	0.00	13.68	2438.64
	4575.40	0.00	13.73	2436.51
	4575.41	0.00	13.69	2424.59
	4575.43	0.00	13.71	2412.55
	4575.44	0.00	13.83	2427.51
	4575.45	0.00	13.88	2426.44
	4575.46	0.00	13.91	2409.35
	4575.47	0.00	14.02	2431.34
	4575.48	0.00	14.03	2427.32
	4575.50	0.00	14.04	2424.32
	4575.51	0.00	14.03	2406.29
	4575.52	0.00	14.01	2385.26
	4575.53	0.00	13.89	2353.30
	4575.54	0.00	13.85	2342.32
	4575.56	0.00	13.75	2312.41
	4575.57	0.00	13.58	2253.42
	4575.58	0.00	13.53	2242.47
	4575.59	0.00	13.45	2213.51
	4575.60	0.00	13.39	2195.55
	4575.62	0.00	13.34	2185.61
	4575.63	0.00	13.31	2185.65
	4575.64	0.00	13.31	2192.69
	4575.65	0.00	13.32	2198.68
	4575.66	0.00	13.32	2195.68
	4575.67	0.00	13.34	2202.67
	4575.69	0.00	13.36	2204.64
	4575.70	0.00	13.36	2202.63
	4575.71	0.00	13.36	2200.64
	4575.72	0.00	13.36	2198.64
	4575.73	0.00	13.36	2197.63
	4575.75	0.00	13.37	2198.62
	4575.76	0.00	13.37	2198.62
	4575.77	0.00	13.37	2194.61
	4575.78	0.00	13.37	2186.58
	4575.79	0.00	13.37	2183.58
	4575.80	0.00	13.34	2164.59
	4575.82	0.00	13.36	2167.58
	4575.83	0.00	13.36	2167.58
	4575.84	0.00	13.36	2167.58
	4575.85	0.00	13.33	2152.57
	4575.86	0.00	13.33	2152.57
	4575.87	0.00	13.34	2154.57
	4575.89	0.00	13.33	2157.58
	4575.90	0.00	13.35	2157.57
	4575.91	0.00	13.35	2159.56
	4575.92	0.00	13.38	2175.54
	4575.93	0.00	13.38	2180.54
	4575.95	0.00	13.37	2173.54
	4575.96	0.00	13.39	2185.54
	4575.97	0.00	13.39	2189.54
	4575.98	0.00	13.42	2194.50
	4575.99	0.00	13.41	2196.52
	4576.00	0.00	13.39	2193.57
	4576.02	0.00	13.42	2216.57
	4576.03	0.00	13.42	2232.60
	4576.04	0.00	13.43	2241.61
	4576.05	0.00	13.42	2249.64
	4576.06	0.00	13.38	2251.72
	4576.08	0.00	13.36	2260.75
	4576.09	0.00	13.33	2265.83
	4576.10	0.00	13.29	2273.91
	4576.11	0.00	13.26	2269.97
	4576.12	0.00	13.23	2269.02
	4576.13	0.00	13.21	2269.04
	4576.15	0.00	13.29	2265.81
	4576.16	0.00	13.29	2268.81
	4576.17	0.00	13.29	2267.83
	4576.18	0.00	13.28	2266.84
	4576.19	0.00	13.29	2268.83
	4576.21	0.00	13.21	2255.99
	4576.22	0.00	13.20	2258.01
	4576.23	0.00	13.21	2257.02
	4576.24	0.00	13.24	2266.00
	4576.25	0.00	13.24	2270.02
	4576.27	0.00	13.24	2261.97
	4576.28	0.00	13.27	2278.98
	4576.29	0.00	13.27	2280.99
	4576.30	0.00	13.27	2284.98
	4576.31	0.00	13.29	2288.95
	4576.32	0.00	13.31	2301.94
	4576.34	0.00	13.33	2304.91
	4576.35	0.00	13.31	2301.95
	4576.36	0.00	13.31	2303.95
	4576.37	0.00	13.31	2305.96
	4576.38	0.00	13.32	2310.96
	4576.40	0.00	13.31	2312.98
	4576.41	0.00	13.32	2315.97
	4576.42	0.00	13.32	2316.97
	4576.43	0.00	13.32	2316.97
	4576.44	0.00	13.31	2316.98
	4576.45	0.00	13.33	2313.93
	4576.47	0.00	13.32	2315.93
	4576.48	0.00	13.32	2314.93
	4576.49	0.00	13.33	2317.94
	4576.50	0.00	13.32	2314.95
	4576.51	0.00	13.30	2306.95
	4576.53	0.00	13.29	2307.96
	4576.54	0.00	13.30	2306.96
	4576.55	0.00	13.30	2308.96
	4576.56	0.00	13.30	2308.96
	4576.57	0.00	13.30	2304.96
	4576.58	0.00	13.31	2314.96
	4576.60	0.00	13.32	2315.96
	4576.61	0.00	13.30	2309.96
	4576.62	0.00	13.30	2313.99
	4576.63	0.00	13.29	2310.01
	4576.64	0.00	13.28	2310.02
	4576.66	0.00	13.28	2311.03
	4576.67	0.00	13.28	2310.03
	4576.68	0.00	13.29	2315.03
	4576.69	0.00	13.31	2314.99
	4576.70	0.00	13.30	2316.01
	4576.71	0.00	13.30	2316.01
	4576.73	0.00	13.30	2314.01
	4576.74	0.00	13.30	2315.01
	4576.75	0.00	13.30	2315.01
	4576.76	0.00	13.39	2314.75
	4576.77	0.00	13.38	2314.78
	4576.79	0.00	13.38	2307.78
	4576.80	0.00	13.38	2309.79
	4576.81	0.00	13.38	2308.78
	4576.82	0.00	13.32	2290.87
	4576.83	0.00	13.30	2294.94
	4576.84	0.00	13.29	2292.96
	4576.86	0.00	13.32	2291.95
	4576.87	0.00	13.31	2288.95
	4576.88	0.00	13.29	2269.91
	4576.89	0.00	13.31	2285.92
	4576.90	0.00	13.31	2283.93
	4576.91	0.00	13.31	2283.93
	4576.93	0.00	13.29	2279.93
	4576.94	0.00	13.30	2282.91
	4576.95	0.00	13.31	2292.92
	4576.96	0.00	13.31	2290.94
	4576.97	0.00	13.29	2290.95
	4576.99	0.00	13.29	2285.93
	4577.00	0.00	13.30	2291.94
	4577.01	0.00	13.30	2294.95
	4577.02	0.00	13.30	2295.96
	4577.03	0.00	13.31	2298.94
	4577.04	0.00	13.30	2295.95
	4577.06	0.00	13.30	2300.96
	4577.07	0.00	13.30	2301.96
	4577.08	0.00	13.29	2299.97
	4577.09	0.00	13.29	2295.97
	4577.10	0.00	13.26	2283.97
	4577.12	0.00	13.28	2291.98
	4577.13	0.00	13.28	2289.96
	4577.14	0.00	13.28	2291.98
	4577.15	0.00	13.28	2291.98
	4577.16	0.00	13.28	2288.97
	4577.17	0.00	13.29	2293.97
	4577.19	0.00	13.29	2293.97
	4577.20	0.00	13.30	2288.94
	4577.21	0.00	13.26	2285.01
	4577.22	0.00	13.25	2280.03
	4577.23	0.00	13.25	2282.03
	4577.25	0.00	13.24	2281.04
	4577.26	0.00	13.24	2280.04
	4577.27	0.00	13.24	2273.01
	4577.28	0.00	13.25	2279.02
	4577.29	0.00	13.24	2276.03
	4577.31	0.00	13.24	2280.03
	4577.32	0.00	13.24	2279.03
	4577.33	0.00	13.32	2274.79
	4577.34	0.00	13.32	2277.80
	4577.35	0.00	13.31	2278.82
	4577.36	0.00	13.31	2272.83
	4577.38	0.00	13.31	2271.83
	4577.39	0.00	13.31	2272.83
	4577.40	0.00	13.27	2258.86
	4577.41	0.00	13.24	2258.97
	4577.42	0.00	13.24	2256.99
	4577.43	0.00	13.23	2256.01
	4577.45	0.00	13.24	2261.00
	4577.46	0.00	13.21	2240.99
	4577.47	0.00	13.22	2251.01
	4577.48	0.00	13.23	2252.01
	4577.50	0.00	13.21	2255.04
	4577.51	0.00	13.21	2257.03
	4577.52	0.00	13.22	2262.01
	4577.53	0.00	13.22	2265.03
	4577.54	0.00	13.21	2268.05
	4577.55	0.00	13.22	2266.05
	4577.56	0.00	13.20	2263.06
	4577.58	0.00	13.19	2262.09
	4577.59	0.00	13.20	2263.05
	4577.60	0.00	13.20	2265.06
	4577.61	0.00	13.20	2266.07
	4577.62	0.00	13.19	2264.10
	4577.64	0.00	13.19	2266.10
	4577.65	0.00	13.18	2260.08
	4577.66	0.00	13.19	2264.09
	4577.67	0.00	13.19	2265.10
	4577.68	0.00	13.18	2266.11
	4577.69	0.00	13.15	2253.12
	4577.71	0.00	13.14	2249.12
	4577.72	0.00	13.13	2250.15
	4577.73	0.00	13.13	2252.14
	4577.74	0.00	13.13	2255.15
	4577.75	0.00	13.12	2253.16
	4577.77	0.00	13.11	2257.18
	4577.78	0.00	13.12	2258.18
	4577.79	0.00	13.11	2258.19
	4577.80	0.00	13.14	2260.13
	4577.81	0.00	13.08	2253.23
	4577.83	0.00	13.08	2258.25
	4577.84	0.00	13.07	2260.28
	4577.85	0.00	13.07	2258.27
	4577.86	0.00	13.07	2260.30
	4577.87	0.00	13.07	2259.27
	4577.88	0.00	13.06	2257.29
	4577.90	0.00	13.06	2261.30
	4577.91	0.00	13.04	2259.32
	4577.92	0.00	13.04	2262.32
	4577.93	0.00	13.13	2264.07
	4577.94	0.00	13.12	2263.10
	4577.95	0.00	13.11	2260.13
	4577.97	0.00	13.09	2259.14
	4577.98	0.00	13.09	2261.16
	4577.99	0.00	13.04	2249.21
	4578.00	0.00	13.01	2250.30
	4578.01	0.00	13.00	2246.33
	4578.03	0.00	13.01	2241.35
	4578.04	0.00	13.01	2243.36
	4578.05	0.00	12.98	2228.34
	4578.06	0.00	12.99	2235.35
	4578.07	0.00	12.99	2236.37
	4578.08	0.00	12.99	2241.36
	4578.10	0.00	13.00	2238.33
	4578.11	0.00	13.01	2248.34
	4578.12	0.00	13.01	2247.35
	4578.13	0.00	13.00	2245.35
	4578.14	0.00	13.01	2247.35
	4578.15	0.00	13.00	2247.36
	4578.17	0.00	13.01	2246.33
	4578.18	0.00	13.03	2250.33
	4578.19	0.00	13.02	2247.33
	4578.20	0.00	13.02	2250.33
	4578.21	0.00	13.02	2247.35
	4578.23	0.00	13.03	2245.30
	4578.24	0.00	13.03	2244.30
	4578.25	0.00	13.03	2247.30
	4578.26	0.00	13.03	2245.31
	4578.27	0.00	13.04	2248.29
	4578.29	0.00	12.99	2227.30
	4578.30	0.00	13.00	2232.30
	4578.31	0.00	13.01	2233.30
	4578.32	0.00	13.01	2232.30
	4578.33	0.00	13.00	2235.31
	4578.34	0.00	12.99	2229.31
	4578.36	0.00	13.01	2240.32
	4578.37	0.00	13.02	2241.31
	4578.38	0.00	13.02	2243.31
	4578.39	0.00	13.01	2244.33
	4578.40	0.00	12.99	2241.37
	4578.41	0.00	12.98	2241.38
	4578.43	0.00	12.98	2242.39
	4578.44	0.00	12.98	2243.39
	4578.45	0.00	12.98	2243.40
	4578.46	0.00	12.99	2242.37
	4578.47	0.00	12.98	2243.38
	4578.49	0.00	12.98	2245.39
	4578.50	0.00	12.97	2244.40
	4578.51	0.00	12.97	2245.39
	4578.52	0.00	13.06	2245.14
	4578.53	0.00	13.05	2247.17
	4578.54	0.00	13.04	2241.18
	4578.56	0.00	13.04	2241.19
	4578.57	0.00	13.03	2242.20
	4578.58	0.00	13.01	2229.20
	4578.59	0.00	12.98	2230.30
	4578.60	0.00	12.97	2233.32
	4578.62	0.00	12.97	2228.37
	4578.63	0.00	12.97	2231.38
	4578.64	0.00	12.97	2232.35
	4578.65	0.00	12.94	2215.37
	4578.66	0.00	12.95	2228.39
	4578.67	0.00	12.95	2229.39
	4578.69	0.00	12.95	2230.40
	4578.70	0.00	12.95	2231.40
	4578.71	0.00	12.95	2236.41
	4578.72	0.00	12.95	2231.38
	4578.73	0.00	12.96	2244.39
	4578.75	0.00	12.97	2245.40
	4578.76	0.00	12.96	2244.41
	4578.77	0.00	12.96	2247.41
	4578.78	0.00	12.96	2243.37
	4578.79	0.00	12.97	2250.39
	4578.81	0.00	12.97	2251.38
	4578.82	0.00	12.98	2253.38
	4578.83	0.00	12.98	2254.38
	4578.84	0.00	12.97	2255.39
	4578.85	0.00	12.97	2248.36
	4578.87	0.00	12.97	2251.36
	4578.88	0.00	12.97	2255.36
	4578.89	0.00	12.97	2255.36
	4578.90	0.00	12.97	2256.36
	4578.91	0.00	12.96	2256.37
	4578.92	0.00	12.93	2243.37
	4578.93	0.00	12.94	2242.32
	4578.95	0.00	12.93	2241.37
	4578.96	0.00	12.94	2247.37
	4578.97	0.00	12.94	2245.37
	4578.98	0.00	12.95	2249.35
	4579.00	0.00	12.93	2241.37
	4579.01	0.00	12.95	2254.37
	4579.02	0.00	12.96	2259.37
	4579.03	0.00	12.96	2259.37
	4579.04	0.00	12.96	2259.37
	4579.05	0.00	12.96	2260.38
	4579.06	0.00	12.94	2259.42
	4579.08	0.00	12.93	2260.44
	4579.09	0.00	12.93	2261.44
	4579.10	0.00	12.93	2262.45
	4579.11	0.00	12.93	2263.45
	4579.12	0.00	12.93	2265.46
	4579.14	0.00	12.94	2261.42
	4579.15	0.00	12.95	2269.43
	4579.16	0.00	12.95	2270.43
	4579.17	0.00	12.96	2275.43
	4579.18	0.00	12.96	2274.43
	4579.19	0.00	12.96	2273.43
	4579.21	0.00	13.06	2273.17
	4579.22	0.00	13.05	2276.20
	4579.23	0.00	13.04	2263.21
	4579.24	0.00	13.04	2269.22
	4579.25	0.00	13.04	2271.22
	4579.27	0.00	13.00	2256.28
	4579.28	0.00	12.97	2260.37
	4579.29	0.00	12.98	2256.39
	4579.30	0.00	12.99	2262.39
	4579.31	0.00	12.96	2242.37
	4579.33	0.00	12.97	2253.39
	4579.34	0.00	12.99	2256.39
	4579.35	0.00	12.98	2258.39
	4579.36	0.00	12.98	2258.39
	4579.37	0.00	12.97	2262.40
	4579.38	0.00	12.97	2259.37
	4579.40	0.00	12.98	2270.38
	4579.41	0.00	12.98	2271.40
	4579.42	0.00	12.98	2273.40
	4579.43	0.00	12.98	2276.40
	4579.44	0.00	13.00	2277.37
	4579.46	0.00	13.00	2280.38
	4579.47	0.00	12.99	2281.38
	4579.48	0.00	13.00	2282.38
	4579.49	0.00	13.02	2283.33
	4579.50	0.00	12.98	2279.39
	4579.52	0.00	12.99	2280.36
	4579.53	0.00	12.99	2281.36
	4579.54	0.00	13.01	2282.32
	4579.55	0.00	12.99	2276.36
	4579.56	0.00	13.00	2283.36
	4579.57	0.00	12.99	2279.36
	4579.59	0.00	12.96	2265.36
	4579.60	0.00	12.96	2270.36
	4579.61	0.00	12.97	2270.36
	4579.62	0.00	12.95	2264.37
	4579.63	0.00	12.96	2269.37
	4579.64	0.00	12.97	2271.37
	4579.66	0.00	12.97	2275.37
	4579.67	0.00	12.97	2276.37
	4579.68	0.00	12.97	2276.37
	4579.69	0.00	12.96	2274.40
	4579.70	0.00	12.95	2273.42
	4579.72	0.00	12.95	2274.44
	4579.73	0.00	12.94	2274.44
	4579.74	0.00	12.94	2276.45
	4579.75	0.00	12.94	2275.45
	4579.76	0.00	12.94	2274.45
	4579.77	0.00	12.95	2274.41
	4579.79	0.00	12.95	2275.42
	4579.80	0.00	12.95	2276.43
	4579.81	0.00	12.95	2277.44
	4579.82	0.00	12.97	2277.38
	4579.83	0.00	13.03	2276.18
	4579.85	0.00	13.02	2277.21
	4579.86	0.00	13.02	2272.22
	4579.87	0.00	13.01	2270.23
	4579.88	0.00	13.01	2272.23
	4579.89	0.00	13.01	2273.23
	4579.90	0.00	12.95	2258.32
	4579.92	0.00	12.94	2259.38
	4579.93	0.00	12.94	2255.40
	4579.94	0.00	12.94	2259.41
	4579.95	0.00	12.94	2260.41
	4579.96	0.00	12.94	2247.36
	4579.98	0.00	12.92	2242.39
	4579.99	0.00	12.93	2250.40
	4580.00	0.00	12.94	2252.41
	4580.01	0.00	12.94	2253.42
	4580.02	0.00	12.94	2256.41
	4580.04	0.00	12.93	2255.41
	4580.05	0.00	12.94	2256.41
	4580.06	0.00	12.93	2253.40
	4580.07	0.00	12.95	2263.39
	4580.08	0.00	12.95	2262.39
	4580.09	0.00	12.95	2258.39
	4580.11	0.00	12.94	2260.40
	4580.12	0.00	12.95	2261.40
	4580.13	0.00	12.96	2252.35
	4580.14	0.00	12.97	2261.36
	4580.15	0.00	12.97	2260.36
	4580.16	0.00	12.98	2259.36
	4580.18	0.00	12.98	2258.36
	4580.19	0.00	12.98	2259.36
	4580.20	0.00	12.98	2258.36
	4580.21	0.00	12.98	2260.36
	4580.22	0.00	12.98	2254.33
	4580.24	0.00	12.98	2255.33
	4580.25	0.00	12.98	2256.34
	4580.26	0.00	12.98	2250.32
	4580.27	0.00	12.99	2255.32
	4580.28	0.00	12.99	2255.32
	4580.29	0.00	12.95	2235.34
	4580.31	0.00	12.96	2239.32
	4580.32	0.00	12.96	2237.32
	4580.33	0.00	12.96	2239.32
	4580.34	0.00	12.95	2241.34
	4580.35	0.00	12.97	2242.32
	4580.37	0.00	12.96	2242.33
	4580.38	0.00	12.96	2242.33
	4580.39	0.00	12.95	2238.33
	4580.40	0.00	12.97	2245.32
	4580.41	0.00	12.97	2248.33
	4580.43	0.00	12.97	2247.34
	4580.44	0.00	12.97	2245.33
	4580.45	0.00	12.98	2246.33
	4580.46	0.00	12.98	2247.34
	4580.47	0.00	12.96	2247.38
	4580.48	0.00	12.96	2246.39
	4580.50	0.00	12.94	2246.40
	4580.51	0.00	12.94	2249.41
	4580.52	0.00	12.93	2250.43
	4580.53	0.00	12.96	2250.37
	4580.54	0.00	12.95	2251.38
	4580.56	0.00	12.95	2254.39
	4580.57	0.00	12.94	2253.40
	4580.58	0.00	12.94	2253.41
	4580.59	0.00	12.93	2255.41
	4580.60	0.00	12.93	2255.41
	4580.62	0.00	12.93	2259.43
	4580.63	0.00	13.02	2258.17
	4580.64	0.00	13.01	2261.18
	4580.65	0.00	13.00	2264.20
	4580.66	0.00	12.99	2259.18
	4580.67	0.00	12.97	2263.22
	4580.69	0.00	12.95	2255.20
	4580.70	0.00	12.90	2252.32
	4580.71	0.00	12.88	2254.38
	4580.72	0.00	12.89	2250.40
	4580.73	0.00	12.89	2254.41
	4580.75	0.00	12.88	2254.42
	4580.76	0.00	12.89	2257.41
	4580.77	0.00	12.86	2234.38
	4580.78	0.00	12.88	2245.39
	4580.79	0.00	12.87	2247.41
	4580.80	0.00	12.88	2251.40
	4580.82	0.00	12.89	2248.40
	4580.83	0.00	12.89	2249.40
	4580.84	0.00	12.89	2250.41
	4580.85	0.00	12.89	2253.41
	4580.86	0.00	12.89	2254.38
	4580.87	0.00	12.91	2261.39
	4580.89	0.00	12.90	2262.41
	4580.90	0.00	12.90	2262.40
	4580.91	0.00	12.89	2263.41
	4580.92	0.00	12.89	2264.41
	4580.93	0.00	12.88	2266.43
	4580.95	0.00	12.89	2264.38
	4580.96	0.00	12.90	2268.38
	4580.97	0.00	12.90	2270.39
	4580.98	0.00	12.90	2268.39
	4580.99	0.00	12.90	2269.39
	4581.00	0.00	12.90	2269.39
	4581.02	0.00	12.90	2263.36
	4581.03	0.00	12.91	2263.36
	4581.04	0.00	12.91	2266.35
	4581.05	0.00	12.91	2266.35
	4581.06	0.00	12.91	2265.36
	4581.08	0.00	12.92	2267.35
	4581.09	0.00	12.91	2267.35
	4581.10	0.00	12.91	2266.35
	4581.11	0.00	12.91	2267.36
	4581.12	0.00	12.87	2250.35
	4581.14	0.00	12.87	2254.35
	4581.15	0.00	12.87	2254.35
	4581.16	0.00	12.86	2259.37
	4581.17	0.00	12.86	2257.35
	4581.18	0.00	12.86	2261.36
	4581.19	0.00	12.84	2257.36
	4581.21	0.00	12.83	2262.36
	4581.22	0.00	12.85	2274.36
	4581.23	0.00	12.83	2281.37
	4581.24	0.00	12.82	2283.37
	4581.25	0.00	12.81	2285.38
	4581.27	0.00	12.78	2294.40
	4581.28	0.00	12.76	2298.42
	4581.29	0.00	12.75	2302.43
	4581.30	0.00	12.73	2305.45
	4581.31	0.00	12.73	2309.45
	4581.32	0.00	12.70	2317.46
	4581.34	0.00	12.70	2319.43
	4581.35	0.00	12.70	2323.43
	4581.36	0.00	12.69	2326.44
	4581.37	0.00	12.69	2328.44
	4581.38	0.00	12.68	2330.46
	4581.40	0.00	12.68	2332.45
	4581.41	0.00	12.68	2336.46
	4581.42	0.00	12.72	2336.36
	4581.43	0.00	12.80	2339.14
	4581.44	0.00	12.77	2340.22
	4581.45	0.00	12.77	2337.23
	4581.47	0.00	12.79	2325.24
	4581.48	0.00	12.79	2327.24
	4581.49	0.00	12.79	2327.24
	4581.50	0.00	12.77	2318.23
	4581.51	0.00	12.73	2320.37
	4581.53	0.00	12.74	2320.38
	4581.54	0.00	12.73	2320.42
	4581.55	0.00	12.74	2324.42
	4581.56	0.00	12.71	2303.40
	4581.57	0.00	12.72	2316.40
	4581.58	0.00	12.73	2321.42
	4581.60	0.00	12.73	2320.43
	4581.61	0.00	12.73	2323.43
	4581.62	0.00	12.73	2323.43
	4581.63	0.00	12.74	2325.40
	4581.64	0.00	12.74	2332.41
	4581.66	0.00	12.74	2333.42
	4581.67	0.00	12.74	2336.42
	4581.68	0.00	12.72	2334.43
	4581.69	0.00	12.73	2330.43
	4581.70	0.00	12.72	2325.40
	4581.71	0.00	12.71	2326.41
	4581.73	0.00	12.70	2324.41
	4581.74	0.00	12.69	2321.42
	4581.75	0.00	12.69	2321.40
	4581.76	0.00	12.66	2316.43
	4581.77	0.00	12.66	2316.43
	4581.79	0.00	12.66	2312.41
	4581.80	0.00	12.66	2314.42
	4581.81	0.00	12.66	2316.41
	4581.82	0.00	12.66	2314.41
	4581.83	0.00	12.66	2314.40
	4581.85	0.00	12.62	2290.41
	4581.86	0.00	12.61	2286.41
	4581.87	0.00	12.61	2285.41
	4581.88	0.00	12.60	2280.41
	4581.89	0.00	12.59	2281.43
	4581.90	0.00	12.59	2280.42
	4581.92	0.00	12.59	2278.42
	4581.93	0.00	12.59	2276.42
	4581.94	0.00	12.60	2278.42
	4581.95	0.00	12.61	2276.41
	4581.96	0.00	12.62	2277.41
	4581.98	0.00	12.62	2276.41
	4581.99	0.00	12.65	2273.37
	4582.00	0.00	12.60	2277.43
	4582.01	0.00	12.61	2274.44
	4582.02	0.00	12.63	2271.45
	4582.04	0.00	12.66	2266.45
	4582.05	0.00	12.70	2259.46
	4582.06	0.00	12.73	2253.45
	4582.07	0.00	12.78	2238.44
	4582.08	0.00	12.81	2242.41
	4582.09	0.00	12.82	2239.43
	4582.11	0.00	12.86	2236.42
	4582.12	0.00	12.86	2236.42
	4582.13	0.00	12.87	2235.42
	4582.14	0.00	12.88	2233.42
	4582.15	0.00	12.89	2236.42
	4582.16	0.00	12.91	2233.35
	4582.18	0.00	12.98	2238.16
	4582.19	0.00	12.98	2240.19
	4582.20	0.00	12.97	2237.20
	4582.21	0.00	12.96	2231.21
	4582.22	0.00	12.96	2232.23
	4582.24	0.00	12.96	2231.22
	4582.25	0.00	12.92	2219.26
	4582.26	0.00	12.90	2222.35
	4582.27	0.00	12.90	2221.35
	4582.28	0.00	12.88	2226.38
	4582.29	0.00	12.88	2225.39
	4582.31	0.00	12.86	2227.40
	4582.32	0.00	12.85	2232.38
	4582.33	0.00	12.81	2241.41
	4582.34	0.00	12.78	2238.38
	4582.35	0.00	12.72	2247.41
	4582.37	0.00	12.71	2264.43
	4582.38	0.00	12.68	2273.44
	4582.39	0.00	12.67	2278.44
	4582.40	0.00	12.66	2276.44
	4582.41	0.00	12.70	2269.40
	4582.42	0.00	12.71	2272.41
	4582.44	0.00	12.74	2269.42
	4582.45	0.00	12.76	2263.42
	4582.46	0.00	12.76	2260.43
	4582.47	0.00	12.77	2260.42
	4582.48	0.00	12.76	2261.42
	4582.50	0.00	12.74	2266.43
	4582.51	0.00	12.73	2262.39
	4582.52	0.00	12.73	2272.40
	4582.53	0.00	12.69	2283.41
	4582.54	0.00	12.69	2293.35
	4582.56	0.00	12.66	2298.41
	4582.57	0.00	12.64	2301.42
	4582.58	0.00	12.64	2302.42
	4582.59	0.00	12.64	2299.39
	4582.60	0.00	12.65	2303.39
	4582.62	0.00	12.65	2302.39
	4582.63	0.00	12.64	2301.39
	4582.64	0.00	12.66	2300.38
	4582.65	0.00	12.66	2300.38
	4582.66	0.00	12.66	2297.38
	4582.67	0.00	12.63	2277.37
	4582.68	0.00	12.65	2275.37
	4582.70	0.00	12.68	2273.37
	4582.71	0.00	12.70	2270.36
	4582.72	0.00	12.71	2268.36
	4582.73	0.00	12.74	2256.37
	4582.75	0.00	12.76	2250.35
	4582.76	0.00	12.77	2245.35
	4582.77	0.00	12.78	2251.35
	4582.78	0.00	12.80	2249.35
	4582.79	0.00	12.81	2251.35
	4582.80	0.00	12.81	2250.35
	4582.81	0.00	12.81	2252.35
	4582.83	0.00	12.81	2251.35
	4582.84	0.00	12.80	2250.37
	4582.85	0.00	12.79	2248.40
	4582.86	0.00	12.83	2237.41
	4582.87	0.00	12.84	2234.41
	4582.89	0.00	12.87	2229.41
	4582.90	0.00	12.89	2227.41
	4582.91	0.00	12.89	2222.40
	4582.92	0.00	12.91	2223.36
	4582.93	0.00	12.91	2221.37
	4582.94	0.00	12.91	2222.38
	4582.96	0.00	12.90	2224.40
	4582.97	0.00	12.90	2226.40
	4582.98	0.00	12.89	2226.40
	4582.99	0.00	12.90	2230.40
	4583.00	0.00	12.89	2231.41
	4583.02	0.00	12.98	2232.15
	4583.03	0.00	12.97	2233.18
	4583.04	0.00	12.96	2233.21
	4583.05	0.00	12.95	2228.20
	4583.06	0.00	12.95	2228.20
	4583.08	0.00	12.95	2231.21
	4583.09	0.00	12.94	2230.21
	4583.10	0.00	12.92	2219.23
	4583.11	0.00	12.88	2220.32
	4583.12	0.00	12.87	2219.36
	4583.13	0.00	12.89	2214.37
	4583.15	0.00	12.89	2218.38
	4583.16	0.00	12.88	2208.35
	4583.17	0.00	12.87	2203.37
	4583.18	0.00	12.88	2208.37
	4583.19	0.00	12.89	2209.36
	4583.20	0.00	12.89	2209.37
	4583.22	0.00	12.90	2206.38
	4583.23	0.00	12.90	2214.37
	4583.24	0.00	12.90	2214.37
	4583.25	0.00	12.91	2212.34
	4583.26	0.00	12.92	2224.35
	4583.28	0.00	12.92	2227.36
	4583.29	0.00	12.92	2224.36
	4583.30	0.00	12.91	2221.36
	4583.31	0.00	12.92	2222.34
	4583.32	0.00	12.91	2218.32
	4583.33	0.00	12.92	2227.34
	4583.35	0.00	12.92	2227.34
	4583.36	0.00	12.92	2228.35
	4583.37	0.00	12.92	2229.34
	4583.38	0.00	12.92	2229.35
	4583.39	0.00	12.92	2229.34
	4583.41	0.00	12.93	2232.33
	4583.42	0.00	12.92	2224.32
	4583.43	0.00	12.92	2227.32
	4583.44	0.00	12.92	2226.33
	4583.45	0.00	12.93	2230.32
	4583.46	0.00	12.93	2229.32
	4583.48	0.00	12.93	2230.32
	4583.49	0.00	12.93	2229.32
	4583.50	0.00	12.90	2214.32
	4583.51	0.00	12.89	2213.32
	4583.52	0.00	12.90	2214.32
	4583.54	0.00	12.89	2211.32
	4583.55	0.00	12.90	2214.32
	4583.56	0.00	12.91	2214.31
	4583.57	0.00	12.91	2215.31
	4583.58	0.00	12.91	2213.31
	4583.60	0.00	12.90	2210.31
	4583.61	0.00	12.92	2217.31
	4583.62	0.00	12.92	2219.32
	4583.63	0.00	12.91	2212.31
	4583.64	0.00	12.94	2219.26
	4583.65	0.00	12.91	2217.33
	4583.67	0.00	12.92	2217.35
	4583.68	0.00	12.92	2211.35
	4583.69	0.00	12.92	2215.36
	4583.70	0.00	12.92	2215.37
	4583.71	0.00	12.91	2216.39
	4583.73	0.00	12.92	2218.39
	4583.74	0.00	12.93	2217.35
	4583.75	0.00	12.93	2216.35
	4583.76	0.00	12.92	2214.36
	4583.77	0.00	12.92	2216.36
	4583.78	0.00	12.92	2217.37
	4583.80	0.00	12.92	2217.36
	4583.81	0.00	12.92	2215.37
	4583.82	0.00	12.96	2219.28
	4583.83	0.00	13.01	2219.12
	4583.84	0.00	13.00	2221.16
	4583.86	0.00	13.00	2218.15
	4583.87	0.00	13.00	2213.16
	4583.88	0.00	13.00	2212.16
	4583.89	0.00	13.00	2214.16
	4583.90	0.00	13.00	2214.16
	4583.91	0.00	13.00	2204.12
	4583.93	0.00	12.95	2204.23
	4583.94	0.00	12.93	2204.30
	4583.95	0.00	12.94	2203.31
	4583.96	0.00	12.94	2198.31
	4583.97	0.00	12.95	2199.31
	4583.98	0.00	12.95	2203.33
	4584.00	0.00	12.95	2204.33
	4584.01	0.00	12.92	2182.30
	4584.02	0.00	12.93	2192.33
	4584.03	0.00	12.93	2199.33
	4584.04	0.00	12.94	2201.33
	4584.06	0.00	12.92	2206.34
	4584.07	0.00	12.91	2208.36
	4584.08	0.00	12.91	2218.35
	4584.09	0.00	12.89	2220.35
	4584.10	0.00	12.90	2228.33
	4584.12	0.00	12.90	2235.34
	4584.13	0.00	12.89	2235.36
	4584.14	0.00	12.89	2239.36
	4584.15	0.00	12.88	2240.36
	4584.16	0.00	12.88	2242.37
	4584.17	0.00	12.87	2245.37
	4584.19	0.00	12.89	2246.34
	4584.20	0.00	12.88	2249.35
	4584.21	0.00	12.89	2253.35
	4584.22	0.00	12.90	2255.35
	4584.23	0.00	12.90	2255.35
	4584.25	0.00	12.89	2255.36
	4584.26	0.00	12.90	2252.32
	4584.27	0.00	12.89	2251.32
	4584.28	0.00	12.90	2252.32
	4584.29	0.00	12.90	2256.33
	4584.30	0.00	12.93	2255.31
	4584.32	0.00	12.93	2252.31
	4584.33	0.00	12.95	2247.30
	4584.34	0.00	12.94	2228.29
	4584.35	0.00	12.94	2226.30
	4584.36	0.00	12.94	2230.30
	4584.37	0.00	12.96	2233.30
	4584.39	0.00	12.98	2236.25
	4584.40	0.00	12.96	2235.30
	4584.41	0.00	12.97	2236.30
	4584.42	0.00	12.98	2237.30
	4584.43	0.00	12.96	2234.32
	4584.44	0.00	12.96	2236.31
	4584.46	0.00	12.98	2243.31
	4584.47	0.00	12.98	2247.32
	4584.48	0.00	12.98	2247.32
	4584.49	0.00	12.98	2251.31
	4584.50	0.00	12.96	2249.36
	4584.52	0.00	12.95	2251.39
	4584.53	0.00	12.96	2254.39
	4584.54	0.00	12.96	2259.39
	4584.55	0.00	12.98	22