.11	2345.31
	4351.05	0.00	12.11	2346.32
	4351.06	0.00	12.12	2343.32
	4351.07	0.00	12.10	2340.33
	4351.08	0.00	12.07	2336.39
	4351.09	0.00	12.05	2333.44
	4351.11	0.00	12.06	2334.45
	4351.12	0.00	12.05	2335.47
	4351.13	0.00	12.06	2331.42
	4351.14	0.00	12.06	2333.42
	4351.15	0.00	12.07	2335.42
	4351.16	0.00	12.06	2335.43
	4351.18	0.00	12.04	2325.41
	4351.19	0.00	12.07	2341.41
	4351.20	0.00	12.07	2339.42
	4351.21	0.00	12.05	2342.45
	4351.22	0.00	12.04	2338.44
	4351.24	0.00	12.05	2344.45
	4351.25	0.00	12.05	2343.45
	4351.26	0.00	12.06	2344.44
	4351.27	0.00	12.05	2345.45
	4351.28	0.00	12.07	2343.38
	4351.29	0.00	12.07	2344.38
	4351.31	0.00	12.07	2344.38
	4351.32	0.00	12.06	2343.39
	4351.33	0.00	12.06	2339.38
	4351.34	0.00	12.05	2334.38
	4351.35	0.00	12.05	2335.38
	4351.37	0.00	12.04	2336.39
	4351.38	0.00	12.02	2322.38
	4351.39	0.00	12.05	2337.38
	4351.40	0.00	12.05	2337.38
	4351.41	0.00	12.06	2337.34
	4351.42	0.00	12.03	2337.44
	4351.44	0.00	12.02	2335.45
	4351.45	0.00	12.02	2337.45
	4351.46	0.00	12.02	2338.44
	4351.47	0.00	12.03	2341.43
	4351.48	0.00	12.02	2339.44
	4351.50	0.00	12.02	2344.45
	4351.51	0.00	12.04	2343.34
	4351.52	0.00	12.06	2348.32
	4351.53	0.00	12.05	2346.33
	4351.54	0.00	12.04	2345.33
	4351.56	0.00	12.04	2346.33
	4351.57	0.00	11.99	2339.44
	4351.58	0.00	11.98	2341.46
	4351.59	0.00	11.99	2344.47
	4351.60	0.00	11.98	2335.43
	4351.62	0.00	11.99	2340.44
	4351.63	0.00	11.99	2342.44
	4351.64	0.00	11.99	2344.44
	4351.65	0.00	11.99	2343.41
	4351.66	0.00	11.99	2349.45
	4351.67	0.00	12.00	2350.43
	4351.69	0.00	11.99	2350.44
	4351.70	0.00	11.98	2350.46
	4351.71	0.00	11.98	2355.47
	4351.72	0.00	11.99	2357.46
	4351.73	0.00	11.99	2357.46
	4351.75	0.00	11.99	2356.40
	4351.76	0.00	12.01	2358.36
	4351.77	0.00	11.99	2357.40
	4351.78	0.00	12.00	2359.39
	4351.79	0.00	11.98	2352.40
	4351.81	0.00	11.97	2353.41
	4351.82	0.00	11.98	2351.39
	4351.83	0.00	11.98	2352.39
	4351.84	0.00	11.98	2349.39
	4351.85	0.00	11.99	2354.39
	4351.86	0.00	11.99	2357.39
	4351.88	0.00	12.00	2355.37
	4351.89	0.00	11.98	2353.44
	4351.90	0.00	11.97	2354.46
	4351.91	0.00	11.96	2351.46
	4351.92	0.00	11.98	2357.46
	4351.94	0.00	11.98	2358.44
	4351.95	0.00	11.98	2357.45
	4351.96	0.00	11.99	2358.44
	4351.97	0.00	12.02	2361.37
	4351.98	0.00	12.03	2362.33
	4352.00	0.00	12.04	2362.33
	4352.01	0.00	12.02	2359.34
	4352.02	0.00	11.99	2358.43
	4352.03	0.00	11.98	2355.45
	4352.04	0.00	11.97	2355.46
	4352.06	0.00	11.99	2356.44
	4352.07	0.00	12.00	2355.43
	4352.08	0.00	11.99	2355.44
	4352.09	0.00	11.99	2357.44
	4352.10	0.00	11.99	2358.45
	4352.11	0.00	12.01	2359.42
	4352.12	0.00	12.01	2363.43
	4352.14	0.00	12.01	2360.43
	4352.15	0.00	12.00	2362.44
	4352.16	0.00	11.99	2360.45
	4352.17	0.00	12.00	2362.46
	4352.18	0.00	12.00	2361.46
	4352.20	0.00	11.99	2363.46
	4352.21	0.00	12.01	2363.40
	4352.22	0.00	12.02	2364.39
	4352.23	0.00	12.02	2362.39
	4352.24	0.00	12.01	2361.39
	4352.26	0.00	11.99	2355.39
	4352.27	0.00	11.99	2354.39
	4352.28	0.00	11.99	2352.39
	4352.29	0.00	11.99	2354.39
	4352.30	0.00	11.99	2354.40
	4352.32	0.00	11.99	2353.39
	4352.33	0.00	11.99	2354.39
	4352.34	0.00	11.99	2354.40
	4352.35	0.00	11.97	2351.46
	4352.36	0.00	11.96	2348.47
	4352.37	0.00	11.97	2353.47
	4352.39	0.00	11.97	2356.45
	4352.40	0.00	11.98	2356.42
	4352.41	0.00	11.96	2354.46
	4352.42	0.00	11.96	2355.47
	4352.43	0.00	11.99	2353.36
	4352.45	0.00	11.99	2353.34
	4352.46	0.00	12.00	2355.34
	4352.47	0.00	11.99	2353.35
	4352.48	0.00	11.95	2348.45
	4352.49	0.00	11.96	2347.39
	4352.51	0.00	11.94	2347.49
	4352.52	0.00	11.94	2346.49
	4352.53	0.00	11.93	2342.45
	4352.54	0.00	11.93	2343.46
	4352.55	0.00	11.93	2346.47
	4352.56	0.00	11.92	2351.47
	4352.58	0.00	11.94	2355.44
	4352.59	0.00	11.93	2358.47
	4352.60	0.00	11.92	2360.47
	4352.61	0.00	11.90	2354.47
	4352.62	0.00	11.90	2360.49
	4352.64	0.00	11.90	2363.50
	4352.65	0.00	11.89	2365.50
	4352.66	0.00	11.89	2368.50
	4352.67	0.00	11.89	2366.44
	4352.68	0.00	11.89	2369.44
	4352.70	0.00	11.89	2368.44
	4352.71	0.00	11.89	2370.44
	4352.72	0.00	11.86	2363.44
	4352.73	0.00	11.85	2360.44
	4352.74	0.00	11.87	2362.43
	4352.75	0.00	11.86	2366.44
	4352.77	0.00	11.85	2360.44
	4352.78	0.00	11.86	2366.44
	4352.79	0.00	11.86	2364.44
	4352.80	0.00	11.86	2366.47
	4352.81	0.00	11.84	2363.49
	4352.83	0.00	11.84	2365.50
	4352.84	0.00	11.83	2365.51
	4352.85	0.00	11.85	2366.48
	4352.86	0.00	11.84	2366.50
	4352.87	0.00	11.84	2367.51
	4352.89	0.00	11.84	2368.51
	4352.90	0.00	11.87	2370.40
	4352.91	0.00	11.88	2374.39
	4352.92	0.00	11.87	2370.39
	4352.93	0.00	11.86	2369.39
	4352.95	0.00	11.83	2364.45
	4352.96	0.00	11.81	2366.52
	4352.97	0.00	11.81	2364.53
	4352.98	0.00	11.81	2365.54
	4352.99	0.00	11.81	2362.51
	4353.00	0.00	11.81	2367.51
	4353.02	0.00	11.82	2365.51
	4353.03	0.00	11.81	2367.52
	4353.04	0.00	11.84	2372.42
	4353.05	0.00	11.82	2374.51
	4353.06	0.00	11.81	2373.52
	4353.08	0.00	11.80	2374.52
	4353.09	0.00	11.79	2375.54
	4353.10	0.00	11.80	2376.52
	4353.11	0.00	11.79	2378.54
	4353.12	0.00	11.79	2373.48
	4353.13	0.00	11.78	2373.48
	4353.15	0.00	11.78	2375.48
	4353.16	0.00	11.75	2363.48
	4353.17	0.00	11.76	2373.48
	4353.18	0.00	11.75	2372.48
	4353.19	0.00	11.76	2370.45
	4353.21	0.00	11.75	2372.48
	4353.22	0.00	11.75	2370.48
	4353.23	0.00	11.74	2367.48
	4353.24	0.00	11.76	2375.48
	4353.25	0.00	11.75	2363.48
	4353.27	0.00	11.76	2374.51
	4353.28	0.00	11.75	2372.54
	4353.29	0.00	11.75	2373.54
	4353.30	0.00	11.75	2372.56
	4353.31	0.00	11.77	2374.52
	4353.33	0.00	11.76	2375.54
	4353.34	0.00	11.75	2372.54
	4353.35	0.00	11.75	2376.56
	4353.36	0.00	11.80	2379.42
	4353.37	0.00	11.79	2378.43
	4353.38	0.00	11.78	2374.43
	4353.40	0.00	11.75	2371.51
	4353.41	0.00	11.74	2368.54
	4353.42	0.00	11.73	2368.56
	4353.43	0.00	11.74	2369.57
	4353.44	0.00	11.74	2369.57
	4353.46	0.00	11.74	2366.54
	4353.47	0.00	11.74	2367.54
	4353.48	0.00	11.74	2368.54
	4353.49	0.00	11.75	2373.52
	4353.50	0.00	11.75	2371.53
	4353.52	0.00	11.74	2372.54
	4353.53	0.00	11.73	2372.54
	4353.54	0.00	11.71	2362.55
	4353.55	0.00	11.71	2366.57
	4353.56	0.00	11.71	2368.57
	4353.58	0.00	11.70	2368.57
	4353.59	0.00	11.71	2365.51
	4353.60	0.00	11.72	2368.51
	4353.61	0.00	11.72	2367.50
	4353.62	0.00	11.71	2367.50
	4353.63	0.00	11.70	2362.50
	4353.65	0.00	11.69	2360.51
	4353.66	0.00	11.70	2359.50
	4353.67	0.00	11.70	2361.50
	4353.68	0.00	11.70	2360.50
	4353.69	0.00	11.71	2362.50
	4353.70	0.00	11.71	2363.50
	4353.72	0.00	11.69	2359.55
	4353.73	0.00	11.69	2358.56
	4353.74	0.00	11.69	2358.56
	4353.75	0.00	11.68	2359.59
	4353.77	0.00	11.70	2364.55
	4353.78	0.00	11.70	2363.56
	4353.79	0.00	11.70	2364.56
	4353.80	0.00	11.72	2364.50
	4353.81	0.00	11.73	2366.44
	4353.82	0.00	11.74	2367.44
	4353.84	0.00	11.73	2363.44
	4353.85	0.00	11.73	2365.47
	4353.86	0.00	11.69	2361.55
	4353.87	0.00	11.68	2357.57
	4353.88	0.00	11.69	2357.58
	4353.90	0.00	11.69	2353.54
	4353.91	0.00	11.69	2355.55
	4353.92	0.00	11.69	2356.55
	4353.93	0.00	11.69	2358.56
	4353.94	0.00	11.69	2358.56
	4353.95	0.00	11.72	2363.50
	4353.97	0.00	11.70	2363.55
	4353.98	0.00	11.70	2365.55
	4353.99	0.00	11.69	2360.54
	4354.00	0.00	11.69	2367.56
	4354.02	0.00	11.69	2366.57
	4354.03	0.00	11.69	2366.58
	4354.04	0.00	11.70	2367.54
	4354.05	0.00	11.70	2365.53
	4354.06	0.00	11.70	2365.51
	4354.07	0.00	11.70	2365.51
	4354.08	0.00	11.68	2358.51
	4354.10	0.00	11.68	2357.51
	4354.11	0.00	11.67	2354.51
	4354.12	0.00	11.68	2358.51
	4354.13	0.00	11.68	2358.51
	4354.14	0.00	11.68	2358.51
	4354.16	0.00	11.68	2358.52
	4354.17	0.00	11.69	2359.51
	4354.18	0.00	11.67	2356.56
	4354.19	0.00	11.66	2355.58
	4354.20	0.00	11.68	2358.53
	4354.22	0.00	11.66	2360.59
	4354.23	0.00	11.67	2360.56
	4354.24	0.00	11.67	2361.57
	4354.25	0.00	11.66	2362.60
	4354.26	0.00	11.67	2365.56
	4354.28	0.00	11.71	2366.45
	4354.29	0.00	11.71	2367.46
	4354.30	0.00	11.70	2365.46
	4354.31	0.00	11.68	2364.49
	4354.32	0.00	11.64	2359.58
	4354.33	0.00	11.65	2357.60
	4354.35	0.00	11.65	2361.60
	4354.36	0.00	11.64	2351.57
	4354.37	0.00	11.66	2360.57
	4354.38	0.00	11.66	2360.58
	4354.39	0.00	11.66	2360.55
	4354.41	0.00	11.68	2366.53
	4354.42	0.00	11.67	2365.56
	4354.43	0.00	11.67	2368.57
	4354.44	0.00	11.66	2368.57
	4354.45	0.00	11.66	2364.55
	4354.47	0.00	11.66	2370.59
	4354.48	0.00	11.66	2369.59
	4354.49	0.00	11.67	2371.59
	4354.50	0.00	11.67	2365.53
	4354.51	0.00	11.68	2368.52
	4354.53	0.00	11.69	2367.52
	4354.54	0.00	11.69	2368.52
	4354.55	0.00	11.68	2365.52
	4354.56	0.00	11.68	2362.50
	4354.57	0.00	11.69	2363.51
	4354.58	0.00	11.68	2361.51
	4354.60	0.00	11.68	2361.51
	4354.61	0.00	11.68	2362.51
	4354.62	0.00	11.66	2350.51
	4354.63	0.00	11.68	2362.54
	4354.64	0.00	11.68	2360.57
	4354.66	0.00	11.67	2362.59
	4354.67	0.00	11.67	2361.58
	4354.68	0.00	11.69	2364.56
	4354.69	0.00	11.68	2362.57
	4354.70	0.00	11.68	2365.57
	4354.71	0.00	11.68	2365.58
	4354.73	0.00	11.72	2370.44
	4354.74	0.00	11.72	2370.45
	4354.75	0.00	11.72	2367.46
	4354.76	0.00	11.68	2362.53
	4354.77	0.00	11.66	2361.58
	4354.79	0.00	11.67	2360.59
	4354.80	0.00	11.67	2364.59
	4354.81	0.00	11.67	2358.55
	4354.82	0.00	11.64	2349.56
	4354.83	0.00	11.67	2361.56
	4354.85	0.00	11.67	2361.57
	4354.86	0.00	11.68	2365.54
	4354.87	0.00	11.68	2371.55
	4354.88	0.00	11.67	2369.56
	4354.89	0.00	11.67	2371.57
	4354.91	0.00	11.67	2372.57
	4354.92	0.00	11.66	2371.59
	4354.93	0.00	11.66	2373.59
	4354.94	0.00	11.66	2373.59
	4354.95	0.00	11.67	2372.53
	4354.96	0.00	11.68	2375.52
	4354.98	0.00	11.67	2374.53
	4354.99	0.00	11.67	2374.52
	4355.00	0.00	11.66	2372.53
	4355.01	0.00	11.65	2367.53
	4355.02	0.00	11.64	2365.53
	4355.04	0.00	11.65	2369.53
	4355.05	0.00	11.65	2365.53
	4355.06	0.00	11.65	2370.54
	4355.07	0.00	11.66	2372.53
	4355.08	0.00	11.67	2372.52
	4355.10	0.00	11.64	2369.57
	4355.11	0.00	11.64	2369.59
	4355.12	0.00	11.64	2372.60
	4355.13	0.00	11.65	2371.56
	4355.14	0.00	11.65	2371.58
	4355.15	0.00	11.65	2372.59
	4355.17	0.00	11.65	2373.59
	4355.18	0.00	11.70	2373.46
	4355.19	0.00	11.70	2376.46
	4355.20	0.00	11.69	2371.47
	4355.21	0.00	11.69	2372.47
	4355.23	0.00	11.64	2366.58
	4355.24	0.00	11.64	2365.60
	4355.25	0.00	11.64	2363.61
	4355.26	0.00	11.64	2359.58
	4355.27	0.00	11.65	2365.57
	4355.29	0.00	11.65	2362.58
	4355.30	0.00	11.65	2363.58
	4355.31	0.00	11.66	2363.53
	4355.32	0.00	11.67	2371.56
	4355.33	0.00	11.66	2369.57
	4355.35	0.00	11.66	2370.57
	4355.36	0.00	11.65	2369.59
	4355.37	0.00	11.67	2371.56
	4355.38	0.00	11.65	2362.59
	4355.39	0.00	11.66	2370.59
	4355.40	0.00	11.68	2368.53
	4355.42	0.00	11.68	2371.53
	4355.43	0.00	11.68	2369.52
	4355.44	0.00	11.68	2367.52
	4355.45	0.00	11.67	2359.52
	4355.46	0.00	11.67	2359.53
	4355.48	0.00	11.68	2362.52
	4355.49	0.00	11.66	2355.52
	4355.50	0.00	11.67	2360.52
	4355.51	0.00	11.68	2360.52
	4355.52	0.00	11.68	2360.53
	4355.54	0.00	11.67	2358.57
	4355.55	0.00	11.66	2357.58
	4355.56	0.00	11.66	2359.59
	4355.57	0.00	11.69	2360.54
	4355.58	0.00	11.68	2360.57
	4355.60	0.00	11.68	2359.57
	4355.61	0.00	11.68	2361.58
	4355.62	0.00	11.73	2362.40
	4355.63	0.00	11.72	2361.44
	4355.64	0.00	11.72	2361.44
	4355.65	0.00	11.69	2354.52
	4355.66	0.00	11.66	2352.59
	4355.68	0.00	11.68	2355.59
	4355.69	0.00	11.68	2356.59
	4355.70	0.00	11.69	2356.55
	4355.71	0.00	11.68	2350.55
	4355.72	0.00	11.68	2352.56
	4355.74	0.00	11.69	2353.56
	4355.75	0.00	11.70	2359.53
	4355.76	0.00	11.71	2362.54
	4355.77	0.00	11.71	2363.54
	4355.78	0.00	11.70	2362.55
	4355.80	0.00	11.70	2363.55
	4355.81	0.00	11.69	2362.57
	4355.82	0.00	11.69	2364.58
	4355.83	0.00	11.70	2367.57
	4355.84	0.00	11.71	2364.51
	4355.86	0.00	11.72	2366.51
	4355.87	0.00	11.72	2363.50
	4355.88	0.00	11.71	2365.51
	4355.89	0.00	11.71	2363.51
	4355.90	0.00	11.70	2356.50
	4355.91	0.00	11.71	2356.48
	4355.93	0.00	11.70	2356.50
	4355.94	0.00	11.69	2350.50
	4355.95	0.00	11.71	2356.50
	4355.96	0.00	11.71	2355.50
	4355.97	0.00	11.71	2357.52
	4355.99	0.00	11.71	2356.52
	4356.00	0.00	11.69	2352.56
	4356.01	0.00	11.69	2353.56
	4356.02	0.00	11.69	2355.58
	4356.03	0.00	11.70	2357.55
	4356.05	0.00	11.70	2356.56
	4356.06	0.00	11.70	2358.56
	4356.07	0.00	11.72	2355.47
	4356.08	0.00	11.74	2359.42
	4356.09	0.00	11.75	2362.42
	4356.11	0.00	11.73	2356.43
	4356.12	0.00	11.72	2358.47
	4356.13	0.00	11.67	2352.57
	4356.14	0.00	11.68	2352.542
	4376.81	0.004376.77	0.00	12.41	2150.22
	4376.78	0.00	12.41	2147.22
	4376.79	0.00	12.41	2150.21
	4376.80	0.00	12.40	2148.22
	4376.81	0.004376.77	0.00	12.41	2150.22
	4376.78	0.00	12.41	2147.22
	4376.79	0.00	12.41	2150.21
	4376.80	0.00	12.40	2148.22
	4376.81	0.00	12.38	2137.22
	4376.83	0.00	12.38	2140.22
	4376.84	0.00	12.38	2139.22
	4376.85	0.00	12.37	2143.22
	4376.86	0.00	12.37	2142.22
	4376.87	0.00	12.37	2144.22
	4376.89	0.00	12.36	2141.22
	4376.90	0.00	12.34	2137.22
	4376.91	0.00	12.36	2148.22
	4376.92	0.00	12.36	2149.23
	4376.93	0.00	12.36	2149.23
	4376.94	0.00	12.36	2151.25
	4376.96	0.00	12.34	2150.27
	4376.97	0.00	12.35	2155.23
	4376.98	0.00	12.32	2149.29
	4376.99	0.00	12.33	2156.30
	4377.00	0.00	12.32	2159.30
	4377.02	0.00	12.34	2161.25
	4377.03	0.00	12.32	2158.27
	4377.04	0.00	12.32	2164.29
	4377.05	0.00	12.32	2162.29
	4377.06	0.00	12.33	2165.26
	4377.08	0.00	12.29	2161.30
	4377.09	0.00	12.31	2169.30
	4377.10	0.00	12.38	2170.08
	4377.11	0.00	12.38	2174.10
	4377.12	0.00	12.38	2174.10
	4377.13	0.00	12.38	2170.11
	4377.15	0.00	12.37	2168.12
	4377.16	0.00	12.37	2173.12
	4377.17	0.00	12.37	2161.03
	4377.18	0.00	12.33	2163.17
	4377.19	0.00	12.32	2159.21
	4377.20	0.00	12.32	2158.24
	4377.22	0.00	12.32	2161.24
	4377.23	0.00	12.28	2143.24
	4377.24	0.00	12.29	2150.28
	4377.25	0.00	12.29	2148.26
	4377.27	0.00	12.30	2152.27
	4377.28	0.00	12.33	2151.25
	4377.29	0.00	12.33	2154.27
	4377.30	0.00	12.32	2145.24
	4377.31	0.00	12.35	2157.25
	4377.32	0.00	12.35	2157.27
	4377.33	0.00	12.37	2154.26
	4377.35	0.00	12.36	2153.26
	4377.36	0.00	12.36	2154.27
	4377.37	0.00	12.37	2151.26
	4377.38	0.00	12.38	2156.25
	4377.39	0.00	12.39	2154.25
	4377.41	0.00	12.39	2153.25
	4377.42	0.00	12.39	2155.27
	4377.43	0.00	12.40	2150.22
	4377.44	0.00	12.40	2151.21
	4377.45	0.00	12.42	2152.20
	4377.46	0.00	12.42	2151.21
	4377.48	0.00	12.42	2148.20
	4377.49	0.00	12.43	2149.20
	4377.50	0.00	12.42	2143.21
	4377.51	0.00	12.41	2136.20
	4377.52	0.00	12.42	2131.20
	4377.54	0.00	12.43	2132.20
	4377.55	0.00	12.43	2129.21
	4377.56	0.00	12.43	2130.20
	4377.57	0.00	12.44	2129.20
	4377.58	0.00	12.42	2122.20
	4377.60	0.00	12.44	2128.20
	4377.61	0.00	12.45	2131.19
	4377.62	0.00	12.45	2129.20
	4377.63	0.00	12.46	2128.19
	4377.64	0.00	12.46	2132.20
	4377.65	0.00	12.45	2128.22
	4377.67	0.00	12.44	2129.25
	4377.68	0.00	12.44	2130.24
	4377.69	0.00	12.44	2133.27
	4377.70	0.00	12.45	2130.27
	4377.71	0.00	12.46	2128.23
	4377.72	0.00	12.47	2130.23
	4377.74	0.00	12.46	2127.24
	4377.75	0.00	12.47	2129.25
	4377.76	0.00	12.47	2131.25
	4377.77	0.00	12.47	2134.27
	4377.79	0.00	12.54	2132.07
	4377.80	0.00	12.56	2139.04
	4377.81	0.00	12.56	2138.06
	4377.82	0.00	12.56	2134.07
	4377.83	0.00	12.57	2136.07
	4377.84	0.00	12.58	2138.06
	4377.86	0.00	12.58	2131.07
	4377.87	0.00	12.61	2116.06
	4377.88	0.00	12.58	2112.13
	4377.89	0.00	12.58	2114.15
	4377.90	0.00	12.58	2115.16
	4377.91	0.00	12.59	2108.18
	4377.93	0.00	12.59	2111.18
	4377.94	0.00	12.59	2105.16
	4377.95	0.00	12.57	2097.20
	4377.96	0.00	12.57	2103.23
	4377.97	0.00	12.58	2096.22
	4377.99	0.00	12.60	2104.22
	4378.00	0.00	12.60	2107.22
	4378.01	0.00	12.60	2108.22
	4378.02	0.00	12.59	2104.19
	4378.03	0.00	12.61	2114.20
	4378.04	0.00	12.62	2117.21
	4378.06	0.00	12.61	2118.23
	4378.07	0.00	12.61	2119.22
	4378.08	0.00	12.61	2115.20
	4378.09	0.00	12.62	2122.21
	4378.10	0.00	12.62	2125.21
	4378.12	0.00	12.62	2126.21
	4378.13	0.00	12.62	2123.21
	4378.14	0.00	12.62	2123.21
	4378.15	0.00	12.63	2121.18
	4378.16	0.00	12.63	2123.17
	4378.17	0.00	12.63	2123.17
	4378.19	0.00	12.63	2122.18
	4378.20	0.00	12.65	2123.16
	4378.21	0.00	12.64	2123.17
	4378.22	0.00	12.63	2123.17
	4378.23	0.00	12.60	2111.18
	4378.25	0.00	12.61	2117.17
	4378.26	0.00	12.61	2112.17
	4378.27	0.00	12.60	2110.17
	4378.28	0.00	12.61	2113.18
	4378.29	0.00	12.61	2112.17
	4378.31	0.00	12.61	2111.17
	4378.32	0.00	12.61	2109.16
	4378.33	0.00	12.61	2112.17
	4378.34	0.00	12.62	2115.17
	4378.35	0.00	12.62	2116.16
	4378.36	0.00	12.61	2116.19
	4378.38	0.00	12.61	2114.22
	4378.39	0.00	12.60	2115.22
	4378.40	0.00	12.60	2113.23
	4378.41	0.00	12.60	2116.23
	4378.42	0.00	12.61	2118.24
	4378.43	0.00	12.62	2116.20
	4378.45	0.00	12.61	2116.22
	4378.46	0.00	12.61	2118.23
	4378.47	0.00	12.61	2115.23
	4378.48	0.00	12.64	2109.07
	4378.49	0.00	12.68	2117.01
	4378.51	0.00	12.68	2119.02
	4378.52	0.00	12.69	2115.03
	4378.53	0.00	12.67	2115.05
	4378.54	0.00	12.69	2105.94
	4378.55	0.00	12.63	2106.10
	4378.56	0.00	12.62	2107.15
	4378.58	0.00	12.62	2101.16
	4378.59	0.00	12.62	2103.17
	4378.60	0.00	12.63	2103.14
	4378.61	0.00	12.59	2093.19
	4378.62	0.00	12.59	2097.21
	4378.64	0.00	12.60	2096.21
	4378.65	0.00	12.60	2099.22
	4378.66	0.00	12.61	2102.19
	4378.67	0.00	12.62	2107.21
	4378.68	0.00	12.62	2107.21
	4378.69	0.00	12.62	2107.21
	4378.71	0.00	12.61	2109.21
	4378.72	0.00	12.61	2104.18
	4378.73	0.00	12.62	2110.19
	4378.74	0.00	12.62	2110.20
	4378.75	0.00	12.62	2109.20
	4378.77	0.00	12.64	2109.20
	4378.78	0.00	12.64	2100.16
	4378.79	0.00	12.64	2097.16
	4378.80	0.00	12.66	2102.15
	4378.81	0.00	12.66	2103.15
	4378.83	0.00	12.66	2100.14
	4378.84	0.00	12.66	2101.15
	4378.85	0.00	12.63	2090.15
	4378.86	0.00	12.63	2090.15
	4378.87	0.00	12.66	2087.07
	4378.88	0.00	12.65	2088.14
	4378.90	0.00	12.65	2089.14
	4378.91	0.00	12.64	2085.14
	4378.92	0.00	12.65	2083.14
	4378.93	0.00	12.66	2087.14
	4378.94	0.00	12.66	2088.14
	4378.95	0.00	12.67	2086.14
	4378.97	0.00	12.66	2087.15
	4378.98	0.00	12.66	2085.16
	4378.99	0.00	12.65	2086.19
	4379.00	0.00	12.65	2088.20
	4379.02	0.00	12.65	2092.21
	4379.03	0.00	12.65	2091.22
	4379.04	0.00	12.65	2090.19
	4379.05	0.00	12.65	2091.20
	4379.06	0.00	12.65	2093.21
	4379.07	0.00	12.65	2094.21
	4379.08	0.00	12.64	2093.21
	4379.10	0.00	12.73	2096.99
	4379.11	0.00	12.73	2098.00
	4379.12	0.00	12.72	2091.02
	4379.13	0.00	12.72	2092.02
	4379.14	0.00	12.71	2091.04
	4379.16	0.00	12.72	2081.96
	4379.17	0.00	12.67	2081.09
	4379.18	0.00	12.67	2077.12
	4379.19	0.00	12.66	2080.16
	4379.20	0.00	12.63	2064.14
	4379.21	0.00	12.63	2067.17
	4379.23	0.00	12.64	2074.18
	4379.24	0.00	12.65	2077.19
	4379.25	0.00	12.65	2078.19
	4379.26	0.00	12.65	2078.17
	4379.27	0.00	12.66	2086.17
	4379.29	0.00	12.66	2088.18
	4379.30	0.00	12.66	2088.19
	4379.31	0.00	12.65	2090.19
	4379.32	0.00	12.66	2089.17
	4379.33	0.00	12.66	2094.20
	4379.35	0.00	12.66	2094.19
	4379.36	0.00	12.66	2095.19
	4379.37	0.00	12.67	2096.18
	4379.38	0.00	12.66	2096.19
	4379.39	0.00	12.66	2090.15
	4379.40	0.00	12.67	2096.14
	4379.42	0.00	12.68	2094.14
	4379.43	0.00	12.67	2096.15
	4379.44	0.00	12.68	2096.14
	4379.45	0.00	12.68	2096.14
	4379.46	0.00	12.64	2082.14
	4379.48	0.00	12.65	2085.15
	4379.49	0.00	12.65	2085.15
	4379.50	0.00	12.65	2086.15
	4379.51	0.00	12.64	2082.15
	4379.52	0.00	12.64	2081.15
	4379.54	0.00	12.65	2087.15
	4379.55	0.00	12.64	2090.15
	4379.56	0.00	12.65	2091.11
	4379.57	0.00	12.63	2092.16
	4379.58	0.00	12.63	2092.17
	4379.59	0.00	12.61	2091.21
	4379.61	0.00	12.61	2092.22
	4379.62	0.00	12.61	2092.23
	4379.63	0.00	12.60	2094.24
	4379.64	0.00	12.60	2095.24
	4379.65	0.00	12.63	2094.14
	4379.66	0.00	12.61	2097.22
	4379.68	0.00	12.60	2097.23
	4379.69	0.00	12.60	2100.23
	4379.70	0.00	12.59	2099.26
	4379.71	0.00	12.68	2103.02
	4379.72	0.00	12.67	2103.03
	4379.74	0.00	12.67	2102.04
	4379.75	0.00	12.66	2096.06
	4379.76	0.00	12.66	2101.05
	4379.77	0.00	12.66	2089.00
	4379.78	0.00	12.61	2089.13
	4379.80	0.00	12.60	2084.17
	4379.81	0.00	12.61	2089.18
	4379.82	0.00	12.57	2068.17
	4379.83	0.00	12.57	2078.22
	4379.84	0.00	12.58	2080.21
	4379.85	0.00	12.58	2084.22
	4379.87	0.00	12.59	2086.22
	4379.88	0.00	12.57	2088.24
	4379.89	0.00	12.58	2088.20
	4379.90	0.00	12.59	2096.22
	4379.91	0.00	12.59	2094.22
	4379.93	0.00	12.59	2098.21
	4379.94	0.00	12.59	2096.19
	4379.95	0.00	12.59	2095.19
	4379.96	0.00	12.58	2098.21
	4379.97	0.00	12.58	2102.23
	4379.98	0.00	12.59	2105.22
	4380.00	0.00	12.58	2105.22
	4380.01	0.00	12.58	2108.22
	4380.02	0.00	12.58	2105.20
	4380.03	0.00	12.59	2108.18
	4380.04	0.00	12.59	2106.18
	4380.06	0.00	12.59	2109.18
	4380.07	0.00	12.60	2109.17
	4380.08	0.00	12.57	2116.18
	4380.09	0.00	12.52	2105.18
	4380.10	0.00	12.49	2114.18
	4380.11	0.00	12.49	2116.19
	4380.13	0.00	12.49	2118.18
	4380.14	0.00	12.49	2121.18
	4380.15	0.00	12.48	2121.18
	4380.16	0.00	12.46	2115.19
	4380.17	0.00	12.47	2122.19
	4380.19	0.00	12.48	2126.19
	4380.20	0.00	12.48	2126.18
	4380.21	0.00	12.48	2129.19
	4380.22	0.00	12.49	2128.14
	4380.23	0.00	12.47	2128.21
	4380.25	0.00	12.47	2129.21
	4380.26	0.00	12.46	2129.25
	4380.27	0.00	12.46	2131.26
	4380.28	0.00	12.46	2130.26
	4380.29	0.00	12.47	2132.22
	4380.30	0.00	12.45	2126.24
	4380.32	0.00	12.47	2133.24
	4380.33	0.00	12.47	2136.25
	4380.34	0.00	12.47	2134.24
	4380.35	0.00	12.47	2135.25
	4380.36	0.00	12.55	2136.03
	4380.38	0.00	12.55	2134.04
	4380.39	0.00	12.55	2129.03
	4380.40	0.00	12.55	2130.06
	4380.41	0.00	12.56	2117.98
	4380.42	0.00	12.55	2118.01
	4380.43	0.00	12.53	2116.07
	4380.45	0.00	12.51	2115.15
	4380.46	0.00	12.53	2109.17
	4380.47	0.00	12.53	2110.17
	4380.48	0.00	12.52	2086.18
	4380.49	0.00	12.51	2083.19
	4380.51	0.00	12.53	2090.19
	4380.52	0.00	12.54	2096.20
	4380.53	0.00	12.56	2097.21
	4380.54	0.00	12.55	2098.21
	4380.55	0.00	12.54	2100.22
	4380.56	0.00	12.57	2098.19
	4380.58	0.00	12.58	2104.20
	4380.59	0.00	12.59	2105.21
	4380.60	0.00	12.58	2106.21
	4380.61	0.00	12.59	2106.18
	4380.62	0.00	12.60	2102.21
	4380.64	0.00	12.59	2103.20
	4380.65	0.00	12.59	2108.20
	4380.66	0.00	12.60	2108.20
	4380.67	0.00	12.60	2111.20
	4380.68	0.00	12.60	2110.19
	4380.69	0.00	12.60	2105.17
	4380.71	0.00	12.61	2106.16
	4380.72	0.00	12.61	2111.16
	4380.73	0.00	12.61	2107.16
	4380.74	0.00	12.61	2107.16
	4380.75	0.00	12.61	2106.16
	4380.77	0.00	12.59	2092.15
	4380.78	0.00	12.58	2096.16
	4380.79	0.00	12.61	2096.10
	4380.80	0.00	12.59	2096.15
	4380.81	0.00	12.59	2096.15
	4380.83	0.00	12.60	2096.15
	4380.84	0.00	12.60	2087.10
	4380.85	0.00	12.60	2093.15
	4380.86	0.00	12.61	2095.15
	4380.87	0.00	12.61	2095.15
	4380.88	0.00	12.61	2095.16
	4380.90	0.00	12.61	2095.14
	4380.91	0.00	12.60	2095.17
	4380.92	0.00	12.59	2095.20
	4380.93	0.00	12.60	2095.18
	4380.94	0.00	12.59	2098.22
	4380.95	0.00	12.58	2096.22
	4380.97	0.00	12.60	2097.18
	4380.98	0.00	12.59	2098.21
	4380.99	0.00	12.60	2097.19
	4381.00	0.00	12.60	2098.20
	4381.01	0.00	12.60	2099.21
	4381.03	0.00	12.60	2102.21
	4381.04	0.00	12.66	2102.02
	4381.05	0.00	12.67	2103.01
	4381.06	0.00	12.66	2098.02
	4381.07	0.00	12.65	2097.04
	4381.08	0.00	12.67	2096.97
	4381.10	0.00	12.66	2088.97
	4381.11	0.00	12.61	2089.08
	4381.12	0.00	12.59	2089.14
	4381.13	0.00	12.60	2087.16
	4381.14	0.00	12.61	2088.13
	4381.16	0.00	12.55	2074.19
	4381.17	0.00	12.57	2082.19
	4381.18	0.00	12.59	2081.20
	4381.19	0.00	12.59	2086.20
	4381.20	0.00	12.58	2086.22
	4381.21	0.00	12.57	2076.17
	4381.23	0.00	12.59	2093.19
	4381.24	0.00	12.60	2096.20
	4381.25	0.00	12.59	2095.21
	4381.26	0.00	12.59	2098.21
	4381.27	0.00	12.59	2095.18
	4381.29	0.00	12.59	2099.20
	4381.30	0.00	12.60	2101.20
	4381.31	0.00	12.60	2102.20
	4381.32	0.00	12.59	2102.20
	4381.33	0.00	12.59	2104.20
	4381.35	0.00	12.60	2104.18
	4381.36	0.00	12.59	2100.17
	4381.37	0.00	12.60	2101.16
	4381.38	0.00	12.60	2105.16
	4381.39	0.00	12.62	2102.13
	4381.40	0.00	12.60	2105.16
	4381.42	0.00	12.58	2095.16
	4381.43	0.00	12.57	2091.16
	4381.44	0.00	12.57	2093.16
	4381.45	0.00	12.58	2092.16
	4381.46	0.00	12.58	2094.16
	4381.47	0.00	12.57	2091.17
	4381.49	0.00	12.57	2087.16
	4381.50	0.00	12.58	2092.16
	4381.51	0.00	12.58	2094.16
	4381.52	0.00	12.59	2094.16
	4381.54	0.00	12.59	2095.15
	4381.55	0.00	12.57	2096.20
	4381.56	0.00	12.56	2095.22
	4381.57	0.00	12.56	2096.23
	4381.58	0.00	12.56	2099.23
	4381.59	0.00	12.55	2099.24
	4381.60	0.00	12.57	2100.20
	4381.62	0.00	12.57	2099.21
	4381.63	0.00	12.57	2102.22
	4381.64	0.00	12.57	2103.22
	4381.65	0.00	12.56	2103.24
	4381.66	0.00	12.56	2104.23
	4381.68	0.00	12.64	2104.01
	4381.69	0.00	12.64	2105.02
	4381.70	0.00	12.65	2101.99
	4381.71	0.00	12.63	2102.03
	4381.72	0.00	12.62	2102.04
	4381.73	0.00	12.63	2091.97
	4381.75	0.00	12.58	2093.09
	4381.76	0.00	12.58	2094.09
	4381.77	0.00	12.56	2093.13
	4381.78	0.00	12.56	2089.16
	4381.79	0.00	12.55	2087.17
	4381.81	0.00	12.57	2092.15
	4381.82	0.00	12.53	2076.18
	4381.83	0.00	12.53	2085.22
	4381.84	0.00	12.55	2084.21
	4381.85	0.00	12.55	2086.21
	4381.87	0.00	12.55	2090.21
	4381.88	0.00	12.54	2090.23
	4381.89	0.00	12.54	2086.19
	4381.90	0.00	12.56	2096.20
	4381.91	0.00	12.56	2098.21
	4381.92	0.00	12.55	2099.23
	4381.94	0.00	12.56	2104.21
	4381.95	0.00	12.55	2099.19
	4381.96	0.00	12.56	2106.20
	4381.97	0.00	12.56	2108.20
	4381.98	0.00	12.56	2108.20
	4382.00	0.00	12.56	2107.20
	4382.01	0.00	12.55	2109.20
	4382.02	0.00	12.56	2112.21
	4382.03	0.00	12.56	2107.17
	4382.04	0.00	12.56	2107.17
	4382.06	0.00	12.57	2110.16
	4382.07	0.00	12.57	2110.16
	4382.08	0.00	12.56	2109.16
	4382.09	0.00	12.56	2111.16
	4382.10	0.00	12.53	2102.16
	4382.11	0.00	12.53	2103.16
	4382.13	0.00	12.53	2103.16
	4382.14	0.00	12.53	2103.16
	4382.15	0.00	12.53	2104.16
	4382.16	0.00	12.53	2103.16
	4382.17	0.00	12.51	2097.16
	4382.18	0.00	12.54	2102.13
	4382.20	0.00	12.53	2102.16
	4382.21	0.00	12.54	2106.16
	4382.22	0.00	12.54	2105.15
	4382.23	0.00	12.56	2106.10
	4382.24	0.00	12.55	2104.17
	4382.26	0.00	12.53	2105.20
	4382.27	0.00	12.53	2108.22
	4382.28	0.00	12.53	2107.22
	4382.29	0.00	12.53	2106.23
	4382.30	0.00	12.54	2109.19
	4382.31	0.00	12.54	2111.20
	4382.33	0.00	12.53	2111.22
	4382.34	0.00	12.53	2110.21
	4382.35	0.00	12.54	2109.21
	4382.36	0.00	12.54	2109.22
	4382.37	0.00	12.53	2110.22
	4382.39	0.00	12.61	2111.00
	4382.40	0.00	12.61	2113.01
	4382.41	0.00	12.61	2114.04
	4382.42	0.00	12.61	2109.03
	4382.43	0.00	12.60	2110.03
	4382.44	0.00	12.60	2110.03
	4382.46	0.00	12.59	2110.05
	4382.47	0.00	12.59	2101.00
	4382.48	0.00	12.55	2102.10
	4382.49	0.00	12.54	2099.14
	4382.50	0.00	12.56	2096.11
	4382.52	0.00	12.54	2098.16
	4382.53	0.00	12.54	2101.17
	4382.54	0.00	12.54	2093.14
	4382.55	0.00	12.51	2087.18
	4382.56	0.00	12.51	2096.19
	4382.58	0.00	12.51	2097.20
	4382.59	0.00	12.52	2105.20
	4382.60	0.00	12.49	2105.23
	4382.61	0.00	12.51	2106.18
	4382.62	0.00	12.51	2113.19
	4382.63	0.00	12.51	2114.19
	4382.65	0.00	12.51	2117.20
	4382.66	0.00	12.50	2118.20
	4382.67	0.00	12.49	2119.21
	4382.68	0.00	12.50	2116.18
	4382.69	0.00	12.50	2123.21
	4382.70	0.00	12.51	2126.20
	4382.72	0.00	12.51	2126.20
	4382.73	0.00	12.51	2129.20
	4382.74	0.00	12.50	2128.20
	4382.75	0.00	12.51	2124.17
	4382.77	0.00	12.51	2128.16
	4382.78	0.00	12.51	2129.16
	4382.79	0.00	12.51	2128.16
	4382.80	0.00	12.51	2128.16
	4382.81	0.00	12.51	2128.16
	4382.82	0.00	12.48	2116.16
	4382.83	0.00	12.48	2116.16
	4382.85	0.00	12.48	2118.16
	4382.86	0.00	12.48	2117.16
	4382.87	0.00	12.48	2119.16
	4382.88	0.00	12.49	2119.16
	4382.89	0.00	12.47	2110.16
	4382.91	0.00	12.48	2119.16
	4382.92	0.00	12.49	2121.16
	4382.93	0.00	12.49	2124.16
	4382.94	0.00	12.49	2121.16
	4382.95	0.00	12.50	2122.11
	4382.96	0.00	12.48	2121.17
	4382.98	0.00	12.48	2124.21
	4382.99	0.00	12.46	2124.23
	4383.00	0.00	12.47	2126.23
	4383.01	0.00	12.46	2126.23
	4383.02	0.00	12.46	2127.23
	4383.04	0.00	12.47	2129.19
	4383.05	0.00	12.46	2130.21
	4383.06	0.00	12.47	2131.20
	4383.07	0.00	12.46	2135.23
	4383.08	0.00	12.45	2135.23
	4383.10	0.00	12.48	2130.13
	4383.11	0.00	12.49	2130.09
	4383.12	0.00	12.53	2136.01
	4383.13	0.00	12.52	2140.02
	4383.14	0.00	12.51	2138.04
	4383.15	0.00	12.51	2134.04
	4383.17	0.00	12.51	2139.04
	4383.18	0.00	12.50	2127.98
	4383.19	0.00	12.47	2126.07
	4383.20	0.00	12.45	2129.13
	4383.21	0.00	12.44	2126.15
	4383.22	0.00	12.44	2125.17
	4383.24	0.00	12.44	2127.18
	4383.25	0.00	12.39	2100.18
	4383.26	0.00	12.41	2117.20
	4383.27	0.00	12.42	2121.20
	4383.29	0.00	12.42	2122.22
	4383.30	0.00	12.43	2122.21
	4383.31	0.00	12.43	2124.21
	4383.32	0.00	12.43	2126.21
	4383.33	0.00	12.43	2122.19
	4383.34	0.00	12.45	2135.20
	4383.35	0.00	12.44	2132.21
	4383.37	0.00	12.45	2136.21
	4383.38	0.00	12.45	2137.20
	4383.39	0.00	12.44	2132.18
	4383.40	0.00	12.44	2133.18
	4383.41	0.00	12.45	2140.20
	4383.43	0.00	12.46	2143.18
	4383.44	0.00	12.45	2143.21
	4383.45	0.00	12.45	2143.21
	4383.46	0.00	12.44	2141.19
	4383.47	0.00	12.44	2141.19
	4383.48	0.00	12.46	2140.17
	4383.50	0.00	12.45	2143.17
	4383.51	0.00	12.46	2142.16
	4383.52	0.00	12.46	2144.16
	4383.53	0.00	12.46	2146.16
	4383.54	0.00	12.43	2132.16
	4383.56	0.00	12.43	2134.16
	4383.57	0.00	12.43	2133.17
	4383.58	0.00	12.43	2132.16
	4383.59	0.00	12.44	2133.16
	4383.60	0.00	12.44	2133.16
	4383.62	0.00	12.45	2134.13
	4383.63	0.00	12.43	2127.16
	4383.64	0.00	12.44	2135.16
	4383.65	0.00	12.45	2136.15
	4383.66	0.00	12.45	2137.16
	4383.67	0.00	12.45	2135.15
	4383.69	0.00	12.47	2136.10
	4383.70	0.00	12.44	2135.19
	4383.71	0.00	12.44	2137.21
	4383.72	0.00	12.44	2136.22
	4383.73	0.00	12.44	2138.23
	4383.75	0.00	12.44	2142.24
	4383.76	0.00	12.45	2138.19
	4383.77	0.00	12.45	2137.19
	4383.78	0.00	12.45	2138.20
	4383.79	0.00	12.44	2140.22
	4383.80	0.00	12.45	2141.21
	4383.82	0.00	12.44	2139.22
	4383.83	0.00	12.44	2142.22
	4383.84	0.00	12.53	2143.99
	4383.85	0.00	12.52	2145.01
	4383.86	0.00	12.51	2141.02
	4383.88	0.00	12.51	2137.03
	4383.89	0.00	12.51	2139.03
	4383.90	0.00	12.53	2131.94
	4383.91	0.00	12.48	2127.08
	4383.92	0.00	12.46	2125.14
	4383.93	0.00	12.47	2123.15
	4383.95	0.00	12.47	2125.16
	4383.96	0.00	12.47	2125.16
	4383.97	0.00	12.45	2108.15
	4383.98	0.00	12.45	2112.17
	4383.99	0.00	12.44	2114.19
	4384.01	0.00	12.47	2116.20
	4384.02	0.00	12.46	2118.20
	4384.03	0.00	12.46	2113.17
	4384.04	0.00	12.48	2122.18
	4384.05	0.00	12.48	2127.19
	4384.06	0.00	12.49	2126.18
	4384.08	0.00	12.49	2127.19
	4384.09	0.00	12.48	2126.20
	4384.10	0.00	12.49	2127.16
	4384.11	0.00	12.48	2132.19
	4384.12	0.00	12.50	2131.19
	4384.14	0.00	12.50	2131.19
	4384.15	0.00	12.50	2131.19
	4384.16	0.00	12.51	2132.15
	4384.17	0.00	12.50	2128.16
	4384.18	0.00	12.51	2130.15
	4384.19	0.00	12.51	2130.15
	4384.21	0.00	12.51	2129.15
	4384.22	0.00	12.52	2130.14
	4384.23	0.00	12.49	2118.14
	4384.24	0.00	12.49	2116.14
	4384.25	0.00	12.51	2117.08
	4384.27	0.00	12.50	2118.14
	4384.28	0.00	12.50	2116.14
	4384.29	0.00	12.50	2116.14
	4384.30	0.00	12.49	2114.15
	4384.31	0.00	12.49	2112.14
	4384.33	0.00	12.50	2116.14
	4384.34	0.00	12.51	2116.14
	4384.35	0.00	12.51	2117.14
	4384.36	0.00	12.51	2118.14
	4384.37	0.00	12.50	2115.16
	4384.38	0.00	12.49	2117.21
	4384.40	0.00	12.49	2114.20
	4384.41	0.00	12.49	2119.21
	4384.42	0.00	12.49	2119.21
	4384.43	0.00	12.52	2120.15
	4384.44	0.00	12.51	2121.18
	4384.45	0.00	12.50	2120.19
	4384.47	0.00	12.50	2121.20
	4384.48	0.00	12.49	2120.21
	4384.49	0.00	12.50	2123.21
	4384.50	0.00	12.56	2121.01
	4384.52	0.00	12.58	2123.99
	4384.53	0.00	12.57	2125.02
	4384.54	0.00	12.57	2123.01
	4384.55	0.00	12.56	2121.02
	4384.56	0.00	12.57	2119.99
	4384.57	0.00	12.52	2112.07
	4384.58	0.00	12.50	2112.12
	4384.60	0.00	12.51	2107.14
	4384.61	0.00	12.51	2109.15
	4384.62	0.00	12.49	2093.13
	4384.63	0.00	12.48	2096.17
	4384.64	0.00	12.50	2099.17
	4384.66	0.00	12.51	2099.18
	4384.67	0.00	12.51	2102.19
	4384.68	0.00	12.51	2105.19
	4384.69	0.00	12.51	2104.16
	4384.70	0.00	12.51	2112.20
	4384.71	0.00	12.53	2110.18
	4384.73	0.00	12.51	2113.19
	4384.74	0.00	12.52	2109.15
	4384.75	0.00	12.51	2110.17
	4384.76	0.00	12.52	2113.17
	4384.77	0.00	12.52	2117.18
	4384.79	0.00	12.53	2116.18
	4384.80	0.00	12.52	2118.20
	4384.81	0.00	12.53	2118.18
	4384.82	0.00	12.53	2118.17
	4384.83	0.00	12.53	2113.15
	4384.85	0.00	12.53	2116.16
	4384.86	0.00	12.53	2110.14
	4384.87	0.00	12.54	2118.13
	4384.88	0.00	12.54	2118.13
	4384.89	0.00	12.52	2107.12
	4384.90	0.00	12.52	2109.13
	4384.92	0.00	12.52	2106.14
	4384.93	0.00	12.52	2108.13
	4384.94	0.00	12.52	2110.10
	4384.95	0.00	12.50	2109.14
	4384.96	0.00	12.51	2112.14
	4384.97	0.00	12.49	2107.14
	4384.99	0.00	12.50	2112.14
	4385.00	0.00	12.51	2113.14
	4385.01	0.00	12.51	2114.14
	4385.02	0.00	12.51	2116.15
	4385.04	0.00	12.53	2116.10
	4385.05	0.00	12.50	2115.18
	4385.06	0.00	12.49	2116.20
	4385.07	0.00	12.50	2118.17
	4385.08	0.00	12.49	2119.21
	4385.09	0.00	12.49	2118.18
	4385.10	0.00	12.50	2119.17
	4385.12	0.00	12.50	2119.17
	4385.13	0.00	12.49	2121.20
	4385.14	0.00	12.49	2122.20
	4385.15	0.00	12.48	2124.21
	4385.16	0.00	12.56	2124.00
	4385.18	0.00	12.56	2129.00
	4385.19	0.00	12.55	2123.02
	4385.20	0.00	12.54	2125.02
	4385.21	0.00	12.53	2114.96
	4385.22	0.00	12.52	2116.01
	4385.23	0.00	12.50	2118.06
	4385.25	1.00	12.47	2117.12
	4385.26	1.00	12.48	2113.15
	4385.27	1.00	12.48	2117.16
	4385.28	1.00	12.46	2100.13
	4385.29	1.00	12.43	2097.16
	4385.31	1.00	12.45	2108.18
	4385.32	1.00	12.46	2109.19
	4385.33	1.00	12.46	2110.19
	4385.34	1.00	12.45	2115.21
	4385.35	1.00	12.46	2115.17
	4385.37	1.00	12.47	2124.19
	4385.38	1.00	12.48	2124.19
	4385.39	1.00	12.47	2124.19
	4385.40	1.00	12.47	2127.19
	4385.41	1.00	12.46	2127.20
	4385.42	1.00	12.46	2122.17
	4385.44	0.00	12.47	2133.19
	4385.45	0.00	12.47	2134.19
	4385.46	0.00	12.47	2132.19
	4385.47	0.00	12.47	2135.19
	4385.48	0.00	12.48	2131.14
	4385.50	0.00	12.48	2132.15
	4385.51	0.00	12.47	2132.15
	4385.52	0.00	12.48	2134.15
	4385.53	0.00	12.48	2135.15
	4385.54	0.00	12.48	2135.15
	4385.56	0.00	12.47	2129.14
	4385.57	0.00	12.46	2122.14
	4385.58	0.00	12.45	2123.15
	4385.59	0.00	12.46	2123.15
	4385.60	0.00	12.46	2122.14
	4385.61	0.00	12.46	2121.15
	4385.63	0.00	12.46	2121.14
	4385.64	0.00	12.45	2120.14
	4385.65	0.00	12.46	2124.14
	4385.66	0.00	12.46	2125.15
	4385.67	0.00	12.47	2127.14
	4385.69	0.00	12.46	2128.14
	4385.70	0.00	12.45	2129.16
	4385.71	0.00	12.45	2130.18
	4385.72	0.00	12.44	2130.21
	4385.73	0.00	12.44	2132.21
	4385.74	0.00	12.44	2132.22
	4385.76	0.00	12.45	2133.18
	4385.77	0.00	12.44	2127.19
	4385.78	0.00	12.45	2135.20
	4385.79	0.00	12.45	2134.20
	4385.80	0.00	12.45	2136.21
	4385.82	0.00	12.44	2138.21
	4385.83	0.00	12.51	2137.00
	4385.84	0.00	12.52	2140.00
	4385.85	0.00	12.51	2141.02
	4385.86	0.00	12.50	2134.02
	4385.87	0.00	12.50	2137.02
	4385.89	0.00	12.50	2138.03
	4385.90	0.00	12.49	2128.98
	4385.91	0.00	12.45	2128.10
	4385.92	0.00	12.44	2124.14
	4385.93	0.00	12.44	2126.16
	4385.95	0.00	12.43	2128.17
	4385.96	0.00	12.40	2112.15
	4385.97	0.00	12.40	2116.18
	4385.98	0.00	12.40	2120.18
	4385.99	0.00	12.40	2124.21
	4386.01	0.00	12.42	2124.20
	4386.02	0.00	12.41	2129.21
	4386.03	0.00	12.40	2118.17
	4386.04	0.00	12.42	2136.19
	4386.05	0.00	12.43	2138.20
	4386.06	0.00	12.43	2138.20
	4386.08	0.00	12.43	2137.18
	4386.09	0.00	12.42	2141.21
	4386.10	0.00	12.41	2142.21
	4386.11	0.00	12.41	2143.19
	4386.12	0.00	12.41	2146.21
	4386.14	0.00	12.41	2148.21
	4386.15	0.00	12.41	2148.21
	4386.16	0.00	12.41	2149.21
	4386.17	0.00	12.41	2147.18
	4386.18	0.00	12.41	2144.17
	4386.19	0.00	12.41	2148.17
	4386.21	0.00	12.42	2150.16
	4386.22	0.00	12.42	2150.16
	4386.23	0.00	12.43	2148.16
	4386.24	0.00	12.40	2138.16
	4386.25	0.00	12.39	2136.16
	4386.27	0.00	12.38	2136.17
	4386.28	0.00	12.39	2139.16
	4386.29	0.00	12.39	2139.16
	4386.30	0.00	12.40	2139.16
	4386.31	0.00	12.39	2140.16
	4386.33	0.00	12.39	2136.16
	4386.34	0.00	12.39	2140.16
	4386.35	0.00	12.40	2142.16
	4386.36	0.00	12.39	2144.16
	4386.37	0.00	12.40	2145.16
	4386.38	0.00	12.40	2143.14
	4386.40	0.00	12.39	2142.17
	4386.41	0.00	12.37	2144.22
	4386.42	0.00	12.37	2144.23
	4386.43	0.00	12.37	2147.24
	4386.44	0.00	12.36	2147.26
	4386.45	0.00	12.37	2147.20
	4386.47	0.00	12.37	2148.20
	4386.48	0.00	12.37	2149.22
	4386.49	0.00	12.37	2150.22
	4386.50	0.00	12.36	2152.23
	4386.51	0.00	12.36	2153.23
	4386.53	0.00	12.44	2154.02
	4386.54	0.00	12.43	2156.03
	4386.55	0.00	12.44	2156.03
	4386.56	0.00	12.44	2158.03
	4386.57	0.00	12.43	2152.04
	4386.58	0.00	12.42	2153.05
	4386.60	0.00	12.42	2154.05
	4386.61	0.00	12.40	2143.04
	4386.62	0.00	12.37	2145.13
	4386.63	0.00	12.36	2139.16
	4386.64	0.00	12.37	2138.16
	4386.66	0.00	12.36	2141.18
	4386.67	0.00	12.37	2144.18
	4386.68	0.00	12.33	2128.18
	4386.69	0.00	12.34	2136.21
	4386.70	0.00	12.36	2136.21
	4386.71	0.00	12.36	2139.22
	4386.73	0.00	12.36	2142.22
	4386.74	0.00	12.36	2142.22
	4386.75	0.00	12.35	2136.19
	4386.76	0.00	12.36	2147.22
	4386.77	0.00	12.37	2150.21
	4386.79	0.00	12.37	2152.21
	4386.80	0.00	12.36	2153.22
	4386.81	0.00	12.37	2152.19
	4386.82	0.00	12.37	2159.21
	4386.83	0.00	12.37	2160.21
	4386.85	0.00	12.38	2158.21
	4386.86	0.00	12.37	2161.22
	4386.87	0.00	12.37	2157.21
	4386.88	0.00	12.38	2157.17
	4386.89	0.00	12.38	2159.17
	4386.90	0.00	12.38	2157.18
	4386.92	0.00	12.39	2159.17
	4386.93	0.00	12.39	2157.16
	4386.94	0.00	12.39	2158.16
	4386.95	0.00	12.35	2147.18
	4386.96	0.00	12.36	2147.16
	4386.97	0.00	12.37	2147.16
	4386.99	0.00	12.37	2147.16
	4387.00	0.00	12.37	2148.17
	4387.01	0.00	12.35	2141.16
	4387.02	0.00	12.37	2147.16
	4387.04	0.00	12.37	2146.16
	4387.05	0.00	12.37	2148.16
	4387.06	0.00	12.38	2148.16
	4387.07	0.00	12.37	2149.18
	4387.08	0.00	12.37	2150.20
	4387.09	0.00	12.36	2149.22
	4387.10	0.00	12.36	2150.23
	4387.12	0.00	12.36	2150.23
	4387.13	0.00	12.37	2151.22
	4387.14	0.00	12.38	2153.20
	4387.15	0.00	12.37	2151.20
	4387.16	0.00	12.37	2153.21
	4387.18	0.00	12.37	2153.22
	4387.19	0.00	12.38	2155.23
	4387.20	0.00	12.44	2152.02
	4387.21	0.00	12.45	2155.01
	4387.22	0.00	12.45	2156.02
	4387.23	0.00	12.45	2157.02
	4387.25	0.00	12.44	2150.03
	4387.26	0.00	12.44	2150.04
	4387.27	0.00	12.43	2150.05
	4387.28	0.00	12.42	2140.02
	4387.29	0.00	12.39	2140.12
	4387.31	0.00	12.38	2134.15
	4387.32	0.00	12.39	2136.16
	4387.33	0.00	12.39	2138.16
	4387.34	0.00	12.39	2140.17
	4387.35	0.00	12.34	2120.18
	4387.37	0.00	12.36	2130.19
	4387.38	0.00	12.37	2131.20
	4387.39	0.00	12.39	2131.20
	4387.40	0.00	12.39	2134.19
	4387.41	0.00	12.38	2137.21
	4387.42	0.00	12.38	2131.18
	4387.44	0.00	12.40	2141.19
	4387.45	0.00	12.40	2140.20
	4387.46	0.00	12.40	2142.20
	4387.47	0.00	12.40	2143.20
	4387.48	0.00	12.40	2142.19
	4387.50	0.00	12.40	2149.21
	4387.51	0.00	12.41	2149.20
	4387.52	0.00	12.41	2147.20
	4387.53	0.00	12.41	2147.20
	4387.54	0.00	12.40	2148.22
	4387.56	0.00	12.41	2144.16
	4387.57	0.00	12.42	2146.16
	4387.58	0.00	12.43	2147.15
	4387.59	0.00	12.42	2146.15
	4387.60	0.00	12.43	2146.15
	4387.61	0.00	12.43	2146.15
	4387.63	0.00	12.42	2135.14
	4387.64	0.00	12.41	2132.15
	4387.65	0.00	12.41	2132.15
	4387.66	0.00	12.42	2133.15
	4387.67	0.00	12.42	2131.16
	4387.68	0.00	12.41	2125.15
	4387.70	0.00	12.42	2129.15
	4387.71	0.00	12.43	2133.14
	4387.72	0.00	12.43	2133.14
	4387.73	0.00	12.44	2130.14
	4387.74	0.00	12.44	2133.11
	4387.76	0.00	12.42	2132.19
	4387.77	0.00	12.42	2134.19
	4387.78	0.00	12.42	2135.20
	4387.79	0.00	12.41	2133.21
	4387.80	0.00	12.42	2135.21
	4387.82	0.00	12.41	2135.22
	4387.83	0.00	12.42	2136.18
	4387.84	0.00	12.42	2136.19
	4387.85	0.00	12.42	2138.20
	4387.86	0.00	12.42	2138.21
	4387.87	0.00	12.41	2138.21
	4387.89	0.00	12.41	2138.22
	4387.90	0.00	12.41	2139.22
	4387.91	0.00	12.49	2139.00
	4387.92	0.00	12.48	2142.01
	4387.93	0.00	12.48	2139.02
	4387.95	0.00	12.47	2137.04
	4387.96	0.00	12.47	2137.03
	4387.97	0.00	12.46	2128.01
	4387.98	0.00	12.44	2126.04
	4387.99	0.00	12.42	2126.11
	4388.00	0.00	12.42	2128.13
	4388.02	0.00	12.42	2124.15
	4388.03	0.00	12.42	2127.16
	4388.04	0.00	12.37	2108.18
	4388.05	0.00	12.39	2117.18
	4388.06	0.00	12.40	2121.19
	4388.08	0.00	12.41	2119.20
	4388.09	0.00	12.40	2122.21
	4388.10	0.00	12.40	2124.21
	4388.11	0.00	12.40	2127.19
	4388.12	0.00	12.40	2130.19
	4388.13	0.00	12.41	2139.20
	4388.15	0.00	12.41	2137.20
	4388.16	0.00	12.40	2138.20
	4388.17	0.00	12.41	2139.20
	4388.18	0.00	12.40	2140.21
	4388.19	0.00	12.39	2135.18
	4388.21	0.00	12.40	2145.20
	4388.22	0.00	12.40	2145.20
	4388.23	0.00	12.41	2145.20
	4388.24	0.00	12.41	2147.20
	4388.25	0.00	12.41	2146.20
	4388.27	0.00	12.41	2142.16
	4388.28	0.00	12.41	2143.16
	4388.29	0.00	12.42	2146.16
	4388.30	0.00	12.42	2144.16
	4388.31	0.00	12.41	2144.16
	4388.32	0.00	12.42	2147.16
	4388.34	0.00	12.38	2132.16
	4388.35	0.00	12.39	2134.16
	4388.36	0.00	12.41	2133.10
	4388.37	0.00	12.40	2136.16
	4388.38	0.00	12.40	2135.15
	4388.40	0.00	12.39	2134.16
	4388.41	0.00	12.38	2129.16
	4388.42	0.00	12.39	2133.15
	4388.43	0.00	12.40	2136.15
	4388.44	0.00	12.41	2138.15
	4388.45	0.00	12.40	2137.15
	4388.47	0.00	12.40	2137.15
	4388.48	0.00	12.39	2137.20
	4388.49	0.00	12.40	2139.18
	4388.50	0.00	12.39	2140.22
	4388.51	0.00	12.39	2140.23
	4388.53	0.00	12.40	2139.19
	4388.54	0.00	12.41	2141.18
	4388.55	0.00	12.40	2144.20
	4388.56	0.00	12.39	2140.21
	4388.57	0.00	12.39	2141.21
	4388.58	0.00	12.40	2145.19
	4388.60	0.00	12.39	2145.22
	4388.61	0.00	12.46	2145.00
	4388.62	0.00	12.47	2148.01
	4388.63	0.00	12.46	2149.03
	4388.64	0.00	12.46	2149.02
	4388.66	0.00	12.45	2141.03
	4388.67	0.00	12.45	2144.03
	4388.68	0.00	12.47	2141.96
	4388.69	0.00	12.42	2133.06
	4388.70	0.00	12.38	2135.14
	4388.71	0.00	12.40	2133.16
	4388.73	0.00	12.40	2133.16
	4388.74	0.00	12.39	2135.17
	4388.75	0.00	12.37	2117.15
	4388.76	0.00	12.36	2123.20
	4388.77	0.00	12.36	2130.20
	4388.79	0.00	12.38	2130.20
	4388.80	0.00	12.37	2134.21
	4388.81	0.00	12.35	2126.20
	4388.82	0.00	12.38	2142.19
	4388.83	0.00	12.38	2143.20
	4388.85	0.00	12.37	2147.20
	4388.86	0.00	12.37	2147.22
	4388.87	0.00	12.36	2147.22
	4388.88	0.00	12.35	2152.22
	4388.89	0.00	12.35	2152.21
	4388.90	0.00	12.35	2157.23
	4388.92	0.00	12.34	2151.22
	4388.93	0.00	12.35	2160.22
	4388.94	0.00	12.35	2161.22
	4388.95	0.00	12.35	2161.23
	4388.96	0.00	12.35	2159.19
	4388.97	0.00	12.36	2162.18
	4388.99	0.00	12.36	2160.18
	4389.00	0.00	12.34	2161.20
	4389.01	0.00	12.35	2164.18
	4389.02	0.00	12.32	2152.18
	4389.04	0.00	12.32	2152.18
	4389.05	0.00	12.32	2154.18
	4389.06	0.00	12.31	2154.19
	4389.07	0.00	12.30	2153.19
	4389.08	0.00	12.30	2158.19
	4389.09	0.00	12.28	2154.19
	4389.10	0.00	12.28	2157.20
	4389.12	0.00	12.28	2161.20
	4389.13	0.00	12.28	2164.21
	4389.14	0.00	12.25	2159.21
	4389.15	0.00	12.26	2171.21
	4389.16	0.00	12.23	2175.24
	4389.18	0.00	12.21	2181.29
	4389.19	0.00	12.20	2184.29
	4389.20	0.00	12.19	2190.30
	4389.21	0.00	12.18	2193.30
	4389.22	0.00	12.18	2197.32
	4389.23	0.00	12.19	2198.28
	4389.25	0.00	12.17	2200.30
	4389.26	0.00	12.17	2204.31
	4389.27	0.00	12.16	2204.33
	4389.28	0.00	12.16	2208.33
	4389.29	0.00	12.22	2207.11
	4389.31	0.00	12.24	2211.06
	4389.32	0.00	12.22	2210.14
	4389.33	0.00	12.20	2209.15
	4389.34	0.00	12.19	2211.16
	4389.35	0.00	12.17	2200.13
	4389.37	0.00	12.13	2202.25
	4389.38	0.00	12.13	2198.28
	4389.39	0.00	12.13	2201.29
	4389.40	0.00	12.08	2183.32
	4389.41	0.00	12.10	2191.32
	4389.42	0.00	12.11	2186.33
	4389.44	0.00	12.10	2183.33
	4389.45	0.00	12.09	2183.35
	4389.46	0.00	12.09	2177.30
	4389.47	0.00	12.10	2185.32
	4389.48	0.00	12.10	2181.33
	4389.50	0.00	12.08	2181.33
	4389.51	0.00	12.09	2177.30
	4389.52	0.00	12.09	2180.32
	4389.53	0.00	12.09	2178.33
	4389.54	0.00	12.09	2175.33
	4389.56	0.00	12.09	2171.33
	4389.57	0.00	12.08	2170.33
	4389.58	0.00	12.09	2165.34
	4389.59	0.00	12.10	2151.28
	4389.60	0.00	12.12	2146.27
	4389.61	0.00	12.16	2142.26
	4389.63	0.00	12.18	2128.24
	4389.64	0.00	12.23	2115.23
	4389.65	0.00	12.29	2092.20
	4389.66	0.00	12.35	2054.18
	4389.67	0.00	12.52	2009.11
	4389.69	0.00	12.62	1981.08
	4389.70	0.00	12.73	1978.99
	4389.71	0.00	12.85	1995.88
	4389.72	0.00	12.90	1999.80
	4389.73	0.00	12.92	2005.79
	4389.74	0.00	12.93	2008.78
	4389.76	0.00	12.94	2003.77
	4389.77	0.00	12.96	2006.74
	4389.78	0.00	12.95	2003.75
	4389.79	0.00	12.96	2010.74
	4389.80	0.00	12.98	2010.72
	4389.81	0.00	12.99	2013.71
	4389.83	0.00	12.99	2014.71
	4389.84	0.00	13.00	2017.70
	4389.85	0.00	13.01	2017.69
	4389.86	0.00	13.01	2018.69
	4389.87	0.00	13.04	2025.67
	4389.88	0.00	13.03	2018.68
	4389.90	0.00	13.03	2019.68
	4389.91	0.00	13.02	2021.70
	4389.92	0.00	13.03	2020.70
	4389.93	0.00	13.04	2023.69
	4389.94	0.00	13.05	2019.67
	4389.96	0.00	13.05	2021.67
	4389.97	0.00	13.06	2021.67
	4389.98	0.00	13.08	2021.62
	4389.99	0.00	13.09	2022.61
	4390.00	0.00	13.09	2022.60
	4390.02	0.00	13.10	2021.59
	4390.03	0.00	13.10	2021.60
	4390.04	0.00	13.09	2016.59
	4390.05	0.00	13.10	2022.59
	4390.06	0.00	13.10	2023.60
	4390.07	0.00	13.10	2026.60
	4390.09	0.00	13.13	2022.52
	4390.10	0.00	13.18	2031.43
	4390.11	0.00	13.15	2033.49
	4390.12	0.00	13.16	2037.49
	4390.13	0.00	13.17	2039.48
	4390.14	0.00	13.17	2034.47
	4390.16	0.00	13.18	2037.47
	4390.17	0.00	13.17	2038.48
	4390.18	0.00	13.15	2039.53
	4390.19	0.00	13.05	2049.74
	4390.20	0.00	12.84	2085.86
	4390.21	0.00	12.35	2214.16
	4390.23	0.00	12.09	2295.34
	4390.24	0.00	11.97	2334.43
	4390.25	0.00	11.93	2366.44
	4390.26	0.00	11.88	2387.47
	4390.27	0.00	11.83	2415.52
	4390.29	0.00	11.77	2445.60
	4390.30	0.00	11.82	2505.65
	4390.31	0.00	11.78	2513.69
	4390.32	0.00	11.76	2517.69
	4390.33	0.00	11.74	2509.70
	4390.35	0.00	11.75	2503.70
	4390.36	0.00	11.79	2499.70
	4390.37	0.00	11.87	2494.69
	4390.38	0.00	11.93	2474.65
	4390.39	0.00	12.00	2457.62
	4390.41	0.00	12.09	2445.56
	4390.42	0.00	12.18	2431.51
	4390.43	0.00	12.26	2413.47
	4390.44	0.00	12.34	2400.43
	4390.45	0.00	12.42	2386.40
	4390.46	0.00	12.49	2365.37
	4390.48	0.00	12.57	2352.34
	4390.49	0.00	12.65	2333.30
	4390.50	0.00	12.80	2293.25
	4390.51	0.00	12.96	2261.16
	4390.52	0.00	13.09	2238.04
	4390.54	0.00	13.21	2217.93
	4390.55	0.00	13.23	2212.82
	4390.56	0.00	13.25	2200.73
	4390.57	0.00	13.28	2197.67
	4390.58	0.00	13.29	2183.61
	4390.59	0.00	13.32	2186.58
	4390.61	0.00	13.33	2179.55
	4390.62	0.00	13.35	2177.51
	4390.63	0.00	13.37	2171.45
	4390.64	0.00	13.39	2170.44
	4390.65	0.00	13.50	2191.43
	4390.66	0.00	13.62	2220.45
	4390.68	0.00	13.69	2240.42
	4390.69	0.00	13.80	2272.40
	4390.70	0.00	13.92	2298.31
	4390.71	0.00	14.02	2326.27
	4390.72	0.00	14.17	2369.22
	4390.73	0.00	14.26	2392.24
	4390.75	0.00	14.38	2427.18
	4390.76	0.00	14.46	2443.15
	4390.77	0.00	14.56	2453.01
	4390.78	0.00	14.69	2457.80
	4390.79	0.00	14.83	2454.47
	4390.81	0.00	14.82	2434.35
	4390.82	0.00	14.87	2388.04
	4390.83	0.00	14.82	2325.90
	4390.84	0.00	14.63	2254.95
	4390.85	0.00	14.23	2158.31
	4390.87	0.00	13.71	2083.94
	4390.88	0.00	13.34	2001.27
	4390.89	0.00	13.04	1938.38
	4390.90	0.00	12.98	1932.46
	4390.91	0.00	12.98	1952.52
	4390.92	0.00	13.04	1981.50
	4390.94	0.00	13.08	1995.49
	4390.95	0.00	13.08	2000.51
	4390.96	0.00	13.09	2000.51
	4390.97	0.00	13.11	2006.51
	4390.98	0.00	13.12	2010.51
	4391.00	0.00	13.13	2012.51
	4391.01	0.00	13.13	2017.51
	4391.02	0.00	13.14	2026.51
	4391.03	0.00	13.16	2024.47
	4391.04	0.00	13.16	2029.48
	4391.05	0.00	13.16	2031.49
	4391.07	0.00	13.16	2034.49
	4391.08	0.00	13.17	2036.50
	4391.09	0.00	13.17	2037.51
	4391.10	0.00	13.17	2040.51
	4391.11	0.00	13.17	2039.50
	4391.12	0.00	13.19	2040.43
	4391.14	0.00	13.21	2042.41
	4391.15	0.00	13.21	2039.41
	4391.16	0.00	13.23	2048.40
	4391.17	0.00	13.23	2052.41
	4391.18	0.00	13.23	2050.39
	4391.20	0.00	13.23	2046.39
	4391.21	0.00	13.22	2048.40
	4391.22	0.00	13.25	2047.35
	4391.23	0.00	13.26	2054.33
	4391.24	0.00	13.25	2049.33
	4391.25	0.00	13.26	2057.32
	4391.27	0.00	13.27	2060.33
	4391.28	0.00	13.28	2059.30
	4391.29	0.00	13.29	2065.30
	4391.30	0.00	13.29	2068.30
	4391.31	0.00	13.28	2059.28
	4391.33	0.00	13.24	2061.38
	4391.34	0.00	13.02	2082.75
	4391.35	0.00	12.46	2205.10
	4391.36	0.00	11.77	2415.48
	4391.37	0.00	11.54	2520.67
	4391.38	0.00	11.59	2524.70
	4391.40	0.00	11.61	2527.69
	4391.41	0.00	11.65	2540.69
	4391.42	0.00	11.65	2557.72
	4391.43	0.00	11.77	2611.74
	4391.44	0.00	11.87	2642.47
	4391.46	0.00	11.90	2652.48
	4391.47	0.00	11.94	2650.47
	4391.48	0.00	12.01	2641.46
	4391.49	0.00	12.10	2635.43
	4391.50	0.00	12.11	2608.59
	4391.52	0.00	12.21	2583.56
	4391.53	0.00	12.30	2562.53
	4391.54	0.00	12.39	2530.44
	4391.55	0.00	12.51	2510.39
	4391.56	0.00	12.61	2492.32
	4391.57	0.00	12.70	2479.26
	4391.59	0.00	12.82	2453.19
	4391.60	0.00	13.07	2405.05
	4391.61	0.00	13.22	2379.96
	4391.62	0.00	13.30	2358.85
	4391.63	0.00	13.35	2335.78
	4391.65	0.00	13.40	2350.65
	4391.66	0.00	13.42	2323.62
	4391.67	0.00	13.42	2348.58
	4391.68	0.00	13.45	2321.56
	4391.69	0.00	13.46	2346.52
	4391.70	0.00	13.49	2316.45
	4391.72	0.00	13.50	2316.45
	4391.73	0.00	13.51	2307.45
	4391.74	0.00	13.49	2296.49
	4391.75	0.00	13.50	2298.49
	4391.76	0.00	13.53	2303.48
	4391.78	0.00	13.58	2313.46
	4391.79	0.00	13.72	2346.42
	4391.80	0.00	13.75	2355.44
	4391.81	0.00	13.94	2409.42
	4391.82	0.00	14.05	2439.36
	4391.83	0.00	14.11	2452.35
	4391.85	0.00	14.18	2469.32
	4391.86	0.00	14.27	2480.27
	4391.87	0.00	14.36	2488.20
	4391.88	0.00	14.42	2485.16
	4391.89	0.00	14.47	2482.06
	4391.90	0.00	14.56	2485.88
	4391.92	0.00	14.71	2470.51
	4391.93	0.00	14.69	2424.34
	4391.94	0.00	14.69	2375.17
	4391.95	0.00	14.56	2302.18
	4391.96	0.00	14.24	2210.35
	4391.98	0.00	13.79	2128.94
	4391.99	0.00	13.42	2055.25
	4392.00	0.00	13.18	2002.35
	4392.01	0.00	13.11	1991.41
	4392.02	0.00	13.05	1992.49
	4392.04	0.00	13.10	1991.36
	4392.05	0.00	13.17	2022.32
	4392.06	0.00	13.18	2026.32
	4392.07	0.00	13.21	2035.29
	4392.08	0.00	13.20	2040.32
	4392.09	0.00	13.21	2045.32
	4392.10	0.00	13.21	2039.31
	4392.12	0.00	13.22	2041.30
	4392.13	0.00	13.23	2045.30
	4392.14	0.00	13.24	2045.30
	4392.15	0.00	13.23	2041.30
	4392.16	0.00	13.23	2030.29
	4392.18	0.00	13.17	2025.41
	4392.19	0.00	13.16	2027.44
	4392.20	0.00	13.16	2020.48
	4392.21	0.00	13.17	2027.47
	4392.22	0.00	13.14	2006.45
	4392.24	0.00	13.16	2023.48
	4392.25	0.00	13.16	2026.48
	4392.26	0.00	13.16	2032.48
	4392.27	0.00	13.16	2036.48
	4392.28	0.00	13.19	2048.44
	4392.29	0.00	13.21	2066.44
	4392.31	0.00	13.22	2062.43
	4392.32	0.00	13.22	2063.42
	4392.33	0.00	13.23	2063.39
	4392.34	0.00	13.26	2062.31
	4392.35	0.00	13.25	2063.35
	4392.37	0.00	13.24	2064.36
	4392.38	0.00	13.25	2065.35
	4392.39	0.00	13.25	2066.35
	4392.40	0.00	13.27	2063.27
	4392.41	0.00	13.28	2067.26
	4392.42	0.00	13.30	2074.25
	4392.44	0.00	13.29	2069.24
	4392.45	0.00	13.15	2074.54
	4392.46	0.00	12.82	2131.87
	4392.47	0.00	12.21	2298.21
	4392.48	0.00	11.68	2460.48
	4392.50	0.00	11.65	2484.59
	4392.51	0.00	11.75	2462.58
	4392.52	0.00	11.75	2478.59
	4392.53	0.00	11.75	2514.59
	4392.54	0.00	11.74	2564.64
	4392.56	0.00	11.76	2582.68
	4392.57	0.00	11.76	2589.69
	4392.58	0.00	11.75	2594.74
	4392.59	0.00	11.77	2596.78
	4392.60	0.00	11.84	2581.77
	4392.61	0.00	11.91	2566.74
	4392.63	0.00	12.01	2552.71
	4392.64	0.00	12.12	2524.64
	4392.65	0.00	12.20	2500.61
	4392.66	0.00	12.29	2478.59
	4392.67	0.00	12.38	2451.57
	4392.68	0.00	12.52	2423.42
	4392.70	0.00	12.59	2398.40
	4392.71	0.00	12.68	2375.37
	4392.72	0.00	12.87	2323.32
	4392.73	0.00	13.00	2296.26
	4392.74	0.00	13.05	2278.33
	4392.76	0.00	13.13	2263.27
	4392.77	0.00	13.18	2266.18
	4392.78	0.00	13.24	2260.05
	4392.79	0.00	13.30	2269.96
	4392.80	0.00	13.34	2272.92
	4392.82	0.00	13.38	2277.89
	4392.83	0.00	13.41	2287.83
	4392.84	0.00	13.43	2292.82
	4392.85	0.00	13.46	2292.79
	4392.86	0.00	13.48	2294.76
	4392.87	0.00	13.52	2304.74
	4392.89	0.00	13.63	2321.71
	4392.90	0.00	13.67	2330.66
	4392.91	0.00	13.72	2337.62
	4392.92	0.00	13.87	2372.59
	4392.93	0.00	13.95	2381.52
	4392.95	0.00	14.04	2400.47
	4392.96	0.00	14.12	2408.40
	4392.97	0.00	14.18	2417.38
	4392.98	0.00	14.21	2417.32
	4392.99	0.00	14.21	2413.31
	4393.00	0.00	14.22	2391.22
	4393.02	0.00	14.21	2363.12
	4393.03	0.00	14.20	2321.96
	4393.04	0.00	14.25	2252.49
	4393.05	0.00	14.28	2198.32
	4393.06	0.00	13.96	2146.73
	4393.08	0.00	13.67	2072.99
	4393.09	0.00	13.24	1975.27
	4393.10	0.00	13.09	1944.40
	4393.11	0.00	13.04	1934.48
	4393.12	0.00	13.03	1930.39
	4393.13	0.00	12.97	1939.53
	4393.15	0.00	13.03	1964.53
	4393.16	0.00	13.03	1960.54
	4393.17	0.00	13.02	1955.54
	4393.18	0.00	13.02	1953.54
	4393.19	0.00	13.02	1951.54
	4393.20	0.00	13.09	1984.48
	4393.22	0.00	13.10	1988.46
	4393.23	0.00	13.10	1986.46
	4393.24	0.00	13.13	1996.41
	4393.25	0.00	13.12	2000.47
	4393.27	0.00	13.10	1998.51
	4393.28	0.00	13.11	2003.51
	4393.29	0.00	13.10	1997.52
	4393.30	0.00	13.10	2000.52
	4393.31	0.00	13.10	2002.53
	4393.32	0.00	13.11	1998.52
	4393.33	0.00	13.10	2004.55
	4393.35	0.00	13.10	2003.55
	4393.36	0.00	13.12	2008.52
	4393.37	0.00	13.14	2022.51
	4393.38	0.00	13.15	2033.52
	4393.39	0.00	13.16	2044.51
	4393.41	0.00	13.19	2060.49
	4393.42	0.00	13.19	2062.48
	4393.43	0.00	13.25	2061.31
	4393.44	0.00	13.28	2067.24
	4393.45	0.00	13.28	2071.26
	4393.46	0.00	13.29	2067.26
	4393.48	0.00	13.29	2066.24
	4393.49	0.00	13.28	2070.29
	4393.50	0.00	13.22	2061.39
	4393.51	0.00	13.20	2064.46
	4393.52	0.00	13.19	2063.46
	4393.54	0.00	13.19	2064.47
	4393.55	0.00	13.19	2063.47
	4393.56	0.00	13.20	2067.48
	4393.57	0.00	13.04	2082.77
	4393.58	0.00	12.58	2168.14
	4393.59	0.00	11.80	2389.53
	4393.61	0.00	11.41	2517.78
	4393.62	0.00	11.44	2523.83
	4393.63	0.00	11.55	2501.84
	4393.64	0.00	11.67	2479.85
	4393.65	0.00	11.62	2504.86
	4393.67	0.00	11.57	2533.90
	4393.68	0.00	11.57	2559.92
	4393.69	0.00	11.64	2588.92
	4393.70	0.00	11.68	2602.92
	4393.71	0.00	11.74	2606.92
	4393.72	0.00	11.81	2605.89
	4393.74	0.00	11.88	2589.81
	4393.75	0.00	11.96	2578.78
	4393.76	0.00	12.03	2562.74
	4393.77	0.00	12.11	2541.70
	4393.79	0.00	12.20	2517.64
	4393.80	0.00	12.28	2489.59
	4393.81	0.00	12.36	2464.56
	4393.82	0.00	12.43	2442.52
	4393.83	0.00	12.52	2412.48
	4393.84	0.00	12.64	2376.35
	4393.86	0.00	12.79	2333.37
	4393.87	0.00	12.98	2293.29
	4393.88	0.00	13.05	2278.23
	4393.89	0.00	13.13	2271.15
	4393.90	0.00	13.15	2270.08
	4393.91	0.00	13.17	2267.04
	4393.93	0.00	13.19	2259.98
	4393.94	0.00	13.22	2254.94
	4393.95	0.00	13.24	2250.91
	4393.96	0.00	13.27	2244.86
	4393.97	0.00	13.28	2247.85
	4393.99	0.00	13.31	2255.84
	4394.00	0.00	13.34	2262.81
	4394.01	0.00	13.37	2272.82
	4394.02	0.00	13.67	2330.71
	4394.03	0.00	13.80	2368.68
	4394.04	0.00	13.90	2396.67
	4394.06	0.00	13.99	2407.63
	4394.07	0.00	14.09	2432.60
	4394.08	0.00	14.17	2458.65
	4394.09	0.00	14.26	2474.62
	4394.10	0.00	14.32	2484.59
	4394.12	0.00	14.38	2488.54
	4394.13	0.00	14.42	2489.50
	4394.14	0.00	14.44	2465.39
	4394.15	0.00	14.46	2453.26
	4394.16	0.00	14.44	2417.11
	4394.17	0.00	14.55	2355.55
	4394.19	0.00	14.50	2266.32
	4394.20	0.00	14.26	2185.38
	4394.21	0.00	13.82	2119.92
	4394.22	0.00	13.46	2059.25
	4394.23	0.00	13.14	1994.42
	4394.25	0.00	13.00	1954.60
	4394.26	0.00	12.93	1941.68
	4394.27	0.00	12.97	1977.64
	4394.28	0.00	13.03	1997.64
	4394.29	0.00	13.02	1993.65
	4394.30	0.00	13.03	1997.65
	4394.32	0.00	13.02	1982.64
	4394.33	0.00	13.00	1970.65
	4394.34	0.00	12.99	1959.68
	4394.35	0.00	12.99	1962.69
	4394.36	0.00	12.99	1963.69
	4394.37	0.00	13.00	1966.69
	4394.39	0.00	13.00	1965.70
	4394.40	0.00	12.99	1966.72
	4394.41	0.00	13.03	1992.69
	4394.42	0.00	13.07	1995.62
	4394.43	0.00	13.10	2005.59
	4394.44	0.00	13.12	2019.57
	4394.46	0.00	13.13	2029.57
	4394.47	0.00	13.14	2033.55
	4394.48	0.00	13.17	2050.55
	4394.49	0.00	13.15	2041.55
	4394.50	0.00	13.15	2046.56
	4394.52	0.00	13.17	2047.54
	4394.53	0.00	13.18	2048.53
	4394.54	0.00	13.18	2050.53
	4394.55	0.00	13.17	2046.53
	4394.56	0.00	13.17	2044.52
	4394.58	0.00	13.18	2050.52
	4394.59	0.00	13.19	2049.51
	4394.60	0.00	13.20	2056.49
	4394.61	0.00	13.20	2058.49
	4394.62	0.00	13.21	2062.48
	4394.63	0.00	13.20	2063.51
	4394.65	0.00	13.18	2062.55
	4394.66	0.00	13.18	2062.55
	4394.67	0.00	13.17	2062.57
	4394.68	0.00	13.18	2063.56
	4394.69	0.00	13.17	2062.57
	4394.70	0.00	13.16	2061.60
	4394.72	0.00	12.91	2100.85
	4394.73	0.00	12.39	2210.18
	4394.74	0.00	11.60	2441.58
	4394.75	0.00	11.37	2537.77
	4394.77	0.00	11.42	2540.85
	4394.78	0.00	11.47	2545.87
	4394.79	0.00	11.54	2537.87
	4394.80	0.00	11.53	2567.90
	4394.81	0.00	11.59	2618.85
	4394.82	0.00	11.64	2647.85
	4394.83	0.00	11.65	2648.85
	4394.85	0.00	11.65	2650.85
	4394.86	0.00	11.65	2638.93
	4394.87	0.00	11.71	2624.92
	4394.88	0.00	11.78	2608.90
	4394.89	0.00	11.87	2591.85
	4394.91	0.00	11.97	2567.78
	4394.92	0.00	12.05	2550.75
	4394.93	0.00	12.13	2529.67
	4394.94	0.00	12.21	2506.60
	4394.95	0.00	12.29	2485.56
	4394.97	0.00	12.36	2467.51
	4394.98	0.00	12.44	2445.47
	4394.99	0.00	12.51	2429.43
	4395.00	0.00	12.58	2404.37
	4395.01	0.00	12.67	2398.36
	4395.02	0.00	12.80	2372.31
	4395.04	0.00	12.93	2358.26
	4395.05	0.00	13.07	2323.22
	4395.06	0.00	13.19	2316.04
	4395.07	0.00	13.26	2321.94
	4395.08	0.00	13.30	2324.84
	4395.10	0.00	13.37	2339.73
	4395.11	0.00	13.41	2341.64
	4395.12	0.00	13.43	2344.61
	4395.13	0.00	13.45	2338.58
	4395.14	0.00	13.47	2334.57
	4395.15	0.00	13.49	2334.55
	4395.17	0.00	13.58	2340.55
	4395.18	0.00	13.65	2359.54
	4395.19	0.00	13.72	2368.54
	4395.20	0.00	13.82	2394.49
	4395.21	0.00	13.98	2430.49
	4395.23	0.00	14.07	2448.50
	4395.24	0.00	14.18	2466.47
	4395.25	0.00	14.32	2496.44
	4395.26	0.00	14.40	2513.42
	4395.27	0.00	14.48	2527.39
	4395.29	0.00	14.54	2531.31
	4395.30	0.00	14.55	2526.28
	4395.31	0.00	14.55	2513.26
	4395.32	0.00	14.56	2495.09
	4395.33	0.00	14.60	2457.79
	4395.34	0.00	14.70	2404.30
	4395.36	0.00	14.60	2323.22
	4395.37	0.00	14.25	2221.33
	4395.38	0.00	13.89	2160.84
	4395.39	0.00	13.56	2090.14
	4395.40	0.00	13.26	2022.22
	4395.41	0.00	13.20	2010.27
	4395.43	0.00	13.17	2010.32
	4395.44	0.00	13.14	2012.34
	4395.45	0.00	13.14	2018.39
	4395.46	0.00	13.14	2020.41
	4395.47	0.00	13.12	2017.43
	4395.49	0.00	13.09	2012.50
	4395.50	0.00	13.09	2015.53
	4395.51	0.00	13.10	2008.55
	4395.52	0.00	13.11	2014.56
	4395.53	0.00	13.12	2014.56
	4395.54	0.00	13.13	2016.56
	4395.56	0.00	13.14	2018.55
	4395.57	0.00	13.12	2002.51
	4395.58	0.00	13.13	2009.52
	4395.59	0.00	13.14	2018.52
	4395.60	0.00	13.15	2020.53
	4395.62	0.00	13.15	2027.51
	4395.63	0.00	13.16	2036.51
	4395.64	0.00	13.20	2051.48
	4395.65	0.00	13.20	2065.52
	4395.66	0.00	13.20	2067.52
	4395.67	0.00	13.21	2071.52
	4395.69	0.00	13.20	2068.52
	4395.70	0.00	13.20	2066.50
	4395.71	0.00	13.19	2067.53
	4395.72	0.00	13.20	2071.53
	4395.73	0.00	13.21	2070.52
	4395.75	0.00	13.22	2070.51
	4395.76	0.00	13.21	2069.51
	4395.77	0.00	13.21	2069.51
	4395.78	0.00	13.23	2064.43
	4395.79	0.00	13.25	2066.42
	4395.80	0.00	13.25	2061.40
	4395.81	0.00	13.25	2066.40
	4395.83	0.00	13.26	2067.39
	4395.84	0.00	13.27	2074.36
	4395.85	0.00	13.28	2076.35
	4395.86	0.00	13.29	2075.32
	4395.87	0.00	13.29	2076.31
	4395.89	0.00	13.29	2077.33
	4395.90	0.00	13.07	2105.65
	4395.91	0.00	12.50	2235.09
	4395.92	0.00	11.71	2469.56
	4395.93	0.00	11.44	2573.78
	4395.94	0.00	11.49	2586.81
	4395.96	0.00	11.60	2571.77
	4395.97	0.00	11.66	2561.74
	4395.98	0.00	11.72	2592.74
	4395.99	0.00	11.80	2608.77
	4396.00	0.00	11.87	2619.78
	4396.02	0.00	11.95	2626.78
	4396.03	0.00	12.01	2638.79
	4396.04	0.00	12.11	2630.74
	4396.05	0.00	12.17	2605.73
	4396.06	0.00	12.25	2577.71
	4396.08	0.00	12.33	2543.65
	4396.09	0.00	12.44	2529.56
	4396.10	0.00	12.54	2487.50
	4396.11	0.00	12.59	2467.47
	4396.12	0.00	12.67	2446.42
	4396.13	0.00	12.69	2400.45
	4396.15	0.00	12.89	2348.43
	4396.16	0.00	13.02	2322.38
	4396.17	0.00	13.08	2311.33
	4396.18	0.00	13.16	2297.26
	4396.19	0.00	13.21	2292.16
	4396.21	0.00	13.23	2290.10
	4396.22	0.00	13.26	2290.05
	4396.23	0.00	13.38	2332.00
	4396.24	0.00	13.31	2289.97
	4396.25	0.00	13.35	2295.90
	4396.27	0.00	13.37	2300.87
	4396.28	0.00	13.38	2303.86
	4396.29	0.00	13.40	2305.84
	4396.30	0.00	13.44	2315.80
	4396.31	0.00	13.45	2315.77
	4396.32	0.00	13.51	2328.68
	4396.34	0.00	13.51	2331.72
	4396.35	0.00	13.52	2335.71
	4396.36	0.00	13.56	2346.68
	4396.37	0.00	13.58	2347.64
	4396.38	0.00	13.70	2363.56
	4396.39	0.00	13.64	2343.51
	4396.41	0.00	13.75	2362.48
	4396.42	0.00	13.78	2360.41
	4396.43	0.00	13.83	2362.33
	4396.44	0.00	13.86	2361.32
	4396.45	0.00	13.88	2360.28
	4396.47	0.00	13.90	2365.30
	4396.48	0.00	13.90	2358.32
	4396.49	0.00	13.91	2355.30
	4396.50	0.00	13.90	2354.34
	4396.51	0.00	13.91	2353.33
	4396.52	0.00	13.89	2340.32
	4396.54	0.00	13.92	2332.23
	4396.55	0.00	13.97	2323.07
	4396.56	0.00	13.93	2271.88
	4396.57	0.00	14.06	2227.47
	4396.58	0.00	13.94	2191.61
	4396.60	0.00	13.72	2155.96
	4396.61	0.00	13.55	2120.18
	4396.62	0.00	13.39	2088.34
	4396.63	0.00	13.27	2054.43
	4396.64	0.00	13.19	2031.49
	4396.65	0.00	13.10	2014.58
	4396.67	0.00	13.12	2023.55
	4396.68	0.00	13.12	2028.55
	4396.69	0.00	13.13	2032.56
	4396.70	0.00	13.13	2034.56
	4396.71	0.00	13.13	2035.56
	4396.73	0.00	13.17	2047.54
	4396.74	0.00	13.17	2044.55
	4396.75	0.00	13.15	2031.55
	4396.76	0.00	13.15	2032.55
	4396.77	0.00	13.15	2031.56
	4396.78	0.00	13.26	2033.29
	4396.80	0.00	13.26	2035.29
	4396.81	0.00	13.27	2038.30
	4396.82	0.00	13.28	2040.28
	4396.83	0.00	13.28	2042.28
	4396.84	0.00	13.28	2041.29
	4396.85	0.00	13.28	2039.30
	4396.87	0.00	13.28	2044.30
	4396.88	0.00	13.29	2046.30
	4396.89	0.00	13.29	2047.30
	4396.90	0.00	13.26	2031.28
	4396.91	0.00	13.27	2030.27
	4396.92	0.00	13.25	2032.31
	4396.94	0.00	13.25	2027.30
	4396.95	0.00	13.21	2029.40
	4396.96	0.00	13.20	2031.45
	4396.97	0.00	13.20	2033.46
	4396.98	0.00	13.19	2019.48
	4397.00	0.00	13.15	1988.52
	4397.01	0.00	13.15	1986.53
	4397.02	0.00	13.15	1988.53
	4397.03	0.00	13.16	1987.52
	4397.04	0.00	13.15	1987.53
	4397.06	0.00	13.15	1989.55
	4397.07	0.00	13.12	1963.50
	4397.08	0.00	13.15	1982.50
	4397.09	0.00	13.21	2020.47
	4397.10	0.00	13.24	2027.42
	4397.12	0.00	13.23	2035.46
	4397.13	0.00	13.19	2046.53
	4397.14	0.00	13.14	2061.65
	4397.15	0.00	12.95	2090.86
	4397.16	0.00	12.71	2199.07
	4397.17	0.00	12.45	2276.27
	4397.19	0.00	12.28	2338.40
	4397.20	0.00	12.24	2383.46
	4397.21	0.00	12.21	2393.51
	4397.22	0.00	12.19	2408.55
	4397.23	0.00	12.17	2413.56
	4397.25	0.00	12.15	2421.58
	4397.26	0.00	12.16	2436.55
	4397.27	0.00	12.15	2450.55
	4397.28	0.00	12.16	2464.55
	4397.29	0.00	12.19	2483.55
	4397.30	0.00	12.21	2493.56
	4397.32	0.00	12.23	2494.55
	4397.33	0.00	12.25	2499.57
	4397.34	0.00	12.29	2495.54
	4397.35	0.00	12.34	2491.52
	4397.36	0.00	12.40	2486.50
	4397.37	0.00	12.46	2477.48
	4397.39	0.00	12.53	2466.46
	4397.40	0.00	12.61	2449.42
	4397.41	0.00	12.70	2426.42
	4397.42	0.00	12.84	2384.39
	4397.43	0.00	13.04	2341.36
	4397.45	0.00	13.14	2319.29
	4397.46	0.00	13.26	2309.16
	4397.47	0.00	13.30	2316.05
	4397.48	0.00	13.34	2314.90
	4397.49	0.00	13.37	2315.84
	4397.50	0.00	13.42	2320.76
	4397.52	0.00	13.48	2315.60
	4397.53	0.00	13.54	2316.48
	4397.54	0.00	13.57	2315.41
	4397.55	0.00	13.61	2311.32
	4397.56	0.00	13.63	2311.28
	4397.58	0.00	13.71	2321.28
	4397.59	0.00	13.70	2314.28
	4397.60	0.00	13.71	2304.24
	4397.61	0.00	13.76	2319.20
	4397.62	0.00	13.79	2321.16
	4397.63	0.00	13.81	2318.11
	4397.65	0.00	13.84	2314.06
	4397.66	0.00	13.90	2319.95
	4397.67	0.00	13.92	2322.91
	4397.68	0.00	14.06	2345.82
	4397.69	0.00	14.11	2350.75
	4397.71	0.00	14.14	2345.71
	4397.72	0.00	14.20	2352.65
	4397.73	0.00	14.22	2355.64
	4397.74	0.00	14.27	2357.59
	4397.75	0.00	14.31	2344.48
	4397.76	0.00	14.35	2354.46
	4397.78	0.00	14.38	2353.43
	4397.79	0.00	14.41	2353.39
	4397.80	0.00	14.44	2347.31
	4397.81	0.00	14.40	2330.30
	4397.82	0.00	14.37	2306.28
	4397.83	0.00	14.33	2271.24
	4397.85	0.00	14.18	2228.32
	4397.86	0.00	13.95	2199.75
	4397.87	0.00	13.75	2149.98
	4397.88	0.00	13.51	2088.07
	4397.89	0.00	13.38	2069.25
	4397.90	0.00	13.29	2049.34
	4397.92	0.00	13.23	2050.41
	4397.93	0.00	13.22	2058.46
	4397.94	0.00	13.24	2057.37
	4397.95	0.00	13.26	2077.45
	4397.96	0.00	13.26	2077.44
	4397.98	0.00	13.24	2064.44
	4397.99	0.00	13.24	2058.44
	4398.00	0.00	13.21	2046.45
	4398.01	0.00	13.21	2046.44
	4398.02	0.00	13.21	2044.44
	4398.04	0.00	13.22	2048.44
	4398.05	0.00	13.20	2049.49
	4398.06	0.00	13.21	2053.50
	4398.07	0.00	13.21	2052.50
	4398.08	0.00	13.21	2053.50
	4398.10	0.00	13.21	2053.51
	4398.11	0.00	13.21	2049.50
	4398.12	0.00	13.21	2053.50
	4398.13	0.00	13.21	2052.50
	4398.14	0.00	13.22	2054.50
	4398.15	0.00	13.23	2055.49
	4398.17	0.00	13.23	2058.49
	4398.18	0.00	13.28	2060.38
	4398.19	0.00	13.22	2057.50
	4398.20	0.00	13.22	2063.52
	4398.21	0.00	13.22	2063.53
	4398.22	0.00	13.22	2063.52
	4398.24	0.00	13.23	2064.50
	4398.25	0.00	13.23	2064.50
	4398.26	0.00	13.23	2062.49
	4398.27	0.00	13.26	2063.43
	4398.28	0.00	13.25	2063.45
	4398.30	0.00	13.25	2062.45
	4398.31	0.00	13.25	2065.45
	4398.32	0.00	13.27	2071.45
	4398.33	0.00	13.26	2072.46
	4398.34	0.00	13.25	2074.47
	4398.35	0.00	13.31	2075.33
	4398.37	0.00	13.33	2079.31
	4398.38	0.00	13.21	2097.57
	4398.39	0.00	13.01	2141.75
	4398.40	0.00	12.57	2251.02
	4398.41	0.00	12.32	2329.23
	4398.43	0.00	12.08	2394.48
	4398.44	0.00	11.94	2450.58
	4398.45	0.00	11.87	2482.62
	4398.46	0.00	11.87	2515.64
	4398.47	0.00	11.89	2541.63
	4398.48	0.00	11.92	2582.66
	4398.50	0.00	11.93	2620.69
	4398.51	0.00	11.90	2626.72
	4398.52	0.00	11.89	2628.74
	4398.53	0.00	11.90	2624.73
	4398.54	0.00	11.92	2622.73
	4398.56	0.00	11.93	2604.72
	4398.57	0.00	11.99	2601.68
	4398.58	0.00	12.05	2592.68
	4398.59	0.00	12.12	2576.64
	4398.60	0.00	12.19	2556.62
	4398.62	0.00	12.26	2539.59
	4398.63	0.00	12.34	2518.51
	4398.64	0.00	12.42	2498.47
	4398.65	0.00	12.50	2481.45
	4398.66	0.00	12.53	2457.42
	4398.67	0.00	12.61	2452.39
	4398.69	0.00	12.64	2443.36
	4398.70	0.00	12.68	2435.36
	4398.71	0.00	12.72	2429.32
	4398.72	0.00	12.77	2434.30
	4398.73	0.00	12.81	2425.28
	4398.75	0.00	12.88	2417.27
	4398.76	0.00	13.01	2395.24
	4398.77	0.00	13.05	2390.24
	4398.78	0.00	13.09	2379.26
	4398.79	0.00	13.12	2383.25
	4398.80	0.00	13.20	2376.20
	4398.82	0.00	13.24	2375.17
	4398.83	0.00	13.31	2358.15
	4398.84	0.00	13.35	2361.07
	4398.85	0.00	13.39	2366.01
	4398.86	0.00	13.41	2361.94
	4398.87	0.00	13.43	2355.87
	4398.89	0.00	13.51	2355.69
	4398.90	0.00	13.55	2350.59
	4398.91	0.00	13.59	2353.53
	4398.92	0.00	13.62	2346.49
	4398.93	0.00	13.63	2341.46
	4398.95	0.00	13.68	2347.40
	4398.96	0.00	13.79	2356.38
	4398.97	0.00	13.81	2359.36
	4398.98	0.00	13.86	2362.30
	4398.99	0.00	13.88	2357.32
	4399.00	0.00	13.88	2342.30
	4399.02	0.00	13.86	2322.28
	4399.03	0.00	13.87	2298.20
	4399.04	0.00	13.91	2284.07
	4399.05	0.00	13.95	2263.87
	4399.06	0.00	13.89	2200.66
	4399.08	0.00	13.82	2140.64
	4399.09	0.00	13.63	2095.93
	4399.10	0.00	13.44	2060.14
	4399.11	0.00	13.27	2034.37
	4399.12	0.00	13.22	2029.38
	4399.13	0.00	13.17	2028.45
	4399.15	0.00	13.15	2038.52
	4399.16	0.00	13.16	2043.50
	4399.17	0.00	13.22	2068.49
	4399.18	0.00	13.24	2074.49
	4399.19	0.00	13.23	2073.50
	4399.21	0.00	13.23	2073.49
	4399.22	0.00	13.21	2061.50
	4399.23	0.00	13.21	2060.50
	4399.24	0.00	13.23	2058.44
	4399.25	0.00	13.24	2066.45
	4399.27	0.00	13.25	2066.44
	4399.28	0.00	13.25	2067.44
	4399.29	0.00	13.26	2068.42
	4399.30	0.00	13.25	2070.45
	4399.31	0.00	13.26	2071.45
	4399.32	0.00	13.26	2072.45
	4399.34	0.00	13.26	2074.45
	4399.35	0.00	13.26	2074.44
	4399.36	0.00	13.26	2066.42
	4399.37	0.00	13.29	2069.36
	4399.38	0.00	13.27	2071.42
	4399.39	0.00	13.28	2074.41
	4399.41	0.00	13.28	2076.40
	4399.42	0.00	13.30	2078.36
	4399.43	0.00	13.29	2082.40
	4399.44	0.00	13.30	2085.39
	4399.45	0.00	13.29	2084.39
	4399.47	0.00	13.31	2093.38
	4399.48	0.00	13.30	2088.37
	4399.49	0.00	13.29	2091.37
	4399.50	0.00	13.30	2090.37
	4399.51	0.00	13.31	2093.36
	4399.52	0.00	13.30	2088.36
	4399.54	0.00	13.29	2083.36
	4399.55	0.00	13.29	2086.38
	4399.56	0.00	13.30	2084.35
	4399.57	0.00	13.32	2087.34
	4399.58	0.00	13.28	2088.42
	4399.60	0.00	13.13	2113.56
	4399.61	0.00	12.96	2141.77
	4399.62	0.00	12.46	2275.07
	4399.63	0.00	12.18	2361.28
	4399.64	0.00	12.00	2421.40
	4399.65	0.00	11.94	2450.45
	4399.67	0.00	11.95	2476.46
	4399.68	0.00	12.00	2499.48
	4399.69	0.00	12.06	2535.50
	4399.70	0.00	12.01	2539.53
	4399.71	0.00	11.98	2556.53
	4399.73	0.00	11.93	2570.55
	4399.74	0.00	11.90	2583.58
	4399.75	0.00	11.91	2596.56
	4399.76	0.00	11.89	2594.63
	4399.77	0.00	11.90	2592.64
	4399.79	0.00	11.94	2594.63
	4399.80	0.00	11.99	2588.61
	4399.81	0.00	12.04	2583.56
	4399.82	0.00	12.08	2573.56
	4399.83	0.00	12.14	2562.54
	4399.85	0.00	12.18	2538.51
	4399.86	0.00	12.22	2522.49
	4399.87	0.00	12.29	2508.43
	4399.88	0.00	12.34	2498.44
	4399.89	0.00	12.39	2477.42
	4399.90	0.00	12.43	2470.41
	4399.92	0.00	12.46	2460.41
	4399.93	0.00	12.50	2459.40
	4399.94	0.00	12.53	2454.39
	4399.95	0.00	12.60	2448.35
	4399.96	0.00	12.61	2450.36
	4399.97	0.00	12.65	2450.29
	4399.99	0.00	12.67	2451.28
	4400.00	0.00	12.70	2455.27
	4400.01	0.00	12.72	2456.27
	4400.02	0.00	12.74	2458.26
	4400.03	0.00	12.77	2448.24
	4400.05	0.00	12.80	2439.23
	4400.06	0.00	12.90	2432.22
	4400.07	0.00	13.02	2406.20
	4400.08	0.00	13.10	2392.16
	4400.09	0.00	13.20	2373.12
	4400.10	0.00	13.29	2372.02
	4400.12	0.00	13.37	2365.90
	4400.13	0.00	13.43	2365.81
	4400.14	0.00	13.49	2357.65
	4400.15	0.00	13.55	2351.51
	4400.16	0.00	13.60	2360.42
	4400.18	0.00	13.64	2349.34
	4400.19	0.00	13.69	2353.25
	4400.20	0.00	13.73	2350.18
	4400.21	0.00	13.78	2341.06
	4400.22	0.00	13.84	2335.93
	4400.23	0.00	13.96	2324.61
	4400.25	0.00	13.94	2314.67
	4400.26	0.00	13.91	2293.68
	4400.27	0.00	13.93	2281.66
	4400.28	0.00	14.00	2260.39
	4400.29	0.00	13.97	2208.37
	4400.31	0.00	13.78	2173.73
	4400.32	0.00	13.65	2144.88
	4400.33	0.00	13.43	2095.11
	4400.34	0.00	13.34	2072.16
	4400.35	0.00	13.24	2042.22
	4400.37	0.00	13.16	2038.38
	4400.38	0.00	13.16	2048.42
	4400.39	0.00	13.14	2046.45
	4400.40	0.00	13.22	2062.44
	4400.41	0.00	13.22	2057.42
	4400.42	0.00	13.21	2056.45
	4400.44	0.00	13.20	2052.45
	4400.45	0.00	13.18	2032.41
	4400.46	0.00	13.18	2028.41
	4400.47	0.00	13.17	2026.43
	4400.48	0.00	13.18	2028.44
	4400.49	0.00	13.19	2029.44
	4400.51	0.00	13.19	2035.45
	4400.52	0.00	13.20	2040.45
	4400.53	0.00	13.21	2043.45
	4400.54	0.00	13.22	2046.45
	4400.55	0.00	13.21	2046.46
	4400.57	0.00	13.22	2055.44
	4400.58	0.00	13.22	2058.44
	4400.59	0.00	13.23	2063.42
	4400.60	0.00	13.24	2069.41
	4400.61	0.00	13.26	2085.42
	4400.62	0.00	13.26	2085.42
	4400.64	0.00	13.27	2091.41
	4400.65	0.00	13.28	2096.41
	4400.66	0.00	13.27	2095.42
	4400.67	0.00	13.27	2094.41
	4400.68	0.00	13.27	2094.41
	4400.70	0.00	13.28	2094.38
	4400.71	0.00	13.27	2095.40
	4400.72	0.00	13.27	2098.41
	4400.73	0.00	13.28	2101.40
	4400.74	0.00	13.29	2104.40
	4400.75	0.00	13.30	2109.39
	4400.77	0.00	13.32	2121.36
	4400.78	0.00	13.33	2119.33
	4400.79	0.00	13.33	2117.31
	4400.80	0.00	13.33	2118.31
	4400.81	0.00	13.29	2121.37
	4400.83	0.00	13.18	2133.46
	4400.84	0.00	12.87	2184.74
	4400.85	0.00	12.46	2288.99
	4400.86	0.00	12.29	2347.13
	4400.87	0.00	12.25	2408.22
	4400.88	0.00	12.26	2440.26
	4400.90	0.00	12.27	2458.26
	4400.91	0.00	12.25	2452.27
	4400.92	0.00	12.22	2452.29
	4400.93	0.00	12.19	2457.33
	4400.94	0.00	12.18	2474.35
	4400.96	0.00	12.18	2488.41
	4400.97	0.00	12.18	2509.46
	4400.98	0.00	12.19	2520.49
	4400.99	0.00	12.24	2537.49
	4401.00	0.00	12.32	2539.45
	4401.02	0.00	12.36	2525.44
	4401.03	0.00	12.43	2516.42
	4401.04	0.00	12.49	2505.41
	4401.05	0.00	12.56	2492.34
	4401.06	0.00	12.65	2481.28
	4401.08	0.00	12.73	2464.25
	4401.09	0.00	12.80	2449.21
	4401.10	0.00	12.92	2419.18
	4401.11	0.00	13.10	2362.16
	4401.12	0.00	13.18	2339.10
	4401.13	0.00	13.27	2338.98
	4401.14	0.00	13.37	2325.83
	4401.16	0.00	13.40	2326.73
	4401.17	0.00	13.46	2330.60
	4401.18	0.00	13.49	2327.53
	4401.19	0.00	13.54	2333.43
	4401.20	0.00	13.55	2327.40
	4401.22	0.00	13.58	2332.34
	4401.23	0.00	13.70	2353.28
	4401.24	0.00	13.74	2361.24
	4401.25	0.00	13.74	2354.21
	4401.26	0.00	13.78	2365.18
	4401.27	0.00	13.80	2364.16
	4401.29	0.00	13.82	2362.11
	4401.30	0.00	13.86	2367.07
	4401.31	0.00	13.91	2372.01
	4401.32	0.00	13.94	2368.97
	4401.33	0.00	13.99	2373.92
	4401.35	0.00	14.11	2386.88
	4401.36	0.00	14.17	2394.82
	4401.37	0.00	14.28	2392.60
	4401.38	0.00	14.34	2404.55
	4401.39	0.00	14.33	2400.60
	4401.40	0.00	14.42	2394.38
	4401.42	0.00	14.42	2391.38
	4401.43	0.00	14.41	2366.33
	4401.44	0.00	14.43	2349.25
	4401.45	0.00	14.41	2326.20
	4401.46	0.00	14.41	2294.08
	4401.47	0.00	14.30	2228.99
	4401.49	0.00	14.18	2169.92
	4401.50	0.00	14.09	2139.01
	4401.51	0.00	13.88	2109.26
	4401.52	0.00	13.59	2083.80
	4401.53	0.00	13.44	2061.03
	4401.55	0.00	13.30	2040.21
	4401.56	0.00	13.22	2026.31
	4401.57	0.00	13.20	2036.35
	4401.58	0.00	13.19	2033.38
	4401.59	0.00	13.25	2061.38
	4401.60	0.00	13.23	2056.38
	4401.62	0.00	13.25	2062.39
	4401.63	0.00	13.23	2052.36
	4401.64	0.00	13.22	2053.41
	4401.65	0.00	13.21	2051.43
	4401.66	0.00	13.20	2049.44
	4401.68	0.00	13.19	2041.47
	4401.69	0.00	13.19	2041.47
	4401.70	0.00	13.19	2043.48
	4401.71	0.00	13.19	2043.48
	4401.72	0.00	13.19	2044.49
	4401.73	0.00	13.20	2045.45
	4401.75	0.00	13.20	2047.48
	4401.76	0.00	13.21	2048.47
	4401.77	0.00	13.21	2051.47
	4401.78	0.00	13.20	2052.47
	4401.79	0.00	13.20	2055.48
	4401.81	0.00	13.30	2057.24
	4401.82	0.00	13.30	2058.24
	4401.83	0.00	13.32	2062.21
	4401.84	0.00	13.33	2067.20
	4401.85	0.00	13.32	2070.23
	4401.87	0.00	13.33	2077.24
	4401.88	0.00	13.33	2071.23
	4401.89	0.00	13.28	2054.24
	4401.90	0.00	13.24	2054.36
	4401.91	0.00	13.22	2053.41
	4401.92	0.00	13.22	2049.42
	4401.94	0.00	13.22	2051.43
	4401.95	0.00	13.23	2053.43
	4401.96	0.00	13.24	2059.43
	4401.97	0.00	13.24	2056.38
	4401.98	0.00	13.24	2059.39
	4401.99	0.00	13.26	2067.39
	4402.01	0.00	13.26	2071.40
	4402.02	0.00	13.18	2077.57
	4402.03	0.00	13.00	2129.74
	4402.04	0.00	12.53	2246.06
	4402.05	0.00	12.30	2328.21
	4402.07	0.00	12.18	2376.33
	4402.08	0.00	12.15	2436.40
	4402.09	0.00	12.16	2468.44
	4402.10	0.00	12.15	2460.46
	4402.11	0.00	12.12	2456.49
	4402.12	0.00	12.13	2471.49
	4402.14	0.00	12.12	2490.51
	4402.15	0.00	12.13	2504.48
	4402.16	0.00	12.16	2507.44
	4402.17	0.00	12.18	2518.45
	4402.18	0.00	12.21	2515.45
	4402.20	0.00	12.25	2517.45
	4402.21	0.00	12.29	2512.45
	4402.22	0.00	12.35	2495.42
	4402.23	0.00	12.41	2481.41
	4402.24	0.00	12.49	2472.39
	4402.25	0.00	12.55	2452.37
	4402.27	0.00	12.64	2441.33
	4402.28	0.00	12.72	2427.31
	4402.29	0.00	12.87	2398.27
	4402.30	0.00	13.06	2355.23
	4402.31	0.00	13.16	2340.20
	4402.33	0.00	13.26	2325.13
	4402.34	0.00	13.36	2317.01
	4402.35	0.00	13.45	2323.81
	4402.36	0.00	13.52	2323.65
	4402.37	0.00	13.56	2327.58
	4402.38	0.00	13.57	2327.56
	4402.40	0.00	13.60	2326.52
	4402.41	0.00	13.65	2326.39
	4402.42	0.00	13.67	2312.32
	4402.43	0.00	13.70	2324.29
	4402.44	0.00	13.72	2321.25
	4402.46	0.00	13.73	2320.22
	4402.47	0.00	13.82	2335.22
	4402.48	0.00	13.82	2335.26
	4402.49	0.00	13.81	2329.27
	4402.50	0.00	13.83	2330.25
	4402.52	0.00	13.85	2329.25
	4402.53	0.00	13.86	2328.24
	4402.54	0.00	13.86	2315.20
	4402.55	0.00	13.87	2319.21
	4402.56	0.00	13.88	2314.22
	4402.57	0.00	13.90	2319.20
	4402.59	0.00	13.88	2304.22
	4402.60	0.00	13.97	2324.23
	4402.61	0.00	13.98	2324.21
	4402.62	0.00	14.02	2330.18
	4402.63	0.00	13.89	2295.20
	4402.65	0.00	13.99	2310.13
	4402.66	0.00	13.97	2292.11
	4402.67	0.00	13.84	2261.14
	4402.68	0.00	13.80	2244.13
	4402.69	0.00	13.76	2218.11
	4402.70	0.00	13.70	2187.09
	4402.72	0.00	13.52	2130.10
	4402.73	0.00	13.40	2102.24
	4402.74	0.00	13.31	2073.27
	4402.75	0.00	13.63	2269.31
	4402.76	0.00	13.19	2040.37
	4402.77	0.00	13.16	2036.40
	4402.79	0.00	13.14	2037.44
	4402.80	0.00	13.14	2041.46
	4402.81	0.00	13.14	2038.44
	4402.82	0.00	13.18	2052.43
	4402.83	0.00	13.20	2054.40
	4402.85	0.00	13.19	2049.39
	4402.86	0.00	13.19	2051.39
	4402.87	0.00	13.19	2050.39
	4402.88	0.00	13.20	2051.38
	4402.89	0.00	13.20	2049.38
	4402.90	0.00	13.21	2050.38
	4402.92	0.00	13.22	2053.37
	4402.93	0.00	13.19	2039.37
	4402.94	0.00	13.20	2040.36
	4402.95	0.00	13.19	2042.38
	4402.96	0.00	13.20	2037.36
	4402.97	0.00	13.19	2034.36
	4402.99	0.00	13.20	2034.36
	4403.00	0.00	13.19	2031.37
	4403.01	0.00	13.20	2031.36
	4403.02	0.00	13.21	2038.36
	4403.04	0.00	13.21	2039.36
	4403.05	0.00	13.21	2039.36
	4403.06	0.00	13.21	2042.37
	4403.07	0.00	13.19	2040.41
	4403.08	0.00	13.20	2042.41
	4403.09	0.00	13.20	2043.42
	4403.10	0.00	13.19	2043.43
	4403.12	0.00	13.19	2044.43
	4403.13	0.00	13.19	2047.44
	4403.14	0.00	13.22	2048.37
	4403.15	0.00	13.21	2048.41
	4403.16	0.00	13.22	2050.41
	4403.18	0.00	13.20	2054.44
	4403.19	0.00	13.18	2064.51
	4403.20	0.00	13.24	2069.35
	4403.21	0.00	13.24	2130.48
	4403.22	0.00	13.12	2155.64
	4403.23	0.00	13.04	2180.79
	4403.25	0.00	12.92	2201.88
	4403.26	0.00	12.66	2259.10
	4403.27	0.00	12.58	2279.17
	4403.28	0.00	12.55	2287.20
	4403.29	0.00	12.54	2285.25
	4403.31	0.00	12.56	2294.25
	4403.32	0.00	12.56	2282.20
	4403.33	0.00	12.57	2285.22
	4403.34	0.00	12.58	2288.23
	4403.35	0.00	12.58	2288.24
	4403.37	0.00	12.58	2289.23
	4403.38	0.00	12.56	2292.24
	4403.39	0.00	12.54	2298.22
	4403.40	0.00	12.52	2307.27
	4403.41	0.00	12.51	2310.28
	4403.42	0.00	12.47	2314.30
	4403.44	0.00	12.44	2312.28
	4403.45	0.00	12.43	2317.31
	4403.46	0.00	12.42	2320.33
	4403.47	0.00	12.42	2321.33
	4403.48	0.00	12.41	2322.34
	4403.50	0.00	12.41	2318.34
	4403.51	0.00	12.41	2315.35
	4403.52	0.00	12.42	2314.34
	4403.53	0.00	12.41	2308.31
	4403.54	0.00	12.42	2308.30
	4403.56	0.00	12.42	2307.30
	4403.57	0.00	12.41	2304.32
	4403.58	0.00	12.42	2304.30
	4403.59	0.00	12.42	2305.30
	4403.60	0.00	12.41	2303.30
	4403.61	0.00	12.38	2290.31
	4403.62	0.00	12.39	2293.30
	4403.64	0.00	12.40	2292.30
	4403.65	0.00	12.40	2292.30
	4403.66	0.00	12.40	2290.26
	4403.67	0.00	12.39	2288.30
	4403.68	0.00	12.39	2287.30
	4403.70	0.00	12.39	2284.30
	4403.71	0.00	12.41	2289.30
	4403.72	0.00	12.42	2288.30
	4403.73	0.00	12.42	2286.29
	4403.74	0.00	12.42	2285.30
	4403.76	0.00	12.41	2284.34
	4403.77	0.00	12.43	2283.29
	4403.78	0.00	12.41	2284.35
	4403.79	0.00	12.41	2284.36
	4403.80	0.00	12.41	2285.36
	4403.81	0.00	12.41	2284.35
	4403.83	0.00	12.42	2287.33
	4403.84	0.00	12.42	2286.34
	4403.85	0.00	12.42	2287.35
	4403.86	0.00	12.42	2285.35
	4403.87	0.00	12.43	2284.35
	4403.89	0.00	12.43	2282.35
	4403.90	0.00	12.51	2283.10
	4403.91	0.00	12.51	2284.13
	4403.92	0.00	12.50	2276.13
	4403.93	0.00	12.50	2277.14
	4403.94	0.00	12.45	2266.21
	4403.96	0.00	12.44	2267.27
	4403.97	0.00	12.43	2265.29
	4403.98	0.00	12.44	2261.32
	4403.99	0.00	12.44	2265.33
	4404.00	0.00	12.42	2249.30
	4404.02	0.00	12.42	2250.30
	4404.03	0.00	12.43	2255.30
	4404.04	0.00	12.44	2260.31
	4404.05	0.00	12.45	2260.32
	4404.06	0.00	12.46	2263.30
	4404.08	0.00	12.46	2262.29
	4404.09	0.00	12.47	2269.31
	4404.10	0.00	12.48	2267.31
	4404.11	0.00	12.47	2270.31
	4404.12	0.00	12.47	2268.31
	4404.13	0.00	12.47	2265.28
	4404.15	0.00	12.48	2269.30
	4404.16	0.00	12.48	2269.30
	4404.17	0.00	12.49	2265.31
	4404.18	0.00	12.50	2263.30
	4404.19	0.00	12.52	2260.28
	4404.20	0.00	12.53	2251.25
	4404.22	0.00	12.56	2244.26
	4404.23	0.00	12.59	2243.23
	4404.24	0.00	12.59	2235.23
	4404.25	0.00	12.60	2234.22
	4404.26	0.00	12.61	2231.22
	4404.28	0.00	12.59	2218.22
	4404.29	0.00	12.59	2217.21
	4404.30	0.00	12.63	2208.21
	4404.31	0.00	12.64	2206.20
	4404.32	0.00	12.65	2204.20
	4404.33	0.00	12.66	2202.20
	4404.35	0.00	12.67	2202.20
	4404.36	0.00	12.68	2202.20
	4404.37	0.00	12.68	2200.20
	4404.38	0.00	12.67	2199.23
	4404.39	0.00	12.66	2200.25
	4404.41	0.00	12.66	2200.26
	4404.42	0.00	12.66	2201.29
	4404.43	0.00	12.67	2200.26
	4404.44	0.00	12.67	2201.23
	4404.45	0.00	12.67	2202.25
	4404.46	0.00	12.67	2200.26
	4404.48	0.00	12.67	2202.27
	4404.49	0.00	12.75	2201.03
	4404.50	0.00	12.75	2206.03
	4404.51	0.00	12.74	2198.05
	4404.52	0.00	12.74	2200.07
	4404.54	0.00	12.73	2189.04
	4404.55	0.00	12.69	2187.15
	4404.56	0.00	12.67	2186.19
	4404.57	0.00	12.68	2183.22
	4404.58	0.00	12.69	2182.23
	4404.60	0.00	12.70	2184.20
	4404.61	0.00	12.67	2175.22
	4404.62	0.00	12.68	2176.23
	4404.63	0.00	12.68	2180.23
	4404.64	0.00	12.69	2180.24
	4404.65	0.00	12.68	2181.24
	4404.67	0.00	12.69	2182.21
	4404.68	0.00	12.70	2188.19
	4404.69	0.00	12.70	2189.23
	4404.70	0.00	12.69	2192.24
	4404.71	0.00	12.68	2192.24
	4404.72	0.00	12.67	2194.25
	4404.74	0.00	12.68	2187.22
	4404.75	0.00	12.68	2196.23
	4404.76	0.00	12.67	2203.24
	4404.77	0.00	12.67	2203.24
	4404.79	0.00	12.66	2204.25
	4404.80	0.00	12.65	2206.25
	4404.81	0.00	12.63	2203.22
	4404.82	0.00	12.64	2209.22
	4404.83	0.00	12.62	2210.23
	4404.84	0.00	12.62	2209.23
	4404.85	0.00	12.62	2210.23
	4404.87	0.00	12.61	2215.23
	4404.88	0.00	12.59	2218.24
	4404.89	0.00	12.55	2207.24
	4404.90	0.00	12.55	2208.24
	4404.91	0.00	12.54	2209.24
	4404.93	0.00	12.55	2213.21
	4404.94	0.00	12.54	2214.25
	4404.95	0.00	12.53	2215.25
	4404.96	0.00	12.50	2219.25
	4404.97	0.00	12.50	2222.27
	4404.98	0.00	12.48	2219.26
	4405.00	0.00	12.49	2225.26
	4405.01	0.00	12.48	2227.26
	4405.02	0.00	12.49	2230.26
	4405.03	0.00	12.48	2228.27
	4405.04	0.00	12.47	2225.26
	4405.06	0.00	12.48	2234.25
	4405.07	0.00	12.45	2232.31
	4405.08	0.00	12.45	2232.33
	4405.09	0.00	12.45	2234.32
	4405.10	0.00	12.44	2234.33
	4405.12	0.00	12.44	2235.34
	4405.13	0.00	12.43	2237.35
	4405.14	0.00	12.43	2238.35
	4405.15	0.00	12.44	2240.32
	4405.16	0.00	12.44	2242.33
	4405.17	0.00	12.43	2239.34
	4405.19	0.00	12.43	2244.34
	4405.20	0.00	12.47	2242.21
	4405.21	0.00	12.50	2242.09
	4405.22	0.00	12.50	2244.10
	4405.23	0.00	12.50	2246.10
	4405.25	0.00	12.48	2247.13
	4405.26	0.00	12.47	2243.14
	4405.27	0.00	12.46	2243.15
	4405.28	0.00	12.42	2233.18
	4405.29	0.00	12.38	2234.28
	4405.31	0.00	12.38	2235.29
	4405.32	0.00	12.37	2233.30
	4405.33	0.00	12.37	2231.33
	4405.34	0.00	12.38	2237.33
	4405.35	0.00	12.37	2240.34
	4405.36	0.00	12.35	2225.32
	4405.38	0.00	12.36	2235.33
	4405.39	0.00	12.36	2238.34
	4405.40	0.00	12.37	2236.33
	4405.41	0.00	12.37	2237.34
	4405.42	0.00	12.36	2243.34
	4405.43	0.00	12.36	2246.35
	4405.45	0.00	12.36	2247.32
	4405.46	0.00	12.37	2255.33
	4405.47	0.00	12.37	2256.34
	4405.48	0.00	12.38	2255.30
	4405.49	0.00	12.35	2258.35
	4405.51	0.00	12.34	2259.35
	4405.52	0.00	12.34	2257.32
	4405.53	0.00	12.35	2263.34
	4405.54	0.00	12.35	2261.33
	4405.55	0.00	12.35	2264.34
	4405.56	0.00	12.35	2264.35
	4405.58	0.00	12.35	2267.35
	4405.59	0.00	12.35	2265.34
	4405.60	0.00	12.35	2264.32
	4405.61	0.00	12.35	2264.31
	4405.62	0.00	12.35	2264.31
	4405.64	0.00	12.35	2264.31
	4405.65	0.00	12.35	2264.32
	4405.66	0.00	12.32	2250.31
	4405.67	0.00	12.33	2251.31
	4405.68	0.00	12.33	2253.30
	4405.70	0.00	12.33	2253.31
	4405.71	0.00	12.32	2249.30
	4405.72	0.00	12.34	2252.30
	4405.73	0.00	12.33	2253.30
	4405.74	0.00	12.32	2246.29
	4405.75	0.00	12.34	2253.30
	4405.77	0.00	12.33	2251.30
	4405.78	0.00	12.34	2252.30
	4405.79	0.00	12.35	2252.30
	4405.80	0.00	12.35	2252.29
	4405.81	0.00	12.37	2253.26
	4405.83	0.00	12.33	2248.34
	4405.84	0.00	12.34	2248.35
	4405.85	0.00	12.34	2249.36
	4405.86	0.00	12.33	2248.36
	4405.87	0.00	12.34	2248.36
	4405.88	0.00	12.34	2246.36
	4405.90	0.00	12.35	2244.33
	4405.91	0.00	12.35	2245.33
	4405.92	0.00	12.36	2246.34
	4405.93	0.00	12.36	2242.34
	4405.94	0.00	12.37	2242.34
	4405.96	0.00	12.37	2240.35
	4405.97	0.00	12.37	2238.34
	4405.98	0.00	12.44	2235.12
	4405.99	0.00	12.46	2239.09
	4406.00	0.00	12.45	2242.12
	4406.02	0.00	12.45	2237.13
	4406.03	0.00	12.45	2236.13
	4406.04	0.00	12.44	2238.13
	4406.05	0.00	12.41	2226.15
	4406.06	0.00	12.41	2227.18
	4406.07	0.00	12.38	2229.26
	4406.09	0.00	12.37	2228.29
	4406.10	0.00	12.38	2228.31
	4406.11	0.00	12.37	2229.33
	4406.12	0.00	12.36	2217.28
	4406.13	0.00	12.36	2224.31
	4406.15	0.00	12.36	2228.32
	4406.16	0.00	12.36	2230.33
	4406.17	0.00	12.37	2230.32
	4406.18	0.00	12.38	2232.32
	4406.19	0.00	12.37	2230.32
	4406.20	0.00	12.37	2230.29
	4406.22	0.00	12.38	2244.31
	4406.23	0.00	12.38	2243.31
	4406.24	0.00	12.38	2247.32
	4406.25	0.00	12.38	2247.32
	4406.26	0.00	12.37	2252.33
	4406.28	0.00	12.37	2254.33
	4406.29	0.00	12.36	2249.31
	4406.30	0.00	12.37	2256.32
	4406.31	0.00	12.37	2257.32
	4406.32	0.00	12.37	2258.32
	4406.33	0.00	12.36	2259.33
	4406.35	0.00	12.36	2255.29
	4406.36	0.00	12.37	2257.29
	4406.37	0.00	12.37	2260.30
	4406.38	0.00	12.36	2254.29
	4406.39	0.00	12.37	2257.28
	4406.41	0.00	12.37	2258.28
	4406.42	0.00	12.37	2259.29
	4406.43	0.00	12.34	2244.28
	4406.44	0.00	12.35	2247.28
	4406.45	0.00	12.35	2247.28
	4406.46	0.00	12.35	2247.28
	4406.48	0.00	12.35	2247.28
	4406.49	0.00	12.35	2248.28
	4406.50	0.00	12.35	2248.28
	4406.51	0.00	12.35	2248.28
	4406.52	0.00	12.35	2250.29
	4406.54	0.00	12.37	2252.28
	4406.55	0.00	12.37	2253.28
	4406.56	0.00	12.37	2252.28
	4406.57	0.00	12.36	2252.29
	4406.58	0.00	12.39	2252.24
	4406.60	0.00	12.35	2248.32
	4406.61	0.00	12.35	2249.34
	4406.62	0.00	12.36	2249.34
	4406.63	0.00	12.36	2250.35
	4406.64	0.00	12.36	2250.35
	4406.65	0.00	12.37	2249.35
	4406.67	0.00	12.36	2244.34
	4406.68	0.00	12.38	2246.32
	4406.69	0.00	12.39	2247.32
	4406.70	0.00	12.39	2245.33
	4406.71	0.00	12.39	2244.33
	4406.72	0.00	12.39	2243.33
	4406.74	0.00	12.39	2245.33
	4406.75	0.00	12.48	2243.07
	4406.76	0.00	12.47	2245.09
	4406.77	0.00	12.47	2244.11
	4406.79	0.00	12.46	2240.14
	4406.80	0.00	12.47	2242.12
	4406.81	0.00	12.44	2229.12
	4406.82	0.00	12.42	2229.17
	4406.83	0.00	12.42	2230.18
	4406.84	0.00	12.40	2232.26
	4406.85	0.00	12.41	2230.29
	4406.87	0.00	12.41	2230.30
	4406.88	0.00	12.42	2232.30
	4406.89	0.00	12.39	2217.29
	4406.90	0.00	12.40	2225.30
	4406.91	0.00	12.42	2228.30
	4406.93	0.00	12.42	2226.30
	4406.94	0.00	12.43	2233.29
	4406.95	0.00	12.42	2232.30
	4406.96	0.00	12.42	2231.27
	4406.97	0.00	12.44	2243.28
	4406.98	0.00	12.44	2245.29
	4407.00	0.00	12.43	2247.30
	4407.01	0.00	12.43	2248.30
	4407.02	0.00	12.43	2243.26
	4407.03	0.00	12.43	2244.26
	4407.04	0.00	12.44	2252.29
	4407.06	0.00	12.44	2251.29
	4407.07	0.00	12.44	2252.30
	4407.08	0.00	12.44	2253.30
	4407.09	0.00	12.45	2254.29
	4407.10	0.00	12.45	2253.26
	4407.12	0.00	12.45	2252.25
	4407.13	0.00	12.45	2252.25
	4407.14	0.00	12.46	2254.25
	4407.15	0.00	12.45	2251.25
	4407.16	0.00	12.47	2256.26
	4407.17	0.00	12.44	2245.25
	4407.19	0.00	12.43	2240.25
	4407.20	0.00	12.44	2245.25
	4407.21	0.00	12.44	2247.25
	4407.22	0.00	12.45	2248.25
	4407.23	0.00	12.46	2247.24
	4407.25	0.00	12.46	2249.24
	4407.26	0.00	12.46	2247.25
	4407.27	0.00	12.48	2253.24
	4407.28	0.00	12.50	2251.23
	4407.29	0.00	12.52	2253.20
	4407.31	0.00	12.54	2255.19
	4407.32	0.00	12.53	2250.26
	4407.33	0.00	12.54	2252.28
	4407.34	0.00	12.56	2253.29
	4407.35	0.00	12.57	2255.29
	4407.36	0.00	12.60	2251.26
	4407.37	0.00	12.60	2251.27
	4407.39	0.00	12.59	2252.29
	4407.40	0.00	12.59	2249.28
	4407.41	0.00	12.60	2252.28
	4407.42	0.00	12.63	2246.16
	4407.43	0.00	12.68	2254.05
	4407.45	0.00	12.68	2255.06
	4407.46	0.00	12.67	2249.07
	4407.47	0.00	12.67	2252.08
	4407.48	0.00	12.62	2239.14
	4407.49	0.00	12.59	2238.22
	4407.50	0.00	12.60	2236.24
	4407.52	0.00	12.60	2239.25
	4407.53	0.00	12.61	2239.26
	4407.54	0.00	12.58	2220.22
	4407.55	0.00	12.60	2232.24
	4407.56	0.00	12.61	2235.25
	4407.58	0.00	12.61	2238.26
	4407.59	0.00	12.62	2238.24
	4407.60	0.00	12.62	2237.23
	4407.61	0.00	12.63	2246.25
	4407.62	0.00	12.64	2247.25
	4407.63	0.00	12.64	2244.25
	4407.65	0.00	12.63	2246.26
	4407.66	0.00	12.64	2245.24
	4407.67	0.00	12.65	2247.24
	4407.68	0.00	12.66	2245.24
	4407.69	0.00	12.66	2246.24
	4407.71	0.00	12.66	2247.25
	4407.72	0.00	12.67	2243.20
	4407.73	0.00	12.68	2243.20
	4407.74	0.00	12.68	2242.20
	4407.75	0.00	12.68	2242.20
	4407.77	0.00	12.65	2228.20
	4407.78	0.00	12.66	2230.19
	4407.79	0.00	12.66	2230.20
	4407.80	0.00	12.65	2222.20
	4407.81	0.00	12.66	2231.20
	4407.83	0.00	12.73	2208.19
	4407.84	0.00	12.73	2212.19
	4407.85	0.00	12.74	2213.19
	4407.86	0.00	12.75	2213.17
	4407.87	0.00	12.73	2211.24
	4407.88	0.00	12.73	2212.21
	4407.90	0.00	12.72	2213.26
	4407.91	0.00	12.72	2210.24
	4407.92	0.00	12.73	2211.23
	4407.93	0.00	12.73	2212.25
	4407.94	0.00	12.73	2210.25
	4407.95	0.00	12.72	2210.26
	4407.97	0.00	12.73	2212.26
	4407.98	0.00	12.83	2211.99
	4407.99	0.00	12.82	2210.02
	4408.00	0.00	12.82	2210.04
	4408.01	0.00	12.81	2202.05
	4408.03	0.00	12.80	2203.07
	4408.04	0.00	12.77	2191.09
	4408.05	0.00	12.73	2190.19
	4408.06	0.00	12.75	2187.22
	4408.07	0.00	12.75	2189.22
	4408.08	0.00	12.71	2172.20
	4408.10	0.00	12.73	2184.22
	4408.11	0.00	12.73	2187.23
	4408.12	0.00	12.74	2187.24
	4408.13	0.00	12.73	2189.24
	4408.14	0.00	12.75	2196.22
	4408.16	0.00	12.75	2199.23
	4408.17	0.00	12.74	2198.24
	4408.18	0.00	12.74	2200.24
	4408.19	0.00	12.73	2196.23
	4408.20	0.00	12.74	2201.23
	4408.21	0.00	12.75	2204.23
	4408.23	0.00	12.75	2202.23
	4408.24	0.00	12.74	2202.24
	4408.25	0.00	12.75	2204.22
	4408.26	0.00	12.75	2197.20
	4408.27	0.00	12.75	2201.20
	4408.29	0.00	12.75	2200.20
	4408.30	0.00	12.76	2203.15
	4408.31	0.00	12.74	2201.19
	4408.32	0.00	12.71	2192.19
	4408.33	0.00	12.71	2194.19
	4408.35	0.00	12.71	2195.21
	4408.36	0.00	12.72	2195.19
	4408.37	0.00	12.71	2192.19
	4408.38	0.00	12.72	2200.19
	4408.39	0.00	12.71	2200.22
	4408.40	0.00	12.74	2201.16
	4408.42	0.00	12.71	2199.23
	4408.43	0.00	12.70	2198.24
	4408.44	0.00	12.69	2200.26
	4408.45	0.00	12.69	2202.27
	4408.46	0.00	12.69	2202.27
	4408.47	0.00	12.71	2204.24
	4408.49	0.00	12.70	2203.25
	4408.50	0.00	12.70	2207.26
	4408.51	0.00	12.70	2205.26
	4408.52	0.00	12.69	2207.27
	4408.54	0.00	12.78	2205.02
	4408.55	0.00	12.79	2209.03
	4408.56	0.00	12.78	2205.05
	4408.57	0.00	12.77	2205.06
	4408.58	0.00	12.77	2200.02
	4408.59	0.00	12.73	2194.10
	4408.60	0.00	12.71	2193.15
	4408.62	0.00	12.69	2196.21
	4408.63	0.00	12.70	2193.22
	4408.64	0.00	12.70	2196.24
	4408.65	0.00	12.67	2182.22
	4408.66	0.00	12.68	2190.24
	4408.68	0.00	12.69	2191.24
	4408.69	0.00	12.69	2193.24
	4408.70	0.00	12.69	2194.24
	4408.71	0.00	12.69	2194.22
	4408.72	0.00	12.70	2203.23
	4408.73	0.00	12.70	2202.24
	4408.75	0.00	12.70	2204.24
	4408.76	0.00	12.69	2201.22
	4408.77	0.00	12.70	2207.23
	4408.78	0.00	12.70	2209.24
	4408.79	0.00	12.70	2208.24
	4408.81	0.00	12.70	2208.24
	4408.82	0.00	12.70	2205.20
	4408.83	0.00	12.70	2206.20
	4408.84	0.00	12.71	2206.19
	4408.85	0.00	12.71	2205.19
	4408.87	0.00	12.71	2205.19
	4408.88	0.00	12.71	2205.19
	4408.89	0.00	12.68	2190.19
	4408.90	0.00	12.68	2190.19
	4408.91	0.00	12.69	2188.19
	4408.92	0.00	12.70	2187.19
	4408.94	0.00	12.69	2186.19
	4408.95	0.00	12.69	2181.18
	4408.96	0.00	12.70	2185.16
	4408.97	0.00	12.70	2186.18
	4408.98	0.00	12.71	2185.18
	4409.00	0.00	12.71	2182.18
	4409.01	0.00	12.71	2183.18
	4409.02	0.00	12.72	2181.18
	4409.03	0.00	12.71	2179.20
	4409.04	0.00	12.69	2179.23
	4409.06	0.00	12.69	2179.24
	4409.07	0.00	12.69	2177.24
	4409.08	0.00	12.69	2178.24
	4409.09	0.00	12.70	2178.25
	4409.10	0.00	12.71	2177.21
	4409.11	0.00	12.70	2177.22
	4409.12	0.00	12.71	2178.23
	4409.14	0.00	12.71	2175.23
	4409.15	0.00	12.71	2176.24
	4409.16	0.00	12.72	2171.24
	4409.17	0.00	12.83	2168.98
	4409.18	0.00	12.84	2165.01
	4409.20	0.00	12.83	2158.02
	4409.21	0.00	12.83	2158.02
	4409.22	0.00	12.80	2145.04
	4409.23	0.00	12.76	2146.15
	4409.24	0.00	12.77	2141.18
	4409.25	0.00	12.77	2141.19
	4409.27	0.00	12.77	2142.19
	4409.28	0.00	12.79	2141.15
	4409.29	0.00	12.76	2127.17
	4409.30	0.00	12.76	2135.19
	4409.31	0.00	12.79	2133.18
	4409.33	0.00	12.78	2136.19
	4409.34	0.00	12.77	2137.19
	4409.35	0.00	12.79	2138.16
	4409.36	0.00	12.79	2138.17
	4409.37	0.00	12.80	2144.17
	4409.38	0.00	12.80	2139.17
	4409.40	0.00	12.79	2140.18
	4409.41	0.00	12.79	2140.18
	4409.42	0.00	12.79	2133.15
	4409.43	0.00	12.79	2132.16
	4409.44	0.00	12.78	2127.16
	4409.46	0.00	12.77	2121.16
	4409.47	0.00	12.76	2118.15
	4409.48	0.00	12.77	2116.15
	4409.49	0.00	12.76	2116.16
	4409.50	0.00	12.77	2116.14
	4409.52	0.00	12.77	2115.12
	4409.53	0.00	12.78	2105.10
	4409.54	0.00	12.78	2107.10
	4409.55	0.00	12.80	2106.09
	4409.56	0.00	12.81	2104.08
	4409.58	0.00	12.82	2101.07
	4409.59	0.00	12.84	2097.06
	4409.60	0.00	12.84	2099.05
	4409.61	0.00	12.84	2098.05
	4409.62	0.00	12.84	2100.05
	4409.63	0.00	12.80	2092.06
	4409.65	0.00	12.79	2095.08
	4409.66	0.00	12.79	2101.08
	4409.67	0.00	12.78	2104.09
	4409.68	0.00	12.78	2108.10
	4409.69	0.00	12.78	2110.12
	4409.70	0.00	12.79	2115.12
	4409.72	0.00	12.78	2117.13
	4409.73	0.00	12.76	2116.14
	4409.74	0.00	12.77	2122.16
	4409.75	0.00	12.77	2128.16
	4409.76	0.00	12.75	2134.17
	4409.78	0.00	12.74	2140.18
	4409.79	0.00	12.70	2156.20
	4409.80	0.00	12.67	2175.22
	4409.81	0.00	12.59	2197.22
	4409.82	0.00	12.54	2208.27
	4409.83	0.00	12.50	2220.30
	4409.85	0.00	12.47	2227.32
	4409.86	0.00	12.47	2241.32
	4409.87	0.00	12.45	2245.33
	4409.88	0.00	12.46	2250.30
	4409.89	0.00	12.45	2255.31
	4409.91	0.00	12.43	2259.35
	4409.92	0.00	12.43	2262.33
	4409.93	0.00	12.42	2266.34
	4409.94	0.00	12.46	2269.20
	4409.95	0.00	12.49	2270.09
	4409.96	0.00	12.48	2281.12
	4409.98	0.00	12.47	2280.14
	4409.99	0.00	12.47	2285.15
	4410.00	0.00	12.46	2276.11
	4410.01	0.00	12.40	2280.28
	4410.02	0.00	12.42	2280.30
	4410.04	0.00	12.44	2285.30
	4410.05	0.00	12.43	2273.28
	4410.06	0.00	12.47	2287.27
	4410.07	0.00	12.50	2291.28
	4410.08	0.00	12.53	2291.28
	4410.10	0.00	12.55	2293.28
	4410.11	0.00	12.56	2289.26
	4410.12	0.00	12.61	2301.25
	4410.13	0.00	12.63	2299.24
	4410.14	0.00	12.65	2293.24
	4410.15	0.00	12.66	2291.23
	4410.17	0.00	12.66	2291.23
	4410.18	0.00	12.66	2292.23
	4410.19	0.00	12.67	2299.24
	4410.20	0.00	12.65	2303.25
	4410.21	0.00	12.65	2306.26
	4410.22	0.00	12.64	2302.21
	4410.24	0.00	12.66	2307.19
	4410.25	0.00	12.66	2312.19
	4410.26	0.00	12.66	2310.19
	4410.27	0.00	12.66	2309.19
	4410.29	0.00	12.65	2308.19
	4410.30	0.00	12.63	2299.19
	4410.31	0.00	12.62	2298.19
	4410.32	0.00	12.63	2298.19
	4410.33	0.00	12.62	2300.19
	4410.34	0.00	12.63	2296.19
	4410.35	0.00	12.64	2303.19
	4410.37	0.00	12.64	2304.19
	4410.38	0.00	12.66	2305.18
	4410.39	0.00	12.66	2303.18
	4410.40	0.00	12.64	2301.22
	4410.41	0.00	12.64	2305.24
	4410.43	0.00	12.64	2307.25
	4410.44	0.00	12.65	2310.25
	4410.45	0.00	12.64	2314.26
	4410.46	0.00	12.66	2321.23
	4410.47	0.00	12.66	2324.26
	4410.48	0.00	12.66	2332.27
	4410.50	0.00	12.65	2339.28
	4410.51	0.00	12.65	2350.29
	4410.52	0.00	12.71	2359.11
	4410.53	0.00	12.71	2370.13
	4410.54	0.00	12.71	2377.14
	4410.56	0.00	12.70	2380.15
	4410.57	0.00	12.68	2394.16
	4410.58	0.00	12.63	2391.29
	4410.59	0.00	12.62	2393.33
	4410.60	0.00	12.63	2396.34
	4410.61	0.00	12.64	2400.33
	4410.63	0.00	12.65	2398.33
	4410.64	0.00	12.66	2394.29
	4410.65	0.00	12.69	2401.29
	4410.66	0.00	12.70	2401.29
	4410.67	0.00	12.73	2400.29
	4410.69	0.00	12.77	2399.28
	4410.70	0.00	12.83	2393.25
	4410.71	0.00	12.89	2391.24
	4410.72	0.00	13.01	2352.23
	4410.73	0.00	13.07	2341.21
	4410.74	0.00	13.11	2335.20
	4410.76	0.00	13.17	2325.17
	4410.77	0.00	13.24	2316.10
	4410.78	0.00	13.31	2304.04
	4410.79	0.00	13.36	2312.98
	4410.80	0.00	13.50	2334.89
	4410.81	0.00	13.54	2328.77
	4410.83	0.00	13.59	2338.67
	4410.84	0.00	13.62	2339.60
	4410.85	0.00	13.65	2341.53
	4410.86	0.00	13.67	2341.50
	4410.87	0.00	13.70	2338.45
	4410.89	0.00	13.81	2362.46
	4410.90	0.00	13.82	2357.46
	4410.91	0.00	13.82	2356.46
	4410.92	0.00	13.83	2344.45
	4410.93	0.00	13.87	2357.44
	4410.94	0.00	13.86	2352.44
	4410.96	0.00	13.88	2356.44
	4410.97	0.00	13.91	2355.42
	4410.98	0.00	13.89	2345.43
	4410.99	0.00	13.88	2340.43
	4411.00	0.00	13.87	2332.43
	4411.02	0.00	13.83	2318.45
	4411.03	0.00	13.81	2299.42
	4411.04	0.00	13.65	2259.46
	4411.05	0.00	13.61	2239.47
	4411.06	0.00	13.56	2214.47
	4411.08	0.00	13.49	2186.48
	4411.09	0.00	13.44	2165.48
	4411.10	0.00	13.29	2119.49
	4411.11	0.00	13.25	2098.49
	4411.12	0.00	13.20	2073.50
	4411.13	0.00	13.16	2055.51
	4411.15	0.00	13.14	2044.50
	4411.16	0.00	13.15	2038.46
	4411.17	0.00	13.13	2031.46
	4411.18	0.00	13.12	2030.48
	4411.19	0.00	13.12	2028.47
	4411.20	0.00	13.13	2029.47
	4411.22	0.00	13.14	2041.48
	4411.23	0.00	13.13	2034.48
	4411.24	0.00	13.13	2034.49
	4411.25	0.00	13.12	2027.48
	4411.26	0.00	13.19	2025.29
	4411.28	0.00	13.19	2020.29
	4411.29	0.00	13.21	2019.22
	4411.30	0.00	13.18	2015.31
	4411.31	0.00	13.20	2027.32
	4