917.31
	4025.42	0.00	12.45	1918.28
	4025.43	0.00	12.44	1919.27
	4025.44	0.00	12.44	1917.27
	4025.45	0.00	12.45	1919.27
	4025.46	0.00	12.44	1919.27
	4025.48	0.00	12.44	1919.27
	4025.49	0.00	12.44	1919.27
	4025.50	0.00	12.44	1920.27
	4025.51	0.00	12.41	1907.27
	4025.52	0.00	12.41	1907.27
	4025.53	0.00	12.41	1908.27
	4025.55	0.00	12.41	1907.27
	4025.56	0.00	12.41	1909.27
	4025.57	0.00	12.42	1906.26
	4025.58	0.00	12.42	1908.26
	4025.59	0.00	12.42	1908.26
	4025.61	0.00	12.41	1904.25
	4025.62	0.00	12.41	1904.26
	4025.63	0.00	12.42	1907.26
	4025.64	0.00	12.41	1907.26
	4025.65	0.00	12.41	1909.27
	4025.66	0.00	12.40	1907.27
	4025.68	0.00	12.41	1904.23
	4025.69	0.00	12.39	1906.30
	4025.70	0.00	12.37	1905.33
	4025.71	0.00	12.36	1906.35
	4025.72	0.00	12.35	1908.36
	4025.74	0.00	12.35	1907.32
	4025.75	0.00	12.33	1913.37
	4025.76	0.00	12.32	1911.37
	4025.77	0.00	12.33	1912.33
	4025.78	0.00	12.32	1914.35
	4025.79	0.00	12.31	1914.36
	4025.81	0.00	12.30	1912.37
	4025.82	0.00	12.30	1913.37
	4025.83	0.00	12.29	1912.38
	4025.84	0.00	12.30	1914.37
	4025.85	0.00	12.39	1911.07
	4025.87	0.00	12.40	1914.08
	4025.88	0.00	12.39	1916.11
	4025.89	0.00	12.36	1913.13
	4025.90	0.00	12.34	1912.14
	4025.91	0.00	12.34	1899.08
	4025.92	0.00	12.26	1900.27
	4025.94	0.00	12.26	1904.29
	4025.95	0.00	12.26	1899.30
	4025.96	0.00	12.27	1900.32
	4025.97	0.00	12.27	1906.33
	4025.98	0.00	12.21	1881.33
	4026.00	0.00	12.23	1892.35
	4026.01	0.00	12.24	1893.35
	4026.02	0.00	12.25	1890.35
	4026.03	0.00	12.25	1893.36
	4026.04	0.00	12.25	1896.36
	4026.05	0.00	12.25	1899.36
	4026.07	0.00	12.24	1893.32
	4026.08	0.00	12.27	1906.33
	4026.09	0.00	12.27	1909.34
	4026.10	0.00	12.27	1907.35
	4026.11	0.00	12.28	1906.35
	4026.13	0.00	12.28	1906.35
	4026.14	0.00	12.27	1902.35
	4026.15	0.00	12.27	1898.30
	4026.16	0.00	12.26	1908.35
	4026.17	0.00	12.26	1913.35
	4026.18	0.00	12.26	1913.36
	4026.20	0.00	12.25	1916.36
	4026.21	0.00	12.24	1916.37
	4026.22	0.00	12.24	1912.33
	4026.23	0.00	12.22	1910.33
	4026.24	0.00	12.23	1915.33
	4026.26	0.00	12.22	1916.34
	4026.27	0.00	12.22	1912.33
	4026.28	0.00	12.22	1916.33
	4026.29	0.00	12.21	1910.33
	4026.30	0.00	12.19	1905.33
	4026.31	0.00	12.21	1909.31
	4026.33	0.00	12.20	1910.32
	4026.34	0.00	12.21	1907.32
	4026.35	0.00	12.21	1907.32
	4026.36	0.00	12.21	1906.32
	4026.37	0.00	12.21	1906.32
	4026.39	0.00	12.21	1905.32
	4026.40	0.00	12.22	1909.32
	4026.41	0.00	12.23	1905.32
	4026.42	0.00	12.24	1907.31
	4026.43	0.00	12.24	1906.31
	4026.44	0.00	12.24	1905.31
	4026.46	0.00	12.23	1907.34
	4026.47	0.00	12.24	1908.33
	4026.48	0.00	12.22	1906.38
	4026.49	0.00	12.22	1902.38
	4026.50	0.00	12.23	1905.38
	4026.52	0.00	12.23	1906.39
	4026.53	0.00	12.23	1906.39
	4026.54	0.00	12.24	1905.35
	4026.55	0.00	12.24	1903.36
	4026.56	0.00	12.26	1905.33
	4026.57	0.00	12.23	1902.37
	4026.59	0.00	12.23	1903.38
	4026.60	0.00	12.23	1905.38
	4026.61	0.00	12.24	1906.38
	4026.62	0.00	12.23	1908.39
	4026.63	0.00	12.35	1909.08
	4026.64	0.00	12.34	1911.11
	4026.66	0.00	12.33	1907.13
	4026.67	0.00	12.32	1904.14
	4026.68	0.00	12.33	1907.14
	4026.69	0.00	12.32	1906.14
	4026.70	0.00	12.32	1905.14
	4026.72	0.00	12.28	1892.13
	4026.73	0.00	12.24	1894.26
	4026.74	0.00	12.22	1893.31
	4026.75	0.00	12.24	1891.32
	4026.76	0.00	12.23	1890.33
	4026.77	0.00	12.23	1893.34
	4026.79	0.00	12.24	1894.33
	4026.80	0.00	12.24	1899.34
	4026.81	0.00	12.19	1873.33
	4026.82	0.00	12.19	1884.36
	4026.83	0.00	12.21	1889.36
	4026.85	0.00	12.21	1886.37
	4026.86	0.00	12.21	1893.37
	4026.87	0.00	12.21	1896.37
	4026.88	0.00	12.20	1888.34
	4026.89	0.00	12.21	1895.34
	4026.90	0.00	12.21	1897.34
	4026.92	0.00	12.24	1907.32
	4026.93	0.00	12.21	1903.36
	4026.94	0.00	12.22	1905.37
	4026.95	0.00	12.22	1911.37
	4026.96	0.00	12.21	1911.37
	4026.98	0.00	12.21	1912.36
	4026.99	0.00	12.21	1911.35
	4027.00	0.00	12.22	1915.37
	4027.01	0.00	12.21	1912.37
	4027.02	0.00	12.21	1914.39
	4027.03	0.00	12.22	1918.38
	4027.05	0.00	12.22	1918.38
	4027.06	0.00	12.21	1913.34
	4027.07	0.00	12.21	1914.34
	4027.08	0.00	12.22	1913.34
	4027.09	0.00	12.22	1913.34
	4027.11	0.00	12.22	1916.33
	4027.12	0.00	12.23	1915.33
	4027.13	0.00	12.22	1915.34
	4027.14	0.00	12.21	1914.33
	4027.15	0.00	12.19	1905.33
	4027.16	0.00	12.20	1907.33
	4027.18	0.00	12.19	1906.34
	4027.19	0.00	12.20	1907.33
	4027.20	0.00	12.20	1907.33
	4027.21	0.00	12.19	1907.33
	4027.22	0.00	12.18	1907.33
	4027.24	0.00	12.18	1904.30
	4027.25	0.00	12.17	1905.34
	4027.26	0.00	12.17	1910.34
	4027.27	0.00	12.18	1912.34
	4027.28	0.00	12.20	1913.28
	4027.29	0.00	12.17	1915.34
	4027.31	0.00	12.17	1913.34
	4027.32	0.00	12.15	1914.38
	4027.33	0.00	12.12	1919.42
	4027.34	0.00	12.12	1924.42
	4027.35	0.00	12.11	1923.42
	4027.37	0.00	12.10	1926.43
	4027.38	0.00	12.05	1941.44
	4027.39	0.00	12.05	1942.42
	4027.40	0.00	12.04	1946.41
	4027.41	0.00	12.03	1952.42
	4027.42	0.00	11.99	1961.43
	4027.44	0.00	11.96	1971.45
	4027.45	0.00	11.95	1979.45
	4027.46	0.00	12.03	1974.17
	4027.47	0.00	12.03	1980.16
	4027.48	0.00	12.01	1985.19
	4027.50	0.00	12.01	1984.20
	4027.51	0.00	11.99	1979.21
	4027.52	0.00	11.99	1983.22
	4027.53	0.00	11.98	1973.18
	4027.54	0.00	11.92	1969.31
	4027.55	0.00	11.89	1970.38
	4027.57	0.00	11.89	1969.39
	4027.58	0.00	11.90	1968.39
	4027.59	0.00	11.90	1965.41
	4027.60	0.00	11.90	1965.42
	4027.61	0.00	11.86	1944.38
	4027.63	0.00	11.86	1950.43
	4027.64	0.00	11.86	1954.45
	4027.65	0.00	11.89	1953.45
	4027.66	0.00	11.89	1956.45
	4027.67	0.00	11.88	1955.45
	4027.69	0.00	11.88	1956.46
	4027.70	0.00	11.86	1941.41
	4027.71	0.00	11.90	1962.42
	4027.72	0.00	11.91	1967.43
	4027.73	0.00	11.91	1965.44
	4027.75	0.00	11.90	1966.45
	4027.76	0.00	11.90	1967.45
	4027.77	0.00	11.90	1966.45
	4027.78	0.00	11.90	1965.42
	4027.79	0.00	11.90	1971.46
	4027.80	0.00	11.91	1973.44
	4027.82	0.00	11.91	1971.45
	4027.83	0.00	11.91	1973.45
	4027.84	0.00	11.92	1970.42
	4027.85	0.00	11.91	1968.41
	4027.86	0.00	11.92	1970.41
	4027.87	0.00	11.92	1971.40
	4027.89	0.00	11.92	1973.40
	4027.90	0.00	11.91	1968.40
	4027.91	0.00	11.93	1974.40
	4027.92	0.00	11.90	1963.40
	4027.93	0.00	11.89	1961.40
	4027.95	0.00	11.89	1964.41
	4027.96	0.00	11.90	1964.40
	4027.97	0.00	11.90	1965.40
	4027.98	0.00	11.90	1964.40
	4027.99	0.00	11.92	1966.34
	4028.01	0.00	11.89	1961.40
	4028.02	0.00	11.89	1964.40
	4028.03	0.00	11.90	1966.40
	4028.04	0.00	11.89	1968.42
	4028.05	0.00	11.90	1969.40
	4028.06	0.00	11.90	1968.40
	4028.08	0.00	11.90	1969.39
	4028.09	0.00	11.87	1969.45
	4028.10	0.00	11.87	1970.46
	4028.11	0.00	11.86	1968.47
	4028.12	0.00	11.87	1971.47
	4028.14	0.00	11.87	1975.48
	4028.15	0.00	11.86	1972.47
	4028.16	0.00	11.88	1974.44
	4028.17	0.00	11.87	1976.45
	4028.18	0.00	11.87	1977.46
	4028.19	0.00	11.86	1977.47
	4028.21	0.00	11.86	1980.47
	4028.22	0.00	11.95	1976.19
	4028.23	0.00	11.95	1982.20
	4028.24	0.00	11.95	1985.22
	4028.25	0.00	11.95	1986.21
	4028.27	0.00	11.94	1978.23
	4028.28	0.00	11.93	1977.24
	4028.29	0.00	11.93	1980.24
	4028.30	0.00	11.88	1966.27
	4028.31	0.00	11.85	1967.38
	4028.32	0.00	11.85	1964.42
	4028.34	0.00	11.85	1964.42
	4028.35	0.00	11.85	1966.43
	4028.36	0.00	11.83	1959.43
	4028.37	0.00	11.77	1932.41
	4028.38	0.00	11.78	1942.44
	4028.40	0.00	11.80	1950.46
	4028.41	0.00	11.82	1949.46
	4028.42	0.00	11.80	1952.46
	4028.43	0.00	11.80	1952.47
	4028.44	0.00	11.79	1944.43
	4028.45	0.00	11.83	1959.44
	4028.47	0.00	11.84	1966.44
	4028.48	0.00	11.84	1962.45
	4028.49	0.00	11.83	1965.45
	4028.50	0.00	11.82	1962.46
	4028.51	0.00	11.83	1962.44
	4028.53	0.00	11.84	1965.44
	4028.54	0.00	11.83	1964.45
	4028.55	0.00	11.83	1967.46
	4028.56	0.00	11.84	1966.45
	4028.57	0.00	11.84	1967.45
	4028.58	0.00	11.84	1962.41
	4028.60	0.00	11.85	1962.42
	4028.61	0.00	11.85	1963.41
	4028.62	0.00	11.86	1963.41
	4028.63	0.00	11.86	1961.40
	4028.64	0.00	11.86	1963.40
	4028.66	0.00	11.87	1963.40
	4028.67	0.00	11.84	1953.40
	4028.68	0.00	11.84	1953.40
	4028.69	0.00	11.84	1952.40
	4028.70	0.00	11.84	1951.40
	4028.72	0.00	11.84	1954.40
	4028.73	0.00	11.84	1952.40
	4028.74	0.00	11.83	1950.40
	4028.75	0.00	11.82	1949.41
	4028.76	0.00	11.82	1953.40
	4028.77	0.00	11.82	1955.40
	4028.79	0.00	11.82	1953.40
	4028.80	0.00	11.83	1954.37
	4028.81	0.00	11.81	1950.40
	4028.82	0.00	11.79	1952.44
	4028.83	0.00	11.79	1951.46
	4028.85	0.00	11.79	1950.46
	4028.86	0.00	11.78	1951.48
	4028.87	0.00	11.80	1951.43
	4028.88	0.00	11.79	1950.44
	4028.89	0.00	11.79	1951.44
	4028.91	0.00	11.79	1953.45
	4028.92	0.00	11.79	1953.46
	4028.93	0.00	11.79	1953.46
	4028.94	0.00	11.79	1955.47
	4028.95	0.00	11.90	1956.14
	4028.96	0.00	11.86	1948.20
	4028.98	0.00	11.87	1952.22
	4028.99	0.00	11.87	1952.22
	4029.00	0.00	11.86	1952.23
	4029.01	0.00	11.87	1953.22
	4029.02	0.00	11.85	1942.19
	4029.04	0.00	11.80	1937.30
	4029.05	0.00	11.77	1939.38
	4029.06	0.00	11.78	1933.41
	4029.07	0.00	11.79	1937.42
	4029.08	0.00	11.78	1928.38
	4029.09	0.00	11.73	1911.39
	4029.11	0.00	11.75	1922.44
	4029.12	0.00	11.75	1922.44
	4029.13	0.00	11.78	1924.45
	4029.14	0.00	11.78	1928.45
	4029.15	0.00	11.78	1930.45
	4029.17	0.00	11.79	1927.42
	4029.18	0.00	11.81	1939.43
	4029.19	0.00	11.81	1936.43
	4029.20	0.00	11.81	1939.44
	4029.21	0.00	11.82	1937.41
	4029.22	0.00	11.80	1933.41
	4029.24	0.00	11.82	1936.42
	4029.25	0.00	11.82	1939.43
	4029.26	0.00	11.84	1938.40
	4029.27	0.00	11.83	1938.44
	4029.28	0.00	11.83	1939.44
	4029.30	0.00	11.84	1933.40
	4029.31	0.00	11.84	1935.41
	4029.32	0.00	11.84	1932.39
	4029.33	0.00	11.85	1932.39
	4029.34	0.00	11.85	1931.39
	4029.36	0.00	11.86	1932.36
	4029.37	0.00	11.85	1928.39
	4029.38	0.00	11.83	1925.39
	4029.39	0.00	11.84	1924.39
	4029.40	0.00	11.85	1921.39
	4029.41	0.00	11.85	1919.39
	4029.43	0.00	11.87	1922.39
	4029.44	0.00	11.86	1918.39
	4029.45	0.00	11.85	1913.39
	4029.46	0.00	11.85	1914.40
	4029.47	0.00	11.86	1917.38
	4029.49	0.00	11.85	1916.39
	4029.50	0.00	11.86	1916.38
	4029.51	0.00	11.88	1916.32
	4029.52	0.00	11.87	1914.38
	4029.53	0.00	11.85	1916.41
	4029.54	0.00	11.84	1914.44
	4029.56	0.00	11.84	1914.47
	4029.57	0.00	11.85	1916.46
	4029.58	0.00	11.84	1917.46
	4029.59	0.00	11.85	1917.45
	4029.60	0.00	11.84	1913.43
	4029.62	0.00	11.86	1915.42
	4029.63	0.00	11.86	1919.44
	4029.64	0.00	11.86	1917.44
	4029.65	0.00	11.87	1915.44
	4029.66	0.00	11.88	1913.44
	4029.67	0.00	11.88	1914.45
	4029.69	0.00	11.95	1905.19
	4029.70	0.00	11.98	1915.16
	4029.71	0.00	11.98	1915.18
	4029.72	0.00	11.97	1907.20
	4029.73	0.00	11.97	1909.21
	4029.75	0.00	11.94	1902.21
	4029.76	0.00	11.95	1896.15
	4029.77	0.00	11.93	1894.18
	4029.78	0.00	11.89	1898.34
	4029.79	0.00	11.88	1896.38
	4029.81	0.00	11.89	1892.40
	4029.82	0.00	11.89	1898.40
	4029.83	0.00	11.83	1873.39
	4029.84	0.00	11.86	1885.41
	4029.85	0.00	11.86	1886.42
	4029.86	0.00	11.86	1889.43
	4029.88	0.00	11.88	1886.43
	4029.89	0.00	11.87	1892.43
	4029.90	0.00	11.88	1885.39
	4029.91	0.00	11.90	1898.41
	4029.92	0.00	11.91	1903.41
	4029.94	0.00	11.91	1902.42
	4029.95	0.00	11.90	1902.42
	4029.96	0.00	11.90	1902.42
	4029.97	0.00	11.91	1905.42
	4029.98	0.00	11.90	1904.42
	4030.00	0.00	11.91	1901.40
	4030.01	0.00	11.91	1905.41
	4030.02	0.00	11.91	1905.42
	4030.03	0.00	11.92	1906.42
	4030.04	0.00	11.92	1906.42
	4030.05	0.00	11.93	1905.38
	4030.07	0.00	11.91	1897.40
	4030.08	0.00	11.92	1901.38
	4030.09	0.00	11.93	1901.37
	4030.10	0.00	11.94	1903.37
	4030.11	0.00	11.94	1903.38
	4030.13	0.00	11.95	1904.37
	4030.14	0.00	11.94	1900.37
	4030.15	0.00	11.91	1890.37
	4030.16	0.00	11.92	1891.38
	4030.17	0.00	11.92	1891.37
	4030.18	0.00	11.94	1889.37
	4030.20	0.00	11.95	1889.37
	4030.21	0.00	11.95	1888.37
	4030.22	0.00	11.94	1885.37
	4030.23	0.00	11.95	1888.36
	4030.24	0.00	11.94	1887.37
	4030.26	0.00	11.95	1892.36
	4030.27	0.00	11.95	1890.37
	4030.28	0.00	11.94	1892.37
	4030.29	0.00	11.93	1890.41
	4030.30	0.00	11.92	1889.43
	4030.31	0.00	11.91	1891.45
	4030.33	0.00	11.92	1894.44
	4030.34	0.00	11.93	1893.39
	4030.35	0.00	11.93	1893.40
	4030.36	0.00	11.93	1895.40
	4030.37	0.00	11.93	1896.42
	4030.39	0.00	11.92	1895.43
	4030.40	0.00	11.92	1897.43
	4030.41	0.00	11.92	1899.43
	4030.42	0.00	12.02	1896.15
	4030.43	0.00	12.03	1900.13
	4030.44	0.00	12.02	1901.16
	4030.46	0.00	12.01	1899.18
	4030.47	0.00	12.00	1895.19
	4030.48	0.00	12.00	1895.19
	4030.49	0.00	11.99	1883.12
	4030.50	0.00	11.93	1882.27
	4030.52	0.00	11.9135.22
	4073.56	0.00	12.34	1837.22
	4073.57	0.00	12.34	1836.18
	4073.58	0.00	12..53	0.00	12.32	1830.20
	4073.54	0.00	12.33	1835.22
	4073.56	0.00	12.34	1837.22
	4073.57	0.00	12.34	1836.18
	4073.58	0.00	12.35	1846.20
	4073.59	0.00	12.36	1848.20
	4073.60	0.00	12.36	1849.21
	4073.62	0.00	12.35	1849.21
	4073.63	0.00	12.35	1849.21
	4073.64	0.00	12.35	1849.19
	4073.65	0.00	12.35	1853.21
	4073.66	0.00	12.36	1854.21
	4073.67	0.00	12.36	1853.21
	4073.69	0.00	12.36	1854.21
	4073.70	0.00	12.36	1848.17
	4073.71	0.00	12.37	1852.17
	4073.72	0.00	12.36	1850.17
	4073.73	0.00	12.37	1851.16
	4073.75	0.00	12.37	1853.16
	4073.76	0.00	12.38	1855.16
	4073.77	0.00	12.37	1852.16
	4073.78	0.00	12.37	1849.16
	4073.79	0.00	12.36	1843.14
	4073.80	0.00	12.35	1843.15
	4073.82	0.00	12.35	1842.15
	4073.83	0.00	12.35	1843.15
	4073.84	0.00	12.34	1842.17
	4073.85	0.00	12.36	1844.15
	4073.86	0.00	12.36	1843.15
	4073.87	0.00	12.34	1836.15
	4073.89	0.00	12.35	1837.15
	4073.90	0.00	12.35	1838.15
	4073.91	0.00	12.36	1843.15
	4073.92	0.00	12.36	1844.15
	4073.93	0.00	12.35	1841.17
	4073.95	0.00	12.37	1844.15
	4073.96	0.00	12.37	1843.14
	4073.97	0.00	12.35	1844.19
	4073.98	0.00	12.36	1845.19
	4073.99	0.00	12.35	1844.21
	4074.00	0.00	12.34	1843.22
	4074.02	0.00	12.35	1846.22
	4074.03	0.00	12.34	1845.23
	4074.04	0.00	12.37	1847.18
	4074.05	0.00	12.36	1848.20
	4074.06	0.00	12.36	1846.21
	4074.08	0.00	12.36	1849.20
	4074.09	0.00	12.36	1850.22
	4074.10	0.00	12.47	1848.92
	4074.11	0.00	12.47	1854.95
	4074.12	0.00	12.48	1852.93
	4074.13	0.00	12.44	1838.97
	4074.15	0.00	12.44	1846.98
	4074.16	0.00	12.46	1839.89
	4074.17	0.00	12.39	1836.05
	4074.18	0.00	12.37	1832.08
	4074.19	0.00	12.37	1837.10
	4074.21	0.00	12.37	1829.14
	4074.22	0.00	12.37	1834.16
	4074.23	0.00	12.33	1812.13
	4074.24	0.00	12.33	1820.18
	4074.25	0.00	12.34	1828.19
	4074.26	0.00	12.34	1828.20
	4074.28	0.00	12.34	1829.20
	4074.29	0.00	12.33	1824.16
	4074.30	0.00	12.35	1832.16
	4074.31	0.00	12.36	1842.18
	4074.32	0.00	12.36	1842.19
	4074.33	0.00	12.37	1846.19
	4074.35	0.00	12.37	1847.19
	4074.36	0.00	12.37	1844.15
	4074.37	0.00	12.36	1848.19
	4074.38	0.00	12.37	1851.19
	4074.39	0.00	12.37	1849.20
	4074.41	0.00	12.37	1850.20
	4074.42	0.00	12.37	1852.20
	4074.43	0.00	12.38	1854.20
	4074.44	0.00	12.37	1847.16
	4074.45	0.00	12.38	1849.15
	4074.46	0.00	12.38	1851.16
	4074.48	0.00	12.39	1853.14
	4074.49	0.00	12.39	1849.14
	4074.50	0.00	12.39	1852.14
	4074.51	0.00	12.39	1853.14
	4074.52	0.00	12.38	1848.14
	4074.53	0.00	12.36	1840.14
	4074.55	0.00	12.37	1842.14
	4074.56	0.00	12.37	1841.13
	4074.57	0.00	12.38	1843.14
	4074.58	0.00	12.37	1841.14
	4074.59	0.00	12.38	1842.13
	4074.61	0.00	12.38	1841.15
	4074.62	0.00	12.36	1832.14
	4074.63	0.00	12.37	1836.14
	4074.64	0.00	12.38	1840.14
	4074.65	0.00	12.38	1841.14
	4074.66	0.00	12.38	1841.14
	4074.68	0.00	12.40	1843.10
	4074.69	0.00	12.38	1842.14
	4074.70	0.00	12.39	1842.13
	4074.71	0.00	12.36	1841.19
	4074.72	0.00	12.36	1842.20
	4074.74	0.00	12.36	1844.21
	4074.75	0.00	12.35	1843.23
	4074.76	0.00	12.38	1844.17
	4074.77	0.00	12.37	1845.18
	4074.78	0.00	12.37	1845.19
	4074.80	0.00	12.37	1848.21
	4074.81	0.00	12.37	1847.20
	4074.82	0.00	12.37	1849.21
	4074.83	0.00	12.45	1842.95
	4074.84	0.00	12.50	1850.88
	4074.85	0.00	12.47	1852.95
	4074.87	0.00	12.46	1846.97
	4074.88	0.00	12.46	1843.97
	4074.89	0.00	12.45	1846.98
	4074.90	0.00	12.45	1846.98
	4074.91	0.00	12.41	1835.01
	4074.92	0.00	12.37	1835.10
	4074.94	0.00	12.37	1829.13
	4074.95	0.00	12.38	1835.15
	4074.96	0.00	12.39	1835.12
	4074.97	0.00	12.32	1811.15
	4074.98	0.00	12.33	1818.17
	4075.00	0.00	12.34	1826.19
	4075.01	0.00	12.35	1829.20
	4075.02	0.00	12.35	1833.20
	4075.03	0.00	12.34	1829.17
	4075.04	0.00	12.37	1840.17
	4075.05	0.00	12.35	1843.19
	4075.07	0.00	12.37	1849.19
	4075.08	0.00	12.36	1847.19
	4075.09	0.00	12.37	1847.18
	4075.10	0.00	12.35	1847.20
	4075.11	0.00	12.36	1848.19
	4075.12	0.00	12.36	1850.20
	4075.14	0.00	12.36	1851.20
	4075.15	0.00	12.37	1854.20
	4075.16	0.00	12.36	1853.20
	4075.17	0.00	12.37	1850.16
	4075.18	0.00	12.38	1853.17
	4075.20	0.00	12.38	1855.16
	4075.21	0.00	12.38	1854.15
	4075.22	0.00	12.39	1855.15
	4075.23	0.00	12.39	1856.15
	4075.24	0.00	12.38	1854.15
	4075.25	0.00	12.36	1844.15
	4075.27	0.00	12.35	1842.15
	4075.28	0.00	12.36	1843.14
	4075.29	0.00	12.34	1833.15
	4075.30	0.00	12.36	1843.15
	4075.31	0.00	12.35	1843.15
	4075.33	0.00	12.38	1843.11
	4075.34	0.00	12.35	1840.15
	4075.35	0.00	12.35	1839.15
	4075.36	0.00	12.36	1842.15
	4075.37	0.00	12.39	1843.08
	4075.38	0.00	12.37	1846.15
	4075.40	0.00	12.37	1845.15
	4075.41	0.00	12.36	1844.15
	4075.42	0.00	12.36	1843.15
	4075.43	0.00	12.35	1845.19
	4075.44	0.00	12.35	1847.20
	4075.46	0.00	12.35	1847.21
	4075.47	0.00	12.34	1845.23
	4075.48	0.00	12.34	1848.23
	4075.49	0.00	12.34	1849.23
	4075.50	0.00	12.36	1848.19
	4075.51	0.00	12.36	1849.18
	4075.53	0.00	12.35	1848.22
	4075.54	0.00	12.35	1850.21
	4075.55	0.00	12.34	1848.22
	4075.56	0.00	12.34	1850.22
	4075.57	0.00	12.41	1843.99
	4075.58	0.00	12.46	1852.93
	4075.60	0.00	12.45	1855.96
	4075.61	0.00	12.44	1848.98
	4075.62	0.00	12.43	1847.99
	4075.63	0.00	12.42	1835.93
	4075.64	0.00	12.37	1838.08
	4075.66	0.00	12.36	1837.11
	4075.67	0.00	12.36	1839.12
	4075.68	0.00	12.37	1835.15
	4075.69	0.00	12.36	1836.16
	4075.70	0.00	12.30	1810.16
	4075.71	0.00	12.31	1825.20
	4075.73	0.00	12.34	1828.20
	4075.74	0.00	12.34	1832.20
	4075.75	0.00	12.33	1837.21
	4075.76	0.00	12.32	1825.16
	4075.77	0.00	12.34	1834.17
	4075.79	0.00	12.36	1846.19
	4075.80	0.00	12.36	1848.20
	4075.81	0.00	12.34	1850.22
	4075.82	0.00	12.34	1846.21
	4075.83	0.00	12.35	1847.19
	4075.84	0.00	12.35	1851.20
	4075.86	0.00	12.36	1852.20
	4075.87	0.00	12.36	1854.20
	4075.88	0.00	12.36	1853.21
	4075.89	0.00	12.35	1852.21
	4075.90	0.00	12.36	1854.21
	4075.92	0.00	12.35	1843.17
	4075.93	0.00	12.37	1852.16
	4075.94	0.00	12.37	1852.16
	4075.95	0.00	12.37	1854.16
	4075.96	0.00	12.38	1854.15
	4075.97	0.00	12.37	1851.16
	4075.99	0.00	12.37	1852.15
	4076.00	0.00	12.37	1853.17
	4076.01	0.00	12.35	1844.16
	4076.02	0.00	12.35	1842.15
	4076.03	0.00	12.35	1844.15
	4076.04	0.00	12.36	1842.14
	4076.06	0.00	12.35	1842.16
	4076.07	0.00	12.35	1843.15
	4076.08	0.00	12.35	1844.15
	4076.09	0.00	12.33	1838.16
	4076.10	0.00	12.35	1843.15
	4076.12	0.00	12.35	1844.15
	4076.13	0.00	12.35	1842.15
	4076.14	0.00	12.36	1844.15
	4076.15	0.00	12.36	1844.15
	4076.16	0.00	12.38	1844.10
	4076.17	0.00	12.34	1843.18
	4076.19	0.00	12.34	1846.20
	4076.20	0.00	12.33	1843.22
	4076.21	0.00	12.34	1846.22
	4076.22	0.00	12.33	1847.23
	4076.23	0.00	12.34	1847.22
	4076.25	0.00	12.33	1845.23
	4076.26	0.00	12.33	1844.23
	4076.27	0.00	12.35	1846.19
	4076.28	0.00	12.35	1846.20
	4076.29	0.00	12.34	1847.23
	4076.30	0.00	12.34	1850.22
	4076.32	0.00	12.34	1848.22
	4076.33	0.00	12.34	1850.22
	4076.34	0.00	12.46	1848.91
	4076.35	0.00	12.45	1852.94
	4076.36	0.00	12.45	1852.96
	4076.38	0.00	12.44	1845.97
	4076.39	0.00	12.43	1849.00
	4076.40	0.00	12.43	1849.99
	4076.41	0.00	12.43	1833.91
	4076.42	0.00	12.41	1833.97
	4076.43	0.00	12.36	1838.09
	4076.45	0.00	12.36	1831.14
	4076.46	0.00	12.36	1836.15
	4076.47	0.00	12.36	1831.13
	4076.48	0.00	12.32	1818.13
	4076.49	0.00	12.32	1827.19
	4076.51	0.00	12.33	1826.20
	4076.52	0.00	12.32	1832.21
	4076.53	0.00	12.33	1827.15
	4076.54	0.00	12.36	1844.18
	4076.55	0.00	12.35	1843.18
	4076.56	0.00	12.35	1846.19
	4076.58	0.00	12.35	1844.20
	4076.59	0.00	12.35	1849.20
	4076.60	0.00	12.35	1847.20
	4076.61	0.00	12.36	1843.15
	4076.62	0.00	12.35	1850.21
	4076.63	0.00	12.36	1851.19
	4076.65	0.00	12.36	1854.20
	4076.66	0.00	12.36	1853.20
	4076.67	0.00	12.36	1852.21
	4076.68	0.00	12.37	1855.21
	4076.69	0.00	12.37	1853.18
	4076.70	0.00	12.36	1850.16
	4076.72	0.00	12.37	1853.16
	4076.73	0.00	12.38	1853.15
	4076.74	0.00	12.37	1851.15
	4076.75	0.00	12.38	1851.15
	4076.76	0.00	12.38	1852.15
	4076.78	0.00	12.38	1853.15
	4076.79	0.00	12.35	1844.15
	4076.80	0.00	12.35	1843.14
	4076.81	0.00	12.35	1844.15
	4076.82	0.00	12.35	1843.15
	4076.83	0.00	12.35	1840.15
	4076.85	0.00	12.35	1841.15
	4076.86	0.00	12.36	1842.15
	4076.87	0.00	12.35	1844.15
	4076.88	0.00	12.34	1837.15
	4076.89	0.00	12.35	1840.14
	4076.91	0.00	12.36	1842.14
	4076.92	0.00	12.35	1842.15
	4076.93	0.00	12.36	1843.14
	4076.94	0.00	12.36	1843.14
	4076.95	0.00	12.37	1843.12
	4076.96	0.00	12.34	1845.21
	4076.98	0.00	12.33	1839.20
	4076.99	0.00	12.35	1845.20
	4077.00	0.00	12.35	1846.21
	4077.01	0.00	12.34	1845.21
	4077.02	0.00	12.35	1847.22
	4077.04	0.00	12.34	1848.22
	4077.05	0.00	12.36	1847.18
	4077.06	0.00	12.35	1848.21
	4077.07	0.00	12.36	1849.21
	4077.08	0.00	12.35	1848.21
	4077.09	0.00	12.35	1848.21
	4077.11	0.00	12.36	1851.21
	4077.12	0.00	12.44	1845.94
	4077.13	0.00	12.46	1852.94
	4077.14	0.00	12.46	1854.96
	4077.15	0.00	12.44	1845.98
	4077.17	0.00	12.44	1847.98
	4077.18	0.00	12.45	1834.89
	4077.19	0.00	12.38	1836.06
	4077.20	0.00	12.36	1840.11
	4077.21	0.00	12.36	1832.14
	4077.22	0.00	12.36	1832.15
	4077.24	0.00	12.36	1833.16
	4077.25	0.00	12.31	1812.17
	4077.26	0.00	12.33	1827.19
	4077.27	0.00	12.34	1825.20
	4077.28	0.00	12.33	1831.20
	4077.29	0.00	12.33	1831.21
	4077.31	0.00	12.34	1838.20
	4077.32	0.00	12.34	1833.17
	4077.33	0.00	12.36	1844.18
	4077.34	0.00	12.36	1843.18
	4077.35	0.00	12.35	1839.19
	4077.37	0.00	12.35	1849.20
	4077.38	0.00	12.36	1846.17
	4077.39	0.00	12.36	1852.21
	4077.40	0.00	12.37	1854.20
	4077.41	0.00	12.36	1852.20
	4077.42	0.00	12.36	1852.20
	4077.44	0.00	12.37	1850.19
	4077.45	0.00	12.37	1851.20
	4077.46	0.00	12.38	1852.17
	4077.47	0.00	12.38	1849.15
	4077.48	0.00	12.38	1852.15
	4077.50	0.00	12.38	1852.15
	4077.51	0.00	12.39	1852.15
	4077.52	0.00	12.39	1850.14
	4077.53	0.00	12.39	1850.14
	4077.54	0.00	12.38	1848.15
	4077.55	0.00	12.35	1837.14
	4077.57	0.00	12.36	1840.14
	4077.58	0.00	12.36	1841.14
	4077.59	0.00	12.36	1840.15
	4077.60	0.00	12.37	1842.14
	4077.61	0.00	12.37	1840.14
	4077.63	0.00	12.35	1835.14
	4077.64	0.00	12.36	1837.13
	4077.65	0.00	12.36	1836.14
	4077.66	0.00	12.37	1840.14
	4077.67	0.00	12.37	1841.14
	4077.68	0.00	12.37	1842.15
	4077.70	0.00	12.37	1841.14
	4077.71	0.00	12.40	1842.08
	4077.72	0.00	12.36	1839.15
	4077.73	0.00	12.35	1840.18
	4077.74	0.00	12.35	1839.20
	4077.76	0.00	12.35	1843.21
	4077.77	0.00	12.35	1843.21
	4077.78	0.00	12.35	1843.23
	4077.79	0.00	12.36	1845.21
	4077.80	0.00	12.37	1844.17
	4077.81	0.00	12.36	1844.19
	4077.83	0.00	12.37	1846.19
	4077.84	0.00	12.36	1848.20
	4077.85	0.00	12.36	1848.20
	4077.86	0.00	12.45	1842.93
	4077.87	0.00	12.46	1850.93
	4077.88	0.00	12.47	1852.94
	4077.90	0.00	12.46	1847.95
	4077.91	0.00	12.45	1844.96
	4077.92	0.00	12.45	1847.96
	4077.93	0.00	12.44	1833.91
	4077.94	0.00	12.38	1833.06
	4077.96	0.00	12.37	1830.12
	4077.97	0.00	12.38	1831.11
	4077.98	0.00	12.38	1834.14
	4077.99	0.00	12.38	1834.14
	4078.00	0.00	12.32	1809.13
	4078.01	0.00	12.32	1818.17
	4078.03	0.00	12.34	1827.18
	4078.04	0.00	12.34	1827.19
	4078.05	0.00	12.34	1832.19
	4078.06	0.00	12.33	1826.17
	4078.07	0.00	12.37	1842.17
	4078.09	0.00	12.36	1840.17
	4078.10	0.00	12.36	1842.18
	4078.11	0.00	12.36	1843.18
	4078.12	0.00	12.36	1846.19
	4078.13	0.00	12.36	1841.15
	4078.14	0.00	12.37	1847.18
	4078.16	0.00	12.38	1850.18
	4078.17	0.00	12.36	1849.19
	4078.18	0.00	12.36	1849.19
	4078.19	0.00	12.38	1852.19
	4078.20	0.00	12.37	1850.19
	4078.22	0.00	12.36	1850.20
	4078.23	0.00	12.37	1847.15
	4078.24	0.00	12.39	1850.14
	4078.25	0.00	12.39	1849.13
	4078.26	0.00	12.39	1849.14
	4078.27	0.00	12.39	1849.13
	4078.29	0.00	12.39	1849.13
	4078.30	0.00	12.36	1839.13
	4078.31	0.00	12.36	1840.14
	4078.32	0.00	12.36	1839.13
	4078.33	0.00	12.37	1839.13
	4078.34	0.00	12.37	1839.13
	4078.36	0.00	12.36	1836.14
	4078.37	0.00	12.37	1841.13
	4078.38	0.00	12.37	1840.13
	4078.39	0.00	12.36	1836.13
	4078.40	0.00	12.36	1838.14
	4078.41	0.00	12.38	1840.13
	4078.43	0.00	12.37	1838.13
	4078.44	0.00	12.37	1839.13
	4078.45	0.00	12.38	1841.13
	4078.46	0.00	12.38	1841.13
	4078.47	0.00	12.39	1840.09
	4078.49	0.00	12.36	1841.17
	4078.50	0.00	12.35	1841.19
	4078.51	0.00	12.35	1841.20
	4078.52	0.00	12.35	1843.21
	4078.53	0.00	12.35	1842.21
	4078.54	0.00	12.36	1842.19
	4078.56	0.00	12.37	1843.16
	4078.57	0.00	12.37	1844.18
	4078.58	0.00	12.37	1846.19
	4078.59	0.00	12.36	1847.21
	4078.60	0.00	12.35	1843.20
	4078.62	0.00	12.48	1848.90
	4078.63	0.00	12.47	1850.94
	4078.64	0.00	12.46	1845.95
	4078.65	0.00	12.45	1840.96
	4078.66	0.00	12.46	1844.96
	4078.67	0.00	12.45	1846.97
	4078.69	0.00	12.43	1832.94
	4078.70	0.00	12.37	1831.07
	4078.71	0.00	12.37	1830.12
	4078.72	0.00	12.37	1831.14
	4078.73	0.00	12.38	1828.10
	4078.75	0.00	12.32	1816.16
	4078.76	0.00	12.34	1825.18
	4078.77	0.00	12.34	1826.18
	4078.78	0.00	12.34	1825.20
	4078.79	0.00	12.34	1829.19
	4078.81	0.00	12.34	1822.15
	4078.82	0.00	12.37	1838.16
	4078.83	0.00	12.38	1845.17
	4078.84	0.00	12.37	1843.18
	4078.85	0.00	12.37	1845.18
	4078.86	0.00	12.36	1845.19
	4078.88	0.00	12.35	1843.20
	4078.89	0.00	12.38	1850.17
	4078.90	0.00	12.37	1851.18
	4078.91	0.00	12.37	1851.19
	4078.92	0.00	12.37	1850.19
	4078.93	0.00	12.37	1851.19
	4078.95	0.00	12.37	1851.19
	4078.96	0.00	12.38	1853.19
	4078.97	0.00	12.38	1847.14
	4078.98	0.00	12.39	1850.14
	4078.99	0.00	12.40	1851.13
	4079.01	0.00	12.39	1848.13
	4079.02	0.00	12.39	1849.13
	4079.03	0.00	12.37	1841.13
	4079.04	0.00	12.37	1839.13
	4079.05	0.00	12.37	1839.13
	4079.06	0.00	12.38	1840.13
	4079.08	0.00	12.39	1839.10
	4079.09	0.00	12.39	1838.12
	4079.10	0.00	12.39	1838.12
	4079.11	0.00	12.38	1837.12
	4079.12	0.00	12.37	1831.12
	4079.13	0.00	12.38	1834.12
	4079.15	0.00	12.37	1833.12
	4079.16	0.00	12.38	1837.12
	4079.17	0.00	12.37	1834.13
	4079.18	0.00	12.39	1841.12
	4079.19	0.00	12.39	1838.12
	4079.21	0.00	12.39	1839.13
	4079.22	0.00	12.37	1838.17
	4079.23	0.00	12.38	1840.18
	4079.24	0.00	12.37	1839.19
	4079.25	0.00	12.37	1840.20
	4079.26	0.00	12.37	1840.20
	4079.28	0.00	12.36	1839.20
	4079.29	0.00	12.39	1843.16
	4079.30	0.00	12.38	1843.17
	4079.31	0.00	12.37	1841.20
	4079.32	0.00	12.38	1843.19
	4079.34	0.00	12.37	1844.19
	4079.35	0.00	12.37	1843.19
	4079.36	0.00	12.48	1842.91
	4079.37	0.00	12.49	1847.91
	4079.38	0.00	12.47	1846.94
	4079.39	0.00	12.47	1840.95
	4079.41	0.00	12.46	1840.96
	4079.42	0.00	12.44	1828.94
	4079.43	0.00	12.39	1832.07
	4079.44	0.00	12.38	1832.09
	4079.45	0.00	12.39	1832.09
	4079.47	0.00	12.39	1828.13
	4079.48	0.00	12.40	1831.13
	4079.49	0.00	12.33	1809.15
	4079.50	0.00	12.34	1819.18
	4079.51	0.00	12.36	1826.17
	4079.52	0.00	12.36	1823.18
	4079.54	0.00	12.36	1825.18
	4079.55	0.00	12.35	1828.20
	4079.56	0.00	12.34	1820.15
	4079.57	0.00	12.38	1837.16
	4079.58	0.00	12.38	1840.17
	4079.60	0.00	12.37	1840.19
	4079.61	0.00	12.38	1841.18
	4079.62	0.00	12.37	1843.18
	4079.63	0.00	12.38	1840.14
	4079.64	0.00	12.38	1844.17
	4079.65	0.00	12.38	1847.18
	4079.67	0.00	12.39	1847.18
	4079.68	0.00	12.38	1847.18
	4079.69	0.00	12.38	1847.17
	4079.70	0.00	12.39	1844.14
	4079.71	0.00	12.39	1845.13
	4079.72	0.00	12.39	1845.13
	4079.74	0.00	12.40	1846.13
	4079.75	0.00	12.40	1845.13
	4079.76	0.00	12.41	1848.12
	4079.77	0.00	12.40	1845.12
	4079.78	0.00	12.38	1836.12
	4079.80	0.00	12.37	1836.13
	4079.81	0.00	12.38	1837.12
	4079.82	0.00	12.38	1836.12
	4079.83	0.00	12.38	1838.12
	4079.84	0.00	12.39	1838.12
	4079.85	0.00	12.38	1835.12
	4079.87	0.00	12.38	1836.12
	4079.88	0.00	12.37	1831.12
	4079.89	0.00	12.37	1834.14
	4079.90	0.00	12.38	1837.12
	4079.91	0.00	12.38	1835.12
	4079.93	0.00	12.39	1837.12
	4079.94	0.00	12.38	1838.14
	4079.95	0.00	12.42	1841.06
	4079.96	0.00	12.38	1837.14
	4079.97	0.00	12.37	1839.17
	4079.98	0.00	12.36	1838.19
	4080.00	0.00	12.36	1838.19
	4080.01	0.00	12.37	1841.19
	4080.02	0.00	12.36	1841.20
	4080.03	0.00	12.36	1840.19
	4080.04	0.00	12.38	1840.17
	4080.06	0.00	12.37	1843.18
	4080.07	0.00	12.37	1841.19
	4080.08	0.00	12.37	1843.20
	4080.09	0.00	12.45	1834.95
	4080.10	0.00	12.48	1844.90
	4080.11	0.00	12.49	1846.91
	4080.13	0.00	12.47	1846.94
	4080.14	0.00	12.46	1836.95
	4080.15	0.00	12.47	1843.95
	4080.16	0.00	12.45	1828.91
	4080.17	0.00	12.42	1830.01
	4080.18	0.00	12.39	1827.10
	4080.20	0.00	12.40	1828.11
	4080.21	0.00	12.39	1827.12
	4080.22	0.00	12.40	1830.12
	4080.23	0.00	12.36	1808.10
	4080.24	0.00	12.35	1815.15
	4080.26	0.00	12.37	1822.16
	4080.27	0.00	12.38	1823.16
	4080.28	0.00	12.37	1827.17
	4080.29	0.00	12.37	1822.13
	4080.30	0.00	12.39	1835.14
	4080.31	0.00	12.39	1840.17
	4080.33	0.00	12.40	1840.15
	4080.34	0.00	12.39	1840.16
	4080.35	0.00	12.40	1844.16
	4080.36	0.00	12.40	1842.14
	4080.37	0.00	12.41	1847.15
	4080.39	0.00	12.41	1848.15
	4080.40	0.00	12.41	1846.16
	4080.41	0.00	12.41	1847.15
	4080.42	0.00	12.41	1848.16
	4080.43	0.00	12.42	1848.15
	4080.44	0.00	12.42	1844.11
	4080.46	0.00	12.43	1845.10
	4080.47	0.00	12.44	1846.07
	4080.48	0.00	12.43	1845.10
	4080.49	0.00	12.43	1847.10
	4080.50	0.00	12.41	1839.10
	4080.52	0.00	12.42	1833.05
	4080.53	0.00	12.41	1837.09
	4080.54	0.00	12.41	1839.09
	4080.55	0.00	12.41	1837.09
	4080.56	0.00	12.40	1833.10
	4080.57	0.00	12.42	1838.09
	4080.59	0.00	12.41	1834.09
	4080.60	0.00	12.41	1836.09
	4080.61	0.00	12.41	1829.07
	4080.62	0.00	12.41	1833.09
	4080.63	0.00	12.41	1835.09
	4080.65	0.00	12.42	1837.09
	4080.66	0.00	12.45	1836.01
	4080.67	0.00	12.41	1840.13
	4080.68	0.00	12.40	1837.15
	4080.69	0.00	12.40	1838.15
	4080.70	0.00	12.40	1839.16
	4080.72	0.00	12.40	1841.17
	4080.73	0.00	12.42	1841.12
	4080.74	0.00	12.41	1842.14
	4080.75	0.00	12.42	1843.12
	4080.76	0.00	12.41	1844.16
	4080.77	0.00	12.41	1844.16
	4080.79	0.00	12.44	1842.04
	4080.80	0.00	12.49	1836.89
	4080.81	0.00	12.49	1832.87
	4080.82	0.00	12.51	1847.91
	4080.83	0.00	12.50	1839.92
	4080.84	0.00	12.50	1841.92
	4080.86	0.00	12.50	1829.84
	4080.87	0.00	12.47	1829.91
	4080.88	0.00	12.43	1831.01
	4080.89	0.00	12.41	1825.09
	4080.90	0.00	12.42	1829.10
	4080.92	0.00	12.42	1830.10
	4080.93	0.00	12.35	1808.12
	4080.94	0.00	12.37	1818.16
	4080.95	0.00	12.40	1824.15
	4080.96	0.00	12.39	1828.15
	4080.97	0.00	12.38	1827.15
	4080.99	0.00	12.40	1830.12
	4081.00	0.00	12.40	1832.13
	4081.01	0.00	12.41	1838.13
	4081.02	0.00	12.41	1839.14
	4081.03	0.00	12.39	1841.16
	4081.05	0.00	12.40	1838.15
	4081.06	0.00	12.41	1844.14
	4081.07	0.00	12.40	1844.15
	4081.08	0.00	12.41	1847.15
	4081.09	0.00	12.42	1850.16
	4081.10	0.00	12.41	1847.15
	4081.12	0.00	12.41	1848.15
	4081.13	0.00	12.42	1844.10
	4081.14	0.00	12.43	1848.10
	4081.15	0.00	12.43	1847.10
	4081.16	0.00	12.43	1846.09
	4081.18	0.00	12.43	1845.09
	4081.19	0.00	12.43	1846.10
	4081.20	0.00	12.44	1845.09
	4081.21	0.00	12.41	1836.09
	4081.22	0.00	12.41	1835.09
	4081.23	0.00	12.42	1837.08
	4081.25	0.00	12.41	1838.09
	4081.26	0.00	12.41	1835.09
	4081.27	0.00	12.42	1837.09
	4081.28	0.00	12.40	1830.10
	4081.29	0.00	12.40	1830.09
	4081.30	0.00	12.41	1835.09
	4081.32	0.00	12.42	1837.09
	4081.33	0.00	12.44	1837.04
	4081.34	0.00	12.41	1836.13
	4081.35	0.00	12.40	1837.15
	4081.36	0.00	12.39	1837.16
	4081.38	0.00	12.38	1838.18
	4081.39	0.00	12.40	1842.17
	4081.40	0.00	12.41	1839.13
	4081.41	0.00	12.41	1842.13
	4081.42	0.00	12.40	1841.15
	4081.43	0.00	12.41	1841.15
	4081.45	0.00	12.40	1843.16
	4081.46	0.00	12.49	1837.89
	4081.47	1.00	12.52	1843.86
	4081.48	1.00	12.51	1847.89
	4081.50	1.00	12.50	1843.91
	4081.51	1.00	12.50	1841.92
	4081.52	1.00	12.50	1842.91
	4081.53	1.00	12.46	1820.87
	4081.54	1.00	12.42	1830.02
	4081.55	1.00	12.41	1831.07
	4081.56	1.00	12.41	1824.11
	4081.58	1.00	12.42	1828.09
	4081.59	1.00	12.41	1829.10
	4081.60	1.00	12.37	1808.09
	4081.61	1.00	12.37	1815.13
	4081.62	1.00	12.38	1825.15
	4081.64	1.00	12.39	1825.15
	4081.65	1.00	12.38	1830.16
	4081.66	1.00	12.39	1831.12
	4081.67	1.00	12.41	1838.11
	4081.68	1.00	12.39	1835.14
	4081.69	0.00	12.40	1841.15
	4081.71	0.00	12.40	1844.16
	4081.72	0.00	12.38	1842.17
	4081.73	0.00	12.40	1847.15
	4081.74	0.00	12.40	1849.16
	4081.75	0.00	12.40	1850.16
	4081.77	0.00	12.40	1849.17
	4081.78	0.00	12.40	1845.14
	4081.79	0.00	12.41	1846.12
	4081.80	0.00	12.41	1849.12
	4081.81	0.00	12.43	1851.11
	4081.82	0.00	12.42	1850.12
	4081.84	0.00	12.42	1848.12
	4081.85	0.00	12.41	1849.12
	4081.86	0.00	12.42	1851.12
	4081.87	0.00	12.39	1841.12
	4081.88	0.00	12.38	1839.12
	4081.90	0.00	12.38	1840.12
	4081.91	0.00	12.39	1841.13
	4081.92	0.00	12.39	1841.12
	4081.93	0.00	12.39	1840.12
	4081.94	0.00	12.39	1842.12
	4081.95	0.00	12.40	1842.09
	4081.97	0.00	12.36	1833.13
	4081.98	0.00	12.38	1839.13
	4081.99	0.00	12.39	1840.13
	4082.00	0.00	12.39	1841.12
	4082.01	0.00	12.38	1841.13
	4082.03	0.00	12.38	1841.13
	4082.04	0.00	12.41	1843.08
	4082.05	0.00	12.37	1845.18
	4082.06	0.00	12.37	1846.18
	4082.07	0.00	12.37	1845.18
	4082.08	0.00	12.37	1845.19
	4082.10	0.00	12.35	1845.22
	4082.11	0.00	12.36	1845.21
	4082.12	0.00	12.37	1849.21
	4082.13	0.00	12.38	1848.16
	4082.14	0.00	12.38	1849.17
	4082.15	0.00	12.37	1850.19
	4082.17	0.00	12.37	1850.20
	4082.18	0.00	12.36	1849.20
	4082.19	0.00	12.36	1851.22
	4082.20	0.00	12.48	1850.91
	4082.21	0.00	12.47	1852.94
	4082.23	0.00	12.46	1849.96
	4082.24	0.00	12.46	1847.96
	4082.25	0.00	12.44	1847.98
	4082.26	0.00	12.44	1847.98
	4082.27	0.00	12.44	1835.90
	4082.28	0.00	12.38	1837.07
	4082.30	0.00	12.36	1833.13
	4082.31	0.00	12.38	1834.14
	4082.32	0.00	12.37	1836.15
	4082.33	0.00	12.31	1814.16
	4082.34	0.00	12.34	1822.15
	4082.36	0.00	12.33	1826.18
	4082.37	0.00	12.35	1828.19
	4082.38	0.00	12.34	1833.20
	4082.39	0.00	12.34	1835.19
	4082.40	0.00	12.35	1837.18
	4082.41	0.00	12.36	1847.19
	4082.43	0.00	12.36	1846.19
	4082.44	0.00	12.35	1847.21
	4082.45	0.00	12.36	1848.20
	4082.46	0.00	12.35	1847.20
	4082.47	0.00	12.36	1846.18
	4082.49	0.00	12.36	1851.21
	4082.50	0.00	12.36	1853.20
	4082.51	0.00	12.37	1852.20
	4082.52	0.00	12.37	1852.20
	4082.53	0.00	12.36	1851.21
	4082.54	0.00	12.38	1851.16
	4082.56	0.00	12.38	1852.15
	4082.57	0.00	12.39	1852.14
	4082.58	0.00	12.39	1854.15
	4082.59	0.00	12.38	1853.15
	4082.60	0.00	12.39	1851.14
	4082.61	0.00	12.39	1850.14
	4082.63	0.00	12.40	1852.11
	4082.64	0.00	12.36	1841.14
	4082.65	0.00	12.36	1840.14
	4082.66	0.00	12.36	1840.14
	4082.67	0.00	12.36	1842.14
	4082.68	0.00	12.36	1842.14
	4082.70	0.00	12.36	1841.14
	4082.71	0.00	12.36	1840.14
	4082.72	0.00	12.34	1834.16
	4082.73	0.00	12.36	1841.14
	4082.75	0.00	12.36	1842.14
	4082.76	0.00	12.37	1842.14
	4082.77	0.00	12.36	1840.15
	4082.78	0.00	12.37	1843.14
	4082.79	0.00	12.39	1842.08
	4082.80	0.00	12.36	1842.17
	4082.82	0.00	12.35	1842.19
	4082.83	0.00	12.35	1843.20
	4082.84	0.00	12.34	1842.21
	4082.85	0.00	12.34	1843.22
	4082.86	0.00	12.34	1843.22
	4082.87	0.00	12.34	1846.23
	4082.89	0.00	12.35	1845.19
	4082.90	0.00	12.35	1846.21
	4082.91	0.00	12.34	1846.22
	4082.92	0.00	12.34	1845.22
	4082.93	0.00	12.34	1849.22
	4082.95	0.00	12.34	1848.22
	4082.96	0.00	12.45	1846.93
	4082.97	0.00	12.45	1851.95
	4082.98	0.00	12.44	1849.97
	4082.99	0.00	12.43	1844.99
	4083.00	0.00	12.42	1845.99
	4083.02	0.00	12.39	1831.99
	4083.03	0.00	12.37	1837.06
	4083.04	0.00	12.34	1836.13
	4083.05	0.00	12.35	1830.15
	4083.06	0.00	12.34	1832.17
	4083.08	0.00	12.31	1815.14
	4083.09	0.00	12.30	1822.19
	4083.10	0.00	12.31	1826.21
	4083.11	0.00	12.33	1829.17
	4083.12	0.00	12.31	1833.22
	4083.13	0.00	12.31	1832.22
	4083.15	0.00	12.33	1836.19
	4083.16	0.00	12.36	1845.16
	4083.17	0.00	12.34	1845.20
	4083.18	0.00	12.34	1845.21
	4083.19	0.00	12.33	1847.21
	4083.20	0.00	12.34	1844.17
	4083.22	0.00	12.34	1852.20
	4083.23	0.00	12.34	1848.21
	4083.24	0.00	12.34	1850.22
	4083.25	0.00	12.34	1849.22
	4083.26	0.00	12.34	1850.21
	4083.28	0.00	12.33	1849.22
	4083.29	0.00	12.34	1846.17
	4083.30	0.00	12.35	1848.16
	4083.31	0.00	12.35	1847.16
	4083.32	0.00	12.35	1845.16
	4083.33	0.00	12.35	1846.16
	4083.35	0.00	12.34	1845.18
	4083.36	0.00	12.36	1850.16
	4083.37	0.00	12.33	1840.16
	4083.38	0.00	12.32	1837.16
	4083.39	0.00	12.32	1840.16
	4083.40	0.00	12.34	1837.16
	4083.42	0.00	12.34	1840.16
	4083.43	0.00	12.33	1837.16
	4083.44	0.00	12.33	1838.17
	4083.45	0.00	12.33	1838.16
	4083.46	0.00	12.32	1834.16
	4083.48	0.00	12.33	1836.16
	4083.49	0.00	12.33	1836.16
	4083.50	0.00	12.34	1840.16
	4083.51	0.00	12.34	1840.16
	4083.52	0.00	12.36	1841.11
	4083.53	0.00	12.32	1839.20
	4083.55	0.00	12.32	1840.21
	4083.56	0.00	12.31	1837.23
	4083.57	0.00	12.31	1839.23
	4083.58	0.00	12.32	1842.23
	4083.59	0.00	12.32	1841.20
	4083.61	0.00	12.33	1842.20
	4083.62	0.00	12.33	1844.21
	4083.63	0.00	12.33	1844.19
	4083.64	0.00	12.32	1844.22
	4083.65	0.00	12.32	1845.23
	4083.66	0.00	12.32	1847.23
	4083.68	0.00	12.42	1846.95
	4083.69	0.00	12.42	1848.95
	4083.70	0.00	12.42	1851.97
	4083.71	0.00	12.42	1852.98
	4083.72	0.00	12.40	1844.01
	4083.74	0.00	12.39	1839.00
	4083.75	0.00	12.40	1832.94
	4083.76	0.00	12.34	1835.10
	4083.77	0.00	12.33	1829.15
	4083.78	0.00	12.32	1826.16
	4083.79	0.00	12.33	1831.16
	4083.81	0.00	12.34	1835.15
	4083.82	0.00	12.27	1815.20
	4083.83	0.00	12.30	1827.21
	4083.84	0.00	12.31	1826.21
	4083.85	0.00	12.30	1832.22
	4083.87	0.00	12.29	1822.18
	4083.88	0.00	12.31	1832.19
	4083.89	0.00	12.32	1841.19
	4083.90	0.00	12.32	1843.20
	4083.91	0.00	12.33	1844.20
	4083.93	0.00	12.32	1845.21
	4083.94	0.00	12.32	1845.21
	4083.95	0.00	12.32	1842.18
	4083.96	0.00	12.33	1848.21
	4083.97	0.00	12.32	1853.22
	4083.98	0.00	12.33	1850.21
	4084.00	0.00	12.33	1852.22
	4084.01	0.00	12.33	1853.22
	4084.02	0.00	12.33	1853.22
	4084.03	0.00	12.33	1855.21
	4084.04	0.00	12.33	1850.17
	4084.06	0.00	12.34	1854.17
	4084.07	0.00	12.35	1852.17
	4084.08	0.00	12.34	1851.16
	4084.09	0.00	12.35	1853.16
	4084.10	0.00	12.34	1854.16
	4084.11	0.00	12.31	1844.17
	4084.13	0.00	12.32	1843.16
	4084.14	0.00	12.31	1845.16
	4084.15	0.00	12.32	1841.16
	4084.16	0.00	12.32	1846.16
	4084.17	0.00	12.32	1845.16
	4084.18	0.00	12.30	1838.16
	4084.20	0.00	12.31	1839.16
	4084.21	0.00	12.30	1839.18
	4084.22	0.00	12.32	1845.16
	4084.23	0.00	12.32	1845.16
	4084.24	0.00	12.32	1847.17
	4084.26	0.00	12.34	1846.11
	4084.27	0.00	12.33	1846.15
	4084.28	0.00	12.31	1846.20
	4084.29	0.00	12.31	1847.20
	4084.30	0.00	12.29	1849.24
	4084.31	0.00	12.30	1847.23
	4084.33	0.00	12.29	1851.24
	4084.34	0.00	12.29	1853.25
	4084.35	0.00	12.31	1855.20
	4084.36	0.00	12.30	1854.21
	4084.37	0.00	12.30	1856.22
	4084.38	0.00	12.28	1860.23
	4084.40	0.00	12.27	1860.25
	4084.41	0.00	12.27	1862.25
	4084.42	0.00	12.37	1860.97
	4084.43	0.00	12.38	1868.98
	4084.44	0.00	12.33	1867.03
	4084.46	0.00	12.33	1871.03
	4084.47	0.00	12.31	1874.03
	4084.48	0.00	12.30	1875.04
	4084.49	0.00	12.24	1859.08
	4084.50	0.00	12.22	1868.17
	4084.51	0.00	12.22	1863.20
	4084.53	0.00	12.22	1867.21
	4084.54	0.00	12.16	1849.24
	4084.55	0.00	12.17	1860.26
	4084.56	0.00	12.19	1861.26
	4084.57	0.00	12.19	1863.27
	4084.59	0.00	12.18	1864.27
	4084.60	0.00	12.17	1860.23
	4084.61	0.00	12.21	1874.24
	4084.62	0.00	12.21	1875.26
	4084.63	0.00	12.20	1876.26
	4084.64	0.00	12.21	1873.23
	4084.66	0.00	12.22	1879.25
	4084.67	0.00	12.22	1877.26
	4084.68	0.00	12.22	1876.26
	4084.69	0.00	12.23	1872.21
	4084.70	0.00	12.24	1872.20
	4084.72	0.00	12.25	1871.19
	4084.73	0.00	12.27	1868.18
	4084.74	0.00	12.25	1858.18
	4084.75	0.00	12.30	1860.18
	4084.76	0.00	12.27	1845.18
	4084.77	0.00	12.27	1845.18
	4084.79	0.00	12.29	1844.17
	4084.80	0.00	12.29	1844.17
	4084.81	0.00	12.29	1839.17
	4084.82	0.00	12.31	1839.17
	4084.83	0.00	12.31	1838.16
	4084.85	0.00	12.29	1831.16
	4084.86	0.00	12.30	1834.16
	4084.87	0.00	12.31	1833.16
	4084.88	0.00	12.30	1829.16
	4084.89	0.00	12.33	1842.15
	4084.90	0.00	12.34	1839.15
	4084.92	0.00	12.33	1841.18
	4084.93	0.00	12.32	1841.21
	4084.94	0.00	12.32	1840.22
	4084.95	0.00	12.32	1843.23
	4084.96	0.00	12.31	1844.25
	4084.98	0.00	12.33	1843.19
	4084.99	0.00	12.33	1846.20
	4085.00	0.00	12.33	1849.22
	4085.01	0.00	12.32	1848.24
	4085.02	0.00	12.32	1855.23
	4085.04	0.00	12.42	1852.94
	4085.05	0.00	12.41	1857.97
	4085.06	0.00	12.41	1857.97
	4085.07	0.00	12.39	1854.00
	4085.08	0.00	12.37	1856.01
	4085.09	0.00	12.35	1859.03
	4085.11	0.00	12.32	1851.97
	4085.12	0.00	12.24	1856.14
	4085.13	0.00	12.23	1851.20
	4085.14	0.00	12.21	1855.22
	4085.15	0.00	12.13	1832.21
	4085.17	0.00	12.10	1838.25
	4085.18	0.00	12.09	1843.28
	4085.19	0.00	12.09	1855.30
	4085.20	0.00	12.08	1861.32
	4085.21	0.00	11.95	1894.34
	4085.22	0.00	11.92	1907.31
	4085.24	0.00	11.90	1920.34
	4085.25	0.00	11.86	1925.35
	4085.26	0.00	11.80	1933.37
	4085.27	0.00	11.78	1939.39
	4085.28	0.00	11.75	1944.39
	4085.30	0.00	11.72	1954.42
	4085.31	0.00	11.71	1959.40
	4085.32	0.00	11.67	1959.45
	4085.33	0.00	11.67	1961.41
	4085.34	0.00	11.67	1965.41
	4085.35	0.00	11.67	1965.40
	4085.37	0.00	11.67	1966.41
	4085.38	0.00	11.66	1963.41
	4085.39	0.00	11.67	1966.41
	4085.40	0.00	11.64	1950.40
	4085.41	0.00	11.66	1948.40
	4085.43	0.00	11.68	1938.38
	4085.44	0.00	11.70	1925.37
	4085.45	0.00	11.73	1907.35
	4085.46	0.00	11.81	1884.35
	4085.47	0.00	11.97	1834.31
	4085.48	0.00	12.01	1821.28
	4085.50	0.00	12.12	1814.25
	4085.51	0.00	12.23	1805.19
	4085.52	0.00	12.28	1804.15
	4085.53	0.00	12.36	1788.06
	4085.54	0.00	12.43	1782.01
	4085.56	0.00	12.50	1768.88
	4085.57	0.00	12.54	1773.85
	4085.58	0.00	12.57	1777.83
	4085.59	0.00	12.58	1777.81
	4085.60	0.00	12.59	1781.82
	4085.61	0.00	12.58	1778.81
	4085.63	0.00	12.59	1782.81
	4085.64	0.00	12.60	1788.80
	4085.65	0.00	12.59	1791.80
	4085.66	0.00	12.61	1794.78
	4085.67	0.00	12.62	1797.78
	4085.69	0.00	12.63	1797.77
	4085.70	0.00	12.65	1800.73
	4085.71	0.00	12.65	1803.77
	4085.72	0.00	12.65	1807.77
	4085.73	0.00	12.68	1808.71
	4085.74	0.00	12.66	1805.76
	4085.76	0.00	12.65	1799.73
	4085.77	0.00	12.69	1810.71
	4085.78	0.00	12.72	1813.66
	4085.79	0.00	12.73	1816.66
	4085.80	0.00	12.74	1819.66
	4085.81	0.00	12.72	1813.66
	4085.83	0.00	12.75	1818.65
	4085.84	0.00	12.74	1817.65
	4085.85	0.00	12.76	1818.62
	4085.86	0.00	12.75	1818.65
	4085.87	0.00	12.75	1818.65
	4085.88	0.00	12.74	1821.65
	4085.90	0.00	12.87	1818.34
	4085.91	0.00	12.89	1822.32
	4085.92	0.00	12.90	1823.32
	4085.93	0.00	12.90	1825.32
	4085.94	0.00	12.90	1819.32
	4085.96	0.00	12.90	1812.31
	4085.97	0.00	12.90	1817.33
	4085.98	0.00	12.89	1817.35
	4085.99	0.00	12.81	1810.47
	4086.00	0.00	12.78	1813.55
	4086.02	0.00	12.78	1817.57
	4086.03	0.00	12.79	1818.56
	4086.04	0.00	12.79	1820.55
	4086.05	0.00	12.78	1824.57
	4086.06	0.00	12.74	1827.66
	4086.07	0.00	12.47	1870.90
	4086.09	0.00	12.11	1949.17
	4086.10	0.00	11.83	2029.31
	4086.11	0.00	11.78	2055.34
	4086.12	0.00	11.74	2079.38
	4086.13	0.00	11.72	2099.41
	4086.15	0.00	11.67	2115.46
	4086.16	0.00	11.60	2150.51
	4086.17	0.00	11.56	2206.54
	4086.18	0.00	11.55	2239.60
	4086.19	0.00	11.54	2264.67
	4086.20	0.00	11.52	2283.69
	4086.22	0.00	11.49	2282.68
	4086.23	0.00	11.47	2288.72
	4086.24	0.00	11.48	2287.72
	4086.25	0.00	11.50	2281.67
	4086.26	0.00	11.53	2284.70
	4086.28	0.00	11.59	2278.63
	4086.29	0.00	11.64	2280.60
	4086.30	0.00	11.69	2270.58
	4086.31	0.00	11.74	2265.55
	4086.32	0.00	11.78	2251.53
	4086.33	0.00	11.83	2236.51
	4086.35	0.00	11.90	2232.48
	4086.36	0.00	11.96	2223.47
	4086.37	0.00	12.06	2226.44
	4086.38	0.00	12.12	2215.42
	4086.39	0.00	12.19	2204.40
	4086.41	0.00	12.25	2196.38
	4086.42	0.00	12.34	2170.34
	4086.43	0.00	12.46	2133.33
	4086.44	0.00	12.58	2090.34
	4086.45	0.00	12.71	2061.32
	4086.46	0.00	12.74	2059.33
	4086.48	0.00	12.79	2058.25
	4086.49	0.00	12.84	2059.23
	4086.50	0.00	12.86	2062.20
	4086.51	0.00	12.94	2073.14
	4086.52	0.00	13.01	2078.05
	4086.54	0.00	13.25	2107.84
	4086.55	0.00	13.40	2130.68
	4086.56	0.00	13.52	2156.61
	4086.57	0.00	13.74	2209.57
	4086.58	0.00	13.95	2255.46
	4086.59	0.00	14.10	2283.43
	4086.61	0.00	14.24	2317.47
	4086.62	0.00	14.42	2358.43
	4086.63	0.00	14.58	2389.36
	4086.64	0.00	14.71	2407.26
	4086.65	0.00	14.81	2421.22
	4086.67	0.00	14.85	2416.15
	4086.68	0.00	14.83	2377.05
	4086.69	0.00	14.75	2353.05
	4086.70	0.00	14.60	2290.97
	4086.71	0.00	14.55	2211.76
	4086.72	0.00	14.26	2129.92
	4086.74	0.00	13.86	2010.08
	4086.75	0.00	13.45	1912.22
	4086.76	0.00	13.10	1814.21
	4086.77	0.00	12.71	1734.34
	4086.78	0.00	12.67	1728.37
	4086.79	0.00	12.64	1728.41
	4086.81	0.00	12.69	1750.42
	4086.82	0.00	12.77	1775.40
	4086.83	0.00	12.77	1771.39
	4086.84	0.00	12.78	1778.40
	4086.85	0.00	12.79	1783.39
	4086.86	0.00	12.79	1783.40
	4086.88	0.00	12.79	1782.39
	4086.89	0.00	12.82	1791.38
	4086.90	0.00	12.82	1793.38
	4086.91	0.00	12.83	1792.34
	4086.92	0.00	12.82	1781.32
	4086.94	0.00	12.84	1796.34
	4086.95	0.00	12.84	1797.36
	4086.96	0.00	12.84	1800.35
	4086.97	0.00	12.84	1801.36
	4086.98	0.00	12.86	1807.36
	4087.00	0.00	12.86	1808.36
	4087.01	0.00	12.85	1813.39
	4087.02	0.00	12.87	1804.32
	4087.03	0.00	12.89	1808.28
	4087.04	0.00	12.90	1810.27
	4087.05	0.00	12.91	1814.27
	4087.07	0.00	12.91	1812.26
	4087.08	0.00	12.92	1815.25
	4087.09	0.00	12.89	1808.26
	4087.10	0.00	12.90	1810.27
	4087.11	0.00	12.91	1812.25
	4087.12	0.00	12.92	1812.24
	4087.14	0.00	12.92	1816.24
	4087.15	0.00	12.93	1815.24
	4087.16	0.00	12.95	1822.22
	4087.17	0.00	12.93	1814.21
	4087.18	0.00	12.93	1816.23
	4087.19	0.00	12.93	1817.23
	4087.21	0.00	12.87	1820.33
	4087.22	0.00	12.68	1834.67
	4087.23	0.00	11.94	2013.11
	4087.24	0.00	11.07	2266.50
	4087.25	0.00	10.90	2339.72
	4087.27	0.00	10.99	2326.76
	4087.28	0.00	11.09	2303.74
	4087.29	0.00	11.19	2290.76
	4087.30	0.00	11.23	2328.73
	4087.31	0.00	11.30	2370.76
	4087.32	0.00	11.43	2411.75
	4087.34	0.00	11.49	2418.75
	4087.35	0.00	11.56	2424.74
	4087.36	0.00	11.71	2450.54
	4087.37	0.00	11.78	2438.52
	4087.38	0.00	11.90	2428.47
	4087.40	0.00	11.98	2405.43
	4087.41	0.00	12.09	2387.39
	4087.42	0.00	12.11	2357.52
	4087.43	0.00	12.22	2332.48
	4087.44	0.00	12.32	2313.40
	4087.46	0.00	12.47	2269.33
	4087.47	0.00	12.64	2229.29
	4087.48	0.00	12.84	2163.20
	4087.49	0.00	12.96	2145.11
	4087.50	0.00	12.99	2136.04
	4087.51	0.00	13.04	2133.91
	4087.53	0.00	13.12	2147.81
	4087.54	0.00	13.16	2133.70
	4087.55	0.00	13.18	2130.66
	4087.56	0.00	13.19	2157.62
	4087.57	0.00	13.21	2152.60
	4087.59	0.00	13.25	2138.59
	4087.60	0.00	13.26	2166.57
	4087.61	0.00	13.28	2164.56
	4087.62	0.00	13.33	2142.52
	4087.63	0.00	13.36	2142.47
	4087.64	0.00	13.50	2179.46
	4087.66	0.00	13.56	2184.42
	4087.67	0.00	13.66	2201.40
	4087.68	0.00	13.86	2250.38
	4087.69	0.00	13.99	2278.33
	4087.70	0.00	14.12	2305.32
	4087.71	0.00	14.27	2332.28
	4087.73	0.00	14.39	2357.21
	4087.74	0.00	14.47	2349.17
	4087.75	0.00	14.52	2345.12
	4087.76	0.00	14.74	2494.11
	4087.77	0.00	14.58	2332.99
	4087.79	0.00	14.65	2285.65
	4087.80	0.00	14.53	2216.62
	4087.81	0.00	14.19	2145.94
	4087.82	0.00	13.83	2034.09
	4087.83	0.00	13.38	1912.20
	4087.84	0.00	13.07	1834.27
	4087.86	0.00	12.81	1776.34
	4087.87	0.00	12.75	1764.37
	4087.88	0.00	12.73	1760.37
	4087.89	0.00	12.81	1776.33
	4087.90	0.00	12.81	1785.36
	4087.92	0.00	12.81	1787.37
	4087.93	0.00	12.81	1788.37
	4087.94	0.00	12.81	1789.39
	4087.95	0.00	12.82	1794.38
	4087.96	0.00	12.82	1790.38
	4087.97	0.00	12.87	1809.38
	4087.99	0.00	12.85	1787.32
	4088.00	0.00	12.85	1791.33
	4088.01	0.00	12.87	1798.33
	4088.02	0.00	12.87	1799.32
	4088.03	0.00	12.87	1798.34
	4088.04	0.00	12.87	1803.33
	4088.06	0.00	12.87	1803.33
	4088.07	0.00	12.87	1804.33
	4088.08	0.00	12.85	1805.36
	4088.09	0.00	12.85	1805.34
	4088.10	0.00	12.86	1808.34
	4088.12	0.00	12.99	1811.04
	4088.13	0.00	12.99	1812.06
	4088.14	0.00	12.99	1812.08
	4088.15	0.00	12.97	1804.10
	4088.16	0.00	12.97	1807.10
	4088.17	0.00	12.88	1791.22
	4088.19	0.00	12.85	1800.33
	4088.20	0.00	12.83	1797.36
	4088.21	0.00	12.85	1796.36
	4088.22	0.00	12.85	1800.38
	4088.23	0.00	12.86	1803.36
	4088.25	0.00	12.95	1838.36
	4088.26	0.00	12.86	1806.34
	4088.27	0.00	12.87	1796.30
	4088.28	0.00	12.87	1807.33
	4088.29	0.00	12.71	1825.61
	4088.30	0.00	12.20	1923.08
	4088.32	0.00	11.39	2146.43
	4088.33	0.00	11.22	2215.60
	4088.34	0.00	11.23	2225.64
	4088.35	0.00	11.33	2221.62
	4088.36	0.00	11.35	2242.64
	4088.37	0.00	11.31	2272.68
	4088.39	0.00	11.37	2306.73
	4088.40	0.00	11.43	2324.73
	4088.41	0.00	11.48	2337.75
	4088.42	0.00	11.57	2353.75
	4088.43	0.00	11.67	2354.73
	4088.45	0.00	11.75	2352.70
	4088.46	0.00	11.85	2361.62
	4088.47	0.00	11.95	2325.57
	4088.48	0.00	12.07	2308.50
	4088.49	0.00	12.20	2273.45
	4088.51	0.00	12.38	2222.41
	4088.52	0.00	12.52	2172.35
	4088.53	0.00	12.71	2132.29
	4088.54	0.00	12.78	2108.23
	4088.55	0.00	12.84	2078.16
	4088.56	0.00	12.88	2070.07
	4088.58	0.00	12.97	2075.96
	4088.59	0.00	13.03	2059.84
	4088.60	0.00	13.10	2060.71
	4088.61	0.00	13.13	2055.64
	4088.62	0.00	13.11	2070.63
	4088.64	0.00	13.14	2048.62
	4088.65	0.00	13.18	2058.60
	4088.66	0.00	13.20	2063.58
	4088.67	0.00	13.25	2069.53
	4088.68	0.00	13.27	2074.54
	4088.69	0.00	13.32	2090.53
	4088.71	0.00	13.36	2105.53
	4088.72	0.00	13.39	2114.54
	4088.73	0.00	13.53	2153.54
	4088.74	0.00	13.74	2201.46
	4088.75	0.00	13.83	2224.43
	4088.76	0.00	13.92	2246.44
	4088.78	0.00	14.03	2272.42
	4088.79	0.00	14.13	2291.36
	4088.80	0.00	14.19	2298.40
	4088.81	0.00	14.28	2319.37
	4088.82	0.00	14.33	2312.33
	4088.84	0.00	14.38	2313.26
	4088.85	0.00	14.42	2308.16
	4088.86	0.00	14.39	2269.03
	4088.87	0.00	14.36	2204.78
	4088.88	0.00	14.38	2125.47
	4088.89	0.00	14.00	2064.89
	4088.91	0.00	13.60	1971.19
	4088.92	0.00	13.21	1853.31
	4088.93	0.00	12.84	1770.38
	4088.94	0.00	12.61	1695.52
	4088.95	0.00	12.61	1709.51
	4088.97	0.00	12.62	1725.49
	4088.98	0.00	12.62	1725.49
	4088.99	0.00	12.68	1743.48
	4089.00	0.00	12.68	1732.46
	4089.01	0.00	12.69	1736.48
	4089.02	0.00	12.64	1714.54
	4089.04	0.00	12.64	1718.54
	4089.05	0.00	12.73	1759.48
	4089.06	0.00	12.77	1775.45
	4089.07	0.00	12.76	1769.44
	4089.08	0.00	12.77	1769.41
	4089.10	0.00	12.76	1770.45
	4089.11	0.00	12.75	1762.41
	4089.12	0.00	12.75	1768.43
	4089.13	0.00	12.75	1770.44
	4089.14	0.00	12.77	1779.45
	4089.15	0.00	12.77	1780.45
	4089.17	0.00	12.77	1782.46
	4089.18	0.00	12.82	1784.37
	4089.19	0.00	12.78	1787.46
	4089.20	0.00	12.81	1784.38
	4089.21	0.00	12.84	1798.35
	4089.22	0.00	12.84	1795.32
	4089.24	0.00	12.84	1801.35
	4089.25	0.00	12.83	1797.34
	4089.26	0.00	12.82	1791.34
	4089.27	0.00	12.81	1790.34
	4089.28	0.00	12.82	1790.33
	4089.29	0.00	12.81	1788.33
	4089.31	0.00	12.82	1786.32
	4089.32	0.00	12.83	1791.32
	4089.33	0.00	12.83	1794.32
	4089.34	0.00	12.83	1791.31
	4089.35	0.00	12.84	1792.30
	4089.37	0.00	12.83	1789.30
	4089.38	0.00	12.79	1793.38
	4089.39	0.00	12.61	1812.63
	4089.40	0.00	11.78	1996.07
	4089.41	0.00	11.05	2233.43
	4089.42	0.00	10.97	2279.62
	4089.44	0.00	11.06	2258.67
	4089.45	0.00	11.09	2263.65
	4089.46	0.00	11.13	2281.67
	4089.47	0.00	11.20	2327.71
	4089.48	0.00	11.29	2365.70
	4089.50	0.00	11.35	2407.73
	4089.51	0.00	11.44	2433.74
	4089.52	0.00	11.48	2429.74
	4089.53	0.00	11.62	2425.52
	4089.54	0.00	11.72	2402.50
	4089.56	0.00	11.78	2363.48
	4089.57	0.00	11.88	2325.49
	4089.58	0.00	11.95	2288.52
	4089.59	0.00	12.03	2245.51
	4089.60	0.00	12.18	2205.47
	4089.62	0.00	12.39	2141.43
	4089.63	0.00	12.55	2096.33
	4089.64	0.00	12.67	2072.28
	4089.65	0.00	12.73	2061.22
	4089.66	0.00	12.77	2032.16
	4089.67	0.00	12.82	2020.10
	4089.69	0.00	12.93	2028.95
	4089.70	0.00	12.99	2028.90
	4089.71	0.00	13.05	2030.83
	4089.72	0.00	13.08	2031.77
	4089.73	0.00	13.11	2032.72
	4089.75	0.00	13.17	2051.71
	4089.76	0.00	13.23	2071.68
	4089.77	0.00	13.30	2092.64
	4089.78	0.00	13.35	2114.64
	4089.79	0.00	13.42	2127.56
	4089.80	0.00	13.46	2149.56
	4089.82	0.00	13.53	2166.51
	4089.83	0.00	13.77	2235.52
	4089.84	0.00	13.89	2260.48
	4089.85	0.00	13.97	2280.46
	4089.86	0.00	14.07	2297.43
	4089.87	0.00	14.18	2318.39
	4089.89	0.00	14.26	2329.36
	4089.90	0.00	14.33	2336.31
	4089.91	0.00	14.36	2327.29
	4089.92	0.00	14.38	2316.25
	4089.93	0.00	14.38	2303.23
	4089.95	0.00	14.34	2278.17
	4089.96	0.00	14.27	2219.01
	4089.97	0.00	14.18	2125.83
	4089.98	0.00	13.85	1976.84
	4089.99	0.00	13.58	1911.00
	4090.00	0.00	13.03	1799.30
	4090.02	0.00	12.82	1733.36
	4090.03	0.00	12.65	1691.45
	4090.04	0.00	12.59	1682.49
	4090.05	0.00	12.58	1687.48
	4090.06	0.00	12.60	1696.47
	4090.08	0.00	12.63	1702.47
	4090.09	0.00	12.64	1705.48
	4090.10	0.00	12.65	1718.50
	4090.11	0.00	12.68	1722.48
	4090.12	0.00	12.68	1725.48
	4090.13	0.00	12.69	1725.45
	4090.15	0.00	12.69	1726.46
	4090.16	0.00	12.69	1725.46
	4090.17	0.00	12.73	1735.39
	4090.18	0.00	12.75	1743.39
	4090.19	0.00	12.75	1746.40
	4090.21	0.00	12.76	1749.39
	4090.22	0.00	12.75	1749.40
	4090.23	0.00	12.75	1751.40
	4090.24	0.00	12.78	1752.33
	4090.25	0.00	12.77	1762.39
	4090.26	0.00	12.86	1758.16
	4090.28	0.00	12.93	1770.07
	4090.29	0.00	12.93	1777.09
	4090.30	0.00	12.94	1778.09
	4090.31	0.00	12.94	1783.10
	4090.32	0.00	12.95	1791.10
	4090.33	0.00	12.91	1779.12
	4090.35	0.00	12.87	1779.21
	4090.36	0.00	12.84	1783.28
	4090.37	0.00	12.83	1779.34
	4090.38	0.00	12.85	1784.35
	4090.39	0.00	12.85	1782.34
	4090.40	0.00	12.87	1792.30
	4090.42	0.00	12.89	1785.22
	4090.43	0.00	12.86	1785.29
	4090.44	0.00	12.86	1786.29
	4090.45	0.00	12.87	1787.29
	4090.46	0.00	12.86	1793.29
	4090.48	0.00	12.86	1793.30
	4090.49	0.00	12.89	1795.23
	4090.50	0.00	12.88	1799.28
	4090.51	0.00	12.67	1811.61
	4090.52	0.00	12.06	1930.99
	4090.53	0.00	11.36	2127.29
	4090.55	0.00	11.21	2187.43
	4090.56	0.00	11.25	2178.49
	4090.57	0.00	11.28	2186.49
	4090.58	0.00	11.33	2180.49
	4090.59	0.00	11.40	2211.50
	4090.61	0.00	11.48	2260.50
	4090.62	0.00	11.47	2287.56
	4090.63	0.00	11.49	2319.60
	4090.64	0.00	11.51	2344.61
	4090.65	0.00	11.55	2389.64
	4090.66	0.00	11.61	2398.62
	4090.68	0.00	11.71	2403.60
	4090.69	0.00	11.79	2384.55
	4090.70	0.00	11.89	2373.49
	4090.71	0.00	11.97	2347.44
	4090.72	0.00	12.05	2319.40
	4090.74	0.00	12.12	2301.37
	4090.75	0.00	12.19	2268.37
	4090.76	0.00	12.28	2237.34
	4090.77	0.00	12.37	2202.30
	4090.78	0.00	12.56	2128.25
	4090.80	0.00	12.71	2096.17
	4090.81	0.00	12.87	2060.11
	4090.82	0.00	12.92	2056.02
	4090.83	0.00	12.95	2078.94
	4090.84	0.00	13.02	2080.83
	4090.85	0.00	13.11	2074.65
	4090.87	0.00	13.16	2079.58
	4090.88	0.00	13.19	2084.53
	4090.89	0.00	13.24	2071.51
	4090.90	0.00	13.26	2072.49
	4090.91	0.00	13.25	2072.53
	4090.93	0.00	13.27	2078.52
	4090.94	0.00	13.40	2105.52
	4090.95	0.00	13.47	2112.46
	4090.96	0.00	13.51	2127.48
	4090.97	0.00	13.67	2158.47
	4090.98	0.00	13.77	2167.38
	4091.00	0.00	13.87	2186.36
	4091.01	0.00	13.96	2208.35
	4091.02	0.00	14.06	2235.33
	4091.03	0.00	14.13	2248.32
	4091.04	0.00	14.19	2261.31
	4091.06	0.00	14.24	2269.25
	4091.07	0.00	14.26	2266.21
	4091.08	0.00	14.24	2249.20
	4091.09	0.00	14.25	2247.13
	4091.10	0.00	14.19	2215.10
	4091.11	0.00	14.18	2195.02
	4091.13	0.00	14.16	2161.88
	4091.14	0.00	14.03	2095.80
	4091.15	0.00	13.74	2018.91
	4091.16	0.00	13.46	1937.08
	4091.17	0.00	13.07	1830.16
	4091.18	0.00	12.89	1777.23
	4091.20	0.00	12.78	1753.31
	4091.21	0.00	12.71	1733.34
	4091.22	0.00	12.67	1739.44
	4091.23	0.00	12.69	1741.43
	4091.24	0.00	12.76	1759.38
	4091.25	0.00	12.79	1768.37
	4091.27	0.00	12.79	1769.40
	4091.28	0.00	12.74	1741.43
	4091.29	0.00	12.72	1729.42
	4091.30	0.00	12.71	1726.43
	4091.31	0.00	12.72	1729.44
	4091.33	0.00	12.73	1728.41
	4091.34	0.00	12.74	1730.40
	4091.35	0.00	12.80	1757.35
	4091.36	0.00	12.80	1752.32
	4091.37	0.00	12.81	1758.31
	4091.38	0.00	12.82	1761.30
	4091.40	0.00	12.84	1762.29
	4091.41	0.00	12.87	1760.23
	4091.42	0.00	12.85	1764.28
	4091.43	0.00	12.85	1765.28
	4091.44	0.00	12.84	1762.28
	4091.46	0.00	12.87	1768.25
	4091.47	0.00	12.86	1768.27
	4091.48	0.00	12.86	1769.27
	4091.49	0.00	12.86	1768.27
	4091.50	0.00	12.87	1766.27
	4091.51	0.00	12.85	1765.29
	4091.53	0.00	12.83	1763.33
	4091.54	0.00	12.83	1765.37
	4091.55	0.00	12.83	1768.36
	4091.56	0.00	12.83	1767.36
	4091.57	0.00	12.83	1770.36
	4091.58	0.00	12.86	1773.30
	4091.60	0.00	12.88	1775.27
	4091.61	0.00	12.87	1774.29
	4091.62	0.00	12.89	1785.27
	4091.63	0.00	12.90	1789.27
	4091.64	0.00	12.87	1779.23
	4091.66	0.00	12.89	1791.27
	4091.67	0.00	12.94	1797.16
	4091.68	0.00	12.89	1804.29
	4091.69	0.00	12.71	1820.58
	4091.70	0.00	12.26	1891.94
	4091.71	0.00	11.58	2084.25
	4091.73	0.00	11.19	2214.56
	4091.74	0.00	11.11	2277.66
	4091.75	0.00	11.14	2282.74
	4091.76	0.00	11.17	2299.72
	4091.77	0.00	11.19	2306.73
	4091.79	0.00	11.25	2331.72
	4091.80	0.00	11.25	2320.71
	4091.81	0.00	11.33	2331.66
	4091.82	0.00	11.41	2352.65
	4091.83	0.00	11.48	2371.65
	4091.84	0.00	11.56	2368.60
	4091.86	0.00	11.67	2371.54
	4091.87	0.00	11.76	2361.52
	4091.88	0.00	11.85	2343.51
	4091.89	0.00	11.95	2313.45
	4091.90	0.00	12.08	2288.43
	4091.92	0.00	12.23	2252.38
	4091.93	0.00	12.36	2221.33
	4091.94	0.00	12.59	2165.27
	4091.95	0.00	12.79	2104.13
	4091.96	0.00	12.96	2082.04
	4091.97	0.00	12.98	2099.96
	4091.99	0.00	13.02	2099.88
	4092.00	0.00	13.06	2083.74
	4092.01	0.00	13.13	2077.63
	4092.02	0.00	13.18	2050.56
	4092.03	0.00	13.32	2071.50
	4092.05	0.00	13.35	2066.47
	4092.06	0.00	13.37	2063.44
	4092.07	0.00	13.42	2065.42
	4092.08	0.00	13.54	2077.41
	4092.09	0.00	13.57	2078.40
	4092.10	0.00	13.63	2082.39
	4092.12	0.00	13.68	2083.39
	4092.13	0.00	13.77	2100.38
	4092.14	0.00	13.83	2108.38
	4092.15	0.00	13.86	2116.42
	4092.16	0.00	13.87	2117.43
	4092.18	0.00	13.91	2127.43
	4092.19	0.00	13.95	2133.43
	4092.20	0.00	14.00	2140.41
	4092.21	0.00	14.03	2152.41
	4092.22	0.00	14.04	2149.42
	4092.23	0.00	14.06	2150.38
	4092.25	0.00	14.07	2151.37
	4092.26	0.00	14.07	2152.38
	4092.27	0.00	14.05	2151.39
	4092.28	0.00	14.01	2142.40
	4092.29	0.00	14.04	2133.20
	4092.30	0.00	13.96	2119.27
	4092.32	0.00	13.91	2085.11
	4092.33	0.00	13.78	2046.11
	4092.34	0.00	13.66	2009.12
	4092.35	0.00	13.40	1941.12
	4092.36	0.00	13.26	1889.13
	4092.38	0.00	13.12	1848.13
	4092.39	0.00	12.95	1809.15
	4092.40	0.00	12.91	1792.16
	4092.41	0.00	12.93	1790.08
	4092.42	0.00	12.84	1766.16
	4092.43	0.00	12.90	1786.15
	4092.45	0.00	12.88	1786.21
	4092.46	0.00	12.81	1781.35
	4092.47	0.00	12.80	1785.39
	4092.48	0.00	12.80	1779.41
	4092.49	0.00	12.83	1779.41
	4092.50	0.00	12.83	1780.43
	4092.52	0.00	12.85	1782.41
	4092.53	0.00	12.84	1784.42
	4092.54	0.00	12.84	1783.42
	4092.55	0.00	12.81	1759.38
	4092.56	0.00	12.85	1773.36
	4092.57	0.00	12.87	1779.35
	4092.59	0.00	12.87	1781.35
	4092.60	0.00	12.89	1786.35
	4092.61	0.00	12.87	1790.35
	4092.62	0.00	12.88	1797.35
	4092.63	0.00	12.90	1800.31
	4092.65	0.00	12.91	1815.35
	4092.66	0.00	12.91	1811.33
	4092.67	0.00	12.91	1812.34
	4092.68	0.00	12.91	1812.34
	4092.69	0.00	12.90	1811.36
	4092.70	0.00	12.92	1813.34
	4092.72	0.00	12.90	1808.34
	4092.73	0.00	12.89	1810.36
	4092.74	0.00	12.89	1810.38
	4092.75	0.00	12.90	1812.36
	4092.76	0.00	12.90	1810.36
	4092.77	0.00	12.90	1810.36
	4092.79	0.00	12.91	1809.33
	4092.80	0.00	12.91	1811.35
	4092.81	0.00	12.91	1810.35
	4092.82	0.00	12.91	1810.34
	4092.83	0.00	12.91	1811.34
	4092.85	0.00	12.91	1807.33
	4092.86	0.00	12.95	1807.24
	4092.87	0.00	12.95	1808.23
	4092.88	0.00	12.96	1810.22
	4092.89	0.00	12.96	1811.22
	4092.90	0.00	12.97	1811.21
	4092.92	0.00	12.93	1814.26
	4092.93	0.00	12.86	1820.39
	4092.94	0.00	12.58	1864.64
	4092.95	0.00	12.15	1955.92
	4092.96	0.00	11.85	2060.10
	4092.97	0.00	11.70	2127.22
	4092.99	0.00	11.62	2178.29
	4093.00	0.00	11.63	2212.30
	4093.01	0.00	11.69	2232.31
	4093.02	0.00	11.71	2250.34
	4093.03	0.00	11.69	2253.37
	4093.05	0.00	11.66	2261.44
	4093.06	0.00	11.68	2279.48
	4093.07	0.00	11.69	2284.50
	4093.08	0.00	11.73	2294.51
	4093.09	0.00	11.76	2299.52
	4093.11	0.00	11.82	2300.47
	4093.12	0.00	11.88	2292.46
	4093.13	0.00	11.95	2278.44
	4093.14	0.00	12.02	2261.43
	4093.15	0.00	12.13	2246.29
	4093.16	0.00	12.21	2236.28
	4093.18	0.00	12.29	2217.25
	4093.19	0.00	12.34	2204.23
	4093.20	0.00	12.41	2193.22
	4093.21	0.00	12.46	2169.26
	4093.22	0.00	12.64	2130.25
	4093.24	0.00	12.76	2110.22
	4093.25	0.00	12.85	2117.19
	4093.26	0.00	12.94	2092.09
	4093.27	0.00	13.04	2093.06
	4093.28	0.00	13.08	2091.02
	4093.29	0.00	13.10	2096.96
	4093.31	0.00	13.17	2098.82
	4093.32	0.00	13.21	2105.78
	4093.33	0.00	13.24	2137.65
	4093.34	0.00	13.30	2141.56
	4093.35	0.00	13.35	2118.50
	4093.37	0.00	13.41	2139.45
	4093.38	0.00	13.42	2129.39
	4093.39	0.00	13.55	2148.35
	4093.40	0.00	13.57	2146.30
	4093.41	0.00	13.58	2146.31
	4093.42	0.00	13.59	2139.28
	4093.44	0.00	13.62	2144.25
	4093.45	0.00	13.64	2133.19
	4093.46	0.00	13.64	2121.18
	4093.47	0.00	13.69	2117.07
	4093.48	0.00	13.81	2138.04
	4093.50	0.00	13.86	2145.01
	4093.51	0.00	13.92	2152.99
	4093.52	0.00	13.92	2147.99
	4093.53	0.00	13.93	2151.98
	4093.54	0.00	13.96	2139.91
	4093.55	0.00	13.95	2136.95
	4093.56	0.00	13.95	2136.97
	4093.58	0.00	13.97	2131.91
	4093.59	0.00	13.98	2121.83
	4093.60	0.00	14.05	2104.58
	4093.61	0.00	14.13	2092.35
	4093.62	0.00	14.10	2058.24
	4093.64	0.00	13.95	2014.21
	4093.65	0.00	13.75	1956.27
	4093.66	0.00	13.52	1927.65
	4093.67	0.00	13.31	1878.87
	4093.68	0.00	13.16	1847.02
	4093.69	0.00	13.03	1809.12
	4093.71	0.00	12.91	1783.21
	4093.72	0.00	12.84	1768.25
	4093.73	0.00	12.80	1760.28
	4093.74	0.00	12.80	1757.24
	4093.75	0.00	12.78	1752.29
	4093.76	0.00	12.79	1756.28
	4093.78	0.00	12.83	1767.27
	4093.79	0.00	12.84	1775.30
	4093.80	0.00	12.85	1781.30
	4093.81	0.00	12.86	1787.31
	4093.82	0.00	12.89	1797.32
	4093.84	0.00	12.89	1798.33
	4093.85	0.00	12.96	1826.33
	4093.86	0.00	12.88	1795.32
	4093.87	0.00	12.89	1793.32
	4093.88	0.00	12.88	1795.34
	4093.89	0.00	12.89	1795.33
	4093.91	0.00	12.89	1789.30
	4093.92	0.00	12.90	1792.29
	4093.93	0.00	12.90	1790.30
	4093.94	0.00	12.90	1791.29
	4093.95	0.00	12.90	1787.29
	4093.97	0.00	12.90	1789.30
	4093.98	0.00	12.90	1792.31
	4093.99	0.00	12.90	1796.33
	4094.00	0.00	12.91	1800.34
	4094.01	0.00	12.91	1802.34
	4094.02	0.00	12.91	1801.34
	4094.04	0.00	13.04	1799.01
	4094.05	0.00	13.05	1799.01
	4094.06	0.00	13.06	1802.01
	4094.07	0.00	13.07	1806.01
	4094.08	0.00	13.06	1804.03
	4094.09	0.00	13.05	1800.05
	4094.11	0.00	13.05	1802.03
	4094.12	0.00	13.05	1805.04
	4094.13	0.00	13.06	1810.04
	4094.14	0.00	12.94	1794.22
	4094.15	0.00	12.92	1801.27
	4094.17	0.00	12.93	1807.28
	4094.18	0.00	12.95	1810.29
	4094.19	0.00	12.96	1814.29
	4094.20	0.00	12.94	1821.32
	4094.21	0.00	12.92	1820.34
	4094.22	0.00	12.69	1874.52
	4094.24	0.00	12.38	1936.82
	4094.25	0.00	12.12	2003.00
	4094.26	0.00	11.94	2065.11
	4094.27	0.00	11.84	2107.15
	4094.28	0.00	11.79	2146.22
	4094.30	0.00	11.76	2179.27
	4094.31	0.00	11.74	2189.30
	4094.32	0.00	11.69	2198.34
	4094.33	0.00	11.64	2220.40
	4094.34	0.00	11.67	2253.42
	4094.35	0.00	11.67	2271.44
	4094.37	0.00	11.69	2295.47
	4094.38	0.00	11.73	2303.41
	4094.39	0.00	11.76	2316.41
	4094.40	0.00	11.79	2323.43
	4094.41	0.00	11.82	2319.42
	4094.43	0.00	11.86	2318.40
	4094.44	0.00	11.92	2312.37
	4094.45	0.00	11.97	2299.37
	4094.46	0.00	12.03	2286.34
	4094.47	0.00	12.10	2260.32
	4094.49	0.00	12.20	2243.29
	4094.50	0.00	12.26	2233.27
	4094.51	0.00	12.37	2218.23
	4094.52	0.00	12.43	2207.24
	4094.53	0.00	12.48	2196.22
	4094.54	0.00	12.54	2176.20
	4094.56	0.00	12.69	2162.18
	4094.57	0.00	12.80	2155.15
	4094.58	0.00	12.91	2140.09
	4094.59	0.00	12.96	2139.06
	4094.60	0.00	13.07	2133.00
	4094.62	0.00	13.12	2135.95
	4094.63	0.00	13.16	2140.91
	4094.64	0.00	13.23	2137.74
	4094.65	0.00	13.28	2142.67
	4094.66	0.00	13.33	2154.59
	4094.67	0.00	13.36	2176.51
	4094.69	0.00	13.40	2186.44
	4094.70	0.00	13.41	2185.45
	4094.71	0.00	13.45	2166.43
	4094.72	0.00	13.49	2165.41
	4094.73	0.00	13.53	2176.38
	4094.75	0.00	13.54	2176.37
	4094.76	0.00	13.59	2199.34
	4094.77	0.00	13.61	2190.29
	4094.78	0.00	13.65	2194.26
	4094.79	0.00	13.75	2208.23
	4094.80	0.00	13.80	2207.10
	4094.82	0.00	13.83	2204.05
	4094.83	0.00	13.88	2205.97
	4094.84	0.00	13.88	2196.95
	4094.85	0.00	13.90	2179.87
	4094.86	0.00	13.91	2166.85
	4094.87	0.00	13.93	2153.80
	4094.89	0.00	14.04	2141.51
	4094.90	0.00	14.13	2117.21
	4094.91	0.00	14.16	2100.13
	4094.92	0.00	14.16	2066.04
	4094.93	0.00	14.04	2004.99
	4094.95	0.00	13.92	1972.05
	4094.96	0.00	13.69	1926.28
	4094.97	0.00	13.34	1888.85
	4094.98	0.00	13.24	1907.14
	4094.99	0.00	12.94	1808.25
	4095.00	0.00	12.85	1782.31
	4095.02	0.00	12.79	1758.32
	4095.03	0.00	12.78	1764.33
	4095.04	0.00	12.75	1749.32
	4095.05	0.00	12.76	1751.31
	4095.06	0.00	12.76	1750.31
	4095.07	0.00	12.74	1742.31
	4095.09	0.00	12.76	1747.31
	4095.10	0.00	12.70	1714.36
	4095.11	0.00	12.72	1722.36
	4095.12	0.00	12.74	1726.35
	4095.13	0.00	12.75	1730.35
	4095.14	0.00	12.75	1734.36
	4095.16	0.00	12.77	1738.35
	4095.17	0.00	12.74	1725.35
	4095.18	0.00	12.74	1728.35
	4095.19	0.00	12.73	1730.37
	4095.20	0.00	12.74	1728.35
	4095.22	0.00	12.75	1730.34
	4095.23	0.00	12.76	1735.35
	4095.24	0.00	12.78	1739.34
	4095.25	0.00	12.78	1742.34
	4095.26	0.00	12.87	1779.28
	4095.28	0.00	12.87	1782.29
	4095.29	0.00	12.88	1783.26
	4095.30	0.00	12.89	1789.26
	4095.31	0.00	12.91	1794.25
	4095.32	0.00	12.91	1794.24
	4095.33	0.00	12.93	1802.24
	4095.35	0.00	12.93	1799.23
	4095.36	0.00	12.93	1799.23
	4095.37	0.00	12.95	1801.21
	4095.38	0.00	12.94	1801.22
	4095.39	0.00	12.96	1800.17
	4095.40	0.00	12.93	1800.24
	4095.42	0.00	12.93	1801.25
	4095.43	0.00	12.93	1803.27
	4095.44	0.00	12.93	1805.28
	4095.45	0.00	12.93	1807.29
	4095.46	0.00	12.90	1811.35
	4095.47	0.00	12.86	1816.39
	4095.49	0.00	12.62	1872.69
	4095.50	0.00	12.28	1951.93
	4095.51	0.00	12.04	2020.09
	4095.52	0.00	11.95	2054.16
	4095.53	0.00	11.89	2093.21
	4095.55	0.00	11.88	2110.24
	4095.56	0.00	11.87	2112.19
	4095.57	0.00	11.84	2124.22
	4095.58	0.00	11.77	2138.26
	4095.59	0.00	11.70	2163.29
	4095.60	0.00	11.63	2184.38
	4095.62	0.00	11.58	2206.44
	4095.63	0.00	11.57	2226.47
	4095.64	0.00	11.58	2243.49
	4095.65	0.00	11.61	2252.44
	4095.66	0.00	11.62	2254.46
	4095.68	0.00	11.65	2254.45
	4095.69	0.00	11.69	2265.46
	4095.70	0.00	11.73	2266.41
	4095.71	0.00	11.78	2267.41
	4095.72	0.00	11.82	2261.40
	4095.74	0.00	11.86	2254.39
	4095.75	0.00	11.89	2240.39
	4095.76	0.00	11.95	2227.37
	4095.77	0.00	12.02	2219.35
	4095.78	0.00	12.06	2207.33
	4095.80	0.00	12.11	2192.28
	4095.81	0.00	12.16	2184.25
	4095.82	0.00	12.20	2179.24
	4095.83	0.00	12.25	2166.23
	4095.84	0.00	12.27	2162.20
	4095.85	0.00	12.31	2163.22
	4095.87	0.00	12.34	2161.21
	4095.88	0.00	12.39	2158.21
	4095.89	0.00	12.44	2160.17
	4095.90	0.00	12.50	2164.21
	4095.91	0.00	12.55	2165.21
	4095.93	0.00	12.67	2161.20
	4095.94	0.00	12.72	2159.25
	4095.95	0.00	12.82	2147.24
	4095.96	0.00	12.95	2146.21
	4095.97	0.00	13.07	2141.13
	4095.98	0.00	13.14	2141.05
	4096.00	0.00	13.21	2138.97
	4096.01	0.00	13.31	2142.81
	4096.02	0.00	13.40	2145.61
	4096.03	0.00	13.46	2147.50
	4096.04	0.00	13.56	2145.27
	4096.06	0.00	13.67	2153.22
	4096.07	0.00	13.71	2146.16
	4096.08	0.00	13.73	2143.14
	4096.09	0.00	13.74	2129.08
	4096.10	0.00	13.72	2099.04
	4096.11	0.00	13.58	2048.18
	4096.13	0.00	13.40	1972.18
	4096.14	0.00	13.42	1942.06
	4096.15	0.00	13.43	1894.88
	4096.16	0.00	13.32	1853.92
	4096.17	0.00	13.09	1807.14
	4096.19	0.00	12.88	1755.28
	4096.20	0.00	12.74	1724.36
	4096.21	0.00	12.66	1691.35
	4096.22	0.00	12.63	1690.40
	4096.23	0.00	12.67	1717.38
	4096.24	0.00	12.69	1717.37
	4096.26	0.00	12.63	1695.42
	4096.27	0.00	12.65	1695.42
	4096.28	0.00	12.68	1710.42
	4096.29	0.00	12.70	1718.41
	4096.30	0.00	12.70	1716.40
	4096.31	0.00	12.70	1721.41
	4096.33	0.00	12.75	1723.33
	4096.34	0.00	12.72	1724.40
	4096.35	0.00	12.72	1718.36
	4096.36	0.00	12.76	1734.37
	4096.37	0.00	12.77	1744.38
	4096.39	0.00	12.78	1746.39
	4096.40	0.00	12.79	1749.39
	4096.41	0.00	12.78	1750.39
	4096.42	0.00	12.78	1750.40
	4096.43	0.00	12.79	1752.39
	4096.44	0.00	12.77	1744.39
	4096.46	0.00	12.77	1741.35
	4096.47	0.00	12.77	1746.37
	4096.48	0.00	12.78	1751.38
	4096.49	0.00	12.87	1795.31
	4096.50	0.00	12.89	1804.30
	4096.52	0.00	12.90	1808.30
	4096.53	0.00	12.91	1813.30
	4096.54	0.00	12.91	1812.30
	4096.55	0.00	12.92	1814.30
	4096.56	0.00	12.91	1814.31
	4096.58	0.00	12.91	1817.31
	4096.59	0.00	12.92	1814.27
	4096.60	0.00	12.93	1819.26
	4096.61	0.00	12.96	1830.24
	4096.62	0.00	12.98	1835.23
	4096.63	0.00	12.98	1834.22
	4096.65	0.00	12.98	1833.21
	4096.66	0.00	12.98	1832.20
	4096.67	0.00	12.93	1829.28
	4096.68	0.00	12.73	1870.44
	4096.69	0.00	12.45	1924.75
	4096.70	0.00	12.13	2002.95
	4096.72	0.00	11.85	2091.09
	4096.73	0.00	11.71	2126.17
	4096.74	0.00	11.64	2158.23
	4096.75	0.00	11.67	2192.25
	4096.76	0.00	11.69	2197.25
	4096.78	0.00	11.66	2202.32
	4096.79	0.00	11.60	2210.37
	4096.80	0.00	11.58	2231.41
	4096.81	0.00	11.57	2259.47
	4096.82	0.00	11.58	2278.47
	4096.83	0.00	11.59	2293.50
	4096.85	0.00	11.62	2306.51
	4096.86	0.00	11.67	2313.50
	4096.87	0.00	11.78	2319.37
	4096.88	0.00	11.82	2308.36
	4096.89	0.00	11.91	2302.32
	4096.91	0.00	11.96	2282.29
	4096.92	0.00	12.03	2272.25
	4096.93	0.00	12.09	2259.36
	4096.94	0.00	12.17	2234.32
	4096.95	0.00	12.27	2210.30
	4096.96	0.00	12.38	2195.26
	4096.98	0.00	12.46	2179.20
	4096.99	0.00	12.56	2172.18
	4097.00	0.00	12.72	2148.12
	4097.01	0.00	12.86	2118.05
	4097.02	0.00	12.97	2106.99
	4097.04	0.00	13.12	2107.87
	4097.05	0.00	13.17	2115.79
	4097.06	0.00	13.22	2117.71
	4097.07	0.00	13.29	2134.62
	4097.08	0.00	13.37	2151.48
	4097.10	0.00	13.41	2144.39
	4097.11	0.00	13.45	2157.35
	4097.12	0.00	13.49	2159.30
	4097.13	0.00	13.53	2164.23
	4097.14	0.00	13.55	2162.20
	4097.15	0.00	13.59	2170.15
	4097.17	0.00	13.72	2188.10
	4097.18	0.00	13.72	2187.11
	4097.19	0.00	13.76	2188.06
	4097.20	0.00	13.83	2189.95
	4097.21	0.00	13.97	2205.86
	4097.22	0.00	13.99	2201.82
	4097.24	0.00	14.00	2194.79
	4097.25	0.00	14.06	2193.70
	4097.26	0.00	14.21	2185.35
	4097.27	0.00	14.26	2146.17
	4097.28	0.00	14.28	2122.07
	4097.29	0.00	14.22	2072.96
	4097.31	0.00	14.10	2011.87
	4097.32	0.00	14.03	1970.86
	4097.33	0.00	13.88	1943.02
	4097.34	0.00	13.45	1896.68
	4097.35	0.00	13.15	1849.07
	4097.37	0.00	12.99	1812.18
	4097.38	0.00	12.87	1782.25
	4097.39	0.00	12.79	1760.27
	4097.40	0.00	12.78	1758.30
	4097.41	0.00	12.77	1755.26
	4097.42	0.00	12.78	1757.26
	4097.44	0.00	12.80	1757.25
	4097.45	0.00	12.81	1766.30
	4097.46	0.00	12.82	1772.31
	4097.47	0.00	12.97	1833.32
	4097.48	0.00	12.79	1751.35
	4097.50	0.00	12.76	1737.36
	4097.51	0.00	12.76	1738.36
	4097.52	0.00	12.77	1742.37
	4097.53	0.00	12.79	1746.34
	4097.54	0.00	12.79	1748.37
	4097.55	0.00	12.81	1748.32
	4097.57	0.00	12.81	1747.32
	4097.58	0.00	12.82	1748.30
	4097.59	0.00	12.81	1751.33
	4097.60	0.00	12.86	1773.30
	4097.61	0.00	12.86	1781.30
	4097.62	0.00	12.90	1794.26
	4097.64	0.00	12.99	1795.04
	4097.65	0.00	13.04	1805.98
	4097.66	0.00	13.04	1814.00
	4097.67	0.00	13.04	1816.02
	4097.68	0.00	13.05	1814.01
	4097.69	0.00	13.04	1812.01
	4097.71	0.00	13.03	1810.02
	4097.72	0.00	13.00	1794.01
	4097.73	0.00	12.94	1796.16
	4097.74	0.00	12.93	1799.20
	4097.75	0.00	12.95	1792.20
	4097.77	0.00	12.90	1779.23
	4097.78	0.00	12.91	1790.25
	4097.79	0.00	12.91	1792.26
	4097.80	0.00	12.90	1784.21
	4097.81	0.00	12.92	1790.22
	4097.83	0.00	12.87	1803.33
	4097.84	0.00	12.77	1812.48
	4097.85	0.00	12.47	1865.80
	4097.86	0.00	12.18	1965.97
	4097.87	0.00	11.95	2052.02
	4097.88	0.00	11.81	2096.18
	4097.90	0.00	11.76	2120.22
	4097.91	0.00	11.78	2164.25
	4097.92	0.00	11.79	2176.26
	4097.93	0.00	11.74	2176.32
	4097.94	0.00	11.70	2198.36
	4097.95	0.00	11.68	2220.40
	4097.97	0.00	11.66	2247.43
	4097.98	0.00	11.68	2258.39
	4097.99	0.00	11.72	2277.39
	4098.00	0.00	11.75	2281.39
	4098.02	0.00	11.79	2278.39
	4098.03	0.00	11.83	2273.40
	4098.04	0.00	11.89	2270.37
	4098.05	0.00	11.94	2259.35
	4098.06	0.00	12.02	2240.33
	4098.07	0.00	12.08	2227.31
	4098.08	0.00	12.18	2213.28
	4098.10	0.00	12.27	2202.24
	4098.11	0.00	12.34	2190.21
	4098.12	0.00	12.41	2180.24
	4098.13	0.00	12.50	2159.21
	4098.14	0.00	12.67	2119.19
	4098.16	0.00	12.77	2109.16
	4098.17	0.00	12.84	2103.14
	4098.18	0.00	12.93	2097.04
	4098.19	0.00	13.01	2086.07
	4098.20	0.00	13.03	2090.05
	4098.21	0.00	13.05	2094.02
	4098.23	0.00	13.12	2094.91
	4098.24	0.00	13.18	2104.78
	4098.25	0.00	13.22	2101.73
	4098.26	0.00	13.28	2107.65
	4098.27	0.00	13.32	2110.59
	4098.29	0.00	13.36	2117.54
	4098.30	0.00	13.35	2111.56
	4098.31	0.00	13.46	2129.54
	4098.32	0.00	13.50	2133.51
	4098.33	0.00	13.55	2138.44
	4098.35	0.00	13.56	2139.45
	4098.36	0.00	13.60	2137.37
	4098.37	0.00	13.61	2129.36
	4098.38	0.00	13.63	2131.35
	4098.39	0.00	13.65	2125.32
	4098.40	0.00	13.66	2124.29
	4098.42	0.00	13.67	2122.26
	4098.43	0.00	13.67	2125.29
	4098.44	0.00	13.65	2113.28
	4098.45	0.00	13.69	2110.28
	4098.46	0.00	13.65	2089.27
	4098.47	0.00	13.48	2042.26
	4098.49	0.00	13.40	2005.28
	4098.50	0.00	13.23	1953.27
	4098.51	0.00	13.17	1914.28
	4098.52	0.00	13.09	1883.29
	4098.53	0.00	12.99	1850.32
	4098.54	0.00	12.91	1822.34
	4098.56	0.00	12.85	1807.36
	4098.57	0.00	12.80	1798.41
	4098.58	0.00	12.78	1792.43
	4098.59	0.00	12.78	1787.41
	4098.60	0.00	12.78	1786.40
	4098.62	0.00	12.78	1779.37
	4098.63	0.00	12.77	1775.37
	4098.64	0.00	12.77	1775.37
	4098.65	0.00	12.77	1772.36
	4098.66	0.00	12.77	1772.36
	4098.67	0.00	12.76	1758.32
	4098.69	0.00	12.80	1774.32
	4098.70	0.00	12.82	1778.31
	4098.71	0.00	12.81	1776.33
	4098.72	0.00	12.84	1779.31
	4098.73	0.00	12.83	1778.31
	4098.75	0.00	12.84	1782.31
	4098.76	0.00	12.86	1785.28
	4098.77	0.00	12.84	1777.30
	4098.78	0.00	12.83	1776.30
	4098.79	0.00	12.85	1780.29
	4098.81	0.00	12.86	1782.30
	4098.82	0.00	12.87	1784.28
	4098.83	0.00	12.89	1788.28
	4098.84	0.00	12.89	1792.28
	4098.85	0.00	12.91	1794.26
	4098.86	0.00	12.91	1795.27
	4098.88	0.00	12.90	1791.27
	4098.89	0.00	12.90	1791.26
	4098.90	0.00	12.92	1795.23
	4098.91	0.00	12.93	1805.25
	4098.92	0.00	12.91	1797.25
	4098.93	0.00	12.91	1800.24
	4098.95	0.00	12.92	1801.24
	4098.96	0.00	12.91	1800.24
	4098.97	0.00	12.94	1807.20
	4098.98	0.00	12.95	1830.25
	4098.99	0.00	12.96	1860.33
	4099.00	0.00	12.93	1866.39
	4099.02	0.00	12.88	1885.50
	4099.03	0.00	12.74	1911.64
	4099.04	0.00	12.66	1926.82
	4099.05	0.00	12.59	1934.92
	4099.06	0.00	12.55	1935.96
	4099.08	0.00	12.54	1938.94
	4099.09	0.00	12.52	1942.97
	4099.10	0.00	12.52	1953.99
	4099.11	0.00	12.51	1959.01
	4099.12	0.00	12.49	1964.01
	4099.13	0.00	12.47	1976.02
	4099.15	0.00	12.59	1981.71
	4099.16	0.00	12.57	1990.74
	4099.17	0.00	12.48	2002.78
	4099.18	0.00	12.42	2019.81
	4099.19	0.00	12.29	2014.99
	4099.21	0.00	12.25	2024.09
	4099.22	0.00	12.23	2025.12
	4099.23	0.00	12.22	2034.15
	4099.24	0.00	12.17	2023.13
	4099.25	0.00	12.16	2037.15
	4099.27	0.00	12.15	2044.16
	4099.28	0.00	12.14	2052.18
	4099.29	0.00	12.15	2058.17
	4099.30	0.00	12.14	2062.19
	4099.31	0.00	12.17	2072.16
	4099.32	0.00	12.17	2071.18
	4099.34	0.00	12.16	2073.19
	4099.35	0.00	12.15	2073.19
	4099.36	0.00	12.14	2067.19
	4099.37	0.00	12.14	2075.23
	4099.38	0.00	12.14	2072.22
	4099.39	0.00	12.17	2075.21
	4099.41	0.00	12.20	2084.21
	4099.42	0.00	12.21	2083.21
	4099.43	0.00	12.24	2078.14
	4099.44	0.00	12.25	2078.13
	4099.45	0.00	12.26	2077.12
	4099.47	0.00	12.27	2076.14
	4099.48	0.00	12.28	2076.11
	4099.49	0.00	12.26	2068.11
	4099.50	0.00	12.25	2065.11
	4099.51	0.00	12.25	2065.11
	4099.52	0.00	12.26	2064.11
	4099.54	0.00	12.25	2065.11
	4099.55	0.00	12.25	2065.11
	4099.56	0.00	12.26	2069.11
	4099.57	0.00	12.26	2069.11
	4099.58	0.00	12.26	2069.11
	4099.60	0.00	12.26	2070.12
	4099.61	0.00	12.26	2067.14
	4099.62	0.00	12.24	2064.17
	4099.63	0.00	12.24	2064.18
	4099.64	0.00	12.23	2066.21
	4099.66	0.00	12.24	2068.19
	4099.67	0.00	12.27	2067.15
	4099.68	0.00	12.26	2066.17
	4099.69	0.00	12.26	2061.17
	4099.70	0.00	12.27	2065.17
	4099.71	0.00	12.31	2064.06
	4099.73	0.00	12.38	2063.87
	4099.74	0.00	12.36	2055.89
	4099.75	0.00	12.37	2063.92
	4099.76	0.00	12.35	2056.93
	4099.77	0.00	12.35	2057.94
	4099.79	0.00	12.27	2041.09
	4099.80	0.00	12.24	2041.14
	4099.81	0.00	12.24	2042.15
	4099.82	0.00	12.26	2039.18
	4099.83	0.00	12.26	2039.17
	4099.85	0.00	12.24	2022.12
	4099.86	0.00	12.26	2030.13
	4099.87	0.00	12.27	2031.14
	4099.88	0.00	12.27	2035.14
	4099.89	0.00	12.29	2036.10
	4099.90	0.00	12.29	2043.13
	4099.92	0.00	12.31	2045.11
	4099.93	0.00	12.30	2040.12
	4099.94	0.00	12.29	2042.13
	4099.95	0.00	12.32	2036.03
	4099.96	0.00	12.29	2038.14
	4099.97	0.00	12.29	2038.15
	4099.99	0.00	12.30	2036.15
	4100.00	0.00	12.30	2034.15
	4100.01	0.00	12.31	2025.08
	4100.02	0.00	12.34	2026.08
	4100.03	0.00	12.35	2023.07
	4100.05	0.00	12.35	2015.07
	4100.06	0.00	12.42	1997.07
	4100.07	0.00	12.41	1982.06
	4100.08	0.00	12.42	1978.06
	4100.09	0.00	12.43	1975.05
	4100.10	0.00	12.44	1972.05
	4100.12	0.00	12.44	1970.05
	4100.13	0.00	12.44	1962.05
	4100.14	0.00	12.46	1966.04
	4100.15	0.00	12.47	1965.04
	4100.16	0.00	12.48	1961.04
	4100.18	0.00	12.46	1958.10
	4100.19	0.00	12.46	1959.10
	4100.20	0.00	12.46	1957.11
	4100.21	0.00	12.47	1959.11
	4100.22	0.00	12.46	1958.12
	4100.23	0.00	12.48	1959.08
	4100.25	0.00	12.47	1960.10
	4100.26	0.00	12.48	1959.11
	4100.27	0.00	12.50	1955.10
	4100.28	0.00	12.49	1954.10
	4100.29	0.00	12.51	1956.06
	4100.31	0.00	12.61	1958.81
	4100.32	0.00	12.60	1960.84
	4100.33	0.00	12.59	1953.86
	4100.34	0.00	12.59	1955.87
	4100.35	0.00	12.53	1940.92
	4100.37	0.00	12.50	1940.01
	4100.38	0.00	12.49	1941.04
	4100.39	0.00	12.50	1937.05
	4100.40	0.00	12.51	1936.04
	4100.41	0.00	12.50	1939.07
	4100.42	0.00	12.47	1920.04
	4100.43	0.00	12.48	1931.06
	4100.45	0.00	12.50	1931.07
	4100.46	0.00	12.50	1936.07
	4100.47	0.00	12.51	1934.04
	4100.48	0.00	12.53	1945.04
	4100.50	0.00	12.53	1947.06
	4100.51	0.00	12.53	1946.06
	4100.52	0.00	12.52	1944.06
	4100.53	0.00	12.51	1947.07
	4100.54	0.00	12.51	1945.07
	4100.55	0.00	12.51	1949.08
	4100.57	0.00	12.52	1948.08
	4100.58	0.00	12.52	1950.08
	4100.59	0.00	12.52	1952.09
	4100.60	0.00	12.53	1948.02
	4100.61	0.00	12.53	1948.02
	4100.62	0.00	12.53	1948.02
	4100.64	0.00	12.54	1949.01
	4100.65	0.00	12.54	1948.01
	4100.66	0.00	12.51	1937.01
	4100.67	0.00	12.51	1937.01
	4100.68	0.00	12.52	1936.01
	4100.70	0.00	12.51	1939.01
	4100.71	0.00	12.53	1935.94
	4100.72	0.00	12.50	1935.01
	4100.73	0.00	12.50	1937.02
	4100.74	0.00	12.51	1937.02
	4100.75	0.00	12.54	1937.94
	4100.77	0.00	12.50	1938.05
	4100.78	0.00	12.49	1938.08
	4100.79	0.00	12.47	1936.10
	4100.80	0.00	12.47	1939.12
	4100.81	0.00	12.47	1940.12
	4100.83	0.00	12.48	1938.08
	4100.84	0.00	12.48	1941.09
	4100.85	0.00	12.47	1943.12
	4100.86	0.00	12.46	1939.11
	4100.87	0.00	12.47	1944.12
	4100.88	0.00	12.46	1945.14
	4100.90	0.00	12.57	1947.83
	4100.91	0.00	12.57	1949.86
	4100.92	0.00	12.55	1942.88
	4100.93	0.00	12.55	1943.88
	4100.94	0.00	12.51	1930.91
	4100.96	0.00	12.45	1932.05
	4100.97	0.00	12.46	1926.08
	4100.98	0.00	12.48	1929.04
	4100.99	0.00	12.42	1908.06
	4101.00	0.00	12.44	1918.08
	4101.02	0.00	12.44	1922.09
	4101.03	0.00	12.45	1924.10
	4101.04	0.00	12.44	1930.11
	4101.05	0.00	12.43	1933.10
	4101.06	0.00	12.48	1941.03
	4101.07	0.00	12.47	1947.09
	4101.09	0.00	12.46	1942.10
	4101.10	0.00	12.45	1946.10
	4101.11	0.00	12.45	1947.11
	4101.12	0.00	12.44	1947.11
	4101.13	0.00	12.45	1949.11
	4101.14	0.00	12.45	1951.12
	4101.16	0.00	12.46	1953.12
	4101.17	0.00	12.47	1948.06
	4101.18	0.00	12.48	1951.05
	4101.19	0.00	12.48	1948.05
	4101.20	0.00	12.48	1945.04
	4101.22	0.00	12.49	1948.04
	4101.23	0.00	12.47	1936.03
	4101.24	0.00	12.47	1937.04
	4101.25	0.00	12.49	1936.01
	4101.26	0.00	12.47	1932.03
	4101.27	0.00	12.48	1932.03
	4101.29	0.00	12.48	1934.03
	4101.30	0.00	12.49	1934.03
	4101.31	0.00	12.50	1936.02
	4101.32	0.00	12.51	1935.00
	4101.33	0.00	12.48	1934.06
	4101.35	0.00	12.47	1937.10
	4101.36	0.00	12.48	1938.09
	4101.37	0.00	12.48	1939.10
	4101.38	0.00	12.50	1939.06
	4101.39	0.00	12.50	1943.06
	4101.40	0.00	12.49	1940.08
	4101.42	0.00	12.49	1942.09
	4101.43	0.00	12.48	1943.09
	4101.44	0.00	12.62	1942.74
	4101.45	0.00	12.60	1948.82
	4101.46	0.00	12.60	1947.83
	4101.48	0.00	12.59	1939.84
	4101.49	0.00	12.57	1939.86
	4101.50	0.00	12.57	1930.81
	4101.51	0.00	12.49	1926.99
	4101.52	0.00	12.49	1927.03
	4101.54	0.00	12.49	1926.07
	4101.55	0.00	12.50	1926.01
	4101.56	0.00	12.46	1910.04
	4101.57	0.00	12.47	1917.05
	4101.58	0.00	12.47	1925.08
	4101.60	0.00	12.49	1926.07
	4101.61	0.00	12.48	1930.07
	4101.62	0.00	12.50	1934.04
	4101.63	0.00	12.50	1940.07
	4101.64	0.00	12.51	1940.06
	4101.65	0.00	12.49	1943.07
	4101.66	0.00	12.49	1943.08
	4101.68	0.00	12.49	1946.10
	4101.69	0.00	12.50	1945.09
	4101.70	0.00	12.49	1946.09
	4101.71	0.00	12.49	1947.09
	4101.72	0.00	12.50	1943.04
	4101.74	0.00	12.49	1938.03
	4101.75	0.00	12.51	1946.03
	4101.76	0.00	12.51	1943.02
	4101.77	0.00	12.49	1933.98
	4101.78	0.00	12.47	1931.03
	4101.79	0.00	12.48	1934.03
	4101.81	0.00	12.48	1936.03
	4101.82	0.00	12.47	1938.03
	4101.83	0.00	12.46	1933.04
	4101.84	0.00	12.47	1938.03
	4101.85	0.00	12.47	1940.04
	4101.87	0.00	12.49	1939.99
	4101.88	0.00	12.45	1939.09
	4101.89	0.00	12.45	1942.10
	4101.90	0.00	12.45	1941.10
	4101.91	0.00	12.44	1942.11
	4101.92	0.00	12.44	1943.12
	4101.94	0.00	12.46	1945.08
	4101.95	0.00	12.45	1946.10
	4101.96	0.00	12.45	1944.10
	4101.97	0.00	12.45	1948.11
	4101.98	0.00	12.55	1945.82
	4102.00	0.00	12.56	1952.84
	4102.01	0.00	12.55	1951.85
	4102.02	0.00	12.54	1942.86
	4102.03	0.00	12.53	1943.87
	4102.04	0.00	12.53	1946.88
	4102.06	0.00	12.45	1931.99
	4102.07	0.00	12.43	1934.05
	4102.08	0.00	12.44	1928.07
	4102.09	0.00	12.45	1930.07
	4102.10	0.00	12.45	1932.08
	4102.12	0.00	12.42	1912.06
	4102.13	0.00	12.43	1925.08
	4102.14	0.00	12.46	1923.08
	4102.15	0.00	12.45	1930.09
	4102.16	0.00	12.46	1923.05
	4102.17	0.00	12.48	1939.06
	4102.18	0.00	12.47	1940.07
	4102.20	0.00	12.48	1940.07
	4102.21	0.00	12.47	1940.08
	4102.22	0.00	12.46	1939.08
	4102.23	0.00	12.47	1941.08
	4102.25	0.00	12.47	1944.09
	4102.26	0.00	12.47	1947.09
	4102.27	0.00	12.47	1946.09
	4102.28	0.00	12.49	1941.03
	4102.29	0.00	12.49	1944.03
	4102.30	0.00	12.49	1945.03
	4102.32	0.00	12.49	1941.02
	4102.33	0.00	12.49	1943.02
	4102.34	0.00	12.47	1932.01
	4102.35	0.00	12.46	1932.02
	4102.36	0.00	12.47	1931.02
	4102.37	0.00	12.47	1931.02
	4102.39	0.00	12.47	1928.99
	4102.40	0.00	12.45	1926.02
	4102.41	0.00	12.47	1933.02
	4102.42	0.00	12.48	1935.02
	4102.43	0.00	12.51	1932.96
	4102.45	0.00	12.47	1932.06
	4102.46	0.00	12.45	1933.09
	4102.47	0.00	12.44	1934.10
	4102.48	0.00	12.45	1932.10
	4102.49	0.00	12.45	1937.10
	4102.50	0.00	12.47	1937.06
	4102.52	0.00	12.46	1935.08
	4102.53	0.00	12.46	1936.09
	4102.54	0.00	12.46	1938.09
	4102.55	0.00	12.56	1936.81
	4102.56	0.00	12.57	1938.79
	4102.58	0.00	12.57	1941.82
	4102.59	0.00	12.56	1932.84
	4102.60	0.00	12.55	1937.85
	4102.61	0.00	12.52	1922.86
	4102.62	0.00	12.46	1922.99
	4102.63	0.00	12.47	1915.04
	4102.65	0.00	12.46	1920.05
	4102.66	0.00	12.44	1903.01
	4102.67	0.00	12.44	1901.00
	4102.68	0.00	12.44	1912.05
	4102.69	0.00	12.45	1916.06
	4102.71	0.00	12.46	1919.06
	4102.72	0.00	12.45	1917.05
	4102.73	0.00	12.48	1928.04
	4102.74	0.00	12.48	1933.05
	4102.75	0.00	12.48	1934.06
	4102.77	0.00	12.48	1935.05
	4102.78	0.00	12.46	1932.07
	4102.79	0.00	12.47	1936.07
	4102.80	0.00	12.47	1937.07
	4102.81	0.00	12.49	1938.03
	4102.82	0.00	12.46	1931.04
	4102.84	0.00	12.49	1937.01
	4102.85	0.00	12.49	1939.01
	4102.86	0.00	12.49	1938.01
	4102.87	0.00	12.49	1939.01
	4102.88	0.00	12.46	1927.01
	4102.89	0.00	12.46	1928.01
	4102.91	0.00	12.46	1928.01
	4102.92	0.00	12.46	1926.01
	4102.93	0.00	12.47	1927.01
	4102.94	0.00	12.46	1922.01
	4102.95	0.00	12.47	1928.00
	4102.97	0.00	12.47	1928.01
	4102.98	0.00	12.47	1927.01
	4102.99	0.00	12.49	1924.98
	4103.00	0.00	12.46	1925.06
	4103.01	0.00	12.45	1926.08
	4103.03	0.00	12.45	1931.09
	4103.04	0.00	12.45	1928.07
	4103.05	0.00	12.45	1928.07
	4103.06	0.00	12.46	1933.08
	4103.07	0.00	12.45	1932.09
	4103.08	0.00	12.45	1932.09
	4103.10	0.00	12.45	1934.10
	4103.11	0.00	12.57	1934.79
	4103.12	0.00	12.56	1937.82
	4103.13	0.00	12.54	1927.84
	4103.14	0.00	12.54	1931.86
	4103.16	0.00	12.49	1920.90
	4103.17	0.00	12.46	1917.97
	4103.18	0.00	12.45	1919.00
	4103.19	0.00	12.44	1913.06
	4103.20	0.00	12.46	1920.05
	4103.21	0.00	12.41	1894.02
	4103.23	0.00	12.43	1909.05
	4103.24	0.00	12.43	1913.07
	4103.25	0.00	12.46	1911.06
	4103.26	0.00	12.44	1916.06
	4103.27	0.00	12.45	1912.02
	4103.29	0.00	12.46	1925.06
	4103.30	0.00	12.47	1926.05
	4103.31	0.00	12.47	1930.06
	4103.32	0.00	12.46	1927.03
	4103.33	0.00	12.45	1932.09
	4103.35	0.00	12.47	1934.07
	4103.36	0.00	12.46	1932.07
	4103.37	0.00	12.46	1937.07
	4103.38	0.00	12.46	1934.08
	4103.39	0.00	12.48	1936.02
	4103.40	0.00	12.48	1935.01
	4103.42	0.00	12.48	1934.01
	4103.43	0.00	12.49	1932.97
	4103.44	0.00	12.44	1917.01
	4103.45	0.00	12.45	1922.01
	4103.46	0.00	12.45	1923.01
	4103.48	0.00	12.47	1924.98
	4103.49	0.00	12.45	1921.01
	4103.50	0.00	12.45	1920.01
	4103.51	0.00	12.46	1925.01
	4103.52	0.00	12.49	1926.98
	4103.53	0.00	12.48	1922.96
	4103.55	0.00	12.45	1925.06
	4103.56	0.00	12.45	1926.08
	4103.57	0.00	12.46	1930.07
	4103.58	0.00	12.45	1929.08
	4103.59	0.00	12.45	1930.09
	4103.61	0.00	12.46	1930.05
	4103.62	0.00	12.47	1930.06
	4103.63	0.00	12.46	1929.08
	4103.64	0.00	12.46	1933.08
	4103.65	0.00	12.45	1932.09
	4103.66	0.00	12.54	1929.85
	4103.68	0.00	12.57	1934.80
	4103.69	0.00	12.56	1934.83
	4103.70	0.00	12.54	1929.84
	4103.71	0.00	12.55	1929.83
	4103.72	0.00	12.47	1919.95
	4103.74	0.00	12.45	1920.02
	4103.75	0.00	12.46	1916.03
	4103.76	0.00	12.47	1916.03
	4103.77	0.00	12.47	1920.04
	4103.78	0.00	12.42	1900.04
	4103.79	0.00	12.44	1913.05
	4103.81	0.00	12.45	1912.06
	4103.82	0.00	12.45	1918.07
	4103.83	0.00	12.45	1917.03
	4103.84	0.00	12.47	1927.05
	4103.85	0.00	12.48	1926.05
	4103.87	0.00	12.48	1930.05
	4103.88	0.00	12.47	1930.06
	4103.89	0.00	12.46	1929.05
	4103.90	0.00	12.45	1935.09
	4103.91	0.00	12.45	1927.08
	4103.92	0.00	12.46	1935.08
	4103.94	0.00	12.48	1932.02
	4103.95	0.00	12.49	1936.00
	4103.96	0.00	12.48	1938.02
	4103.97	0.00	12.49	1938.01
	4103.98	0.00	12.49	1935.01
	4104.00	0.00	12.48	1935.01
	4104.01	0.00	12.45	1925.01
	4104.02	0.00	12.45	1924.01
	4104.03	0.00	12.46	1924.01
	4104.04	0.00	12.45	1922.03
	4104.06	0.00	12.46	1925.01
	4104.07	0.00	12.45	1921.01
	4104.08	0.00	12.46	1924.01
	4104.09	0.00	12.46	1924.01
	4104.10	0.00	12.48	1923.97
	4104.11	0.00	12.44	1922.06
	4104.13	0.00	12.43	1923.08
	4104.14	0.00	12.46	1923.03
	4104.15	0.00	12.43	1924.10
	4104.16	0.00	12.42	1928.10
	4104.17	0.00	12.43	1929.07
	4104.18	0.00	12.42	1931.09
	4104.20	0.00	12.41	1933.11
	4104.21	0.00	12.41	1934.11
	4104.22	0.00	12.52	1938.80
	4104.23	0.00	12.50	1942.84
	4104.24	0.00	12.48	1934.87
	4104.26	0.00	12.48	1939.87
	4104.27	0.00	12.45	1924.84
	4104.28	0.00	12.37	1926.00
	4104.29	0.00	12.35	1929.04
	4104.30	0.00	12.36	1925.06
	4104.31	0.00	12.35	1931.08
	4104.33	0.00	12.29	1906.06
	4104.34	0.00	12.31	1923.10
	4104.35	0.00	12.28	1937.10
	4104.36	0.00	12.28	1936.11
	4104.37	0.00	12.28	1941.11
	4104.39	0.00	12.29	1944.07
	4104.40	0.00	12.32	1951.09
	4104.41	0.00	12.30	1950.10
	4104.42	0.00	12.30	1951.10
	4104.43	0.00	12.30	1948.07
	4104.44	0.00	12.31	1955.10
	4104.46	0.00	12.31	1953.10
	4104.47	0.00	12.31	1953.11
	4104.48	0.00	12.30	1954.11
	4104.49	0.00	12.31	1949.06
	4104.50	0.00	12.31	1951.05
	4104.52	0.00	12.30	1954.05
	4104.53	0.00	12.30	1957.05
	4104.54	0.00	12.29	1953.05
	4104.55	0.00	12.24	1959.05
	4104.56	0.00	12.22	1954.06
	4104.58	0.00	12.20	1953.06
	4104.59	0.00	12.19	1958.06
	4104.60	0.00	12.19	1955.06
	4104.61	0.00	12.17	1959.06
	4104.62	0.00	12.17	1962.01
	4104.63	0.00	12.14	1960.07
	4104.65	0.00	12.12	1960.07
	4104.66	0.00	12.13	1966.07
	4104.67	0.00	12.12	1967.08
	4104.68	0.00	12.12	1970.08
	4104.69	0.00	12.12	1968.08
	4104.71	0.00	12.10	1966.10
	4104.72	0.00	12.06	1959.14
	4104.73	0.00	12.07	1962.15
	4104.74	0.00	12.06	1962.15
	4104.75	0.00	12.05	1961.15
	4104.77	0.00	12.04	1965.16
	4104.78	0.00	12.03	1969.17
	4104.79	0.00	12.04	1970.13
	4104.80	0.00	12.03	1972.15
	4104.81	0.00	12.03	1978.12
	4104.82	0.00	12.00	1972.17
	4104.84	0.00	12.01	1978.17
	4104.85	0.00	12.00	1980.17
	4104.86	0.00	12.08	1977.89
	4104.87	0.00	12.09	1979.88
	4104.88	0.00	12.09	1986.91
	4104.89	0.00	12.07	1981.93
	4104.91	0.00	12.08	1985.92
	4104.92	0.00	12.02	1965.97
	4104.93	0.00	11.99	1979.10
	4104.94	0.00	11.99	1977.12
	4104.95	0.00	12.02	1974.11
	4104.97	0.00	12.00	1977.14
	4104.98	0.00	11.97	1956.12
	4104.99	0.00	11.99	1967.15
	4105.00	0.00	12.02	1972.14
	4105.01	0.00	12.03	1974.15
	4105.02	0.00	12.04	1973.15
	4105.04	0.00	12.05	1964.10
	4105.05	0.00	12.10	1981.11
	4105.06	0.00	12.11	1983.12
	4105.07	0.00	12.12	1982.11
	4105.08	0.00	12.11	1982.12
	4105.10	0.00	12.15	1981.04
	4105.11	0.00	12.13	1984.11
	4105.12	0.00	12.14	1984.12
	4105.13	0.00	12.16	1985.11
	4105.14	0.00	12.17	1984.11
	4105.15	0.00	12.21	1983.04
	4105.17	0.00	12.22	1978.03
	4105.18	0.00	12.25	1976.02
	4105.19	0.00	12.30	1978.03
	4105.20	0.00	12.36	1949.00
	4105.21	0.00	12.42	1940.99
	4105.23	0.00	12.45	1939.97
	4105.24	0.00	12.47	1937.96
	4105.25	0.00	12.51	1942.95
	4105.26	0.00	12.54	1940.94
	4105.27	0.00	12.57	1941.93
	4105.29	0.00	12.61	1949.91
	4105.30	0.00	12.66	1958.90
	4105.31	0.00	12.69	1956.89
	4105.32	0.00	12.71	1954.91
	4105.33	0.00	12.74	1965.89
	4105.34	0.00	12.77	1976.88
	4105.36	0.00	12.81	1983.83
	4105.37	0.00	12.89	1994.76
	4105.38	0.00	12.97	1988.74
	4105.39	0.00	13.01	2001.71
	4105.40	0.00	13.08	1999.66
	4105.41	0.00	13.10	2009.60
	4105.43	0.00	13.22	2006.33
	4105.44	0.00	13.28	2025.25
	4105.45	0.00	13.41	2047.19
	4105.46	0.00	13.49	2058.11
	4105.47	0.00	13.54	2053.01
	4105.49	0.00	13.56	2041.91
	4105.50	0.00	13.59	2051.92
	4105.51	0.00	13.60	2044.90
	4105.52	0.00	13.59	2039.91
	4105.53	0.00	13.69	2038.69
	4105.54	0.00	13.78	2056.60
	4105.56	0.00	13.81	2059.54
	4105.57	0.00	13.86	2067.48
	4105.58	0.00	13.90	2065.40
	4105.59	0.00	13.96	2071.31
	4105.60	0.00	13.98	2078.29
	4105.62	0.00	14.00	2081.24
	4105.63	0.00	14.03	2090.22
	4105.64	0.00	14.07	2098.17
	4105.65	0.00	14.07	2106.19
	4105.66	0.00	14.11	2109.14
	4105.67	0.00	14.12	2114.13
	4105.69	0.00	14.12	2116.13
	4105.70	0.00	14.12	2115.13
	4105.71	0.00	14.13	2120.13
	4105.72	0.00	14.14	2120.12
	4105.73	0.00	14.14	2118.12
	4105.75	0.00	14.13	2120.11
	4105.76	0.00	14.11	2122.17
	4105.77	0.00	14.10	2117.16
	4105.78	0.00	14.12	2123.16
	4105.79	0.00	14.12	2128.16
	4105.80	0.00	14.10	2128.18
	4105.82	0.00	14.08	2123.19
	4105.83	0.00	14.07	2119.19
	4105.84	0.00	14.05	2130.27
	4105.85	0.00	14.01	2124.34
	4105.86	0.00	13.92	2130.56
	4105.87	0.00	13.90	2133.63
	4105.89	0.00	13.84	2131.78
	4105.90	0.00	13.84	2135.80
	4105.91	0.00	13.86	2151.84
	4105.92	0.00	13.85	2149.85
	4105.93	0.00	13.87	2161.88
	4105.94	0.00	13.87	2166.90
	4105.96	0.00	13.88	2174.93
	4105.97	0.00	13.87	2176.98
	4105.98	0.00	13.89	2182.96
	4105.99	0.00	13.88	2189.01
	4106.00	0.00	13.95	2213.06
	4106.02	0.00	13.85	2194.09
	4106.03	0.00	13.92	2220.15
	4106.04	0.00	13.94	2223.11
	4106.05	0.00	13.96	2228.08
	4106.06	0.00	13.94	2229.14
	4106.07	0.00	13.93	2230.15
	4106.09	0.00	13.92	2232.21
	4106.10	0.00	13.93	2229.16
	4106.11	0.00	13.97	2231.07
	4106.12	0.00	13.97	2231.10
	4106.13	0.00	13.98	2228.07
	4106.14	0.00	13.98	2216.07
	4106.16	0.00	13.9