	1610.42
	2824.14	0.00	11.97	1604.42
	2824.15	0.00	11.97	1603.42
	2824.16	0.00	11.98	1607.42
	2824.18	0.00	11.98	1608.42
	2824.19	0.00	11.98	1607.43
	2824.20	0.00	11.97	1608.46
	2824.21	0.00	11.97	1609.46
	2824.22	0.00	11.97	1609.48
	2824.23	0.00	11.96	1609.50
	2824.25	0.00	11.99	1608.44
	2824.26	0.00	11.99	1610.45
	2824.27	0.00	11.99	1609.46
	2824.28	0.00	11.98	1611.47
	2824.29	0.00	11.99	1611.47
	2824.30	0.00	12.11	1609.17
	2824.32	0.00	12.12	1609.17
	2824.33	0.00	12.12	1611.18
	2824.34	0.00	12.09	1598.21
	2824.35	0.00	12.10	1608.22
	2824.36	0.00	12.10	1608.23
	2824.38	0.00	12.11	1601.14
	2824.39	0.00	12.10	1596.13
	2824.40	0.00	12.05	1598.26
	2824.41	0.00	12.03	1591.32
	2824.42	0.00	12.04	1596.34
	2824.43	0.00	12.01	1587.33
	2824.45	0.00	11.96	1582.42
	2824.46	0.00	11.97	1586.43
	2824.47	0.00	11.98	1588.42
	2824.48	0.00	12.00	1587.45
	2824.49	0.00	12.01	1591.45
	2824.51	0.00	12.00	1588.44
	2824.52	0.00	12.02	1596.43
	2824.53	0.00	12.04	1603.43
	2824.54	0.00	12.04	1603.44
	2824.55	0.00	12.05	1608.44
	2824.56	0.00	12.05	1606.41
	2824.58	0.00	12.04	1611.45
	2824.59	0.00	12.05	1614.46
	2824.60	0.00	12.05	1612.46
	2824.61	0.00	12.07	1611.45
	2824.62	0.00	12.07	1611.46
	2824.63	0.00	12.08	1608.45
	2824.65	0.00	12.10	1607.41
	2824.66	0.00	12.11	1607.41
	2824.67	0.00	12.11	1603.39
	2824.68	0.00	12.12	1603.39
	2824.69	0.00	12.12	1603.39
	2824.71	0.00	12.12	1602.39
	2824.72	0.00	12.10	1595.38
	2824.73	0.00	12.11	1597.38
	2824.74	0.00	12.12	1594.37
	2824.75	0.00	12.12	1595.38
	2824.76	0.00	12.11	1593.38
	2824.78	0.00	12.10	1590.38
	2824.79	0.00	12.10	1587.40
	2824.80	0.00	12.12	1590.38
	2824.81	0.00	12.12	1587.38
	2824.82	0.00	12.12	1587.38
	2824.83	0.00	12.12	1588.38
	2824.85	0.00	12.11	1585.42
	2824.86	0.00	12.11	1586.43
	2824.87	0.00	12.11	1586.43
	2824.88	0.00	12.12	1587.42
	2824.89	0.00	12.13	1584.44
	2824.90	0.00	12.13	1584.39
	2824.92	0.00	12.14	1586.40
	2824.93	0.00	12.14	1588.42
	2824.94	0.00	12.14	1585.42
	2824.95	0.00	12.15	1585.42
	2824.96	0.00	12.22	1579.23
	2824.98	0.00	12.28	1586.13
	2824.99	0.00	12.28	1585.12
	2825.00	0.00	12.29	1588.13
	2825.01	0.00	12.28	1589.15
	2825.02	0.00	12.26	1579.17
	2825.03	0.00	12.26	1583.18
	2825.05	0.00	12.29	1575.05
	2825.06	0.00	12.23	1570.15
	2825.07	0.00	12.20	1568.23
	2825.08	0.00	12.20	1564.27
	2825.09	0.00	12.21	1565.28
	2825.10	0.00	12.21	1566.28
	2825.12	0.00	12.20	1558.27
	2825.13	0.00	12.12	1547.36
	2825.14	0.00	12.14	1555.38
	2825.15	0.00	12.17	1557.40
	2825.16	0.00	12.16	1561.40
	2825.18	0.00	12.17	1562.40
	2825.19	0.00	12.13	1547.39
	2825.20	0.00	12.17	1565.39
	2825.21	0.00	12.19	1569.38
	2825.22	0.00	12.20	1572.38
	2825.23	0.00	12.20	1575.39
	2825.25	0.00	12.17	1565.38
	2825.26	0.00	12.20	1578.38
	2825.27	0.00	12.21	1580.40
	2825.28	0.00	12.21	1578.42
	2825.29	0.00	12.22	1578.41
	2825.30	0.00	12.21	1580.41
	2825.32	0.00	12.21	1575.38
	2825.33	0.00	12.22	1579.37
	2825.34	0.00	12.23	1580.35
	2825.35	0.00	12.24	1583.35
	2825.36	0.00	12.24	1582.35
	2825.37	0.00	12.23	1582.36
	2825.39	0.00	12.22	1579.35
	2825.40	0.00	12.21	1581.35
	2825.41	0.00	12.20	1583.35
	2825.42	0.00	12.21	1581.33
	2825.43	0.00	12.22	1586.35
	2825.45	0.00	12.21	1585.35
	2825.46	0.00	12.21	1585.35
	2825.47	0.00	12.18	1575.35
	2825.48	0.00	12.19	1580.36
	2825.49	0.00	12.19	1581.35
	2825.50	0.00	12.20	1583.35
	2825.52	0.00	12.22	1582.31
	2825.53	0.00	12.21	1581.33
	2825.54	0.00	12.19	1584.38
	2825.55	0.00	12.18	1585.40
	2825.56	0.00	12.17	1584.42
	2825.57	0.00	12.16	1578.41
	2825.59	0.00	12.18	1586.42
	2825.60	0.00	12.17	1582.41
	2825.61	0.00	12.21	1585.35
	2825.62	0.00	12.20	1589.39
	2825.63	0.00	12.19	1586.40
	2825.65	0.00	12.19	1587.40
	2825.66	0.00	12.19	1586.40
	2825.67	0.00	12.19	1585.40
	2825.68	0.00	12.33	1587.10
	2825.69	0.00	12.32	1587.11
	2825.70	0.00	12.31	1582.15
	2825.72	0.00	12.30	1583.16
	2825.73	0.00	12.29	1583.17
	2825.74	0.00	12.27	1570.13
	2825.75	0.00	12.23	1573.23
	2825.76	0.00	12.22	1564.26
	2825.77	0.00	12.22	1568.28
	2825.79	0.00	12.19	1558.27
	2825.80	0.00	12.14	1543.31
	2825.81	0.00	12.13	1555.37
	2825.82	0.00	12.15	1558.38
	2825.83	0.00	12.15	1561.41
	2825.84	0.00	12.16	1564.40
	2825.86	0.00	12.12	1553.39
	2825.87	0.00	12.14	1555.36
	2825.88	0.00	12.19	1571.35
	2825.89	0.00	12.18	1576.38
	2825.90	0.00	12.18	1578.39
	2825.92	0.00	12.17	1580.39
	2825.93	0.00	12.17	1577.37
	2825.94	0.00	12.17	1585.41
	2825.95	0.00	12.17	1586.41
	2825.96	0.00	12.17	1588.42
	2825.97	0.00	12.16	1588.43
	2825.99	0.00	12.14	1584.43
	2826.00	0.00	12.15	1591.43
	2826.01	0.00	12.15	1587.39
	2826.02	0.00	12.15	1590.40
	2826.03	0.00	12.16	1594.37
	2826.04	0.00	12.16	1591.37
	2826.06	0.00	12.15	1592.37
	2826.07	0.00	12.15	1593.38
	2826.08	0.00	12.11	1582.37
	2826.09	0.00	12.13	1589.37
	2826.10	0.00	12.12	1590.37
	2826.12	0.00	12.14	1590.33
	2826.13	0.00	12.11	1584.38
	2826.14	0.00	12.12	1591.38
	2826.15	0.00	12.12	1591.38
	2826.16	0.00	12.09	1586.40
	2826.17	0.00	12.09	1589.38
	2826.19	0.00	12.09	1592.38
	2826.20	0.00	12.09	1593.39
	2826.21	0.00	12.09	1594.40
	2826.22	0.00	12.11	1596.34
	2826.23	0.00	12.07	1596.42
	2826.25	0.00	12.07	1595.43
	2826.26	0.00	12.05	1597.46
	2826.27	0.00	12.07	1598.45
	2826.28	0.00	12.06	1596.45
	2826.29	0.00	12.08	1595.40
	2826.30	0.00	12.06	1596.44
	2826.31	0.00	12.08	1599.43
	2826.33	0.00	12.07	1597.43
	2826.34	0.00	12.07	1598.43
	2826.35	0.00	12.23	1598.07
	2826.36	0.00	12.20	1597.13
	2826.37	0.00	12.20	1598.15
	2826.39	0.00	12.19	1600.17
	2826.40	0.00	12.17	1590.20
	2826.41	0.00	12.18	1595.19
	2826.42	0.00	12.22	1581.03
	2826.43	0.00	12.14	1580.19
	2826.44	0.00	12.12	1579.28
	2826.46	0.00	12.11	1568.29
	2826.47	0.00	12.13	1577.30
	2826.48	0.00	12.10	1570.30
	2826.49	0.00	12.05	1554.32
	2826.50	0.00	12.04	1563.39
	2826.51	0.00	12.08	1567.40
	2826.53	0.00	12.08	1568.41
	2826.54	0.00	12.10	1574.37
	2826.55	0.00	12.07	1564.37
	2826.56	0.00	12.12	1578.38
	2826.57	0.00	12.12	1581.38
	2826.59	0.00	12.15	1581.34
	2826.60	0.00	12.13	1580.39
	2826.61	0.00	12.13	1584.39
	2826.62	0.00	12.12	1586.39
	2826.63	0.00	12.14	1589.38
	2826.64	0.00	12.15	1589.40
	2826.66	0.00	12.15	1591.41
	2826.67	0.00	12.15	1590.41
	2826.68	0.00	12.16	1593.41
	2826.69	0.00	12.16	1593.41
	2826.70	0.00	12.16	1588.37
	2826.71	0.00	12.19	1592.35
	2826.73	0.00	12.19	1592.34
	2826.74	0.00	12.20	1594.34
	2826.75	0.00	12.20	1593.34
	2826.76	0.00	12.18	1586.34
	2826.77	0.00	12.18	1587.35
	2826.78	0.00	12.20	1588.34
	2826.80	0.00	12.21	1583.33
	2826.81	0.00	12.21	1585.33
	2826.82	0.00	12.22	1583.32
	2826.83	0.00	12.20	1579.33
	2826.84	0.00	12.22	1579.32
	2826.86	0.00	12.23	1581.32
	2826.87	0.00	12.23	1577.33
	2826.88	0.00	12.23	1579.32
	2826.89	0.00	12.24	1579.30
	2826.90	0.00	12.23	1577.35
	2826.91	0.00	12.22	1581.37
	2826.93	0.00	12.23	1579.37
	2826.94	0.00	12.23	1576.37
	2826.95	0.00	12.26	1577.32
	2826.96	0.00	12.25	1578.34
	2826.97	0.00	12.25	1578.34
	2826.99	0.00	12.25	1578.35
	2827.00	0.00	12.25	1579.35
	2827.01	0.00	12.29	1576.26
	2827.02	0.00	12.40	1577.05
	2827.03	0.00	12.39	1580.06
	2827.04	0.00	12.40	1580.07
	2827.06	0.00	12.39	1574.08
	2827.07	0.00	12.38	1571.09
	2827.08	0.00	12.38	1570.09
	2827.09	0.00	12.41	1555.95
	2827.10	0.00	12.32	1552.10
	2827.11	0.00	12.31	1557.17
	2827.13	0.00	12.32	1553.19
	2827.14	0.00	12.34	1556.17
	2827.15	0.00	12.22	1533.25
	2827.16	0.00	12.23	1545.29
	2827.17	0.00	12.25	1546.31
	2827.19	0.00	12.27	1549.32
	2827.20	0.00	12.26	1551.32
	2827.21	0.00	12.23	1545.32
	2827.22	0.00	12.27	1554.29
	2827.23	0.00	12.28	1558.29
	2827.24	0.00	12.30	1563.30
	2827.26	0.00	12.29	1558.30
	2827.27	0.00	12.28	1560.31
	2827.28	0.00	12.26	1562.32
	2827.29	0.00	12.28	1568.31
	2827.30	0.00	12.26	1569.34
	2827.31	0.00	12.26	1571.34
	2827.33	0.00	12.26	1572.35
	2827.34	0.00	12.26	1575.35
	2827.35	0.00	12.25	1574.35
	2827.36	0.00	12.25	1574.35
	2827.37	0.00	12.26	1571.30
	2827.38	0.00	12.26	1576.30
	2827.40	0.00	12.26	1576.30
	2827.41	0.00	12.25	1577.30
	2827.42	0.00	12.24	1578.31
	2827.43	0.00	12.23	1573.30
	2827.44	0.00	12.22	1573.30
	2827.46	0.00	12.22	1573.30
	2827.47	0.00	12.21	1573.31
	2827.48	0.00	12.21	1576.31
	2827.49	0.00	12.20	1573.31
	2827.50	0.00	12.20	1572.31
	2827.51	0.00	12.20	1572.30
	2827.53	0.00	12.20	1573.31
	2827.54	0.00	12.20	1573.31
	2827.55	0.00	12.19	1574.31
	2827.56	0.00	12.22	1572.25
	2827.57	0.00	12.18	1575.34
	2827.58	0.00	12.17	1575.36
	2827.60	0.00	12.16	1575.37
	2827.61	0.00	12.16	1575.38
	2827.62	0.00	12.16	1578.39
	2827.63	0.00	12.17	1574.34
	2827.64	0.00	12.16	1578.35
	2827.66	0.00	12.15	1579.38
	2827.67	0.00	12.15	1578.38
	2827.68	0.00	12.15	1580.38
	2827.69	0.00	12.18	1575.27
	2827.70	0.00	12.27	1579.10
	2827.71	0.00	12.29	1581.10
	2827.73	0.00	12.26	1581.11
	2827.74	0.00	12.26	1581.12
	2827.75	0.00	12.23	1571.15
	2827.76	0.00	12.23	1574.15
	2827.77	0.00	12.27	1562.00
	2827.78	0.00	12.19	1561.14
	2827.80	0.00	12.17	1563.20
	2827.81	0.00	12.14	1550.26
	2827.82	0.00	12.16	1557.27
	2827.83	0.00	12.09	1534.28
	2827.84	0.00	12.07	1532.29
	2827.85	0.00	12.07	1540.35
	2827.87	0.00	12.08	1547.37
	2827.88	0.00	12.10	1545.38
	2827.89	0.00	12.11	1549.37
	2827.90	0.00	12.07	1536.35
	2827.91	0.00	12.12	1555.35
	2827.93	0.00	12.13	1560.36
	2827.94	0.00	12.13	1562.37
	2827.95	0.00	12.13	1563.37
	2827.96	0.00	12.12	1561.37
	2827.97	0.00	12.13	1562.33
	2827.98	0.00	12.11	1566.40
	2828.00	0.00	12.12	1570.40
	2828.01	0.00	12.11	1568.40
	2828.02	0.00	12.12	1569.40
	2828.03	0.00	12.10	1570.42
	2828.04	0.00	12.13	1569.36
	2828.05	0.00	12.13	1570.35
	2828.07	0.00	12.14	1568.34
	2828.08	0.00	12.13	1565.36
	2828.09	0.00	12.15	1569.34
	2828.10	0.00	12.13	1567.34
	2828.11	0.00	12.12	1567.34
	2828.13	0.00	12.11	1562.35
	2828.14	0.00	12.11	1564.34
	2828.15	0.00	12.12	1561.33
	2828.16	0.00	12.12	1561.34
	2828.17	0.00	12.11	1562.34
	2828.18	0.00	12.11	1562.34
	2828.20	0.00	12.10	1556.33
	2828.21	0.00	12.11	1557.33
	2828.22	0.00	12.11	1559.34
	2828.23	0.00	12.11	1561.33
	2828.24	0.00	12.12	1559.33
	2828.25	0.00	12.17	1559.23
	2828.27	0.00	12.11	1558.36
	2828.28	0.00	12.10	1561.38
	2828.29	0.00	12.09	1558.39
	2828.30	0.00	12.10	1561.39
	2828.31	0.00	12.10	1561.40
	2828.32	0.00	12.09	1559.40
	2828.34	0.00	12.11	1562.35
	2828.35	0.00	12.11	1562.37
	2828.36	0.00	12.11	1561.37
	2828.37	0.00	12.11	1564.38
	2828.38	0.00	12.10	1564.39
	2828.40	0.00	12.24	1566.08
	2828.41	0.00	12.24	1565.07
	2828.42	0.00	12.22	1561.13
	2828.43	0.00	12.21	1560.14
	2828.44	0.00	12.20	1562.15
	2828.45	0.00	12.22	1559.12
	2828.47	0.00	12.20	1549.07
	2828.48	0.00	12.14	1551.20
	2828.49	0.00	12.13	1542.24
	2828.50	0.00	12.12	1544.27
	2828.51	0.00	12.13	1548.27
	2828.52	0.00	12.07	1526.26
	2828.54	0.00	12.04	1527.33
	2828.55	0.00	12.04	1530.35
	2828.56	0.00	12.04	1533.36
	2828.57	0.00	12.08	1536.37
	2828.58	0.00	12.07	1537.37
	2828.60	0.00	12.07	1526.29
	2828.61	0.00	12.08	1537.34
	2828.62	0.00	12.09	1541.34
	2828.63	0.00	12.10	1545.35
	2828.64	0.00	12.09	1544.36
	2828.65	0.00	12.09	1548.36
	2828.67	0.00	12.09	1545.34
	2828.68	0.00	12.09	1552.38
	2828.69	0.00	12.09	1554.39
	2828.70	0.00	12.09	1556.39
	2828.71	0.00	12.08	1555.39
	2828.72	0.00	12.08	1555.39
	2828.74	0.00	12.08	1550.36
	2828.75	0.00	12.10	1555.34
	2828.76	0.00	12.11	1556.33
	2828.77	0.00	12.10	1552.33
	2828.78	0.00	12.10	1553.32
	2828.79	0.00	12.08	1548.33
	2828.81	0.00	12.08	1549.33
	2828.82	0.00	12.08	1549.33
	2828.83	0.00	12.08	1549.33
	2828.84	0.00	12.09	1549.33
	2828.85	0.00	12.09	1549.33
	2828.87	0.00	12.08	1547.32
	2828.88	0.00	12.08	1546.33
	2828.89	0.00	12.09	1548.32
	2828.90	0.00	12.09	1547.32
	2828.91	0.00	12.09	1548.32
	2828.92	0.00	12.09	1549.33
	2828.94	0.00	12.10	1551.32
	2828.95	0.00	12.08	1551.36
	2828.96	0.00	12.07	1551.38
	2828.97	0.00	12.06	1553.40
	2828.98	0.00	12.05	1551.40
	2829.00	0.00	12.08	1551.35
	2829.01	0.00	12.08	1555.36
	2829.02	0.00	12.07	1557.38
	2829.03	0.00	12.09	1562.38
	2829.04	0.00	12.08	1557.38
	2829.05	0.00	12.07	1559.39
	2829.07	0.00	12.15	1557.20
	2829.08	0.00	12.20	1561.10
	2829.09	0.00	12.20	1565.12
	2829.10	0.00	12.18	1559.14
	2829.11	0.00	12.17	1559.16
	2829.12	0.00	12.17	1559.15
	2829.14	0.00	12.17	1559.16
	2829.15	0.00	12.15	1549.12
	2829.16	0.00	12.12	1550.19
	2829.17	0.00	12.11	1543.26
	2820	11.86	1580.31
	2853.31	0.00	11.77	1558.34
	2853.32	0
	2853.27	0.00	11.87	1585.23
	2853.28	0.00	11.87	1578.29
	2853.30	0.00	11.86	1580.31
	2853.31	0.00	11.77	1558.34
	2853.32	0
	2853.27	0.00	11.87	1585.23
	2853.28	0.00	11.87	1578.29
	2853.30	0.00	11.86	1580.31
	2853.31	0.00	11.77	1558.34
	2853.32	0.00	11.77	1569.40
	2853.33	0.00	11.82	1568.41
	2853.34	0.00	11.82	1573.42
	2853.36	0.00	11.80	1562.38
	2853.37	0.00	11.84	1580.39
	2853.38	0.00	11.85	1585.41
	2853.39	0.00	11.85	1585.41
	2853.40	0.00	11.85	1586.41
	2853.41	0.00	11.84	1587.41
	2853.43	0.00	11.86	1590.38
	2853.44	0.00	11.84	1595.44
	2853.45	0.00	11.84	1595.44
	2853.46	0.00	11.83	1595.44
	2853.47	0.00	11.84	1596.42
	2853.49	0.00	11.83	1596.44
	2853.50	0.00	11.84	1593.39
	2853.51	0.00	11.84	1594.39
	2853.52	0.00	11.84	1592.40
	2853.53	0.00	11.85	1616.38
	2853.54	0.00	11.81	1607.38
	2853.56	0.00	11.81	1609.38
	2853.57	0.00	11.81	1610.39
	2853.58	0.00	11.81	1609.38
	2853.59	0.00	11.80	1609.38
	2853.60	0.00	11.79	1605.37
	2853.61	0.00	11.78	1603.38
	2853.63	0.00	11.78	1604.39
	2853.64	0.00	11.79	1604.39
	2853.65	0.00	11.78	1605.40
	2853.66	0.00	11.79	1606.37
	2853.67	0.00	11.78	1588.42
	2853.69	0.00	11.77	1588.44
	2853.70	0.00	11.77	1588.44
	2853.71	0.00	11.76	1588.46
	2853.72	0.00	11.78	1588.41
	2853.73	0.00	11.77	1591.43
	2853.75	0.00	11.77	1592.43
	2853.76	0.00	11.76	1591.45
	2853.77	0.00	11.76	1592.45
	2853.78	0.00	11.78	1595.40
	2853.79	0.00	11.89	1597.16
	2853.80	0.00	11.88	1597.18
	2853.82	0.00	11.86	1591.21
	2853.83	0.00	11.85	1594.21
	2853.84	0.00	11.85	1595.23
	2853.85	0.00	11.87	1582.08
	2853.86	0.00	11.81	1582.22
	2853.87	0.00	11.78	1582.30
	2853.89	0.00	11.78	1581.34
	2853.90	0.00	11.76	1582.36
	2853.91	0.00	11.67	1561.41
	2853.92	0.00	11.68	1571.45
	2853.93	0.00	11.70	1568.46
	2853.94	0.00	11.73	1571.46
	2853.96	0.00	11.72	1576.45
	2853.97	0.00	11.70	1569.43
	2853.98	0.00	11.75	1586.44
	2853.99	0.00	11.76	1584.45
	2854.00	0.00	11.74	1591.47
	2854.02	0.00	11.76	1593.43
	2854.03	0.00	11.74	1599.48
	2854.04	0.00	11.74	1601.49
	2854.05	0.00	11.77	1603.43
	2854.06	0.00	11.75	1604.49
	2854.07	0.00	11.74	1606.49
	2854.09	0.00	11.75	1602.44
	2854.10	0.00	11.75	1604.45
	2854.11	0.00	11.77	1607.43
	2854.12	0.00	11.78	1605.42
	2854.13	0.00	11.77	1603.42
	2854.15	0.00	11.77	1597.42
	2854.16	0.00	11.78	1599.41
	2854.17	0.00	11.79	1601.41
	2854.18	0.00	11.80	1598.39
	2854.19	0.00	11.81	1600.40
	2854.20	0.00	11.80	1592.40
	2854.22	0.00	11.81	1593.40
	2854.23	0.00	11.84	1595.38
	2854.24	0.00	11.84	1596.39
	2854.25	0.00	11.83	1593.39
	2854.26	0.00	11.83	1592.40
	2854.27	0.00	11.83	1593.42
	2854.29	0.00	11.83	1596.44
	2854.30	0.00	11.84	1596.44
	2854.31	0.00	11.85	1594.40
	2854.32	0.00	11.85	1595.42
	2854.33	0.00	11.86	1594.42
	2854.34	0.00	11.86	1594.42
	2854.36	0.00	11.86	1593.42
	2854.37	0.00	11.86	1593.41
	2854.38	0.00	11.99	1595.12
	2854.39	0.00	11.98	1596.15
	2854.40	0.00	11.97	1589.18
	2854.42	0.00	11.96	1587.18
	2854.43	0.00	11.96	1589.19
	2854.44	0.00	11.95	1585.19
	2854.45	0.00	11.94	1576.16
	2854.46	0.00	11.89	1598.25
	2854.47	0.00	11.88	1592.29
	2854.49	0.00	11.89	1595.30
	2854.50	0.00	11.78	1572.38
	2854.51	0.00	11.81	1585.39
	2854.52	0.00	11.83	1582.41
	2854.53	0.00	11.83	1585.41
	2854.55	0.00	11.83	1588.40
	2854.56	0.00	11.80	1574.37
	2854.57	0.00	11.86	1595.38
	2854.58	0.00	11.86	1595.40
	2854.59	0.00	11.86	1601.40
	2854.60	0.00	11.87	1602.36
	2854.62	0.00	11.84	1607.42
	2854.63	0.00	11.84	1607.43
	2854.64	0.00	11.84	1607.43
	2854.65	0.00	11.83	1607.43
	2854.66	0.00	11.83	1604.40
	2854.68	0.00	11.85	1604.33
	2854.69	0.00	11.83	1606.38
	2854.70	0.00	11.83	1605.37
	2854.71	0.00	11.83	1604.37
	2854.72	0.00	11.79	1599.39
	2854.73	0.00	11.81	1601.38
	2854.75	0.00	11.80	1600.38
	2854.76	0.00	11.79	1600.38
	2854.77	0.00	11.77	1602.41
	2854.78	0.00	11.77	1602.38
	2854.79	0.00	11.75	1595.38
	2854.80	0.00	11.77	1580.38
	2854.82	0.00	11.77	1579.38
	2854.83	0.00	11.78	1581.38
	2854.84	0.00	11.77	1577.38
	2854.85	0.00	11.77	1579.38
	2854.86	0.00	11.75	1578.42
	2854.88	0.00	11.75	1580.43
	2854.89	0.00	11.75	1579.44
	2854.90	0.00	11.75	1580.44
	2854.91	0.00	11.77	1580.40
	2854.92	0.00	11.76	1580.42
	2854.93	0.00	11.76	1583.43
	2854.95	0.00	11.74	1582.45
	2854.96	0.00	11.73	1581.44
	2854.97	0.00	11.78	1580.32
	2854.98	0.00	11.88	1589.13
	2854.99	0.00	11.86	1591.19
	2855.01	0.00	11.84	1586.21
	2855.02	0.00	11.83	1589.22
	2855.03	0.00	11.79	1578.20
	2855.04	0.00	11.77	1581.26
	2855.05	0.00	11.74	1584.30
	2855.06	0.00	11.74	1580.34
	2855.08	0.00	11.73	1584.37
	2855.09	0.00	11.64	1569.43
	2855.10	0.00	11.66	1581.46
	2855.11	0.00	11.69	1581.47
	2855.12	0.00	11.68	1587.48
	2855.14	0.00	11.65	1575.45
	2855.15	0.00	11.70	1591.45
	2855.16	0.00	11.72	1601.46
	2855.17	0.00	11.72	1603.48
	2855.18	0.00	11.71	1608.48
	2855.19	0.00	11.72	1612.49
	2855.21	0.00	11.73	1618.48
	2855.22	0.00	11.73	1622.50
	2855.23	0.00	11.72	1620.51
	2855.24	0.00	11.72	1620.51
	2855.25	0.00	11.72	1618.48
	2855.26	0.00	11.73	1618.45
	2855.28	0.00	11.74	1619.45
	2855.29	0.00	11.74	1620.44
	2855.30	0.00	11.73	1617.45
	2855.31	0.00	11.73	1617.44
	2855.32	0.00	11.74	1615.44
	2855.33	0.00	11.72	1616.46
	2855.35	0.00	11.74	1617.44
	2855.36	0.00	11.73	1612.44
	2855.37	0.00	11.73	1612.44
	2855.38	0.00	11.73	1613.45
	2855.39	0.00	11.74	1614.43
	2855.41	0.00	11.74	1614.44
	2855.42	0.00	11.73	1614.47
	2855.43	0.00	11.72	1614.49
	2855.44	0.00	11.72	1614.49
	2855.45	0.00	11.72	1615.49
	2855.46	0.00	11.74	1614.45
	2855.48	0.00	11.73	1614.48
	2855.49	0.00	11.73	1615.48
	2855.50	0.00	11.73	1615.48
	2855.51	0.00	11.72	1614.49
	2855.52	0.00	11.83	1612.21
	2855.54	0.00	11.85	1617.19
	2855.55	0.00	11.84	1613.22
	2855.56	0.00	11.82	1609.25
	2855.57	0.00	11.84	1605.17
	2855.58	0.00	11.79	1596.24
	2855.60	0.00	11.78	1592.32
	2855.61	0.00	11.78	1592.33
	2855.62	0.00	11.73	1578.34
	2855.63	0.00	11.69	1577.43
	2855.64	0.00	11.72	1583.45
	2855.65	0.00	11.74	1581.45
	2855.67	0.00	11.75	1588.46
	2855.68	0.00	11.72	1574.42
	2855.69	0.00	11.77	1593.43
	2855.70	0.00	11.78	1591.43
	2855.71	0.00	11.78	1602.45
	2855.72	0.00	11.78	1601.42
	2855.74	0.00	11.78	1607.46
	2855.75	0.00	11.77	1606.47
	2855.76	0.00	11.77	1605.47
	2855.77	0.00	11.76	1605.47
	2855.78	0.00	11.76	1608.48
	2855.79	0.00	11.77	1600.39
	2855.81	0.00	11.78	1607.42
	2855.82	0.00	11.77	1608.42
	2855.83	0.00	11.77	1606.42
	2855.84	0.00	11.76	1607.43
	2855.85	0.00	11.75	1604.42
	2855.87	0.00	11.75	1602.42
	2855.88	0.00	11.76	1602.40
	2855.89	0.00	11.73	1599.42
	2855.90	0.00	11.75	1602.41
	2855.91	0.00	11.73	1595.41
	2855.92	0.00	11.73	1597.43
	2855.94	0.00	11.74	1599.41
	2855.95	0.00	11.75	1599.41
	2855.96	0.00	11.75	1599.41
	2855.97	0.00	11.73	1599.46
	2855.98	0.00	11.72	1598.46
	2856.00	0.00	11.73	1601.47
	2856.01	0.00	11.73	1603.48
	2856.02	0.00	11.74	1602.44
	2856.03	0.00	11.73	1601.45
	2856.04	0.00	11.74	1604.46
	2856.05	0.00	11.73	1601.48
	2856.07	0.00	11.73	1604.48
	2856.08	0.00	11.73	1606.48
	2856.09	0.00	11.86	1605.17
	2856.10	0.00	11.83	1605.19
	2856.11	0.00	11.83	1606.22
	2856.12	0.00	11.81	1603.24
	2856.14	0.00	11.81	1604.25
	2856.15	0.00	11.77	1595.24
	2856.16	0.00	11.73	1595.33
	2856.17	0.00	11.72	1592.37
	2856.18	0.00	11.72	1596.39
	2856.20	0.00	11.63	1581.46
	2856.21	0.00	11.65	1583.48
	2856.22	0.00	11.66	1586.49
	2856.23	0.00	11.64	1574.43
	2856.24	0.00	11.68	1589.46
	2856.25	0.00	11.70	1598.47
	2856.27	0.00	11.69	1598.48
	2856.28	0.00	11.69	1601.47
	2856.29	0.00	11.67	1598.49
	2856.30	0.00	11.68	1607.50
	2856.31	0.00	11.69	1608.49
	2856.33	0.00	11.68	1608.51
	2856.34	0.00	11.68	1609.51
	2856.35	0.00	11.68	1605.47
	2856.36	0.00	11.71	1609.44
	2856.37	0.00	11.71	1608.45
	2856.38	0.00	11.70	1608.45
	2856.40	0.00	11.69	1605.45
	2856.41	0.00	11.67	1599.46
	2856.42	0.00	11.67	1597.44
	2856.43	0.00	11.68	1599.44
	2856.44	0.00	11.68	1600.44
	2856.46	0.00	11.67	1596.44
	2856.47	0.00	11.66	1597.44
	2856.48	0.00	11.67	1597.44
	2856.49	0.00	11.67	1598.45
	2856.50	0.00	11.68	1597.43
	2856.51	0.00	11.66	1596.47
	2856.53	0.00	11.65	1598.49
	2856.54	0.00	11.68	1599.44
	2856.55	0.00	11.64	1597.50
	2856.56	0.00	11.67	1599.47
	2856.57	0.00	11.67	1598.48
	2856.59	0.00	11.65	1598.52
	2856.60	0.00	11.66	1593.44
	2856.61	0.00	11.77	1595.21
	2856.62	0.00	11.78	1596.20
	2856.63	0.00	11.76	1591.24
	2856.64	0.00	11.75	1590.25
	2856.66	0.00	11.76	1578.14
	2856.67	0.00	11.69	1578.31
	2856.68	0.00	11.67	1570.35
	2856.69	0.00	11.68	1576.37
	2856.70	0.00	11.61	1552.36
	2856.71	0.00	11.59	1557.44
	2856.73	0.00	11.60	1564.45
	2856.74	0.00	11.64	1565.47
	2856.75	0.00	11.62	1572.48
	2856.76	0.00	11.63	1567.41
	2856.77	0.00	11.65	1586.46
	2856.78	0.00	11.66	1587.48
	2856.80	0.00	11.65	1589.47
	2856.81	0.00	11.64	1587.48
	2856.82	0.00	11.67	1586.43
	2856.83	0.00	11.66	1590.48
	2856.84	0.00	11.67	1589.48
	2856.86	0.00	11.67	1593.48
	2856.87	0.00	11.66	1590.48
	2856.88	0.00	11.65	1584.45
	2856.89	0.00	11.67	1587.41
	2856.90	0.00	11.66	1587.43
	2856.91	0.00	11.66	1586.43
	2856.93	0.00	11.66	1586.43
	2856.94	0.00	11.66	1582.40
	2856.95	0.00	11.63	1582.43
	2856.96	0.00	11.64	1584.43
	2856.97	0.00	11.63	1586.43
	2856.99	0.00	11.63	1588.45
	2857.00	0.00	11.61	1583.44
	2857.01	0.00	11.62	1588.44
	2857.02	0.00	11.63	1591.44
	2857.03	0.00	11.64	1591.44
	2857.04	0.00	11.66	1589.40
	2857.06	0.00	11.63	1588.47
	2857.07	0.00	11.64	1586.48
	2857.08	0.00	11.65	1588.48
	2857.09	0.00	11.65	1586.49
	2857.10	0.00	11.66	1582.45
	2857.11	0.00	11.66	1585.46
	2857.13	0.00	11.66	1585.47
	2857.14	0.00	11.65	1587.48
	2857.15	0.00	11.65	1587.48
	2857.16	0.00	11.80	1589.16
	2857.17	0.00	11.78	1594.21
	2857.19	0.00	11.75	1586.24
	2857.20	0.00	11.74	1588.25
	2857.21	0.00	11.76	1578.14
	2857.22	0.00	11.71	1578.23
	2857.23	0.00	11.67	1579.32
	2857.25	0.00	11.68	1574.34
	2857.26	0.00	11.68	1579.37
	2857.27	0.00	11.59	1559.43
	2857.28	0.00	11.61	1567.46
	2857.29	0.00	11.63	1568.48
	2857.30	0.00	11.64	1572.48
	2857.32	0.00	11.62	1563.44
	2857.33	0.00	11.66	1576.45
	2857.34	0.00	11.68	1580.46
	2857.35	0.00	11.67	1585.47
	2857.36	0.00	11.68	1588.43
	2857.37	0.00	11.67	1592.47
	2857.39	0.00	11.67	1596.49
	2857.40	0.00	11.67	1593.49
	2857.41	0.00	11.67	1593.49
	2857.42	0.00	11.68	1595.46
	2857.43	0.00	11.68	1594.45
	2857.45	0.00	11.69	1596.44
	2857.46	0.00	11.69	1595.44
	2857.47	0.00	11.71	1597.41
	2857.48	0.00	11.68	1591.43
	2857.49	0.00	11.68	1591.43
	2857.50	0.00	11.68	1590.43
	2857.52	0.00	11.68	1590.43
	2857.53	0.00	11.68	1591.43
	2857.54	0.00	11.66	1585.43
	2857.55	0.00	11.68	1587.40
	2857.56	0.00	11.69	1587.43
	2857.57	0.00	11.68	1588.43
	2857.59	0.00	11.67	1589.45
	2857.60	0.00	11.67	1587.46
	2857.61	0.00	11.66	1588.47
	2857.62	0.00	11.66	1589.48
	2857.63	0.00	11.66	1589.49
	2857.65	0.00	11.68	1591.45
	2857.66	0.00	11.67	1592.47
	2857.67	0.00	11.67	1590.47
	2857.68	0.00	11.67	1592.46
	2857.69	0.00	11.67	1595.48
	2857.70	0.00	11.79	1594.17
	2857.72	0.00	11.79	1597.21
	2857.73	0.00	11.77	1592.24
	2857.74	0.00	11.77	1595.24
	2857.75	0.00	11.75	1583.20
	2857.76	0.00	11.70	1583.31
	2857.78	0.00	11.69	1577.37
	2857.79	0.00	11.70	1581.36
	2857.80	0.00	11.70	1585.37
	2857.81	0.00	11.61	1562.41
	2857.82	0.00	11.63	1572.45
	2857.83	0.00	11.66	1571.46
	2857.85	0.00	11.66	1576.47
	2857.86	0.00	11.63	1566.45
	2857.87	0.00	11.69	1585.45
	2857.88	0.00	11.70	1589.45
	2857.89	0.00	11.71	1590.45
	2857.91	0.00	11.68	1588.46
	2857.92	0.00	11.69	1595.45
	2857.93	0.00	11.69	1600.48
	2857.94	0.00	11.68	1597.48
	2857.95	0.00	11.69	1603.49
	2857.96	0.00	11.68	1601.45
	2857.98	0.00	11.70	1603.43
	2857.99	0.00	11.71	1602.43
	2858.00	0.00	11.71	1605.43
	2858.01	0.00	11.71	1602.42
	2858.02	0.00	11.70	1601.42
	2858.03	0.00	11.69	1598.43
	2858.05	0.00	11.70	1600.42
	2858.06	0.00	11.70	1598.42
	2858.07	0.00	11.70	1600.42
	2858.08	0.00	11.68	1594.43
	2858.09	0.00	11.69	1597.41
	2858.10	0.00	11.70	1595.41
	2858.12	0.00	11.71	1597.41
	2858.13	0.00	11.72	1593.35
	2858.14	0.00	11.69	1597.45
	2858.15	0.00	11.70	1595.46
	2858.16	0.00	11.69	1595.48
	2858.18	0.00	11.72	1599.43
	2858.19	0.00	11.71	1597.43
	2858.20	0.00	11.71	1600.45
	2858.21	0.00	11.71	1599.45
	2858.22	0.00	11.70	1600.46
	2858.23	0.00	11.75	1594.31
	2858.25	0.00	11.83	1601.16
	2858.26	0.00	11.82	1602.20
	2858.27	0.00	11.81	1597.21
	2858.28	0.00	11.80	1595.22
	2858.29	0.00	11.83	1590.11
	2858.31	0.00	11.82	1588.10
	2858.32	0.00	11.74	1585.27
	2858.33	0.00	11.73	1578.32
	2858.34	0.00	11.74	1584.35
	2858.35	0.00	11.64	1555.37
	2858.36	0.00	11.63	1567.43
	2858.38	0.00	11.69	1572.44
	2858.39	0.00	11.69	1577.46
	2858.40	0.00	11.68	1576.45
	2858.41	0.00	11.67	1569.43
	2858.42	0.00	11.70	1581.42
	2858.43	0.00	11.71	1587.44
	2858.45	0.00	11.72	1591.44
	2858.46	0.00	11.72	1589.40
	2858.47	0.00	11.70	1597.48
	2858.48	0.00	11.71	1599.46
	2858.49	0.00	11.72	1599.47
	2858.51	0.00	11.71	1600.47
	2858.52	0.00	11.70	1602.49
	2858.53	0.00	11.71	1601.43
	2858.54	0.00	11.73	1602.42
	2858.55	0.00	11.73	1602.41
	2858.56	0.00	11.73	1602.42
	2858.58	0.00	11.71	1597.41
	2858.59	0.00	11.71	1597.41
	2858.60	0.00	11.70	1597.42
	2858.61	0.00	11.72	1599.41
	2858.62	0.00	11.71	1597.41
	2858.64	0.00	11.71	1595.41
	2858.65	0.00	11.71	1596.41
	2858.66	0.00	11.71	1593.41
	2858.67	0.00	11.72	1597.41
	2858.68	0.00	11.74	1596.35
	2858.69	0.00	11.70	1596.44
	2858.71	0.00	11.70	1596.45
	2858.72	0.00	11.70	1599.47
	2858.73	0.00	11.70	1599.47
	2858.74	0.00	11.72	1600.43
	2858.75	0.00	11.72	1598.44
	2858.77	0.00	11.71	1598.45
	2858.78	0.00	11.71	1595.45
	2858.79	0.00	11.72	1599.46
	2858.80	0.00	11.78	1594.26
	2858.81	0.00	11.84	1599.16
	2858.82	0.00	11.83	1600.20
	2858.84	0.00	11.80	1592.21
	2858.85	0.00	11.83	1590.11
	2858.86	0.00	11.77	1585.22
	2858.87	0.00	11.77	1585.24
	2858.88	0.00	11.74	1582.30
	2858.89	0.00	11.75	1581.33
	2858.91	0.00	11.73	1572.27
	2858.92	0.00	11.64	1564.41
	2858.93	0.00	11.67	1575.44
	2858.94	0.00	11.70	1575.44
	2858.95	0.00	11.71	1577.40
	2858.97	0.00	11.66	1565.44
	2858.98	0.00	11.71	1582.42
	2858.99	0.00	11.72	1587.43
	2859.00	0.00	11.73	1589.43
	2859.01	0.00	11.71	1592.44
	2859.02	0.00	11.73	1597.45
	2859.04	0.00	11.72	1598.46
	2859.05	0.00	11.71	1599.47
	2859.06	0.00	11.71	1601.47
	2859.07	0.00	11.72	1596.43
	2859.08	0.00	11.73	1600.41
	2859.10	0.00	11.73	1601.41
	2859.11	0.00	11.73	1597.41
	2859.12	0.00	11.73	1598.41
	2859.13	0.00	11.72	1593.40
	2859.14	0.00	11.71	1595.41
	2859.15	0.00	11.71	1591.40
	2859.17	0.00	11.72	1593.40
	2859.18	0.00	11.73	1597.39
	2859.19	0.00	11.72	1595.40
	2859.20	0.00	11.70	1589.40
	2859.21	0.00	11.74	1591.34
	2859.22	0.00	11.71	1588.40
	2859.24	0.00	11.73	1589.36
	2859.25	0.00	11.71	1591.43
	2859.26	0.00	11.73	1591.39
	2859.27	0.00	11.71	1594.45
	2859.28	0.00	11.70	1592.46
	2859.29	0.00	11.70	1593.46
	2859.31	0.00	11.72	1592.41
	2859.32	0.00	11.71	1597.44
	2859.33	0.00	11.70	1594.45
	2859.34	0.00	11.70	1595.46
	2859.35	0.00	11.80	1593.22
	2859.37	0.00	11.83	1595.15
	2859.38	0.00	11.83	1596.16
	2859.39	0.00	11.82	1593.20
	2859.40	0.00	11.80	1591.21
	2859.41	0.00	11.80	1586.17
	2859.42	0.00	11.76	1578.20
	2859.44	0.00	11.72	1577.31
	2859.45	0.00	11.73	1574.33
	2859.46	0.00	11.73	1575.34
	2859.47	0.00	11.65	1552.35
	2859.48	0.00	11.65	1557.38
	2859.50	0.00	11.67	1565.44
	2859.51	0.00	11.68	1567.45
	2859.52	0.00	11.69	1568.42
	2859.53	0.00	11.71	1575.42
	2859.54	0.00	11.72	1582.43
	2859.55	0.00	11.71	1581.44
	2859.57	0.00	11.71	1583.42
	2859.58	0.00	11.70	1585.44
	2859.59	0.00	11.70	1589.46
	2859.60	0.00	11.70	1590.47
	2859.61	0.00	11.69	1591.49
	2859.63	0.00	11.69	1593.47
	2859.64	0.00	11.70	1589.42
	2859.65	0.00	11.71	1592.42
	2859.66	0.00	11.71	1590.42
	2859.67	0.00	11.71	1591.41
	2859.68	0.00	11.71	1591.41
	2859.70	0.00	11.70	1585.39
	2859.71	0.00	11.70	1588.41
	2859.72	0.00	11.70	1585.41
	2859.73	0.00	11.70	1585.41
	2859.74	0.00	11.72	1585.36
	2859.75	0.00	11.70	1584.40
	2859.77	0.00	11.69	1581.41
	2859.78	0.00	11.69	1583.41
	2859.79	0.00	11.71	1584.38
	2859.80	0.00	11.72	1582.37
	2859.81	0.00	11.68	1584.45
	2859.83	0.00	11.70	1584.42
	2859.84	0.00	11.69	1587.47
	2859.85	0.00	11.70	1585.42
	2859.86	0.00	11.70	1588.44
	2859.87	0.00	11.70	1587.43
	2859.88	0.00	11.70	1588.45
	2859.90	0.00	11.69	1587.46
	2859.91	0.00	11.72	1581.34
	2859.92	0.00	11.82	1586.15
	2859.93	0.00	11.84	1596.17
	2859.94	0.00	11.83	1593.19
	2859.96	0.00	11.80	1585.20
	2859.97	0.00	11.80	1589.22
	2859.98	0.00	11.80	1574.14
	2859.99	0.00	11.74	1578.28
	2860.00	0.00	11.74	1570.32
	2860.01	0.00	11.73	1577.34
	2860.03	0.00	11.64	1554.40
	2860.04	0.00	11.65	1562.42
	2860.05	0.00	11.66	1565.42
	2860.06	0.00	11.70	1564.44
	2860.07	0.00	11.69	1567.44
	2860.08	0.00	11.68	1561.41
	2860.10	0.00	11.72	1575.41
	2860.11	0.00	11.73	1576.43
	2860.12	0.00	11.71	1582.44
	2860.13	0.00	11.72	1582.40
	2860.14	0.00	11.71	1585.44
	2860.15	0.00	11.72	1591.45
	2860.17	0.00	11.71	1590.46
	2860.18	0.00	11.70	1593.48
	2860.19	0.00	11.71	1593.46
	2860.20	0.00	11.72	1589.42
	2860.21	0.00	11.73	1592.41
	2860.23	0.00	11.72	1591.42
	2860.24	0.00	11.72	1589.40
	2860.25	0.00	11.71	1586.40
	2860.26	0.00	11.71	1589.40
	2860.27	0.00	11.71	1590.40
	2860.28	0.00	11.71	1589.40
	2860.30	0.00	11.71	1588.40
	2860.31	0.00	11.70	1587.42
	2860.32	0.00	11.70	1585.40
	2860.33	0.00	11.70	1585.40
	2860.34	0.00	11.71	1587.40
	2860.36	0.00	11.74	1584.32
	2860.37	0.00	11.73	1586.36
	2860.38	0.00	11.70	1587.44
	2860.39	0.00	11.70	1587.45
	2860.40	0.00	11.69	1589.47
	2860.41	0.00	11.69	1590.46
	2860.43	0.00	11.72	1591.43
	2860.44	0.00	11.72	1591.43
	2860.45	0.00	11.70	1589.45
	2860.46	0.00	11.70	1589.45
	2860.47	0.00	11.73	1582.33
	2860.49	0.00	11.82	1592.17
	2860.50	0.00	11.79	1585.19
	2860.51	0.00	11.80	1589.21
	2860.52	0.00	11.80	1589.22
	2860.53	0.00	11.77	1579.22
	2860.54	0.00	11.75	1577.24
	2860.56	0.00	11.74	1581.29
	2860.57	0.00	11.73	1575.33
	2860.58	0.00	11.72	1576.34
	2860.59	0.00	11.64	1558.41
	2860.60	0.00	11.66	1569.43
	2860.61	0.00	11.68	1565.46
	2860.63	0.00	11.68	1572.45
	2860.64	0.00	11.66	1559.41
	2860.65	0.00	11.69	1572.41
	2860.66	0.00	11.73	1580.39
	2860.67	0.00	11.73	1580.43
	2860.69	0.00	11.71	1584.44
	2860.70	0.00	11.71	1586.44
	2860.71	0.00	11.71	1591.46
	2860.72	0.00	11.71	1592.46
	2860.73	0.00	11.70	1593.46
	2860.75	0.00	11.71	1591.45
	2860.76	0.00	11.71	1593.45
	2860.77	0.00	11.71	1593.42
	2860.78	0.00	11.72	1593.41
	2860.79	0.00	11.72	1593.41
	2860.80	0.00	11.72	1591.40
	2860.82	0.00	11.70	1587.40
	2860.83	0.00	11.70	1587.40
	2860.84	0.00	11.72	1587.37
	2860.85	0.00	11.71	1589.40
	2860.86	0.00	11.71	1586.40
	2860.87	0.00	11.69	1580.40
	2860.89	0.00	11.70	1583.40
	2860.90	0.00	11.70	1584.40
	2860.91	0.00	11.70	1583.40
	2860.92	0.00	11.72	1582.37
	2860.93	0.00	11.69	1587.45
	2860.94	0.00	11.69	1584.46
	2860.96	0.00	11.68	1585.46
	2860.97	0.00	11.69	1586.45
	2860.98	0.00	11.71	1586.42
	2860.99	0.00	11.69	1585.44
	2861.00	0.00	11.69	1585.45
	2861.02	0.00	11.68	1585.46
	2861.03	0.00	11.81	1587.16
	2861.04	0.00	11.82	1588.15
	2861.05	0.00	11.81	1588.18
	2861.06	0.00	11.80	1582.19
	2861.07	0.00	11.79	1581.21
	2861.09	0.00	11.79	1585.22
	2861.10	0.00	11.76	1573.18
	2861.11	0.00	11.72	1576.29
	2861.12	0.00	11.72	1569.33
	2861.13	0.00	11.72	1575.34
	2861.15	0.00	11.63	1548.35
	2861.16	0.00	11.63	1556.41
	2861.17	0.00	11.64	1563.43
	2861.18	0.00	11.68	1560.42
	2861.19	0.00	11.68	1567.44
	2861.20	0.00	11.69	1566.40
	2861.22	0.00	11.71	1576.42
	2861.23	0.00	11.73	1575.41
	2861.24	0.00	11.71	1578.43
	2861.25	0.00	11.70	1579.43
	2861.26	0.00	11.71	1583.43
	2861.28	0.00	11.72	1586.44
	2861.29	0.00	11.71	1588.46
	2861.30	0.00	11.70	1587.45
	2861.31	0.00	11.71	1584.42
	2861.32	0.00	11.73	1588.40
	2861.33	0.00	11.73	1588.40
	2861.35	0.00	11.73	1586.39
	2861.36	0.00	11.74	1587.37
	2861.37	0.00	11.72	1583.39
	2861.38	0.00	11.71	1581.39
	2861.39	0.00	11.71	1582.39
	2861.40	0.00	11.71	1581.41
	2861.42	0.00	11.72	1582.39
	2861.43	0.00	11.71	1580.39
	2861.44	0.00	11.71	1578.39
	2861.45	0.00	11.72	1581.39
	2861.46	0.00	11.72	1579.39
	2861.47	0.00	11.77	1581.29
	2861.49	0.00	11.72	1581.41
	2861.50	0.00	11.70	1580.43
	2861.51	0.00	11.70	1581.44
	2861.52	0.00	11.71	1583.44
	2861.53	0.00	11.72	1581.42
	2861.55	0.00	11.72	1582.40
	2861.56	0.00	11.72	1584.42
	2861.57	0.00	11.72	1582.43
	2861.58	0.00	11.74	1584.39
	2861.59	0.00	11.72	1585.44
	2861.60	0.00	11.85	1585.13
	2861.62	0.00	11.84	1588.17
	2861.63	0.00	11.82	1581.19
	2861.64	0.00	11.82	1582.19
	2861.65	0.00	11.80	1581.20
	2861.66	0.00	11.78	1572.19
	2861.68	0.00	11.76	1575.28
	2861.69	0.00	11.75	1569.31
	2861.70	0.00	11.68	1551.31
	2861.71	0.00	11.66	1556.39
	2861.72	0.00	11.67	1563.41
	2861.73	0.00	11.70	1557.42
	2861.75	0.00	11.71	1563.42
	2861.76	0.00	11.68	1554.40
	2861.77	0.00	11.73	1572.40
	2861.78	0.00	11.74	1575.41
	2861.79	0.00	11.74	1579.41
	2861.81	0.00	11.74	1580.42
	2861.82	0.00	11.73	1584.42
	2861.83	0.00	11.73	1585.43
	2861.84	0.00	11.73	1585.44
	2861.85	0.00	11.73	1588.44
	2861.86	0.00	11.73	1591.45
	2861.88	0.00	11.74	1588.40
	2861.89	0.00	11.76	1589.37
	2861.90	0.00	11.75	1589.39
	2861.91	0.00	11.74	1588.39
	2861.92	0.00	11.74	1582.37
	2861.93	0.00	11.74	1585.38
	2861.95	0.00	11.74	1584.38
	2861.96	0.00	11.73	1581.38
	2861.97	0.00	11.74	1585.36
	2861.98	0.00	11.74	1584.38
	2862.00	0.00	11.71	1579.38
	2862.01	0.00	11.72	1581.38
	2862.02	0.00	11.72	1582.40
	2862.03	0.00	11.74	1583.38
	2862.04	0.00	11.73	1583.38
	2862.05	0.00	11.73	1581.38
	2862.06	0.00	11.72	1584.42
	2862.08	0.00	11.72	1581.43
	2862.09	0.00	11.71	1584.44
	2862.10	0.00	11.71	1580.42
	2862.11	0.00	11.73	1587.41
	2862.12	0.00	11.73	1585.42
	2862.14	0.00	11.73	1587.42
	2862.15	0.00	11.72	1586.43
	2862.16	0.00	11.72	1587.44
	2862.17	0.00	11.85	1587.13
	2862.18	0.00	11.85	1591.16
	2862.19	0.00	11.82	1584.19
	2862.21	0.00	11.83	1585.19
	2862.22	0.00	11.83	1585.19
	2862.23	0.00	11.85	1575.06
	2862.24	0.00	11.77	1576.22
	2862.25	0.00	11.76	1569.29
	2862.26	0.00	11.75	1572.32
	2862.28	0.00	11.66	1550.35
	2862.29	0.00	11.67	1563.41
	2862.30	0.00	11.71	1561.42
	2862.31	0.00	11.71	1563.42
	2862.32	0.00	11.70	1567.45
	2862.34	0.00	11.68	1553.39
	2862.35	0.00	11.74	1573.40
	2862.36	0.00	11.75	1578.41
	2862.37	0.00	11.74	1580.42
	2862.38	0.00	11.72	1581.42
	2862.39	0.00	11.73	1583.40
	2862.41	0.00	11.74	1585.41
	2862.42	0.00	11.73	1586.44
	2862.43	0.00	11.73	1590.45
	2862.44	0.00	11.72	1592.45
	2862.45	0.00	11.73	1589.41
	2862.47	0.00	11.74	1589.39
	2862.48	0.00	11.75	1591.39
	2862.49	0.00	11.74	1592.39
	2862.50	0.00	11.74	1591.40
	2862.51	0.00	11.72	1588.39
	2862.52	0.00	11.72	1588.39
	2862.54	0.00	11.72	1588.41
	2862.55	0.00	11.73	1588.39
	2862.56	0.00	11.71	1583.39
	2862.57	0.00	11.71	1586.39
	2862.58	0.00	11.72	1586.39
	2862.60	0.00	11.73	1585.39
	2862.61	0.00	11.72	1588.39
	2862.62	0.00	11.73	1588.37
	2862.63	0.00	11.70	1589.45
	2862.64	0.00	11.69	1587.44
	2862.65	0.00	11.70	1590.45
	2862.67	0.00	11.72	1592.42
	2862.68	0.00	11.72	1591.42
	2862.69	0.00	11.71	1592.44
	2862.70	0.00	11.70	1592.45
	2862.71	0.00	11.73	1595.40
	2862.72	0.00	11.83	1596.16
	2862.74	0.00	11.83	1595.15
	2862.75	0.00	11.82	1597.19
	2862.76	0.00	11.80	1593.20
	2862.77	0.00	11.81	1595.21
	2862.78	0.00	11.78	1581.17
	2862.79	0.00	11.74	1582.28
	2862.81	0.00	11.73	1575.32
	2862.82	0.00	11.74	1577.32
	2862.83	0.00	11.70	1568.32
	2862.84	0.00	11.64	1564.40
	2862.85	0.00	11.64	1566.43
	2862.87	0.00	11.68	1571.44
	2862.88	0.00	11.68	1573.44
	2862.89	0.00	11.70	1578.42
	2862.90	0.00	11.72	1586.42
	2862.91	0.00	11.71	1585.43
	2862.92	0.00	11.70	1589.44
	2862.94	0.00	11.73	1589.36
	2862.95	0.00	11.71	1593.44
	2862.96	0.00	11.70	1596.46
	2862.97	0.00	11.70	1597.46
	2862.98	0.00	11.70	1596.46
	2863.00	0.00	11.70	1598.46
	2863.01	0.00	11.70	1595.42
	2863.02	0.00	11.72	1598.38
	2863.03	0.00	11.72	1600.41
	2863.04	0.00	11.71	1598.41
	2863.05	0.00	11.71	1596.41
	2863.07	0.00	11.70	1593.40
	2863.08	0.00	11.70	1594.40
	2863.09	0.00	11.70	1595.40
	2863.10	0.00	11.70	1595.40
	2863.11	0.00	11.68	1589.41
	2863.12	0.00	11.69	1589.40
	2863.14	0.00	11.69	1591.40
	2863.15	0.00	11.70	1591.40
	2863.16	0.00	11.72	1592.37
	2863.17	0.00	11.68	1591.43
	2863.18	0.00	11.68	1594.45
	2863.20	0.00	11.68	1592.45
	2863.21	0.00	11.67	1592.46
	2863.22	0.00	11.69	1593.43
	2863.23	0.00	11.68	1592.43
	2863.24	0.00	11.68	1593.47
	2863.25	0.00	11.69	1595.45
	2863.27	0.00	11.67	1593.46
	2863.28	0.00	11.82	1596.14
	2863.29	0.00	11.80	1599.19
	2863.30	0.00	11.79	1593.20
	2863.31	0.00	11.78	1592.21
	2863.33	0.00	11.78	1592.20
	2863.34	0.00	11.77	1583.15
	2863.35	0.00	11.71	1584.28
	2863.36	0.00	11.71	1578.32
	2863.37	0.00	11.70	1582.36
	2863.38	0.00	11.62	1564.41
	2863.40	0.00	11.63	1571.43
	2863.41	0.00	11.64	1574.44
	2863.42	0.00	11.66	1570.45
	2863.43	0.00	11.66	1575.45
	2863.44	0.00	11.66	1571.41
	2863.46	0.00	11.69	1588.45
	2863.47	0.00	11.71	1585.44
	2863.48	0.00	11.69	1590.44
	2863.49	0.00	11.70	1591.43
	2863.50	0.00	11.69	1595.45
	2863.51	0.00	11.69	1597.46
	2863.53	0.00	11.69	1596.46
	2863.54	0.00	11.69	1599.46
	2863.55	0.00	11.69	1592.41
	2863.56	0.00	11.70	1599.42
	2863.57	0.00	11.71	1598.41
	2863.58	0.00	11.71	1600.39
	2863.60	0.00	11.71	1601.41
	2863.61	0.00	11.69	1595.40
	2863.62	0.00	11.68	1593.41
	2863.63	0.00	11.70	1595.39
	2863.64	0.00	11.69	1595.41
	2863.65	0.00	11.70	1595.40
	2863.67	0.00	11.68	1590.41
	2863.68	0.00	11.69	1592.41
	2863.69	0.00	11.68	1589.40
	2863.70	0.00	11.69	1592.40
	2863.71	0.00	11.69	1592.40
	2863.73	0.00	11.69	1593.41
	2863.74	0.00	11.68	1591.44
	2863.75	0.00	11.67	1592.46
	2863.76	0.00	11.66	1592.48
	2863.77	0.00	11.70	1594.42
	2863.78	0.00	11.69	1594.43
	2863.80	0.00	11.69	1594.44
	2863.81	0.00	11.68	1590.44
	2863.82	0.00	11.68	1593.45
	2863.83	0.00	11.68	1597.46
	2863.84	1.00	11.81	1597.15
	2863.86	1.00	11.82	1600.18
	2863.87	1.00	11.81	1598.19
	2863.88	1.00	11.79	1592.20
	2863.89	1.00	11.79	1592.20
	2863.90	1.00	11.75	1586.22
	2863.92	1.00	11.74	1582.21
	2863.93	1.00	11.71	1584.30
	2863.94	1.00	11.71	1580.34
	2863.95	1.00	11.64	1559.33
	2863.96	1.00	11.62	1565.42
	2863.97	1.00	11.63	1570.43
	2863.99	1.00	11.64	1566.45
	2864.00	1.00	11.67	1571.44
	2864.01	1.00	11.65	1574.45
	2864.02	1.00	11.70	1576.35
	2864.03	1.00	11.70	1585.43
	2864.04	0.00	11.69	1585.44
	2864.06	0.00	11.69	1589.44
	2864.07	0.00	11.70	1595.46
	2864.08	0.00	11.69	1595.46
	2864.09	0.00	11.68	1596.46
	2864.10	0.00	11.68	1595.46
	2864.11	0.00	11.67	1595.48
	2864.13	0.00	11.68	1590.43
	2864.14	0.00	11.70	1595.41
	2864.15	0.00	11.70	1595.41
	2864.16	0.00	11.70	1594.41
	2864.17	0.00	11.68	1589.41
	2864.19	0.00	11.68	1590.40
	2864.20	0.00	11.68	1591.42
	2864.21	0.00	11.69	1593.41
	2864.22	0.00	11.69	1591.40
	2864.23	0.00	11.69	1591.40
	2864.25	0.00	11.67	1585.40
	2864.26	0.00	11.68	1588.40
	2864.27	0.00	11.67	1587.40
	2864.28	0.00	11.68	1588.40
	2864.29	0.00	11.68	1590.41
	2864.30	0.00	11.71	1590.34
	2864.32	0.00	11.67	1588.43
	2864.33	0.00	11.66	1586.46
	2864.34	0.00	11.66	1588.46
	2864.35	0.00	11.67	1591.46
	2864.36	0.00	11.68	1589.43
	2864.37	0.00	11.67	1589.45
	2864.39	0.00	11.66	1589.45
	2864.40	0.00	11.67	1590.45
	2864.41	0.00	11.66	1591.46
	2864.42	0.00	11.79	1593.18
	2864.43	0.00	11.78	1592.19
	2864.45	0.00	11.77	1586.21
	2864.46	0.00	11.75	1587.22
	2864.47	0.00	11.73	1574.17
	2864.48	0.00	11.69	1577.28
	2864.49	0.00	11.68	1570.31
	2864.50	0.00	11.68	1571.34
	2864.52	0.00	11.69	1578.34
	2864.53	0.00	11.59	1555.40
	2864.54	0.00	11.60	1564.44
	2864.55	0.00	11.64	1564.44
	2864.56	0.00	11.62	1562.45
	2864.57	0.00	11.63	1567.44
	2864.59	0.00	11.66	1574.43
	2864.60	0.00	11.67	1578.44
	2864.61	0.00	11.66	1581.44
	2864.62	0.00	11.67	1585.41
	2864.63	0.00	11.67	1590.46
	2864.65	0.00	11.66	1591.47
	2864.66	0.00	11.66	1591.47
	2864.67	0.00	11.65	1592.47
	2864.68	0.00	11.67	1588.41
	2864.69	0.00	11.68	1591.42
	2864.70	0.00	11.68	1592.41
	2864.72	0.00	11.67	1592.41
	2864.73	0.00	11.65	1586.43
	2864.74	0.00	11.65	1585.41
	2864.75	0.00	11.66	1587.41
	2864.76	0.00	11.64	1578.40
	2864.78	0.00	11.65	1584.41
	2864.79	0.00	11.65	1581.41
	2864.80	0.00	11.64	1581.41
	2864.81	0.00	11.65	1583.41
	2864.82	0.00	11.65	1583.40
	2864.83	0.00	11.67	1583.36
	2864.85	0.00	11.64	1582.43
	2864.86	0.00	11.65	1583.42
	2864.87	0.00	11.64	1583.46
	2864.88	0.00	11.63	1584.47
	2864.89	0.00	11.63	1584.47
	2864.91	0.00	11.65	1583.43
	2864.92	0.00	11.65	1587.45
	2864.93	0.00	11.64	1584.46
	2864.94	0.00	11.66	1585.43
	2864.95	0.00	11.78	1588.15
	2864.96	0.00	11.76	1591.19
	2864.98	0.00	11.75	1582.21
	2864.99	0.00	11.74	1582.22
	2865.00	0.00	11.74	1585.22
	2865.01	0.00	11.73	1573.14
	2865.02	0.00	11.66	1573.29
	2865.03	0.00	11.66	1568.33
	2865.05	0.00	11.67	1572.34
	2865.06	0.00	11.57	1549.40
	2865.07	0.00	11.58	1556.42
	2865.08	0.00	11.59	1562.43
	2865.09	0.00	11.61	1557.44
	2865.10	0.00	11.62	1564.45
	2865.12	0.00	11.59	1549.41
	2865.13	0.00	11.64	1571.43
	2865.14	0.00	11.66	1573.44
	2865.15	0.00	11.65	1579.44
	2865.16	0.00	11.63	1576.46
	2865.18	0.00	11.64	1582.44
	2865.19	0.00	11.65	1584.46
	2865.20	0.00	11.65	1586.45
	2865.21	0.00	11.64	1585.46
	2865.22	0.00	11.64	1588.47
	2865.23	0.00	11.65	1586.42
	2865.25	0.00	11.65	1588.43
	2865.26	0.00	11.66	1589.41
	2865.27	0.00	11.67	1591.41
	2865.28	0.00	11.66	1588.41
	2865.29	0.00	11.65	1585.41
	2865.31	0.00	11.64	1582.41
	2865.32	0.00	11.65	1585.41
	2865.33	0.00	11.64	1585.41
	2865.34	0.00	11.64	1582.41
	2865.35	0.00	11.64	1582.41
	2865.37	0.00	11.64	1582.41
	2865.38	0.00	11.64	1582.41
	2865.39	0.00	11.64	1583.42
	2865.40	0.00	11.64	1580.41
	2865.41	0.00	11.63	1582.45
	2865.42	0.00	11.63	1583.46
	2865.44	0.00	11.63	1585.46
	2865.45	0.00	11.64	1583.43
	2865.46	0.00	11.64	1585.43
	2865.47	0.00	11.64	1585.44
	2865.48	0.00	11.64	1586.46
	2865.50	0.00	11.64	1587.46
	2865.51	0.00	11.64	1577.36
	2865.52	0.00	11.75	1589.18
	2865.53	0.00	11.76	1587.19
	2865.54	0.00	11.74	1585.22
	2865.55	0.00	11.73	1586.23
	2865.57	0.00	11.76	1575.08
	2865.58	0.00	11.68	1575.25
	2865.59	0.00	11.67	1571.32
	2865.60	0.00	11.65	1573.35
	2865.61	0.00	11.58	1552.36
	2865.62	0.00	11.57	1560.44
	2865.64	0.00	11.59	1566.45
	2865.65	0.00	11.62	1565.45
	2865.66	0.00	11.61	1566.46
	2865.67	0.00	11.59	1556.42
	2865.68	0.00	11.65	1575.43
	2865.69	0.00	11.64	1578.44
	2865.71	0.00	11.65	1580.45
	2865.72	0.00	11.63	1582.46
	2865.73	0.00	11.66	1588.45
	2865.74	0.00	11.65	1588.47
	2865.75	0.00	11.65	1588.47
	2865.77	0.00	11.64	1588.47
	2865.78	0.00	11.64	1591.47
	2865.79	0.00	11.64	1586.44
	2865.80	0.00	11.66	1592.43
	2865.81	0.00	11.67	1594.42
	2865.82	0.00	11.67	1591.42
	2865.84	0.00	11.67	1591.42
	2865.85	0.00	11.66	1587.41
	2865.86	0.00	11.64	1586.42
	2865.87	0.00	11.65	1585.41
	2865.88	0.00	11.65	1585.41
	2865.90	0.00	11.64	1587.43
	2865.91	0.00	11.65	1587.41
	2865.92	0.00	11.64	1581.41
	2865.93	0.00	11.64	1583.41
	2865.94	0.00	11.65	1583.42
	2865.95	0.00	11.63	1579.41
	2865.97	0.00	11.68	1584.35
	2865.98	0.00	11.64	1583.44
	2865.99	0.00	11.63	1583.47
	2866.00	0.00	11.64	1586.46
	2866.01	0.00	11.64	1586.47
	2866.03	0.00	11.66	1588.43
	2866.04	0.00	11.65	1588.45
	2866.05	0.00	11.65	1590.46
	2866.06	0.00	11.65	1588.46
	2866.07	0.00	11.67	1583.36
	2866.08	0.00	11.77	1589.16
	2866.10	0.00	11.76	1587.20
	2866.11	0.00	11.74	1586.22
	2866.12	0.00	11.74	1585.22
	2866.13	0.00	11.73	1587.23
	2866.14	0.00	11.73	1576.16
	2866.15	0.00	11.67	1578.30
	2866.17	0.00	11.67	1570.33
	2866.18	0.00	11.67	1574.35
	2866.19	0.00	11.57	1553.41
	2866.20	0.00	11.59	1565.44
	2866.21	0.00	11.63	1563.44
	2866.23	0.00	11.63	1569.45
	2866.24	0.00	11.59	1556.43
	2866.25	0.00	11.63	1569.42
	2866.26	0.00	11.65	1578.45
	2866.27	0.00	11.66	1578.44
	2866.28	0.00	11.64	1583.45
	2866.30	0.00	11.65	1584.44
	2866.31	0.00	11.65	1588.46
	2866.32	0.00	11.65	1590.47
	2866.33	0.00	11.64	1591.47
	2866.34	0.00	11.64	1587.44
	2866.36	0.00	11.65	1590.43
	2866.37	0.00	11.66	1591.42
	2866.38	0.00	11.66	1589.42
	2866.39	0.00	11.65	1591.43
	2866.40	0.00	11.66	1589.41
	2866.41	0.00	11.64	1586.41
	2866.43	0.00	11.64	1587.41
	2866.44	0.00	11.64	1586.42
	2866.45	0.00	11.65	1587.41
	2866.46	0.00	11.65	1587.41
	2866.47	0.00	11.64	1584.41
	2866.49	0.00	11.65	1584.39
	2866.50	0.00	11.65	1585.41
	2866.51	0.00	11.65	1584.41
	2866.52	0.00	11.66	1584.39
	2866.53	0.00	11.64	1585.44
	2866.54	0.00	11.64	1586.45
	2866.56	0.00	11.63	1587.47
	2866.57	0.00	11.64	1588.46
	2866.58	0.00	11.63	1582.44
	2866.59	0.00	11.65	1587.45
	2866.60	0.00	11.64	1589.46
	2866.62	0.00	11.75	1589.19
	2866.63	0.00	11.76	1592.18
	2866.64	0.00	11.75	1587.21
	2866.65	0.00	11.74	1587.22
	2866.66	0.00	11.75	1578.10
	2866.67	0.00	11.68	1576.25
	2866.69	0.00	11.66	1577.30
	2866.70	0.00	11.67	1573.32
	2866.71	0.00	11.65	1573.36
	2866.72	0.00	11.62	1562.34
	2866.73	0.00	11.58	1561.42
	2866.75	0.00	11.59	1566.44
	2866.76	0.00	11.61	1563.45
	2866.77	0.00	11.61	1569.46
	2866.78	0.00	11.59	1556.41
	2866.79	0.00	11.64	1577.45
	2866.80	0.00	11.66	1578.44
	2866.82	0.00	11.65	1581.44
	2866.83	0.00	11.66	1581.40
	2866.84	0.00	11.65	1587.47
	2866.85	0.00	11.66	1589.46
	2866.86	0.00	11.64	1589.47
	2866.87	0.00	11.64	1590.47
	2866.89	0.00	11.63	1588.47
	2866.90	0.00	11.64	1586.43
	2866.91	0.00	11.65	1589.42
	2866.92	0.00	11.66	1589.40
	2866.93	0.00	11.66	1588.42
	2866.95	0.00	11.66	1588.41
	2866.96	0.00	11.64	1585.41
	2866.97	0.00	11.63	1583.41
	2866.98	0.00	11.64	1586.41
	2866.99	0.00	11.64	1585.41
	2867.00	0.00	11.64	1585.41
	2867.02	0.00	11.63	1580.41
	2867.03	0.00	11.63	1581.41
	2867.04	0.00	11.63	1580.41
	2867.05	0.00	11.63	1582.41
	2867.06	0.00	11.66	1579.34
	2867.08	0.00	11.62	1580.43
	2867.09	0.00	11.61	1580.46
	2867.10	0.00	11.60	1581.48
	2867.11	0.00	11.62	1582.47
	2867.12	0.00	11.63	1581.43
	2867.13	0.00	11.63	1583.43
	2867.15	0.00	11.62	1582.46
	2867.16	0.00	11.61	1581.46
	2867.17	0.00	11.62	1583.46
	2867.18	0.00	11.74	1586.16
	2867.19	0.00	11.73	1587.21
	2867.21	0.00	11.71	1580.22
	2867.22	0.00	11.70	1581.23
	2867.23	0.00	11.68	1570.20
	2867.24	0.00	11.61	1564.30
	2867.25	0.00	11.64	1567.31
	2867.26	0.00	11.64	1566.33
	2867.28	0.00	11.64	1570.33
	2867.29	0.00	11.53	1545.40
	2867.30	0.00	11.55	1561.44
	2867.31	0.00	11.60	1560.45
	2867.32	0.00	11.59	1563.46
	2867.33	0.00	11.59	1566.46
	2867.35	0.00	11.58	1558.42
	2867.36	0.00	11.63	1573.43
	2867.37	0.00	11.64	1574.42
	2867.38	0.00	11.62	1579.45
	2867.39	0.00	11.63	1579.41
	2867.40	0.00	11.62	1583.46
	2867.42	0.00	11.63	1585.44
	2867.43	0.00	11.63	1586.47
	2867.44	0.00	11.62	1586.47
	2867.45	0.00	11.64	1586.43
	2867.46	0.00	11.63	1589.46
	2867.48	0.00	11.62	1586.43
	2867.49	0.00	11.63	1588.42
	2867.50	0.00	11.63	1586.43
	2867.51	0.00	11.64	1589.41
	2867.52	0.00	11.62	1583.41
	2867.53	0.00	11.62	1581.41
	2867.55	0.00	11.61	1582.43
	2867.56	0.00	11.62	1583.41
	2867.57	0.00	11.62	1582.41
	2867.58	0.00	11.62	1582.41
	2867.59	0.00	11.61	1578.40
	2867.61	0.00	11.61	1580.41
	2867.62	0.00	11.62	1579.41
	2867.63	0.00	11.62	1580.41
	2867.64	0.00	11.65	1580.33
	2867.65	0.00	11.61	1581.44
	2867.66	0.00	11.61	1581.45
	2867.68	0.00	11.61	1582.46
	2867.69	0.00	11.60	1582.47
	2867.70	0.00	11.62	1582.42
	2867.71	0.00	11.62	1583.44
	2867.72	0.00	11.62	1585.45
	2867.74	0.00	11.61	1585.46
	2867.75	0.00	11.61	1587.47
	2867.76	0.00	11.74	1587.16
	2867.77	0.00	11.73	1588.19
	2867.78	0.00	11.72	1586.22
	2867.79	0.00	11.71	1586.23
	2867.81	0.00	11.69	1575.19
	2867.82	0.00	11.64	1575.31
	2867.83	0.00	11.66	1569.32
	2867.84	0.00	11.65	1570.33
	2867.85	0.00	11.65	1575.34
	2867.87	0.00	11.55	1552.40
	2867.88	0.00	11.57	1564.43
	2867.89	0.00	11.60	1562.45
	2867.90	0.00	11.60	1568.46
	2867.91	0.00	11.58	1563.44
	2867.92	0.00	11.63	1573.42
	2867.94	0.00	11.63	1577.43
	2867.95	0.00	11.65	1578.44
	2867.96	0.00	11.63	1583.45
	2867.97	0.00	11.65	1587.40
	2867.98	0.00	11.64	1592.46
	2868.00	0.00	11.64	1593.47
	2868.01	0.00	11.62	1593.49
	2868.02	0.00	11.60	1587.48
	2868.03	0.00	11.62	1593.45
	2868.04	0.00	11.62	1595.44
	2868.05	0.00	11.62	1599.44
	2868.07	0.00	11.63	1598.43
	2868.08	0.00	11.62	1603.42
	2868.09	0.00	11.59	1600.42
	2868.10	0.00	11.60	1600.41
	2868.11	0.00	11.59	1600.43
	2868.12	0.00	11.59	1603.43
	2868.14	0.00	11.59	1604.42
	2868.15	0.00	11.58	1600.43
	2868.16	0.00	11.58	1601.43
	2868.17	0.00	11.58	1602.43
	2868.18	0.00	11.62	1603.33
	2868.20	0.00	11.54	1598.48
	2868.21	0.00	11.56	1606.49
	2868.22	0.00	11.56	1605.49
	2868.23	0.00	11.55	1608.50
	2868.24	0.00	11.57	1608.46
	2868.25	0.00	11.55	1610.48
	2868.27	0.00	11.55	1612.50
	2868.28	0.00	11.56	1616.46
	2868.29	0.00	11.65	1621.21
	2868.30	0.00	11.63	1624.24
	2868.31	0.00	11.63	1628.21
	2868.33	0.00	11.58	1627.29
	2868.34	0.00	11.56	1624.25
	2868.35	0.00	11.50	1622.32
	2868.36	0.00	11.46	1623.40
	2868.37	0.00	11.44	1627.45
	2868.38	0.00	11.39	1617.45
	2868.40	0.00	11.32	1619.55
	2868.41	0.00	11.31	1632.60
	2868.42	0.00	11.34	1634.60
	2868.43	0.00	11.30	1642.61
	2868.44	0.00	11.25	1639.60
	2868.46	0.00	11.26	1660.61
	2868.47	0.00	11.24	1670.64
	2868.48	0.00	11.21	1676.66
	2868.49	0.00	11.18	1684.63
	2868.50	0.00	11.12	1686.71
	2868.51	0.00	11.13	1704.73
	2868.53	0.00	11.10	1706.74
	2868.54	0.00	11.10	1712.70
	2868.55	0.00	11.07	1716.75
	2868.56	0.00	11.05	1710.71
	2868.57	0.00	11.05	1709.71
	2868.58	0.00	11.03	1703.71
	2868.60	0.00	11.01	1696.71
	2868.61	0.00	10.99	1681.71
	2868.62	0.00	11.00	1669.71
	2868.63	0.00	10.99	1651.71
	2868.64	0.00	11.03	1630.67
	2868.66	0.00	11.05	1607.65
	2868.67	0.00	11.07	1580.63
	2868.68	0.00	11.09	1578.61
	2868.69	0.00	11.17	1556.56
	2868.70	0.00	11.23	1529.52
	2868.71	0.00	11.33	1507.46
	2868.73	0.00	11.44	1472.39
	2868.74	0.00	11.59	1434.31
	2868.75	0.00	11.73	1404.21
	2868.76	0.00	11.87	1387.10
	2868.77	0.00	11.88	1385.07
	2868.79	0.00	11.96	1381.88
	2868.80	0.00	11.89	1376.01
	2868.81	0.00	11.90	1376.00
	2868.82	0.00	11.94	1377.96
	2868.83	0.00	11.91	1376.01
	2868.84	0.00	11.92	1376.00
	2868.85	0.00	11.92	1377.01
	2868.87	0.00	11.92	1377.01
	2868.88	0.00	11.93	1381.01
	2868.89	0.00	11.93	1382.02
	2868.90	0.00	11.94	1380.00
	2868.91	0.00	11.95	1379.99
	2868.93	0.00	11.95	1378.99
	2868.94	0.00	11.97	1378.98
	2868.95	0.00	11.98	1378.98
	2868.96	0.00	11.99	1377.98
	2868.97	0.00	11.98	1374.98
	2868.98	0.00	11.99	1372.95
	2869.00	0.00	12.01	1372.92
	2869.01	0.00	11.98	1368.95
	2869.02	0.00	12.02	1367.90
	2869.03	0.00	12.03	1370.90
	2869.04	0.00	12.03	1369.92
	2869.05	0.00	12.02	1365.92
	2869.07	0.00	12.01	1364.92
	2869.08	0.00	12.01	1366.93
	2869.09	0.00	12.01	1369.95
	2869.10	0.00	11.99	1364.95
	2869.11	0.00	11.99	1362.95
	2869.13	0.00	12.18	1365.65
	2869.14	0.00	12.16	1363.64
	2869.15	0.00	12.19	1376.66
	2869.16	0.00	12.20	1378.67
	2869.17	0.00	12.20	1377.67
	2869.18	0.00	12.20	1382.68
	2869.20	0.00	12.20	1379.68
	2869.21	0.00	12.19	1379.69
	2869.22	0.00	12.18	1383.72
	2869.23	0.00	12.16	1393.65
	2869.24	0.00	11.95	1415.84
	2869.25	0.00	11.64	1454.11
	2869.27	0.00	11.37	1510.33
	2869.28	0.00	11.22	1546.43
	2869.29	0.00	11.15	1575.50
	2869.30	0.00	11.15	1610.51
	2869.31	0.00	11.16	1636.57
	2869.32	0.00	11.15	1676.63
	2869.34	0.00	11.12	1713.64
	2869.35	0.00	11.06	1749.71
	2869.36	0.00	11.00	1787.73
	2869.37	0.00	10.98	1789.78
	2869.38	0.00	11.01	1811.79
	2869.40	0.00	11.05	1828.81
	2869.41	0.00	11.09	1838.81
	2869.42	0.00	11.11	1840.82
	2869.43	0.00	11.15	1836.82
	2869.44	0.00	11.25	1852.81
	2869.45	0.00	11.31	1859.79
	2869.47	0.00	11.37	1876.74
	2869.48	0.00	11.44	1879.72
	2869.49	0.00	11.52	1868.69
	2869.50	0.00	11.62	1862.67
	2869.51	0.00	11.67	1848.64
	2869.53	0.00	11.77	1838.61
	2869.54	0.00	11.85	1828.58
	2869.55	0.00	11.92	1814.54
	2869.56	0.00	12.00	1811.51
	2869.57	0.00	12.09	1808.48
	2869.58	0.00	12.14	1807.46
	2869.60	0.00	12.20	1801.43
	2869.61	0.00	12.25	1800.41
	2869.62	0.00	12.32	1801.39
	2869.63	0.00	12.41	1795.37
	2869.64	0.00	12.47	1778.33
	2869.66	0.00	12.56	1768.29
	2869.67	0.00	12.67	1787.28
	2869.68	0.00	12.74	1793.25
	2869.69	0.00	12.81	1792.23
	2869.70	0.00	13.03	1827.15
	2869.71	0.00	13.17	1821.99
	2869.73	0.00	13.28	1826.91
	2869.74	0.00	13.39	1816.75
	2869.75	0.00	13.58	1847.78
	2869.76	0.00	13.67	1856.76
	2869.77	0.00	13.74	1863.74
	2869.79	0.00	13.84	1857.62
	2869.80	0.00	13.92	1848.54
	2869.81	0.00	14.03	1838.43
	2869.82	0.00	14.09	1834.35
	2869.83	0.00	14.12	1816.27
	2869.84	0.00	14.14	1819.27
	2869.86	0.00	14.16	1810.20
	2869.87	0.00	14.18	1803.06
	2869.88	0.00	14.15	1780.01
	2869.89	0.00	13.99	1741.08
	2869.90	0.00	13.81	1689.12
	2869.91	0.00	13.46	1614.20
	2869.93	0.00	13.22	1562.31
	2869.94	0.00	12.88	1499.53
	2869.95	0.00	12.47	1430.63
	2869.96	0.00	12.33	1403.70
	2869.97	0.00	12.32	1399.70
	2869.99	0.00	12.31	1397.67
	2870.00	0.00	12.31	1399.67
	2870.01	0.00	12.32	1406.68
	2870.02	0.00	12.33	1408.68
	2870.03	0.00	12.33	1406.68
	2870.04	0.00	12.33	1405.69
	2870.06	0.00	12.34	1407.68
	2870.07	0.00	12.35	1405.68
	2870.08	0.00	12.35	1406.68
	2870.09	0.00	12.34	1407.69
	2870.10	0.00	12.35	1407.68
	2870.11	0.00	12.35	1411.69
	2870.13	0.00	12.35	1410.69
	2870.14	0.00	12.36	1414.68
	2870.15	0.00	12.36	1428.75
	2870.16	0.00	12.35	1426.75
	2870.17	0.00	12.36	1428.75
	2870.18	0.00	12.37	1431.75
	2870.20	0.00	12.38	1434.75
	2870.21	0.00	12.39	1434.74
	2870.22	0.00	12.39	1436.75
	2870.23	0.00	12.40	1441.74
	2870.24	0.00	12.40	1445.75
	2870.26	0.00	12.41	1449.74
	2870.27	0.00	12.41	1451.74
	2870.28	0.00	12.41	1449.74
	2870.29	0.00	12.42	1451.72
	2870.30	0.00	12.41	1450.73
	2870.31	0.00	12.42	1444.69
	2870.33	0.00	12.43	1446.67
	2870.34	0.00	12.47	1446.60
	2870.35	0.00	12.46	1449.64
	2870.36	0.00	12.45	1449.65
	2870.37	0.00	12.44	1449.65
	2870.38	0.00	12.45	1449.65
	2870.40	0.00	12.41	1453.69
	2870.41	0.00	12.21	1476.78
	2870.42	0.00	11.89	1517.94
	2870.43	0.00	11.50	1600.25
	2870.44	0.00	11.19	1673.48
	2870.45	0.00	11.04	1739.60
	2870.47	0.00	11.03	1775.64
	2870.48	0.00	11.06	1804.69
	2870.49	0.00	11.11	1834.72
	2870.50	0.00	11.13	1866.75
	2870.51	0.00	11.15	1899.78
	2870.53	0.00	11.18	1926.78
	2870.54	0.00	11.19	1956.86
	2870.55	0.00	11.23	1976.89
	2870.56	0.00	11.30	1990.89
	2870.57	0.00	11.37	1997.88
	2870.59	0.00	11.46	1995.82
	2870.60	0.00	11.54	1981.80
	2870.61	0.00	11.64	1965.78
	2870.62	0.00	11.80	1949.65
	2870.63	0.00	11.89	1934.65
	2870.64	0.00	12.00	1909.58
	2870.66	0.00	12.10	1892.54
	2870.67	0.00	12.19	1887.49
	2870.68	0.00	12.24	1867.54
	2870.69	0.00	12.37	1854.47
	2870.70	0.00	12.51	1829.37
	2870.72	0.00	12.66	1812.26
	2870.73	0.00	12.78	1808.17
	2870.74	0.00	12.87	1806.08
	2870.75	0.00	12.95	1800.98
	2870.76	0.00	13.02	1804.91
	2870.77	0.00	13.10	1804.82
	2870.79	0.00	13.11	1800.82
	2870.80	0.00	13.14	1799.79
	2870.81	0.00	13.17	1795.76
	2870.82	0.00	13.22	1790.67
	2870.83	0.00	13.25	1790.65
	2870.84	0.00	13.39	1811.63
	2870.86	0.00	13.41	1811.61
	2870.87	0.00	13.46	1815.58
	2870.88	0.00	13.50	1821.55
	2870.89	0.00	13.56	1820.49
	2870.90	0.00	13.74	1847.44
	2870.92	0.00	13.82	1849.37
	2870.93	0.00	13.87	1843.28
	2870.94	0.00	13.97	1851.15
	2870.95	0.00	14.04	1852.11
	2870.96	0.00	14.09	1862.06
	2870.97	0.00	14.21	1861.89
	2870.99	0.00	14.31	1860.73
	2871.00	0.00	14.37	1856.65
	2871.01	0.00	14.38	1845.57
	2871.02	0.00	14.42	1828.46
	2871.03	0.00	14.43	1802.34
	2871.04	0.00	14.33	1761.32
	2871.06	0.00	13.94	1698.64
	2871.07	0.00	13.58	1642.03
	2871.08	0.00	13.27	1581.24
	2871.09	0.00	12.87	1517.46
	2871.10	0.00	12.63	1468.60
	2871.11	0.00	12.52	1447.65
	2871.13	0.00	12.47	1440.66
	2871.14	0.00	12.41	1427.65
	2871.15	0.00	12.40	1424.65
	2871.16	0.00	12.41	1418.62
	2871.17	0.00	12.40	1419.65
	2871.19	0.00	12.40	1421.66
	2871.20	0.00	12.41	1422.66
	2871.21	0.00	12.40	1418.66
	2871.22	0.00	12.40	1418.66
	2871.23	0.00	12.40	1416.66
	2871.24	0.00	12.38	1414.68
	2871.26	0.00	12.39	1419.68
	2871.27	0.00	12.39	1417.68
	2871.28	0.00	12.39	1420.69
	2871.29	0.00	12.40	1425.69
	2871.30	0.00	12.41	1425.66
	2871.31	0.00	12.42	1429.67
	2871.33	0.00	12.42	1431.68
	2871.34	0.00	12.43	1428.65
	2871.35	0.00	12.43	1430.67
	2871.36	0.00	12.43	1430.67
	2871.37	0.00	12.43	1434.68
	2871.39	0.00	12.46	1433.66
	2871.40	0.00	12.42	1430.68
	2871.41	0.00	12.44	1436.68
	2871.42	0.00	12.44	1438.67
	2871.43	0.00	12.47	1443.62
	2871.44	0.00	12.42	1436.66
	2871.45	0.00	12.55	1441.43
	2871.47	0.00	12.53	1445.49
	2871.48	0.00	12.48	1444.57
	2871.49	0.00	12.49	1442.57
	2871.50	0.00	12.51	1444.54
	2871.51	0.00	12.50	1446.54
	2871.53	0.00	12.37	1444.66
	2871.54	0.00	12.06	1479.87
	2871.55	0.00	11.61	1549.25
	2871.56	0.00	11.28	1613.50
	2871.57	0.00	11.11	1662.63
	2871.58	0.00	11.05	1688.68
	2871.60	0.00	11.05	1715.68
	2871.61	0.00	11.09	1753.70
	2871.62	0.00	11.16	1805.75
	2871.63	0.00	11.18	1850.80
	2871.64	0.00	11.18	1891.87
	2871.66	0.00	11.21	1926.87
	2871.67	0.00	11.25	1949.90
	2871.68	0.00	11.29	1968.92
	2871.69	0.00	11.34	1975.93
	2871.70	0.00	11.41	1975.93
	2871.71	0.00	11.49	1974.90
	2871.73	0.00	11.57	1961.83
	2871.74	0.00	11.66	1942.81
	2871.75	0.00	11.76	1930.74
	2871.76	0.00	11.85	1908.73
	2871.77	0.00	11.96	1883.70
	2871.79	0.00	12.04	1869.66
	2871.80	0.00	12.13	1859.63
	2871.81	0.00	12.21	1845.57
	2871.82	0.00	12.34	1832.52
	2871.83	0.00	12.47	1811.46
	2871.84	0.00	12.59	1793.40
	2871.86	0.00	12.69	1780.34
	2871.87	0.00	12.81	1774.26
	2871.88	0.00	12.91	1765.19
	2871.89	0.00	12.99	1766.11
	2871.90	0.00	13.05	1775.06
	2871.92	0.00	13.13	1783.98
	2871.93	0.00	13.17	1787.95
	2871.94	0.00	13.20	1796.94
	2871.95	0.00	13.50	1846.87
	2871.96	0.00	13.58	1862.83
	2871.97	0.00	13.66	1865.72
	2871.99	0.00	13.72	1871.66
	2872.00	0.00	13.78	1876.62
	2872.01	0.00	13.81	1876.58
	2872.02	0.00	13.87	1876.51
	2872.03	0.00	13.95	1883.43
	2872.04	0.00	13.97	1883.44
	2872.06	0.00	14.04	1881.34
	2872.07	0.00	14.14	1887.23
	2872.08	0.00	14.17	1881.15
	2872.09	0.00	14.20	1867.08
	2872.10	0.00	14.20	1857.03
	2872.12	0.00	14.16	1824.96
	2872.13	0.00	14.04	1763.88
	2872.14	0.00	13.99	1709.74
	2872.15	0.00	13.63	1646.95
	2872.16	0.00	13.22	1561.09
	2872.17	0.00	12.98	1513.23
	2872.18	0.00	12.63	1460.52
	2872.20	0.00	12.47	1436.62
	2872.21	0.00	12.40	1423.65
	2872.22	0.00	12.39	1426.66
	2872.23	0.00	12.38	1415.62
	2872.25	0.00	12.34	1413.69
	2872.26	0.00	12.35	1410.66
	2872.27	0.00	12.40	1411.61
	2872.28	0.00	12.42	1419.61
	2872.29	0.00	12.43	1419.61
	2872.30	0.00	12.42	1421.64
	2872.31	0.00	12.45	1422.62
	2872.33	0.00	12.43	1417.62
	2872.34	0.00	12.43	1417.63
	2872.35	0.00	12.43	1420.65
	2872.36	0.00	12.44	1424.65
	2872.37	0.00	12.43	1427.66
	2872.38	0.00	12.43	1427.66
	2872.40	0.00	12.41	1430.70
	2872.41	0.00	12.43	1427.64
	2872.42	0.00	12.44	1429.63
	2872.43	0.00	12.42	1428.66
	2872.44	0.00	12.43	1431.65
	2872.46	0.00	12.45	1435.66
	2872.47	0.00	12.43	1434.67
	2872.48	0.00	12.44	1437.68
	2872.49	0.00	12.44	1438.68
	2872.50	0.00	12.44	1441.67
	2872.51	0.00	12.46	1421.67
	2872.52	0.00	12.44	1440.68
	2872.54	0.00	12.45	1439.68
	2872.55	0.00	12.43	1436.68
	2872.56	0.00	12.43	1445.71
	2872.57	0.00	12.42	1447.71
	2872.58	0.00	12.41	1441.68
	2872.60	0.00	12.44	1449.64
	2872.61	0.00	12.47	1455.62
	2872.62	0.00	12.39	1466.68
	2872.63	0.00	12.15	1495.81
	2872.64	0.00	11.73	1562.10
	2872.65	0.00	11.25	1665.40
	2872.67	0.00	10.82	1788.59
	2872.68	0.00	10.79	1823.66
	2872.69	0.00	10.86	1838.70
	2872.70	0.00	10.95	1877.75
	2872.71	0.00	11.03	1904.76
	2872.73	0.00	11.09	1941.79
	2872.74	0.00	11.17	1981.81
	2872.75	0.00	11.25	2004.82
	2872.76	0.00	11.27	2005.89
	2872.77	0.00	11.37	2018.88
	2872.78	0.00	11.45	2017.85
	2872.80	0.00	11.52	1998.83
	2872.81	0.00	11.64	1988.78
	2872.82	0.00	11.78	1966.74
	2872.83	0.00	11.89	1944.71
	2872.84	0.00	12.04	1922.56
	2872.86	0.00	12.15	1902.51
	2872.87	0.00	12.26	1885.44
	2872.88	0.00	12.38	1874.35
	2872.89	0.00	12.51	1854.27
	2872.90	0.00	12.62	1823.27
	2872.91	0.00	12.80	1800.02
	2872.93	0.00	12.89	1795.89
	2872.94	0.00	13.02	1781.72
	2872.95	0.00	13.10	1775.63
	2872.96	0.00	13.31	1787.52
	2872.97	0.00	13.32	1773.49
	2872.99	0.00	13.38	1785.48
	2873.00	0.00	13.39	1780.47
	2873.01	0.00	13.45	1785.43
	2873.02	0.00	13.52	1795.42
	2873.03	0.00	13.55	1795.40
	2873.04	0.00	13.60	1799.36
	2873.06	0.00	13.63	1798.32
	2873.07	0.00	13.64	1791.32
	2873.08	0.00	13.69	1804.30
	2873.09	0.00	13.71	1804.28
	2873.10	0.00	13.74	1807.24
	2873.11	0.00	13.78	1804.19
	2873.13	0.00	13.83	1815.20
	2873.14	0.00	14.00	1837.15
	2873.15	0.00	14.08	1851.12
	2873.16	0.00	14.13	1858.08
	2873.17	0.00	14.21	1868.05
	2873.19	0.00	14.25	1870.02
	2873.20	0.00	14.27	1865.97
	2873.21	0.00	14.34	1876.90
	2873.22	0.00	14.41	1867.76
	2873.23	0.00	14.45	1858.65
	2873.24	0.00	14.45	1834.53
	2873.26	0.00	14.40	1806.48
	2873.27	0.00	14.21	1754.45
	2873.28	0.00	14.00	1705.60
	2873.29	0.00	13.70	1648.85
	2873.30	0.00	13.26	1569.08
	2873.31	0.00	13.00	1513.19
	2873.33	0.00	12.76	1469.31
	2873.34	0.00	12.56	1436.45
	2873.35	0.00	12.48	1427.51
	2873.36	0.00	12.47	1428.52
	2873.37	0.00	12.46	1424.51
	2873.38	0.00	12.45	1420.51
	2873.40	0.00	12.45	1419.50
	2873.41	0.00	12.46	1418.50
	2873.42	0.00	12.46	1418.50
	2873.43	0.00	12.46	1414.50
	2873.44	0.00	12.47	1413.49
	2873.45	0.00	12.46	1411.50
	2873.47	0.00	12.47	1409.50
	2873.48	0.00	12.46	1409.50
	2873.49	0.00	12.46	1408.50
	2873.50	0.00	12.48	1409.48
	2873.51	0.00	12.47	1411.51
	2873.53	0.00	12.46	1410.51
	2873.54	0.00	12.51	1419.46
	2873.55	0.00	12.52	1419.45
	2873.56	0.00	12.46	1416.54
	2873.57	0.00	12.48	1419.53
	2873.58	0.00	12.48	1418.52
	2873.60	0.00	12.46	1417.56
	2873.61	0.00	12.47	1419.55
	2873.62	0.00	12.46	1421.57
	2873.63	0.00	12.47	1422.57
	2873.64	0.00	12.45	1424.59
	2873.65	0.00	12.47	1424.58
	2873.67	0.00	12.48	1428.58
	2873.68	0.00	12.48	1429.58
	2873.69	0.00	12.50	1427.53
	2873.70	0.00	12.51	1431.54
	2873.71	0.00	12.51	1433.55
	2873.72	0.00	12.51	1434.55
	2873.74	0.00	12.52	1436.55
	2873.75	0.00	12.52	1438.54
	2873.76	0.00	12.53	1439.51
	2873.77	0.00	12.48	1447.56
	2873.78	0.00	12.25	1480.67
	2873.80	0.00	11.80	1549.04
	2873.81	0.00	11.33	1651.38
	2873.82	0.00	10.93	1753.56
	2873.83	0.00	10.83	1785.62
	2873.84	0.00	10.95	1777.62
	2873.85	0.00	10.90	1792.73
	2873.87	0.00	10.93	1830.77
	2873.88	0.00	11.03	1884.78
	2873.89	0.00	11.14	1926.83
	2873.90	0.00	11.22	1951.80
	2873.91	0.00	11.31	1990.82
	2873.93	0.00	11.39	2000.83
	2873.94	0.00	11.48	2010.82
	2873.95	0.00	11.56	2003.77
	2873.96	0.00	11.64	1998.75
	2873.97	0.00	11.72	1990.73
	2873.98	0.00	11.82	1978.70
	2874.00	0.00	11.90	1958.71
	2874.01	0.00	11.99	1939.68
	2874.02	0.00	12.11	1921.63
	2874.03	0.00	12.19	1889.54
	2874.04	0.00	12.29	1887.47
	2874.06	0.00	12.38	1868.40
	2874.07	0.00	12.47	1846.34
	2874.08	0.00	12.56	1828.27
	2874.09	0.00	12.68	1807.17
	2874.10	0.00	12.78	1795.05
	2874.11	0.00	12.86	1778.94
	2874.13	0.00	12.95	1778.88
	2874.14	0.00	13.02	1770.78
	2874.15	0.00	13.26	1786.67
	2874.16	0.00	13.31	1786.61
	2874.17	0.00	13.40	1796.52
	2874.18	0.00	13.42	1796.52
	2874.20	0.00	13.46	1797.50
	2874.21	0.00	13.52	1806.47
	2874.22	0.00	13.57	1815.43
	2874.23	0.00	13.62	1816.39
	2874.25	0.00	13.65	1818.36
	2874.26	0.00	13.70	1821.33
	2874.27	0.00	13.73	1818.28
	2874.28	0.00	13.81	1821.16
	2874.29	0.00	13.84	1823.13
	2874.30	0.00	13.87	1818.11
	2874.31	0.00	13.93	1824.07
	2874.33	0.00	13.96	1813.02
	2874.34	0.00	14.01	1814.96
	2874.35	0.00	14.20	1847.90
	2874.36	0.00	14.23	1847.89
	2874.37	0.00	14.29	1852.88
	2874.38	0.00	14.33	1857.87
	2874.40	0.00	14.40	1869.87
	2874.41	0.00	14.40	1870.91
	2874.42	0.00	14.40	1865.93
	2874.43	0.00	14.44	1868.85
	2874.44	0.00	14.43	1857.82
	2874.46	0.00	14.47	1836.65
	2874.47	0.00	14.31	1801.70
	2874.48	0.00	14.09	1770.95
	2874.49	0.00	13.90	1723.03
	2874.50	0.00	13.58	1657.10
	2874.51	0.00	13.33	1599.19
	2874.53	0.00	12.94	1522.28
	2874.54	0.00	12.71	1473.42
	2874.55	0.00	12.56	1449.49
	2874.56	0.00	12.53	1439.48
	2874.57	0.00	12.50	1438.49
	2874.58	0.00	12.48	1436.49
	2874.60	0.00	12.45	1425.50
	2874.61	0.00	12.46	1421.46
	2874.62	0.00	12.45	1420.49
	2874.63	0.00	12.45	1416.48
	2874.64	0.00	12.45	1416.49
	2874.65	0.00	12.45	1413.49
	2874.67	0.00	12.44	1413.51
	2874.68	0.00	12.46	1415.46
	2874.69	0.00	12.44	1416.52
	2874.70	0.00	12.43	1415.53
	2874.71	0.00	12.43	1416.53
	2874.73	0.00	12.42	1419.54
	2874.74	0.00	12.42	1417.54
	2874.75	0.00	12.43	1418.53
	2874.76	0.00	12.44	1422.52
	2874.77	0.00	12.47	1426.50
	2874.78	0.00	12.48	1434.52
	2874.80	0.00	12.48	1436.52
	2874.81	0.00	12.50	1435.51
	2874.82	0.00	12.51	1434.52
	2874.83	0.00	12.53	1435.50
	2874.84	0.00	12.53	1434.49
	2874.85	0.00	12.55	1414.50
	2874.87	0.00	12.51	1430.52
	2874.88	0.00	12.53	1433.50
	2874.89	0.00	12.53	1416.51
	2874.90	0.00	12.53	1418.51
	2874.91	0.00	12.52	1419.53
	2874.93	0.00	12.53	1421.52
	2874.94	0.00	12.53	1419.52
	2874.95	0.00	12.50	1438.53
	2874.96	0.00	12.48	1432.54
	2874.97	0.00	12.49	1434.52
	2874.98	0.00	12.51	1433.49
	2875.00	0.00	12.51	1433.49
	2875.01	0.00	12.50	1431.50
	2875.02	0.00	12.29	1465.62
	2875.03	0.00	11.89	1512.96
	2875.04	0.00	11.46	1606.29
	2875.05	0.00	10.89	1740.60
	2875.07	0.00	10.66	1813.75
	2875.08	0.00	10.59	1825.80
	2875.09	0.00	10.59	1865.83
	2875.10	0.00	10.65	1873.85
	2875.11	0.00	10.79	1883.85
	2875.12	0.00	10.84	1922.91
	2875.14	0.00	10.86	1956.94
	2875.15	0.00	10.85	1977.97
	2875.16	0.00	10.88	1990.94
	2875.17	0.00	10.82	2020.93
	2875.18	0.00	10.85	2026.92
	2875.20	0.00	10.96	2000.91
	2875.21	0.00	10.96	1980.96
	2875.22	0.00	10.99	1970.98
	2875.23	0.00	11.06	1955.90
	2875.24	0.00	11.10	1947.94
	2875.25	0.00	11.15	1933.88
	2875.27	0.00	11.21	1924.86
	2875.28	0.00	11.27	1915.85
	2875.29	0.00	11.37	1908.75
	2875.30	0.00	11.44	1907.79
	2875.31	0.00	11.52	1902.78
	2875.33	0.00	11.58	1905.77
	2875.34	0.00	11.68	1909.68
	2875.35	0.00	11.72	1916.79
	2875.36	0.00	11.79	1924.79
	2875.37	0.00	11.85	1923.78
	2875.39	0.00	11.92	1927.74
	2875.40	0.00	12.00	1937.73
	2875.41	0.00	12.07	1936.70
	2875.42	0.00	12.14	1934.68
	2875.43	0.00	12.21	1931.66
	2875.44	0.00	12.29	1935.65
	2875.46	0.00	12.39	1933.59
	2875.47	0.00	12.51	1927.53
	2875.48	0.00	12.67	1908.44
	2875.49	0.00	12.84	1890.33
	2875.50	0.00	13.00	1881.18
	2875.52	0.00	13.17	1873.97
	2875.53	0.00	13.38	1893.90
	2875.54	0.00	13.45	1895.85
	2875.55	0.00	13.54	1894.72
	2875.56	0.00	13.62	1903.69
	2875.57	0.00	13.71	1904.59
	2875.59	0.00	13.87	1909.40
	2875.60	0.00	14.04	1928.33
	2875.61	0.00	14.15	1937.25
	2875.62	0.00	14.25	1950.21
	2875.63	0.00	14.37	1957.12
	2875.64	0.00	14.57	1959.82
	2875.66	0.00	14.68	1953.57
	2875.67	0.00	14.73	1951.46
	2875.68	0.00	14.76	1929.30
	2875.69	0.00	14.64	1879.22
	2875.70	0.00	14.57	1837.13
	2875.72	0.00	14.48	1786.08
	2875.73	0.00	14.27	1721.14
	2875.74	0.00	13.85	1635.38
	2875.75	0.00	13.32	1576.98
	2875.76	0.00	13.05	1511.09
	2875.77	0.00	12.69	1459.38
	2875.79	0.00	12.55	1431.43
	2875.80	0.00	12.45	1414.48
	2875.81	0.00	12.44	1412.51
	2875.82	0.00	12.45	1413.49
	2875.83	0.00	12.44	1410.49
	2875.84	0.00	12.44	1404.49
	2875.86	0.00	12.44	1405.50
	2875.87	0.00	12.44	1407.51
	2875.88	0.00	12.43	1407.51
	2875.89	0.00	12.43	1407.51
	2875.90	0.00	12.43	1408.51
	2875.92	0.00	12.43	1409.52
	2875.93	0.00	12.37	1388.49
	2875.94	0.00	12.35	1386.54
	2875.95	0.00	12.37	1396.57
	2875.96	0.00	12.38	1406.57
	2875.97	0.00	12.39	1407.60
	2875.98	0.00	12.40	1405.61
	2876.00	0.00	12.41	1407.61
	2876.01	0.00	12.39	1407.63
	2876.02	0.00	12.40	1413.62
	2876.03	0.00	12.39	1413.63
	2876.04	0.00	12.39	1415.63
	2876.06	0.00	12.41	1392.60
	2876.07	0.00	12.42	1422.60
	2876.08	0.00	12.43	1426.61
	2876.09	0.00	12.44	1426.61
	2876.10	0.00	12.45	1427.61
	2876.11	0.00	12.47	1414.59
	2876.13	0.00	12.47	1437.60
	2876.14	0.00	12.49	1415.60
	2876.15	0.00	12.49	1415.57
	2876.16	0.00	12.49	1423.60
	2876.17	0.00	12.50	1425.60
	2876.18	0.00	12.50	1425.60
	2876.20	0.00	12.49	1426.61
	2876.21	0.00	12.49	1426.61
	2876.22	0.00	12.49	1426.62
	2876.23	0.00	12.49	1429.61
	2876.24	0.00	12.48	1424.60
	2876.25	0.00	12.49	1452.60
	2876.27	0.00	12.49	1453.59
	2876.28	0.00	12.50	1452.58
	2876.29	0.00	12.50	1444.56
	2876.30	0.00	12.53	1453.53
	2876.31	0.00	12.21	1501.70
	2876.32	0.00	11.66	1603.95
	2876.34	0.00	10.61	1851.44
	2876.35	0.00	10.17	1947.74
	2876.36	0.00	10.14	2002.82
	2876.37	0.00	10.22	1996.87
	2876.38	0.00	10.27	1992.92
	2876.40	0.00	10.10	1943.97
	2876.41	0.00	10.25	2003.02
	2876.42	0.00	10.49	2053.06
	2876.43	0.00	10.64	2075.07
	2876.44	0.00	10.86	2084.05
	2876.45	0.00	10.99	2099.04
	2876.47	0.00	11.11	2097.02
	2876.48	0.00	11.21	2080.98
	2876.49	0.00	11.34	2059.94
	2876.50	0.00	11.48	2043.89
	2876.51	0.00	11.61	2012.79
	2876.53	0.00	11.74	1986.75
	2876.54	0.00	11.87	1958.69
	2876.55	0.00	11.99	1929.61
	2876.56	0.00	12.16	1901.37
	2876.57	0.00	12.27	1876.32
	2876.58	0.00	12.41	1852.20
	2876.60	0.00	12.60	1818.03
	2876.61	0.00	12.76	1793.81
	2876.62	0.00	12.87	1776.68
	2876.63	0.00	13.04	1791.64
	2876.64	0.00	13.08	1777.60
	2876.66	0.00	13.17	1778.54
	2876.67	0.00	13.21	1773.50
	2876.68	0.00	13.30	1769.44
	2876.69	0.00	13.36	1775.43
	2876.70	0.00	13.42	1783.39
	2876.71	0.00	13.44	1781.42
	2876.73	0.00	13.50	1781.41
	2876.74	0.00	13.59	1798.37
	2876.75	0.00	13.67	1810.35
	2876.76	0.00	13.72	1820.36
	2876.77	0.00	13.80	1842.38
	2876.78	0.00	13.90	1859.35
	2876.80	0.00	14.13	1896.33
	2876.81	0.00	14.22	1914.31
	2876.82	0.00	14.33	1936.33
	2876.83	0.00	14.45	1962.24
	2876.84	0.00	14.53	1994.27
	2876.86	0.00	14.59	2000.21
	2876.87	0.00	14.67	2008.15
	2876.88	0.00	14.74	2000.02
	2876.89	0.00	14.80	1992.85
	2876.90	0.00	14.98	1960.34
	2876.91	0.00	14.94	1931.26
	2876.93	0.00	14.77	1866.25
	2876.94	0.00	14.32	1796.75
	2876.95	0.00	13.72	1691.16
	2876.96	0.00	13.31	1595.44
	2876.97	0.00	12.92	1517.48
	2876.98	0.00	12.50	1437.56
	2877.00	0.00	12.40	1417.60
	2877.01	0.00	12.39	1423.60
	2877.02	0.00	12.39	1421.58
	2877.03	0.00	12.41	1423.57
	2877.04	0.00	12.44	1424.53
	2877.06	0.00	12.44	1403.57
	2877.07	0.00	12.43	1422.57
	2877.08	0.00	12.42	1423.58
	2877.09	0.00	12.42	1423.57
	2877.10	0.00	12.41	1422.58
	2877.11	0.00	12.42	1424.57
	2877.13	0.00	12.42	1421.57
	2877.14	0.00	12.44	1425.56
	2877.15	0.00	12.45	1406.57
	2877.16	0.00	12.45	1404.56
	2877.17	0.00	12.48	1412.56
	2877.18	0.00	12.49	1414.56
	2877.20	0.00	12.46	1431.55
	2877.21	0.00	12.47	1436.56
	2877.22	0.00	12.47	1414.59
	2877.23	0.00	12.45	1412.61
	2877.24	0.00	12.45	1412.64
	2877.25	0.00	12.43	1407.62
	2877.27	0.00	12.46	1412.62
	2877.28	0.00	12.45	1411.62
	2877.29	0.00	12.47	1409.57
	2877.30	0.00	12.49	1410.56
	2877.31	0.00	12.48	1411.58
	2877.32	0.00	12.47	1411.58
	2877.34	0.00	12.47	1411.58
	2877.35	0.00	12.46	1413.59
	2877.36	0.00	12.47	1416.57
	2877.37	0.00	12.47	1420.56
	2877.38	0.00	12.49	1429.56
	2877.39	0.00	12.53	1433.50
	2877.41	0.00	12.52	1439.54
	2877.42	0.00	12.54	1441.54
	2877.43	0.00	12.53	1441.54
	2877.44	0.00	12.50	1449.61
	2877.45	0.00	11.95	1518.06
	2877.47	0.00	10.93	1724.61
	2877.48	0.00	10.02	2000.08
	2877.49	0.00	9.89	2080.22
	2877.50	0.00	10.04	2051.21
	2877.51	0.00	10.20	2023.18
	2877.52	0.00	10.31	2019.17
	2877.54	0.00	10.50	2046.15
	2877.55	0.00	10.67	2088.20
	2877.56	0.00	10.82	2113.18
	2877.57	0.00	10.97	2149.17
	2877.58	0.00	11.10	2161.17
	2877.60	0.00	11.19	2147.14
	2877.61	0.00	11.29	2126.10
	2877.62	0.00	11.37	2093.08
	2877.63	0.00	11.49	2067.02
	2877.64	0.00	11.62	2049.00
	2877.65	0.00	11.78	2010.88
	2877.67	0.00	11.92	1977.83
	2877.68	0.00	12.04	1941.74
	2877.69	0.00	12.19	1909.58
	2877.70	0.00	12.27	1861.58
	2877.71	0.00	12.51	1827.45
	2877.73	0.00	12.66	1802.32
	2877.74	0.00	12.77	1776.19
	2877.75	0.00	12.84	1756.10
	2877.76	0.00	12.93	1741.97
	2877.77	0.00	12.95	1734.93
	2877.78	0.00	12.97	1726.90
	2877.80	0.00	12.98	1720.89
	2877.81	0.00	13.02	1714.86
	2877.82	0.00	13.02	1708.87
	2877.83	0.00	13.05	1705.82
	2877.84	0.00	13.23	1731.79
	2877.85	0.00	13.27	1738.76
	2877.87	0.00	13.34	1751.74
	2877.88	0.00	13.40	1765.72
	2877.89	0.00	13.49	1782.68
	2877.90	0.00	13.53	1797.72
	2877.91	0.00	13.59	1809.68
	2877.93	0.00	13.79	1849.67
	2877.94	0.00	13.95	1874.53
	2877.95	0.00	14.03	1890.49
	2877.96	0.00	14.13	1912.46
	2877.97	0.00	14.24	1928.36
	2877.98	0.00	14.31	1936.30
	2878.00	0.00	14.40	1929.15
	2878.01	0.00	14.49	1928.03
	2878.02	0.00	14.49	1907.95
	2878.03	0.00	14.69	1889.49
	2878.04	0.00	14.69	1855.30
	2878.05	0.00	14.68	1819.17
	2878.07	0.00	14.52	1769.22
	2878.08	0.00	14.00	1670.59
	2878.09	0.00	13.45	1601.20
	2878.10	0.00	12.98	1514.39
	2878.11	0.00	12.61	1447.59
	2878.13	0.00	12.44	1416.67
	2878.14	0.00	12.31	1378.64
	2878.15	0.00	12.33	1389.66
	2878.16	0.00	12.34	1396.69
	2878.17	0.00	12.32	1388.67
	2878.18	0.00	12.34	1394.68
	2878.20	0.00	12.36	1402.69
	2878.21	0.00	12.37	1403.69
	2878.22	0.00	12.39	1403.69
	2878.23	0.00	12.38	1407.71
	2878.24	0.00	12.38	1410.70
	2878.25	0.00	12.38	1411.70
	2878.27	0.00	12.41	1417.67
	2878.28	0.00	12.38	1415.71
	2878.29	0.00	12.43	1395.66
	2878.30	0.00	12.46	1408.66
	2878.31	0.00	12.48	1417.67
	2878.32	0.00	12.48	1421.69
	2878.34	0.00	12.50	1426.68
	2878.35	0.00	12.49	1423.68
	2878.36	0.00	12.48	1422.68
	2878.37	0.00	12.48	1421.69
	2878.38	0.00	12.46	1419.68
	2878.39	0.00	12.46	1417.69
	2878.41	0.00	12.47	1418.69
	2878.42	0.00	12.47	1417.69
	2878.43	0.00	12.46	1418.72
	2878.44	0.00	12.48	1419.69
	2878.45	0.00	12.47	1418.69
	2878.47	0.00	12.48	1419.69
	2878.48	0.00	12.48	1415.64
	2878.49	0.00	12.51	1420.61
	2878.50	0.00	12.51	1423.60
	2878.51	0.00	12.51	1422.59
	2878.52	0.00	12.50	1422.59
	2878.53	0.00	12.51	1424.58
	2878.55	0.00	12.52	1427.57
	2878.56	0.00	12.52	1425.56
	2878.57	0.00	12.53	1429.55
	2878.58	0.00	12.51	1448.54
	2878.59	0.00	12.53	1428.53
	2878.61	0.00	12.53	1432.56
	2878.62	0.00	12.04	1495.93
	2878.63	0.00	11.02	1702.52
	2878.64	0.00	10.21	1936.93
	2878.65	0.00	10.02	1995.08
	2878.66	0.00	10.13	1978.08
	2878.68	0.00	10.33	1962.05
	2878.69	0.00	10.54	1937.06
	2878.70	0.00	10.37	1934.13
	2878.71	0.00	9.25	1615.21
	2878.72	0.00	10.82	2077.22
	2878.74	0.00	10.95	2118.22
	2878.75	0.00	11.01	2132.22
	2878.76	0.00	11.08	2134.19
	2878.77	0.00	11.15	2127.17
	2878.78	0.00	11.21	2097.13
	2878.79	0.00	11.35	2085.99
	2878.81	0.00	11.44	2060.95
	2878.82	0.00	11.53	2036.91
	2878.83	0.00	11.64	2009.85
	2878.84	0.00	11.71	1968.89
	2878.85	0.00	11.82	1940.84
	2878.87	0.00	11.94	1916.77
	2878.88	0.00	12.03	1896.68
	2878.89	0.00	12.12	1874.64
	2878.90	0.00	12.20	1859.59
	2878.91	0.00	12.28	1846.54
	2878.92	0.00	12.36	1830.48
	2878.94	0.00	12.42	1804.43
	2878.95	0.00	12.50	1810.41
	2878.96	0.00	12.57	1810.39
	2878.97	0.00	12.60	1806.41
	2878.98	0.00	12.64	1811.39
	2879.00	0.00	12.66	1810.37
	2879.01	0.00	12.71	1801.36
	2879.02	0.00	12.77	1801.33
	2879.03	0.00	12.83	1806.33
	2879.04	0.00	12.89	1800.26
	2879.05	0.00	12.96	1807.24
	2879.07	0.00	13.03	1822.20
	2879.08	0.00	13.13	1831.09
	2879.09	0.00	13.23	1828.99
	2879.10	0.00	13.49	1874.90
	2879.11	0.00	13.59	1888.84
	2879.13	0.00	13.83	1935.79
	2879.14	0.00	13.95	1957.71
	2879.15	0.00	14.05	1966.67
	2879.16	0.00	14.15	1982.61
	2879.17	0.00	14.29	1994.48
	2879.18	0.00	14.42	2003.37
	2879.20	0.00	14.50	2005.29
	2879.21	0.00	14.59	2014.22
	2879.22	0.00	14.65	2007.10
	2879.23	0.00	14.85	1991.66
	2879.24	0.00	14.86	1955.51
	2879.25	0.00	14.83	1900.33
	2879.27	0.00	14.77	1838.12
	2879.28	0.00	14.56	1770.18
	2879.29	0.00	14.01	1669.53
	2879.30	0.00	13.34	1576.21
	2879.31	0.00	12.80	1461.39
	2879.33	0.00	12.50	1417.63
	2879.34	0.00	12.37	1397.68
	2879.35	0.00	12.35	1398.72
	2879.36	0.00	12.36	1403.72
	2879.37	0.00	12.34	1398.72
	2879.38	0.00	12.34	1402.72
	2879.40	0.00	12.34	1403.73
	2879.41	0.00	12.32	1399.74
	2879.42	0.00	12.32	1397.75
	2879.43	0.00	12.31	1393.75
	2879.44	0.00	12.32	1370.75
	2879.45	0.00	12.32	1369.76
	2879.47	0.00	12.46	1367.47
	2879.48	0.00	12.48	1368.45
	2879.49	0.00	12.47	1371.46
	2879.50	0.00	12.47	1370.48
	2879.51	0.00	12.49	1372.47
	2879.52	0.00	12.49	1364.39
	2879.54	0.00	12.40	1364.53
	2879.55	0.00	12.40	1369.56
	2879.56	0.00	12.39	1374.59
	2879.57	0.00	12.41	1375.63
	2879.58	0.00	12.42	1382.65
	2879.59	0.00	12.41	1384.67
	2879.61	0.00	12.41	1382.66
	2879.62	0.00	12.36	1363.63
	2879.63	0.00	12.37	1368.65
	2879.64	0.00	12.40	1375.63
	2879.65	0.00	12.38	1375.66
	2879.67	0.00	12.42	1379.67
	2879.68	0.00	12.41	1383.67
	2879.69	0.00	12.40	1383.69
	2879.70	0.00	12.39	1375.65
	2879.71	0.00	12.45	1393.65
	2879.72	0.00	12.44	1401.66
	2879.74	0.00	12.50	1399.59
	2879.75	0.00	12.48	1404.63
	2879.76	0.00	12.50	1408.62
	2879.77	0.00	12.50	1416.60
	2879.78	0.00	12.51	1417.59
	2879.79	0.00	12.51	1419.59
	2879.81	0.00	12.52	1420.57
	2879.82	0.00	12.52	1415.54
	2879.83	0.00	12.38	1425.73
	2879.84	0.00	11.75	1524.19
	2879.85	0.00	10.67	1775.74
	2879.86	0.00	9.99	1981.09
	2879.88	0.00	9.94	2010.19
	2879.89	0.00	10.04	2001.17
	2879.90	0.00	10.27	1962.12
	2879.91	0.00	10.43	1934.03
	2879.92	0.00	10.48	1951.01
	2879.93	0.00	10.57	2024.12
	2879.95	0.00	10.68	2050.13
	2879.96	0.00	10.80	2077.14
	2879.97	0.00	10.90	2096.14
	2879.98	0.00	11.02	2095.11
	2879.99	0.00	11.13	2083.07
	2880.01	0.00	11.24	2070.03
	2880.02	0.00	11.37	2052.98
	2880.03	0.00	11.49	2033.94
	2880.04	0.00	11.73	2033.89
	2880.05	0.00	11.90	2016.81
	2880.07	0.00	12.01	1980.78
	2880.08	0.00	12.12	1958.73
	2880.09	0.00	12.23	1934.65
	2880.10	0.00	12.31	1905.57
	2880.11	0.00	12.43	1890.48
	2880.12	0.00	12.55	1870.36
	2880.14	0.00	12.70	1841.28
	2880.15	0.00	12.83	1815.16
	2880.16	0.00	12.94	1811.96
	2880.17	0.00	13.07	1795.79
	2880.18	0.00	13.03	1771.69
	2880.19	0.00	13.18	1782.65
	2880.21	0.00	13.23	1783.59
	2880.22	0.00	13.25	1775.57
	2880.23	0.00	13.27	1764.61
	2880.24	0.00	13.31	1768.59
	2880.25	0.00	13.35	1775.59
	2880.27	0.00	13.38	1779.58
	2880.28	0.00	13.43	1786.56
	2880.29	0.00	13.48	1795.52
	2880.30	0.00	13.52	1807.51
	2880.31	0.00	13.59	1818.50
	2880.32	0.00	13.65	1831.48
	2880.34	0.00	13.71	1843.47
	2880.35	0.00	13.81	1857.41
	2880.36	0.00	14.01	1895.41
	2880.37	0.00	14.14	1923.38
	2880.38	0.00	14.19	1924.37
	2880.40	0.00	14.28	1940.35
	2880.41	0.00	14.37	1954.31
	2880.42	0.00	14.49	1959.14
	2880.43	0.00	14.58	1962.04
	2880.44	0.00	14.75	1969.77
	2880.45	0.00	14.87	1964.54
	2880.46	0.00	14.97	1948.29
	2880.48	0.00	14.95	1926.21
	2880.49	0.00	14.83	1883.21
	2880.50	0.00	14.63	1830.33
	2880.51	0.00	14.19	1770.84
	2880.52	0.00	13.72	1689.24
	2880.54	0.00	13.17	1592.60
	2880.55	0.00	12.77	1500.64
	2880.56	0.00	12.57	1462.69
	2880.57	0.00	12.50	1449.73
	2880.58	0.00	12.46	1450.74
	2880.59	0.00	12.42	1438.74
	2880.61	0.00	12.43	1438.73
	2880.62	0.00	12.45	1443.72
	2880.63	0.00	12.47	1421.72
	2880.64	0.00	12.46	1415.70
	2880.65	0.00	12.47	1417.70
	2880.66	0.00	12.47	1415.70
	2880.68	0.00	12.43	1405.72
	2880.69	0.00	12.45	1406.69
	2880.70	0.00	12.43	1401.69
	2880.71	0.00	12.42	1396.70
	2880.72	0.00	12.41	1394.70
	2880.74	0.00	12.42	1393.70
	2880.75	0.00	12.42	1391.69
	2880.76	0.00	12.42	1392.69
	2880.77	0.00	12.41	1388.70
	2880.78	0.00	12.44	1394.68
	2880.79	0.00	12.46	1399.68
	2880.81	0.00	12.47	1407.69
	2880.82	0.00	12.50	1406.65
	2880.83	0.00	12.49	1407.68
	2880.84	0.00	12.49	1407.66
	2880.85	0.00	12.46	1407.72
	2880.86	0.00	12.46	1410.74
	2880.88	0.00	12.46	1412.74
	2880.89	0.00	12.48	1417.73
	2880.90	0.00	12.50	1422.73
	2880.91	0.00	12.49	1427.73
	2880.92	0.00	12.54	1430.66
	2880.93	0.00	12.53	1434.67
	2880.95	0.00	12.53	1432.67
	2880.96	0.00	12.53	1430.67
	2880.97	0.00	12.52	1431.68
	2880.98	0.00	12.50	1420.67
	2880.99	0.00	12.55	1425.60
	2881.00	0.00	12.57	1428.56
	2881.02	0.00	12.58	1429.57
	2881.03	0.00	12.56	1430.60
	2881.04	0.00	12.58	1437.60
	2881.05	0.00	12.58	1439.60
	2881.06	0.00	12.57	1437.61
	2881.08	0.00	12.41	1449.82
	2881.09	0.00	11.71	1557.29
	2881.10	0.00	10.96	1735.76
	2881.11	0.00	10.54	1868.03
	2881.12	0.00	10.47	1895.11
	2881.13	0.00	10.56	1879.09
	2881.15	0.00	10.74	1847.00
	2881.16	0.00	10.78	1882.05
	2881.17	0.00	10.85	1933.06
	2881.18	0.00	10.96	1962.08
	2881.19	0.00	11.16	2007.05
	2881.21	0.00	11.29	2031.05
	2881.22	0.00	11.47	2057.00
	2881.23	0.00	11.59	2050.98
	2881.24	0.00	11.76	2047.96
	2881.25	0.00	11.91	2029.93
	2881.26	0.00	12.15	2026.87
	2881.28	0.00	12.27	2004.79
	2881.29	0.00	12.38	1974.69
	2881.30	0.00	12.56	1939.59
	2881.31	0.00	12.76	1895.47
	2881.32	0.00	12.91	1863.34
	2881.34	0.00	13.12	1823.08
	2881.35	0.00	13.24	1796.84
	2881.36	0.00	13.27	1783.79
	2881.37	0.00	13.14	1745.78
	2881.38	0.00	13.15	1733.77
	2881.39	0.00	13.17	1729.75
	2881.41	0.00	13.21	1729.72
	2881.42	0.00	13.21	1725.73
	2881.43	0.00	13.22	1	1789.79
	2881.54	0.00	13.67	1802.71
	2881.55	0.00	13.72	1817.77
	2881.56	0.00	13.79	1826.76
	2881.57	0.00	13.91	1850.75
	2881.58	0.00	13.97	1861.74
	2881.59	0.00	14.04	1863.69
	2881.61	0.00	14.14	1883.64
	2881.62	0.00	14.19	1892.62
	2881.63	0.00	14.20	1887.61
	2881.64	0.00	14.22	1890.61
	2881.65	0.00	14.21	1887.61
	2881.66	0.00	14.21	1882.57
	2881.68	0.00	14.19	1866.53
	2881.69	0.00	14.10	1843.54
	2881.70	0.00	14.02	1817.52
	2881.71	0.00	13.91	1773.46
	2881.72	0.00	13.69	1718.55
	2881.73	0.00	13.42	1660.65
	2881.75	0.00	13.07	1581.72
	2881.76	0.00	12.86	1528.76
	2881.77	0.00	12.46	1451.80
	2881.78	0.00	12.36	1432.85
	2881.79	0.00	12.26	1414.90
	2881.81	0.00	12.27	1421.91
	2881.82	0.00	12.24	1397.83
	2881.83	0.00	12.25	1399.82
	2881.84	0.00	12.27	1402.81
	2881.85	0.00	12.29	1406.80
	2881.86	0.00	12.30	1407.79
	2881.88	0.00	12.31	1408.78
	2881.89	0.00	12.33	1388.78
	2881.90	0.00	12.34	1386.76
	2881.91	0.00	12.36	1392.75
	2881.92	0.00	12.35	1392.75
	2881.93	0.00	12.42	1406.71
	2881.95	0.00	12.40	1407.74
	2881.96	0.00	12.41	1404.74
	2881.97	0.00	12.41	1405.73
	2881.98	0.00	12.41	1407.73
	2881.99	0.00	12.40	1406.73
	2882.01	0.00	12.39	1402.73
	2882.02	0.00	12.40	1406.73
	2882.03	0.00	12.41	1407.73
	2882.04	0.00	12.42	1407.73
	2882.05	0.00	12.42	1408.74
	2882.06	0.00	12.38	1396.73
	2882.08	0.00	12.42	1406.73
	2882.09	0.00	12.43	1402.67
	2882.10	0.00	12.44	1404.68
	2882.11	0.00	12.45	1411.67
	2882.12	0.00	12.45	1407.67
	2882.13	0.00	12.46	1405.66
	2882.15	0.00	12.44	1406.68
	2882.16	0.00	12.43	1400.66
	2882.17	0.00	12.44	1401.66
	2882.18	0.00	12.44	1401.66
	2882.19	0.00	12.43	1401.66
	2882.20	0.00	12.46	1403.62
	2882.22	0.00	12.44	1401.66
	2882.23	0.00	12.45	1405.66
	2882.24	0.00	12.46	1406.66
	2882.25	0.00	12.45	1406.66
	2882.26	0.00	12.47	1435.73
	2882.27	0.00	12.45	1446.79
	2882.29	0.00	12.24	1494.00
	2882.30	0.00	12.03	1562.24
	2882.31	0.00	11.83	1630.37
	2882.32	0.00	11.71	1666.54
	2882.33	0.00	11.66	1684.61
	2882.35	0.00	11.65	1696.64
	2882.36	0.00	11.69	1701.61
	2882.37	0.00	11.70	1706.61
	2882.38	0.00	11.72	1707.61
	2882.39	0.00	11.73	1705.61
	2882.40	0.00	11.80	1707.48
	2882.42	0.00	11.88	1713.32
	2882.43	0.00	11.86	1712.35
	2882.44	0.00	11.84	1716.38
	2882.45	0.00	11.73	1707.53
	2882.46	0.00	11.66	1713.66
	2882.48	0.00	11.65	1719.68
	2882.49	0.00	11.66	1722.69
	2882.50	0.00	11.65	1731.69
	2882.51	0.00	11.64	1722.67
	2882.52	0.00	11.66	1734.66
	2882.53	0.00	11.67	1735.66
	2882.55	0.00	11.69	1737.63
	2882.56	0.00	11.72	1748.63
	2882.57	0.00	11.72	1748.64
	2882.58	0.00	11.71	1748.64
	2882.59	0.00	11.69	1747.64
	2882.61	0.00	11.67	1744.68
	2882.62	0.00	11.68	1750.67
	2882.63	0.00	11.68	1745.67
	2882.64	0.00	11.67	1746.67
	2882.65	0.00	11.67	1742.64
	2882.67	0.00	11.67	1743.63
	2882.68	0.00	11.68	1747.62
	2882.69	0.00	11.68	1749.62
	2882.70	0.00	11.70	1746.53
	2882.71	0.00	11.66	1745.62
	2882.72	0.00	11.66	1744.62
	2882.74	0.00	11.67	1744.62
	2882.75	0.00	11.67	1744.62
	2882.76	0.00	11.69	1743.61
	2882.77	0.00	11.68	1739.61
	2882.78	0.00	11.69	1740.60
	2882.80	0.00	11.66	1739.66
	2882.81	0.00	11.66	1737.66
	2882.82	0.00	11.67	1737.67
	2882.83	0.00	11.69	6.31	0.00	13.68	1852.15
	2886.32	0.00	13.71	1847.10
	2886.33	0.00	13.75	1848.06
	2886.34	0.00	13.74	1848.11
	2886.35	0.00	13.64	1837.28
	2886.37	0.00	13.65	1837.31
	2886.38	0.00	13.60	1839.42
	2886.39	0.00	13.59	1825.46
	2886.40	0.00	13.57	1821.50
	2886.41	0.00	13.53	1824.59
	2886.42	0.00	13.52	1830.64
	2886.44	0.00	13.57	1826.52
	2886.45	0.00	13.56	1833.56
	2886.46	0.00	13.56	1830.57
	2886.47	0.00	13.55	1827.57
	2886.48	0.00	13.50	1826.67
	2886.50	0.00	13.45	1831.79
	2886.51	0.00	13.36	1813.77
	2886.52	0.00	13.36	1812.78
	2886.53	0.00	13.37	1811.77
	2886.54	0.00	13.37	1807.76
	2886.55	0.00	13.42	1821.71
	2886.57	0.00	13.40	1820.76
	2886.58	0.00	13.43	1826.73
	2886.59	0.00	13.42	1831.75
	2886.60	0.00	13.42	1825.74
	2886.61	0.00	13.43	1829.73
	2886.62	0.00	13.50	1831.75
	2886.64	0.00	13.41	1815.72
	2886.65	0.00	13.37	1801.75
	2886.66	0.00	13.34	1787.78
	2886.67	0.00	13.28	1759.77
	2886.68	0.00	13.24	1737.77
	2886.69	0.00	13.16	1697.77
	2886.71	0.00	13.13	1678.76
	2886.72	0.00	13.05	1641.74
	2886.73	0.00	13.04	1631.72
	2886.74	0.00	13.00	1610.72
	2886.75	0.00	12.91	1582.74
	2886.77	0.00	12.88	1553.63
	2886.78	0.00	12.78	1527.69
	2886.79	0.00	12.73	1509.69
	2886.80	0.00	12.68	1492.69
	2886.81	0.00	12.65	1481.68
	2886.82	0.00	12.60	1470.69
	2886.84	0.00	12.59	1461.67
	2886.85	0.00	12.55	1449.67
	2886.86	0.00	12.53	1446.67
	2886.87	0.00	12.53	1440.64
	2886.88	0.00	12.50	1437.68
	2886.89	0.00	12.49	1435.68
	2886.91	0.00	12.49	1435.68
	2886.92	0.00	12.48	1430.68
	2886.93	0.00	12.48	1429.67
	2886.94	0.00	12.47	1425.67
	2886.95	0.00	12.49	1430.66
	2886.97	0.00	12.46	1420.67
	2886.98	0.00	12.47	1425.66
	2886.99	0.00	12.47	1425.66
	2887.00	0.00	12.47	1422.66
	2887.01	0.00	12.47	1420.66
	2887.02	0.00	12.51	1428.61
	2887.04	0.00	12.48	1428.68
	2887.05	0.00	12.48	1428.70
	2887.06	0.00	12.48	1431.71
	2887.07	0.00	12.48	1430.71
	2887.08	0.00	12.48	1431.72
	2887.09	0.00	12.48	1434.73
	2887.11	0.00	12.48	1433.71
	2887.12	0.00	12.50	1432.67
	2887.13	0.00	12.49	1429.67
	2887.14	0.00	12.49	1432.70
	2887.15	0.00	12.48	1427.69
	2887.16	0.00	12.50	1431.69
	2887.18	0.00	12.49	1432.69
	2887.19	0.00	12.48	1433.70
	2887.20	0.00	12.61	1432.46
	2887.21	0.00	12.65	1436.40
	2887.22	0.00	12.66	1437.41
	2887.24	0.00	12.64	1428.41
	2887.25	0.00	12.64	1431.43
	2887.26	0.00	12.61	1415.38
	2887.27	0.00	12.51	1413.56
	2887.28	0.00	12.47	1414.65
	2887.29	0.00	12.49	1410.66
	2887.31	0.00	12.49	1411.66
	2887.32	0.00	12.49	1414.67
	2887.33	0.00	12.43	1389.63
	2887.34	0.00	12.46	1403.66
	2887.35	0.00	12.47	1409.67
	2887.36	0.00	12.49	1412.65
	2887.38	0.00	12.48	1419.68
	2887.39	0.00	12.47	1415.68
	2887.40	0.00	12.47	1417.68
	2887.41	0.00	12.50	1419.64
	2887.42	0.00	12.50	1436.70
	2887.44	0.00	12.47	1453.78
	2887.45	0.00	12.37	1469.92
	2887.46	0.00	12.29	1488.05
	2887.47	0.00	12.21	1505.15
	2887.48	0.00	12.15	1509.20
	2887.49	0.00	12.11	1518.28
	2887.51	0.00	12.08	1530.34
	2887.52	0.00	12.06	1536.37
	2887.53	0.00	12.05	1540.40
	2887.54	0.00	12.04	1529.44
	2887.55	0.00	12.02	1536.44
	2887.56	0.00	12.01	1553.46
	2887.58	0.00	11.97	1565.50
	2887.59	0.00	11.93	1590.53
	2887.60	0.00	11.85	1610.60
	2887.61	0.00	11.72	1654.65
	2887.62	0.00	11.62	1696.69
	2887.63	0.00	11.55	1728.73
	2887.65	0.00	11.51	1758.76
	2887.66	0.00	11.47	1772.80
	2887.67	0.00	11.47	1792.80
	2887.68	0.00	11.44	1811.82
	2887.69	0.00	11.43	1830.87
	2887.71	0.00	11.41	1860.90
	2887.72	0.00	11.42	1881.90
	2887.73	0.00	11.43	1895.88
	2887.74	0.00	11.45	1903.89
	2887.75	0.00	11.46	1909.90
	2887.77	0.00	11.42	1894.90
	2887.78	0.00	11.54	1911.78
	2887.79	0.00	11.57	1914.78
	2887.80	0.00	11.58	1910.79
	2887.81	0.00	11.57	1901.83
	2887.83	0.00	11.58	1895.88
	2887.84	0.00	11.62	1894.87
	2887.85	0.00	11.64	1890.87
	2887.86	0.00	11.68	1879.82
	2887.87	0.00	11.72	1878.82
	2887.88	0.00	11.75	1871.82
	2887.90	0.00	11.76	1868.83
	2887.91	0.00	11.78	1864.81
	2887.92	0.00	11.83	1867.78
	2887.93	0.00	11.83	1864.79
	2887.94	0.00	11.83	1865.80
	2887.96	0.00	11.86	1859.81
	2887.97	0.00	11.89	1856.82
	2887.98	0.00	11.94	1849.82
	2887.99	0.00	11.99	1839.83
	2888.00	0.00	12.10	1822.81
	2888.01	0.00	12.14	1814.77
	2888.03	0.00	12.18	1812.76
	2888.04	0.00	12.20	1811.76
	2888.05	0.00	12.22	1807.73
	2888.06	0.00	12.24	1803.73
	2888.07	0.00	12.27	1804.71
	2888.09	0.00	12.28	1801.71
	2888.10	0.00	12.33	1798.68
	2888.11	0.00	12.34	1794.68
	2888.12	0.00	12.38	1795.67
	2888.13	0.00	12.42	1791.64
	2888.14	0.00	12.43	1794.63
	2888.16	0.00	12.44	1789.63
	2888.17	0.00	12.45	1789.64
	2888.18	0.00	12.45	1786.63
	2888.19	0.00	12.47	1789.64
	2888.20	0.00	12.47	1789.66
	2888.21	0.00	12.50	1787.62
	2888.23	0.00	12.50	1789.62
	2888.24	0.00	12.51	1788.61
	2888.25	0.00	12.51	1786.59
	2888.26	0.00	12.55	1777.51
	2888.27	0.00	12.64	1771.36
	2888.29	0.00	12.66	1759.32
	2888.30	0.00	12.68	1743.28
	2888.31	0.00	12.68	1728.26
	2888.32	0.00	12.58	1703.41
	2888.33	0.00	12.59	1689.37
	2888.34	0.00	12.59	1675.34
	2888.36	0.00	12.59	1651.25
	2888.37	0.00	12.55	1627.27
	2888.38	0.00	12.57	1613.22
	2888.39	0.00	12.56	1592.17
	2888.40	0.00	12.56	1582.13
	2888.42	0.00	12.53	1545.06
	2888.43	0.00	12.55	1538.01
	2888.44	0.00	12.54	1522.00
	2888.45	0.00	12.53	1510.98
	2888.46	0.00	12.50	1500.99
	2888.47	0.00	12.46	1476.94
	2888.49	0.00	12.47	1479.94
	2888.50	0.00	12.46	1471.92
	2888.51	0.00	12.45	1466.92
	2888.52	0.00	12.45	1463.92
	2888.53	0.00	12.44	1459.92
	2888.55	0.00	12.43	1463.92
	2888.56	0.00	12.45	1462.92
	2888.57	0.00	12.44	1460.91
	2888.58	0.00	12.44	1461.91
	2888.59	0.00	12.45	1461.90
	2888.60	0.00	12.44	1457.88
	2888.62	0.00	12.42	1453.90
	2888.63	0.00	12.44	1460.91
	2888.64	0.00	12.44	1460.91
	2888.65	0.00	12.44	1459.91
	2888.66	0.00	12.44	1458.91
	2888.67	0.00	12.45	1455.90
	2888.69	0.00	12.45	1452.90
	2888.70	0.00	12.45	1452.91
	2888.71	0.00	12.45	1454.90
	2888.72	0.00	12.45	1454.90
	2888.73	0.00	12.46	1458.90
	2888.75	0.00	12.47	1463.91
	2888.76	0.00	12.47	1467.93
	2888.77	0.00	12.47	1472.91
	2888.78	0.00	12.49	1477.92
	2888.79	0.00	12.49	1487.93
	2888.80	0.00	12.50	1498.96
	2888.82	0.00	12.51	1504.96
	2888.83	0.00	12.49	1500.97
	2888.84	0.00	12.48	1504.98
	2888.85	0.00	12.48	1504.99
	2888.86	0.00	12.47	1508.00
	2888.87	0.00	12.45	1502.00
	2888.89	0.00	12.45	1507.01
	2888.90	0.00	12.44	1509.03
	2888.91	0.00	12.47	1514.02
	2888.92	0.00	12.46	1514.02
	2888.93	0.00	12.47	1515.02
	2888.94	0.00	12.46	1516.04
	2888.96	0.00	12.48	1522.03
	2888.97	0.00	12.49	1529.03
	2888.98	0.00	12.49	1528.03
	2888.99	0.00	12.53	1540.02
	2889.00	0.00	12.55	1547.03
	2889.02	0.00	12.55	1549.03
	2889.03	0.00	12.59	1560.03
	2889.04	0.00	12.62	1566.00
	2889.05	0.00	12.64	1568.99
	2889.06	0.00	12.66	1569.97
	2889.07	0.00	12.68	1579.98
	2889.09	0.00	12.72	1586.95
	2889.10	0.00	12.74	1589.93
	2889.11	0.00	12.75	1592.92
	2889.12	0.00	12.76	1595.91
	2889.13	0.00	12.79	1594.86
	2889.15	0.00	12.80	1597.84
	2889.16	0.00	12.80	1600.85
	2889.17	0.00	12.83	1609.85
	2889.18	0.00	12.83	1609.85
	2889.19	0.00	12.83	1610.85
	2889.20	0.00	12.83	1610.85
	2889.22	0.00	12.99	1612.55
	2889.23	0.00	13.02	1623.55
	2889.24	0.00	13.01	1621.56
	2889.25	0.00	13.00	1616.57
	2889.26	0.00	13.00	1615.57
	2889.28	0.00	12.93	1603.65
	2889.29	0.00	12.85	1598.76
	2889.30	0.00	12.82	1594.80
	2889.31	0.00	12.78	1593.87
	2889.32	0.00	12.80	1594.85
	2889.33	0.00	12.79	1589.85
	2889.35	0.00	12.80	1585.85
	2889.36	0.00	12.80	1590.88
	2889.37	0.00	12.81	1593.86
	2889.38	0.00	12.77	1570.80
	2889.39	0.00	12.80	1580.80
	2889.40	0.00	12.85	1587.76
	2889.42	0.00	12.82	1587.80
	2889.43	0.00	12.83	1586.80
	2889.44	0.00	12.81	1592.81
	2889.45	0.00	12.79	1590.84
	2889.46	0.00	12.78	1590.83
	2889.48	0.00	12.79	1590.80
	2889.49	0.00	12.74	1593.87
	2889.50	0.00	12.68	1589.89
	2889.51	0.00	12.54	1586.09
	2889.52	0.00	12.42	1604.20
	2889.53	0.00	12.26	1631.28
	2889.55	0.00	12.17	1640.35
	2889.56	0.00	12.12	1651.39
	2889.57	0.00	12.02	1660.43
	2889.58	0.00	11.97	1661.44
	2889.59	0.00	11.93	1662.47
	2889.61	0.00	11.88	1668.49
	2889.62	0.00	11.86	1671.51
	2889.63	0.00	11.84	1674.52
	2889.64	0.00	11.84	1679.49
	2889.65	0.00	11.82	1678.54
	2889.66	0.00	11.81	1681.50
	2889.68	0.00	11.80	1686.51
	2889.69	0.00	11.79	1688.53
	2889.70	0.00	11.78	1692.53
	2889.71	0.00	11.76	1693.54
	2889.72	0.00	11.73	1688.54
	2889.74	0.00	11.74	1693.53
	2889.75	0.00	11.73	1696.56
	2889.76	0.00	11.73	1692.56
	2889.77	0.00	11.73	1690.55
	2889.78	0.00	11.74	1689.56
	2889.79	0.00	11.75	1692.56
	2889.81	0.00	11.75	1690.57
	2889.82	0.00	11.76	1692.55
	2889.83	0.00	11.75	1693.59
	2889.84	0.00	11.74	1690.61
	2889.85	0.00	11.73	1690.62
	2889.87	0.00	11.73	1689.64
	2889.88	0.00	11.75	1694.60
	2889.89	0.00	11.74	1694.63
	2889.90	0.00	11.73	1695.64
	2889.91	0.00	11.72	1695.66
	2889.92	0.00	11.72	1694.66
	2889.94	0.00	11.85	1691.34
	2889.95	0.00	11.85	1693.36
	2889.96	0.00	11.83	1688.38
	2889.97	0.00	11.81	1685.39
	2889.98	0.00	11.69	1674.62
	2890.00	0.00	11.69	1677.62
	2890.01	0.00	11.68	1676.69
	2890.02	0.00	11.69	1677.68
	2890.03	0.00	11.66	1661.63
	2890.04	0.00	11.67	1673.66
	2890.05	0.00	11.68	1674.66
	2890.07	0.00	11.69	1674.66
	2890.08	0.00	11.68	1676.66
	2890.09	0.00	11.67	1676.69
	2890.10	0.00	11.73	1688.63
	2890.11	0.00	11.71	1689.65
	2890.13	0.00	11.71	1687.65
	2890.14	0.00	11.69	1686.66
	2890.15	0.00	11.69	1685.66
	2890.16	0.00	11.67	1685.66
	2890.17	0.00	11.65	1681.67
	2890.18	0.00	11.65	1685.68
	2890.20	0.00	11.64	1682.69
	2890.21	0.00	11.63	1682.69
	2890.22	0.00	11.61	1685.71
	2890.23	0.00	11.60	1681.66
	2890.25	0.00	11.59	1684.66
	2890.26	0.00	11.58	1684.66
	2890.27	0.00	11.58	1684.66
	2890.28	0.00	11.56	1685.67
	2890.29	0.00	11.54	1684.67
	2890.30	0.00	11.52	1684.67
	2890.31	0.00	11.50	1683.68
	2890.33	0.00	11.50	1682.68
	2890.34	0.00	11.48	1680.68
	2890.35	0.00	11.48	1678.67
	2890.36	0.00	11.45	1676.68
	2890.37	0.00	11.46	1679.68
	2890.39	0.00	11.46	1679.68
	2890.40	0.00	11.47	1685.68
	2890.41	0.00	11.46	1681.67
	2890.42	0.00	11.45	1680.68
	2890.43	0.00	11.45	1680.68
	2890.44	0.00	11.47	1681.61
	2890.46	0.00	11.46	1682.62
	2890.47	0.00	11.45	1681.66
	2890.48	0.00	11.44	1678.67
	2890.49	0.00	11.43	1678.68
	2890.50	0.00	11.43	1679.69
	2890.52	0.00	11.43	1675.66
	2890.53	0.00	11.42	1678.71
	2890.54	0.00	11.41	1675.73
	2890.55	0.00	11.41	1676.73
	2890.56	0.00	11.48	1667.47
	2890.57	0.00	11.53	1674.42
	2890.59	0.00	11.53	1673.42
	2890.60	0.00	11.53	1674.43
	2890.61	0.00	11.52	1663.44
	2890.62	0.00	11.51	1664.45
	2890.63	0.00	11.43	1651.58
	2890.65	0.00	11.41	1652.67
	2890.66	0.00	11.41	1648.69
	2890.67	0.00	11.41	1649.70
	2890.68	0.00	11.35	1628.69
	2890.69	0.00	11.37	1631.67
	2890.70	0.00	11.38	1633.68
	2890.72	0.00	11.40	1639.69
	2890.73	0.00	11.44	1636.66
	2890.74	0.00	11.42	1640.70
	2890.75	0.00	11.42	1641.70
	2890.76	0.00	11.41	1636.70
	2890.78	0.00	11.46	1648.67
	2890.79	0.00	11.48	1653.68
	2890.80	0.00	11.47	1649.69
	2890.81	0.00	11.46	1650.69
	2890.82	0.00	11.45	1648.71
	2890.83	0.00	11.45	1648.70
	2890.85	0.00	11.46	1652.71
	2890.86	0.00	11.46	1649.72
	2890.87	0.00	11.47	1650.70
	2890.88	0.00	11.46	1652.72
	2890.89	0.00	11.46	1650.72
	2890.90	0.00	11.47	1647.67
	2890.92	0.00	11.48	1651.67
	2890.93	0.00	11.49	1650.67
	2890.94	0.00	11.48	1651.67
	2890.95	0.00	11.48	1651.66
	2890.96	0.00	11.46	1643.66
	2890.98	0.00	11.46	1645.66
	2890.99	0.00	11.48	1650.66
	2891.00	0.00	11.47	1650.67
	2891.01	0.00	11.48	1650.66
	2891.02	0.00	11.48	1651.67
	2891.03	0.00	11.47	1649.66
	2891.05	0.00	11.48	1654.68
	2891.06	0.00	11.50	1657.67
	2891.07	0.00	11.49	1658.67
	2891.08	0.00	11.52	1658.61
	2891.09	0.00	11.52	1659.60
	2891.11	0.00	11.51	1657.60
	2891.12	0.00	11.52	1662.63
	2891.13	0.00	11.51	1661.65
	2891.14	0.00	11.50	1663.67
	2891.15	0.00	11.51	1660.65
	2891.16	0.00	11.48	1661.70
	2891.18	0.00	11.48	1661.71
	2891.19	0.00	11.48	1662.73
	2891.20	0.00	11.59	1657.40
	2891.21	0.00	11.62	1658.39
	2891.22	0.00	11.62	1660.42
	2891.24	0.00	11.60	1649.43
	2891.25	0.00	11.62	1651.44
	2891.26	0.00	11.57	1638.49
	2891.27	0.00	11.54	1636.60
	2891.28	0.00	11.56	1627.64
	2891.29	0.00	11.58	1620.64
	2891.31	0.00	11.59	1619.64
	2891.32	0.00	11.55	1595.63
	2891.33	0.00	11.59	1603.64
	2891.34	0.00	11.61	1595.64
	2891.35	0.00	11.63	1595.64
	2891.37	0.00	11.65	1591.63
	2891.38	0.00	11.67	1591.63
	2891.39	0.00	11.66	1579.60
	2891.40	0.00	11.73	1592.59
	2891.41	0.00	11.78	1588.58
	2891.42	0.00	11.82	1572.59
	2891.44	0.00	11.84	1567.59
	2891.45	0.00	11.84	1560.58
	2891.46	0.00	11.88	1553.57
	2891.47	0.00	11.91	1543.55
	2891.48	0.00	11.94	1527.50
	2891.50	0.00	11.98	1521.50
	2891.51	0.00	12.00	1513.48
	2891.52	0.00	12.05	1503.44
	2891.53	0.00	12.08	1498.39
	2891.54