.85
	2108.79	0.00	11.26	1063.89
	2108.80	0.00	11.31	1083.92
	2108.81	0.00	11.33	1084.90
	2108.82	0.00	11.32	1084.90
	2108.83	0.00	11.26	1063.90
	2108.84	0.00	11.31	1084.92
	2108.86	0.00	11.35	1086.88
	2108.87	0.00	11.34	1080.86
	2108.88	0.00	11.37	1085.85
	2108.89	0.00	11.44	1081.73
	2108.90	0.00	11.39	1086.84
	2108.91	0.00	11.37	1081.83
	2108.93	0.00	11.39	1085.83
	2108.94	0.00	11.38	1084.85
	2108.95	0.00	11.37	1080.82
	2108.96	0.00	11.37	1080.82
	2108.97	0.00	11.38	1081.82
	2108.98	0.00	11.36	1078.84
	2109.00	0.00	11.31	1058.81
	2109.01	0.00	11.39	1078.81
	2109.02	0.00	11.29	1051.81
	2109.03	0.00	11.29	1054.84
	2109.04	0.00	11.37	1075.82
	2109.06	0.00	11.31	1055.82
	2109.07	0.00	11.37	1075.82
	2109.08	0.00	11.39	1075.78
	2109.09	0.00	11.43	1078.74
	2109.10	0.00	11.29	1054.84
	2109.11	0.00	11.35	1079.86
	2109.12	0.00	11.27	1057.88
	2109.14	0.00	11.23	1046.87
	2109.15	0.00	11.28	1057.88
	2109.16	0.00	11.28	1057.88
	2109.17	0.00	11.34	1057.77
	2109.18	0.00	11.34	1070.83
	2109.20	0.00	11.37	1079.84
	2109.21	0.00	11.30	1054.84
	2109.22	0.00	11.36	1076.85
	2109.23	0.00	11.37	1077.84
	2109.24	0.00	11.39	1081.84
	2109.25	0.00	11.44	1073.69
	2109.26	0.00	11.51	1079.60
	2109.28	0.00	11.51	1081.61
	2109.29	0.00	11.50	1080.63
	2109.30	0.00	11.48	1081.64
	2109.31	0.00	11.47	1081.66
	2109.32	0.00	11.48	1055.45
	2109.34	0.00	11.47	1070.56
	2109.35	0.00	11.36	1054.65
	2109.36	0.00	11.34	1053.66
	2109.37	0.00	11.40	1073.69
	2109.38	0.00	11.38	1065.72
	2109.39	0.00	11.39	1067.74
	2109.41	0.00	11.38	1067.77
	2109.42	0.00	11.28	1045.76
	2109.43	0.00	11.21	1025.78
	2109.44	0.00	11.28	1045.78
	2109.45	0.00	11.23	1035.83
	2109.46	0.00	11.34	1058.82
	2109.48	0.00	11.27	1040.83
	2109.49	0.00	11.33	1063.84
	2109.50	0.00	11.17	1025.81
	2109.51	0.00	11.30	1059.81
	2109.52	0.00	11.33	1068.82
	2109.54	0.00	11.29	1053.82
	2109.55	0.00	11.34	1075.84
	2109.56	0.00	11.29	1058.84
	2109.57	0.00	11.34	1076.84
	2109.58	0.00	11.30	1056.79
	2109.59	0.00	11.28	1060.85
	2109.60	0.00	11.35	1081.86
	2109.62	0.00	11.29	1064.87
	2109.63	0.00	11.35	1082.87
	2109.64	0.00	11.35	1081.87
	2109.65	0.00	11.35	1084.87
	2109.66	0.00	11.34	1084.88
	2109.68	0.00	11.34	1077.84
	2109.69	0.00	11.31	1063.83
	2109.70	0.00	11.37	1084.83
	2109.71	0.00	11.38	1085.82
	2109.72	0.00	11.38	1084.82
	2109.73	0.00	11.39	1085.81
	2109.75	0.00	11.39	1085.82
	2109.76	0.00	11.37	1086.82
	2109.77	0.00	11.36	1081.82
	2109.78	0.00	11.36	1082.83
	2109.79	0.00	11.36	1082.82
	2109.80	0.00	11.36	1080.82
	2109.82	0.00	11.36	1080.82
	2109.83	0.00	11.34	1073.81
	2109.84	0.00	11.36	1076.81
	2109.85	0.00	11.35	1076.81
	2109.86	0.00	11.36	1078.81
	2109.87	0.00	11.35	1078.83
	2109.89	0.00	11.38	1080.81
	2109.90	0.00	11.31	1058.81
	2109.91	0.00	11.37	1076.81
	2109.92	0.00	11.37	1078.81
	2109.93	0.00	11.29	1057.83
	2109.94	0.00	11.35	1078.85
	2109.96	0.00	11.34	1076.86
	2109.97	0.00	11.35	1077.86
	2109.98	0.00	11.36	1082.87
	2109.99	0.00	11.38	1077.81
	2110.00	0.00	11.38	1078.82
	2110.02	0.00	11.38	1079.84
	2110.03	0.00	11.31	1056.84
	2110.04	0.00	11.37	1076.84
	2110.05	0.00	11.37	1077.84
	2110.06	0.00	11.37	1078.85
	2110.07	0.00	11.49	1077.63
	2110.09	0.00	11.51	1079.61
	2110.10	0.00	11.45	1060.62
	2110.11	0.00	11.48	1075.65
	2110.12	0.00	11.51	1078.63
	2110.13	0.00	11.49	1073.62
	2110.14	0.00	11.51	1059.49
	2110.16	0.00	11.45	1063.63
	2110.17	0.00	11.38	1046.65
	2110.18	0.00	11.44	1063.64
	2110.19	0.00	11.39	1041.65
	2110.20	0.00	11.42	1058.69
	2110.21	0.00	11.39	1042.68
	2110.23	0.00	11.44	1059.69
	2110.24	0.00	11.45	1062.70
	2110.25	0.00	11.31	1035.73
	2110.26	0.00	11.34	1046.76
	2110.27	0.00	11.30	1032.77
	2110.28	0.00	11.38	1050.78
	2110.30	0.00	11.39	1056.78
	2110.31	0.00	11.38	1059.79
	2110.32	0.00	11.36	1055.79
	2110.33	0.00	11.22	1016.75
	2110.34	0.00	11.31	1037.77
	2110.35	0.00	11.42	1067.77
	2110.37	0.00	11.42	1067.78
	2110.38	0.00	11.35	1048.78
	2110.39	0.00	11.41	1072.79
	2110.40	0.00	11.35	1051.79
	2110.41	0.00	11.41	1066.75
	2110.43	0.00	11.41	1072.78
	2110.44	0.00	11.34	1054.81
	2110.45	0.00	11.41	1076.81
	2110.46	0.00	11.41	1075.82
	2110.47	0.00	11.35	1058.82
	2110.48	0.00	11.40	1076.83
	2110.50	0.00	11.40	1072.79
	2110.51	0.00	11.41	1075.80
	2110.52	0.00	11.42	1074.78
	2110.53	0.00	11.42	1078.79
	2110.54	0.00	11.36	1055.79
	2110.55	0.00	11.42	1077.79
	2110.57	0.00	11.40	1079.81
	2110.58	0.00	11.34	1053.79
	2110.59	0.00	11.40	1074.79
	2110.60	0.00	11.33	1054.79
	2110.61	0.00	11.39	1075.79
	2110.62	0.00	11.34	1054.79
	2110.64	0.00	11.40	1071.78
	2110.65	0.00	11.41	1071.78
	2110.66	0.00	11.45	1067.67
	2110.67	0.00	11.33	1046.78
	2110.68	0.00	11.39	1066.78
	2110.69	0.00	11.33	1047.78
	2110.71	0.00	11.40	1068.77
	2110.72	0.00	11.39	1067.78
	2110.73	0.00	11.36	1049.73
	2110.74	0.00	11.33	1051.79
	2110.75	0.00	11.36	1072.85
	2110.77	0.00	11.31	1052.84
	2110.78	0.00	11.30	1053.85
	2110.79	0.00	11.37	1073.85
	2110.80	0.00	11.36	1073.86
	2110.81	0.00	11.37	1071.81
	2110.82	0.00	11.39	1073.80
	2110.83	0.00	11.37	1073.82
	2110.85	0.00	11.38	1071.82
	2110.86	0.00	11.31	1054.83
	2110.87	0.00	11.37	1077.84
	2110.88	0.00	11.42	1069.69
	2110.89	0.00	11.47	1076.63
	2110.91	0.00	11.43	1055.60
	2110.92	0.00	11.50	1079.61
	2110.93	0.00	11.51	1080.61
	2110.94	0.00	11.52	1076.59
	2110.95	0.00	11.49	1077.62
	2110.96	0.00	11.51	1071.54
	2110.98	0.00	11.43	1046.52
	2110.99	0.00	11.42	1065.65
	2111.00	0.00	11.43	1066.67
	2111.01	0.00	11.42	1061.68
	2111.02	0.00	11.41	1061.71
	2111.03	0.00	11.40	1063.73
	2111.05	0.00	11.42	1064.72
	2111.06	0.00	11.29	1040.74
	2111.07	0.00	11.24	1029.79
	2111.08	0.00	11.34	1055.79
	2111.09	0.00	11.34	1054.82
	2111.10	0.00	11.28	1036.82
	2111.12	0.00	11.34	1058.82
	2111.13	0.00	11.33	1058.83
	2111.14	0.00	11.31	1048.78
	2111.15	0.00	11.31	1043.79
	2111.16	0.00	11.38	1067.80
	2111.17	0.00	11.33	1049.81
	2111.19	0.00	11.37	1068.81
	2111.20	0.00	11.38	1070.81
	2111.21	0.00	11.38	1070.81
	2111.22	0.00	11.38	1069.78
	2111.23	0.00	11.38	1074.83
	2111.25	0.00	11.38	1077.84
	2111.26	0.00	11.32	1057.84
	2111.27	0.00	11.38	1077.85
	2111.28	0.00	11.32	1058.85
	2111.29	0.00	11.37	1076.85
	2111.30	0.00	11.37	1072.81
	2111.31	0.00	11.34	1056.80
	2111.33	0.00	11.41	1077.79
	2111.34	0.00	11.35	1055.79
	2111.35	0.00	11.40	1076.80
	2111.36	0.00	11.41	1077.79
	2111.37	0.00	11.35	1057.79
	2111.39	0.00	11.39	1073.79
	2111.40	0.00	11.39	1072.78
	2111.41	0.00	11.39	1075.79
	2111.42	0.00	11.39	1075.79
	2111.43	0.00	11.40	1074.78
	2111.44	0.00	11.39	1073.80
	2111.46	0.00	11.35	1061.78
	2111.47	0.00	11.30	1046.79
	2111.48	0.00	11.37	1069.79
	2111.49	0.00	11.38	1070.77
	2111.50	0.00	11.38	1071.79
	2111.51	0.00	11.32	1050.79
	2111.53	0.00	11.38	1072.79
	2111.54	0.00	11.31	1053.81
	2111.55	0.00	11.36	1075.83
	2111.56	0.00	11.29	1055.84
	2111.57	0.00	11.34	1073.86
	2111.59	0.00	11.26	1054.87
	2111.60	0.00	11.33	1076.88
	2111.61	0.00	11.33	1078.89
	2111.62	0.00	11.29	1057.83
	2111.63	0.00	11.29	1058.84
	2111.64	0.00	11.34	1080.86
	2111.65	0.00	11.34	1080.87
	2111.67	0.00	11.34	1081.87
	2111.68	0.00	11.31	1079.90
	2111.69	0.00	11.33	1084.88
	2111.70	0.00	11.44	1081.67
	2111.71	0.00	11.46	1083.64
	2111.73	0.00	11.40	1063.65
	2111.74	0.00	11.46	1081.66
	2111.75	0.00	11.44	1080.66
	2111.76	0.00	11.37	1059.67
	2111.77	0.00	11.46	1070.55
	2111.78	0.00	11.32	1049.68
	2111.80	0.00	11.38	1070.70
	2111.81	0.00	11.38	1073.70
	2111.82	0.00	11.28	1043.75
	2111.83	0.00	11.36	1068.76
	2111.84	0.00	11.35	1068.77
	2111.85	0.00	11.22	1046.81
	2111.87	0.00	11.25	1055.84
	2111.88	0.00	11.23	1052.86
	2111.89	0.00	11.28	1059.87
	2111.90	0.00	11.27	1064.87
	2111.91	0.00	11.26	1062.89
	2111.92	0.00	11.28	1065.87
	2111.94	0.00	11.20	1045.83
	2111.95	0.00	11.28	1065.84
	2111.96	0.00	11.25	1056.86
	2111.97	0.00	11.32	1074.86
	2111.98	0.00	11.26	1057.86
	2112.00	0.00	11.31	1077.87
	2112.01	0.00	11.32	1078.86
	2112.02	0.00	11.31	1078.87
	2112.03	0.00	11.25	1057.85
	2112.04	0.00	11.33	1083.88
	2112.05	0.00	11.33	1082.89
	2112.07	0.00	11.33	1082.89
	2112.08	0.00	11.33	1083.89
	2112.09	0.00	11.34	1083.88
	2112.10	0.00	11.34	1084.89
	2112.11	0.00	11.33	1083.89
	2112.12	0.00	11.34	1079.85
	2112.14	0.00	11.34	1082.85
	2112.15	0.00	11.37	1083.84
	2112.16	0.00	11.37	1083.83
	2112.17	0.00	11.35	1080.83
	2112.18	0.00	11.37	1084.83
	2112.19	0.00	11.31	1065.83
	2112.21	0.00	11.34	1077.83
	2112.22	0.00	11.34	1078.83
	2112.23	0.00	11.33	1077.84
	2112.24	0.00	11.30	1058.82
	2112.25	0.00	11.35	1076.82
	2112.26	0.00	11.35	1077.82
	2112.28	0.00	11.34	1073.81
	2112.29	0.00	11.35	1076.82
	2112.30	0.00	11.28	1054.82
	2112.31	0.00	11.34	1075.82
	2112.32	0.00	11.34	1073.83
	2112.33	0.00	11.28	1055.82
	2112.35	0.00	11.35	1074.82
	2112.36	0.00	11.36	1076.82
	2112.37	0.00	11.37	1076.80
	2112.38	0.00	11.34	1077.86
	2112.39	0.00	11.33	1076.87
	2112.40	0.00	11.33	1076.87
	2112.42	0.00	11.31	1075.90
	2112.43	0.00	11.33	1080.88
	2112.44	0.00	11.36	1078.83
	2112.45	0.00	11.36	1080.84
	2112.46	0.00	11.36	1078.85
	2112.48	0.00	11.35	1081.86
	2112.49	0.00	11.35	1081.86
	2112.50	0.00	11.35	1081.86
	2112.51	0.00	11.34	1081.88
	2112.52	0.00	11.47	1082.63
	2112.53	0.00	11.42	1063.63
	2112.55	0.00	11.49	1085.63
	2112.56	0.00	11.41	1064.65
	2112.57	0.00	11.48	1081.64
	2112.58	0.00	11.47	1081.65
	2112.59	0.00	11.47	1081.65
	2112.60	0.00	11.54	1070.45
	2112.62	0.00	11.44	1072.61
	2112.63	0.00	11.40	1071.68
	2112.64	0.00	11.38	1063.72
	2112.65	0.00	11.33	1047.72
	2112.66	0.00	11.38	1069.75
	2112.67	0.00	11.25	1045.79
	2112.69	0.00	11.27	1054.82
	2112.70	0.00	11.21	1038.84
	2112.71	0.00	11.29	1056.84
	2112.72	0.00	11.29	1056.85
	2112.73	0.00	11.23	1042.85
	2112.75	0.00	11.28	1061.85
	2112.76	0.00	11.29	1064.86
	2112.77	0.00	11.22	1047.82
	2112.78	0.00	11.31	1065.81
	2112.79	0.00	11.33	1073.84
	2112.80	0.00	11.34	1073.84
	2112.82	0.00	11.33	1075.85
	2112.83	0.00	11.32	1076.86
	2112.84	0.00	11.27	1059.85
	2112.85	0.00	11.32	1070.80
	2112.86	0.00	11.33	1077.84
	2112.87	0.00	11.33	1081.88
	2112.88	0.00	11.34	1080.87
	2112.90	0.00	11.35	1080.87
	2112.91	0.00	11.35	1082.87
	2112.92	0.00	11.34	1080.88
	2112.93	0.00	11.27	1056.84
	2112.94	0.00	11.36	1079.83
	2112.96	0.00	11.31	1062.82
	2112.97	0.00	11.36	1080.85
	2112.98	0.00	11.39	1085.82
	2112.99	0.00	11.36	1079.82
	2113.00	0.00	11.38	1082.82
	2113.01	0.00	11.33	1077.84
	2113.03	0.00	11.29	1060.82
	2113.04	0.00	11.35	1079.82
	2113.05	0.00	11.36	1078.81
	2113.06	0.00	11.36	1078.81
	2113.07	0.00	11.37	1076.81
	2113.08	0.00	11.36	1074.81
	2113.10	0.00	11.36	1074.81
	2113.11	0.00	11.26	1049.83
	2113.12	0.00	11.31	1062.81
	2113.13	0.00	11.28	1049.81
	2113.14	0.00	11.36	1071.80
	2113.15	0.00	11.33	1068.82
	2113.17	0.00	11.36	1070.80
	2113.18	0.00	11.37	1069.76
	2113.19	0.00	11.32	1052.77
	2113.20	0.00	11.36	1072.81
	2113.21	0.00	11.35	1073.85
	2113.22	0.00	11.33	1072.86
	2113.24	0.00	11.33	1074.86
	2113.25	0.00	11.33	1074.88
	2113.26	0.00	11.33	1075.87
	2113.27	0.00	11.34	1076.87
	2113.28	0.00	11.36	1074.81
	2113.30	0.00	11.37	1077.81
	2113.31	0.00	11.30	1059.84
	2113.32	0.00	11.35	1076.85
	2113.33	0.00	11.35	1077.85
	2113.34	0.00	11.34	1077.86
	2113.35	0.00	11.36	1079.85
	2113.37	0.00	11.34	1075.85
	2113.38	0.00	11.46	1074.62
	2113.39	0.00	11.49	1081.62
	2113.40	0.00	11.48	1079.63
	2113.41	0.00	11.47	1077.63
	2113.42	0.00	11.47	1078.64
	2113.44	0.00	11.54	1069.46
	2113.45	0.00	11.41	1048.55
	2113.46	0.00	11.40	1046.56
	2113.47	0.00	11.43	1066.62
	2113.48	0.00	11.39	1067.71
	2113.50	0.00	11.33	1042.72
	2113.51	0.00	11.39	1064.73
	2113.52	0.00	11.32	1049.73
	2113.53	0.00	11.21	1027.79
	2113.54	0.00	11.28	1052.82
	2113.55	0.00	11.24	1034.83
	2113.56	0.00	11.30	1056.84
	2113.58	0.00	11.29	1058.85
	2113.59	0.00	11.26	1041.84
	2113.60	0.00	11.31	1063.84
	2113.61	0.00	11.28	1052.80
	2113.62	0.00	11.33	1067.82
	2113.63	0.00	11.35	1071.82
	2113.65	0.00	11.35	1072.83
	2113.66	0.00	11.28	1053.83
	2113.67	0.00	11.28	1054.84
	2113.68	0.00	11.35	1075.84
	2113.69	0.00	11.35	1076.83
	2113.70	0.00	11.36	1079.84
	2113.72	0.00	11.35	1080.86
	2113.73	0.00	11.35	1078.86
	2113.74	0.00	11.28	1058.87
	2113.75	0.00	11.34	1080.89
	2113.76	0.00	11.35	1075.83
	2113.78	0.00	11.36	1077.83
	2113.79	0.00	11.37	1078.82
	2113.80	0.00	11.31	1059.82
	2113.81	0.00	11.36	1077.82
	2113.82	0.00	11.38	1080.81
	2113.83	0.00	11.38	1080.81
	2113.85	0.00	11.37	1080.83
	2113.86	0.00	11.35	1074.81
.2.61
	2141.90	0.00	11.38	1058.62
	2141.91	0.00	11.37	1058.63
	2141.92	0.00	11.35	1053.62
	2141.93	0.00	11.39	1045.49
	2141.2.61
	2141.90	0.00	11.38	1058.62
	2141.91	0.00	11.37	1058.63
	2141.92	0.00	11.35	1053.62
	2141.93	0.00	11.39	1045.49
	2141.2.61
	2141.90	0.00	11.38	1058.62
	2141.91	0.00	11.37	1058.63
	2141.92	0.00	11.35	1053.62
	2141.93	0.00	11.39	1045.49
	2141.94	0.00	11.30	1045.64
	2141.95	0.00	11.27	1040.70
	2141.97	0.00	11.21	1022.72
	2141.98	0.00	11.26	1040.73
	2141.99	0.00	11.28	1044.73
	2142.00	0.00	11.22	1033.74
	2142.01	0.00	11.07	1002.79
	2142.02	0.00	11.17	1030.81
	2142.04	0.00	11.16	1031.83
	2142.05	0.00	11.23	1038.80
	2142.06	0.00	11.18	1037.84
	2142.07	0.00	11.19	1041.84
	2142.08	0.00	11.10	1021.83
	2142.09	0.00	11.13	1026.82
	2142.11	0.00	11.22	1044.80
	2142.12	0.00	11.24	1050.82
	2142.13	0.00	11.25	1051.83
	2142.14	0.00	11.22	1053.85
	2142.15	0.00	11.25	1055.83
	2142.17	0.00	11.25	1056.83
	2142.18	0.00	11.26	1059.83
	2142.19	0.00	11.23	1059.87
	2142.20	0.00	11.24	1060.86
	2142.21	0.00	11.25	1059.86
	2142.22	0.00	11.25	1061.86
	2142.23	0.00	11.25	1061.86
	2142.25	0.00	11.25	1058.82
	2142.26	0.00	11.26	1059.81
	2142.27	0.00	11.28	1060.81
	2142.28	0.00	11.28	1059.80
	2142.29	0.00	11.24	1053.81
	2142.31	0.00	11.27	1061.81
	2142.32	0.00	11.28	1061.80
	2142.33	0.00	11.23	1055.83
	2142.34	0.00	11.27	1058.80
	2142.35	0.00	11.25	1056.80
	2142.36	0.00	11.25	1054.80
	2142.37	0.00	11.26	1056.80
	2142.39	0.00	11.26	1055.80
	2142.40	0.00	11.26	1056.80
	2142.41	0.00	11.23	1050.80
	2142.42	0.00	11.24	1052.79
	2142.43	0.00	11.26	1054.80
	2142.45	0.00	11.25	1053.80
	2142.46	0.00	11.25	1054.80
	2142.47	0.00	11.25	1056.81
	2142.48	0.00	11.31	1053.68
	2142.49	0.00	11.24	1054.81
	2142.50	0.00	11.23	1055.84
	2142.52	0.00	11.22	1055.87
	2142.53	0.00	11.16	1039.87
	2142.54	0.00	11.22	1058.87
	2142.55	0.00	11.25	1057.81
	2142.56	0.00	11.24	1057.82
	2142.57	0.00	11.25	1060.83
	2142.59	0.00	11.24	1059.84
	2142.60	0.00	11.24	1059.85
	2142.61	0.00	11.24	1060.84
	2142.62	0.00	11.22	1051.80
	2142.63	0.00	11.37	1061.61
	2142.64	0.00	11.38	1065.61
	2142.66	0.00	11.42	1062.55
	2142.67	0.00	11.37	1061.62
	2142.68	0.00	11.37	1061.63
	2142.69	0.00	11.37	1062.63
	2142.70	0.00	11.33	1055.65
	2142.71	0.00	11.38	1053.52
	2142.73	0.00	11.30	1052.65
	2142.74	0.00	11.28	1046.70
	2142.75	0.00	11.28	1046.72
	2142.76	0.00	11.29	1051.73
	2142.77	0.00	11.27	1049.74
	2142.79	0.00	11.18	1031.74
	2142.80	0.00	11.18	1031.76
	2142.81	0.00	11.16	1039.83
	2142.82	0.00	11.18	1039.84
	2142.83	0.00	11.17	1040.85
	2142.84	0.00	11.20	1045.83
	2142.86	0.00	11.12	1026.85
	2142.87	0.00	11.19	1047.85
	2142.88	0.00	11.12	1030.81
	2142.89	0.00	11.18	1050.85
	2142.90	0.00	11.24	1059.83
	2142.91	0.00	11.22	1057.84
	2142.93	0.00	11.22	1060.85
	2142.94	0.00	11.25	1063.82
	2142.95	0.00	11.22	1061.85
	2142.96	0.00	11.22	1061.84
	2142.97	0.00	11.23	1064.85
	2142.98	0.00	11.23	1068.88
	2143.00	0.00	11.22	1067.88
	2143.01	0.00	11.23	1069.88
	2143.02	0.00	11.24	1069.88
	2143.03	0.00	11.24	1069.87
	2143.04	0.00	11.23	1064.85
	2143.05	0.00	11.22	1065.85
	2143.07	0.00	11.24	1068.85
	2143.08	0.00	11.25	1071.84
	2143.09	0.00	11.25	1069.84
	2143.10	0.00	11.19	1048.83
	2143.11	0.00	11.26	1069.81
	2143.12	0.00	11.25	1070.83
	2143.14	0.00	11.23	1066.83
	2143.15	0.00	11.23	1066.83
	2143.16	0.00	11.23	1067.85
	2143.17	0.00	11.17	1047.83
	2143.18	0.00	11.24	1066.83
	2143.20	0.00	11.23	1064.83
	2143.21	0.00	11.23	1061.82
	2143.22	0.00	11.21	1059.83
	2143.23	0.00	11.23	1063.83
	2143.24	0.00	11.17	1040.82
	2143.25	0.00	11.22	1062.85
	2143.26	0.00	11.23	1062.83
	2143.28	0.00	11.26	1061.77
	2143.29	0.00	11.22	1061.83
	2143.30	0.00	11.22	1063.85
	2143.31	0.00	11.22	1064.87
	2143.32	0.00	11.15	1045.88
	2143.34	0.00	11.22	1065.88
	2143.35	0.00	11.20	1065.90
	2143.36	0.00	11.20	1064.89
	2143.37	0.00	11.23	1065.84
	2143.38	0.00	11.23	1066.85
	2143.39	0.00	11.24	1065.84
	2143.41	0.00	11.22	1067.87
	2143.42	0.00	11.22	1069.87
	2143.43	0.00	11.27	1063.73
	2143.44	0.00	11.34	1068.65
	2143.45	0.00	11.38	1071.62
	2143.46	0.00	11.37	1071.63
	2143.48	0.00	11.36	1065.63
	2143.49	0.00	11.37	1067.62
	2143.50	0.00	11.34	1066.64
	2143.51	0.00	11.37	1055.52
	2143.52	0.00	11.29	1057.66
	2143.54	0.00	11.27	1050.69
	2143.55	0.00	11.27	1055.74
	2143.56	0.00	11.26	1052.75
	2143.57	0.00	11.27	1054.75
	2143.58	0.00	11.24	1050.77
	2143.59	0.00	11.15	1030.76
	2143.60	0.00	11.14	1035.81
	2143.62	0.00	11.16	1040.83
	2143.63	0.00	11.17	1044.83
	2143.64	0.00	11.17	1039.85
	2143.65	0.00	11.18	1043.85
	2143.66	0.00	11.18	1047.85
	2143.68	0.00	11.17	1049.88
	2143.69	0.00	11.16	1043.82
	2143.70	0.00	11.21	1055.83
	2143.71	0.00	11.23	1057.84
	2143.72	0.00	11.23	1061.85
	2143.73	0.00	11.22	1062.85
	2143.75	0.00	11.22	1055.80
	2143.76	0.00	11.24	1060.81
	2143.77	0.00	11.23	1062.84
	2143.78	0.00	11.23	1065.86
	2143.79	0.00	11.23	1066.87
	2143.80	0.00	11.24	1066.87
	2143.82	0.00	11.23	1068.88
	2143.83	0.00	11.23	1067.88
	2143.84	0.00	11.23	1063.84
	2143.85	0.00	11.24	1063.82
	2143.86	0.00	11.24	1063.84
	2143.87	0.00	11.26	1067.83
	2143.89	0.00	11.27	1065.82
	2143.90	0.00	11.27	1065.81
	2143.91	0.00	11.28	1068.82
	2143.92	0.00	11.24	1060.82
	2143.93	0.00	11.25	1064.82
	2143.94	0.00	11.25	1063.81
	2143.96	0.00	11.25	1064.82
	2143.97	0.00	11.18	1043.82
	2143.98	0.00	11.25	1060.82
	2143.99	0.00	11.24	1061.83
	2144.00	0.00	11.26	1061.81
	2144.01	0.00	11.22	1055.82
	2144.03	0.00	11.25	1056.81
	2144.04	0.00	11.24	1059.82
	2144.05	0.00	11.23	1055.81
	2144.06	0.00	11.25	1056.81
	2144.07	0.00	11.17	1037.81
	2144.09	0.00	11.29	1058.73
	2144.10	0.00	11.23	1058.83
	2144.11	0.00	11.22	1060.85
	2144.12	0.00	11.22	1059.86
	2144.13	0.00	11.15	1041.88
	2144.14	0.00	11.23	1063.87
	2144.15	0.00	11.22	1062.88
	2144.17	0.00	11.23	1061.83
	2144.18	0.00	11.25	1063.81
	2144.19	0.00	11.24	1065.85
	2144.20	0.00	11.23	1064.86
	2144.21	0.00	11.23	1063.86
	2144.23	0.00	11.27	1057.73
	2144.24	0.00	11.30	1057.68
	2144.25	0.00	11.36	1064.62
	2144.26	0.00	11.39	1069.61
	2144.27	0.00	11.37	1065.62
	2144.28	0.00	11.37	1066.63
	2144.30	0.00	11.37	1066.63
	2144.31	0.00	11.41	1055.45
	2144.32	0.00	11.30	1054.64
	2144.33	0.00	11.29	1058.68
	2144.34	0.00	11.27	1050.73
	2144.35	0.00	11.27	1051.73
	2144.37	0.00	11.28	1051.73
	2144.38	0.00	11.26	1051.75
	2144.39	0.00	11.14	1029.77
	2144.40	0.00	11.16	1039.82
	2144.41	0.00	11.14	1039.84
	2144.42	0.00	11.16	1043.83
	2144.44	0.00	11.17	1042.84
	2144.45	0.00	11.19	1045.85
	2144.46	0.00	11.18	1047.86
	2144.47	0.00	11.18	1049.86
	2144.48	0.00	11.17	1042.81
	2144.50	0.00	11.21	1055.83
	2144.51	0.00	11.22	1059.85
	2144.52	0.00	11.22	1058.84
	2144.53	0.00	11.15	1039.84
	2144.54	0.00	11.15	1041.85
	2144.55	0.00	11.20	1060.86
	2144.57	0.00	11.22	1061.83
	2144.58	0.00	11.22	1066.87
	2144.59	0.00	11.22	1066.88
	2144.60	0.00	11.22	1065.88
	2144.61	0.00	11.22	1066.88
	2144.62	0.00	11.23	1069.88
	2144.63	0.00	11.22	1068.89
	2144.65	0.00	11.21	1061.85
	2144.66	0.00	11.23	1065.84
	2144.67	0.00	11.24	1066.83
	2144.68	0.00	11.25	1066.82
	2144.69	0.00	11.25	1067.83
	2144.71	0.00	11.25	1067.83
	2144.72	0.00	11.22	1061.82
	2144.73	0.00	11.22	1065.84
	2144.74	0.00	11.22	1063.82
	2144.75	0.00	11.23	1065.82
	2144.76	0.00	11.23	1065.82
	2144.78	0.00	11.24	1063.82
	2144.79	0.00	11.24	1063.82
	2144.80	0.00	11.22	1060.82
	2144.81	0.00	11.14	1037.82
	2144.82	0.00	11.20	1058.84
	2144.83	0.00	11.23	1061.82
	2144.85	0.00	11.22	1060.82
	2144.86	0.00	11.22	1060.82
	2144.87	0.00	11.15	1040.84
	2144.88	0.00	11.24	1061.82
	2144.89	0.00	11.22	1060.82
	2144.90	0.00	11.22	1061.86
	2144.92	0.00	11.20	1059.88
	2144.93	0.00	11.17	1053.87
	2144.94	0.00	11.14	1040.87
	2144.95	0.00	11.20	1060.88
	2144.96	0.00	11.20	1060.87
	2144.97	0.00	11.23	1060.82
	2144.99	0.00	11.23	1061.84
	2145.00	0.00	11.23	1063.85
	2145.01	0.00	11.21	1062.88
	2145.02	0.00	11.22	1061.86
	2145.03	0.00	11.22	1062.86
	2145.04	0.00	11.23	1063.86
	2145.06	0.00	11.32	1060.67
	2145.07	0.00	11.29	1041.61
	2145.08	0.00	11.37	1065.62
	2145.09	0.00	11.37	1063.62
	2145.10	0.00	11.35	1061.64
	2145.12	0.00	11.37	1065.63
	2145.13	0.00	11.36	1061.63
	2145.14	0.00	11.43	1051.42
	2145.15	0.00	11.35	1049.54
	2145.16	0.00	11.30	1051.65
	2145.17	0.00	11.27	1044.70
	2145.19	0.00	11.28	1048.73
	2145.20	0.00	11.25	1047.76
	2145.21	0.00	11.23	1039.74
	2145.22	0.00	11.27	1048.74
	2145.23	0.00	11.12	1020.77
	2145.25	0.00	11.14	1030.83
	2145.26	0.00	11.17	1036.82
	2145.27	0.00	11.12	1015.83
	2145.28	0.00	11.13	1021.84
	2145.29	0.00	11.21	1044.83
	2145.30	0.00	11.14	1029.80
	2145.31	0.00	11.21	1045.81
	2145.33	0.00	11.22	1047.81
	2145.34	0.00	11.21	1050.85
	2145.35	0.00	11.26	1054.82
	2145.36	0.00	11.24	1054.83
	2145.37	0.00	11.17	1035.83
	2145.38	0.00	11.18	1031.78
	2145.40	0.00	11.25	1059.85
	2145.41	0.00	11.25	1059.85
	2145.42	0.00	11.24	1058.85
	2145.43	0.00	11.24	1057.86
	2145.44	0.00	11.26	1060.85
	2145.46	0.00	11.18	1039.85
	2145.47	0.00	11.24	1059.86
	2145.48	0.00	11.23	1054.84
	2145.49	0.00	11.27	1059.81
	2145.50	0.00	11.27	1059.81
	2145.51	0.00	11.27	1059.81
	2145.52	0.00	11.28	1059.81
	2145.54	0.00	11.28	1058.80
	2145.55	0.00	11.27	1057.80
	2145.56	0.00	11.25	1053.80
	2145.57	0.00	11.25	1055.80
	2145.58	0.00	11.26	1054.80
	2145.60	0.00	11.26	1054.80
	2145.61	0.00	11.26	1052.80
	2145.62	0.00	11.25	1052.80
	2145.63	0.00	11.26	1054.79
	2145.64	0.00	11.25	1052.79
	2145.65	0.00	11.26	1048.77
	2145.67	0.00	11.23	1044.79
	2145.68	0.00	11.26	1051.79
	2145.69	0.00	11.24	1047.79
	2145.70	0.00	11.31	1050.70
	2145.71	0.00	11.29	1051.74
	2145.72	0.00	11.25	1051.80
	2145.74	0.00	11.24	1052.83
	2145.75	0.00	11.22	1050.85
	2145.76	0.00	11.24	1055.85
	2145.77	0.00	11.23	1053.85
	2145.78	0.00	11.23	1053.85
	2145.79	0.00	11.23	1049.83
	2145.81	0.00	11.27	1053.79
	2145.82	0.00	11.26	1053.81
	2145.83	0.00	11.26	1054.82
	2145.84	0.00	11.26	1055.83
	2145.85	0.00	11.24	1053.83
	2145.86	0.00	11.24	1056.84
	2145.88	0.00	11.38	1054.60
	2145.89	0.00	11.39	1058.61
	2145.90	0.00	11.41	1058.59
	2145.91	0.00	11.40	1058.59
	2145.92	0.00	11.39	1054.60
	2145.93	0.00	11.37	1053.63
	2145.95	0.00	11.38	1056.61
	2145.96	0.00	11.43	1044.44
	2145.97	0.00	11.34	1046.60
	2145.98	0.00	11.30	1042.66
	2145.99	0.00	11.23	1018.68
	2146.01	0.00	11.29	1042.71
	2146.02	0.00	11.28	1040.71
	2146.03	0.00	11.28	1043.74
	2146.04	0.00	11.17	1023.76
	2146.05	0.00	11.17	1025.79
	2146.06	0.00	11.19	1032.81
	2146.08	0.00	11.21	1031.83
	2146.09	0.00	11.23	1038.82
	2146.10	0.00	11.21	1036.83
	2146.11	0.00	11.13	1018.83
	2146.12	0.00	11.13	1021.81
	2146.13	0.00	11.22	1040.80
	2146.15	0.00	11.24	1045.81
	2146.16	0.00	11.26	1049.82
	2146.17	0.00	11.24	1049.83
	2146.18	0.00	11.26	1052.82
	2146.19	0.00	11.24	1043.78
	2146.20	0.00	11.21	1035.83
	2146.22	0.00	11.30	1056.78
	2146.23	0.00	11.25	1051.84
	2146.24	0.00	11.27	1055.84
	2146.25	0.00	11.27	1053.84
	2146.26	0.00	11.28	1054.82
	2146.27	0.00	11.27	1054.84
	2146.29	0.00	11.22	1033.82
	2146.30	0.00	11.26	1050.81
	2146.31	0.00	11.29	1051.80
	2146.32	0.00	11.30	1052.79
	2146.33	0.00	11.31	1052.79
	2146.34	0.00	11.31	1054.79
	2146.36	0.00	11.30	1054.81
	2146.37	0.00	11.28	1048.78
	2146.38	0.00	11.29	1050.78
	2146.39	0.00	11.29	1050.78
	2146.40	0.00	11.31	1049.74
	2146.41	0.00	11.30	1050.78
	2146.43	0.00	11.29	1046.78
	2146.44	0.00	11.30	1046.77
	2146.45	0.00	11.29	1045.77
	2146.46	0.00	11.28	1043.77
	2146.47	0.00	11.28	1044.77
	2146.49	0.00	11.29	1045.77
	2146.50	0.00	11.21	1024.79
	2146.51	0.00	11.30	1046.77
	2146.52	0.00	11.29	1044.77
	2146.53	0.00	11.30	1046.77
	2146.54	0.00	11.30	1047.77
	2146.55	0.00	11.27	1043.80
	2146.57	0.00	11.28	1050.82
	2146.58	0.00	11.21	1028.83
	2146.59	0.00	11.26	1048.85
	2146.60	0.00	11.28	1050.83
	2146.61	0.00	11.28	1050.83
	2146.63	0.00	11.26	1046.83
	2146.64	0.00	11.28	1030.73
	2146.65	0.00	11.31	1049.79
	2146.66	0.00	11.32	1049.80
	2146.67	0.00	11.32	1052.80
	2146.68	0.00	11.32	1051.79
	2146.70	0.00	11.33	1055.80
	2146.71	0.00	11.32	1043.73
	2146.72	0.00	11.44	1053.58
	2146.73	0.00	11.44	1054.59
	2146.74	0.00	11.39	1033.58
	2146.75	0.00	11.44	1051.59
	2146.77	0.00	11.44	1053.59
	2146.78	0.00	11.44	1054.60
	2146.79	0.00	11.51	1044.38
	2146.80	0.00	11.50	1044.40
	2146.81	0.00	11.42	1044.53
	2146.82	0.00	11.37	1046.63
	2146.84	0.00	11.36	1040.66
	2146.85	0.00	11.36	1043.69
	2146.86	0.00	11.36	1045.70
	2146.87	0.00	11.21	1019.73
	2146.88	0.00	11.24	1026.76
	2146.89	0.00	11.25	1031.77
	2146.91	0.00	11.26	1031.75
	2146.92	0.00	11.27	1032.79
	2146.93	0.00	11.27	1037.80
	2146.94	0.00	11.28	1037.80
	2146.95	0.00	11.22	1025.76
	2146.97	0.00	11.28	1037.77
	2146.98	0.00	11.31	1046.78
	2146.99	0.00	11.31	1049.78
	2147.00	0.00	11.33	1051.77
	2147.01	0.00	11.32	1048.78
	2147.02	0.00	11.32	1050.79
	2147.04	0.00	11.33	1053.79
	2147.05	0.00	11.31	1056.81
	2147.06	0.00	11.33	1052.76
	2147.07	0.00	11.33	1059.80
	2147.08	0.00	11.34	1059.80
	2147.09	0.00	11.31	1060.83
	2147.11	0.00	11.33	1060.82
	2147.12	0.00	11.32	1058.82
	2147.13	0.00	11.32	1062.83
	2147.14	0.00	11.32	1062.82
	2147.15	0.00	11.25	1037.79
	2147.16	0.00	11.33	1061.79
	2147.18	0.00	11.33	1061.78
	2147.19	0.00	11.35	1062.76
	2147.20	0.00	11.35	1066.78
	2147.21	0.00	11.34	1063.78
	2147.22	0.00	11.34	1064.77
	2147.23	0.00	11.34	1065.79
	2147.25	0.00	11.34	1061.77
	2147.26	0.00	11.26	1041.77
	2147.27	0.00	11.33	1061.77
	2147.28	0.00	11.31	1057.79
	2147.29	0.00	11.32	1059.77
	2147.30	0.00	11.26	1038.77
	2147.32	0.00	11.31	1055.77
	2147.33	0.00	11.30	1052.76
	2147.34	0.00	11.31	1055.77
	2147.35	0.00	11.32	1056.77
	2147.36	0.00	11.32	1056.77
	2147.38	0.00	11.33	1058.75
	2147.39	0.00	11.26	1041.78
	2147.40	0.00	11.36	1058.69
	2147.41	0.00	11.31	1058.78
	2147.42	0.00	11.28	1059.83
	2147.43	0.00	11.29	1060.83
	2147.44	0.00	11.28	1060.84
	2147.46	0.00	11.27	1059.84
	2147.47	0.00	11.21	1040.84
	2147.48	0.00	11.32	1061.78
	2147.49	0.00	11.30	1060.80
	2147.50	0.00	11.32	1064.80
	2147.52	0.00	11.31	1061.80
	2147.53	0.00	11.31	1062.81
	2147.54	0.00	11.30	1062.82
	2147.55	0.00	11.31	1064.82
	2147.56	0.00	11.26	1055.84
	2147.57	0.00	11.36	1060.69
	2147.59	0.00	11.45	1066.59
	2147.60	0.00	11.45	1067.59
	2147.61	0.00	11.46	1065.58
	2147.62	0.00	11.44	1062.60
	2147.63	0.00	11.45	1063.60
	2147.64	0.00	11.45	1034.40
	2147.66	0.00	11.45	1053.51
	2147.67	0.00	11.43	1054.55
	2147.68	0.00	11.41	1054.58
	2147.69	0.00	11.39	1054.62
	2147.70	0.00	11.37	1049.66
	2147.71	0.00	11.37	1050.69
	2147.73	0.00	11.37	1052.70
	2147.74	0.00	11.24	1028.73
	2147.75	0.00	11.25	1040.79
	2147.76	0.00	11.27	1044.79
	2147.77	0.00	11.29	1043.80
	2147.78	0.00	11.29	1043.80
	2147.80	0.00	11.28	1048.83
	2147.81	0.00	11.29	1050.81
	2147.82	0.00	11.20	1029.77
	2147.83	0.00	11.29	1049.78
	2147.84	0.00	11.35	1056.75
	2147.85	0.00	11.32	1057.79
	2147.87	0.00	11.33	1058.79
	2147.88	0.00	11.32	1059.80
	2147.89	0.00	11.33	1060.77
	2147.90	0.00	11.32	1058.76
	2147.91	0.00	11.32	1066.81
	2147.93	0.00	11.32	1067.82
	2147.94	0.00	11.30	1064.85
	2147.95	0.00	11.34	1067.83
	2147.96	0.00	11.32	1067.82
	2147.97	0.00	11.33	1065.82
	2147.98	0.00	11.33	1066.80
	2148.00	0.00	11.32	1062.79
	2148.01	0.00	11.34	1065.78
	2148.02	0.00	11.35	1068.77
	2148.03	0.00	11.35	1067.78
	2148.04	0.00	11.36	1069.77
	2148.05	0.00	11.35	1068.77
	2148.07	0.00	11.33	1062.77
	2148.08	0.00	11.33	1063.77
	2148.09	0.00	11.33	1065.77
	2148.10	0.00	11.27	1043.77
	2148.11	0.00	11.33	1061.77
	2148.12	0.00	11.33	1061.77
	2148.14	0.00	11.31	1057.77
	2148.15	0.00	11.31	1058.77
	2148.16	0.00	11.32	1060.76
	2148.17	0.00	11.26	1047.77
	2148.18	0.00	11.25	1040.77
	2148.19	0.00	11.25	1038.77
	2148.21	0.00	11.32	1061.76
	2148.22	0.00	11.33	1060.75
	2148.23	0.00	11.30	1061.80
	2148.24	0.00	11.29	1060.82
	2148.25	0.00	11.28	1061.82
	2148.26	0.00	11.22	1042.84
	2148.28	0.00	11.28	1063.84
	2148.29	0.00	11.31	1064.78
	2148.30	0.00	11.30	1065.81
	2148.31	0.00	11.31	1067.81
	2148.32	0.00	11.30	1065.82
	2148.33	0.00	11.29	1065.82
	2148.35	0.00	11.30	1066.82
	2148.36	0.00	11.29	1067.83
	2148.37	0.00	11.41	1066.61
	2148.38	0.00	11.43	1068.60
	2148.39	0.00	11.42	1069.62
	2148.41	0.00	11.43	1067.61
	2148.42	0.00	11.41	1066.61
	2148.43	0.00	11.41	1066.61
	2148.44	0.00	11.40	1066.63
	2148.45	0.00	11.45	1060.49
	2148.46	0.00	11.41	1055.52
	2148.48	0.00	11.35	1057.64
	2148.49	0.00	11.31	1052.70
	2148.50	0.00	11.30	1049.70
	2148.51	0.00	11.31	1052.72
	2148.52	0.00	11.31	1054.73
	2148.53	0.00	11.18	1032.76
	2148.55	0.00	11.19	1037.80
	2148.56	0.00	11.20	1042.81
	2148.57	0.00	11.21	1045.82
	2148.58	0.00	11.20	1044.84
	2148.59	0.00	11.25	1046.83
	2148.60	0.00	11.24	1048.83
	2148.62	0.00	11.24	1051.84
	2148.63	0.00	11.22	1042.79
	2148.64	0.00	11.27	1058.81
	2148.65	0.00	11.28	1060.82
	2148.66	0.00	11.27	1056.82
	2148.67	0.00	11.28	1062.83
	2148.69	0.00	11.25	1059.83
	2148.70	0.00	11.27	1055.77
	2148.71	0.00	11.28	1064.83
	2148.72	0.00	11.30	1067.83
	2148.73	0.00	11.30	1066.84
	2148.75	0.00	11.29	1068.85
	2148.76	0.00	11.29	1067.85
	2148.77	0.00	11.29	1064.81
	2148.78	0.00	11.28	1061.81
	2148.79	0.00	11.29	1063.81
	2148.80	0.00	11.32	1068.80
	2148.81	0.00	11.32	1067.79
	2148.83	0.00	11.34	1071.79
	2148.84	0.00	11.33	1068.79
	2148.85	0.00	11.33	1069.79
	2148.86	0.00	11.28	1062.81
	2148.87	0.00	11.32	1068.79
	2148.89	0.00	11.30	1065.79
	2148.90	0.00	11.31	1065.79
	2148.91	0.00	11.33	1063.76
	2148.92	0.00	11.29	1060.79
	2148.93	0.00	11.30	1062.79
	2148.94	0.00	11.30	1061.79
	2148.96	0.00	11.31	1062.78
	2148.97	0.00	11.27	1056.79
	2148.98	0.00	11.28	1058.79
	2148.99	0.00	11.29	1060.79
	2149.00	0.00	11.32	1057.75
	2149.01	0.00	11.31	1063.79
	2149.03	0.00	11.25	1040.76
	2149.04	0.00	11.29	1061.81
	2149.05	0.00	11.27	1062.85
	2149.06	0.00	11.29	1062.84
	2149.07	0.00	11.27	1062.85
	2149.08	0.00	11.27	1063.85
	2149.10	0.00	11.26	1063.86
	2149.11	0.00	11.32	1064.79
	2149.12	0.00	11.30	1062.80
	2149.13	0.00	11.29	1065.82
	2149.14	0.00	11.30	1064.81
	2149.15	0.00	11.28	1062.83
	2149.17	0.00	11.23	1044.83
	2149.18	0.00	11.30	1066.83
	2149.19	0.00	11.39	1064.64
	2149.20	0.00	11.42	1068.60
	2149.21	0.00	11.43	1068.60
	2149.22	0.00	11.42	1063.61
	2149.24	0.00	11.40	1064.63
	2149.25	0.00	11.35	1046.61
	2149.26	0.00	11.41	1066.62
	2149.27	0.00	11.45	1055.47
	2149.28	0.00	11.36	1055.61
	2149.30	0.00	11.35	1053.67
	2149.31	0.00	11.32	1049.70
	2149.32	0.00	11.32	1052.72
	2149.33	0.00	11.21	1028.73
	2149.34	0.00	11.19	1030.76
	2149.35	0.00	11.20	1032.77
	2149.37	0.00	11.22	1039.78
	2149.38	0.00	11.24	1040.81
	2149.39	0.00	11.19	1025.82
	2149.40	0.00	11.18	1027.82
	2149.41	0.00	11.17	1030.80
	2149.42	0.00	11.27	1050.79
	2149.44	0.00	11.29	1057.80
	2149.45	0.00	11.29	1059.81
	2149.46	0.00	11.32	1059.76
	2149.47	0.00	11.29	1062.82
	2149.48	0.00	11.29	1061.82
	2149.50	0.00	11.27	1052.77
	2149.51	0.00	11.29	1063.82
	2149.52	0.00	11.30	1067.84
	2149.53	0.00	11.30	1064.84
	2149.54	0.00	11.30	1066.84
	2149.55	0.00	11.30	1066.84
	2149.56	0.00	11.23	1048.84
	2149.58	0.00	11.29	1068.85
	2149.59	0.00	11.30	1062.81
	2149.60	0.00	11.30	1066.82
	2149.61	0.00	11.33	1068.79
	2149.62	0.00	11.33	1067.79
	2149.64	0.00	11.33	1067.79
	2149.65	0.00	11.32	1066.81
	2149.66	0.00	11.31	1061.78
	2149.67	0.00	11.29	1063.79
	2149.68	0.00	11.30	1063.79
	2149.69	0.00	11.32	1064.76
	2149.70	0.00	11.30	1059.78
	2149.72	0.00	11.30	1062.79
	2149.73	0.00	11.29	1058.78
	2149.74	0.00	11.31	1059.75
	2149.75	0.00	11.25	1041.78
	2149.76	0.00	11.29	1058.78
	2149.78	0.00	11.29	1059.79
	2149.79	0.00	11.28	1058.81
	2149.80	0.00	11.31	1061.78
	2149.81	0.00	11.31	1059.78
	2149.82	0.00	11.28	1061.82
	2149.83	0.00	11.29	1060.82
	2149.85	0.00	11.20	1043.84
	2149.86	0.00	11.27	1059.84
	2149.87	0.00	11.20	1041.85
	2149.88	0.00	11.32	1062.75
	2149.89	0.00	11.29	1062.80
	2149.90	0.00	11.29	1063.81
	2149.92	0.00	11.29	1062.82
	2149.93	0.00	11.29	1061.82
	2149.94	0.00	11.27	1062.83
	2149.95	0.00	11.28	1065.84
	2149.96	0.00	11.28	1065.84
	2149.97	0.00	11.38	1063.64
	2149.99	0.00	11.43	1068.60
	2150.00	0.00	11.41	1068.61
	2150.01	0.00	11.41	1063.62
	2150.02	0.00	11.45	1063.53
	2150.03	0.00	11.38	1062.62
	2150.04	0.00	11.40	1066.62
	2150.06	0.00	11.48	1056.41
	2150.07	0.00	11.40	1054.53
	2150.08	0.00	11.33	1056.64
	2150.09	0.00	11.31	1049.69
	2150.10	0.00	11.29	1048.71
	2150.12	0.00	11.24	1033.72
	2150.13	0.00	11.30	1052.72
	2150.14	0.00	11.27	1043.70
	2150.15	0.00	11.18	1035.79
	2150.16	0.00	11.25	1043.74
	2150.17	0.00	11.25	1046.82
	2150.18	0.00	11.24	1046.83
	2150.20	0.00	11.24	1049.83
	2150.21	0.00	11.15	1031.81
	2150.22	0.00	11.14	1027.79
	2150.23	0.00	11.25	1050.80
	2150.24	0.00	11.26	1054.80
	2150.26	0.00	11.29	1058.80
	2150.27	0.00	11.28	1059.82
	2150.28	0.00	11.28	1062.82
	2150.29	0.00	11.26	1058.83
	2150.30	0.00	11.30	1063.80
	2150.31	0.00	11.30	1069.84
	2150.33	0.00	11.23	1046.85
	2150.34	0.00	11.29	1067.85
	2150.35	0.00	11.28	1067.87
	2150.36	0.00	11.29	1070.85
	2150.37	0.00	11.29	1069.85
	2150.38	0.00	11.28	1065.82
	2150.40	0.00	11.30	1066.82
	2150.41	0.00	11.31	1069.80
	2150.42	0.00	11.32	1067.80
	2150.43	0.00	11.32	1067.80
	2150.44	0.00	11.32	1068.81
	2150.45	0.00	11.32	1069.80
	2150.47	0.00	11.29	1062.79
	2150.48	0.00	11.31	1064.79
	2150.49	0.00	11.30	1066.80
	2150.50	0.00	11.30	1064.79
	2150.51	0.00	11.30	1063.79
	2150.52	0.00	11.31	1063.79
	2150.54	0.00	11.27	1055.79
	2150.55	0.00	11.29	1059.78
	2150.56	0.00	11.30	1058.78
	2150.57	0.00	11.30	1058.78
	2150.58	0.00	11.30	1058.79
	2150.59	0.00	11.30	1060.78
	2150.61	0.00	11.30	1061.78
	2150.62	0.00	11.34	1060.73
	2150.63	0.00	11.27	1053.80
	2150.64	0.00	11.29	1062.83
	2150.65	0.00	11.28	1060.84
	2150.67	0.00	11.22	1042.83
	2150.68	0.00	11.27	1064.85
	2150.69	0.00	11.32	1064.79
	2150.70	0.00	11.30	1064.81
	2150.71	0.00	11.31	1065.80
	2150.72	0.00	11.25	1047.82
	2150.74	0.00	11.29	1065.82
	2150.75	0.00	11.30	1066.83
	2150.76	0.00	11.30	1067.81
	2150.77	0.00	11.34	1061.70
	2150.78	0.00	11.42	1064.59
	2150.79	0.00	11.42	1067.60
	2150.81	0.00	11.35	1046.60
	2150.82	0.00	11.43	1066.61
	2150.83	0.00	11.41	1066.61
	2150.84	0.00	11.41	1068.62
	2150.85	0.00	11.48	1057.42
	2150.86	0.00	11.39	1056.56
	2150.88	0.00	11.34	1054.64
	2150.89	0.00	11.32	1049.69
	2150.90	0.00	11.31	1051.72
	2150.91	0.00	11.27	1042.72
	2150.92	0.00	11.32	1053.72
	2150.93	0.00	11.21	1032.73
	2150.95	0.00	11.19	1036.81
	2150.96	0.00	11.22	1044.81
	2150.97	0.00	11.24	1042.82
	2150.98	0.00	11.25	1047.82
	2150.99	0.00	11.25	1050.81
	2151.01	0.00	11.19	1033.78
	2151.02	0.00	11.23	1043.79
	2151.03	1.00	11.23	1046.79
	2151.04	1.00	11.28	1057.79
	2151.05	1.00	11.29	1059.81
	2151.06	1.00	11.28	1062.82
	2151.07	1.00	11.28	1062.82
	2151.09	1.00	11.28	1060.78
	2151.10	1.00	11.30	1067.82
	2151.11	1.00	11.23	1048.84
	2151.12	1.00	11.29	1068.84
	2151.13	1.00	11.28	1068.85
	2151.15	1.00	11.29	1069.85
	2151.16	1.00	11.22	1049.85
	2151.17	1.00	11.28	1068.85
	2151.18	1.00	11.30	1065.80
	2151.19	1.00	11.24	1050.81
	2151.20	1.00	11.31	1068.80
	2151.22	1.00	11.31	1070.80
	2151.23	0.00	11.32	1066.76
	2151.24	0.00	11.33	1073.80
	2151.25	0.00	11.31	1069.80
	2151.26	0.00	11.29	1065.79
	2151.27	0.00	11.28	1065.81
	2151.29	0.00	11.30	1067.79
	2151.30	0.00	11.30	1066.79
	2151.31	0.00	11.29	1064.79
	2151.32	0.00	11.31	1064.78
	2151.33	0.00	11.29	1064.79
	2151.35	0.00	11.20	1036.79
	2151.36	0.00	11.28	1061.79
	2151.37	0.00	11.29	1060.79
	2151.38	0.00	11.21	1036.79
	2151.39	0.00	11.24	1043.79
	2151.40	0.00	11.31	1061.76
	2151.41	0.00	11.28	1062.82
	2151.43	0.00	11.24	1046.80
	2151.44	0.00	11.27	1062.83
	2151.45	0.00	11.28	1063.84
	2151.46	0.00	11.25	1062.87
	2151.47	0.00	11.21	1045.85
	2151.49	0.00	11.27	1061.81
	2151.50	0.00	11.30	1065.80
	2151.51	0.00	11.29	1066.82
	2151.52	0.00	11.30	1068.83
	2151.53	0.00	11.28	1065.83
	2151.54	0.00	11.28	1068.84
	2151.56	0.00	11.27	1067.86
	2151.57	0.00	11.37	1063.64
	2151.58	0.00	11.41	1067.60
	2151.59	0.00	11.43	1070.60
	2151.60	0.00	11.45	1069.58
	2151.61	0.00	11.42	1066.61
	2151.63	0.00	11.41	1065.61
	2151.64	0.00	11.41	1066.62
	2151.65	0.00	11.39	1067.62
	2151.66	0.00	11.48	1058.42
	2151.67	0.00	11.38	1055.57
	2151.68	0.00	11.34	1058.66
	2151.70	0.00	11.30	1050.70
	2151.71	0.00	11.32	1052.70
	2151.72	0.00	11.31	1053.72
	2151.73	0.00	11.30	1050.71
	2151.74	0.00	11.18	1032.79
	2151.75	0.00	11.20	1044.81
	2151.77	0.00	11.22	1044.82
	2151.78	0.00	11.17	1025.83
	2151.79	0.00	11.23	1049.84
	2151.80	0.00	11.23	1051.84
	2151.81	0.00	11.24	1051.83
	2151.82	0.00	11.20	1039.79
	2151.84	0.00	11.25	1054.81
	2151.85	0.00	11.26	1058.82
	2151.86	0.00	11.27	1062.82
	2151.87	0.00	11.20	1043.83
	2151.88	0.00	11.23	1051.78
	2151.90	0.00	11.28	1067.83
	2151.91	0.00	11.28	1068.84
	2151.92	0.00	11.30	1068.81
	2151.93	0.00	11.27	1067.85
	2151.94	0.00	11.27	1069.85
	2151.95	0.00	11.21	1050.86
	2151.97	0.00	11.28	1070.85
	2151.98	0.00	11.28	1065.82
	2151.99	0.00	11.29	1067.81
	2152.00	0.00	11.30	1070.81
	2152.01	0.00	11.31	1068.79
	2152.02	0.00	11.32	1071.80
	2152.04	0.00	11.30	1069.80
	2152.05	0.00	11.28	1066.80
	2152.06	0.00	11.27	1066.82
	2152.07	0.00	11.29	1068.80
	2152.08	0.00	11.28	1066.80
	2152.09	0.00	11.28	1066.80
	2152.11	0.00	11.28	1064.81
	2152.12	0.00	11.28	1062.80
	2152.13	0.00	11.28	1065.80
	2152.14	0.00	11.27	1063.80
	2152.15	0.00	11.26	1059.79
	2152.16	0.00	11.27	1062.80
	2152.18	0.00	11.28	1061.80
	2152.19	0.00	11.28	1062.80
	2152.20	0.00	11.27	1062.82
	2152.21	0.00	11.29	1063.80
	2152.22	0.00	11.31	1062.75
	2152.23	0.00	11.27	1063.82
	2152.25	0.00	11.27	1063.82
	2152.26	0.00	11.26	1064.85
	2152.27	0.00	11.17	1043.86
	2152.28	0.00	11.25	1066.87
	2152.29	0.00	11.26	1066.82
	2152.30	0.00	11.27	1068.82
	2152.32	0.00	11.27	1067.83
	2152.33	0.00	11.26	1065.84
	2152.34	0.00	11.26	1068.84
	2152.35	0.00	11.28	1069.81
	2152.36	0.00	11.33	1066.68
	2152.38	0.00	11.39	1070.61
	2152.39	0.00	11.38	1072.64
	2152.40	0.00	11.40	1073.62
	2152.41	0.00	11.39	1072.62
	2152.42	0.00	11.39	1071.62
	2152.43	0.00	11.37	1068.64
	2152.44	0.00	11.38	1070.63
	2152.46	0.00	11.39	1062.54
	2152.47	0.00	11.39	1056.52
	2152.48	0.00	11.33	1058.61
	2152.49	0.00	11.30	1058.66
	2152.50	0.00	11.29	1053.70
	2152.52	0.00	11.28	1054.72
	2152.53	0.00	11.26	1053.76
	2152.54	0.00	11.21	1041.73
	2152.55	0.00	11.16	1039.80
	2152.56	0.00	11.16	1045.83
	2152.57	0.00	11.21	1047.84
	2152.59	0.00	11.15	1035.85
	2152.60	0.00	11.20	1054.85
	2152.61	0.00	11.15	1038.81
	2152.62	0.00	11.20	1055.84
	2152.63	0.00	11.25	1065.83
	2152.64	0.00	11.24	1063.83
	2152.66	0.00	11.25	1063.83
	2152.67	0.00	11.23	1066.86
	2152.68	0.00	11.24	1067.84
	2152.69	0.00	11.24	1067.84
	2152.70	0.00	11.25	1064.79
	2152.71	0.00	11.25	1067.82
	2152.73	0.00	11.24	1070.86
	2152.74	0.00	11.24	1072.87
	2152.75	0.00	11.23	1071.87
	2152.76	0.00	11.23	1072.89
	2152.77	0.00	11.24	1075.87
	2152.78	0.00	11.22	1074.88
	2152.80	0.00	11.23	1074.86
	2152.81	0.00	11.24	1074.85
	2152.82	0.00	11.26	1075.83
	2152.83	0.00	11.26	1073.83
	2152.84	0.00	11.26	1074.82
	2152.86	0.00	11.25	1074.83
	2152.87	0.00	11.22	1069.82
	2152.88	0.00	11.24	1072.82
	2152.89	0.00	11.25	1073.82
	2152.90	0.00	11.24	1070.82
	2152.91	0.00	11.23	1071.82
	2152.93	0.00	11.23	1071.82
	2152.94	0.00	11.17	1050.81
	2152.95	0.00	11.24	1068.82
	2152.96	0.00	11.22	1067.82
	2152.97	0.00	11.22	1069.82
	2152.98	0.00	11.25	1068.77
	2153.00	0.00	11.22	1068.82
	2153.01	0.00	11.24	1068.82
	2153.02	0.00	11.23	1047.72
	2153.03	0.00	11.21	1070.85
	2153.04	0.00	11.22	1071.85
	2153.05	0.00	11.22	1071.87
	2153.07	0.00	11.20	1070.88
	2153.08	0.00	11.20	1051.79
	2153.09	0.00	11.18	1066.88
	2153.10	0.00	11.20	1071.88
	2153.11	0.00	11.23	1072.83
	2153.12	0.00	11.23	1072.85
	2153.14	0.00	11.22	1071.86
	2153.15	0.00	11.22	1073.87
	2153.16	0.00	11.21	1075.87
	2153.17	0.00	11.29	1072.71
	2153.18	0.00	11.33	1077.65
	2153.19	0.00	11.36	1078.63
	2153.21	0.00	11.35	1079.64
	2153.22	0.00	11.34	1072.63
	2153.23	0.00	11.34	1076.65
	2153.24	0.00	11.34	1076.65
	2153.25	0.00	11.37	1065.50
	2153.27	0.00	11.32	1065.58
	2153.28	0.00	11.33	1067.59
	2153.29	0.00	11.27	1067.67
	2153.30	0.00	11.25	1060.72
	2153.31	0.00	11.25	1064.74
	2153.32	0.00	11.23	1061.76
	2153.33	0.00	11.12	1040.79
	2153.35	0.00	11.15	1052.83
	2153.36	0.00	11.08	1036.86
	2153.37	0.00	11.18	1055.85
	2153.38	0.00	11.18	1054.85
	2153.39	0.00	11.18	1060.86
	2153.41	0.00	11.16	1060.88
	2153.42	0.00	11.16	1053.82
	2153.43	0.00	11.21	1064.83
	2153.44	0.00	11.22	1069.84
	2153.45	0.00	11.23	1072.84
	2153.46	0.00	11.21	1071.85
	2153.48	0.00	11.22	1073.85
	2153.49	0.00	11.22	1068.80
	2153.50	0.00	11.20	1071.85
	2153.51	0.00	11.23	1078.86
	2153.52	0.00	11.22	1076.87
	2153.53	0.00	11.22	1077.88
	2153.55	0.00	11.22	1078.89
	2153.56	0.00	11.22	1079.88
	2153.57	0.00	11.23	1077.88
	2153.58	0.00	11.23	1073.84
	2153.59	0.00	11.24	1077.84
	2153.61	0.00	11.25	1078.83
	2153.62	0.00	11.26	1076.82
	2153.63	0.00	11.27	1075.80
	2153.64	0.00	11.23	1071.82
	2153.65	0.00	11.17	1054.82
	2153.66	0.00	11.23	1074.82
	2153.67	0.00	11.25	1072.81
	2153.69	0.00	11.26	1074.82
	2153.70	0.00	11.24	1072.82
	2153.71	0.00	11.24	1072.82
	2153.72	0.00	11.29	1070.73
	2153.73	0.00	11.21	1064.82
	2153.75	0.00	11.24	1066.81
	2153.76	0.00	11.24	1067.81
	2153.77	0.00	11.24	1066.81
	2153.78	0.00	11.25	1070.81
	2153.79	0.00	11.25	1067.81
	2153.80	0.00	11.25	1069.81
	2153.82	0.00	11.21	1047.76
	2153.83	0.00	11.24	1071.86
	2153.84	0.00	11.22	1068.87
	2153.85	0.00	11.23	1069.87
	2153.86	0.00	11.25	1067.79
	2153.87	0.00	11.24	1068.82
	2153.89	0.00	11.24	1068.82
	2153.90	0.00	11.24	1070.84
	2153.91	0.00	11.23	1068.87
	2153.92	0.00	11.24	1073.85
	2153.93	0.00	11.24	1070.86
	2153.94	0.00	11.31	1067.69
	2153.96	0.00	11.35	1069.64
	2153.97	0.00	11.37	1073.62
	2153.98	0.00	11.38	1073.62
	2153.99	0.00	11.38	1074.62
	2154.00	0.00	11.37	1071.62
	2154.01	0.00	11.35	1067.63
	2154.03	0.00	11.42	1064.48
	2154.04	0.00	11.37	1061.53
	2154.05	0.00	11.29	1061.67
	2154.06	0.00	11.24	1050.68
	2154.07	0.00	11.30	1059.69
	2154.09	0.00	11.22	1035.72
	2154.10	0.00	11.27	1055.74
	2154.11	0.00	11.18	1040.74
	2154.12	0.00	11.15	1037.80
	2154.13	0.00	11.17	1046.83
	2154.14	0.00	11.19	1046.86
	2154.16	0.00	11.20	1051.84
	2154.17	0.00	11.20	1052.84
	2154.18	0.00	11.13	1034.84
	2154.19	0.00	11.14	1042.84
	2154.20	0.00	11.21	1054.81
	2154.21	0.00	11.16	1040.82
	2154.23	0.00	11.19	1041.82
	2154.24	0.00	11.22	1063.84
	2154.25	0.00	11.21	1061.84
	2154.26	0.00	11.24	1066.84
	2154.27	0.00	11.17	1045.84
	2154.28	0.00	11.24	1066.83
	2154.30	0.00	11.25	1070.85
	2154.31	0.00	11.24	1070.86
	2154.32	0.00	11.24	1070.87
	2154.33	0.00	11.25	1072.87
	2154.34	0.00	11.23	1067.84
	2154.35	0.00	11.25	1069.83
	2154.37	0.00	11.20	1050.82
	2154.38	0.00	11.21	1059.82
	2154.39	0.00	11.27	1072.82
	2154.40	0.00	11.26	1067.81
	2154.41	0.00	11.28	1073.80
	2154.42	0.00	11.25	1066.81
	2154.44	0.00	11.25	1069.81
	2154.45	0.00	11.19	1048.81
	2154.46	0.00	11.25	1068.82
	2154.47	0.00	11.18	1048.81
	2154.48	0.00	11.25	1067.80
	2154.50	0.00	11.25	1066.81
	2154.51	0.00	11.17	1042.80
	2154.52	0.00	11.22	1059.81
	2154.53	0.00	11.23	1063.80
	2154.54	0.00	11.24	1065.80
	2154.55	0.00	11.23	1061.82
	2154.57	0.00	11.25	1065.81
	2154.58	0.00	11.28	1064.74
	2154.59	0.00	11.24	1065.82
	2154.60	0.00	11.22	1065.86
	2154.61	0.00	11.19	1063.86
	2154.62	0.00	11.21	1067.86
	2154.64	0.00	11.21	1069.87
	2154.65	0.00	11.25	1066.79
	2154.66	0.00	11.25	1071.82
	2154.67	0.00	11.24	1069.83
	2154.68	0.00	11.24	1071.85
	2154.69	0.00	11.22	1072.87
	2154.71	0.00	11.18	1067.87
	2154.72	0.00	11.21	1064.77
	2154.73	0.00	11.33	1079.63
	2154.74	0.00	11.33	1080.63
	2154.75	0.00	11.35	1086.64
	2154.76	0.00	11.33	1084.64
	2154.78	0.00	11.31	1082.65
	2154.79	0.00	11.32	1083.62
	2154.80	0.00	11.30	1083.66
	2154.81	0.00	11.34	1073.51
	2154.82	0.00	11.26	1073.65
	2154.83	0.00	11.24	1071.67
	2154.85	0.00	11.25	1075.69
	2154.86	0.00	11.22	1068.71
	2154.87	0.00	11.22	1070.75
	2154.88	0.00	11.20	1071.78
	2154.89	0.00	11.09	1047.80
	2154.90	0.00	11.02	1036.84
	2154.92	0.00	11.11	1062.85
	2154.93	0.00	11.14	1061.85
	2154.94	0.00	11.12	1065.87
	2154.95	0.00	11.12	1067.87
	2154.96	0.00	11.06	1049.87
	2154.98	0.00	11.07	1055.85
	2154.99	0.00	11.16	1073.84
	2155.00	0.00	11.17	1077.85
	2155.01	0.00	11.16	1078.86
	2155.02	0.00	11.17	1080.87
	2155.03	0.00	11.15	1078.87
	2155.05	0.00	11.18	1077.81
	2155.06	0.00	11.17	1081.85
	2155.07	0.00	11.18	1085.88
	2155.08	0.00	11.18	1087.89
	2155.09	0.00	11.18	1086.89
	2155.10	0.00	11.17	1088.89
	2155.12	0.00	11.17	1084.86
	2155.13	0.00	11.18	1086.85
	2155.14	0.00	11.20	1088.84
	2155.15	0.00	11.18	1086.86
	2155.16	0.00	11.20	1087.84
	2155.17	0.00	11.20	1086.84
	2155.19	0.00	11.20	1087.84
	2155.20	0.00	11.16	1079.84
	2155.21	0.00	11.18	1084.84
	2155.22	0.00	11.17	1082.84
	2155.23	0.00	11.12	1061.84
	2155.25	0.00	11.16	1060.76
	2155.26	0.00	11.17	1079.84
	2155.27	0.00	11.17	1079.84
	2155.28	0.00	11.15	1076.84
	2155.29	0.00	11.19	1075.77
	2155.30	0.00	11.14	1075.84
	2155.32	0.00	11.16	1076.84
	2155.33	0.00	11.08	1056.84
	2155.34	0.00	11.09	1059.83
	2155.35	0.00	11.17	1079.81
	2155.36	0.00	11.15	1079.85
	2155.37	0.00	11.13	1080.88
	2155.38	0.00	11.11	1079.91
	2155.40	0.00	11.02	1055.90
	2155.41	0.00	11.10	1076.91
	2155.42	0.00	11.12	1075.86
	2155.43	0.00	11.12	1077.88
	2155.44	0.00	11.10	1074.89
	2155.46	0.00	11.12	1078.90
	2155.47	0.00	11.11	1076.90
	2155.48	0.00	11.08	1077.93
	2155.49	0.00	11.08	1074.93
	2155.50	0.00	11.16	1071.75
	2155.51	0.00	11.21	1075.68
	2155.53	0.00	11.22	1074.68
	2155.54	0.00	11.20	1070.69
	2155.55	0.00	11.21	1064.68
	2155.56	0.00	11.21	1048.67
	2155.57	0.00	11.20	1039.68
	2155.58	0.00	11.19	1027.66
	2155.60	0.00	11.23	1005.48
	2155.61	0.00	11.16	988.58
	2155.62	0.00	11.14	974.61
	2155.63	0.00	11.19	964.53
	2155.64	0.00	11.20	944.42
	2155.65	0.00	11.28	934.31
	2155.67	0.00	11.26	909.21
	2155.68	0.00	11.32	908.15
	2155.69	0.00	11.29	905.16
	2155.70	0.00	11.32	903.15
	2155.71	0.00	11.33	902.13
	2155.72	0.00	11.25	880.15
	2155.74	0.00	11.34	899.11
	2155.75	0.00	11.30	882.04
	2155.76	0.00	11.39	901.04
	2155.77	0.00	11.37	895.04
	2155.78	0.00	11.41	899.02
	2155.79	0.00	11.40	894.02
	2155.81	0.00	11.40	894.02
	2155.82	0.00	11.40	894.02
	2155.83	0.00	11.43	893.00
	2155.84	0.00	11.41	895.97
	2155.85	0.00	11.40	891.98
	2155.87	0.00	11.34	872.98
	2155.88	0.00	11.42	893.99
	2155.89	0.00	11.42	892.99
	2155.90	0.00	11.42	892.99
	2155.91	0.00	11.42	892.99
	2155.92	0.00	11.43	893.97
	2155.93	0.00	11.41	888.96
	2155.95	0.00	11.44	892.96
	2155.96	0.00	11.44	893.97
	2155.97	0.00	11.45	891.94
	2155.98	0.00	11.45	892.96
	2155.99	0.00	11.45	893.96
	2156.00	0.00	11.45	893.96
	2156.02	0.00	11.46	892.94
	2156.03	0.00	11.44	890.93
	2156.04	0.00	11.49	895.92
	2156.05	0.00	11.47	893.93
	2156.06	0.00	11.46	891.93
	2156.07	0.00	11.47	894.93
	2156.09	0.00	11.48	895.93
	2156.10	0.00	11.48	891.93
	2156.11	0.00	11.46	891.94
	2156.12	0.00	11.47	892.93
	2156.13	0.00	11.47	892.93
	2156.14	0.00	11.48	892.92
	2156.16	0.00	11.48	892.92
	2156.17	0.00	11.50	891.89
	2156.18	0.00	11.38	867.87
	2156.19	0.00	11.28	853.93
	2156.20	0.00	11.40	882.94
	2156.21	0.00	11.45	891.94
	2156.23	0.00	11.46	894.94
	2156.24	0.00	11.28	897.18
	2156.25	0.00	11.06	908.48
	2156.26	0.00	10.78	927.84
	2156.27	0.00	10.63	959.96
	2156.28	0.00	10.50	986.03
	2156.30	0.00	10.48	1000.03
	2156.31	0.00	10.56	1037.01
	2156.32	0.00	10.62	1051.95
	2156.33	0.00	10.63	1071.96
	2156.34	0.00	10.58	1088.94
	2156.35	0.00	10.71	1152.89
	2156.37	0.00	10.64	1189.06
	2156.38	0.00	10.61	1218.10
	2156.39	0.00	10.59	1232.14
	2156.40	0.00	10.57	1241.23
	2156.41	0.00	10.62	1253.23
	2156.42	0.00	10.67	1256.23
	2156.44	0.00	10.71	1257.23
	2156.45	0.00	10.77	1260.23
	2156.46	0.00	10.86	1258.11
	2156.47	0.00	10.86	1253.18
	2156.48	0.00	10.86	1230.17
	2156.50	0.00	10.96	1244.16
	2156.51	0.00	11.03	1238.14
	2156.52	0.00	11.14	1229.01
	2156.53	0.00	11.14	1219.10
	2156.54	0.00	11.16	1195.07
	2156.55	0.00	11.30	1213.04
	2156.57	0.00	11.36	1207.01
	2156.58	0.00	11.42	1196.99
	2156.59	0.00	11.43	1178.95
	2156.60	0.00	11.54	1192.94
	2156.61	0.00	11.60	1190.92
	2156.62	0.00	11.68	1194.85
	2156.64	0.00	11.67	1194.90
	2156.65	0.00	11.80	1217.87
	2156.66	0.00	11.85	1215.84
	2156.67	0.00	11.92	1218.82
	2156.68	0.00	11.98	1221.77
	2156.69	0.00	12.07	1216.67
	2156.71	0.00	12.16	1212.55
	2156.72	0.00	12.26	1211.40
	2156.73	0.00	12.35	1190.23
	2156.74	0.00	12.45	1206.17
	2156.75	0.00	12.48	1195.10
	2156.76	0.00	12.59	1184.91
	2156.78	0.00	12.63	1151.76
	2156.79	0.00	12.77	1152.57
	2156.80	0.00	12.92	1140.33
	2156.81	0.00	13.31	1135.19
	2156.82	0.00	13.46	1140.15
	2156.83	0.00	13.59	1153.10
	2156.85	0.00	13.67	1152.07
	2156.86	0.00	13.66	1135.01
	2156.87	0.00	13.66	1122.91
	2156.88	0.00	13.40	1072.92
	2156.89	0.00	13.23	1061.86
	2156.90	0.00	13.16	1030.81
	2156.92	0.00	12.96	1021.80
	2156.93	0.00	12.91	1013.82
	2156.94	0.00	12.74	1007.97
	2156.95	0.00	12.41	995.31
	2156.96	0.00	12.11	967.54
	2156.98	0.00	11.79	954.85
	2156.99	0.00	11.70	941.86
	2157.00	0.00	11.77	957.82
	2157.01	0.00	11.78	954.79
	2157.02	0.00	11.79	951.77
	2157.03	0.00	11.78	949.77
	2157.04	0.00	11.68	927.79
	2157.06	0.00	11.75	947.79
	2157.07	0.00	11.68	930.82
	2157.08	0.00	11.66	925.82
	2157.09	0.00	11.66	924.83
	2157.10	0.00	11.66	924.81
	2157.11	0.00	11.59	905.83
	2157.13	0.00	11.66	919.84
	2157.14	0.00	11.66	920.85
	2157.15	0.00	11.66	920.85
	2157.16	0.00	11.66	921.86
	2157.17	0.00	11.65	920.86
	2157.19	0.00	11.52	893.86
	2157.20	0.00	11.51	896.88
	2157.21	0.00	11.54	897.85
	2157.22	0.00	11.59	898.79
	2157.23	0.00	11.58	898.81
	2157.24	0.00	11.51	883.83
	2157.25	0.00	11.59	908.86
	2157.27	0.00	11.61	912.86
	2157.28	0.00	11.63	916.86
	2157.29	0.00	11.63	915.86
	2157.30	0.00	11.63	918.86
	2157.31	0.00	11.64	916.85
	2157.32	0.00	11.65	920.85
	2157.34	0.00	11.65	923.86
	2157.35	0.00	11.69	922.88
	2157.36	0.00	11.69	928.89
	2157.37	0.00	11.68	930.89
	2157.38	0.00	11.63	913.88
	2157.39	0.00	11.68	935.90
	2157.41	0.00	11.52	939.10
	2157.42	0.00	11.39	940.19
	2157.43	0.00	10.88	963.84
	2157.44	0.00	10.52	1021.15
	2157.45	0.00	10.55	1108.18
	2157.46	0.00	10.51	1145.20
	2157.48	0.00	10.57	1168.08
	2157.49	0.00	10.59	1200.15
	2157.50	0.00	10.66	1229.18
	2157.51	0.00	10.65	1240.20
	2157.52	0.00	10.74	1288.22
	2157.53	0.00	10.70	1292.24
	2157.55	0.00	10.79	1324.31
	2157.56	0.00	10.78	1316.32
	2157.57	0.00	10.91	1342.33
	2157.58	0.00	10.97	1345.32
	2157.59	0.00	10.97	1319.27
	2157.60	0.00	11.10	1331.27
	2157.62	0.00	11.17	1326.24
	2157.63	0.00	11.25	1316.20
	2157.64	0.00	11.30	1307.20
	2157.65	0.00	11.36	1274.10
	2157.66	0.00	11.47	1277.05
	2157.68	0.00	11.55	1267.01
	2157.69	0.00	11.62	1256.95
	2157.70	0.00	11.68	1252.93
	2157.71	0.00	11.75	1247.89
	2157.72	0.00	11.82	1243.84
	2157.73	0.00	11.90	1244.78
	2157.75	0.00	11.97	1239.73
	2157.76	0.00	11.97	1224.70
	2157.77	0.00	12.01	1225.68
	2157.78	0.00	12.10	1248.65
	2157.79	0.00	12.13	1249.65
	2157.80	0.00	12.15	1233.59
	2157.82	0.00	12.25	1253.51
	2157.83	0.00	12.24	1219.42
	2157.84	0.00	12.34	1241.38
	2157.85	0.00	12.39	1231.30
	2157.86	0.00	12.45	1220.17
	2157.87	0.00	12.56	1214.95
	2157.89	0.00	12.60	1202.88
	2157.90	0.00	12.53	1191.94
	2157.91	0.00	12.61	1182.81
	2157.92	0.00	12.57	1144.75
	2157.93	0.00	12.64	1149.70
	2157.94	0.00	12.69	1134.57
	2157.96	0.00	12.71	1119.51
	2157.97	0.00	12.83	1100.30
	2157.98	0.00	12.83	1075.21
	2157.99	0.00	12.96	1091.09
	2158.00	0.00	13.00	1087.03
	2158.01	0.00	13.01	1078.99
	2158.03	0.00	12.95	1045.93
	2158.04	0.00	12.97	1055.92
	2158.05	0.00	13.00	1049.87
	2158.06	0.00	13.04	1043.84
	2158.07	0.00	13.04	1032.80
	2158.09	0.00	13.00	1028.81
	2158.10	0.00	12.98	1021.80
	2158.11	0.00	12.86	1015.89
	2158.12	0.00	12.72	1003.00
	2158.13	0.00	12.50	982.13
	2158.14	0.00	12.09	954.49
	2158.15	0.00	11.81	949.84
	2158.17	0.00	11.73	946.92
	2158.18	0.00	11.66	932.90
	2158.19	0.00	11.65	926.89
	2158.20	0.00	11.63	922.88
	2158.21	0.00	11.63	921.88
	2158.22	0.00	11.63	919.88
	2158.24	0.00	11.61	916.88
	2158.25	0.00	11.54	899.87
	2158.26	0.00	11.55	899.85
	2158.27	0.00	11.53	896.85
	2158.28	0.00	11.48	887.86
	2158.30	0.00	11.56	896.83
	2158.31	0.00	11.57	901.84
	2158.32	0.00	11.48	887.86
	2158.33	0.00	11.47	888.88
	2158.34	0.00	11.47	887.87
	2158.35	0.00	11.39	866.87
	2158.36	0.00	11.43	869.84
	2158.38	0.00	11.48	888.86
	2158.39	0.00	11.52	896.87
	2158.40	0.00	11.54	901.88
	2158.41	0.00	11.55	904.89
	2158.42	0.00	11.57	907.89
	2158.43	0.00	11.57	908.89
	2158.45	0.00	11.61	907.89
	2158.46	0.00	11.62	907.90
	2158.47	0.00	11.60	907.90
	2158.48	0.00	11.60	909.91
	2158.49	0.00	11.60	906.91
	2158.50	0.00	11.60	912.91
	2158.52	0.00	11.50	888.91
	2158.53	0.00	11.55	898.90
	2158.54	0.00	11.62	919.91
	2158.55	0.00	11.53	898.88
	2158.56	0.00	11.58	908.88
	2158.57	0.00	11.52	893.89
	2158.59	0.00	11.53	896.89
	2158.60	0.00	11.61	929.93
	2158.61	0.00	11.39	918.14
	2158.62	0.00	11.00	962.75
	2158.63	0.00	10.58	1029.13
	2158.64	0.00	10.25	1067.31
	2158.66	0.00	10.14	1100.38
	2158.67	0.00	10.34	1182.27
	2158.68	0.00	10.24	1177.31
	2158.69	0.00	10.32	1206.27
	2158.70	0.00	10.31	1213.29
	2158.71	0.00	10.32	1272.34
	2158.73	0.00	10.26	1309.39
	2158.74	0.00	10.20	1312.38
	2158.75	0.00	10.21	1335.43
	2158.76	0.00	10.31	1371.44
	2158.77	0.00	10.52	1409.40
	2158.78	0.00	10.41	1376.39
	2158.80	0.00	10.39	1358.41
	2158.81	0.00	10.51	1377.40
	2158.82	0.00	10.52	1355.39
	2158.83	0.00	10.60	1347.38
	2158.84	0.00	10.71	1358.37
	2158.86	0.00	10.76	1326.35
	2158.87	0.00	10.97	1314.32
	2158.88	0.00	11.00	1289.30
	2158.89	0.00	11.13	1297.27
	2158.90	0.00	11.19	1274.18
	2158.91	0.00	11.23	1270.21
	2158.92	0.00	11.28	1270.19
	2158.94	0.00	11.38	1289.16
	2158.95	0.00	11.38	1274.15
	2158.96	0.00	11.44	1295.14
	2158.97	0.00	11.54	1307.13
	2158.98	0.00	11.51	1281.10
	2159.00	0.00	11.56	1285.08
	2159.01	0.00	11.69	1315.04
	2159.02	0.00	11.71	1301.02
	2159.03	0.00	11.76	1297.00
	2159.04	0.00	11.86	1315.97
	2159.05	0.00	11.88	1295.93
	2159.07	0.00	12.03	1312.87
	2159.08	0.00	12.17	1324.73
	2159.09	0.00	12.19	1297.71
	2159.10	0.00	12.25	1277.60
	2159.11	0.00	12.48	1304.38
	2159.12	0.00	12.57	1290.23
	2159.14	0.00	12.76	1281.91
	2159.15	0.00	12.84	1256.73
	2159.16	0.00	13.02	1255.47
	2159.17	0.00	13.13	1239.28
	2159.18	0.00	13.12	1202.22
	2159.19	0.00	13.18	1202.15
	2159.21	0.00	13.22	1190.10
	2159.22	0.00	13.19	1152.04
	2159.23	0.00	13.23	1143.01
	2159.24	0.00	13.26	1152.98
	2159.25	0.00	13.32	1151.91
	2159.26	0.00	13.20	1099.90
	2159.28	0.00	13.22	1103.87
	2159.29	0.00	13.12	1064.86
	2159.30	0.00	13.14	1070.83
	2159.31	0.00	13.04	1044.85
	2159.32	0.00	12.97	1050.91
	2159.33	0.00	12.80	1036.03
	2159.35	0.00	12.61	1014.15
	2159.36	0.00	12.27	1007.54
	2159.37	0.00	11.98	990.82
	2159.38	0.00	11.86	976.91
	2159.39	0.00	11.84	980.90
	2159.41	0.00	11.80	972.91
	2159.42	0.00	11.70	946.91
	2159.43	0.00	11.64	935.91
	2159.44	0.00	11.66	937.88
	2159.45	0.00	11.70	949.89
	2159.46	0.00	11.71	953.91
	2159.47	0.00	11.62	927.89
	2159.49	0.00	11.59	917.90
	2159.50	0.00	11.63	933.91
	2159.51	0.00	11.64	932.91
	2159.52	0.00	11.60	910.85
	2159.53	0.00	11.56	910.91
	2159.54	0.00	11.64	929.90
	2159.56	0.00	11.65	930.89
	2159.57	0.00	11.60	910.86
	2159.58	0.00	11.66	930.88
	2159.59	0.00	11.67	932.88
	2159.60	0.00	11.68	934.88
	2159.61	0.00	11.67	933.88
	2159.63	0.00	11.67	932.88
	2159.64	0.00	11.69	934.88
	2159.65	0.00	11.63	915.87
	2159.66	0.00	11.70	934.86
	2159.67	0.00	11.69	931.86
	2159.68	0.00	11.63	913.85
	2159.70	0.00	11.72	932.84
	2159.71	0.00	11.69	932.85
	2159.72	0.00	11.70	936.86
	2159.73	0.00	11.68	932.86
	2159.74	0.00	11.69	933.85
	2159.75	0.00	11.71	933.84
	2159.77	0.00	11.71	933.83
	2159.78	0.00	11.67	917.84
	2159.79	0.00	11.63	916.86
	2159.80	0.00	11.63	917.87
	2159.81	0.00	11.69	934.86
	2159.82	0.00	11.52	907.94
	2159.84	0.00	11.38	924.09
	2159.85	0.00	10.85	951.84
	2159.86	0.00	10.64	1057.12
	2159.87	0.00	10.43	1115.23
	2159.88	0.00	10.51	1167.21
	2159.89	0.00	10.47	1185.28
	2159.90	0.00	10.47	1198.27
	2159.92	0.00	10.57	1238.27
	2159.93	0.00	10.53	1242.28
	2159.94	0.00	10.53	1262.30
	2159.95	0.00	10.59	1314.32
	2159.96	0.00	10.50	1322.36
	2159.98	0.00	10.55	1359.40
	2159.99	0.00	10.61	1364.34
	2160.00	0.00	10.57	1340.43
	2160.01	0.00	10.73	1349.42
	2160.02	0.00	10.73	1322.41
	2160.03	0.00	10.85	1335.40
	2160.05	0.00	10.91	1325.39
	2160.06	0.00	10.96	1313.35
	2160.07	0.00	11.02	1302.37
	2160.08	0.00	11.04	1274.35
	2160.09	0.00	11.10	1264.32
	2160.10	0.00	11.23	1280.28
	2160.12	0.00	11.26	1261.20
	2160.13	0.00	11.40	1268.15
	2160.14	0.00	11.49	1269.11
	2160.15	0.00	11.47	1244.11
	2160.16	0.00	11.58	1248.05
	2160.18	0.00	11.68	1265.01
	2160.19	0.00	11.73	1239.87
	2160.20	0.00	11.80	1251.87
	2160.21	0.00	11.89	1268.86
	2160.22	0.00	11.89	1251.83
	2160.23	0.00	11.94	1268.82
	2160.25	0.00	11.85	1234.83
	2160.26	0.00	11.85	1244.89
	2160.27	0.00	11.89	1249.89
	2160.28	0.00	11.84	1221.87
	2160.29	0.00	11.93	1242.84
	2160.30	0.00	11.93	1207.76
	2160.32	0.00	12.04	1209.68
	2160.33	0.00	12.11	1198.56
	2160.34	0.00	12.22	1192.40
	2160.35	0.00	12.35	1187.20
	2160.36	0.00	12.61	1197.85
	2160.37	0.00	12.65	1171.75
	2160.39	0.00	12.64	1158.71
	2160.40	0.00	12.63	1142.67
	2160.41	0.00	12.69	1114.53
	2160.42	0.00	12.83	1109.35
	2160.43	0.00	12.96	1121.21
	2160.44	0.00	12.96	1106.16
	2160.46	0.00	12.96	1097.13
	2160.47	0.00	12.88	1065.11
	2160.48	0.00	12.90	1054.06
	2160.49	0.00	12.92	1068.06
	2160.50	0.00	12.84	1043.07
	2160.51	0.00	12.74	1049.15
	2160.53	0.00	12.35	994.41
	2160.54	0.00	12.13	984.63
	2160.55	0.00	11.88	991.98
	2160.56	0.00	11.82	981.99
	2160.57	0.00	11.64	953.04
	2160.58	0.00	11.67	947.02
	2160.60	0.00	11.63	944.03
	2160.61	0.00	11.61	942.03
	2160.62	0.00	11.63	937.99
	2160.63	0.00	11.68	959.02
	2160.64	0.00	11.68	957.01
	2160.65	0.00	11.59	934.01
	2160.67	0.00	11.58	933.02
	2160.68	0.00	11.67	954.01
	2160.69	0.00	11.58	930.00
	2160.70	0.00	11.65	951.00
	2160.71	0.00	11.60	929.98
	2160.72	0.00	11.65	946.98
	2160.74	0.00	11.60	928.98
	2160.75	0.00	11.68	948.97
	2160.76	0.00	11.61	930.99
	2160.77	0.00	11.71	953.97
	2160.78	0.00	11.70	952.97
	2160.79	0.00	11.70	952.97
	2160.80	0.00	11.63	936.00
	2160.82	0.00	11.61	929.98
	2160.83	0.00	11.71	952.96
	2160.84	0.00	11.71	952.96
	2160.85	0.00	11.66	933.94
	2160.86	0.00	11.65	933.95
	2160.87	0.00	11.66	933.95
	2160.89	0.00	11.65	932.95
	2160.90	0.00	11.66	941.95
	2160.91	0.00	11.57	918.96
	2160.92	0.00	11.57	920.97
	2160.93	0.00	11.63	939.98
	2160.94	0.00	11.55	919.99
	2160.96	0.00	11.53	913.98
	2160.97	0.00	11.56	917.98
	2160.98	0.00	11.56	917.98
	2160.99	0.00	11.56	917.97
	2161.00	0.00	11.47	939.18
	2161.01	0.00	11.22	926.37
	2161.03	0.00	10.72	953.03
	2161.04	0.00	10.45	1006.28
	2161.05	0.00	10.34	1071.39
	2161.06	0.00	10.41	1126.34
	2161.07	0.00	10.39	1148.39
	2161.08	0.00	10.40	1146.27
	2161.10	0.00	10.51	1170.25
	2161.11	0.00	10.57	1195.25
	2161.12	0.00	10.66	1224.19
	2161.13	0.00	10.69	1253.27
	2161.14	0.00	10.79	1283.28
	2161.16	0.00	10.81	1298.32
	2161.17	0.00	10.90	1324.34
	2161.18	0.00	10.99	1341.37
	2161.19	0.00	11.00	1330.35
	2161.20	0.00	11.08	1330.34
	2161.21	0.00	11.11	1322.33
	2161.22	0.00	11.11	1292.31
	2161.24	0.00	11.14	1278.31
	2161.25	0.00	11.23	1262.23
	2161.26	0.00	11.27	1249.18
	2161.27	0.00	11.34	1234.12
	2161.28	0.00	11.38	1223.11
	2161.30	0.00	11.43	1212.08
	2161.31	0.00	11.49	1205.05
	2161.32	0.00	11.57	1194.00
	2161.33	0.00	11.67	1187.91
	2161.34	0.00	11.74	1182.84
	2161.35	0.00	11.86	1176.71
	2161.37	0.00	11.90	1173.68
	2161.38	0.00	11.96	1172.61
	2161.39	0.00	12.00	1168.57
	2161.40	0.00	12.11	1171.44
	2161.41	0.00	12.18	1169.34
	2161.42	0.00	12.22	1166.27
	2161.44	0.00	12.31	1170.16
	2161.45	0.00	12.38	1171.08
	2161.46	0.00	12.41	1165.01
	2161.47	0.00	12.52	1183.90
	2161.48	0.00	12.55	1160.78
	2161.50	0.00	12.50	1150.81
	2161.51	0.00	12.51	1146.80
	2161.52	0.00	12.54	1149.78
	2161.53	0.00	12.56	1116.66
	2161.54	0.00	12.56	1107.61
	2161.55	0.00	12.62	1099.50
	2161.56	0.00	12.71	1077.30
	2161.58	0.00	12.81	1094.23
	2161.59	0.00	12.85	1092.18
	2161.60	0.00	12.89	1093.13
	2161.61	0.00	12.89	1069.07
	2161.62	0.00	12.88	1060.05
	2161.64	0.00	12.90	1054.99
	2161.65	0.00	13.18	1093.96
	2161.66	0.00	12.98	1063.93
	2161.67	0.00	13.06	1050.81
	2161.68	0.00	13.09	1046.78
	2161.69	0.00	13.06	1033.77
	2161.70	0.00	13.10	1048.78
	2161.72	0.00	12.98	1017.79
	2161.73	0.00	12.89	1007.86
	2161.74	0.00	12.74	1017.02
	2161.75	0.00	12.54	988.12
	2161.76	0.00	12.26	954.30
	2161.77	0.00	12.01	946.56
	2161.79	0.00	11.98	960.65
	2161.80	0.00	11.80	923.65
	2161.81	0.00	11.89	943.64
	2161.82	0.00	11.85	926.62
	2161.83	0.00	11.82	921.62
	2161.84	0.00	11.88	938.62
	2161.86	0.00	11.79	919.64
	2161.87	0.00	11.80	919.62
	2161.88	0.00	11.80	918.62
	2161.89	0.00	11.79	917.62
	2161.90	0.00	11.77	919.63
	2161.91	0.00	11.77	917.64
	2161.93	0.00	11.78	914.60
	2161.94	0.00	11.75	915.63
	2161.95	0.00	11.75	918.67
	2161.96	0.00	11.75	919.67
	2161.97	0.00	11.76	921.68
	2161.98	0.00	11.76	921.68
	2162.00	0.00	11.78	922.66
	2162.01	0.00	11.79	922.66
	2162.02	0.00	11.79	926.66
	2162.03	0.00	11.80	922.65
	2162.04	0.00	11.80	923.64
	2162.05	0.00	11.81	924.63
	2162.07	0.00	11.82	928.63
	2162.08	0.00	11.85	928.62
	2162.09	0.00	11.85	929.61
	2162.10	0.00	11.86	928.61
	2162.11	0.00	11.85	929.62
	2162.12	0.00	11.93	951.62
	2162.14	0.00	11.84	929.62
	2162.15	0.00	11.84	927.61
	2162.16	0.00	11.87	929.59
	2162.17	0.00	11.86	931.60
	2162.18	0.00	11.86	931.60
	2162.19	0.00	11.87	933.60
	2162.20	0.00	11.89	931.58
	2162.22	0.00	11.90	930.57
	2162.23	0.00	11.93	952.61
	2162.24	0.00	11.54	935.03
	2162.25	0.00	11.12	950.58
	2162.26	0.00	10.74	1014.08
	2162.28	0.00	10.43	1044.28
	2162.29	0.00	10.34	1076.33
	2162.30	0.00	10.28	1086.32
	2162.31	0.00	10.37	1097.32
	2162.32	0.00	10.54	1141.31
	2162.33	0.00	10.57	1165.33
	2162.34	0.00	10.60	1228.34
	2162.36	0.00	10.46	1282.36
	2162.37	0.00	10.45	1321.40
	2162.38	0.00	10.39	1345.46
	2162.39	0.00	10.37	1365.50
	2162.40	0.00	10.35	1378.55
	2162.42	0.00	10.35	1380.56
	2162.43	0.00	10.37	1385.59
	2162.44	0.00	10.39	1374.60
	2162.45	0.00	10.44	1372.60
	2162.46	0.00	10.48	1361.58
	2162.48	0.00	10.61	1375.52
	2162.49	0.00	10.60	1345.53
	2162.50	0.00	10.70	1350.53
	2162.51	0.00	10.70	1319.51
	2162.52	0.00	10.82	1304.49
	2162.53	0.00	10.98	1283.36
	2162.54	0.00	11.06	1276.31
	2162.56	0.00	11.11	1274.31
	2162.57	0.00	11.17	1262.29
	2162.58	0.00	11.22	1263.27
	2162.59	0.00	11.27	1261.26
	2162.60	0.00	11.33	1261.25
	2162.62	0.00	11.32	1264.32
	2162.63	0.00	11.34	1251.30
	2162.64	0.00	11.41	1250.26
	2162.65	0.00	11.50	1251.19
	2162.66	0.00	11.58	1248.15
	2162.67	0.00	11.65	1234.05
	2162.69	0.00	11.68	1226.01
	2162.70	0.00	11.79	1214.92
	2162.71	0.00	11.90	1204.80
	2162.72	0.00	11.98	1199.70
	2162.73	0.00	12.10	1191.52
	2162.75	0.00	12.24	1184.31
	2162.76	0.00	12.52	1180.91
	2162.77	0.00	12.72	1189.89
	2162.78	0.00	12.81	1184.81
	2162.79	0.00	12.89	1175.75
	2162.80	0.00	12.96	1158.67
	2162.81	0.00	13.07	1152.59
	2162.83	0.00	13.20	1149.48
	2162.84	0.00	13.32	1147.36
	2162.85	0.00	13.53	1146.15
	2162.86	0.00	13.58	1142.11
	2162.87	0.00	13.58	1137.07
	2162.88	0.00	13.62	1129.00
	2162.90	0.00	13.67	1113.85
	2162.91	0.00	13.67	1105.81
	2162.92	0.00	13.60	1097.79
	2162.93	0.00	13.47	1071.79
	2162.94	0.00	13.27	1049.80
	2162.95	0.00	12.82	1003.89
	2162.97	0.00	12.53	979.05
	2162.98	0.00	12.30	949.12
	2162.99	0.00	12.17	945.23
	2163.00	0.00	11.90	940.55
	2163.01	0.00	11.73	928.70
	2163.02	0.00	11.75	928.67
	2163.04	0.00	11.77	925.63
	2163.05	0.00	11.78	928.63
	2163.06	0.00	11.77	927.63
	2163.07	0.00	11.74	924.65
	2163.08	0.00	11.74	920.65
	2163.09	0.00	11.73	919.66
	2163.11	0.00	11.72	919.67
	2163.12	0.00	11.71	919.69
	2163.13	0.00	11.73	921.67
	2163.14	0.00	11.74	923.67
	2163.15	0.00	11.74	927.70
	2163.16	0.00	11.73	928.73
	2163.18	0.00	11.73	929.73
	2163.19	0.00	11.75	929.71
	2163.20	0.00	11.72	923.71
	2163.21	0.00	11.74	925.70
	2163.22	0.00	11.76	930.68
	2163.23	0.00	11.82	931.63
	2163.25	0.00	11.82	929.61
	2163.26	0.00	11.84	930.59
	2163.27	0.00	11.87	933.59
	2163.28	0.00	11.94	954.57
	2163.29	0.00	11.95	952.57
	2163.30	0.00	11.93	937.52
	2163.31	0.00	11.98	961.57
	2163.33	0.00	11.90	937.56
	2163.34	0.00	11.93	934.49
	2163.35	0.00	11.94	934.48
	2163.36	0.00	11.93	933.49
	2163.37	0.00	11.93	932.49
	2163.38	0.00	11.97	952.52
	2163.40	0.00	11.88	928.52
	2163.41	0.00	11.93	950.56
	2163.42	0.00	11.92	951.58
	2163.43	0.00	11.86	932.57
	2163.44	0.00	11.87	929.55
	2163.45	0.00	11.94	948.55
	2163.47	0.00	11.35	937.24
	2163.48	0.00	10.87	964.86
	2163.49	0.00	10.07	1097.34
	2163.50	0.00	9.71	1197.52
	2163.51	0.00	9.78	1247.55
	2163.52	0.00	9.89	1288.50
	2163.54	0.00	9.94	1303.47
	2163.55	0.00	10.05	1325.43
	2163.56	0.00	10.13	1352.44
	2163.57	0.00	10.21	1379.45
	2163.58	0.00	10.24	1399.49
	2163.59	0.00	10.34	1422.49
	2163.61	0.00	10.41	1425.53
	2163.62	0.00	10.52	1417.48
	2163.63	0.00	10.57	1399.49
	2163.64	0.00	10.73	1370.46
	2163.65	0.00	10.91	1338.43
	2163.66	0.00	11.07	1313.38
	2163.68	0.00	11.19	1284.32
	2163.69	0.00	11.40	1270.19
	2163.70	0.00	11.55	1247.06
	2163.71	0.00	11.70	1221.90
	2163.72	0.00	11.89	1204.73
	2163.74	0.00	12.07	1190.49
	2163.75	0.00	12.42	1185.95
	2163.76	0.00	12.61	1177.65
	2163.77	0.00	12.71	1172.49
	2163.78	0.00	12.83	1168.32
	2163.79	0.00	12.86	1156.25
	2163.81	0.00	12.85	1149.23
	2163.82	0.00	12.87	1145.19
	2163.83	0.00	12.82	1127.20
	2163.84	0.00	12.81	1126.20
	2163.85	0.00	12.77	1109.21
	2163.86	0.00	12.75	1098.22
	2163.87	0.00	12.72	1092.23
	2163.89	0.00	12.76	1087.22
	2163.90	0.00	12.75	1080.22
	2163.91	0.00	12.76	1075.22
	2163.92	0.00	12.75	1067.18
	2163.93	0.00	12.77	1069.19
	2163.95	0.00	12.83	1081.19
	2163.96	0.00	12.83	1077.18
	2163.97	0.00	13.06	1091.16
	2163.98	0.00	13.11	1093.13
	2163.99	0.00	13.18	1099.09
	2164.00	0.00	13.27	1099.03
	2164.02	0.00	13.32	1091.98
	2164.03	0.00	13.41	1104.95
	2164.04	0.00	13.44	1103.91
	2164.05	0.00	13.54	1112.84
	2164.06	0.00	13.56	1109.79
	2164.07	0.00	13.47	1104.84
	2164.09	0.00	13.31	1084.86
	2164.10	0.00	12.93	1041.95
	2164.11	0.00	12.58	996.13
	2164.12	0.00	12.44	977.17
	2164.13	0.00	12.25	965.31
	2164.14	0.00	11.97	951.60
	2164.16	0.00	11.58	926.96
	2164.17	0.00	11.64	918.83
	2164.18	0.00	11.59	914.88
	2164.19	0.00	11.58	914.88
	2164.20	0.00	11.56	912.90
	2164.21	0.00	11.58	913.89
	2164.23	0.00	11.58	912.89
	2164.24	0.00	11.59	912.89
	2164.25	0.00	11.57	907.88
	2164.26	0.00	11.57	909.88
	2164.27	0.00	11.59	908.85
	2164.28	0.00	11.61	911.84
	2164.29	0.00	11.60	908.85
	2164.31	0.00	11.61	909.84
	2164.32	0.00	11.62	910.83
	2164.33	0.00	11.65	908.80
	2164.34	0.00	11.65	908.79
	2164.35	0.00	11.64	910.79
	2164.36	0.00	11.75	930.73
	2164.38	0.00	11.76	910.65
	2164.39	0.00	11.73	913.69
	2164.40	0.00	11.73	907.64
	2164.41	0.00	11.77	913.63
	2164.42	0.00	11.83	934.65
	2164.43	0.00	11.79	918.65
	2164.45	0.00	11.80	921.65
	2164.46	0.00	11.81	921.64
	2164.47	0.00	11.81	920.63
	2164.48	0.00	11.83	920.62
	2164.49	0.00	11.81	918.63
	2164.50	0.00	11.79	919.65
	2164.52	0.00	11.78	919.66
	2164.53	0.00	11.79	920.66
	2164.54	0.00	11.73	919.73
	2164.55	0.00	11.77	919.68
	2164.56	0.00	11.77	917.67
	2164.57	0.00	11.78	915.65
	2164.59	0.00	11.32	917.24
	2164.60	0.00	10.83	951.88
	2164.61	0.00	10.28	1053.35
	2164.62	0.00	9.95	1154.58
	2164.63	0.00	9.87	1189.58
	2164.64	0.00	9.88	1201.54
	2164.66	0.00	9.95	1195.52
	2164.67	0.00	10.04	1206.47
	2164.68	0.00	10.18	1274.46
	2164.69	0.00	10.30	1315.46
	2164.70	0.00	10.40	1341.51
	2164.71	0.00	10.52	1357.47
	2164.73	0.00	10.60	1358.48
	2164.74	0.00	10.70	1347.46
	2164.75	0.00	10.78	1333.41
	2164.76	0.00	10.89	1305.36
	2164.77	0.00	11.03	1276.30
	2164.79	0.00	11.17	1242.23
	2164.80	0.00	11.30	1202.12
	2164.81	0.00	11.51	1171.97
	2164.82	0.00	11.61	1142.89
	2164.83	0.00	11.80	1119.65
	2164.84	0.00	12.17	1098.01
	2164.85	0.00	12.29	1064.74
	2164.87	0.00	12.36	1060.63
	2164.88	0.00	12.40	1048.55
	2164.89	0.00	12.48	1048.46
	2164.90	0.00	12.51	1045.40
	2164.91	0.00	12.53	1046.37
	2164.93	0.00	12.56	1044.35
	2164.94	0.00	12.59	1043.34
	2164.95	0.00	12.54	1036.35
	2164.96	0.00	12.54	1033.34
	2164.97	0.00	12.57	1031.32
	2164.98	0.00	12.60	1032.28
	2165.00	0.00	12.58	1032.31
	2165.01	0.00	12.59	1032.31
	2165.02	0.00	12.60	1031.31
	2165.03	0.00	12.60	1029.31
	2165.04	0.00	12.52	1027.39
	2165.05	0.00	12.54	1031.40
	2165.07	0.00	12.49	1026.42
	2165.08	0.00	12.58	1025.33
	2165.09	0.00	12.63	1029.27
	2165.10	0.00	12.62	1020.27
	2165.11	0.00	12.64	1022.26
	2165.12	0.00	12.66	1019.21
	2165.14	0.00	12.64	1006.16
	2165.15	0.00	12.86	1021.13
	2165.16	0.00	12.87	1017.11
	2165.17	0.00	13.02	1033.04
	2165.18	0.00	13.07	1031.01
	2165.19	0.00	13.10	1031.96
	2165.21	0.00	13.15	1029.86
	2165.22	0.00	13.02	1007.75
	2165.23	0.00	13.03	1005.74
	2165.24	0.00	12.90	994.82
	2165.25	0.00	12.81	984.86
	2165.26	0.00	12.44	948.07
	2165.27	0.00	12.26	934.14
	2165.29	0.00	12.18	923.16
	2165.30	0.00	11.70	916.71
	2165.31	0.00	11.42	896.94
	2165.32	0.00	11.40	882.88
	2165.33	0.00	11.45	882.83
	2165.34	0.00	11.46	880.80
	2165.36	0.00	11.45	883.83
	2165.37	0.00	11.46	887.86
	2165.38	0.00	11.43	888.91
	2165.39	0.00	11.43	887.92
	2165.40	0.00	11.39	881.91
	2165.41	0.00	11.37	878.91
	2165.43	0.00	11.37	877.90
	2165.44	0.00	11.42	881.88
	2165.45	0.00	11.44	883.87
	2165.46	0.00	11.47	888.87
	2165.47	0.00	11.48	891.87
	2165.48	0.00	11.49	893.87
	2165.50	0.00	11.50	890.87
	2165.51	0.00	11.51	892.84
	2165.52	0.00	11.52	893.83
	2165.53	0.00	11.55	896.82
	2165.54	0.00	11.55	901.82
	2165.55	0.00	11.55	899.81
	2165.57	0.00	11.57	903.78
	2165.58	0.00	11.59	902.76
	2165.59	0.00	11.59	902.77
	2165.60	0.00	11.58	903.77
	2165.61	0.00	11.55	902.81
	2165.62	0.00	11.57	903.80
	2165.64	0.00	11.58	904.79
	2165.65	0.00	11.55	904.81
	2165.66	0.00	11.58	910.82
	2165.67	0.00	11.60	915.83
	2165.68	0.00	11.59	915.84
	2165.69	0.00	11.58	916.86
	2165.70	0.00	11.61	918.84
	2165.72	0.00	11.59	914.84
	2165.73	0.00	11.59	915.84
	2165.74	0.00	11.59	914.83
	2165.75	0.00	11.60	913.81
	2165.76	0.00	11.29	916.22
	2165.77	0.00	10.70	932.88
	2165.79	0.00	10.24	1046.35
	2165.80	0.00	9.93	1139.58
	2165.81	0.00	9.81	1168.63
	2165.82	0.00	9.82	1179.60
	2165.83	0.00	9.87	1181.60
	2165.84	0.00	9.90	1187.57
	2165.86	0.00	9.57	1144.60
	2165.87	0.00	10.13	1277.60
	2165.88	0.00	10.24	1298.58
	2165.89	0.00	10.42	1318.47
	2165.90	0.00	10.52	1329.48
	2165.91	0.00	10.60	1328.46
	2165.93	0.00	10.67	1310.42
	2165.94	0.00	10.75	1287.34
	2165.95	0.00	10.80	1269.36
	2165.96	0.00	10.86	1240.31
	2165.97	0.00	10.93	1220.29
	2165.99	0.00	10.99	1199.23
	2166.00	0.00	11.14	1180.12
	2166.01	0.00	11.21	1157.15
	2166.02	0.00	11.28	1141.12
	2166.03	0.00	11.40	1127.05
	2166.04	0.00	11.53	1117.92
	2166.05	0.00	11.67	1106.80
	2166.07	0.00	11.86	1105.58
	2166.08	0.00	12.00	1100.38
	2166.09	0.00	12.22	1086.02
	2166.10	0.00	12.24	1079.96
	2166.11	0.00	12.26	1073.92
	2166.13	0.00	12.32	1068.83
	2166.14	0.00	12.28	1045.79
	2166.15	0.00	12.32	1043.73
	2166.16	0.00	12.36	1043.68
	2166.17	0.00	12.37	1042.64
	2166.18	0.00	12.37	1037.63
	2166.20	0.00	12.37	1035.62
	2166.21	0.00	12.40	1031.56
	2166.22	0.00	12.42	1030.53
	2166.23	0.00	12.43	1028.51
	2166.24	0.00	12.49	1028.43
	2166.25	0.00	12.52	1028.41
	2166.27	0.00	12.52	1026.39
	2166.28	0.00	12.60	1026.27
	2166.29	0.00	12.82	1043.26
	2166.30	0.00	12.86	1041.23
	2166.31	0.00	12.89	1044.21
	2166.32	0.00	12.90	1039.20
	2166.34	0.00	12.87	1030.20
	2166.35	0.00	12.85	1019.19
	2166.36	0.00	12.83	1015.17
	2166.37	0.00	12.86	1007.12
	2166.38	0.00	12.92	1007.03
	2166.39	0.00	12.92	1004.00
	2166.41	0.00	12.94	1001.95
	2166.42	0.00	12.70	973.94
	2166.43	0.00	12.52	963.07
	2166.44	0.00	12.33	948.18
	2166.45	0.00	12.21	933.21
	2166.46	0.00	12.08	924.31
	2166.48	0.00	11.68	911.74
	2166.49	0.00	11.46	902.97
	2166.50	0.00	11.46	895.93
	2166.51	0.00	11.33	876.90
	2166.52	0.00	11.45	896.90
	2166.53	0.00	11.47	895.89
	2166.55	0.00	11.45	897.89
	2166.56	0.00	11.46	896.90
	2166.57	0.00	11.37	879.90
	2166.58	0.00	11.47	891.91
	2166.59	0.00	11.47	894.90
	2166.60	0.00	11.49	891.87
	2166.62	0.00	11.47	894.91
	2166.63	0.00	11.46	892.92
	2166.64	0.00	11.46	893.93
	2166.65	0.00	11.46	892.93
	2166.66	0.00	11.41	877.91
	2166.67	0.00	11.34	867.90
	2166.68	0.00	11.37	871.89
	2166.70	0.00	11.37	867.88
	2166.71	0.00	11.37	870.87
	2166.72	0.00	11.41	875.88
	2166.73	0.00	11.41	876.88
	2166.74	0.00	11.45	881.88
	2166.75	0.00	11.50	884.82
	2166.77	0.00	11.50	889.87
	2166.78	0.00	11.49	884.85
	2166.79	0.00	11.49	883.84
	2166.80	0.00	11.50	886.84
	2166.81	0.00	11.52	889.85
	2166.82	0.00	11.52	897.86
	2166.84	0.00	11.54	899.85
	2166.85	0.00	11.53	899.85
	2166.86	0.00	11.54	900.85
	2166.87	0.00	11.55	902.83
	2166.88	0.00	11.55	900.83
	2166.89	0.00	11.56	901.83
	2166.91	0.00	11.56	900.82
	2166.92	0.00	11.55	902.83
	2166.93	0.00	11.57	900.81
	2166.94	0.00	11.58	901.80
	2166.95	0.00	11.60	901.77
	2166.96	0.00	11.61	904.78
	2166.98	0.00	11.37	910.10
	2166.99	0.00	10.88	931.76
	2167.00	0.00	10.28	1030.33
	2167.01	0.00	9.85	1144.64
	2167.02	0.00	9.70	1194.69
	2167.03	0.00	9.71	1205.63
	2167.05	0.00	9.80	1194.54
	2167.06	0.00	9.85	1188.49
	2167.07	0.00	10.01	1234.47
	2167.08	0.00	10.12	1287.51
	2167.09	0.00	10.27	1317.49
	2167.10	0.00	10.41	1335.49
	2167.12	0.00	10.49	1344.48
	2167.13	0.00	10.57	1352.48
	2167.14	0.00	10.65	1349.47
	2167.15	0.00	10.70	1332.45
	2167.16	0.00	10.78	1311.38
	2167.17	0.00	10.86	1287.34
	2167.19	0.00	10.93	1264.30
	2167.20	0.00	10.99	1235.25
	2167.21	0.00	11.06	1205.22
	2167.22	0.00	11.13	1175.19
	2167.23	0.00	11.17	1142.14
	2167.25	0.00	11.23	1124.10
	2167.26	0.00	11.30	1111.05
	2167.27	0.00	11.31	1076.97
	2167.28	0.00	11.38	1065.94
	2167.29	0.00	11.43	1056.88
	2167.30	0.00	11.44	1043.83
	2167.31	0.00	11.51	1040.78
	2167.33	0.00	11.58	1044.74
	2167.34	0.00	11.67	1045.62
	2167.35	0.00	11.74	1046.56
	2167.36	0.00	11.77	1045.52
	2167.37	0.00	11.85	1047.45
	2167.39	0.00	11.89	1042.37
	2167.40	0.00	12.07	1049.16
	2167.41	0.00	12.20	1049.99
	2167.42	0.00	12.28	1050.88
	2167.43	0.00	12.32	1051.84
	2167.44	0.00	12.39	1052.3.23
	2167.55	0.00	12.94	1050.19
	2167.56	0.00	12.96	1046.16
	2167.57	0.00	12.98	1039.10
	2167.58	0.00	13.04	1037.02
	2167.60	0.00	12.90	1017.94
	2167.61	0.00	12.93	1016.92
	2167.62	0.00	12.98	1021.89
	2167.63	0.00	12.99	1013.81
	2167.64	0.00	12.95	1004.81
	2167.65	0.00	12.86	992.87
	2167.66	0.00	12.61	976.04
	2167.68	0.00	12.42	961.13
	2167.69	0.00	12.12	948.42
	2167.70	0.00	11.82	940.78
	2167.71	0.00	11.70	932.86
	2167.72	0.00	11.73	926.80
	2167.73	0.00	11.70	921.80
	2167.75	0.00	11.70	921.79
	2167.76	0.00	11.69	919.80
	2167.77	0.00	11.68	917.80
	2167.78	0.00	11.68	916.79
	2167.79	0.00	11.67	913.79
	2167.80	0.00	11.66	912.79
	2167.82	0.00	11.65	912.81
	2167.83	0.00	11.68	916.78
	2167.84	0.00	11.67	912.78
	2167.85	0.00	11.67	913.77
	2167.86	0.00	11.67	912.77
	2167.87	0.00	11.68	912.76
	2167.89	0.00	11.68	912.76
	2167.90	0.00	11.68	913.76
	2167.91	0.00	11.69	911.76
	2167.92	0.00	11.67	911.78
	2167.93	0.00	11.69	913.76
	2167.94	0.00	11.69	912.76
	2167.96	0.00	11.69	912.75
	2167.97	0.00	11.69	912.75
	2167.98	0.00	11.70	905.72
	2167.99	0.00	11.69	899.65
	2168.00	0.00	11.63	898.72
	2168.01	0.00	11.59	899.78
	2168.03	0.00	11.58	901.81
	2168.04	0.00	11.58	900.83
	2168.05	0.00	11.59	897.83
	2168.06	0.00	11.59	897.83
	2168.07	0.00	11.55	903.86
	2168.08	0.00	11.57	901.87
	2168.10	0.00	11.55	899.90
	2168.11	0.00	11.55	899.90
	2168.12	0.00	11.55	898.89
	2168.13	0.00	11.57	899.87
	2168.14	0.00	11.58	900.87
	2168.15	0.00	11.58	902.87
	2168.17	0.00	11.57	901.87
	2168.18	0.00	11.58	901.86
	2168.19	0.00	11.59	902.86
	2168.20	0.00	11.59	902.86
	2168.21	0.00	11.42	906.08
	2168.22	0.00	10.92	924.77
	2168.24	0.00	10.32	1011.36
	2168.25	0.00	9.94	1114.66
	2168.26	0.00	9.78	1173.69
	2168.27	0.00	9.78	1202.69
	2168.28	0.00	9.87	1221.66
	2168.29	0.00	9.97	1218.54
	2168.30	0.00	10.15	1258.52
	2168.32	0.00	10.28	1287.52
	2168.33	0.00	10.44	1330.51
	2168.34	0.00	10.46	1330.51
	2168.35	0.00	10.61	1346.48
	2168.36	0.00	10.71	1349.41
	2168.38	0.00	10.79	1344.41
	2168.39	0.00	10.85	1324.38
	2168.40	0.00	10.90	1303.38
	2168.41	0.00	11.00	1281.30
	2168.42	0.00	11.06	1252.30
	2168.43	0.00	11.16	1231.25
	2168.45	0.00	11.27	1208.19
	2168.46	0.00	11.40	1188.11
	2168.47	0.00	11.53	1170.97
	2168.48	0.00	11.65	1154.88
	2168.49	0.00	11.78	1142.75
	2168.50	0.00	12.02	1134.44
	2168.52	0.00	12.10	1119.29
	2168.53	0.00	12.39	1124.89
	2168.54	0.00	12.49	1112.70
	2168.55	0.00	12.57	1094.53
	2168.56	0.00	12.65	1085.38
	2168.58	0.00	12.64	1077.35
	2168.59	0.00	12.64	1060.30
	2168.60	0.00	12.63	1050.29
	2168.61	0.00	12.60	1040.28
	2168.62	0.00	12.55	1015.26
	2168.63	0.00	12.51	1012.28
	2168.64	0.00	12.49	1009.30
	2168.66	0.00	12.46	1003.32
	2168.67	0.00	12.49	1006.32
	2168.68	0.00	12.48	1008.33
	2168.69	0.00	12.45	1007.38
	2168.70	0.00	12.42	1005.41
	2168.71	0.00	12.40	1003.42
	2168.73	0.00	12.39	997.42
	2168.74	0.00	12.38	997.43
	2168.75	0.00	12.37	992.44
	2168.76	0.00	12.37	991.40
	2168.77	0.00	12.38	987.38
	2168.78	0.00	12.41	988.35
	2168.80	0.00	12.47	989.26
	2168.81	0.00	12.47	986.25
	2168.82	0.00	12.48	982.23
	2168.83	0.00	12.48	980.23
	2168.84	0.00	12.48	978.21
	2168.85	0.00	12.49	979.20
	2168.87	0.00	12.51	980.18
	2168.88	0.00	12.53	983.17
	2168.89	0.00	12.54	983.16
	2168.90	0.00	12.56	984.13
	2168.91	0.00	12.56	982.14
	2168.92	0.00	12.47	974.18
	2168.94	0.00	12.42	970.21
	2168.95	0.00	12.32	958.26
	2168.96	0.00	12.27	949.23
	2168.97	0.00	12.19	942.29
	2168.98	0.00	12.07	925.34
	2168.99	0.00	11.80	912.58
	2169.01	0.00	11.48	900.93
	2169.02	0.00	11.44	896.94
	2169.03	0.00	11.36	884.95
	2169.04	0.00	11.31	877.97
	2169.05	0.00	11.28	873.97
	2169.06	0.00	11.30	874.96
	2169.07	0.00	11.31	877.97
	2169.09	0.00	11.32	877.97
	2169.10	0.00	11.32	877.97
	2169.11	0.00	11.33	879.97
	2169.12	0.00	11.32	878.98
	2169.13	0.00	11.37	887.96
	2169.14	0.00	11.38	885.95
	2169.16	0.00	11.39	885.94
	2169.17	0.00	11.53	887.75
	2169.18	0.00	11.57	892.73
	2169.19	0.00	11.61	896.71
	2169.20	0.00	11.61	896.71
	2169.22	0.00	11.62	898.71
	2169.23	0.00	11.66	897.67
	2169.24	0.00	11.56	880.69
	2169.25	0.00	11.65	898.69
	2169.26	0.00	11.65	898.69
	2169.27	0.00	11.64	897.69
	2169.28	0.00	11.64	898.68
	2169.30	0.00	11.67	900.68
	2169.31	0.00	11.56	885.71
	2169.32	0.00	11.52	884.76
	2169.33	0.00	11.57	884.69
	2169.34	0.00	11.48	887.82
	2169.35	0.00	11.47	886.84
	2169.37	0.00	11.48	888.85
	2169.38	0.00	11.48	891.87
	2169.39	0.00	11.50	893.86
	2169.40	0.00	11.49	893.87
	2169.41	0.00	11.51	889.87
	2169.42	0.00	11.49	888.89
	2169.44	0.00	11.51	892.90
	2169.45	0.00	11.75	904.64
	2169.46	0.00	11.53	926.05
	2169.47	0.00	11.53	963.17
	2169.48	0.00	11.32	1013.66
	2169.49	0.00	11.22	1062.92
	2169.51	0.00	11.20	1098.03
	2169.52	0.00	11.16	1121.09
	2169.53	0.00	.87	1084.88
	2174.84	0.00	10.91	1091.88
	2174.85	0.00	10.90	1089.89
	2174.86	0.00	10.89	1088.90
	2174.87	0.00	10.91	1090.87
	2174.88	0.00	10.90	1088.90
	2174.89	0.00	10.89	1078.80
	2174.91	0.00	10.80	1081.98
	2174.92	0.00	10.76	1081.05
	2174.93	0.00	10.75	1073.09
	2174.94	0.00	10.77	1079.09
	2174.95	0.00	10.75	1079.10
	2174.96	0.00	10.67	1059.07
	2174.98	0.00	10.66	1057.07
	2174.99	0.00	10.67	1058.07
	2175.00	0.00	10.68	1066.10
	2175.01	0.00	10.71	1072.11
	2175.02	0.00	10.73	1071.12
	2175.04	0.00	10.73	1075.12
	2175.05	0.00	10.72	1078.14
	2175.06	0.00	10.66	1058.08
	2175.07	0.00	10.76	1082.08
	2175.08	0.00	10.79	1089.10
	2175.09	0.00	10.79	1088.11
	2175.11	0.00	10.78	1089.11
	2175.12	0.00	10.79	1090.11
	2175.13	0.00	10.78	1082.05
	2175.14	0.00	10.77	1088.12
	2175.15	0.00	10.77	1089.13
	2175.16	0.00	10.76	1090.15
	2175.18	0.00	10.77	1088.15
	2175.19	0.00	10.77	1089.15
	2175.20	0.00	10.76	1090.15
	2175.21	0.00	10.77	1081.11
	2175.22	0.00	10.80	1081.09
	2175.23	0.00	10.80	1071.07
	2175.25	0.00	10.81	1061.06
	2175.26	0.00	10.83	1052.04
	2175.27	0.00	10.86	1041.96
	2175.28	0.00	10.84	1036.03
	2175.29	0.00	10.82	1025.02
	2175.30	0.00	10.82	1022.01
	2175.32	0.00	10.80	1013.01
	2175.33	0.00	10.80	1007.00
	2175.34	0.00	10.81	1003.00
	2175.35	0.00	10.80	1001.00
	2175.36	0.00	10.77	997.00
	2175.37	0.00	10.75	992.99
	2175.39	0.00	10.72	990.00
	2175.40	0.00	10.71	991.00
	2175.41	0.00	10.70	993.00
	2175.42	0.00	10.70	997.01
	2175.43	0.00	10.69	998.01
	2175.44	0.00	10.68	999.01
	2175.46	0.00	10.71	1003.01
	2175.47	0.00	10.71	1010.01
	2175.48	0.00	10.71	1015.02
	2175.49	0.00	10.69	1021.06
	2175.50	0.00	10.70	1028.05
	2175.51	0.00	10.68	1031.06
	2175.53	0.00	10.68	1040.07
	2175.54	0.00	10.69	1056.09
	2175.55	0.00	10.71	1066.06
	2175.56	0.00	10.60	1063.12
	2175.57	0.00	10.66	1089.15
	2175.59	0.00	10.67	1102.15
	2175.60	0.00	10.66	1115.15
	2175.61	0.00	10.60	1130.25
	2175.62	0.00	10.59	1142.26
	2175.63	0.00	10.58	1154.28
	2175.64	0.00	10.59	1171.30
	2175.65	0.00	10.61	1182.24
	2175.67	0.00	10.51	1174.30
	2175.68	0.00	10.62	1200.28
	2175.69	0.00	10.61	1207.31
	2175.70	0.00	10.62	1214.32
	2175.71	0.00	10.63	1223.36
	2175.73	0.00	10.64	1227.35
	2175.74	0.00	10.65	1228.35
	2175.75	0.00	10.66	1229.35
	2175.76	0.00	10.66	1225.36
	2175.77	0.00	10.69	1227.35
	2175.78	0.00	10.73	1223.28
	2175.80	0.00	10.82	1223.13
	2175.81	0.00	10.84	1221.14
	2175.82	0.00	10.86	1216.12
	2175.83	0.00	10.87	1215.15
	2175.84	0.00	10.79	1203.23
	2175.85	0.00	10.77	1203.32
	2175.87	0.00	10.77	1199.32
	2175.88	0.00	10.77	1197.33
	2175.89	0.00	10.80	1200.32
	2175.90	0.00	10.82	1194.32
	2175.91	0.00	10.83	1193.31
	2175.93	0.00	10.84	1185.26
	2175.94	0.00	10.85	1186.29
	2175.95	0.00	10.90	1191.26
	2175.96	0.00	10.91	1190.26
	2175.97	0.00	10.90	1190.26
	2175.98	0.00	10.99	1197.17
	2176.00	0.00	10.97	1197.22
	2176.01	0.00	10.93	1182.22
	2176.02	0.00	10.97	1190.22
	2176.03	0.00	10.98	1190.23
	2176.04	0.00	10.98	1186.22
	2176.05	0.00	10.99	1188.25
	2176.07	0.00	10.99	1185.25
	2176.08	0.00	10.99	1184.27
	2176.09	0.00	11.00	1184.25
	2176.10	0.00	11.04	1175.12
	2176.11	0.00	11.03	1178.20
	2176.12	0.00	11.05	1173.19
	2176.14	0.00	11.05	1169.18
	2176.15	0.00	11.07	1168.18
	2176.16	0.00	11.05	1164.21
	2176.17	0.00	11.08	1163.17
	2176.18	0.00	11.09	1154.16
	2176.19	0.00	11.13	1140.13
	2176.21	0.00	11.15	1126.11
	2176.22	0.00	11.16	1114.10
	2176.23	0.00	11.21	1103.07
	2176.24	0.00	11.20	1086.05
	2176.25	0.00	11.20	1071.04
	2176.27	0.00	11.19	1051.03
	2176.28	0.00	11.24	1031.00
	2176.29	0.00	11.28	1027.92
	2176.30	0.00	11.29	994.75
	2176.31	0.00	11.32	985.71
	2176.32	0.00	11.42	980.52
	2176.33	0.00	11.38	973.57
	2176.35	0.00	11.45	966.43
	2176.36	0.00	11.50	960.31
	2176.37	0.00	11.49	954.27
	2176.38	0.00	11.48	948.24
	2176.39	0.00	11.45	940.24
	2176.41	0.00	11.47	937.20
	2176.42	0.00	11.43	927.19
	2176.43	0.00	11.40	921.18
	2176.44	0.00	11.40	918.17
	2176.45	0.00	11.34	912.19
	2176.46	0.00	11.35	908.15
	2176.48	0.00	11.34	904.14
	2176.49	0.00	11.33	902.14
	2176.50	0.00	11.32	897.14
	2176.51	0.00	11.30	894.14
	2176.52	0.00	11.31	896.13
	2176.53	0.00	11.32	898.13
	2176.54	0.00	11.33	898.13
	2176.56	0.00	11.35	897.10
	2176.57	0.00	11.31	897.13
	2176.58	0.00	11.30	893.13
	2176.59	0.00	11.30	893.13
	2176.60	0.00	11.30	893.12
	2176.61	0.00	11.32	894.12
	2176.63	0.00	11.31	894.11
	2176.64	0.00	11.30	890.11
	2176.65	0.00	11.30	893.13
	2176.66	0.00	11.32	895.11
	2176.67	0.00	11.32	893.10
	2176.68	0.00	11.32	893.10
	2176.70	0.00	11.30	892.11
	2176.71	0.00	11.31	892.10
	2176.72	0.00	11.29	888.10
	2176.73	0.00	11.29	888.10
	2176.74	0.00	11.30	890.10
	2176.75	0.00	11.29	890.11
	2176.77	0.00	11.24	880.10
	2176.78	0.00	11.30	890.10
	2176.79	0.00	11.30	892.10
	2176.80	0.00	11.30	891.11
	2176.81	0.00	11.31	890.10
	2176.82	0.00	11.29	889.09
	2176.84	0.00	11.30	889.09
	2176.85	0.00	11.31	889.08
	2176.86	0.00	11.31	892.09
	2176.87	0.00	11.31	891.09
	2176.88	0.00	11.32	892.09
	2176.89	0.00	11.32	892.09
	2176.91	0.00	11.32	892.09
	2176.92	0.00	11.31	891.09
	2176.93	0.00	11.28	892.13
	2176.94	0.00	11.25	894.17
	2176.95	0.00	11.21	895.24
	2176.96	0.00	11.19	896.28
	2176.98	0.00	11.06	900.47
	2176.99	0.00	11.01	904.56
	2177.00	0.00	10.94	906.64
	2177.01	0.00	10.97	912.61
	2177.02	0.00	10.93	914.64
	2177.03	0.00	10.90	920.68
	2177.05	0.00	10.83	924.79
	2177.06	0.00	10.80	933.84
	2177.07	0.00	10.77	938.87
	2177.08	0.00	10.73	942.92
	2177.09	0.00	10.76	948.86
	2177.10	0.00	10.79	984.99
	2177.12	0.00	10.70	987.05
	2177.13	0.00	10.72	1001.07
	2177.14	0.00	10.70	1015.10
	2177.15	0.00	10.71	1038.13
	2177.16	0.00	10.73	1059.14
	2177.17	0.00	10.80	1084.10
	2177.19	0.00	10.78	1101.16
	2177.20	0.00	10.76	1120.22
	2177.21	0.00	10.80	1143.23
	2177.22	0.00	10.80	1157.23
	2177.23	0.00	10.84	1175.15
	2177.25	0.00	10.86	1192.16
	2177.26	0.00	10.85	1203.19
	2177.27	0.00	10.88	1209.18
	2177.28	0.00	10.88	1215.19
	2177.29	0.00	10.89	1219.20
	2177.30	0.00	10.82	1212.30
	2177.31	0.00	10.82	1216.33
	2177.33	0.00	10.83	1219.33
	2177.34	0.00	10.84	1219.32
	2177.35	0.00	10.84	1217.32
	2177.36	0.00	10.87	1212.26
	2177.37	0.00	10.88	1214.27
	2177.38	0.00	10.89	1214.28
	2177.40	0.00	10.90	1214.27
	2177.41	0.00	10.90	1212.27
	2177.42	0.00	10.90	1213.27
	2177.43	0.00	10.91	1217.28
	2177.44	0.00	10.92	1215.22
	2177.46	0	0.00	10.88	1230.31
	2177.56	0.00	10.89	1227.31
	2177.57	0.00	10.88	1223.31
	2177.58	0.00	10.90	1213.26
	2177.60	0.00	10.90	1203.24
	2177.61	0.00	10.94	1198.24
	2177.62	0.00	10.97	1189.22
	2177.63	0.00	10.99	1175.22
	2177.64	0.00	11.02	1162.21
	2177.65	0.00	11.02	1137.20
	2177.67	0.00	11.07	1126.19
	2177.68	0.00	11.13	1109.16
	2177.69	0.00	11.15	1083.14
	2177.70	0.00	11.16	1059.09
	2177.71	0.00	11.21	1047.04
	2177.72	0.00	11.24	1035.97
	2177.74	0.00	11.22	1021.95
	2177.75	0.00	11.17	992.90
	2177.76	0.00	11.21	988.84
	2177.77	0.00	11.24	983.77
	2177.78	0.00	11.26	976.69
	2177.80	0.00	11.28	970.64
	2177.81	0.00	11.28	965.61
	2177.82	0.00	11.26	953.56
	2177.83	0.00	11.27	948.52
	2177.84	0.00	11.27	940.49
	2177.85	0.00	11.26	938.46
	2177.86	0.00	11.27	936.44
	2177.88	0.00	11.26	931.43
	2177.89	0.00	11.29	926.34
	2177.90	0.00	11.26	926.38
	2177.91	0.00	11.26	924.37
	2177.92	0.00	11.27	923.37
	2177.93	0.00	11.26	922.38
	2177.95	0.00	11.26	918.34
	2177.96	0.00	11.29	920.31
	2177.97	0.00	11.30	918.28
	2177.98	0.00	11.31	913.22
	2177.99	0.00	11.32	914.22
	2178.01	0.00	11.31	914.23
	2178.02	0.00	11.32	913.22
	2178.03	0.00	11.34	913.18
	2178.04	0.00	11.38	913.13
	2178.05	0.00	11.33	910.18
	2178.06	0.00	11.35	912.17
	2178.07	0.00	11.34	913.20
	2178.09	0.00	11.43	914.09
	2178.10	0.00	11.38	908.12
	2178.11	0.00	11.37	909.14
	2178.12	0.00	11.34	907.17
	2178.13	0.00	11.33	912.20
	2178.14	0.00	11.30	908.21
	2178.16	0.00	11.28	909.25
	2178.17	0.00	11.32	911.20
	2178.18	0.00	11.27	916.31
	2178.19	0.00	11.22	915.35
	2178.20	0.00	11.23	916.36
	2178.21	0.00	11.22	916.37
	2178.23	0.00	11.21	911.33
	2178.24	0.00	11.24	916.34
	2178.25	0.00	11.24	915.33
	2178.26	0.00	11.25	916.33
	2178.27	0.00	11.25	915.34
	2178.28	0.00	11.26	917.33
	2178.30	0.00	11.26	916.33
	2178.31	0.00	11.27	917.32
	2178.32	0.00	11.30	917.29
	2178.33	0.00	11.32	920.28
	2178.34	0.00	11.33	918.23
	2178.35	0.00	11.36	919.20
	2178.37	0.00	11.38	918.18
	2178.38	0.00	11.43	920.14
	2178.39	0.00	11.42	916.11
	2178.40	0.00	11.43	915.09
	2178.41	0.00	11.46	915.04
	2178.42	0.00	11.47	916.02
	2178.44	0.00	11.50	911.97
	2178.45	0.00	11.56	910.90
	2178.46	0.00	11.58	910.85
	2178.47	0.00	11.59	909.83
	2178.48	0.00	11.60	908.81
	2178.49	0.00	11.66	910.75
	2178.51	0.00	11.69	908.70
	2178.52	0.00	11.72	910.67
	2178.53	0.00	11.72	907.65
	2178.54	0.00	11.71	906.65
	2178.55	0.00	11.71	906.65
	2178.56	0.00	11.74	906.62
	2178.58	0.00	11.73	904.61
	2178.59	0.00	11.72	903.62
	2178.60	0.00	11.72	902.61
	2178.61	0.00	11.74	902.60
	2178.62	0.00	11.72	897.58
	2178.63	0.00	11.70	895.59
	2178.65	0.00	11.70	895.60
	2178.66	0.00	11.68	893.61
	2178.67	0.00	11.68	895.61
	2178.68	0.00	11.67	893.62
	2178.69	0.00	11.66	893.63
	2178.70	0.00	11.61	891.70
	2178.71	0.00	11.59	892.73
	2178.73	0.00	11.49	889.82
	2178.74	0.00	11.44	888.88
	2178.75	0.00	11.42	888.91
	2178.76	0.00	11.43	889.90
	2178.77	0.00	11.41	887.92
	2178.78	0.00	11.40	887.93
	2178.80	0.00	11.39	887.95
	2178.81	0.00	11.36	881.94
	2178.82	0.00	11.38	887.95
	2178.83	0.00	11.36	883.95
	2178.84	0.00	11.40	888.94
	2178.85	0.00	11.42	892.93
	2178.87	0.00	11.40	886.93
	2178.88	0.00	11.40	888.94
	2178.89	0.00	11.40	887.94
	2178.90	0.00	11.40	888.94
	2178.91	0.00	11.40	885.94
	2178.92	0.00	11.40	886.94
	2178.94	0.00	11.38	884.96
	2178.95	0.00	11.39	885.94
	2178.96	0.00	11.40	885.94
	2178.97	0.00	11.39	886.94
	2178.98	0.00	11.39	886.95
	2179.00	0.00	11.36	880.94
	2179.01	0.00	11.39	886.94
	2179.02	0.00	11.39	885.94
	2179.03	0.00	11.40	884.93
	2179.04	0.00	11.38	885.95
	2179.05	0.00	11.38	884.95
	2179.06	0.00	11.38	884.95
	2179.08	0.00	11.38	884.95
	2179.09	0.00	11.33	875.95
	2179.10	0.00	11.39	884.94
	2179.11	0.00	11.36	880.95
	2179.12	0.00	11.40	885.92
	2179.13	0.00	11.39	886.94
	2179.14	0.00	11.38	885.94
	2179.16	0.00	11.39	885.94
	2179.17	0.00	11.39	885.94
	2179.18	0.00	11.38	886.95
	2179.19	0.00	11.38	884.95
	2179.20	0.00	11.39	885.94
	2179.21	0.00	11.39	885.94
	2179.23	0.00	11.39	885.95
	2179.24	0.00	11.40	887.94
	2179.25	0.00	11.39	884.94
	2179.26	0.00	11.38	883.94
	2179.27	0.00	11.37	885.95
	2179.28	0.00	11.39	885.94
	2179.30	0.00	11.40	888.94
	2179.31	0.00	11.40	888.94
	2179.32	0.00	11.39	889.95
	2179.33	0.00	11.39	890.95
	2179.34	0.00	11.40	887.95
	2179.35	0.00	11.45	889.88
	2179.37	0.00	11.31	873.94
	2179.38	0.00	11.41	890.95
	2179.39	0.00	11.40	889.95
	2179.40	0.00	11.39	889.97
	2179.41	0.00	11.34	890.01
	2179.42	0.00	11.33	896.08
	2179.44	0.00	11.21	897.24
	2179.45	0.00	11.10	901.41
	2179.46	0.00	11.04	908.56
	2179.47	0.00	10.97	912.62
	2179.48	0.00	10.92	915.66
	2179.49	0.00	10.91	917.67
	2179.51	0.00	10.86	925.77
	2179.52	0.00	10.79	929.82
	2179.53	0.00	10.74	935.89
	2179.54	0.00	10.68	947.96
	217943.95
	2180.96	0.00	10.87	940.95
	2180.97	0.00	10.83	933.95
	2180.98	0.00	10.84	933.95
	2181.00	0.00	10.84	931.94
	2181.01	0.00	10.83	931.94
	2181.02	0.00	10.85	933.94
	2181.03	0.00	10.85	933.94
	2181.04	0.00	10.85	934.95
	2181.05	0.00	10.87	936.94
	2181.06	0.00	10.86	934.94
	2181.08	0.00	10.85	934.94
	2181.09	0.00	10.88	933.90
	2181.10	0.00	10.86	935.95
	2181.11	0.00	10.84	934.95
	2181.12	0.00	10.85	933.95
	2181.13	0.00	10.84	933.95
	2181.15	0.00	10.84	934.96
	2181.16	0.00	10.84	934.96
	2181.17	0.00	10.85	936.96
	2181.18	0.00	10.84	936.97
	2181.19	0.00	10.84	936.97
	2181.20	0.00	10.85	937.97
	2181.22	0.00	10.84	936.97
	2181.23	0.00	10.85	935.96
	2181.24	0.