83	0.00	12.57	2042.32
	4118.84	0.00	12.58	2042.32
	4118.85	0.00	12.57	2036.32
	4118.87	0.00	12.58	2039.32
	4118.88	0.00	12.57	2036.32
	4118.89	0.00	12.58	2036.31
	4118.90	0.00	12.57	2037.34
	4118.91	0.00	12.57	2040.35
	4118.93	0.00	12.55	2036.38
	4118.94	0.00	12.55	2036.39
	4118.95	0.00	12.55	2036.39
	4118.96	0.00	12.54	2032.39
	4118.97	0.00	12.52	2021.39
	4118.98	0.00	12.56	2035.36
	4119.00	0.00	12.55	2032.37
	4119.01	0.00	12.54	2033.40
	4119.02	0.00	12.54	2034.38
	4119.03	0.00	12.58	2034.28
	4119.04	0.00	12.58	2034.28
	4119.06	0.00	12.56	2032.29
	4119.07	0.00	12.55	2027.28
	4119.08	0.00	12.54	2025.28
	4119.09	0.00	12.52	2020.30
	4119.10	0.00	12.47	2014.39
	4119.12	0.00	12.46	2011.40
	4119.13	0.00	12.46	2008.41
	4119.14	0.00	12.45	2004.40
	4119.15	0.00	12.45	2000.41
	4119.16	0.00	12.45	1989.35
	4119.17	0.00	12.45	1985.36
	4119.19	0.00	12.44	1980.36
	4119.20	0.00	12.43	1976.36
	4119.21	0.00	12.43	1971.35
	4119.22	0.00	12.43	1972.32
	4119.23	0.00	12.44	1972.32
	4119.25	0.00	12.43	1968.33
	4119.26	0.00	12.43	1964.33
	4119.27	0.00	12.43	1958.33
	4119.28	0.00	12.40	1945.32
	4119.29	0.00	12.40	1944.33
	4119.31	0.00	12.39	1938.33
	4119.32	0.00	12.39	1934.33
	4119.33	0.00	12.39	1930.33
	4119.34	0.00	12.43	1922.18
	4119.35	0.00	12.41	1922.27
	4119.36	0.00	12.41	1916.26
	4119.37	0.00	12.42	1914.25
	4119.39	0.00	12.41	1911.25
	4119.40	0.00	12.37	1892.24
	4119.41	0.00	12.38	1895.24
	4119.42	0.00	12.38	1893.24
	4119.43	0.00	12.37	1889.25
	4119.45	0.00	12.39	1891.23
	4119.46	0.00	12.38	1885.23
	4119.47	0.00	12.38	1881.23
	4119.48	0.00	12.36	1869.23
	4119.49	0.00	12.38	1872.21
	4119.50	0.00	12.38	1872.21
	4119.52	0.00	12.38	1872.20
	4119.53	0.00	12.38	1870.21
	4119.54	0.00	12.39	1869.20
	4119.55	0.00	12.39	1864.19
	4119.56	0.00	12.38	1862.21
	4119.58	0.00	12.37	1861.21
	4119.59	0.00	12.36	1859.25
	4119.60	0.00	12.37	1861.25
	4119.61	0.00	12.37	1858.24
	4119.62	0.00	12.37	1856.23
	4119.63	0.00	12.38	1856.23
	4119.65	0.00	12.38	1852.21
	4119.66	0.00	12.39	1855.18
	4119.67	0.00	12.38	1854.21
	4119.68	0.00	12.38	1856.20
	4119.69	0.00	12.38	1854.20
	4119.71	0.00	12.39	1854.20
	4119.72	0.00	12.37	1851.22
	4119.73	0.00	12.38	1855.21
	4119.74	0.00	12.37	1854.21
	4119.75	0.00	12.40	1845.09
	4119.76	0.00	12.48	1853.94
	4119.78	0.00	12.49	1853.93
	4119.79	0.00	12.49	1855.94
	4119.80	0.00	12.49	1855.94
	4119.81	0.00	12.50	1853.92
	4119.82	0.00	12.49	1852.93
	4119.83	0.00	12.50	1857.94
	4119.85	0.00	12.49	1849.94
	4119.86	0.00	12.49	1848.96
	4119.87	0.00	12.50	1846.94
	4119.88	0.00	12.50	1848.94
	4119.89	0.00	12.52	1835.84
	4119.91	0.00	12.51	1835.86
	4119.92	0.00	12.51	1840.88
	4119.93	0.00	12.49	1834.91
	4119.94	0.00	12.46	1839.00
	4119.95	0.00	12.44	1840.05
	4119.96	0.00	12.45	1840.06
	4119.98	0.00	12.46	1838.07
	4119.99	0.00	12.45	1838.08
	4120.00	0.00	12.46	1840.08
	4120.01	0.00	12.45	1842.09
	4120.02	0.00	12.46	1845.09
	4120.04	0.00	12.46	1847.09
	4120.05	0.00	12.40	1823.10
	4120.06	0.00	12.42	1833.12
	4120.07	0.00	12.42	1839.13
	4120.08	0.00	12.44	1841.14
	4120.10	0.00	12.43	1843.14
	4120.11	0.00	12.43	1847.15
	4120.12	0.00	12.43	1850.16
	4120.13	0.00	12.42	1853.17
	4120.14	0.00	12.40	1848.14
	4120.15	0.00	12.44	1869.16
	4120.17	0.00	12.44	1872.17
	4120.18	0.00	12.44	1875.19
	4120.19	0.00	12.43	1876.20
	4120.20	0.00	12.42	1879.21
	4120.21	0.00	12.42	1881.22
	4120.22	0.00	12.43	1885.22
	4120.24	0.00	12.42	1882.18
	4120.25	0.00	12.43	1890.21
	4120.26	0.00	12.43	1893.22
	4120.27	0.00	12.43	1894.24
	4120.28	0.00	12.44	1895.23
	4120.30	0.00	12.43	1898.24
	4120.31	0.00	12.43	1900.24
	4120.32	0.00	12.42	1903.26
	4120.33	0.00	12.43	1901.21
	4120.34	0.00	12.43	1904.21
	4120.35	0.00	12.44	1908.21
	4120.37	0.00	12.44	1909.20
	4120.38	0.00	12.45	1912.20
	4120.39	0.00	12.45	1914.21
	4120.40	0.00	12.44	1914.21
	4120.41	0.00	12.44	1914.23
	4120.42	0.00	12.42	1903.20
	4120.44	0.00	12.42	1904.20
	4120.45	0.00	12.43	1908.20
	4120.46	0.00	12.42	1912.21
	4120.47	0.00	12.43	1912.21
	4120.48	0.00	12.42	1912.21
	4120.50	0.00	12.41	1914.24
	4120.51	0.00	12.41	1916.23
	4120.52	0.00	12.42	1920.23
	4120.53	0.00	12.41	1923.24
	4120.54	0.00	12.43	1929.24
	4120.56	0.00	12.43	1934.25
	4120.57	0.00	12.42	1933.25
	4120.58	0.00	12.42	1935.25
	4120.59	0.00	12.43	1935.23
	4120.60	0.00	12.40	1934.30
	4120.61	0.00	12.39	1935.32
	4120.63	0.00	12.39	1938.32
	4120.64	0.00	12.39	1940.34
	4120.65	0.00	12.41	1941.30
	4120.66	0.00	12.41	1942.31
	4120.67	0.00	12.42	1941.28
	4120.68	0.00	12.41	1944.32
	4120.70	0.00	12.41	1946.32
	4120.71	0.00	12.41	1948.32
	4120.72	0.00	12.50	1947.07
	4120.73	0.00	12.50	1953.10
	4120.74	0.00	12.49	1948.11
	4120.76	0.00	12.51	1950.08
	4120.77	0.00	12.43	1941.24
	4120.78	0.00	12.39	1937.31
	4120.79	0.00	12.39	1939.33
	4120.80	0.00	12.38	1939.36
	4120.81	0.00	12.41	1943.35
	4120.83	0.00	12.41	1945.35
	4120.84	0.00	12.44	1933.23
	4120.85	0.00	12.43	1943.31
	4120.86	0.00	12.44	1941.30
	4120.87	0.00	12.43	1945.30
	4120.89	0.00	12.43	1945.31
	4120.90	0.00	12.45	1947.26
	4120.91	0.00	12.47	1959.26
	4120.92	0.00	12.47	1960.28
	4120.93	0.00	12.46	1958.30
	4120.94	0.00	12.48	1959.28
	4120.96	0.00	12.47	1955.28
	4120.97	0.00	12.49	1962.29
	4120.98	0.00	12.50	1967.29
	4120.99	0.00	12.50	1964.28
	4121.00	0.00	12.51	1965.28
	4121.02	0.00	12.50	1965.30
	4121.03	0.00	12.52	1960.22
	4121.04	0.00	12.55	1968.20
	4121.05	0.00	12.55	1966.20
	4121.06	0.00	12.55	1964.19
	4121.08	0.00	12.55	1965.20
	4121.09	0.00	12.55	1967.20
	4121.10	0.00	12.52	1955.19
	4121.11	0.00	12.52	1953.21
	4121.12	0.00	12.54	1953.19
	4121.13	0.00	12.54	1954.19
	4121.15	0.00	12.53	1946.19
	4121.16	0.00	12.53	1948.20
	4121.17	0.00	12.54	1950.19
	4121.18	0.00	12.53	1949.19
	4121.19	0.00	12.54	1948.16
	4121.20	0.00	12.50	1946.24
	4121.22	0.00	12.50	1945.26
	4121.23	0.00	12.49	1946.27
	4121.24	0.00	12.49	1943.27
	4121.25	0.00	12.51	1946.24
	4121.26	0.00	12.49	1944.25
	4121.28	0.00	12.49	1943.26
	4121.29	0.00	12.48	1939.27
	4121.30	0.00	12.48	1942.27
	4121.31	0.00	12.48	1941.27
	4121.32	0.00	12.57	1941.03
	4121.33	0.00	12.57	1944.04
	4121.35	0.00	12.56	1938.06
	4121.36	0.00	12.55	1937.07
	4121.37	0.00	12.55	1939.07
	4121.38	0.00	12.56	1929.00
	4121.39	0.00	12.49	1923.15
	4121.40	0.00	12.48	1924.19
	4121.42	0.00	12.48	1919.21
	4121.43	0.00	12.48	1921.21
	4121.44	0.00	12.43	1897.21
	4121.45	0.00	12.46	1908.21
	4121.46	0.00	12.46	1906.24
	4121.48	0.00	12.46	1912.24
	4121.49	0.00	12.46	1917.24
	4121.50	0.00	12.45	1916.28
	4121.51	0.00	12.46	1915.24
	4121.52	0.00	12.45	1909.20
	4121.54	0.00	12.48	1922.22
	4121.55	0.00	12.48	1922.23
	4121.56	0.00	12.47	1923.23
	4121.57	0.00	12.46	1918.23
	4121.58	0.00	12.46	1921.25
	4121.59	0.00	12.46	1918.24
	4121.61	0.00	12.47	1921.23
	4121.62	0.00	12.48	1924.23
	4121.63	0.00	12.47	1921.25
	4121.64	0.00	12.49	1923.23
	4121.65	0.00	12.49	1924.23
	4121.66	0.00	12.49	1919.18
	4121.68	0.00	12.50	1917.16
	4121.69	0.00	12.50	1919.17
	4121.70	0.00	12.51	1918.16
	4121.71	0.00	12.51	1918.16
	4121.72	0.00	12.52	1917.15
	4121.74	0.00	12.51	1916.15
	4121.75	0.00	12.49	1904.14
	4121.76	0.00	12.49	1904.14
	4121.77	0.00	12.49	1905.14
	4121.78	0.00	12.49	1903.14
	4121.79	0.00	12.48	1899.14
	4121.81	0.00	12.48	1898.15
	4121.82	0.00	12.45	1888.15
	4121.83	0.00	12.46	1892.14
	4121.84	0.00	12.46	1893.16
	4121.85	0.00	12.47	1893.14
	4121.87	0.00	12.46	1893.15
	4121.88	0.00	12.46	1892.15
	4121.89	0.00	12.45	1893.17
	4121.90	0.00	12.44	1894.21
	4121.91	0.00	12.43	1891.22
	4121.92	0.00	12.42	1892.23
	4121.94	0.00	12.42	1893.24
	4121.95	0.00	12.41	1894.25
	4121.96	0.00	12.44	1894.19
	4121.97	0.00	12.43	1894.20
	4121.98	0.00	12.43	1897.22
	4122.00	0.00	12.42	1893.23
	4122.01	0.00	12.42	1897.23
	4122.02	0.00	12.45	1888.09
	4122.03	0.00	12.51	1899.99
	4122.04	0.00	12.51	1901.00
	4122.06	0.00	12.51	1901.00
	4122.07	0.00	12.50	1895.02
	4122.08	0.00	12.50	1893.02
	4122.09	0.00	12.50	1894.03
	4122.10	0.00	12.48	1882.99
	4122.11	0.00	12.44	1883.09
	4122.13	0.00	12.42	1885.14
	4122.14	0.00	12.42	1884.14
	4122.15	0.00	12.42	1881.17
	4122.16	0.00	12.43	1885.17
	4122.17	0.00	12.42	1879.15
	4122.18	0.00	12.38	1869.20
	4122.20	0.00	12.38	1879.22
	4122.21	0.00	12.39	1882.24
	4122.22	0.00	12.39	1887.24
	4122.23	0.00	12.37	1887.27
	4122.24	0.00	12.37	1888.25
	4122.26	0.00	12.39	1890.22
	4122.27	0.00	12.39	1894.23
	4122.28	0.00	12.40	1902.24
	4122.29	0.00	12.40	1901.25
	4122.30	0.00	12.39	1904.26
	4122.31	0.00	12.39	1907.27
	4122.33	0.00	12.40	1908.26
	4122.34	0.00	12.40	1903.21
	4122.35	0.00	12.40	1908.26
	4122.36	0.00	12.40	1911.26
	4122.37	0.00	12.41	1911.26
	4122.39	0.00	12.41	1912.26
	4122.40	0.00	12.41	1914.26
	4122.41	0.00	12.41	1906.21
	4122.42	0.00	12.42	1907.20
	4122.43	0.00	12.43	1909.20
	4122.44	0.00	12.43	1911.21
	4122.46	0.00	12.44	1912.19
	4122.47	0.00	12.43	1908.19
	4122.48	0.00	12.44	1910.18
	4122.49	0.00	12.41	1899.19
	4122.50	0.00	12.41	1895.18
	4122.52	0.00	12.42	1898.18
	4122.53	0.00	12.43	1898.17
	4122.54	0.00	12.43	1898.17
	4122.55	0.00	12.43	1895.16
	4122.56	0.00	12.42	1890.16
	4122.57	0.00	12.42	1890.18
	4122.59	0.00	12.43	1893.16
	4122.60	0.00	12.44	1892.15
	4122.61	0.00	12.44	1891.15
	4122.62	0.00	12.45	1891.14
	4122.63	0.00	12.44	1891.15
	4122.64	0.00	12.43	1892.19
	4122.66	0.00	12.42	1893.21
	4122.67	0.00	12.42	1893.22
	4122.68	0.00	12.42	1894.23
	4122.69	0.00	12.42	1895.23
	4122.70	0.00	12.43	1896.20
	4122.72	0.00	12.42	1895.23
	4122.73	0.00	12.44	1896.18
	4122.74	0.00	12.44	1897.20
	4122.75	0.00	12.44	1896.19
	4122.76	0.00	12.44	1897.21
	4122.77	0.00	12.44	1899.21
	4122.79	0.00	12.43	1898.22
	4122.80	0.00	12.44	1903.21
	4122.81	0.00	12.53	1896.97
	4122.82	0.00	12.54	1902.96
	4122.83	0.00	12.53	1900.98
	4122.85	0.00	12.53	1895.99
	4122.86	0.00	12.53	1897.99
	4122.87	0.00	12.53	1891.95
	4122.88	0.00	12.50	1887.00
	4122.89	0.00	12.47	1890.08
	4122.90	0.00	12.47	1890.08
	4122.92	0.00	12.47	1886.11
	4122.93	0.00	12.48	1892.13
	4122.94	0.00	12.44	1874.11
	4122.95	0.00	12.44	1880.16
	4122.96	0.00	12.44	1886.18
	4122.98	0.00	12.45	1888.19
	4122.99	0.00	12.46	1900.19
	4123.00	0.00	12.46	1903.20
	4123.01	0.00	12.45	1893.16
	4123.02	0.00	12.48	1911.17
	4123.04	0.00	12.49	1918.18
	4123.05	0.00	12.49	1922.20
	4123.06	0.00	12.50	1928.19
	4123.07	0.00	12.51	1929.19
	4123.08	0.00	12.51	1929.16
	4123.09	0.00	12.54	1937.15
	4123.11	0.00	12.53	1940.20
	4123.12	0.00	12.53	1940.20
	4123.13	0.00	12.53	1942.20
	4123.14	0.00	12.53	1936.17
	4123.15	0.00	12.54	1941.14
	4123.16	0.00	12.55	1942.14
	4123.18	0.00	12.55	1940.15
	4123.19	0.00	12.55	1939.13
	4123.20	0.00	12.55	1939.13
	4123.21	0.00	12.55	1938.13
	4123.22	0.00	12.51	1925.14
	4123.23	0.00	12.51	1926.13
	4123.25	0.00	12.51	1923.13
	4123.26	0.00	12.51	1924.13
	4123.27	0.00	12.49	1916.12
	4123.28	0.00	12.49	1917.13
	4123.29	0.00	12.49	1915.13
	4123.31	0.00	12.49	1916.12
	4123.32	0.00	12.47	1904.12
	4123.33	0.00	12.48	1909.11
	4123.34	0.00	12.44	1899.17
	4123.35	0.00	12.43	1896.16
	4123.37	0.00	12.42	1898.20
	4123.38	0.00	12.42	1897.20
	4123.39	0.00	12.44	1895.15
	4123.40	0.00	12.43	1891.17
	4123.41	0.00	12.44	1893.17
	4123.42	0.00	12.43	1887.17
	4123.44	0.00	12.46	1893.11
	4123.45	0.00	12.44	1890.15
	4123.46	0.00	12.54	1882.88
	4123.47	0.00	12.55	1885.89
	4123.48	0.00	12.55	1882.90
	4123.50	0.00	12.56	1882.89
	4123.51	0.00	12.56	1876.88
	4123.52	0.00	12.56	1869.88
	4123.53	0.00	12.57	1865.87
	4123.54	0.00	12.59	1849.75
	4123.55	0.00	12.55	1841.84
	4123.57	0.00	12.55	1835.85
	4123.58	0.00	12.55	1825.90
	4123.59	0.00	12.54	1812.89
	4123.60	0.00	12.55	1804.86
	4123.61	0.00	12.55	1794.86
	4123.62	0.00	12.58	1791.80
	4123.64	0.00	12.58	1785.77
	4123.65	0.00	12.54	1750.71
	4123.66	0.00	12.54	1748.72
	4123.67	0.00	12.54	1741.70
	4123.68	0.00	12.54	1737.68
	4123.70	0.00	12.54	1731.66
	4123.71	0.00	12.54	1732.66
	4123.72	0.00	12.55	1732.65
	4123.73	0.00	12.56	1733.64
	4123.74	0.00	12.57	1736.64
	4123.75	0.00	12.57	1736.64
	4123.77	0.00	12.59	1737.61
	4123.78	0.00	12.63	1755.61
	4123.79	0.00	12.68	1765.57
	4123.80	0.00	12.69	1766.56
	4123.81	0.00	12.70	1769.55
	4123.83	0.00	12.73	1773.55
	4123.84	0.00	12.74	1775.55
	4123.85	0.00	12.74	1779.55
	4123.86	0.00	12.76	1783.53
	4123.87	0.00	12.76	1790.54
	4123.88	0.00	12.77	1788.54
	4123.89	0.00	12.78	1791.54
	4123.91	0.00	12.77	1794.54
	4123.92	0.04
	4146.8.14
	4146.27	0.00	12.47	1887.14
	4146.29	0.00	12.47	1885.14
	4146.30	0.00	12.48	1886.12
	4146.31	0.00	12.47	1888.14
	4146.32	0.00	12.427	0.00	12.47	1887.14
	4146.29	0.00	12.47	1885.14
	4146.30	0.00	12.48	1886.12
	4146.31	0.00	12.47	1888.14
	4146.32	0.00	12.45	1881.13
	4146.33	0.00	12.46	1884.14
	4146.35	0.00	12.48	1886.12
	4146.36	0.00	12.47	1887.14
	4146.37	0.00	12.48	1887.13
	4146.38	0.00	12.48	1886.12
	4146.39	0.00	12.48	1887.13
	4146.40	0.00	12.49	1886.09
	4146.42	0.00	12.46	1887.16
	4146.43	0.00	12.46	1887.17
	4146.44	0.00	12.45	1889.20
	4146.45	0.00	12.45	1888.21
	4146.46	0.00	12.45	1888.21
	4146.48	0.00	12.46	1890.20
	4146.49	0.00	12.45	1885.21
	4146.50	0.00	12.46	1890.21
	4146.51	0.00	12.47	1891.17
	4146.52	0.00	12.47	1891.19
	4146.54	0.00	12.47	1892.19
	4146.55	0.00	12.46	1891.20
	4146.56	0.00	12.45	1895.22
	4146.57	0.00	12.46	1896.21
	4146.58	0.00	12.46	1895.21
	4146.59	0.00	12.52	1888.01
	4146.61	0.00	12.55	1894.95
	4146.62	0.00	12.56	1898.96
	4146.63	0.00	12.55	1894.97
	4146.64	0.00	12.54	1890.98
	4146.65	0.00	12.54	1891.99
	4146.66	0.00	12.55	1881.88
	4146.68	0.00	12.53	1879.92
	4146.69	0.00	12.53	1879.93
	4146.70	0.00	12.50	1884.04
	4146.71	0.00	12.48	1883.09
	4146.72	0.00	12.48	1875.11
	4146.74	0.00	12.48	1878.12
	4146.75	0.00	12.49	1878.12
	4146.76	0.00	12.43	1857.14
	4146.77	0.00	12.43	1860.15
	4146.78	0.00	12.44	1862.13
	4146.79	0.00	12.45	1868.16
	4146.81	0.00	12.45	1870.17
	4146.82	0.00	12.48	1869.14
	4146.83	0.00	12.46	1875.18
	4146.84	0.00	12.47	1876.15
	4146.85	0.00	12.46	1875.15
	4146.87	0.00	12.48	1881.14
	4146.88	0.00	12.48	1883.16
	4146.89	0.00	12.48	1885.16
	4146.90	0.00	12.47	1884.17
	4146.91	0.00	12.47	1886.19
	4146.92	0.00	12.47	1886.18
	4146.93	0.00	12.47	1884.15
	4146.95	0.00	12.48	1891.17
	4146.96	0.00	12.47	1888.17
	4146.97	0.00	12.48	1892.17
	4146.98	0.00	12.48	1892.17
	4147.00	0.00	12.48	1891.19
	4147.01	0.00	12.48	1893.18
	4147.02	0.00	12.48	1893.18
	4147.03	0.00	12.48	1889.14
	4147.04	0.00	12.48	1893.15
	4147.05	0.00	12.50	1895.13
	4147.06	0.00	12.49	1892.13
	4147.08	0.00	12.49	1893.13
	4147.09	0.00	12.48	1890.13
	4147.10	0.00	12.49	1893.13
	4147.11	0.00	12.46	1883.13
	4147.12	0.00	12.47	1883.11
	4147.14	0.00	12.46	1884.13
	4147.15	0.00	12.46	1883.13
	4147.16	0.00	12.46	1883.13
	4147.17	0.00	12.46	1883.14
	4147.18	0.00	12.46	1884.13
	4147.19	0.00	12.46	1882.13
	4147.21	0.00	12.44	1879.13
	4147.22	0.00	12.43	1873.14
	4147.23	0.00	12.45	1882.13
	4147.24	0.00	12.45	1882.13
	4147.25	0.00	12.44	1883.15
	4147.27	0.00	12.45	1883.14
	4147.28	0.00	12.47	1884.10
	4147.29	0.00	12.44	1882.17
	4147.30	0.00	12.45	1885.17
	4147.31	0.00	12.44	1887.18
	4147.33	0.00	12.44	1886.19
	4147.34	0.00	12.43	1885.21
	4147.35	0.00	12.43	1887.22
	4147.36	0.00	12.43	1886.22
	4147.37	0.00	12.45	1888.17
	4147.38	0.00	12.44	1889.19
	4147.40	0.00	12.44	1891.20
	4147.41	0.00	12.44	1890.21
	4147.42	0.00	12.44	1890.21
	4147.43	0.00	12.43	1892.22
	4147.44	0.00	12.43	1893.21
	4147.46	0.00	12.52	1889.97
	4147.47	0.00	12.54	1893.95
	4147.48	0.00	12.54	1894.96
	4147.49	0.00	12.52	1888.98
	4147.50	0.00	12.52	1887.99
	4147.51	0.00	12.51	1890.00
	4147.53	0.00	12.52	1875.89
	4147.54	0.00	12.51	1875.92
	4147.55	0.00	12.50	1874.93
	4147.56	0.00	12.46	1879.05
	4147.57	0.00	12.45	1880.10
	4147.59	0.00	12.46	1874.12
	4147.60	0.00	12.44	1870.13
	4147.61	0.00	12.42	1861.12
	4147.62	0.00	12.40	1853.13
	4147.63	0.00	12.41	1859.16
	4147.64	0.00	12.40	1863.19
	4147.66	0.00	12.42	1867.18
	4147.67	0.00	12.43	1866.19
	4147.68	0.00	12.42	1871.19
	4147.69	0.00	12.40	1859.16
	4147.70	0.00	12.43	1874.16
	4147.71	0.00	12.45	1880.17
	4147.73	0.00	12.45	1880.17
	4147.74	0.00	12.46	1878.15
	4147.75	0.00	12.45	1882.18
	4147.76	0.00	12.44	1880.18
	4147.77	0.00	12.46	1878.11
	4147.79	0.00	12.46	1885.17
	4147.80	0.00	12.46	1886.18
	4147.81	0.00	12.45	1884.18
	4147.82	0.00	12.45	1886.20
	4147.83	0.00	12.46	1885.18
	4147.85	0.00	12.46	1886.18
	4147.86	0.00	12.46	1888.18
	4147.87	0.00	12.45	1880.16
	4147.88	0.00	12.46	1881.13
	4147.89	0.00	12.48	1884.13
	4147.90	0.00	12.48	1881.12
	4147.91	0.00	12.48	1881.12
	4147.93	0.00	12.48	1883.12
	4147.94	0.00	12.47	1881.12
	4147.95	0.00	12.46	1870.10
	4147.96	0.00	12.45	1871.12
	4147.97	0.00	12.45	1871.12
	4147.99	0.00	12.46	1871.11
	4148.00	0.00	12.47	1870.10
	4148.01	0.00	12.45	1864.11
	4148.02	0.00	12.46	1869.11
	4148.03	0.00	12.47	1870.11
	4148.04	0.00	12.45	1861.11
	4148.06	0.00	12.46	1867.11
	4148.07	0.00	12.47	1869.10
	4148.08	0.00	12.49	1870.06
	4148.09	0.00	12.48	1872.11
	4148.10	0.00	12.48	1869.11
	4148.12	0.00	12.47	1868.12
	4148.13	0.00	12.46	1870.16
	4148.14	0.00	12.46	1872.17
	4148.15	0.00	12.46	1871.17
	4148.16	0.00	12.46	1872.18
	4148.17	0.00	12.46	1873.18
	4148.19	0.00	12.47	1870.14
	4148.20	0.00	12.47	1871.13
	4148.21	0.00	12.48	1872.12
	4148.22	0.00	12.48	1875.16
	4148.23	0.00	12.47	1874.16
	4148.25	0.00	12.47	1875.17
	4148.26	0.00	12.45	1875.19
	4148.27	0.00	12.47	1876.17
	4148.28	0.00	12.47	1875.17
	4148.29	0.00	12.57	1875.89
	4148.31	0.00	12.57	1876.92
	4148.32	0.00	12.56	1879.93
	4148.33	0.00	12.56	1871.94
	4148.34	0.00	12.55	1872.95
	4148.35	0.00	12.54	1869.95
	4148.36	0.00	12.52	1861.95
	4148.38	0.00	12.51	1862.98
	4148.39	0.00	12.51	1863.99
	4148.40	0.00	12.49	1865.06
	4148.41	0.00	12.49	1858.08
	4148.42	0.00	12.49	1860.09
	4148.43	0.00	12.44	1844.09
	4148.45	0.00	12.44	1846.12
	4148.46	0.00	12.44	1853.14
	4148.47	0.00	12.45	1855.14
	4148.48	0.00	12.44	1846.15
	4148.49	0.00	12.46	1854.15
	4148.51	0.00	12.45	1860.15
	4148.52	0.00	12.45	1859.15
	4148.53	0.00	12.45	1859.12
	4148.54	0.00	12.47	1867.13
	4148.55	0.00	12.48	1872.14
	4148.57	0.00	12.47	1870.15
	4148.58	0.00	12.47	1872.15
	4148.59	0.00	12.47	1872.15
	4148.60	0.00	12.48	1868.10
	4148.61	0.00	12.48	1876.14
	4148.62	0.00	12.48	1878.15
	4148.64	0.00	12.48	1877.15
	4148.65	0.00	12.48	1878.15
	4148.66	0.00	12.48	1879.15
	4148.67	0.00	12.48	1873.11
	4148.68	0.00	12.48	1874.11
	4148.69	0.00	12.48	1874.12
	4148.71	0.00	12.50	1878.10
	4148.72	0.00	12.50	1878.10
	4148.73	0.00	12.49	1878.11
	4148.74	0.00	12.50	1879.10
	4148.75	0.00	12.50	1878.10
	4148.77	0.00	12.47	1869.09
	4148.78	0.00	12.46	1868.10
	4148.79	0.00	12.47	1868.09
	4148.80	0.00	12.47	1869.09
	4148.81	0.00	12.48	1868.09
	4148.83	0.00	12.48	1868.08
	4148.84	0.00	12.48	1869.09
	4148.85	0.00	12.46	1861.09
	4148.86	0.00	12.47	1866.08
	4148.87	0.00	12.47	1867.09
	4148.88	0.00	12.47	1866.09
	4148.89	0.00	12.48	1869.09
	4148.91	0.00	12.47	1869.11
	4148.92	0.00	12.48	1871.09
	4148.93	0.00	12.48	1870.10
	4148.94	0.00	12.47	1870.13
	4148.95	0.00	12.46	1873.16
	4148.97	0.00	12.46	1871.15
	4148.98	0.00	12.46	1869.16
	4148.99	0.00	12.45	1872.17
	4149.00	0.00	12.45	1872.18
	4149.01	0.00	12.46	1874.14
	4149.02	0.00	12.47	1877.14
	4149.04	0.00	12.48	1877.13
	4149.05	0.00	12.47	1878.15
	4149.06	0.00	12.46	1878.16
	4149.07	0.00	12.46	1875.17
	4149.08	0.00	12.45	1876.18
	4149.10	0.00	12.46	1879.17
	4149.11	0.00	12.56	1877.90
	4149.12	0.00	12.56	1881.92
	4149.13	0.00	12.56	1880.93
	4149.14	0.00	12.55	1874.94
	4149.15	0.00	12.55	1873.94
	4149.17	0.00	12.55	1873.93
	4149.18	0.00	12.55	1877.95
	4149.19	0.00	12.56	1864.85
	4149.20	0.00	12.50	1863.99
	4149.21	0.00	12.47	1864.06
	4149.23	0.00	12.46	1860.07
	4149.24	0.00	12.48	1860.07
	4149.25	0.00	12.48	1860.08
	4149.26	0.00	12.48	1862.09
	4149.27	0.00	12.43	1841.09
	4149.29	0.00	12.43	1848.13
	4149.30	0.00	12.43	1854.16
	4149.31	0.00	12.45	1854.15
	4149.32	0.00	12.45	1859.15
	4149.33	0.00	12.44	1859.16
	4149.34	0.00	12.44	1861.17
	4149.36	0.00	12.43	1852.12
	4149.37	0.00	12.46	1866.13
	4149.38	0.00	12.47	1872.14
	4149.39	0.00	12.46	1870.15
	4149.40	0.00	12.46	1872.15
	4149.41	0.00	12.46	1872.15
	4149.43	0.00	12.46	1873.15
	4149.44	0.00	12.45	1867.12
	4149.45	0.00	12.46	1876.15
	4149.46	0.00	12.47	1878.16
	4149.47	0.00	12.46	1877.17
	4149.49	0.00	12.47	1880.16
	4149.50	0.00	12.47	1881.16
	4149.51	0.00	12.47	1875.12
	4149.52	0.00	12.48	1879.12
	4149.53	0.00	12.48	1878.11
	4149.54	0.00	12.48	1878.11
	4149.56	0.00	12.49	1879.10
	4149.57	0.00	12.49	1879.10
	4149.58	0.00	12.48	1879.11
	4149.59	0.00	12.49	1878.10
	4149.60	0.00	12.47	1867.08
	4149.62	0.00	12.46	1870.10
	4149.63	0.00	12.46	1869.10
	4149.64	0.00	12.47	1870.10
	4149.65	0.00	12.46	1869.11
	4149.66	0.00	12.47	1870.10
	4149.67	0.00	12.47	1869.10
	4149.69	0.00	12.48	1864.04
	4149.70	0.00	12.47	1870.10
	4149.71	0.00	12.47	1869.10
	4149.72	0.00	12.47	1869.10
	4149.73	0.00	12.47	1868.09
	4149.75	0.00	12.47	1871.10
	4149.76	0.00	12.48	1871.08
	4149.77	0.00	12.46	1870.14
	4149.78	0.00	12.45	1872.16
	4149.79	0.00	12.46	1874.16
	4149.81	0.00	12.46	1874.16
	4149.82	0.00	12.48	1872.11
	4149.83	0.00	12.47	1876.17
	4149.84	0.00	12.47	1873.14
	4149.85	0.00	12.47	1874.14
	4149.86	0.00	12.47	1876.14
	4149.87	0.00	12.47	1878.16
	4149.89	0.00	12.47	1878.16
	4149.90	0.00	12.46	1879.17
	4149.91	0.00	12.56	1875.91
	4149.92	0.00	12.58	1879.89
	4149.93	0.00	12.58	1879.89
	4149.95	0.00	12.56	1883.93
	4149.96	0.00	12.56	1877.93
	4149.97	0.00	12.56	1876.94
	4149.98	0.00	12.56	1876.94
	4149.99	0.00	12.56	1865.86
	4150.00	0.00	12.51	1865.98
	4150.02	0.00	12.50	1867.01
	4150.03	0.00	12.51	1867.00
	4150.04	0.00	12.49	1867.05
	4150.05	0.00	12.50	1864.07
	4150.06	0.00	12.50	1866.08
	4150.08	0.00	12.51	1867.05
	4150.09	0.00	12.44	1848.11
	4150.10	0.00	12.45	1856.13
	4150.11	0.00	12.45	1855.13
	4150.12	0.00	12.46	1859.14
	4150.13	0.00	12.46	1853.14
	4150.15	0.00	12.47	1864.15
	4150.16	0.00	12.47	1868.15
	4150.17	0.00	12.48	1865.10
	4150.18	0.00	12.49	1875.12
	4150.19	0.00	12.49	1877.13
	4150.21	0.00	12.49	1876.13
	4150.22	0.00	12.49	1877.14
	4150.23	0.00	12.49	1878.14
	4150.24	0.00	12.48	1881.14
	4150.25	0.00	12.49	1879.14
	4150.27	0.00	12.49	1885.14
	4150.28	0.00	12.50	1885.14
	4150.29	0.00	12.49	1885.14
	4150.30	0.00	12.49	1885.15
	4150.31	0.00	12.48	1881.14
	4150.32	0.00	12.49	1885.15
	4150.34	0.00	12.50	1880.10
	4150.35	0.00	12.49	1881.10
	4150.36	0.00	12.51	1884.09
	4150.37	0.00	12.51	1883.09
	4150.38	0.00	12.50	1884.10
	4150.39	0.00	12.50	1883.09
	4150.41	0.00	12.49	1876.09
	4150.42	0.00	12.48	1873.09
	4150.43	0.00	12.48	1874.09
	4150.44	0.00	12.48	1871.09
	4150.45	0.00	12.49	1873.09
	4150.47	0.00	12.49	1874.09
	4150.48	0.00	12.48	1872.09
	4150.49	0.00	12.49	1874.09
	4150.50	0.00	12.48	1870.09
	4150.51	0.00	12.51	1872.03
	4150.52	0.00	12.48	1871.09
	4150.54	0.00	12.49	1874.09
	4150.55	0.00	12.52	1876.03
	4150.56	0.00	12.50	1875.07
	4150.57	0.00	12.48	1875.13
	4150.58	0.00	12.47	1876.15
	4150.60	0.00	12.47	1876.15
	4150.61	0.00	12.47	1878.17
	4150.62	0.00	12.47	1879.17
	4150.63	0.00	12.47	1879.17
	4150.64	0.00	12.48	1879.13
	4150.65	0.00	12.47	1875.15
	4150.67	0.00	12.47	1880.16
	4150.68	0.00	12.48	1881.16
	4150.69	0.00	12.48	1881.14
	4150.70	0.00	12.47	1884.17
	4150.71	0.00	12.47	1884.17
	4150.72	0.00	12.58	1885.89
	4150.74	0.00	12.57	1887.93
	4150.75	0.00	12.57	1885.93
	4150.76	0.00	12.56	1880.94
	4150.77	0.00	12.56	1880.94
	4150.79	0.00	12.56	1881.95
	4150.80	0.00	12.56	1881.95
	4150.81	0.00	12.55	1869.90
	4150.82	0.00	12.50	1872.02
	4150.83	0.00	12.47	1862.06
	4150.84	0.00	12.49	1865.07
	4150.85	0.00	12.49	1866.08
	4150.87	0.00	12.48	1868.10
	4150.88	0.00	12.50	1872.09
	4150.89	0.00	12.44	1849.08
	4150.90	0.00	12.43	1853.14
	4150.91	0.00	12.45	1862.14
	4150.93	0.00	12.46	1862.15
	4150.94	0.00	12.46	1866.15
	4150.95	0.00	12.45	1868.16
	4150.96	0.00	12.46	1870.15
	4150.97	0.00	12.47	1870.15
	4150.98	0.00	12.45	1863.12
	4151.00	0.00	12.48	1876.13
	4151.01	0.00	12.49	1880.14
	4151.02	0.00	12.48	1881.14
	4151.03	0.00	12.48	1882.16
	4151.04	0.00	12.48	1881.14
	4151.06	0.00	12.48	1885.13
	4151.07	0.00	12.49	1884.13
	4151.08	0.00	12.48	1886.14
	4151.09	0.00	12.50	1889.14
	4151.10	0.00	12.49	1887.14
	4151.12	0.00	12.50	1889.14
	4151.13	0.00	12.50	1892.14
	4151.14	0.00	12.50	1890.12
	4151.15	0.00	12.50	1885.11
	4151.16	0.00	12.50	1887.10
	4151.17	0.00	12.49	1883.10
	4151.19	0.00	12.51	1891.09
	4151.20	0.00	12.52	1891.09
	4151.21	0.00	12.52	1889.08
	4151.22	0.00	12.52	1890.08
	4151.23	0.00	12.50	1877.08
	4151.25	0.00	12.50	1879.08
	4151.26	0.00	12.49	1880.09
	4151.27	0.00	12.50	1880.08
	4151.28	0.00	12.50	1880.08
	4151.29	0.00	12.50	1880.08
	4151.30	0.00	12.50	1879.09
	4151.32	0.00	12.49	1873.08
	4151.33	0.00	12.49	1876.08
	4151.34	0.00	12.52	1879.04
	4151.35	0.00	12.51	1882.08
	4151.36	0.00	12.50	1879.08
	4151.37	0.00	12.50	1879.08
	4151.39	0.00	12.50	1880.08
	4151.40	0.00	12.49	1878.10
	4151.41	0.00	12.48	1878.13
	4151.42	0.00	12.48	1879.15
	4151.43	0.00	12.47	1880.16
	4151.45	0.00	12.47	1880.16
	4151.46	0.00	12.47	1880.16
	4151.47	0.00	12.47	1880.17
	4151.48	0.00	12.48	1878.12
	4151.49	0.00	12.48	1878.13
	4151.50	0.00	12.48	1879.14
	4151.52	0.00	12.47	1879.15
	4151.53	0.00	12.47	1881.16
	4151.54	0.00	12.47	1882.16
	4151.55	0.00	12.47	1882.16
	4151.56	0.00	12.57	1881.89
	4151.58	0.00	12.58	1883.90
	4151.59	0.00	12.57	1884.92
	4151.60	0.00	12.55	1876.95
	4151.61	0.00	12.55	1879.94
	4151.62	0.00	12.55	1879.94
	4151.63	0.00	12.57	1874.88
	4151.65	0.00	12.57	1867.83
	4151.66	0.00	12.51	1867.97
	4151.67	0.00	12.49	1870.04
	4151.68	0.00	12.49	1862.06
	4151.69	0.00	12.49	1867.08
	4151.70	0.00	12.51	1869.06
	4151.72	0.00	12.43	1846.11
	4151.73	0.00	12.46	1858.12
	4151.74	0.00	12.46	1861.13
	4151.75	0.00	12.45	1861.13
	4151.76	0.00	12.47	1859.14
	4151.78	0.00	12.46	1863.14
	4151.79	0.00	12.46	1868.15
	4151.80	0.00	12.46	1863.11
	4151.81	0.00	12.47	1869.12
	4151.82	0.00	12.47	1871.13
	4151.83	0.00	12.48	1876.12
	4151.85	0.00	12.48	1876.13
	4151.86	0.00	12.47	1877.15
	4151.87	0.00	12.48	1878.14
	4151.88	0.00	12.48	1875.10
	4151.89	0.00	12.47	1880.13
	4151.91	0.00	12.48	1883.14
	4151.92	0.00	12.48	1882.14
	4151.93	0.00	12.48	1883.14
	4151.94	0.00	12.48	1885.15
	4151.95	0.00	12.48	1879.10
	4151.96	0.00	12.48	1880.11
	4151.98	0.00	12.49	1880.10
	4151.99	0.00	12.49	1882.11
	4152.00	0.00	12.50	1885.09
	4152.01	0.00	12.50	1883.09
	4152.02	0.00	12.50	1884.09
	4152.04	0.00	12.51	1883.07
	4152.05	0.00	12.50	1882.09
	4152.06	0.00	12.48	1874.09
	4152.07	0.00	12.47	1871.09
	4152.08	0.00	12.48	1871.07
	4152.10	0.00	12.48	1870.09
	4152.11	0.00	12.47	1871.09
	4152.12	0.00	12.48	1872.08
	4152.13	0.00	12.47	1871.09
	4152.14	0.00	12.48	1870.08
	4152.15	0.00	12.47	1866.08
	4152.17	0.00	12.47	1869.09
	4152.18	0.00	12.48	1868.08
	4152.19	0.00	12.48	1870.08
	4152.20	0.00	12.49	1871.08
	4152.21	0.00	12.51	1871.01
	4152.22	0.00	12.50	1870.03
	4152.24	0.00	12.47	1868.11
	4152.25	0.00	12.46	1869.13
	4152.26	0.00	12.45	1871.15
	4152.27	0.00	12.46	1869.15
	4152.28	0.00	12.45	1871.16
	4152.30	0.00	12.44	1870.18
	4152.31	0.00	12.46	1870.13
	4152.32	0.00	12.47	1868.12
	4152.33	0.00	12.46	1871.13
	4152.34	0.00	12.46	1872.15
	4152.35	0.00	12.46	1871.15
	4152.37	0.00	12.46	1874.15
	4152.38	0.00	12.50	1874.04
	4152.39	0.00	12.57	1872.88
	4152.40	0.00	12.57	1875.88
	4152.41	0.00	12.56	1875.90
	4152.43	0.00	12.56	1876.90
	4152.44	0.00	12.55	1864.92
	4152.45	0.00	12.55	1869.92
	4152.46	0.00	12.54	1868.93
	4152.47	0.00	12.52	1856.93
	4152.48	0.00	12.48	1848.96
	4152.50	0.00	12.50	1856.98
	4152.51	0.00	12.48	1859.03
	4152.52	0.00	12.48	1851.05
	4152.53	0.00	12.48	1854.06
	4152.54	0.00	12.49	1857.07
	4152.56	0.00	12.42	1834.10
	4152.57	0.00	12.44	1844.11
	4152.58	0.00	12.45	1849.12
	4152.59	0.00	12.46	1848.11
	4152.60	0.00	12.47	1847.11
	4152.61	0.00	12.47	1853.12
	4152.63	0.00	12.47	1856.12
	4152.64	0.00	12.46	1847.08
	4152.65	0.00	12.48	1861.10
	4152.66	0.00	12.49	1865.10
	4152.67	0.00	12.49	1866.11
	4152.68	0.00	12.49	1867.12
	4152.70	0.00	12.49	1868.11
	4152.71	0.00	12.49	1868.11
	4152.72	0.00	12.49	1866.08
	4152.73	0.00	12.49	1871.11
	4152.74	0.00	12.49	1875.11
	4152.76	0.00	12.50	1875.11
	4152.77	0.00	12.50	1876.11
	4152.78	0.00	12.50	1875.12
	4152.79	0.00	12.50	1875.11
	4152.80	0.00	12.50	1875.11
	4152.81	0.00	12.50	1873.07
	4152.83	0.00	12.52	1876.06
	4152.84	0.00	12.51	1876.06
	4152.85	0.00	12.51	1875.06
	4152.86	0.00	12.52	1876.05
	4152.87	0.00	12.52	1879.06
	4152.89	0.00	12.51	1876.06
	4152.90	0.00	12.50	1871.06
	4152.91	0.00	12.48	1864.07
	4152.92	0.00	12.49	1869.06
	4152.93	0.00	12.49	1868.06
	4152.94	0.00	12.49	1866.07
	4152.96	0.00	12.50	1867.06
	4152.97	0.00	12.48	1861.06
	4152.98	0.00	12.49	1862.05
	4152.99	0.00	12.49	1863.06
	4153.00	0.00	12.50	1865.05
	4153.02	0.00	12.50	1867.05
	4153.03	0.00	12.50	1867.05
	4153.04	0.00	12.51	1867.04
	4153.05	0.00	12.51	1868.04
	4153.06	0.00	12.48	1867.10
	4153.08	0.00	12.48	1870.10
	4153.09	0.00	12.48	1870.11
	4153.10	0.00	12.48	1870.12
	4153.11	0.00	12.48	1872.13
	4153.12	0.00	12.47	1871.14
	4153.13	0.00	12.48	1873.14
	4153.15	0.00	12.49	1874.10
	4153.16	0.00	12.49	1875.11
	4153.17	0.00	12.50	1875.09
	4153.18	0.00	12.49	1877.12
	4153.19	0.00	12.49	1874.13
	4153.20	0.00	12.49	1877.12
	4153.22	0.00	12.48	1877.14
	4153.23	0.00	12.59	1876.86
	4153.24	0.00	12.59	1879.88
	4153.25	0.00	12.58	1880.90
	4153.26	0.00	12.59	1881.89
	4153.28	0.00	12.58	1877.90
	4153.29	0.00	12.57	1875.91
	4153.30	0.00	12.56	1876.94
	4153.31	0.00	12.57	1862.83
	4153.32	0.00	12.53	1864.96
	4153.33	0.00	12.50	1866.02
	4153.35	0.00	12.51	1861.04
	4153.36	0.00	12.51	1860.04
	4153.37	0.00	12.51	1862.05
	4153.38	0.00	12.52	1864.04
	4153.39	0.00	12.48	1848.04
	4153.41	0.00	12.46	1851.09
	4153.42	0.00	12.47	1856.10
	4153.43	0.00	12.48	1857.12
	4153.44	0.00	12.49	1866.12
	4153.45	0.00	12.48	1866.12
	4153.46	0.00	12.48	1859.08
	4153.48	0.00	12.50	1874.10
	4153.49	0.00	12.50	1875.10
	4153.50	0.00	12.51	1876.10
	4153.51	0.00	12.50	1877.12
	4153.52	0.00	12.50	1879.11
	4153.54	0.00	12.49	1881.12
	4153.55	0.00	12.50	1876.11
	4153.56	0.00	12.49	1874.08
	4153.57	0.00	12.51	1883.10
	4153.58	0.00	12.51	1886.11
	4153.59	0.00	12.51	1886.12
	4153.61	0.00	12.51	1887.12
	4153.62	0.00	12.51	1886.12
	4153.63	0.00	12.51	1888.12
	4153.64	0.00	12.52	1889.10
	4153.65	0.00	12.52	1882.07
	4153.66	0.00	12.53	1888.07
	4153.68	0.00	12.53	1888.06
	4153.69	0.00	12.54	1887.05
	4153.70	0.00	12.54	1888.06
	4153.71	0.00	12.53	1884.06
	4153.72	0.00	12.51	1877.06
	4153.74	0.00	12.50	1879.08
	4153.75	0.00	12.52	1881.06
	4153.76	0.00	12.52	1881.06
	4153.77	0.00	12.51	1879.07
	4153.78	0.00	12.52	1882.06
	4153.79	0.00	12.53	1883.05
	4153.81	0.00	12.52	1879.05
	4153.82	0.00	12.54	1887.06
	4153.83	0.00	12.54	1886.05
	4153.84	0.00	12.54	1886.05
	4153.85	0.00	12.55	1887.05
	4153.87	0.00	12.55	1888.04
	4153.88	0.00	12.54	1887.07
	4153.89	0.00	12.53	1888.10
	4153.90	0.00	12.53	1891.11
	4153.91	0.00	12.53	1890.12
	4153.92	0.00	12.53	1890.12
	4153.94	0.00	12.52	1890.13
	4153.95	0.00	12.52	1891.14
	4153.96	0.00	12.55	1890.08
	4153.97	0.00	12.54	1892.10
	4153.98	0.00	12.54	1893.11
	4154.00	0.00	12.54	1894.11
	4154.01	0.00	12.54	1896.12
	4154.02	0.00	12.54	1896.12
	4154.03	0.00	12.54	1897.11
	4154.04	0.00	12.61	1888.89
	4154.06	0.00	12.65	1898.85
	4154.07	0.00	12.64	1900.87
	4154.08	0.00	12.62	1894.90
	4154.09	0.00	12.63	1893.89
	4154.10	0.00	12.62	1894.90
	4154.11	0.00	12.64	1891.85
	4154.13	0.00	12.65	1880.75
	4154.14	0.00	12.61	1881.87
	4154.15	0.00	12.57	1882.96
	4154.16	0.00	12.56	1884.00
	4154.17	0.00	12.57	1877.02
	4154.18	0.00	12.57	1881.03
	4154.20	0.00	12.57	1882.03
	4154.21	0.00	12.51	1861.05
	4154.22	0.00	12.51	1865.07
	4154.23	0.00	12.50	1862.08
	4154.24	0.00	12.52	1874.09
	4154.26	0.00	12.53	1873.11
	4154.27	0.00	12.53	1877.10
	4154.28	0.00	12.52	1879.11
	4154.29	0.00	12.52	1873.07
	4154.30	0.00	12.53	1877.07
	4154.31	0.00	12.53	1882.08
	4154.33	0.00	12.54	1886.09
	4154.34	0.00	12.53	1887.11
	4154.35	0.00	12.54	1890.10
	4154.36	0.00	12.53	1889.11
	4154.37	0.00	12.54	1887.06
	4154.38	0.00	12.53	1893.10
	4154.40	0.00	12.53	1896.11
	4154.41	0.00	12.53	1896.11
	4154.42	0.00	12.53	1896.11
	4154.43	0.00	12.52	1895.13
	4154.44	0.00	12.53	1896.12
	4154.46	0.00	12.53	1892.09
	4154.47	0.00	12.53	1894.09
	4154.48	0.00	12.54	1894.07
	4154.49	0.00	12.54	1893.07
	4154.50	0.00	12.54	1895.07
	4154.52	0.00	12.54	1894.08
	4154.53	0.00	12.53	1889.07
	4154.54	0.00	12.54	1894.07
	4154.55	0.00	12.51	1883.07
	4154.56	0.00	12.53	1884.03
	4154.57	0.00	12.52	1886.07
	4154.59	0.00	12.52	1884.07
	4154.60	0.00	12.53	1885.03
	4154.61	0.00	12.52	1885.07
	4154.62	0.00	12.52	1885.07
	4154.63	0.00	12.50	1879.07
	4154.64	1.00	12.51	1882.08
	4154.66	1.00	12.52	1884.07
	4154.67	1.00	12.52	1883.07
	4154.68	1.00	12.52	1884.07
	4154.69	1.00	12.52	1884.08
	4154.70	1.00	12.53	1883.04
	4154.72	1.00	12.51	1885.10
	4154.73	1.00	12.50	1886.12
	4154.74	1.00	12.49	1885.14
	4154.75	1.00	12.50	1886.14
	4154.76	1.00	12.49	1887.15
	4154.77	1.00	12.51	1888.10
	4154.79	1.00	12.50	1890.15
	4154.80	1.00	12.51	1888.10
	4154.81	1.00	12.51	1889.12
	4154.82	1.00	12.51	1890.13
	4154.83	1.00	12.51	1891.14
	4154.85	1.00	12.50	1890.14
	4154.86	1.00	12.50	1891.15
	4154.87	0.00	12.54	1886.00
	4154.88	0.00	12.61	1890.87
	4154.89	0.00	12.60	1890.88
	4154.90	0.00	12.60	1892.90
	4154.92	0.00	12.60	1892.91
	4154.93	0.00	12.59	1886.92
	4154.94	0.00	12.59	1886.92
	4154.95	0.00	12.60	1883.87
	4154.96	0.00	12.56	1875.92
	4154.98	0.00	12.55	1873.95
	4154.99	0.00	12.54	1873.97
	4155.00	0.00	12.52	1874.03
	4155.01	0.00	12.52	1869.05
	4155.02	0.00	12.52	1871.06
	4155.04	0.00	12.50	1865.05
	4155.05	0.00	12.47	1854.09
	4155.06	0.00	12.48	1863.11
	4155.07	0.00	12.48	1865.11
	4155.08	0.00	12.47	1864.13
	4155.09	0.00	12.49	1864.12
	4155.11	0.00	12.49	1868.13
	4155.12	0.00	12.48	1871.13
	4155.13	0.00	12.48	1866.10
	4155.14	0.00	12.50	1877.11
	4155.15	0.00	12.50	1881.12
	4155.16	0.00	12.49	1881.14
	4155.18	0.00	12.50	1884.12
	4155.19	0.00	12.50	1882.12
	4155.20	0.00	12.50	1882.13
	4155.21	0.00	12.52	1879.04
	4155.22	0.00	12.51	1887.12
	4155.24	0.00	12.50	1889.13
	4155.25	0.00	12.50	1885.13
	4155.26	0.00	12.50	1888.14
	4155.27	0.00	12.50	1889.13
	4155.28	0.00	12.50	1886.14
	4155.29	0.00	12.50	1889.14
	4155.31	0.00	12.51	1887.09
	4155.32	0.00	12.51	1887.09
	4155.33	0.00	12.51	1887.08
	4155.34	0.00	12.51	1886.08
	4155.35	0.00	12.52	1889.08
	4155.37	0.00	12.51	1888.08
	4155.38	0.00	12.51	1888.08
	4155.39	0.00	12.51	1888.10
	4155.40	0.00	12.49	1877.08
	4155.41	0.00	12.48	1877.09
	4155.42	0.00	12.48	1877.10
	4155.44	0.00	12.49	1877.09
	4155.45	0.00	12.49	1877.09
	4155.46	0.00	12.48	1877.09
	4155.47	0.00	12.49	1879.09
	4155.48	0.00	12.48	1877.09
	4155.50	0.00	12.46	1870.09
	4155.51	0.00	12.47	1873.09
	4155.52	0.00	12.47	1874.10
	4155.53	0.00	12.49	1878.09
	4155.54	0.00	12.48	1877.09
	4155.55	0.00	12.48	1877.09
	4155.57	0.00	12.49	1878.09
	4155.58	0.00	12.49	1877.07
	4155.59	0.00	12.47	1878.12
	4155.60	0.00	12.47	1878.13
	4155.61	0.00	12.46	1878.15
	4155.62	0.00	12.46	1879.16
	4155.64	0.00	12.46	1881.17
	4155.65	0.00	12.46	1880.16
	4155.66	0.00	12.48	1882.12
	4155.67	0.00	12.47	1880.13
	4155.68	0.00	12.47	1881.14
	4155.70	0.00	12.47	1882.15
	4155.71	0.00	12.46	1883.16
	4155.72	0.00	12.46	1881.16
	4155.73	0.00	12.45	1884.18
	4155.74	0.00	12.52	1876.97
	4155.75	0.00	12.54	1879.93
	4155.77	0.00	12.56	1884.90
	4155.78	0.00	12.57	1889.91
	4155.79	0.00	12.55	1883.93
	4155.80	0.00	12.55	1881.94
	4155.81	0.00	12.54	1881.95
	4155.83	0.00	12.54	1869.88
	4155.84	0.00	12.49	1869.00
	4155.85	0.00	12.49	1870.01
	4155.86	0.00	12.48	1872.04
	4155.87	0.00	12.48	1866.07
	4155.88	0.00	12.48	1868.09
	4155.90	0.00	12.48	1869.09
	4155.91	0.00	12.43	1848.08
	4155.92	0.00	12.43	1852.11
	4155.93	0.00	12.42	1851.12
	4155.94	0.00	12.43	1859.14
	4155.96	0.00	12.43	1863.17
	4155.97	0.00	12.45	1866.16
	4155.98	0.00	12.44	1869.16
	4155.99	0.00	12.43	1870.18
	4156.00	0.00	12.44	1870.13
	4156.02	0.00	12.46	1878.14
	4156.03	0.00	12.46	1882.15
	4156.04	0.00	12.46	1880.16
	4156.05	0.00	12.46	1881.15
	4156.06	0.00	12.45	1882.16
	4156.07	0.00	12.45	1881.16
	4156.09	0.00	12.45	1879.14
	4156.10	0.00	12.46	1883.15
	4156.11	0.00	12.46	1888.16
	4156.12	0.00	12.50	1888.08
	4156.13	0.00	12.47	1890.16
	4156.14	0.00	12.47	1888.16
	4156.16	0.00	12.46	1890.16
	4156.17	0.00	12.45	1889.17
	4156.18	0.00	12.46	1885.12
	4156.19	0.00	12.47	1889.11
	4156.20	0.00	12.48	1890.11
	4156.22	0.00	12.49	1889.08
	4156.23	0.00	12.48	1889.11
	4156.24	0.00	12.48	1888.11
	4156.25	0.00	12.50	1889.06
	4156.26	0.00	12.48	1889.11
	4156.27	0.00	12.45	1877.10
	4156.29	0.00	12.45	1880.10
	4156.30	0.00	12.46	1879.08
	4156.31	0.00	12.46	1880.10
	4156.32	0.00	12.45	1880.10
	4156.33	0.00	12.46	1880.10
	4156.35	0.00	12.45	1880.12
	4156.36	0.00	12.46	1880.10
	4156.37	0.00	12.45	1873.10
	4156.38	0.00	12.45	1874.10
	4156.39	0.00	12.46	1877.10
	4156.40	0.00	12.47	1880.10
	4156.42	0.00	12.47	1879.10
	4156.43	0.00	12.46	1880.12
	4156.44	0.00	12.46	1878.10
	4156.45	0.00	12.45	1878.13
	4156.46	0.00	12.45	1880.15
	4156.47	0.00	12.45	1880.16
	4156.49	0.00	12.45	1883.17
	4156.50	0.00	12.44	1882.18
	4156.51	0.00	12.44	1882.18
	4156.52	0.00	12.45	1883.18
	4156.53	0.00	12.46	1883.14
	4156.55	0.00	12.46	1883.14
	4156.56	0.00	12.46	1884.17
	4156.57	0.00	12.46	1884.16
	4156.58	0.00	12.46	1883.16
	4156.59	0.00	12.45	1887.17
	4156.60	0.00	12.45	1886.19
	4156.62	0.00	12.45	1886.17
	4156.63	0.00	12.52	1880.97
	4156.64	0.00	12.56	1887.90
	4156.65	0.00	12.56	1888.93
	4156.66	0.00	12.55	1886.94
	4156.68	0.00	12.54	1882.95
	4156.69	0.00	12.56	1884.89
	4156.70	0.00	12.55	1874.86
	4156.71	0.00	12.53	1870.90
	4156.72	0.00	12.53	1870.91
	4156.73	0.00	12.49	1873.02
	4156.75	0.00	12.47	1870.06
	4156.76	0.00	12.48	1869.08
	4156.77	0.00	12.48	1872.09
	4156.78	0.00	12.48	1873.08
	4156.79	0.00	12.48	1873.10
	4156.81	0.00	12.42	1849.10
	4156.82	0.00	12.43	1859.13
	4156.83	0.00	12.44	1866.15
	4156.84	0.00	12.45	1864.15
	4156.85	0.00	12.45	1871.16
	4156.87	0.00	12.44	1872.17
	4156.88	0.00	12.44	1866.12
	4156.89	0.00	12.46	1877.13
	4156.90	0.00	12.47	1877.13
	4156.91	0.00	12.46	1877.14
	4156.92	0.00	12.47	1879.14
	4156.94	0.00	12.47	1882.14
	4156.95	0.00	12.47	1882.15
	4156.96	0.00	12.47	1882.15
	4156.97	0.00	12.47	1883.12
	4156.98	0.00	12.48	1886.14
	4157.00	0.00	12.48	1886.14
	4157.01	0.00	12.48	1889.15
	4157.02	0.00	12.48	1886.15
	4157.03	0.00	12.48	1886.15
	4157.04	0.00	12.47	1889.16
	4157.05	0.00	12.48	1889.15
	4157.07	0.00	12.48	1882.11
	4157.08	0.00	12.49	1885.10
	4157.09	0.00	12.49	1887.10
	4157.10	0.00	12.50	1887.10
	4157.11	0.00	12.49	1885.10
	4157.12	0.00	12.49	1886.10
	4157.14	0.00	12.50	1884.09
	4157.15	0.00	12.50	1885.09
	4157.16	0.00	12.50	1885.08
	4157.17	0.00	12.47	1875.09
	4157.18	0.00	12.48	1877.09
	4157.20	0.00	12.47	1876.09
	4157.21	0.00	12.47	1875.09
	4157.22	0.00	12.48	1877.09
	4157.23	0.00	12.48	1876.09
	4157.24	0.00	12.48	1876.09
	4157.25	0.00	12.48	1876.08
	4157.27	0.00	12.47	1870.08
	4157.28	0.00	12.48	1871.08
	4157.29	0.00	12.48	1875.08
	4157.30	0.00	12.49	1875.07
	4157.31	0.00	12.49	1878.08
	4157.33	0.00	12.48	1876.08
	4157.34	0.00	12.49	1877.08
	4157.35	0.00	12.49	1875.08
	4157.36	0.00	12.49	1879.09
	4157.37	0.00	12.49	1877.10
	4157.38	0.00	12.48	1879.11
	4157.40	0.00	12.47	1878.13
	4157.41	0.00	12.47	1879.14
	4157.42	0.00	12.47	1878.15
	4157.43	0.00	12.48	1878.13
	4157.44	0.00	12.46	1879.16
	4157.45	0.00	12.50	1881.11
	4157.47	0.00	12.49	1881.12
	4157.48	0.00	12.50	1880.09
	4157.49	0.00	12.48	1880.13
	4157.50	0.00	12.48	1879.14
	4157.51	0.00	12.47	1881.15
	4157.53	0.00	12.47	1883.16
	4157.54	0.00	12.53	1870.92
	4157.55	0.00	12.58	1881.88
	4157.56	0.00	12.59	1885.88
	4157.57	0.00	12.58	1883.89
	4157.58	0.00	12.57	1881.91
	4157.60	0.00	12.56	1875.92
	4157.61	0.00	12.56	1873.92
	4157.62	0.00	12.54	1873.93
	4157.63	0.00	12.54	1862.88
	4157.64	0.00	12.50	1862.99
	4157.66	0.00	12.49	1860.01
	4157.67	0.00	12.47	1860.03
	4157.68	0.00	12.48	1855.05
	4157.69	0.00	12.47	1853.07
	4157.70	0.00	12.47	1854.07
	4157.71	0.00	12.42	1832.07
	4157.73	0.00	12.41	1836.10
	4157.74	0.00	12.41	1843.12
	4157.75	0.00	12.42	1845.13
	4157.76	0.00	12.42	1844.14
	4157.77	0.00	12.42	1842.14
	4157.79	0.00	12.40	1846.15
	4157.80	0.00	12.40	1848.15
	4157.81	0.00	12.38	1838.12
	4157.82	0.00	12.41	1854.13
	4157.83	0.00	12.42	1860.14
	4157.85	0.00	12.41	1856.15
	4157.86	0.00	12.41	1859.15
	4157.87	0.00	12.41	1860.14
	4157.88	0.00	12.38	1851.15
	4157.89	0.00	12.39	1862.16
	4157.90	0.00	12.39	1857.13
	4157.92	0.00	12.39	1862.15
	4157.93	0.00	12.39	1866.16
	4157.94	0.00	12.39	1865.17
	4157.95	0.00	12.38	1864.17
	4157.96	0.00	12.36	1859.18
	4157.97	0.00	12.37	1866.18
	4157.99	0.00	12.36	1865.18
	4158.00	0.00	12.35	1861.15
	4158.01	0.00	12.35	1863.15
	4158.02	0.00	12.35	1863.15
	4158.03	0.00	12.35	1863.15
	4158.05	0.00	12.33	1865.16
	4158.06	0.00	12.32	1868.18
	4158.07	0.00	12.31	1871.19
	4158.08	0.00	12.25	1869.21
	4158.09	0.00	12.23	1877.23
	4158.10	0.00	12.20	1890.24
	4158.12	0.00	12.17	1897.28
	4158.13	0.00	12.11	1909.30
	4158.14	0.00	12.03	1943.32
	4158.15	0.00	11.88	1985.34
	4158.16	0.00	11.82	2015.36
	4158.18	0.00	11.79	2037.39
	4158.19	0.00	11.77	2058.38
	4158.20	0.00	11.71	2077.48
	4158.21	0.00	11.66	2102.52
	4158.22	0.00	11.62	2118.56
	4158.23	0.00	11.60	2137.52
	4158.25	0.00	11.58	2148.53
	4158.26	0.00	11.57	2153.55
	4158.27	0.00	11.55	2158.56
	4158.28	0.00	11.62	2165.34
	4158.29	0.00	11.61	2173.36
	4158.31	0.00	11.59	2168.37
	4158.32	0.00	11.58	2190.40
	4158.33	0.00	11.53	2185.53
	4158.34	0.00	11.52	2181.55
	4158.35	0.00	11.54	2184.54
	4158.37	0.00	11.60	2196.53
	4158.38	0.00	11.65	2202.48
	4158.39	0.00	11.67	2200.49
	4158.40	0.00	11.69	2206.49
	4158.41	0.00	11.72	2218.49
	4158.42	0.00	11.74	2225.50
	4158.44	0.00	11.75	2226.46
	4158.45	0.00	11.75	2230.48
	4158.46	0.00	11.75	2230.48
	4158.47	0.00	11.76	2220.47
	4158.48	0.00	11.78	2220.50
	4158.50	0.00	11.83	2195.51
	4158.51	0.00	11.87	2189.51
	4158.52	0.00	11.90	2185.48
	4158.53	0.00	11.97	2181.45
	4158.54	0.00	12.08	2161.43
	4158.56	0.00	12.31	2114.41
	4158.57	0.00	12.47	2094.39
	4158.58	0.00	12.60	2086.35
	4158.59	0.00	12.68	2086.31
	4158.60	0.00	12.77	2101.27
	4158.61	0.00	12.84	2108.23
	4158.63	0.00	12.94	2115.15
	4158.64	0.00	13.17	2143.06
	4158.65	0.00	13.30	2147.94
	4158.66	0.00	13.48	2156.67
	4158.67	0.00	13.59	2177.57
	4158.68	0.00	13.64	2182.56
	4158.70	0.00	13.80	2195.52
	4158.71	0.00	13.86	2188.45
	4158.72	0.00	13.89	2174.39
	4158.73	0.00	13.93	2156.32
	4158.74	0.00	13.96	2144.24
	4158.75	0.00	13.98	2125.15
	4158.77	0.00	13.96	2081.99
	4158.78	0.00	13.83	2026.97
	4158.79	0.00	13.49	1937.08
	4158.80	0.00	13.18	1864.19
	4158.81	0.00	13.00	1819.34
	4158.83	0.00	12.92	1799.40
	4158.84	0.00	12.88	1777.36
	4158.85	0.00	12.89	1787.37
	4158.86	0.00	12.94	1805.37
	4158.87	0.00	13.00	1825.37
	4158.88	0.00	13.02	1832.36
	4158.90	0.00	13.03	1837.35
	4158.91	0.00	13.01	1828.34
	4158.92	0.00	13.02	1828.34
	4158.93	0.00	13.01	1827.34
	4158.94	0.00	13.01	1827.34
	4158.96	0.00	13.06	1827.23
	4158.97	0.00	13.15	1828.04
	4158.98	0.00	13.15	1836.08
	4158.99	0.00	13.15	1841.09
	4159.00	0.00	13.15	1835.10
	4159.02	0.00	13.15	1837.11
	4159.03	0.00	13.16	1838.10
	4159.04	0.00	13.16	1839.09
	4159.05	0.00	13.17	1841.09
	4159.06	0.00	13.15	1837.09
	4159.07	0.00	13.13	1821.05
	4159.09	0.00	13.11	1826.14
	4159.10	0.00	13.09	1827.17
	4159.11	0.00	13.09	1818.20
	4159.12	0.00	13.10	1824.20
	4159.13	0.00	13.09	1825.21
	4159.14	0.00	13.10	1830.22
	4159.16	0.00	13.10	1832.21
	4159.17	0.00	13.08	1831.23
	4159.18	0.00	13.08	1838.25
	4159.19	0.00	13.07	1841.29
	4159.20	0.00	13.02	1853.36
	4159.21	0.00	12.83	1883.51
	4159.23	0.00	12.39	1979.79
	4159.24	0.00	11.92	2107.09
	4159.25	0.00	11.73	2209.24
	4159.26	0.00	11.68	2247.32
	4159.27	0.00	11.69	2274.36
	4159.29	0.00	11.71	2292.39
	4159.30	0.00	11.68	2294.44
	4159.31	0.00	11.62	2304.49
	4159.32	0.00	11.57	2316.55
	4159.33	0.00	11.59	2339.50
	4159.35	0.00	11.59	2347.58
	4159.36	0.00	11.64	2353.52
	4159.37	0.00	11.69	2351.50
	4159.38	0.00	11.75	2343.47
	4159.39	0.00	11.81	2332.44
	4159.40	0.00	11.88	2317.41
	4159.42	0.00	11.96	2308.38
	4159.43	0.00	12.02	2291.36
	4159.44	0.00	12.11	2278.33
	4159.45	0.00	12.18	2256.32
	4159.46	0.00	12.27	2242.29
	4159.48	0.00	12.35	2223.27
	4159.49	0.00	12.44	2209.24
	4159.50	0.00	12.48	2196.24
	4159.51	0.00	12.52	2189.24
	4159.52	0.00	12.58	2168.23
	4159.54	0.00	12.66	2158.21
	4159.55	0.00	12.74	2150.17
	4159.56	0.00	12.81	2138.15
	4159.57	0.00	12.88	2126.14
	4159.58	0.00	12.91	2126.13
	4159.59	0.00	13.00	2125.01
	4159.61	0.00	13.07	2126.99
	4159.62	0.00	13.24	2157.94
	4159.63	0.00	13.29	2168.90
	4159.64	0.00	13.37	2180.84
	4159.65	0.00	13.43	2191.77
	4159.66	0.00	13.50	2198.74
	4159.68	0.00	13.57	2211.68
	4159.69	0.00	13.62	2222.64
	4159.70	0.00	13.67	2227.58
	4159.71	0.00	13.73	2228.50
	4159.72	0.00	13.76	2224.46
	4159.73	0.00	13.80	2212.38
	4159.75	0.00	13.83	2203.32
	4159.76	0.00	13.85	2206.31
	4159.77	0.00	13.87	2201.24
	4159.78	0.00	13.90	2193.13
	4159.79	0.00	13.88	2173.09
	4159.81	0.00	13.84	2133.02
	4159.82	0.00	13.74	2080.98
	4159.83	0.00	13.49	1996.03
	4159.84	0.00	13.29	1940.21
	4159.85	0.00	13.12	1883.25
	4159.87	0.00	12.97	1837.31
	4159.88	0.00	12.86	1805.37
	4159.89	0.00	12.82	1796.38
	4159.90	0.00	12.76	1772.37
	4159.91	0.00	12.76	1777.39
	4159.92	0.00	12.77	1774.37
	4159.94	0.00	12.86	1803.33
	4159.95	0.00	12.87	1806.34
	4159.96	0.00	12.88	1810.35
	4159.97	0.00	12.86	1799.34
	4159.98	0.00	12.86	1798.33
	4160.00	0.00	12.88	1799.33
	4160.01	0.00	12.88	1798.34
	4160.02	0.00	12.86	1789.33
	4160.03	0.00	12.89	1801.33
	4160.04	0.00	12.89	1801.33
	4160.05	0.00	12.89	1793.31
	4160.07	0.00	12.91	1795.29
	4160.08	0.00	12.91	1795.29
	4160.09	0.00	12.91	1797.30
	4160.10	0.00	12.92	1798.29
	4160.11	0.00	12.93	1798.29
	4160.12	0.00	12.93	1802.28
	4160.14	0.00	12.94	1809.28
	4160.15	0.00	12.94	1806.26
	4160.16	0.00	12.96	1809.25
	4160.17	0.00	12.97	1812.25
	4160.18	0.00	12.98	1813.23
	4160.19	0.00	12.98	1813.23
	4160.21	0.00	12.98	1814.22
	4160.22	0.00	12.99	1814.22
	4160.23	0.00	12.98	1815.23
	4160.24	0.00	13.00	1819.21
	4160.25	0.00	13.00	1818.21
	4160.27	0.00	12.98	1812.22
	4160.28	0.00	12.94	1825.34
	4160.29	0.00	12.81	1842.49
	4160.30	0.00	12.57	1896.67
	4160.31	0.00	12.24	1975.88
	4160.33	0.00	11.97	2054.02
	4160.34	0.00	11.86	2085.15
	4160.35	0.00	11.80	2095.22
	4160.36	0.00	11.80	2125.27
	4160.37	0.00	11.80	2168.32
	4160.38	0.00	11.76	2184.36
	4160.40	0.00	11.70	2198.41
	4160.41	0.00	11.62	2225.48
	4160.42	0.00	11.58	2256.51
	4160.43	0.00	11.59	2276.52
	4160.44	0.00	11.62	2284.46
	4160.45	0.00	11.66	2286.43
	4160.47	0.00	11.69	2289.44
	4160.48	0.00	11.69	2278.51
	4160.49	0.00	11.72	2270.51
	4160.50	0.00	11.79	2259.47
	4160.52	0.00	11.85	2245.47
	4160.53	0.00	11.94	2233.39
	4160.54	0.00	12.03	2221.38
	4160.55	0.00	12.10	2203.34
	4160.56	0.00	12.19	2190.33
	4160.57	0.00	12.29	2168.28
	4160.58	0.00	12.40	2160.21
	4160.60	0.00	12.47	2147.19
	4160.61	0.00	12.55	2130.18
	4160.62	0.00	12.70	2096.14
	4160.63	0.00	12.80	2076.09
	4160.64	0.00	12.87	2079.08
	4160.66	0.00	12.95	2071.03
	4160.67	0.00	13.05	2078.97
	4160.68	0.00	13.09	2088.89
	4160.69	0.00	13.15	2090.80
	4160.70	0.00	13.22	2094.70
	4160.71	0.00	13.28	2096.53
	4160.73	0.00	13.46	2126.45
	4160.74	0.00	13.60	2148.40
	4160.75	0.00	13.66	2157.35
	4160.76	0.00	13.72	2166.30
	4160.77	0.00	13.80	2173.23
	4160.79	0.00	13.86	2174.12
	4160.80	0.00	13.95	2174.98
	4160.81	0.00	14.02	2177.90
	4160.82	0.00	14.11	2175.74
	4160.83	0.00	14.17	2171.62
	4160.84	0.00	14.25	2182.53
	4160.86	0.00	14.34	2183.36
	4160.87	0.00	14.36	2174.29
	4160.88	0.00	14.40	2165.16
	4160.89	0.00	14.39	2143.06
	4160.90	0.00	14.34	2107.00
	4160.91	0.00	14.28	2063.95
	4160.93	0.00	14.03	2002.01
	4160.94	0.00	13.81	1937.22
	4160.95	0.00	13.27	1860.81
	4160.96	0.00	13.03	1827.14
	4160.97	0.00	12.90	1797.21
	4160.99	0.00	12.84	1788.27
	4161.00	0.00	12.83	1787.30
	4161.01	0.00	12.82	1795.32
	4161.02	0.00	12.93	1836.31
	4161.03	0.00	12.90	1825.32
	4161.04	0.00	12.90	1823.32
	4161.06	0.00	12.89	1822.33
	4161.07	0.00	12.90	1821.33
	4161.08	0.00	12.87	1807.33
	4161.09	0.00	12.87	1810.35
	4161.10	0.00	12.89	1809.31
	4161.12	0.00	12.90	1813.30
	4161.13	0.00	12.91	1815.32
	4161.14	0.00	12.90	1816.32
	4161.15	0.00	12.91	1813.32
	4161.16	0.00	12.91	1814.34
	4161.17	0.00	12.92	1821.33
	4161.19	0.00	12.92	1825.33
	4161.20	0.00	12.93	1829.33
	4161.21	0.00	13.05	1830.07
	4161.22	0.00	13.08	1843.04
	4161.23	0.00	13.07	1843.06
	4161.25	0.00	13.09	1851.06
	4161.26	0.00	13.10	1855.04
	4161.27	0.00	13.08	1852.04
	4161.28	0.00	13.09	1853.04
	4161.29	0.00	13.08	1844.02
	4161.30	0.00	12.99	1837.17
	4161.32	0.00	12.97	1840.24
	4161.33	0.00	12.98	1838.27
	4161.34	0.00	13.00	1848.26
	4161.35	0.00	12.99	1848.28
	4161.36	0.00	12.97	1848.30
	4161.37	0.00	12.87	1836.45
	4161.39	0.00	12.66	1873.62
	4161.40	0.00	12.32	1951.84
	4161.41	0.00	11.92	2071.04
	4161.42	0.00	11.72	2144.12
	4161.43	0.00	11.60	2190.21
	4161.44	0.00	11.55	2221.26
	4161.46	0.00	11.55	2263.29
	4161.47	0.00	11.60	2294.31
	4161.48	0.00	11.64	2326.36
	4161.49	0.00	11.68	2361.40
	4161.50	0.00	11.67	2362.42
	4161.52	0.00	11.66	2363.44
	4161.53	0.00	11.69	2356.36
	4161.54	0.00	11.73	2354.36
	4161.55	0.00	11.78	2347.36
	4161.56	0.00	11.85	2336.33
	4161.58	0.00	11.92	2319.30
	4161.59	0.00	12.01	2299.27
	4161.60	0.00	12.13	2273.24
	4161.61	0.00	12.24	2250.21
	4161.62	0.00	12.35	2231.18
	4161.64	0.00	12.60	2279.15
	4161.65	0.00	12.55	2192.11
	4161.66	0.00	12.66	2181.06
	4161.67	0.00	12.80	2156.02
	4161.68	0.00	12.92	2135.96
	4161.69	0.00	13.02	2113.91
	4161.71	0.00	13.15	2098.83
	4161.72	0.00	13.18	2096.74
	4161.73	0.00	13.20	2108.67
	4161.74	0.00	13.26	2111.52
	4161.75	0.00	13.28	2111.46
	4161.77	0.00	13.32	2112.41
	4161.78	0.00	13.36	2111.30
	4161.79	0.00	13.37	2115.32
	4161.80	0.00	13.40	2113.27
	4161.81	0.00	13.55	2138.16
	4161.82	0.00	13.59	2139.12
	4161.84	0.00	13.62	2143.11
	4161.85	0.00	13.68	2148.07
	4161.86	0.00	13.79	2162.05
	4161.87	0.00	13.84	2168.01
	4161.88	0.00	13.89	2167.99
	4161.89	0.00	13.91	2176.01
	4161.91	0.00	13.95	2178.97
	4161.92	0.00	14.01	2188.94
	4161.93	0.00	14.04	2194.92
	4161.94	0.00	14.11	2206.84
	4161.95	0.00	14.11	2200.87
	4161.97	0.00	14.15	2201.82
	4161.98	0.00	14.19	2204.77
	4161.99	0.00	14.24	2209.64
	4162.00	0.00	14.36	2206.34
	4162.01	0.00	14.44	2184.09
	4162.02	0.00	14.38	2150.06
	4162.04	0.00	14.33	2110.97
	4162.05	0.00	14.17	2040.93
	4162.06	0.00	13.98	1980.06
	4162.07	0.00	13.60	1916.56
	4162.08	0.00	13.17	1844.92
	4162.10	0.00	12.98	1811.14
	4162.11	0.00	12.90	1792.19
	4162.12	0.00	12.82	1769.23
	4162.13	0.00	12.77	1762.28
	4162.14	0.00	12.81	1774.27
	4162.15	0.00	12.90	1812.28
	4162.16	0.00	12.89	1804.27
	4162.18	0.00	12.88	1801.28
	4162.19	0.00	12.91	1806.25
	4162.20	0.00	12.90	1804.26
	4162.21	0.00	12.90	1806.27
	4162.22	0.00	12.91	1810.28
	4162.24	0.00	12.92	1811.27
	4162.25	0.00	12.91	1806.28
	4162.26	0.00	12.92	1810.28
	4162.27	0.00	12.93	1814.28
	4162.28	0.00	12.94	1815.28
	4162.29	0.00	12.95	1817.28
	4162.31	0.00	12.95	1818.28
	4162.32	0.00	12.97	1819.23
	4162.33	0.00	12.99	1828.23
	4162.34	0.00	13.01	1838.22
	4162.35	0.00	13.01	1842.21
	4162.37	0.00	13.03	1845.20
	4162.38	0.00	13.03	1847.20
	4162.39	0.00	13.03	1849.20
	4162.40	0.00	13.03	1847.20
	4162.41	0.00	13.02	1838.19
	4162.42	0.00	13.01	1838.19
	4162.44	0.00	13.02	1839.18
	4162.45	0.00	13.02	1837.17
	4162.46	0.00	13.03	1839.17
	4162.47	0.00	13.03	1837.17
	4162.48	0.00	13.04	1839.16
	4162.50	0.00	13.02	1835.17
	4162.51	0.00	13.03	1838.16
	4162.52	0.00	13.04	1854.16
	4162.53	0.00	12.99	1857.25
	4162.54	0.00	12.80	1879.40
	4162.55	0.00	12.45	1940.66
	4162.57	0.00	12.08	2026.91
	4162.58	0.00	11.85	2096.04
	4162.59	0.00	11.79	2141.11
	4162.60	0.00	11.81	2177.16
	4162.61	0.00	11.89	2197.18
	4162.63	0.00	11.95	2231.18
	4162.64	0.00	11.93	2245.22
	4162.65	0.00	11.88	2253.26
	4162.66	0.00	11.85	2271.29
	4162.67	0.00	11.86	2290.25
	4162.68	0.00	11.88	2306.27
	4162.70	0.00	11.89	2309.24
	4162.71	0.00	11.91	2315.23
	4162.72	0.00	11.91	2309.26
	4162.73	0.00	11.93	2309.33
	4162.75	0.00	11.97	2299.32
	4162.76	0.00	12.02	2292.30
	4162.77	0.00	12.07	2276.26
	4162.78	0.00	12.14	2261.24
	4162.79	0.00	12.21	2241.22
	4162.80	0.00	12.27	2232.20
	4162.82	0.00	12.36	2217.17
	4162.83	0.00	12.44	2200.16
	4162.84	0.00	12.54	2189.09
	4162.85	0.00	12.60	2177.08
	4162.86	0.00	12.67	2164.05
	4162.87	0.00	12.80	2137.02
	4162.89	0.00	12.89	2121.00
	4162.90	0.00	12.98	2109.97
	4162.91	0.00	13.07	2103.93
	4162.92	0.00	13.11	2104.88
	4162.93	0.00	13.11	2107.88
	4162.95	0.00	13.15	2119.85
	4162.96	0.00	13.19	2124.77
	4162.97	0.00	13.24	2140.73
	4162.98	0.00	13.29	2141.66
	4162.99	0.00	13.38	2155.52
	4163.00	0.00	13.52	2183.45
	4163.02	0.00	13.60	2196.35
	4163.03	0.00	13.72	2218.31
	4163.04	0.00	13.79	2222.26
	4163.05	0.00	13.82	2224.20
	4163.06	0.00	13.87	2224.17
	4163.08	0.00	13.94	2226.07
	4163.09	0.00	14.00	2228.99
	4163.10	0.00	14.06	2235.92
	4163.11	0.00	14.10	2235.85
	4163.12	0.00	14.13	2229.79
	4163.13	0.00	14.15	2225.75
	4163.14	0.00	14.14	2205.71
	4163.16	0.00	14.15	2180.55
	4163.17	0.00	14.18	2131.26
	4163.18	0.00	13.96	2050.17
	4163.19	0.00	13.94	2013.11
	4163.20	0.00	13.72	1962.36
	4163.22	0.00	13.35	1899.86
	4163.23	0.00	13.09	1851.11
	4163.24	0.00	12.88	1805.28
	4163.25	0.00	12.79	1772.28
	4163.26	0.00	12.75	1763.32
	4163.27	0.00	12.71	1751.31
	4163.29	0.00	12.76	1764.30
	4163.30	0.00	12.82	1792.32
	4163.31	0.00	12.85	1802.31
	4163.32	0.00	12.85	1798.31
	4163.33	0.00	12.85	1794.31
	4163.35	0.00	12.84	1793.31
	4163.36	0.00	12.84	1792.32
	4163.37	0.00	12.84	1793.32
	4163.38	0.00	12.84	1797.32
	4163.39	0.00	12.85	1797.32
	4163.40	0.00	12.86	1800.30
	4163.42	0.00	12.87	1801.32
	4163.43	0.00	12.94	1797.10
	4163.44	0.00	13.01	1806.02
	4163.45	0.00	13.00	1810.04
	4163.46	0.00	13.02	1820.05
	4163.48	0.00	13.02	1821.06
	4163.49	0.00	13.03	1829.06
	4163.50	0.00	13.03	1835.07
	4163.51	0.00	13.03	1835.06
	4163.52	0.00	13.06	1848.06
	4163.53	0.00	13.05	1838.03
	4163.55	0.00	13.00	1842.16
	4163.56	0.00	12.98	1847.20
	4163.57	0.00	13.00	1836.21
	4163.58	0.00	13.00	1838.22
	4163.59	0.00	12.96	1827.25
	4163.60	0.00	12.97	1836.27
	4163.62	0.00	12.96	1815.21
	4163.63	0.00	12.98	1828.22
	4163.64	0.00	13.00	1838.22
	4163.65	0.00	12.99	1848.22
	4163.66	0.00	13.00	1851.21
	4163.68	0.00	13.01	1858.18
	4163.69	0.00	13.02	1866.20
	4163.70	0.00	13.00	1872.27
	4163.71	0.00	12.83	1892.44
	4163.72	0.00	12.57	1939.68
	4163.73	0.00	12.12	2060.93
	4163.75	0.00	11.83	2151.10
	4163.76	0.00	11.73	2210.20
	4163.77	0.00	11.76	2241.25
	4163.78	0.00	11.76	2250.27
	4163.79	0.00	11.73	2253.30
	4163.81	0.00	11.76	2276.23
	4163.82	0.00	11.80	2304.21
	4163.83	0.00	11.82	2321.22
	4163.84	0.00	11.89	2350.24
	4163.85	0.00	11.92	2360.24
	4163.87	0.00	11.95	2393.25
	4163.88	0.00	11.99	2399.26
	4163.89	0.00	12.02	2398.25
	4163.90	0.00	12.08	2392.22
	4163.91	0.00	12.24	2436.20
	4163.92	0.00	12.20	2363.17
	4163.94	0.00	12.29	2341.15
	4163.95	0.00	12.37	2320.11
	4163.96	0.00	12.44	2293.13
	4163.97	0.00	12.53	2271.10
	4163.98	0.00	12.60	2252.07
	4164.00	0.00	12.68	2219.02
	4164.01	0.00	12.71	2211.01
	4164.02	0.00	12.85	2183.93
	4164.03	0.00	12.92	2166.91
	4164.04	0.00	12.95	2162.87
	4164.06	0.00	13.01	2156.85
	4164.07	0.00	13.08	2150.72
	4164.08	0.00	13.11	2152.70
	4164.09	0.00	13.14	2158.69
	4164.10	0.00	13.22	2186.70
	4164.11	0.00	13.21	2154.68
	4164.12	0.00	13.21	2146.76
	4164.14	0.00	13.20	2151.77
	4164.15	0.00	13.21	2152.79
	4164.16	0.00	13.22	2148.75
	4164.17	0.00	13.28	2168.69
	4164.18	0.00	13.32	2175.66
	4164.20	0.00	13.39	2192.62
	4164.21	0.00	13.47	2197.48
	4164.22	0.00	13.53	2207.39
	4164.23	0.00	13.59	2219.33
	4164.24	0.00	13.63	2230.28
	4164.25	0.00	13.67	2235.25
	4164.27	0.00	13.70	2226.18
	4164.28	0.00	13.84	2235.05
	4164.29	0.00	13.87	2220.97
	4164.30	0.00	13.91	2217.90
	4164.31	0.00	13.97	2215.79
	4164.33	0.00	14.01	2213.73
	4164.34	0.00	14.05	2208.65
	4164.35	0.00	14.10	2199.50
	4164.36	0.00	14.18	2178.29
	4164.37	0.00	14.14	2128.19
	4164.38	0.00	14.01	2062.12
	4164.40	0.00	13.93	2005.09
	4164.41	0.00	13.76	1953.25
	4164.42	0.00	13.48	1897.54
	4164.43	0.00	13.19	1844.81
	4164.44	0.00	13.00	1801.98
	4164.46	0.00	12.90	1783.10
	4164.47	0.00	12.86	1779.14
	4164.48	0.00	12.78	1753.15
	4164.49	0.00	12.81	1761.15
	4164.50	0.00	12.82	1764.14
	4164.52	0.00	12.88	1788.16
	4164.53	0.00	12.89	1791.16
	4164.54	0.00	12.91	1792.16
	4164.55	0.00	12.89	1788.17
	4164.56	0.00	12.93	1797.16
	4164.57	0.00	12.87	1768.19
	4164.59	0.00	12.86	1768.20
	4164.60	0.00	12.85	1748.16
	4164.61	0.00	12.82	1749.23
	4164.62	0.00	12.83	1753.23
	4164.63	0.00	12.84	1755.23
	4164.64	0.00	12.85	1766.25
	4164.66	0.00	12.86	1766.23
	4164.67	0.00	12.86	1767.23
	4164.68	0.00	12.87	1768.23
	4164.69	0.00	12.97	1801.12
	4164.70	0.00	12.95	1807.20
	4164.71	0.00	12.92	1801.23
	4164.73	0.00	12.84	1768.30
	4164.74	0.00	12.85	1767.28
	4164.75	0.00	12.84	1768.30
	4164.76	0.00	12.84	1769.31
	4164.77	0.00	12.84	1771.31
	4164.79	0.00	12.84	1770.31
	4164.80	0.00	12.88	1775.24
	4164.81	0.00	13.00	1823.24
	4164.82	0.00	12.88	1772.24
	4164.83	0.00	12.90	1775.22
	4164.85	0.00	12.88	1775.25
	4164.86	0.00	12.96	1813.18
	4164.87	0.00	13.00	1819.09
	4164.88	0.00	13.04	1825.03
	4164.89	0.00	13.05	1828.02
	4164.90	0.00	13.06	1828.01
	4164.92	0.00	13.03	1827.08
	4164.93	0.00	12.90	1834.35
	4164.94	0.00	12.61	1883.60
	4164.95	0.00	12.25	1976.85
	4164.96	0.00	11.72	2152.00
	4164.97	0.00	11.55	2207.08
	4164.99	0.00	11.51	2236.13
	4165.00	0.00	11.52	2236.23
	4165.01	0.00	11.49	2270.27
	4165.02	0.00	11.43	2307.32
	4165.03	0.00	11.43	2361.37
	4165.05	0.00	11.46	2392.41
	4165.06	0.00	11.45	2392.37
	4165.07	0.00	11.47	2398.39
	4165.08	0.00	11.47	2388.41
	4165.09	0.00	11.55	2422.40
	4165.10	0.00	11.64	2431.34
	4165.12	0.00	11.72	2429.32
	4165.13	0.00	11.78	2417.33
	4165.14	0.00	11.87	2400.29
	4165.15	0.00	12.00	2397.29
	4165.16	0.00	12.11	2370.26
	4165.18	0.00	12.24	2343.24
	4165.19	0.00	12.35	2313.19
	4165.20	0.00	12.51	2279.08
	4165.21	0.00	12.63	2256.02
	4165.22	0.00	12.77	2212.93
	4165.23	0.00	12.94	2181.85
	4165.25	0.00	13.12	2160.61
	4165.26	0.00	13.27	2135.34
	4165.27	0.00	13.38	2124.09
	4165.28	0.00	13.44	2117.98
	4165.29	0.00	13.45	2114.94
	4165.31	0.00	13.45	2099.91
	4165.32	0.00	13.44	2099.92
	4165.33	0.00	13.43	2090.92
	4165.34	0.00	13.44	2094.90
	4165.35	0.00	13.42	2088.94
	4165.37	0.00	13.40	2080.94
	4165.38	0.00	13.48	2105.03
	4165.39	0.00	13.50	2112.07
	4165.40	0.00	13.49	2119.15
	4165.41	0.00	13.52	2125.15
	4165.42	0.00	13.59	2141.14
	4165.44	0.00	13.76	2179.12
	4165.45	0.00	13.88	2207.08
	4165.46	0.00	13.99	2224.01
	4165.47	0.00	14.11	2254.00
	4165.48	0.00	14.21	2268.92
	4165.49	0.00	14.29	2285.86
	4165.51	0.00	14.38	2300.83
	4165.52	0.00	14.43	2298.77
	4165.53	0.00	14.54	2303.57
	4165.54	0.00	14.67	2280.19
	4165.55	0.00	14.67	2256.05
	4165.56	0.00	14.69	2221.90
	4165.58	0.00	14.70	2162.63
	4165.59	0.00	14.55	2108.66
	4165.60	0.00	14.26	2036.86
	4165.61	0.00	13.57	1935.63
	4165.62	0.00	13.08	1825.96
	4165.64	0.00	12.85	1773.13
	4165.65	0.00	12.77	1764.22
	4165.66	0.00	12.69	1753.29
	4165.67	0.00	12.80	1791.25
	4165.68	0.00	12.82	1794.26
	4165.69	0.00	12.78	1770.29
	4165.71	0.00	12.71	1749.34
	4165.72	0.00	12.73	1753.33
	4165.73	0.00	12.76	1758.28
	4165.74	0.00	12.78	1770.30
	4165.75	0.00	12.77	1771.31
	4165.77	0.00	12.76	1765.30
	4165.78	0.00	12.78	1771.31
	4165.79	0.00	12.78	1771.31
	4165.80	0.00	12.77	1769.32
	4165.81	0.00	12.77	1759.26
	4165.83	0.00	12.77	1765.29
	4165.84	0.00	12.78	1767.30
	4165.85	0.00	12.79	1768.29
	4165.86	0.00	12.79	1770.31
	4165.87	0.00	12.79	1773.31
	4165.88	0.00	12.82	1786.29
	4165.90	0.00	13.02	1863.19
	4165.91	0.00	12.94	1826.16
	4165.92	0.00	12.93	1822.16
	4165.93	0.00	12.94	1822.13
	4165.94	0.00	12.94	1824.16
	4165.95	0.00	12.94	1821.15
	4165.97	0.00	12.93	1818.15
	4165.98	0.00	12.93	1821.15
	4165.99	0.00	12.92	1812.15
	4166.00	0.00	12.95	1822.13
	4166.01	0.00	12.96	1825.11
	4166.03	0.00	12.96	1824.10
	4166.04	0.00	12.97	1825.10
	4166.05	0.00	12.97	1831.10
	4166.06	0.00	13.00	1845.08
	4166.07	0.00	13.01	1845.07
	4166.08	0.00	13.02	1846.06
	4166.10	0.00	13.02	1844.06
	4166.11	0.00	13.00	1842.10
	4166.12	0.00	12.85	1849.39
	4166.13	0.00	12.33	1939.84
	4166.14	0.00	11.61	2154.17
	4166.15	0.00	11.12	2322.44
	4166.17	0.00	11.07	2354.57
	4166.18	0.00	11.17	2354.55
	4166.19	0.00	11.28	2342.54
	4166.20	0.00	11.30	2359.56
	4166.21	0.00	11.26	2399.65
	4166.23	0.00	11.32	2421.56
	4166.24	0.00	11.44	2459.52
	4166.25	0.00	11.55	2503.49
	4166.26	0.00	11.66	2520.48
	4166.27	0.00	11.75	2511.45
	4166.29	0.00	11.83	2483.47
	4166.30	0.00	11.94	2446.46
	4166.31	0.00	12.08	2414.42
	4166.32	0.00	12.23	2371.30
	4166.33	0.00	12.31	2322.29
	4166.35	0.00	12.44	2299.25
	4166.36	0.00	12.59	2251.19
	4166.37	0.00	12.81	2185.12
	4166.38	0.00	12.97	2130.03
	4166.39	0.00	13.13	2111.85
	4166.40	0.00	13.21	2104.68
	4166.42	0.00	13.24	2099.59
	4166.43	0.00	13.26	2097.52
	4166.44	0.00	13.25	2080.45
	4166.45	0.00	13.30	2086.37
	4166.46	0.00	13.33	2083.31
	4166.47	0.00	13.34	2084.27
	4166.49	0.00	13.33	2077.24
	4166.50	0.00	13.35	2068.17
	4166.51	0.00	13.46	2087.14
	4166.52	0.00	13.48	2089.10
	4166.53	0.00	13.51	2089.08
	4166.55	0.00	13.54	2095.06
	4166.56	0.00	13.58	2102.05
	4166.57	0.00	13.61	2102.04
	4166.58	0.00	13.78	2134.04
	4166.59	0.00	13.82	2142.05
	4166.60	0.00	13.88	2150.07
	4166.62	0.00	13.95	2168.12
	4166.63	0.00	14.01	2170.13
	4166.64	0.00	14.11	2195.13
	4166.65	0.00	14.23	2220.09
	4166.66	0.00	14.28	2232.11
	4166.67	0.00	14.34	2243.08
	4166.69	0.00	14.41	2262.06
	4166.70	0.00	14.43	2268.07
	4166.71	0.00	14.47	2278.04
	4166.72	0.00	14.48	2263.94
	4166.73	0.00	14.49	2271.88
	4166.75	0.00	14.52	2259.68
	4166.76	0.00	14.60	2219.25
	4166.77	0.00	14.45	2161.30
	4166.78	0.00	14.23	2097.37
	4166.79	0.00	13.76	2012.82
	4166.81	0.00	13.40	1910.01
	4166.82	0.00	13.11	1823.00
	4166.83	0.00	12.62	1699.30
	4166.84	0.00	12.52	1687.38
	4166.85	0.00	12.52	1697.42
	4166.86	0.00	12.61	1736.47
	4166.88	0.00	12.63	1739.44
	4166.89	0.00	12.66	1742.43
	4166.90	0.00	12.66	1744.43
	4166.91	0.00	12.67	1745.43
	4166.92	0.00	12.71	1756.40
	4166.93	0.00	12.79	1754.21
	4166.95	0.00	12.88	1762.07
	4166.96	0.00	12.87	1763.08
	4166.97	0.00	12.91	1776.08
	4166.98	0.00	12.90	1770.08
	4166.99	0.00	12.89	1770.09
	4167.00	0.00	12.90	1772.11
	4167.02	0.00	12.84	1779.21
	4167.03	0.00	12.84	1797.28
	4167.04	0.00	12.85	1805.28
	4167.05	0.00	12.90	1807.20
	4167.06	0.00	12.89	1811.29
	4167.08	0.00	12.89	1815.29
	4167.09	0.00	12.88	1793.23
	4167.10	0.00	12.89	1806.25
	4167.11	0.00	12.92	1813.24
	4167.12	0.00	12.91	1813.24
	4167.13	0.00	12.91	1816.25
	4167.15	0.00	12.91	1814.24
	4167.16	0.00	12.91	1821.24
	4167.17	0.00	12.93	1828.21
	4167.18	0.00	12.94	1829.21
	4167.19	0.00	12.93	1827.23
	4167.20	0.00	12.93	1827.23
	4167.22	0.00	12.93	1829.23
	4167.23	0.00	12.91	1825.25
	4167.24	0.00	12.92	1826.26
	4167.25	0.00	12.97	1852.26
	4167.27	0.00	12.92	1825.26
	4167.28	0.00	12.92	1827.25
	4167.29	0.00	12.93	1835.25
	4167.30	0.00	12.99	1838.12
	4167.31	0.00	13.03	1857.10
	4167.32	0.00	13.04	1862.10
	4167.33	0.00	12.91	1873.36
	4167.35	0.00	12.32	1971.81
	4167.36	0.00	11.65	2164.15
	4167.37	0.00	11.16	2316.44
	4167.38	0.00	11.18	2341.54
	4167.39	0.00	11.21	2344.52
	4167.41	0.00	11.28	2330.48
	4167.42	0.00	11.31	2343.51
	4167.43	0.00	11.33	2367.52
	4167.44	0.00	11.39	2385.53
	4167.45	0.00	11.43	2406.54
	4167.46	0.00	11.44	2411.57
	4167.48	0.00	11.48	2412.61
	4167.49	0.00	11.58	2427.61
	4167.50	0.00	11.66	2418.58
	4167.51	0.00	11.77	2417.52
	4167.52	0.00	11.86	2397.54
	4167.54	0.00	11.97	2378.48
	4167.55	0.00	12.06	2355.44
	4167.56	0.00	12.20	2330.31
	4167.57	0.00	12.33	2299.28
	4167.58	0.00	12.46	2261.23
	4167.60	0.00	12.63	2228.16
	4167.61	0.00	12.78	2176.15
	4167.62	0.00	12.92	2146.09
	4167.63	0.00	13.01	2135.92
	4167.64	0.00	13.12	2112.73
	4167.65	0.00	13.17	2112.60
	4167.67	0.00	13.18	2133.50
	4167.68	0.00	13.19	2131.45
	4167.69	0.00	13.20	2132.43
	4167.70	0.00	13.22	2130.39
	4167.71	0.00	13.22	2128.38
	4167.73	0.00	13.33	2146.34
	4167.74	0.00	13.38	2154.29
	4167.75	0.00	13.40	2148.27
	4167.76	0.00	13.48	2139.25
	4167.77	0.00	13.53	2151.25
	4167.79	0.00	13.55	2152.23
	4167.80	0.00	13.60	2157.21
	4167.81	0.00	13.67	2172.21
	4167.82	0.00	13.83	2197.21
	4167.83	0.00	13.91	2216.23
	4167.84	0.00	13.99	2231.24
	4167.86	0.00	14.11	2253.20
	4167.87	0.00	14.18	2261.18
	4167.88	0.00	14.24	2263.11
	4167.89	0.00	14.33	2277.03
	4167.90	0.00	14.41	2275.87
	4167.91	0.00	14.54	2261.54
	4167.93	0.00	14.68	2248.16
	4167.94	0.00	14.71	2228.04
	4167.95	0.00	14.68	2194.97
	4167.96	0.00	14.58	2144.96
	4167.97	0.00	14.44	2107.07
	4167.98	0.00	14.02	2041.43
	4168.00	0.00	13.55	1965.97
	4168.01	0.00	13.24	1897.16
	4168.02	0.00	12.90	1824.27
	4168.03	0.00	12.81	1793.28
	4168.04	0.00	12.70	1761.37
	4168.06	0.00	12.67	1749.37
	4168.07	0.00	12.66	1747.37
	4168.08	0.00	12.76	1782.36
	4168.09	0.00	12.80	1798.35
	4168.10	0.00	12.81	1796.35
	4168.11	0.00	12.82	1797.36
	4168.13	0.00	12.82	1796.36
	4168.14	0.00	12.82	1794.36
	4168.15	0.00	12.81	1789.37
	4168.16	0.00	12.82	1791.37
	4168.17	0.00	12.83	1794.35
	4168.18	0.00	12.86	1801.32
	4168.20	0.00	12.85	1802.35
	4168.21	0.00	12.87	1808.33
	4168.22	0.00	12.87	1814.37
	4168.23	0.00	12.86	1818.38
	4168.24	0.00	12.87	1821.38
	4168.25	0.00	12.87	1823.38
	4168.27	0.00	12.90	1826.34
	4168.28	0.00	12.90	1829.35
	4168.29	0.00	12.90	1831.36
	4168.30	0.00	12.90	1831.38
	4168.31	0.00	12.90	1834.36
	4168.33	0.00	12.90	1832.36
	4168.34	0.00	13.01	1837.11
	4168.35	0.00	13.02	1833.10
	4168.36	0.00	12.97	1827.17
	4168.37	0.00	12.98	1829.16
	4168.38	0.00	12.98	1828.17
	4168.40	0.00	12.97	1829.17
	4168.41	0.00	12.92	1820.26
	4168.42	0.00	12.89	1820.33
	4168.43	0.00	12.88	1822.34
	4168.44	0.00	12.89	1822.34
	4168.46	0.00	12.90	1823.34
	4168.47	0.00	12.91	1827.33
	4168.48	0.00	12.92	1829.31
	4168.49	0.00	12.96	1838.24
	4168.50	0.00	13.01	1856.21
	4168.51	0.00	13.02	1865.21
	4168.53	0.00	13.03	1868.22
	4168.54	0.00	12.86	1883.55
	4168.55	0.00	12.29	2003.02
	4168.56	0.00	11.73	2185.36
	4168.57	0.00	11.48	2287.52
	4168.58	0.00	11.37	2319.62
	4168.60	0.00	11.37	2319.63
	4168.61	0.00	11.32	2307.64
	4168.62	0.00	11.33	2336.65
	4168.63	0.00	11.35	2373.69
	4168.64	0.00	11.44	2390.68
	4168.66	0.00	11.51	2419.65
	4168.67	0.00	11.60	2432.63
	4168.68	0.00	11.70	2433.57
	4168.69	0.00	11.82	2434.55
	4168.70	0.00	11.92	2427.52
	4168.72	0.00	12.01	2404.48
	4168.73	0.00	12.08	2379.45
	4168.74	0.00	12.16	2356.42
	4168.75	0.00	12.23	2329.40
	4168.76	0.00	12.34	2297.35
	4168.77	0.00	12.45	2267.30
	4168.79	0.00	12.64	2208.25
	4168.80	0.00	12.78	2170.19
	4168.81	0.00	12.92	2131.12
	4168.82	0.00	12.93	2129.08
	4168.83	0.00	13.00	2119.96
	4168.85	0.00	13.04	2112.85
	4168.86	0.00	13.10	2110.71
	4168.87	0.00	13.14	2105.63
	4168.88	0.00	13.16	2115.58
	4168.89	0.00	13.17	2119.57
	4168.90	0.00	13.21	2122.56
	4168.92	0.00	13.22	2121.53
	4168.93	0.00	13.24	2096.56
	4168.94	0.00	13.27	2094.50
	4168.95	0.00	13.29	2108.53
	4168.96	0.00	13.42	2137.51
	4168.97	0.00	13.50	2148.49
	4168.99	0.00	13.67	2182.49
	4169.00	0.00	13.75	2196.47
	4169.01	0.00	13.85	2216.47
	4169.02	0.00	13.92	2219.49
	4169.03	0.00	13.98	2229.49
	4169.05	0.00	14.10	2250.46
	4169.06	0.00	14.29	2316.41
	4169.07	0.00	14.31	2293.36
	4169.08	0.00	14.37	2296.31
	4169.09	0.00	14.40	2299.30
	4169.10	0.00	14.41	2293.26
	4169.12	0.00	14.39	2273.28
	4169.13	0.00	14.44	2347.24
	4169.14	0.00	14.24	2221.13
	4169.15	0.00	14.20	2167.97
	4169.16	0.00	14.09	2123.87
	4169.18	0.00	13.85	2066.05
	4169.19	0.00	13.46	1947.20
	4169.20	0.00	13.11	1849.32
	4169.21	0.00	12.81	1779.36
	4169.22	0.00	12.71	1754.45
	4169.23	0.00	12.65	1740.47
	4169.25	0.00	12.63	1734.46
	4169.26	0.00	12.68	1750.45
	4169.27	0.00	12.70	1753.45
	4169.28	0.00	12.75	1761.43
	4169.29	0.00	12.77	1768.44
	4169.31	0.00	12.77	1766.45
	4169.32	0.00	12.78	1767.44
	4169.33	0.00	12.78	1766.43
	4169.34	0.00	12.78	1762.44
	4169.35	0.00	12.80	1768.42
	4169.36	0.00	12.81	1772.42
	4169.38	0.00	12.83	1777.41
	4169.39	0.00	12.84	1783.40
	4169.40	0.00	12.85	1790.39
	4169.41	0.00	12.86	1796.39
	4169.42	0.00	12.89	1795.32
	4169.43	0.00	12.91	1802.30
	4169.45	0.00	12.92	1805.29
	4169.46	0.00	12.95	1807.24
	4169.47	0.00	12.91	1803.30
	4169.48	0.00	12.91	1807.32
	4169.49	0.00	12.91	1807.31
	4169.50	0.00	12.94	1810.27
	4169.52	0.00	12.94	1816.30
	4169.53	0.00	12.92	1803.28
	4169.54	0.00	12.92	1805.28
	4169.55	0.00	12.92	1806.28
	4169.56	0.00	12.94	1812.27
	4169.58	0.00	12.97	1821.24
	4169.59	0.00	12.99	1825.23
	4169.60	0.00	13.03	1829.16
	4169.61	0.00	13.00	1836.25
	4169.62	0.00	13.00	1835.25
	4169.63	0.00	13.01	1838.25
	4169.65	0.00	13.00	1835.24
	4169.66	0.00	12.99	1829.25
	4169.67	0.00	12.99	1828.23
	4169.68	0.00	12.99	1828.23
	4169.69	0.00	12.99	1827.23
	4169.70	0.00	12.97	1832.26
	4169.72	0.00	12.76	1849.65
	4169.73	0.00	12.10	1993.09
	4169.74	0.00	11.52	2173.43
	4169.75	0.00	11.31	2250.64
	4169.76	0.00	11.27	2276.71
	4169.78	0.00	11.31	2276.68
	4169.79	0.00	11.29	2258.66
	4169.80	0.00	11.35	2285.65
	4169.81	0.00	11.36	2294.64
	4169.82	0.00	11.34	2272.65
	4169.83	0.00	11.47	2309.64
	4169.85	0.00	11.52	2336.61
	4169.86	0.00	11.61	2336.42
	4169.87	0.00	11.66	2332.44
	4169.88	0.00	11.70	2313.45
	4169.89	0.00	11.76	2294.44
	4169.91	0.00	11.76	2235.59
	4169.92	0.00	11.86	2242.59
	4169.93	0.00	11.98	2215.57
	4169.94	0.00	12.01	2177.50
	4169.95	0.00	12.14	2138.49
	4169.97	0.00	12.30	2102.47
	4169.98	0.00	12.38	2090.45
	4169.99	0.00	12.45	2079.43
	4170.00	0.00	12.56	2082.40
	4170.01	0.00	12.64	2087.36
	4170.02	0.00	12.69	2087.34
	4170.04	0.00	12.75	2090.32
	4170.05	0.00	12.79	2086.31
	4170.06	0.00	12.83	2096.32
	4170.07	0.00	12.88	2099.29
	4170.08	0.00	12.95	2118.26
	4170.10	0.00	12.98	2120.24
	4170.11	0.00	13.05	2125.16
	4170.12	0.00	13.11	2128.08
	4170.13	0.00	13.17	2131.04
	4170.14	0.00	13.24	2132.97
	4170.16	0.00	13.31	2136.88
	4170.17	0.00	13.52	2162.69
	4170.18	0.00	13.59	2176.65
	4170.19	0.00	13.64	2186.66
	4170.20	0.00	13.71	2184.59
	4170.21	0.00	13.90	2223.56
	4170.23	0.00	13.96	2227.53
	4170.24	0.00	14.05	2243.51
	4170.25	0.00	14.12	2244.45
	4170.26	0.00	14.19	2246.39
	4170.27	0.00	14.25	2247.37
	4170.29	0.00	14.24	2228.36
	4170.30	0.00	14.13	2159.45
	4170.31	0.00	14.08	2129.38
	4170.32	0.00	14.01	2092.30
	4170.33	0.00	13.95	2031.11
	4170.34	0.00	13.68	1966.22
	4170.35	0.00	13.47	1899.27
	4170.37	0.00	13.17	1825.41
	4170.38	0.00	12.71	1720.50
	4170.39	0.00	12.62	1694.50
	4170.40	0.00	12.55	1682.55
	4170.41	0.00	12.52	1680.56
	4170.43	0.00	12.56	1670.40
	4170.44	0.00	12.56	1691.54
	4170.45	0.00	12.64	1716.54
	4170.46	0.00	12.68	1732.54
	4170.47	0.00	12.69	1735.55
	4170.48	0.00	12.68	1737.56
	4170.50	0.00	12.70	1740.54
	4170.51	0.00	12.76	1740.42
	4170.52	0.00	12.88	1744.16
	4170.53	0.00	12.87	1741.18
	4170.54	0.00	12.88	1747.18
	4170.56	0.00	12.88	1745.18
	4170.57	0.00	12.88	1746.18
	4170.58	0.00	12.96	1785.13
	4170.59	0.00	13.00	1798.11
	4170.60	0.00	12.86	1777.29
	4170.61	0.00	12.84	1783.37
	4170.63	0.00	12.86	1785.34
	4170.64	0.00	12.83	1784.40
	4170.65	0.00	12.84	1787.39
	4170.66	0.00	12.87	1786.39
	4170.67	0.00	12.88	1788.37
	4170.68	0.00	12.87	1787.38
	4170.70	0.00	12.86	1770.32
	4170.71	0.00	12.88	1779.32
	4170.72	0.00	12.90	1787.31
	4170.73	0.00	12.90	1790.32
	4170.74	0.00	12.91	1792.31
	4170.76	0.00	12.91	1793.32
	4170.77	0.00	12.90	1795.32
	4170.78	0.00	12.90	1800.33
	4170.79	0.00	12.93	1800.27
	4170.80	0.00	12.94	1807.28
	4170.81	0.00	12.93	1807.30
	4170.83	0.00	12.94	1804.26
	4170.84	0.00	12.93	1809.29
	4170.85	0.00	12.94	1808.28
	4170.86	0.00	12.92	1803.28
	4170.87	0.00	12.90	1798.31
	4170.88	0.00	12.91	1799.30
	4170.90	0.00	12.91	1800.31
	4170.91	0.00	12.91	1802.31
	4170.92	0.00	12.91	1805.32
	4170.93	0.00	12.65	1833.76
	4170.94	0.00	11.96	2010.13
	4170.95	0.00	11.25	2227.52
	4170.97	0.00	11.14	2289.72
	4170.98	0.00	11.11	2327.76
	4170.99	0.00	11.19	2322.70
	4171.00	0.00	11.22	2308.66
	4171.02	0.00	11.25	2311.64
	4171.03	0.00	11.33	2340.61
	4171.04	0.00	11.44	2354.59
	4171.05	0.00	11.54	2348.56
	4171.06	0.00	11.66	2357.54
	4171.07	0.00	11.80	2349.50
	4171.09	0.00	11.94	2332.48
	4171.10	0.00	12.05	2302.48
	4171.11	0.00	12.14	2277.48
	4171.12	0.00	12.31	2239.46
	4171.13	0.00	12.46	2198.42
	4171.15	0.00	12.58	2179.36
	4171.16	0.00	12.69	2154.32
	4171.17	0.00	12.78	2127.27
	4171.18	0.00	12.83	2114.21
	4171.19	0.00	12.87	2098.16
	4171.20	0.00	12.96	2093.97
	4171.22	0.00	13.00	2084.88
	4171.23	0.00	13.16	2092.72
	4171.24	0.00	13.24	2085.59
	4171.25	0.00	13.30	2078.50
	4171.26	0.00	13.33	2051.47
	4171.27	0.00	13.37	2054.45
	4171.29	0.00	13.33	2047.50
	4171.30	0.00	13.33	2055.55
	4171.31	0.00	13.32	2054.57
	4171.32	0.00	13.31	2062.64
	4171.33	0.00	13.27	2069.73
	4171.35	0.00	13.37	2139.76
	4171.36	0.00	13.24	2086.78
	4171.37	0.00	13.23	2089.82
	4171.38	0.00	13.21	2096.86
	4171.39	0.00	13.22	2102.86
	4171.40	0.00	13.21	2108.87
	4171.41	0.00	13.21	2143.88
	4171.43	0.00	13.17	2129.89
	4171.44	0.00	13.20	2140.86
	4171.45	0.00	13.22	2126.85
	4171.46	0.00	13.22	2129.86
	4171.47	0.00	13.22	2128.86
	4171.49	0.00	13.12	2107.86
	4171.50	0.00	13.12	2104.86
	4171.51	0.00	13.10	2101.87
	4171.52	0.00	13.07	2117.89
	4171.53	0.00	13.05	2113.89
	4171.54	0.00	13.03	2109.92
	4171.56	0.00	13.03	2117.95
	4171.57	0.00	13.02	2113.96
	4171.58	0.00	13.03	2114.94
	4171.59	0.00	13.01	2110.94
	4171.60	0.00	13.00	2100.91
	4171.62	0.00	12.99	2095.92
	4171.63	0.00	12.96	2081.92
	4171.64	0.00	12.96	2072.92
	4171.65	0.00	12.94	2065.92
	4171.66	0.00	12.91	2048.92
	4171.67	0.00	12.89	2041.93
	4171.69	0.00	12.90	2014.93
	4171.70	0.00	12.89	2012.94
	4171.71	0.00	12.87	2007.95
	4171.72	0.00	12.87	2008.97
	4171.73	0.00	12.85	2002.98
	4171.75	0.00	12.85	2000.98
	4171.76	0.00	12.84	1997.98
	4171.77	0.00	12.84	1995.98
	4171.78	0.00	12.84	1994.97
	4171.79	0.00	12.82	1992.01
	4171.80	0.00	12.82	1992.01
	4171.81	0.00	12.82	1986.00
	4171.83	0.00	12.83	1985.00
	4171.84	0.00	12.82	1984.02
	4171.85	0.00	12.82	1987.03
	4171.86	0.00	12.80	1980.03
	4171.87	0.00	12.79	1979.04
	4171.89	0.00	12.77	1974.05
	4171.90	0.00	12.76	1970.06
	4171.91	0.00	12.74	1966.07
	4171.92	0.00	12.73	1966.09
	4171.93	0.00	12.72	1963.08
	4171.94	0.00	12.71	1956.07
	4171.96	0.00	12.71	1961.09
	4171.97	0.00	12.69	1959.10
	4171.98	0.00	12.68	1956.13
	4171.99	0.00	12.68	1955.11
	4172.00	0.00	12.67	1953.11
	4172.02	0.00	12.66	1946.11
	4172.03	0.00	12.65	1946.11
	4172.04	0.00	12.65	1944.12
	4172.05	0.00	12.65	1942.09
	4172.06	0.00	12.75	1941.84
	4172.08	0.00	12.77	1944.80
	4172.09	0.00	12.75	1946.86
	4172.10	0.00	12.75	1947.87
	4172.11	0.00	12.75	1946.87
	4172.12	0.00	12.77	1945.83
	4172.13	0.00	12.72	1931.88
	4172.14	0.00	12.73	1937.89
	4172.16	0.00	12.74	1940.89
	4172.17	0.00	12.73	1927.83
	4172.18	0.00	12.70	1930.92
	4172.19	0.00	12.69	1931.94
	4172.20	0.00	12.67	1927.96
	4172.22	0.00	12.67	1926.97
	4172.23	0.00	12.66	1930.03
	4172.24	0.00	12.65	1927.05
	4172.25	0.00	12.66	1924.06.57	1921.07
	4174.14	0.00	12.64	1921.91
	4174.15	0.00	12.64	1923.93
	4174.16	0.00	12.62	1921.95
	4174.17	0.00	12.60	1907.95
	4174.19	0.00	12.62	1917.95
	4174.20	0.00	12.61	1916.96
	4174.21	0.00	12.62	1917.96
	4174.22	0.00	12.62	1920.96
	4174.23	0.00	12.63	1908.88
	4174.24	0.00	12.57	1903.00
	4174.26	0.00	12.56	1907.03
	4174.27	0.00	12.55	1904.11
	4174.28	0.00	12.55	1904.12
	4174.29	0.00	12.54	1905.13
	4174.30	0.00	12.52	1885.07
	4174.31	0.00	12.50	1890.15
	4174.33	0.00	12.51	1892.15
	4174.34	0.00	12.51	1892.15
	4174.35	0.00	12.51	1897.17
	4174.36	0.00	12.54	1897.13
	4174.37	0.00	12.53	1901.17
	4174.39	0.00	12.52	1903.18
	4174.40	0.00	12.53	1896.14
	4174.41	0.00	12.54	1903.16
	4174.42	0.00	12.55	1906.14
	4174.43	0.00	12.56	1908.15
	4174.44	0.00	12.56	1910.15
	4174.46	0.00	12.57	1910.15
	4174.47	0.00	12.56	1913.16
	4174.48	0.00	12.56	1912.16
	4174.49	0.00	12.56	1912.16
	4174.50	0.00	12.56	1911.17
	4174.52	0.00	12.56	1909.13
	4174.53	0.00	12.57	1914.15
	4174.54	0.00	12.58	1917.15
	4174.55	0.00	12.57	1917.16
	4174.56	0.00	12.57	1915.15
	4174.58	0.00	12.58	1917.15
	4174.59	0.00	12.58	1912.11
	4174.60	0.00	12.57	1911.12
	4174.61	0.00	12.58	1912.12
	4174.62	0.00	12.58	1914.11
	4174.63	0.00	12.59	1916.10
	4174.65	0.00	12.59	1916.10
	4174.66	0.00	12.59	1916.10
	4174.67	0.00	12.59	1915.10
	4174.68	0.00	12.59	1917.10
	4174.69	0.00	12.56	1905.10
	4174.70	0.00	12.56	1905.11
	4174.72	0.00	12.56	1907.10
	4174.73	0.00	12.56	1905.10
	4174.74	0.00	12.57	1908.10
	4174.75	0.00	12.56	1904.11
	4174.76	0.00	12.54	1895.10
	4174.78	0.00	12.57	1905.10
	4174.79	0.00	12.57	1904.09
	4174.80	0.00	12.56	1899.08
	4174.81	0.00	12.57	1902.09
	4174.82	0.00	12.56	1898.09
	4174.83	0.00	12.57	1904.09
	4174.85	0.00	12.57	1903.09
	4174.86	0.00	12.58	1906.08
	4174.87	0.00	12.59	1905.08
	4174.88	0.00	12.59	1906.08
	4174.89	0.00	12.59	1904.06
	4174.90	0.00	12.57	1906.11
	4174.92	0.00	12.57	1905.13
	4174.93	0.00	12.56	1903.14
	4174.94	0.00	12.56	1905.15
	4174.95	0.00	12.57	1909.15
	4174.96	0.00	12.56	1910.16
	4174.98	0.00	12.57	1909.16
	4174.99	0.00	12.56	1908.17
	4175.00	0.00	12.57	1909.13
	4175.01	0.00	12.58	1914.13
	4175.02	0.00	12.58	1913.14
	4175.04	0.00	12.58	1915.15
	4175.05	0.00	12.57	1914.16
	4175.06	0.00	12.57	1915.16
	4175.07	0.00	12.66	1911.89
	4175.08	0.00	12.67	1913.88
	4175.09	0.00	12.67	1914.88
	4175.11	0.00	12.66	1908.89
	4175.12	0.00	12.67	1920.90
	4175.13	0.00	12.66	1913.91
	4175.14	0.00	12.66	1914.92
	4175.15	0.00	12.66	1914.92
	4175.16	0.00	12.67	1914.91
	4175.18	0.00	12.66	1914.92
	4175.19	0.00	12.65	1909.92
	4175.20	0.00	12.62	1902.93
	4175.21	0.00	12.59	1903.02
	4175.22	0.00	12.58	1904.06
	4175.24	0.00	12.59	1899.07
	4175.25	0.00	12.59	1901.09
	4175.26	0.00	12.59	1907.09
	4175.27	0.00	12.59	1903.09
	4175.28	0.00	12.57	1889.06
	4175.29	0.00	12.54	1885.10
	4175.31	0.00	12.55	1897.13
	4175.32	0.00	12.55	1901.14
	4175.33	0.00	12.56	1900.15
	4175.34	0.00	12.56	1909.16
	4175.35	0.00	12.57	1912.15
	4175.37	0.00	12.57	1908.13
	4175.38	0.00	12.58	1909.10
	4175.39	0.00	12.59	1918.13
	4175.40	0.00	12.60	1923.12
	4175.41	0.00	12.59	1921.13
	4175.42	0.00	12.59	1923.13
	4175.44	0.00	12.60	1926.12
	4175.45	0.00	12.60	1924.12
	4175.46	0.00	12.61	1931.13
	4175.47	0.00	12.60	1929.13
	4175.48	0.00	12.61	1931.13
	4175.50	0.00	12.61	1932.12
	4175.51	0.00	12.60	1924.13
	4175.52	0.00	12.61	1932.13
	4175.53	0.00	12.62	1933.13
	4175.54	0.00	12.64	1934.08
	4175.55	0.00	12.62	1928.09
	4175.56	0.00	12.62	1932.09
	4175.58	0.00	12.63	1932.08
	4175.59	0.00	12.63	1933.09
	4175.60	0.00	12.63	1932.09
	4175.61	0.00	12.63	1935.08
	4175.62	0.00	12.62	1934.09
	4175.64	0.00	12.63	1933.09
	4175.65	0.00	12.60	1920.09
	4175.66	0.00	12.60	1923.09
	4175.67	0.00	12.60	1923.09
	4175.68	0.00	12.60	1926.09
	4175.69	0.00	12.60	1927.09
	4175.71	0.00	12.60	1925.09
	4175.72	0.00	12.59	1926.09
	4175.73	0.00	12.58	1919.09
	4175.74	0.00	12.60	1927.09
	4175.75	0.00	12.60	1928.09
	4175.77	0.00	12.61	1928.09
	4175.78	0.00	12.60	1926.09
	4175.79	0.00	12.60	1924.09
	4175.80	0.00	12.60	1922.11
	4175.81	0.00	12.58	1921.14
	4175.83	0.00	12.58	1920.14
	4175.84	0.00	12.57	1919.15
	4175.85	0.00	12.57	1916.15
	4175.86	0.00	12.57	1915.15
	4175.87	0.00	12.56	1911.15
	4175.88	0.00	12.57	1906.11
	4175.90	0.00	12.55	1903.12
	4175.91	0.00	12.55	1900.13
	4175.92	0.00	12.55	1897.13
	4175.93	0.00	12.54	1894.13
	4175.94	0.00	12.53	1892.14
	4175.95	0.00	12.63	1885.85
	4175.97	0.00	12.63	1884.84
	4175.98	0.00	12.62	1883.86
	4175.99	0.00	12.61	1877.88
	4176.00	0.00	12.60	1873.88
	4176.01	0.00	12.59	1870.90
	4176.02	0.00	12.56	1871.91
	4176.04	0.00	12.55	1864.91
	4176.05	0.00	12.53	1860.89
	4176.06	0.00	12.52	1857.86
	4176.07	0.00	12.47	1865.96
	4176.08	0.00	12.43	1868.97
	414176.19	0.00	12.09	1962.30
	4176.20	0.00	12.07	1977.31
	4176.21	0.00	12.07	1986.28
	4176.23	0.00	12.04	2000.29
	4176.24	0.00	12.06	2024.30
	4176.25	0.00	12.04	2039.32
	4176.26	0.00	12.05	2067.34
	4176.27	0.00	12.04	2082.34
	4176.29	0.00	12.05	2104.34
	4176.30	0.00	12.06	2122.36
	4176.31	0.00	12.09	2135.34
	4176.32	0.00	12.09	2150.37
	4176.33	0.00	12.14	2162.36
	4176.35	0.00	12.17	2166.35
	4176.36	0.00	12.24	2166.30
	4176.37	0.00	12.28	2166.33
	4176.38	0.00	12.36	2166.32
	4176.39	0.00	12.45	2157.24
	4176.40	0.00	12.57	2144.22
	4176.41	0.00	12.69	2127.21
	4176.43	0.00	12.75	2123.19
	4176.44	0.00	12.84	2118.17
	4176.45	0.00	12.88	2100.14
	4176.46	0.00	12.96	2089.11
	4176.47	0.00	12.98	2096.08
	4176.49	0.00	13.02	2093.04
	4176.50	0.00	13.04	2095.00
	4176.51	0.00	13.11	2101.95
	4176.52	0.00	13.15	2104.89
	4176.53	0.00	13.18	2107.84
	4176.54	0.00	13.22	2107.77
	4176.56	0.00	13.27	2105.68
	4176.57	0.00	13.30	2105.61
	4176.58	0.00	13.32	2101.55
	4176.59	0.00	13.39	2102.42
	4176.60	0.00	13.41	2103.40
	4176.62	0.00	13.42	2106.39
	4176.63	0.00	13.44	2106.35
	4176.64	0.00	13.45	2105.34
	4176.65	0.00	13.43	2097.35
	4176.66	0.00	13.53	2115.36
	4176.67	0.00	13.56	2120.38
	4176.69	0.00	13.64	2121.25
	4176.70	0.00	13.66	2121.23
	4176.71	0.00	13.77	2143.23
	4176.72	0.00	13.77	2141.23
	4176.73	0.00	13.78	2138.24
	4176.75	0.00	13.82	2137.23
	4176.76	0.00	13.84	2144.23
	4176.77	0.00	13.84	2137.22
	4176.78	0.00	13.79	2127.34
	4176.79	0.00	13.75	2112.38
	4176.80	0.00	13.73	2104.39
	4176.82	0.00	13.72	2090.43
	4176.83	0.00	13.71	2083.43
	4176.84	0.00	13.67	2074.46
	4176.85	0.00	13.66	2057.42
	4176.86	0.00	13.59	2021.40
	4176.87	0.00	13.42	1976.39
	4176.89	0.00	13.38	1961.41
	4176.90	0.00	13.29	1920.42
	4176.91	0.00	13.22	1893.41
	4176.92	0.00	13.11	1856.44
	4176.93	0.00	12.97	1818.42
	4176.94	0.00	12.92	1798.44
	4176.96	0.00	12.87	1778.43
	4176.97	0.00	12.84	1772.45
	4176.98	0.00	12.80	1763.47
	4176.99	0.00	12.76	1758.50
	4177.00	0.00	12.76	1753.47
	4177.02	0.00	12.77	1746.44
	4177.03	0.00	12.75	1744.44
	4177.04	0.00	12.75	1745.44
	4177.05	0.00	12.74	1746.47
	4177.06	0.00	12.72	1741.48
	4177.08	0.00	12.72	1743.48
	4177.09	0.00	12.75	1745.47
	4177.10	0.00	12.73	1744.50
	4177.11	0.00	12.80	1768.47
	4177.12	0.00	12.85	1783.47
	4177.13	0.00	12.87	1791.46
	4177.14	0.00	12.88	1801.47
	4177.16	0.00	12.90	1804.45
	4177.17	0.00	12.91	1806.45
	4177.18	0.00	12.91	1807.44
	4177.19	0.00	12.93	1807.42
	4177.20	0.00	12.92	1809.44
	4177.21	0.00	12.95	1810.40
	4177.23	0.00	12.95	1809.38
	4177.24	0.00	12.96	1815.40
	4177.25	0.00	12.96	1818.41
	4177.26	0.00	12.96	1820.42
	4177.27	0.00	12.98	1820.39
	4177.29	0.00	12.97	1824.42
	4177.30	0.00	12.98	1821.42
	4177.31	0.00	12.98	1822.42
	4177.32	0.00	13.01	1820.34
	4177.33	0.00	12.96	1813.44
	4177.35	0.00	12.98	1821.43
	4177.36	0.00	12.98	1820.43
	4177.37	0.00	12.98	1818.41
	4177.38	0.00	12.95	1802.39
	4177.39	0.00	12.98	1814.39
	4177.40	0.00	12.97	1813.40
	4177.41	0.00	12.97	1814.40
	4177.43	0.00	12.96	1808.39
	4177.44	0.00	12.98	1815.39
	4177.45	0.00	12.98	1815.39
	4177.46	0.00	12.99	1813.36
	4177.47	0.00	12.96	1804.38
	4177.48	0.00	12.98	1816.38
	4177.50	0.00	12.98	1816.38
	4177.51	0.00	12.98	1815.39
	4177.52	0.00	12.99	1817.38
	4177.53	0.00	12.97	1809.37
	4177.54	0.00	12.98	1811.37
	4177.56	0.00	12.99	1823.38
	4177.57	0.00	12.99	1828.40
	4177.58	0.00	12.97	1828.43
	4177.59	0.00	12.97	1847.45
	4177.60	0.00	12.92	1858.55
	4177.61	0.00	12.87	1871.65
	4177.63	0.00	12.81	1886.73
	4177.64	0.00	12.79	1897.79
	4177.65	0.00	12.75	1906.85
	4177.66	0.00	12.73	1912.89
	4177.67	0.00	12.70	1921.93
	4177.68	0.00	12.67	1929.97
	4177.70	0.00	12.63	1934.01
	4177.71	0.00	12.62	1943.03
	4177.72	0.00	12.60	1953.08
	4177.73	0.00	12.55	1955.12
	4177.74	0.00	12.51	1964.17
	4177.76	0.00	12.47	1976.20
	4177.77	0.00	12.40	1982.32
	4177.78	0.00	12.36	1996.37
	4177.79	0.00	12.35	2012.40
	4177.80	0.00	12.32	2031.46
	4177.81	0.00	12.30	2044.44
	4177.83	0.00	12.30	2059.49
	4177.84	0.00	12.27	2068.52
	4177.85	0.00	12.26	2077.55
	4177.86	0.00	12.31	2083.40
	4177.87	0.00	12.32	2087.39
	4177.89	0.00	12.34	2084.38
	4177.90	0.00	12.34	2080.39
	4177.91	0.00	12.34	2077.39
	4177.92	0.00	12.30	2069.51
	4177.93	0.00	12.30	2061.54
	4177.94	0.00	12.32	2053.54
	4177.96	0.00	12.33	2054.56
	4177.97	0.00	12.35	2045.49
	4177.98	0.00	12.35	2044.50
	4177.99	0.00	12.36	2041.49
	4178.00	0.00	12.36	2041.50
	4178.02	0.00	12.37	2039.46
	4178.03	0.00	12.38	2047.47
	4178.04	0.00	12.39	2050.48
	4178.05	0.00	12.39	2053.49
	4178.06	0.00	12.37	2042.46
	4178.08	0.00	12.36	2045.51
	4178.09	0.00	12.35	2046.51
	4178.10	0.00	12.36	2053.51
	4178.11	0.00	12.36	2053.52
	4178.12	0.00	12.37	2055.48
	4178.13	0.00	12.36	2052.47
	4178.15	0.00	12.36	2057.48
	4178.16	0.00	12.36	2058.49
	4178.17	0.00	12.34	2063.49
	4178.18	0.00	12.33	2058.49
	4178.19	0.00	12.31	2055.49
	4178.20	0.00	12.30	2054.49
	4178.22	0.00	12.31	2058.50
	4178.23	0.00	12.30	2059.51
	4178.24	0.00	12.29	2053.51
	4178.25	0.00	12.29	2052.50
	4178.27	0.00	12.29	2053.51
	4178.28	0.00	12.28	2050.49
	4178.29	0.00	12.26	2048.53
	4178.30	0.00	12.25	2049.57
	4178.31	0.00	12.25	2049.57
	4178.32	0.00	12.25	2049.57
	4178.33	0.00	12.27	2049.53
	4178.35	0.00	12.26	2045.56
	4178.36	0.00	12.26	2042.55
	4178.37	0.00	12.26	2041.56
	4178.38	0.00	12.25	2041.56
	4178.39	0.00	12.32	2038.38
	4178.41	0.00	12.31	2038.39
	4178.42	0.00	12.31	2028.38
	4178.43	0.00	12.30	2019.37
	4178.44	0.00	12.23	2001.48
	4178.45	0.00	12.22	1992.53
	4178.47	0.00	12.26	1981.49
	4178.48	0.00	12.28	1968.47
	4178.49	0.00	12.28	1963.45
	4178.50	0.00	12.28	1935.39
	4178.51	0.00	12.30	1932.44
	4178.52	0.00	12.31	1928.43
	4178.54	0.00	12.33	1921.42
	4178.55	0.00	12.33	1917.42
	4178.56	0.00	12.34	1919.40
	4178.57	0.00	12.34	1911.38
	4178.58	0.00	12.36	1907.37
	4178.60	0.00	12.37	1902.34
	4178.61	0.00	12.40	1906.33
	4178.62	0.00	12.40	1903.32
	4178.63	0.00	12.41	1897.30
	4178.64	0.00	12.41	1894.29
	4178.65	0.00	12.44	1890.27
	4178.67	0.00	12.47	1880.23
	4178.68	0.00	12.49	1880.22
	4178.69	0.00	12.50	1874.20
	4178.70	0.00	12.52	1867.17
	4178.71	0.00	12.54	1863.15
	4178.72	0.00	12.57	1857.12
	4178.74	0.00	12.58	1854.09
	4178.75	0.00	12.61	1853.07
	4178.76	0.00	12.63	1848.04
	4178.77	0.00	12.64	1848.01
	4178.79	0.00	12.66	1847.97
	4178.80	0.00	12.68	1844.94
	4178.81	0.00	12.71	1841.90
	4178.82	0.00	12.73	1835.82
	4178.83	0.00	12.76	1837.78
	4178.84	0.00	12.78	1836.75
	4178.85	0.00	12.80	1837.72
	4178.87	0.00	12.82	1837.70
	4178.88	0.00	12.81	1837.71
	4178.89	0.00	12.85	1835.64
	4178.90	0.00	12.86	1838.62
	4178.91	0.00	12.87	1839.61
	4178.93	0.00	12.88	1839.58
	4178.94	0.00	12.84	1825.60
	4178.95	0.00	12.85	1828.59
	4178.96	0.00	12.85	1829.58
	4178.97	0.00	12.86	1832.59
	4178.98	0.00	12.88	1832.55
	4179.00	0.00	12.89	1829.51
	4179.01	0.00	12.91	1830.49
	4179.02	0.00	12.91	1827.47
	4179.03	0.00	12.91	1827.46
	4179.04	0.00	12.90	1820.45
	4179.06	0.00	12.91	1821.44
	4179.07	0.00	12.91	1816.43
	4179.08	0.00	12.92	1823.42
	4179.09	0.00	12.94	1826.40
	4179.10	0.00	12.94	1823.41
	4179.12	0.00	12.95	1827.39
	4179.13	0.00	12.95	1826.39
	4179.14	0.00	12.96	1825.36
	4179.15	0.00	12.93	1821.42
	4179.16	0.00	12.93	1822.44
	4179.17	0.00	12.92	1823.45
	4179.18	0.00	12.91	1819.47
	4179.20	0.00	12.91	1816.45
	4179.21	0.00	12.91	1816.45
	4179.22	0.00	12.91	1818.46
	4179.23	0.00	12.89	1813.48
	4179.25	0.00	12.89	1813.47
	4179.26	0.00	12.89	1810.47
	4179.27	0.00	12.90	1811.44
	4179.28	0.00	12.87	1811.48
	4179.29	0.00	12.95	1847.49
	4179.30	0.00	12.94	1842.50
	4179.31	0.00	12.96	1854.50
	4179.33	0.00	12.96	1854.51
	4179.34	0.00	12.97	1857.50
	4179.35	0.00	12.97	1860.50
	4179.36	0.00	13.08	1861.26
	4179.37	0.00	13.09	1858.22
	4179.39	0.00	13.12	1872.23
	4179.40	0.00	13.12	1875.23
	4179.41	0.00	13.11	1869.24
	4179.42	0.00	13.13	1872.23
	4179.43	0.00	13.13	1872.23
	4179.44	0.00	13.13	1873.23
	4179.46	0.00	13.13	1875.23
	4179.47	0.00	13.14	1863.15
	4179.48	0.00	13.09	1862.27
	4179.49	0.00	13.06	1866.35
	4179.50	0.00	13.05	1868.37
	4179.52	0.00	13.07	1864.38
	4179.53	0.00	13.07	1865.39
	4179.54	0.00	13.08	1866.39
	4179.55	0.00	13.07	1864.39
	4179.56	0.00	13.08	1864.38
	4179.57	0.00	13.06	1849.36
	4179.59	0.00	13.02	1836.40
	4179.60	0.00	13.02	1845.42
	4179.61	0.00	13.02	1845.43
	4179.62	0.00	13.03	1845.42
	4179.63	0.00	13.02	1846.43
	4179.64	0.00	13.02	1841.44
	4179.66	0.00	13.02	1840.45
	4179.67	0.00	13.00	1841.46
	4179.68	0.00	13.01	1845.45
	4179.69	0.00	13.02	1844.45
	4179.70	0.00	13.01	1845.45
	4179.71	0.00	13.01	1843.45
	4179.73	0.00	13.00	1842.46
	4179.74	0.00	12.99	1836.45
	4179.75	0.00	13.00	1836.41
	4179.76	0.00	13.02	1847.42
	4179.77	0.00	13.03	1851.43
	4179.79	0.00	13.05	1857.42
	4179.80	0.00	13.04	1856.44
	4179.81	0.00	13.04	1858.44
	4179.82	0.00	13.03	1850.45
	4179.83	0.00	13.02	1845.45
	4179.84	0.00	13.01	1843.46
	4179.86	0.00	13.00	1845.46
	4179.87	0.00	13.00	1843.46
	4179.88	0.00	13.00	1843.46
	4179.89	0.00	13.00	1841.46
	4179.90	0.00	13.01	1843.46
	4179.91	0.00	13.03	1843.43
	4179.93	0.00	13.03	1845.44
	4179.94	0.00	13.03	1848.45
	4179.95	0.00	13.02	1848.46
	4179.96	0.00	13.03	1844.45
	4179.97	0.00	13.02	1848.45
	4179.98	0.00	13.03	1849.45
	4180.00	0.00	13.03	1847.45
	4180.01	0.00	13.03	1847.45
	4180.02	0.00	13.03	1849.45
	4180.03	0.00	13.03	1850.45
	4180.04	0.00	13.02	1846.45
	4180.06	0.00	13.04	1843.40
	4180.07	0.00	13.04	1847.40
	4180.08	0.00	13.05	1849.40
	4180.09	0.00	13.06	1849.39
	4180.10	0.00	13.05	1849.39
	4180.11	0.00	13.05	1849.39
	4180.12	0.00	13.05	1849.39
	4180.14	0.00	13.