9.00
	1621.45	0.00	5.77	759.00
	1621.46	0.00	5.31	703.00
	1621.47	0.00	5.30	703.00
	1621.48	0.00	5.32	701.00
	1621.50	0.00	5.32	697.00
	1621.51	0.00	5.32	692.00
	1621.52	0.00	5.32	691.00
	1621.53	0.00	5.32	688.00
	1621.54	0.00	5.32	685.00
	1621.56	0.00	5.33	682.00
	1621.57	0.00	5.33	679.00
	1621.58	0.00	5.34	677.00
	1621.59	0.00	5.34	673.00
	1621.60	0.00	5.34	672.00
	1621.61	0.00	5.34	670.00
	1621.62	0.00	5.34	667.00
	1621.64	0.00	5.35	665.00
	1621.65	0.00	5.34	663.00
	1621.66	0.00	5.34	661.00
	1621.67	0.00	5.35	660.00
	1621.68	0.00	5.35	659.00
	1621.69	0.00	5.35	658.00
	1621.70	0.00	5.35	657.00
	1621.71	0.00	5.35	655.00
	1621.73	0.00	5.35	656.00
	1621.74	0.00	5.35	656.00
	1621.75	0.00	5.34	655.00
	1621.76	0.00	5.35	655.00
	1621.77	0.00	5.36	653.00
	1621.78	0.00	5.36	652.00
	1621.80	0.00	5.36	652.00
	1621.81	0.00	5.36	652.00
	1621.82	0.00	5.36	650.00
	1621.83	0.00	5.36	649.00
	1621.84	0.00	5.37	646.00
	1621.85	0.00	5.37	647.00
	1621.86	0.00	5.37	646.00
	1621.88	0.00	5.36	643.00
	1621.89	0.00	5.36	642.00
	1621.90	0.00	5.38	638.00
	1621.91	0.00	5.38	640.00
	1621.92	0.00	5.38	637.00
	1621.94	0.00	5.38	638.00
	1621.95	0.00	5.38	636.00
	1621.96	0.00	5.38	635.00
	1621.97	0.00	5.38	635.00
	1621.98	0.00	5.36	633.00
	1621.99	0.00	5.38	634.00
	1622.00	0.00	5.38	633.00
	1622.02	0.00	5.37	635.00
	1622.03	0.00	5.37	634.00
	1622.04	0.00	5.37	633.00
	1622.05	0.00	5.37	634.00
	1622.06	0.00	5.38	636.00
	1622.07	0.00	5.43	639.00
	1622.08	0.00	5.45	642.00
	1622.09	0.00	5.47	642.00
	1622.11	0.00	5.46	645.00
	1622.12	0.00	5.47	645.00
	1622.13	0.00	5.46	644.00
	1622.14	0.00	5.47	645.00
	1622.15	0.00	5.47	647.00
	1622.17	0.00	5.47	646.00
	1622.18	0.00	5.47	645.00
	1622.19	0.00	5.48	648.00
	1622.20	0.00	5.46	651.00
	1622.21	0.00	5.46	650.00
	1622.22	0.00	5.46	651.00
	1622.23	0.00	5.47	655.00
	1622.25	0.00	5.45	655.00
	1622.26	0.00	5.44	661.00
	1622.27	0.00	5.43	671.00
	1622.28	0.00	5.40	686.00
	1622.29	0.00	5.39	692.00
	1622.30	0.00	5.39	695.00
	1622.31	0.00	5.38	698.00
	1622.33	0.00	5.38	700.00
	1622.34	0.00	5.38	703.00
	1622.35	0.00	5.38	704.00
	1622.36	0.00	5.37	706.00
	1622.37	0.00	5.38	706.00
	1622.38	0.00	5.38	706.00
	1622.40	0.00	5.37	705.00
	1622.41	0.00	5.37	705.00
	1622.42	0.00	5.37	706.00
	1622.43	0.00	5.37	706.00
	1622.44	0.00	5.37	707.00
	1622.45	0.00	5.37	708.00
	1622.46	0.00	5.39	707.00
	1622.48	0.00	5.37	708.00
	1622.49	0.00	5.37	709.00
	1622.50	0.00	5.37	709.00
	1622.51	0.00	5.39	710.00
	1622.52	0.00	5.37	712.00
	1622.53	0.00	5.38	714.00
	1622.55	0.00	5.37	715.00
	1622.56	0.00	5.37	717.00
	1622.57	0.00	5.37	718.00
	1622.58	0.00	5.37	720.00
	1622.59	0.00	5.37	721.00
	1622.60	0.00	5.37	722.00
	1622.61	0.00	5.36	724.00
	1622.63	0.00	5.36	725.00
	1622.64	0.00	5.39	727.00
	1622.65	0.00	5.40	730.00
	1622.66	0.00	5.39	730.00
	1622.67	0.00	5.40	731.00
	1622.68	0.00	5.38	733.00
	1622.69	0.00	5.40	734.00
	1622.71	0.00	5.39	734.00
	1622.72	0.00	5.38	738.00
	1622.73	0.00	5.39	736.00
	1622.74	0.00	5.41	736.00
	1622.75	0.00	5.38	741.00
	1622.76	0.00	5.85	805.00
	1622.78	0.00	5.84	801.00
	1622.79	0.00	5.87	802.00
	1622.80	0.00	5.83	802.00
	1622.81	0.00	5.84	803.00
	1622.82	0.00	5.37	742.00
	1622.83	0.00	5.83	803.00
	1622.84	0.00	5.85	801.00
	1622.86	0.00	5.85	802.00
	1622.87	0.00	5.85	802.00
	1622.88	0.00	5.86	804.00
	1622.89	0.00	5.85	804.00
	1622.90	0.00	5.86	803.00
	1622.91	0.00	5.86	800.00
	1622.93	0.00	5.87	799.00
	1622.94	0.00	5.86	796.00
	1622.95	0.00	5.83	794.00
	1622.96	0.00	5.86	794.00
	1622.97	0.00	5.87	795.00
	1622.98	0.00	5.86	795.00
	1622.99	0.00	5.86	792.00
	1623.01	0.00	5.85	791.00
	1623.02	0.00	5.85	789.00
	1623.03	0.00	5.87	785.00
	1623.04	0.00	5.88	782.00
	1623.05	0.00	5.90	779.00
	1623.06	0.00	5.44	726.00
	1623.07	0.00	5.45	722.00
	1623.09	0.00	5.91	772.00
	1623.10	0.00	5.92	769.00
	1623.11	0.00	5.91	765.00
	1623.12	0.00	5.90	762.00
	1623.13	0.00	5.92	757.00
	1623.14	0.00	5.47	704.00
	1623.16	0.00	5.46	703.00
	1623.17	0.00	5.48	700.00
	1623.18	0.00	5.48	698.00
	1623.19	0.00	5.48	696.00
	1623.20	0.00	5.48	694.00
	1623.21	0.00	5.49	694.00
	1623.22	0.00	5.49	694.00
	1623.24	0.00	6.04	759.00
	1623.25	0.00	6.05	760.00
	1623.26	0.00	6.04	758.00
	1623.27	0.00	6.03	758.00
	1623.28	0.00	6.04	758.00
	1623.29	0.00	6.04	758.00
	1623.31	0.00	6.03	758.00
	1623.32	0.00	6.03	758.00
	1623.33	0.00	6.04	756.00
	1623.34	0.00	6.05	758.00
	1623.35	0.00	6.04	756.00
	1623.36	0.00	6.04	756.00
	1623.37	0.00	6.03	753.00
	1623.39	0.00	6.03	752.00
	1623.40	0.00	6.03	754.00
	1623.41	0.00	6.03	754.00
	1623.42	0.00	6.03	754.00
	1623.43	0.00	6.06	756.00
	1623.44	0.00	6.04	753.00
	1623.45	0.00	6.02	751.00
	1623.47	0.00	6.56	801.00
	1623.48	0.00	6.05	752.00
	1623.49	0.00	6.02	747.00
	1623.50	0.00	6.05	747.00
	1623.51	0.00	6.04	745.00
	1623.52	0.00	6.59	794.00
	1623.54	0.00	6.59	794.00
	1623.55	0.00	6.59	792.00
	1623.56	0.00	6.59	792.00
	1623.57	0.00	6.59	789.00
	1623.58	0.00	6.60	789.00
	1623.59	0.00	6.60	788.00
	1623.60	0.00	6.60	789.00
	1623.62	0.00	6.60	792.00
	1623.63	0.00	6.58	788.00
	1623.64	0.00	6.58	784.00
	1623.65	0.00	6.58	783.00
	1623.66	0.00	6.62	785.00
	1623.67	0.00	6.63	791.00
	1623.69	0.00	6.62	789.00
	1623.70	0.00	6.63	787.00
	1623.71	0.00	6.65	787.00
	1623.72	0.00	6.63	788.00
	1623.73	0.00	6.64	786.00
	1623.74	0.00	6.64	785.00
	1623.75	0.00	6.64	787.00
	1623.77	0.00	6.65	788.00
	1623.78	0.00	6.64	787.00
	1623.79	0.00	6.63	786.00
	1623.80	0.00	6.57	778.00
	1623.81	0.00	6.64	786.00
	1623.82	0.00	6.63	787.00
	1623.83	0.00	6.64	786.00
	1623.85	0.00	6.65	787.00
	1623.86	0.00	6.63	786.00
	1623.87	0.00	6.62	787.00
	1623.88	0.00	6.62	787.00
	1623.89	0.00	6.62	786.00
	1623.91	0.00	6.63	787.00
	1623.92	0.00	6.63	788.00
	1623.93	0.00	6.62	787.00
	1623.94	0.00	6.63	788.00
	1623.95	0.00	6.63	788.00
	1623.96	0.00	6.62	785.00
	1623.97	0.00	6.62	785.00
	1623.99	0.00	6.63	786.00
	1624.00	0.00	6.63	787.00
	1624.01	0.00	6.62	785.00
	1624.02	0.00	6.61	784.00
	1624.03	0.00	6.62	782.00
	1624.04	0.00	6.12	721.00
	1624.05	0.00	6.62	787.00
	1624.07	0.00	6.62	786.00
	1624.08	0.00	6.11	721.00
	1624.09	0.00	6.11	722.00
	1624.10	0.00	6.62	788.00
	1624.11	0.00	6.61	786.00
	1624.12	0.00	6.64	791.00
	1624.14	0.00	6.61	788.00
	1624.15	0.00	6.61	788.00
	1624.16	0.00	6.61	788.00
	1624.17	0.00	6.60	789.00
	1624.18	0.00	6.60	789.00
	1624.19	0.00	6.61	791.00
	1624.20	0.00	6.61	788.00
	1624.22	0.00	6.56	790.00
	1624.23	0.00	6.60	790.00
	1624.24	0.00	6.60	789.00
	1624.25	0.00	6.59	788.00
	1624.26	0.00	6.54	785.00
	1624.27	0.00	6.59	790.00
	1624.29	0.00	6.60	790.00
	1624.30	0.00	6.59	788.00
	1624.31	0.00	6.57	792.00
	1624.32	0.00	6.57	790.00
	1624.33	0.00	6.57	790.00
	1624.34	0.00	6.56	788.00
	1624.35	0.00	6.57	788.00
	1624.37	0.00	6.57	786.00
	1624.38	0.00	6.57	786.00
	1624.39	0.00	6.57	783.00
	1624.40	0.00	6.01	734.00
	1624.41	0.00	6.57	786.00
	1624.42	0.00	6.52	784.00
	1624.44	0.00	6.55	788.00
	1624.45	0.00	6.56	787.00
	1624.46	0.00	6.55	788.00
	1624.47	0.00	6.57	788.00
	1624.48	0.00	6.56	786.00
	1624.49	0.00	6.55	786.00
	1624.51	0.00	6.57	789.00
	1624.52	0.00	6.58	786.00
	1624.53	0.00	6.57	784.00
	1624.54	0.00	6.58	787.00
	1624.55	0.00	6.56	786.00
	1624.56	0.00	6.57	785.00
	1624.57	0.00	6.58	786.00
	1624.58	0.00	6.60	785.00
	1624.60	0.00	6.59	783.00
	1624.61	0.00	6.58	787.00
	1624.62	0.00	6.58	787.00
	1624.63	0.00	6.59	787.00
	1624.64	0.00	6.61	790.00
	1624.65	0.00	6.56	784.00
	1624.67	0.00	6.52	781.00
	1624.68	0.00	6.54	783.00
	1624.69	0.00	6.57	786.00
	1624.70	0.00	6.54	781.00
	1624.71	0.00	6.54	780.00
	1624.72	0.00	6.53	782.00
	1624.73	0.00	6.56	783.00
	1624.75	0.00	6.52	779.00
	1624.76	0.00	6.52	778.00
	1624.77	0.00	6.53	780.00
	1624.78	0.00	6.52	778.00
	1624.79	0.00	6.52	780.00
	1624.80	0.00	6.51	779.00
	1624.81	0.00	6.52	778.00
	1624.83	0.00	6.50	776.00
	1624.84	0.00	6.45	772.00
	1624.85	0.00	6.48	774.00
	1624.86	0.00	6.50	776.00
	1624.87	0.00	6.50	776.00
	1624.89	0.00	6.48	772.00
	1624.90	0.00	6.46	770.00
	1624.91	0.00	6.45	769.00
	1624.92	0.00	6.47	767.00
	1624.93	0.00	6.46	765.00
	1624.94	0.00	6.46	768.00
	1624.95	0.00	6.43	770.00
	1624.97	0.00	6.44	765.00
	1624.98	0.00	6.46	763.00
	1624.99	0.00	6.46	760.00
	1625.00	0.00	6.46	753.00
	1625.01	0.00	6.58	747.00
	1625.02	0.00	6.58	745.00
	1625.03	0.00	6.58	746.00
	1625.05	0.00	6.58	746.00
	1625.06	0.00	6.60	747.00
	1625.07	0.00	6.59	747.00
	1625.08	0.00	6.58	747.00
	1625.09	0.00	6.59	745.00
	1625.10	0.00	6.60	750.00
	1625.11	0.00	6.61	752.00
	1625.13	0.00	6.62	752.00
	1625.14	0.00	6.61	753.00
	1625.15	0.00	6.61	752.00
	1625.16	0.00	6.62	753.00
	1625.17	0.00	6.62	754.00
	1625.19	0.00	6.63	756.00
	1625.20	0.00	6.64	757.00
	1625.21	0.00	6.66	761.00
	1625.22	0.00	6.65	760.00
	1625.23	0.00	6.66	763.00
	1625.24	0.00	6.65	761.00
	1625.25	0.00	6.68	763.00
	1625.27	0.00	6.68	764.00
	1625.28	0.00	6.63	758.00
	1625.29	0.00	6.01	688.00
	1625.30	0.00	6.03	690.00
	1625.31	0.00	6.02	688.00
	1625.32	0.00	6.02	688.00
	1625.33	0.00	6.02	690.00
	1625.35	0.00	6.02	690.00
	1625.36	0.00	6.01	689.00
	1625.37	0.00	6.01	689.00
	1625.38	0.00	6.01	689.00
	1625.39	0.00	5.40	635.00
	1625.40	0.00	5.40	639.00
	1625.42	0.00	5.39	638.00
	1625.43	0.00	5.39	637.00
	1625.44	0.00	5.39	637.00
	1625.45	0.00	5.41	639.00
	1625.46	0.00	5.39	640.00
	1625.47	0.00	5.38	638.00
	1625.48	0.00	5.38	638.00
	1625.50	0.00	5.39	638.00
	1625.51	0.00	5.39	638.00
	1625.52	0.00	5.39	638.00
	1625.53	0.00	5.38	640.00
	1625.54	0.00	5.40	641.00
	1625.55	0.00	5.39	638.00
	1625.56	0.00	5.39	640.00
	1625.58	0.00	5.39	642.00
	1625.59	0.00	5.40	639.00
	1625.60	0.00	5.39	641.00
	1625.61	0.00	5.39	640.00
	1625.62	0.00	5.39	639.00
	1625.63	0.00	5.39	640.00
	1625.65	0.00	5.41	639.00
	1625.66	0.00	5.40	640.00
	1625.67	0.00	5.39	640.00
	1625.68	0.00	5.38	640.00
	1625.69	0.00	5.39	640.00
	1625.70	0.00	5.47	644.00
	1625.71	0.00	5.49	644.00
	1625.72	0.00	5.50	642.00
	1625.74	0.00	5.49	640.00
	1625.75	0.00	5.49	640.00
	1625.76	0.00	5.49	638.00
	1625.77	0.00	5.50	638.00
	1625.78	0.00	5.49	637.00
	1625.80	0.00	5.49	638.00
	1625.81	0.00	5.45	656.00
	1625.82	0.00	5.45	661.00
	1625.83	0.00	5.45	661.00
	1625.84	0.00	5.45	659.00
	1625.85	0.00	5.45	659.00
	1625.86	0.00	5.44	659.00
	1625.88	0.00	5.46	660.00
	1625.89	0.00	5.45	658.00
	1625.90	0.00	5.45	659.00
	1625.91	0.00	5.45	658.00
	1625.92	0.00	5.45	659.00
	1625.93	0.00	5.44	659.00
	1625.94	0.00	5.45	658.00
	1625.96	0.00	5.44	660.00
	1625.97	0.00	5.47	658.00
	1625.98	0.00	5.49	662.00
	1625.99	0.00	5.49	662.00
	1626.00	0.00	5.50	663.00
	1626.01	0.00	5.49	663.00
	1626.03	0.00	5.49	662.00
	1626.04	0.00	5.47	662.00
	1626.05	0.00	5.49	664.00
	1626.06	0.00	5.46	669.00
	1626.07	0.00	5.98	727.00
	1626.08	0.00	5.98	727.00
	1626.09	0.00	5.98	727.00
	1626.11	0.00	5.98	726.00
	1626.12	0.00	5.96	725.00
	1626.13	0.00	5.97	726.00
	1626.14	0.00	5.97	726.00
	1626.15	0.00	5.99	726.00
	1626.16	0.00	5.98	725.00
	1626.18	0.00	5.97	725.00
	1626.19	0.00	5.98	725.00
	1626.20	0.00	5.99	726.00
	1626.21	0.00	5.98	723.00
	1626.22	0.00	5.50	675.00
	1626.23	0.00	5.99	725.00
	1626.25	0.00	5.96	724.00
	1626.26	0.00	5.51	676.00
	1626.27	0.00	5.51	676.00
	1626.28	0.00	5.52	675.00
	1626.29	0.00	5.50	675.00
	1626.30	0.00	6.06	738.00
	1626.31	0.00	6.06	738.00
	1626.32	0.00	6.06	738.00
	1626.34	0.00	6.07	739.00
	1626.35	0.00	6.06	738.00
	1626.36	0.00	6.07	738.00
	1626.37	0.00	6.06	738.00
	1626.38	0.00	6.06	737.00
	1626.39	0.00	6.06	737.00
	1626.41	0.00	6.05	735.00
	1626.42	0.00	6.04	735.00
	1626.43	0.00	6.07	738.00
	1626.44	0.00	6.06	737.00
	1626.45	0.00	6.06	734.00
	1626.46	0.00	6.04	734.00
	1626.47	0.00	6.04	735.00
	1626.49	0.00	6.05	736.00
	1626.50	0.00	6.05	733.00
	1626.51	0.00	6.04	732.00
	1626.52	0.00	6.61	780.00
	1626.53	0.00	6.04	730.00
	1626.54	0.00	6.05	731.00
	1626.56	0.00	6.60	780.00
	1626.57	0.00	5.98	723.00
	1626.58	0.00	6.60	777.00
	1626.59	0.00	6.08	734.00
	1626.60	0.00	6.02	725.00
	1626.61	0.00	6.62	788.00
	1626.63	0.00	6.07	732.00
	1626.64	0.00	6.08	737.00
	1626.65	0.00	6.08	736.00
	1626.66	0.00	6.09	736.00
	1626.67	0.00	6.07	736.00
	1626.68	0.00	6.07	735.00
	1626.69	0.00	6.08	736.00
	1626.70	0.00	6.11	738.00
	1626.72	0.00	6.62	784.00
	1626.73	0.00	6.08	5.43	668.00
	1637.33	0.00	5.43	668.00
	1637.34	0.00	5.44	661637.30	0.00	5.44	666.00
	1637.31	0.00	5.43	666.00
	1637.32	0.00	5.43	668.00
	1637.33	0.00	5.43	668.00
	1637.34	0.00	5.44	665.00
	1637.35	0.00	5.42	666.00
	1637.37	0.00	5.44	664.00
	1637.38	0.00	5.44	664.00
	1637.39	0.00	5.44	664.00
	1637.40	0.00	5.45	664.00
	1637.41	0.00	5.44	663.00
	1637.42	0.00	5.44	664.00
	1637.44	0.00	5.45	664.00
	1637.45	0.00	5.45	664.00
	1637.46	0.00	5.48	666.00
	1637.47	0.00	5.49	662.00
	1637.48	0.00	5.48	667.00
	1637.49	0.00	5.49	666.00
	1637.51	0.00	5.48	669.00
	1637.52	0.00	5.48	672.00
	1637.53	0.00	5.48	669.00
	1637.54	0.00	5.48	667.00
	1637.55	0.00	5.48	668.00
	1637.56	0.00	5.47	673.00
	1637.57	0.00	5.97	733.00
	1637.58	0.00	5.98	732.00
	1637.60	0.00	5.97	731.00
	1637.61	0.00	6.00	733.00
	1637.62	0.00	5.97	730.00
	1637.63	0.00	5.96	731.00
	1637.64	0.00	5.97	731.00
	1637.66	0.00	5.96	730.00
	1637.67	0.00	5.98	729.00
	1637.68	0.00	5.97	730.00
	1637.69	0.00	5.97	730.00
	1637.70	0.00	5.51	678.00
	1637.71	0.00	5.51	678.00
	1637.72	0.00	5.99	730.00
	1637.73	0.00	5.99	730.00
	1637.75	0.00	6.01	732.00
	1637.76	0.00	5.51	681.00
	1637.77	0.00	5.52	680.00
	1637.78	0.00	5.52	680.00
	1637.79	0.00	5.52	680.00
	1637.81	0.00	5.52	681.00
	1637.82	0.00	6.06	742.00
	1637.83	0.00	5.50	679.00
	1637.84	0.00	5.51	681.00
	1637.85	0.00	6.06	741.00
	1637.86	0.00	6.07	744.00
	1637.87	0.00	6.06	744.00
	1637.88	0.00	6.06	742.00
	1637.90	0.00	6.06	743.00
	1637.91	0.00	6.06	742.00
	1637.92	0.00	6.06	744.00
	1637.93	0.00	6.06	744.00
	1637.94	0.00	6.05	743.00
	1637.95	0.00	6.06	742.00
	1637.96	0.00	6.08	743.00
	1637.98	0.00	6.06	742.00
	1637.99	0.00	6.04	741.00
	1638.00	0.00	6.01	743.00
	1638.01	0.00	6.02	742.00
	1638.02	0.00	6.02	743.00
	1638.04	0.00	5.94	734.00
	1638.05	0.00	6.04	742.00
	1638.06	0.00	6.03	741.00
	1638.07	0.00	6.02	739.00
	1638.08	0.00	6.02	735.00
	1638.09	0.00	6.01	735.00
	1638.10	0.00	6.02	737.00
	1638.12	0.00	6.03	737.00
	1638.13	0.00	6.03	735.00
	1638.14	0.00	6.02	736.00
	1638.15	0.00	6.08	742.00
	1638.16	0.00	6.06	747.00
	1638.17	0.00	6.04	745.00
	1638.18	0.00	6.06	746.00
	1638.20	0.00	6.06	746.00
	1638.21	0.00	6.06	744.00
	1638.22	0.00	6.06	747.00
	1638.23	0.00	6.05	746.00
	1638.24	0.00	6.06	747.00
	1638.25	0.00	6.06	746.00
	1638.27	0.00	6.04	745.00
	1638.28	0.00	6.05	746.00
	1638.29	0.00	6.04	745.00
	1638.30	0.00	6.06	744.00
	1638.31	0.00	6.09	749.00
	1638.32	0.00	6.07	746.00
	1638.33	0.00	6.05	744.00
	1638.35	0.00	6.02	742.00
	1638.36	0.00	6.02	738.00
	1638.37	0.00	6.03	742.00
	1638.38	0.00	5.92	746.00
	1638.39	0.00	6.04	747.00
	1638.40	0.00	6.04	746.00
	1638.42	0.00	6.05	747.00
	1638.43	0.00	6.04	746.00
	1638.44	0.00	6.04	745.00
	1638.45	0.00	6.04	746.00
	1638.46	0.00	6.04	747.00
	1638.47	0.00	5.98	748.00
	1638.48	0.00	5.97	747.00
	1638.50	0.00	5.98	747.00
	1638.51	0.00	6.04	746.00
	1638.52	0.00	6.01	746.00
	1638.53	0.00	6.01	748.00
	1638.54	0.00	6.01	746.00
	1638.55	0.00	6.05	746.00
	1638.56	0.00	6.01	745.00
	1638.58	0.00	6.00	744.00
	1638.59	0.00	6.00	745.00
	1638.60	0.00	6.04	743.00
	1638.61	0.00	6.01	745.00
	1638.62	0.00	6.00	745.00
	1638.63	0.00	6.01	746.00
	1638.65	0.00	6.00	745.00
	1638.66	0.00	6.00	743.00
	1638.67	0.00	6.00	741.00
	1638.68	0.00	6.00	738.00
	1638.69	0.00	6.02	746.00
	1638.70	0.00	6.01	743.00
	1638.71	0.00	6.01	744.00
	1638.73	0.00	6.00	744.00
	1638.74	0.00	6.01	746.00
	1638.75	0.00	6.02	746.00
	1638.76	0.00	6.01	745.00
	1638.77	0.00	6.01	745.00
	1638.78	0.00	6.03	746.00
	1638.80	0.00	6.01	745.00
	1638.81	0.00	6.02	746.00
	1638.82	0.00	6.00	744.00
	1638.83	0.00	6.01	746.00
	1638.84	0.00	6.02	745.00
	1638.85	1.00	6.00	746.00
	1638.86	1.00	6.00	748.00
	1638.88	1.00	6.01	749.00
	1638.89	1.00	6.03	749.00
	1638.90	1.00	6.01	747.00
	1638.91	1.00	6.01	747.00
	1638.92	1.00	6.01	748.00
	1638.93	1.00	6.02	750.00
	1638.94	1.00	6.02	748.00
	1638.96	1.00	6.01	748.00
	1638.97	1.00	6.02	750.00
	1638.98	1.00	5.99	748.00
	1638.99	1.00	6.00	748.00
	1639.00	1.00	5.98	745.00
	1639.02	1.00	5.93	739.00
	1639.03	1.00	5.98	746.00
	1639.04	1.00	5.96	745.00
	1639.05	1.00	5.96	746.00
	1639.06	1.00	5.96	747.00
	1639.07	1.00	5.96	746.00
	1639.08	1.00	5.95	745.00
	1639.09	1.00	5.95	746.00
	1639.11	1.00	5.94	745.00
	1639.12	0.00	5.96	746.00
	1639.13	0.00	5.95	746.00
	1639.14	0.00	5.94	745.00
	1639.15	0.00	5.94	744.00
	1639.16	0.00	5.93	744.00
	1639.18	0.00	5.88	739.00
	1639.19	0.00	5.87	736.00
	1639.20	0.00	5.88	738.00
	1639.21	0.00	5.90	740.00
	1639.22	0.00	5.91	742.00
	1639.23	0.00	5.88	738.00
	1639.25	0.00	5.88	737.00
	1639.26	0.00	5.90	738.00
	1639.27	0.00	5.88	732.00
	1639.28	0.00	5.88	728.00
	1639.29	0.00	5.87	734.00
	1639.30	0.00	5.90	736.00
	1639.31	0.00	5.88	734.00
	1639.33	0.00	5.87	727.00
	1639.34	0.00	5.88	720.00
	1639.35	0.00	5.96	718.00
	1639.36	0.00	5.98	715.00
	1639.37	0.00	5.98	716.00
	1639.38	0.00	5.99	717.00
	1639.40	0.00	5.99	717.00
	1639.41	0.00	6.00	718.00
	1639.42	0.00	5.99	717.00
	1639.43	0.00	6.00	717.00
	1639.44	0.00	6.00	718.00
	1639.45	0.00	6.01	719.00
	1639.46	0.00	6.01	720.00
	1639.48	0.00	5.99	717.00
	1639.49	0.00	5.95	720.00
	1639.50	0.00	6.00	719.00
	1639.51	0.00	6.03	721.00
	1639.52	0.00	6.04	722.00
	1639.53	0.00	6.03	721.00
	1639.54	0.00	6.07	724.00
	1639.56	0.00	6.07	726.00
	1639.57	0.00	6.10	727.00
	1639.58	0.00	6.12	730.00
	1639.59	0.00	6.08	727.00
	1639.60	0.00	6.09	727.00
	1639.61	0.00	6.10	729.00
	1639.63	0.00	6.05	722.00
	1639.64	0.00	5.38	652.00
	1639.65	0.00	5.38	652.00
	1639.66	0.00	5.39	652.00
	1639.67	0.00	5.39	651.00
	1639.68	0.00	5.40	648.00
	1639.69	0.00	5.39	652.00
	1639.71	0.00	5.38	652.00
	1639.72	0.00	5.38	652.00
	1639.73	0.00	5.39	651.00
	1639.74	0.00	5.39	650.00
	1639.75	0.00	5.39	651.00
	1639.76	0.00	5.38	651.00
	1639.78	0.00	5.38	651.00
	1639.79	0.00	5.39	650.00
	1639.80	0.00	5.39	649.00
	1639.81	0.00	5.38	651.00
	1639.82	0.00	5.38	650.00
	1639.83	0.00	5.37	648.00
	1639.84	0.00	5.38	647.00
	1639.86	0.00	5.39	652.00
	1639.87	0.00	5.37	651.00
	1639.88	0.00	5.38	652.00
	1639.89	0.00	5.37	651.00
	1639.90	0.00	5.37	652.00
	1639.91	0.00	5.37	653.00
	1639.93	0.00	5.36	652.00
	1639.94	0.00	5.38	652.00
	1639.95	0.00	5.37	651.00
	1639.96	0.00	5.38	651.00
	1639.97	0.00	5.38	651.00
	1639.98	0.00	5.37	651.00
	1639.99	0.00	5.38	651.00
	1640.01	0.00	5.38	651.00
	1640.02	0.00	5.37	651.00
	1640.03	0.00	5.43	655.00
	1640.04	0.00	5.48	655.00
	1640.05	0.00	5.48	653.00
	1640.06	0.00	5.48	652.00
	1640.07	0.00	5.46	654.00
	1640.09	0.00	5.48	654.00
	1640.10	0.00	5.46	654.00
	1640.11	0.00	5.44	659.00
	1640.12	0.00	5.42	676.00
	1640.13	0.00	5.42	678.00
	1640.14	0.00	5.42	678.00
	1640.16	0.00	5.42	677.00
	1640.17	0.00	5.41	676.00
	1640.18	0.00	5.43	677.00
	1640.19	0.00	5.42	676.00
	1640.20	0.00	5.41	678.00
	1640.21	0.00	5.42	677.00
	1640.22	0.00	5.42	676.00
	1640.24	0.00	5.43	678.00
	1640.25	0.00	5.45	677.00
	1640.26	0.00	5.43	677.00
	1640.27	0.00	5.42	676.00
	1640.28	0.00	5.42	677.00
	1640.29	0.00	5.42	678.00
	1640.31	0.00	5.43	678.00
	1640.32	0.00	5.47	681.00
	1640.33	0.00	5.47	682.00
	1640.34	0.00	5.47	681.00
	1640.35	0.00	5.47	681.00
	1640.36	0.00	5.47	681.00
	1640.37	0.00	5.46	682.00
	1640.39	0.00	5.47	680.00
	1640.40	0.00	5.47	682.00
	1640.41	0.00	5.47	682.00
	1640.42	0.00	5.46	682.00
	1640.43	0.00	5.45	685.00
	1640.44	0.00	5.46	688.00
	1640.45	0.00	5.46	684.00
	1640.47	0.00	5.47	683.00
	1640.48	0.00	5.47	682.00
	1640.49	0.00	5.46	686.00
	1640.50	0.00	5.94	750.00
	1640.51	0.00	5.94	749.00
	1640.52	0.00	5.45	693.00
	1640.54	0.00	5.94	750.00
	1640.55	0.00	5.93	748.00
	1640.56	0.00	5.95	746.00
	1640.57	0.00	5.99	751.00
	1640.58	0.00	5.95	745.00
	1640.59	0.00	5.95	744.00
	1640.60	0.00	5.92	744.00
	1640.62	0.00	5.40	691.00
	1640.63	0.00	5.91	743.00
	1640.64	0.00	5.94	742.00
	1640.65	0.00	5.96	742.00
	1640.66	0.00	5.49	691.00
	1640.67	0.00	5.49	691.00
	1640.69	0.00	5.49	691.00
	1640.70	0.00	5.97	741.00
	1640.71	0.00	5.50	692.00
	1640.72	0.00	5.50	692.00
	1640.73	0.00	5.50	691.00
	1640.74	0.00	5.49	690.00
	1640.76	0.00	5.48	692.00
	1640.77	0.00	6.04	754.00
	1640.78	0.00	6.04	754.00
	1640.79	0.00	6.04	754.00
	1640.80	0.00	6.04	754.00
	1640.81	0.00	6.04	753.00
	1640.82	0.00	6.04	751.00
	1640.83	0.00	6.06	750.00
	1640.85	0.00	6.05	752.00
	1640.86	0.00	6.05	751.00
	1640.87	0.00	6.05	752.00
	1640.88	0.00	6.05	752.00
	1640.89	0.00	6.06	755.00
	1640.90	0.00	6.05	753.00
	1640.92	0.00	6.04	752.00
	1640.93	0.00	6.05	752.00
	1640.94	0.00	6.06	754.00
	1640.95	0.00	6.02	752.00
	1640.96	0.00	6.03	752.00
	1640.97	0.00	6.04	750.00
	1640.98	0.00	6.05	753.00
	1641.00	0.00	6.03	753.00
	1641.01	0.00	6.04	751.00
	1641.02	0.00	6.03	750.00
	1641.03	0.00	6.03	749.00
	1641.04	0.00	6.01	746.00
	1641.05	0.00	6.01	745.00
	1641.07	0.00	6.00	743.00
	1641.08	0.00	6.01	746.00
	1641.09	0.00	6.03	748.00
	1641.10	0.00	6.02	748.00
	1641.11	0.00	6.02	745.00
	1641.12	0.00	6.02	743.00
	1641.14	0.00	5.99	747.00
	1641.15	0.00	6.06	756.00
	1641.16	0.00	6.06	756.00
	1641.17	0.00	6.05	756.00
	1641.18	0.00	5.49	694.00
	1641.19	0.00	6.06	754.00
	1641.20	0.00	6.04	752.00
	1641.22	0.00	6.03	753.00
	1641.23	0.00	6.03	753.00
	1641.24	0.00	6.04	755.00
	1641.25	0.00	6.03	753.00
	1641.26	0.00	6.03	753.00
	1641.27	0.00	6.05	756.00
	1641.28	0.00	6.05	756.00
	1641.30	0.00	6.04	754.00
	1641.31	0.00	6.03	753.00
	1641.32	0.00	6.04	751.00
	1641.33	0.00	6.03	752.00
	1641.34	0.00	6.03	751.00
	1641.35	0.00	6.00	748.00
	1641.36	0.00	6.03	750.00
	1641.38	0.00	6.01	748.00
	1641.39	0.00	6.02	750.00
	1641.40	0.00	6.01	748.00
	1641.41	0.00	6.00	745.00
	1641.42	0.00	5.48	688.00
	1641.44	0.00	6.03	754.00
	1641.45	0.00	6.03	755.00
	1641.46	0.00	6.04	756.00
	1641.47	0.00	6.03	757.00
	1641.48	0.00	6.03	757.00
	1641.49	0.00	6.02	757.00
	1641.50	0.00	6.04	760.00
	1641.52	0.00	6.03	758.00
	1641.53	0.00	6.02	757.00
	1641.54	0.00	6.03	758.00
	1641.55	0.00	6.05	761.00
	1641.56	0.00	6.02	757.00
	1641.57	0.00	6.03	758.00
	1641.58	0.00	6.03	758.00
	1641.59	0.00	6.00	755.00
	1641.61	0.00	6.03	759.00
	1641.62	0.00	6.03	759.00
	1641.63	0.00	5.98	758.00
	1641.64	0.00	6.00	760.00
	1641.65	0.00	5.99	759.00
	1641.67	0.00	5.98	758.00
	1641.68	0.00	5.99	757.00
	1641.69	0.00	5.99	757.00
	1641.70	0.00	5.98	756.00
	1641.71	0.00	5.99	758.00
	1641.72	0.00	5.98	757.00
	1641.73	0.00	5.99	758.00
	1641.75	0.00	5.98	761.00
	1641.76	0.00	5.99	760.00
	1641.77	0.00	5.98	761.00
	1641.78	0.00	6.00	762.00
	1641.79	0.00	5.98	761.00
	1641.80	0.00	5.99	760.00
	1641.81	0.00	5.98	758.00
	1641.83	0.00	6.01	761.00
	1641.84	0.00	5.97	757.00
	1641.85	0.00	5.98	760.00
	1641.86	0.00	5.98	757.00
	1641.87	0.00	5.99	763.00
	1641.88	0.00	6.00	763.00
	1641.90	0.00	5.98	764.00
	1641.91	0.00	5.98	764.00
	1641.92	0.00	5.98	765.00
	1641.93	0.00	5.96	763.00
	1641.94	0.00	5.98	767.00
	1641.95	0.00	5.98	767.00
	1641.96	0.00	5.97	767.00
	1641.98	0.00	5.99	768.00
	1641.99	0.00	5.98	769.00
	1642.00	0.00	5.98	768.00
	1642.01	0.00	5.97	771.00
	1642.02	0.00	6.01	777.00
	1642.03	0.00	5.98	773.00
	1642.05	0.00	5.97	774.00
	1642.06	0.00	5.98	775.00
	1642.07	0.00	5.89	766.00
	1642.08	0.00	5.97	773.00
	1642.09	0.00	5.97	773.00
	1642.10	0.00	5.97	774.00
	1642.11	0.00	5.85	761.00
	1642.13	0.00	5.97	774.00
	1642.14	0.00	5.97	774.00
	1642.15	0.00	5.94	772.00
	1642.16	0.00	5.86	773.00
	1642.17	0.00	5.92	771.00
	1642.18	0.00	5.91	771.00
	1642.19	0.00	5.87	769.00
	1642.21	0.00	5.87	770.00
	1642.22	0.00	5.92	770.00
	1642.23	0.00	5.91	770.00
	1642.24	0.00	5.87	771.00
	1642.25	0.00	5.85	763.00
	1642.26	0.00	5.89	767.00
	1642.28	0.00	5.83	762.00
	1642.29	0.00	5.83	762.00
	1642.30	0.00	5.85	762.00
	1642.31	0.00	5.83	758.00
	1642.32	0.00	5.83	752.00
	1642.33	0.00	5.83	748.00
	1642.34	0.00	5.85	757.00
	1642.36	0.00	5.83	753.00
	1642.37	0.00	5.84	750.00
	1642.38	0.00	5.84	743.00
	1642.39	0.00	5.88	739.00
	1642.40	0.00	5.95	739.00
	1642.41	0.00	5.95	736.00
	1642.43	0.00	5.95	738.00
	1642.44	0.00	5.88	741.00
	1642.45	0.00	5.93	738.00
	1642.46	0.00	5.94	739.00
	1642.47	0.00	5.95	739.00
	1642.48	0.00	5.84	740.00
	1642.49	0.00	5.87	740.00
	1642.51	0.00	5.89	741.00
	1642.52	0.00	5.90	742.00
	1642.53	0.00	5.91	742.00
	1642.54	0.00	5.90	742.00
	1642.55	0.00	5.88	742.00
	1642.56	0.00	5.89	744.00
	1642.57	0.00	5.90	743.00
	1642.59	0.00	5.95	747.00
	1642.60	0.00	5.95	748.00
	1642.61	0.00	5.93	750.00
	1642.62	0.00	5.93	751.00
	1642.63	0.00	5.89	750.00
	1642.64	0.00	5.95	753.00
	1642.66	0.00	5.93	752.00
	1642.67	0.00	5.93	754.00
	1642.68	0.00	5.94	753.00
	1642.69	0.00	5.94	757.00
	1642.70	0.00	5.96	759.00
	1642.71	0.00	5.97	762.00
	1642.72	0.00	6.00	764.00
	1642.74	0.00	5.99	761.00
	1642.75	0.00	5.96	762.00
	1642.76	0.00	5.97	763.00
	1642.77	0.00	5.98	765.00
	1642.78	0.00	5.94	761.00
	1642.80	0.00	5.33	688.00
	1642.81	0.00	5.33	688.00
	1642.82	0.00	5.33	690.00
	1642.83	0.00	5.32	689.00
	1642.84	0.00	5.32	690.00
	1642.85	0.00	5.32	692.00
	1642.86	0.00	5.31	694.00
	1642.88	0.00	5.31	693.00
	1642.89	0.00	5.32	695.00
	1642.90	0.00	5.31	695.00
	1642.91	0.00	5.27	695.00
	1642.92	0.00	5.32	696.00
	1642.93	0.00	5.31	695.00
	1642.94	0.00	5.31	695.00
	1642.95	0.00	5.32	696.00
	1642.97	0.00	5.32	696.00
	1642.98	0.00	5.31	696.00
	1642.99	0.00	5.32	696.00
	1643.00	0.00	5.32	695.00
	1643.01	0.00	5.31	696.00
	1643.03	0.00	5.32	695.00
	1643.04	0.00	5.32	695.00
	1643.05	0.00	5.32	696.00
	1643.06	0.00	5.33	694.00
	1643.07	0.00	5.31	693.00
	1643.08	0.00	5.33	691.00
	1643.09	0.00	5.31	692.00
	1643.10	0.00	5.31	693.00
	1643.12	0.00	5.31	691.00
	1643.13	0.00	5.32	691.00
	1643.14	0.00	5.31	691.00
	1643.15	0.00	5.31	689.00
	1643.16	0.00	5.31	690.00
	1643.17	0.00	5.31	690.00
	1643.19	0.00	5.32	690.00
	1643.20	0.00	5.30	685.00
	1643.21	0.00	5.31	690.00
	1643.22	0.00	5.32	691.00
	1643.23	0.00	5.30	691.00
	1643.24	0.00	5.31	690.00
	1643.26	0.00	5.31	690.00
	1643.27	0.00	5.31	691.00
	1643.28	0.00	5.26	694.00
	1643.29	0.00	5.24	693.00
	1643.30	0.00	5.24	692.00
	1643.31	0.00	5.23	693.00
	1643.32	0.00	5.26	693.00
	1643.33	0.00	5.28	692.00
	1643.35	0.00	5.28	694.00
	1643.36	0.00	5.27	696.00
	1643.37	0.00	5.28	696.00
	1643.38	0.00	5.26	698.00
	1643.39	0.00	5.27	699.00
	1643.41	0.00	5.28	700.00
	1643.42	0.00	5.33	705.00
	1643.43	0.00	5.26	701.00
	1643.44	0.00	5.26	702.00
	1643.45	0.00	5.33	705.00
	1643.46	0.00	5.34	706.00
	1643.47	0.00	5.41	704.00
	1643.49	0.00	5.36	704.00
	1643.50	0.00	5.39	703.00
	1643.51	0.00	5.40	703.00
	1643.52	0.00	5.39	702.00
	1643.53	0.00	5.40	700.00
	1643.54	0.00	5.39	701.00
	1643.55	0.00	5.40	701.00
	1643.57	0.00	5.39	707.00
	1643.58	0.00	5.39	718.00
	1643.59	0.00	5.36	728.00
	1643.60	0.00	5.28	730.00
	1643.61	0.00	5.28	730.00
	1643.62	0.00	5.29	728.00
	1643.64	0.00	5.30	727.00
	1643.65	0.00	5.29	725.00
	1643.66	0.00	5.31	722.00
	1643.67	0.00	5.25	719.00
	1643.68	0.00	5.30	717.00
	1643.69	0.00	5.33	714.00
	1643.70	0.00	5.32	711.00
	1643.72	0.00	5.32	710.00
	1643.73	0.00	5.31	707.00
	1643.74	0.00	5.33	708.00
	1643.75	0.00	5.32	705.00
	1643.76	0.00	5.32	705.00
	1643.77	0.00	5.33	709.00
	1643.79	0.00	5.32	712.00
	1643.80	0.00	5.31	717.00
	1643.81	0.00	5.31	723.00
	1643.82	0.00	5.31	733.00
	1643.83	0.00	5.28	739.00
	1643.84	0.00	5.29	753.00
	1643.85	0.00	5.28	764.00
	1643.87	0.00	5.26	776.00
	1643.88	0.00	5.24	796.00
	1643.89	0.00	5.23	821.00
	1643.90	0.00	5.20	849.00
	1643.91	0.00	5.18	875.00
	1643.92	0.00	5.15	902.00
	1643.94	0.00	5.12	932.00
	1643.95	0.00	5.10	963.00
	1643.96	0.00	5.08	990.00
	1643.97	0.00	5.06	1011.00
	1643.98	0.00	5.42	1084.00
	1643.99	0.00	5.43	1087.00
	1644.01	0.00	5.44	1101.00
	1644.02	0.00	5.46	1111.00
	1644.03	0.00	5.46	1110.00
	1644.04	0.00	5.47	1100.00
	1644.05	0.00	5.48	1088.00
	1644.06	0.00	5.49	1076.00
	1644.07	0.00	5.51	1058.00
	1644.09	0.00	5.53	1041.00
	1644.10	0.00	5.58	1018.00
	1644.11	0.00	5.61	997.00
	1644.12	0.00	5.64	974.00
	1644.13	0.00	5.67	954.00
	1644.14	0.00	5.72	940.00
	1644.16	0.00	5.76	927.00
	1644.17	0.00	5.81	916.00
	1644.18	0.00	5.83	905.00
	1644.19	0.00	5.86	899.00
	1644.20	0.00	5.87	892.00
	1644.21	0.00	5.88	890.00
	1644.22	0.00	5.89	887.00
	1644.24	0.00	5.92	883.00
	1644.25	0.00	5.94	881.00
	1644.26	0.00	5.94	873.00
	1644.27	0.00	5.95	868.00
	1644.28	0.00	5.96	858.00
	1644.30	0.00	6.00	846.00
	1644.31	0.00	6.01	832.00
	1644.32	0.00	6.00	818.00
	1644.33	0.00	6.56	844.00
	1644.34	0.00	6.67	832.00
	1644.35	0.00	6.80	809.00
	1644.36	0.00	6.95	787.00
	1644.38	0.00	7.07	771.00
	1644.39	0.00	7.19	747.00
	1644.40	0.00	7.27	722.00
	1644.41	0.00	7.16	625.00
	1644.42	0.00	7.24	630.00
	1644.43	0.00	7.27	632.00
	1644.44	0.00	8.04	679.00
	1644.45	0.00	8.06	678.00
	1644.47	0.00	8.11	680.00
	1644.48	0.00	8.27	629.00
	1644.49	0.00	8.24	627.00
	1644.50	0.00	8.22	620.00
	1644.51	0.00	8.07	603.00
	1644.53	0.00	7.80	581.00
	1644.54	0.00	6.63	508.00
	1644.55	0.00	6.41	487.00
	1644.56	0.00	6.19	464.00
	1644.57	0.00	6.06	446.00
	1644.58	0.00	5.28	391.00
	1644.59	0.00	5.25	390.00
	1644.61	0.00	5.26	389.00
	1644.62	0.00	5.20	386.00
	1644.63	0.00	5.20	450.00
	1644.64	0.00	5.25	455.00
	1644.65	0.00	5.34	460.00
	1644.66	0.00	5.36	460.00
	1644.68	0.00	5.38	457.00
	1644.69	0.00	5.37	457.00
	1644.70	0.00	5.37	457.00
	1644.71	0.00	5.33	470.00
	1644.72	0.00	5.34	472.00
	1644.73	0.00	5.34	469.00
	1644.74	0.00	5.35	470.00
	1644.76	0.00	5.34	468.00
	1644.77	0.00	5.39	470.00
	1644.78	0.00	5.37	467.00
	1644.79	0.00	5.39	468.00
	1644.80	0.00	5.39	463.00
	1644.81	0.00	5.41	464.00
	1644.82	0.00	5.42	454.00
	1644.84	0.00	5.44	453.00
	1644.85	0.00	5.44	454.00
	1644.86	0.00	5.45	454.00
	1644.87	0.00	5.38	457.00
	1644.88	0.00	5.39	453.00
	1644.89	0.00	5.41	452.00
	1644.91	0.00	5.45	453.00
	1644.92	0.00	5.46	450.00
	1644.93	0.00	5.46	451.00
	1644.94	0.00	5.44	453.00
	1644.95	0.00	5.46	460.00
	1644.96	0.00	5.43	470.00
	1644.97	0.00	5.42	476.00
	1644.99	0.00	5.39	483.00
	1645.00	0.00	5.32	522.00
	1645.01	0.00	5.17	629.00
	1645.02	0.00	5.01	813.00
	1645.03	0.00	4.92	954.00
	1645.04	0.00	4.90	1009.00
	1645.05	0.00	4.90	1011.00
	1645.07	0.00	4.91	999.00
	1645.08	0.00	4.94	1000.00
	1645.09	0.00	4.94	1011.00
	1645.10	0.00	4.95	1022.00
	1645.11	0.00	4.96	1025.00
	1645.12	0.00	4.97	1014.00
	1645.14	0.00	5.46	1052.00
	1645.15	0.00	5.57	1035.00
	1645.16	0.00	5.67	1003.00
	1645.17	0.00	5.82	968.00
	1645.18	0.00	5.93	924.00
	1645.19	0.00	6.08	884.00
	1645.21	0.00	6.21	846.00
	1645.22	0.00	6.31	815.00
	1645.23	0.00	6.37	789.00
	1645.24	0.00	6.47	764.00
	1645.25	0.00	6.57	743.00
	1645.26	0.00	6.70	726.00
	1645.28	0.00	6.71	708.00
	1645.29	0.00	6.85	694.00
	1645.30	0.00	7.76	737.00
	1645.31	0.00	7.84	729.00
	1645.32	0.00	7.95	731.00
	1645.33	0.00	7.99	732.00
	1645.34	0.00	8.05	726.00
	1645.36	0.00	8.25	709.00
	1645.37	0.00	8.32	706.00
	1645.38	0.00	8.41	702.00
	1645.39	0.00	9.20	755.00
	1645.40	0.00	9.28	764.00
	1645.41	0.00	9.41	773.00
	1645.43	0.00	9.45	774.00
	1645.44	0.00	9.55	776.00
	1645.45	0.00	9.66	783.00
	1645.46	0.00	9.71	789.00
	1645.47	0.00	9.74	788.00
	1645.48	0.00	9.78	794.00
	1645.50	0.00	9.73	790.00
	1645.51	0.00	9.05	680.00
	1645.52	0.00	9.04	678.00
	1645.53	0.00	8.90	666.00
	1645.54	0.00	8.65	637.00
	1645.55	0.00	8.18	590.00
	1645.56	0.00	7.75	548.00
	1645.58	0.00	7.51	524.00
	1645.59	0.00	7.35	504.00
	1645.60	0.00	6.69	446.00
	1645.61	0.00	6.73	444.00
	1645.62	0.00	6.69	440.00
	1645.63	0.00	5.48	389.00
	1645.64	0.00	5.41	453.00
	1645.66	0.00	5.46	460.00
	1645.67	0.00	5.46	461.00
	1645.68	0.00	5.44	463.00
	1645.69	0.00	5.45	465.00
	1645.70	0.00	5.45	467.00
	1645.71	0.00	5.45	470.00
	1645.72	0.00	5.41	467.00
	1645.74	0.00	5.41	469.00
	1645.75	0.00	5.42	469.00
	1645.76	0.00	5.43	466.00
	1645.77	0.00	5.43	466.00
	1645.78	0.00	5.45	467.00
	1645.79	0.00	5.42	465.00
	1645.81	0.00	5.42	468.00
	1645.82	0.00	5.39	468.00
	1645.83	0.00	5.41	468.00
	1645.84	0.00	5.42	466.00
	1645.85	0.00	5.40	463.00
	1645.86	0.00	5.42	460.00
	1645.88	0.00	5.44	460.00
	1645.89	0.00	5.43	460.00
	1645.90	0.00	5.42	459.00
	1645.91	0.00	5.43	456.00
	1645.92	0.00	5.44	458.00
	1645.93	0.00	5.43	455.00
	1645.94	0.00	5.44	454.00
	1645.96	0.00	5.44	454.00
	1645.97	0.00	5.43	453.00
	1645.98	0.00	5.46	453.00
	1645.99	0.00	5.44	450.00
	1646.00	0.00	5.44	449.00
	1646.01	0.00	5.42	460.00
	1646.02	0.00	5.41	470.00
	1646.04	0.00	5.34	508.00
	1646.05	0.00	5.21	584.00
	1646.06	0.00	5.02	733.00
	1646.07	0.00	4.90	887.00
	1646.08	0.00	4.89	948.00
	1646.09	0.00	4.88	979.00
	1646.10	0.00	4.88	995.00
	1646.12	0.00	4.88	1022.00
	1646.13	0.00	4.88	1068.00
	1646.14	0.00	5.24	1156.00
	1646.15	0.00	5.29	1189.00
	1646.16	0.00	5.28	1196.00
	1646.18	0.00	5.28	1194.00
	1646.19	0.00	5.70	1232.00
	1646.20	0.00	5.77	1220.00
	1646.21	0.00	5.81	1199.00
	1646.22	0.00	5.88	1171.00
	1646.23	0.00	5.95	1131.00
	1646.24	0.00	6.02	1087.00
	1646.26	0.00	5.76	991.00
	1646.27	0.00	6.19	1003.00
	1646.28	0.00	5.95	907.00
	1646.29	0.00	6.45	917.00
	1646.30	0.00	6.56	873.00
	1646.31	0.00	6.66	833.00
	1646.32	0.00	6.68	800.00
	1646.34	0.00	6.76	777.00
	1646.35	0.00	6.81	754.00
	1646.36	0.00	6.90	736.00
	1646.37	0.00	6.96	730.00
	1646.38	0.00	6.98	721.00
	1646.40	0.00	7.02	714.00
	1646.41	0.00	7.03	708.00
	1646.42	0.00	7.08	704.00
	1646.43	0.00	7.87	748.00
	1646.44	0.00	7.97	740.00
	1646.45	0.00	7.82	663.00
	1646.46	0.00	7.81	677.00
	1646.48	0.00	7.96	674.00
	1646.49	0.00	8.01	676.00
	1646.50	0.00	8.08	685.00
	1646.51	0.00	8.21	687.00
	1646.52	0.00	8.28	690.00
	1646.53	0.00	8.37	688.00
	1646.55	0.00	8.44	686.00
	1646.56	0.00	8.64	638.00
	1646.57	0.00	8.62	640.00
	1646.58	0.00	8.57	636.00
	1646.59	0.00	8.51	626.00
	1646.60	0.00	8.26	608.00
	1646.61	0.00	8.01	587.00
	1646.63	0.00	7.81	570.00
	1646.64	0.00	7.50	539.00
	1646.65	0.00	7.40	524.00
	1646.66	0.00	7.40	510.00
	1646.67	0.00	6.75	453.00
	1646.69	0.00	6.69	448.00
	1646.70	0.00	5.44	393.00
	1646.71	0.00	5.38	414.00
	1646.72	0.00	5.37	473.00
	1646.73	0.00	5.35	479.00
	1646.74	0.00	5.34	477.00
	1646.75	0.00	5.37	476.00
	1646.77	0.00	5.35	476.00
	1646.78	0.00	5.34	477.00
	1646.79	0.00	5.37	474.00
	1646.80	0.00	5.36	474.00
	1646.81	0.00	5.36	472.00
	1646.82	0.00	5.37	471.00
	1646.83	0.00	5.36	470.00
	1646.84	0.00	5.38	467.00
	1646.86	0.00	5.38	469.00
	1646.87	0.00	5.37	469.00
	1646.88	0.00	5.33	469.00
	1646.89	0.00	5.34	466.00
	1646.90	0.00	5.34	466.00
	1646.92	0.00	5.34	464.00
	1646.93	0.00	5.37	461.00
	1646.94	0.00	5.37	461.00
	1646.95	0.00	5.39	461.00
	1646.96	0.00	5.39	462.00
	1646.97	0.00	5.40	457.00
	1646.98	0.00	5.42	456.00
	1647.00	0.00	5.41	455.00
	1647.01	0.00	5.41	457.00
	1647.02	0.00	5.40	455.00
	1647.03	0.00	5.42	455.00
	1647.04	0.00	5.28	452.00
	1647.05	0.00	5.28	451.00
	1647.06	0.00	5.28	448.00
	1647.08	0.00	5.28	456.00
	1647.09	0.00	5.26	466.00
	1647.10	0.00	5.22	493.00
	1647.11	0.00	5.10	584.00
	1647.12	0.00	4.90	754.00
	1647.13	0.00	4.80	926.00
	1647.15	0.00	4.82	1008.00
	1647.16	0.00	4.84	1034.00
	1647.17	0.00	4.83	1038.00
	1647.18	0.00	4.89	1046.00
	1647.19	0.00	4.91	1058.00
	1647.20	0.00	5.30	1132.00
	1647.21	0.00	5.39	1149.00
	1647.23	0.00	5.42	1152.00
	1647.24	0.00	5.50	1141.00
	1647.25	0.00	5.58	1115.00
	1647.26	0.00	5.64	1093.00
	1647.27	0.00	5.68	1062.00
	1647.29	0.00	5.74	1023.00
	1647.30	0.00	5.81	982.00
	1647.31	0.00	5.90	947.00
	1647.32	0.00	5.94	911.00
	1647.33	0.00	6.00	882.00
	1647.34	0.00	6.07	846.00
	1647.35	0.00	6.14	818.00
	1647.37	0.00	6.18	794.00
	1647.38	0.00	6.20	777.00
	1647.39	0.00	6.22	766.00
	1647.40	0.00	6.22	762.00
	1647.41	0.00	6.21	763.00
	1647.42	0.00	6.20	766.00
	1647.43	0.00	6.20	769.00
	1647.45	0.00	6.18	773.00
	1647.46	0.00	6.16	776.00
	1647.47	0.00	6.16	774.00
	1647.48	0.00	6.14	766.00
	1647.49	0.00	6.64	808.00
	1647.50	0.00	6.73	804.00
	1647.52	0.00	6.76	790.00
	1647.53	0.00	6.88	780.00
	1647.54	0.00	6.93	753.00
	1647.55	0.00	7.00	742.00
	1647.56	0.00	6.74	678.00
	1647.57	0.00	7.59	725.00
	1647.59	0.00	7.80	708.00
	1647.60	0.00	7.95	705.00
	1647.61	0.00	8.05	711.00
	1647.62	0.00	8.14	714.00
	1647.63	0.00	8.28	715.00
	1647.64	0.00	8.33	709.00
	1647.66	0.00	8.40	714.00
	1647.67	0.00	8.55	661.00
	1647.68	0.00	8.54	658.00
	1647.69	0.00	8.38	641.00
	1647.70	0.00	8.14	613.00
	1647.71	0.00	7.81	581.00
	1647.72	0.00	7.54	545.00
	1647.74	0.00	7.31	519.00
	1647.75	0.00	7.21	501.00
	1647.76	0.00	5.41	396.00
	1647.77	0.00	5.43	395.00
	1647.78	0.00	5.40	403.00
	1647.79	0.00	5.35	458.00
	1647.81	0.00	5.39	460.00
	1647.82	0.00	5.40	460.00
	1647.83	0.00	5.40	460.00
	1647.84	0.00	5.40	463.00
	1647.85	0.00	5.36	462.00
	1647.86	0.00	5.36	462.00
	1647.88	0.00	5.36	461.00
	1647.89	0.00	5.37	460.00
	1647.90	0.00	5.38	458.00
	1647.91	0.00	5.36	458.00
	1647.92	0.00	5.39	458.00
	1647.93	0.00	5.37	458.00
	1647.94	0.00	5.37	457.00
	1647.95	0.00	5.36	456.00
	1647.97	0.00	5.40	457.00
	1647.98	0.00	5.38	458.00
	1647.99	0.00	5.38	457.00
	1648.00	0.00	5.39	455.00
	1648.01	0.00	5.39	454.00
	1648.02	0.00	5.39	453.00
	1648.04	0.00	5.40	453.00
	1648.05	0.00	5.42	453.00
	1648.06	0.00	5.42	454.00
	1648.07	0.00	5.41	452.00
	1648.08	0.00	5.41	402.00
	1648.09	0.00	5.40	451.00
	1648.10	0.00	5.39	401.00
	1648.12	0.00	5.40	452.00
	1648.13	0.00	5.42	452.00
	1648.14	0.00	5.39	455.00
	1648.15	0.00	5.39	460.00
	1648.16	0.00	5.35	465.00
	1648.18	0.00	5.30	490.00
	1648.19	0.00	5.18	560.00
	1648.20	0.00	5.02	698.00
	1648.21	0.00	4.94	825.00
	1648.22	0.00	4.95	873.00
	1648.23	0.00	4.94	890.00
	1648.24	0.00	4.97	905.00
	1648.25	0.00	4.98	910.00
	1648.27	0.00	4.98	933.00
	1648.28	0.00	4.98	948.00
	1648.29	0.00	5.50	1011.00
	1648.30	0.00	5.57	1023.00
	1648.31	0.00	5.60	1021.00
	1648.32	0.00	6.05	1073.00
	1648.34	0.00	6.11	1048.00
	1648.35	0.00	6.19	1027.00
	1648.36	0.00	6.27	1003.00
	1648.37	0.00	6.38	967.00
	1648.38	0.00	6.10	876.00
	1648.39	0.00	6.92	885.00
	1648.41	0.00	7.02	842.00
	1648.42	0.00	7.15	804.00
	1648.43	0.00	7.25	775.00
	1648.44	0.00	7.35	746.00
	1648.45	0.00	7.42	725.00
	1648.46	0.00	7.44	709.00
	1648.47	0.00	7.44	694.00
	1648.49	0.00	6.55	629.00
	1648.50	0.00	6.54	621.00
	1648.51	0.00	6.49	608.00
	1648.52	0.00	6.52	597.00
	1648.53	0.00	6.60	578.00
	1648.54	0.00	6.58	577.00
	1648.56	0.00	6.53	575.00
	1648.57	0.00	6.53	580.00
	1648.58	0.00	6.58	578.00
	1648.59	0.00	7.45	624.00
	1648.60	0.00	7.48	629.00
	1648.61	0.00	7.48	637.00
	1648.63	0.00	7.52	636.00
	1648.64	0.00	7.60	641.00
	1648.65	0.00	7.66	645.00
	1648.66	0.00	7.76	650.00
	1648.67	0.00	7.79	655.00
	1648.68	0.00	7.84	656.00
	1648.69	0.00	7.95	664.00
	1648.71	0.00	8.05	670.00
	1648.72	0.00	8.28	627.00
	1648.73	0.00	8.22	626.00
	1648.74	0.00	8.29	622.00
	1648.75	0.00	8.28	623.00
	1648.76	0.00	8.33	624.00
	1648.78	0.00	8.25	615.00
	1648.79	0.00	8.11	596.00
	1648.80	0.00	7.94	576.00
	1648.81	0.00	7.81	558.00
	1648.82	0.00	7.77	540.00
	1648.83	0.00	7.14	476.00
	1648.85	0.00	6.95	463.00
	1648.86	0.00	6.67	449.00
	1648.87	0.00	5.38	393.00
	1648.88	0.00	5.33	402.00
	1648.89	0.00	5.37	456.00
	1648.90	0.00	5.34	456.00
	1648.92	0.00	5.35	456.00
	1648.93	0.00	5.34	455.00
	1648.94	0.00	5.34	452.00
	1648.95	0.00	5.36	455.00
	1648.96	0.00	5.36	454.00
	1648.97	0.00	5.35	453.00
	1648.98	0.00	5.36	452.00
	1649.00	0.00	5.29	452.00
	1649.01	0.00	5.30	452.00
	1649.02	0.00	5.31	452.00
	1649.03	0.00	5.31	452.00
	1649.04	0.00	5.31	401.00
	1649.05	0.00	5.31	400.00
	1649.06	0.00	5.31	451.00
	1649.08	0.00	5.32	401.00
	1649.09	0.00	5.29	399.00
	1649.10	0.00	5.29	399.00
	1649.11	0.00	5.30	399.00
	1649.12	0.00	5.38	398.00
	1649.13	0.00	5.36	396.00
	1649.15	0.00	5.32	395.00
	1649.16	0.00	5.31	393.00
	1649.17	0.00	5.34	392.00
	1649.18	0.00	5.34	392.00
	1649.19	0.00	5.34	392.00
	1649.20	0.00	5.36	393.00
	1649.21	0.00	5.33	393.00
	1649.23	0.00	5.31	443.00
	1649.24	0.00	5.33	444.00
	1649.25	0.00	5.33	444.00
	1649.26	0.00	5.33	444.00
	1649.27	0.00	5.33	449.00
	1649.28	0.00	5.33	460.00
	1649.30	0.00	5.24	488.00
	1649.31	0.00	5.14	563.00
	1649.32	0.00	5.01	689.00
	1649.33	0.00	4.95	788.00
	1649.34	0.00	4.93	846.00
	1649.35	0.00	4.91	876.00
	1649.36	0.00	4.93	896.00
	1649.38	0.00	4.91	907.00
	1649.39	0.00	4.93	943.00
	1649.40	0.00	4.96	952.00
	1649.41	0.00	4.96	972.00
	1649.42	0.00	4.92	986.00
	1649.43	0.00	5.43	1036.00
	1649.44	0.00	5.49	1030.00
	1649.46	0.00	5.89	1065.00
	1649.47	0.00	5.93	1044.00
	1649.48	0.00	5.98	1020.00
	1649.49	0.00	6.05	992.00
	1649.50	0.00	6.15	964.00
	1649.52	0.00	6.28	925.00
	1649.53	0.00	6.37	884.00
	1649.54	0.00	6.44	855.00
	1649.55	0.00	6.49	813.00
	1649.56	0.00	6.59	784.00
	1649.57	0.00	6.68	748.00
	1649.58	0.00	6.76	724.00
	1649.60	0.00	6.79	707.00
	1649.61	0.00	6.83	696.00
	1649.62	0.00	6.89	691.00
	1649.63	0.00	6.92	683.00
	1649.64	0.00	6.94	677.00
	1649.65	0.00	6.61	622.00
	1649.67	0.00	6.63	620.00
	1649.68	0.00	6.67	621.00
	1649.69	0.00	6.72	626.00
	1649.70	0.00	6.83	632.00
	1649.71	0.00	7.76	679.00
	1649.72	0.00	7.85	687.00
	1649.73	0.00	7.92	694.00
	1649.75	0.00	8.05	710.00
	1649.76	0.00	8.07	729.00
	1649.77	0.00	8.28	732.00
	1649.78	0.00	8.40	745.00
	1649.79	0.00	8.47	749.00
	1649.81	0.00	8.60	771.00
	1649.82	0.00	8.77	781.00
	1649.83	0.00	8.92	789.00
	1649.84	0.00	9.01	794.00
	1649.85	0.00	9.10	803.00
	1649.86	0.00	9.32	753.00
	1649.87	0.00	9.39	750.00
	1649.89	0.00	9.47	753.00
	1649.90	0.00	9.49	754.00
	1649.91	0.00	9.46	748.00
	1649.92	0.00	9.37	734.00
	1649.93	0.00	9.11	703.00
	1649.94	0.00	8.62	646.00
	1649.95	0.00	8.17	596.00
	1649.97	0.00	7.78	558.00
	1649.98	0.00	7.57	534.00
	1649.99	0.00	7.46	513.00
	1650.00	0.00	6.72	452.00
	1650.01	0.00	6.53	442.00
	1650.03	0.00	5.28	393.00
	1650.04	0.00	5.28	452.00
	1650.05	0.00	5.28	463.00
	1650.06	0.00	5.26	460.00
	1650.07	0.00	5.28	458.00
	1650.08	0.00	5.27	457.00
	1650.09	0.00	5.28	458.00
	1650.10	0.00	5.29	459.00
	1650.12	0.00	5.29	460.00
	1650.13	0.00	5.30	460.00
	1650.14	0.00	5.31	459.00
	1650.15	0.00	5.29	457.00
	1650.16	0.00	5.29	457.00
	1650.17	0.00	5.34	459.00
	1650.19	0.00	5.32	410.00
	1650.20	0.00	5.32	409.00
	1650.21	0.00	5.30	409.00
	1650.22	0.00	5.25	405.00
	1650.23	0.00	5.23	404.00
	1650.24	0.00	5.24	401.00
	1650.26	0.00	5.25	400.00
	1650.27	0.00	5.26	397.00
	1650.28	0.00	5.25	399.00
	1650.29	0.00	5.26	397.00
	1650.30	0.00	5.27	394.00
	1650.31	0.00	5.28	391.00
	1650.32	0.00	5.28	391.00
	1650.33	0.00	5.29	391.00
	1650.35	0.00	5.28	392.00
	1650.36	0.00	5.29	441.00
	1650.37	0.00	5.29	391.00
	1650.38	0.00	5.30	392.00
	1650.39	0.00	5.28	392.00
	1650.41	0.00	5.29	392.00
	1650.42	0.00	5.30	393.00
	1650.43	0.00	5.30	394.00
	1650.44	0.00	5.31	444.00
	1650.45	0.00	5.32	445.00
	1650.46	0.00	5.32	446.00
	1650.47	0.00	5.31	449.00
	1650.49	0.00	5.31	463.00
	1650.50	0.00	5.20	516.00
	1650.51	0.00	5.02	662.00
	1650.52	0.00	4.92	795.00
	1650.53	0.00	4.91	851.00
	1650.54	0.00	4.89	883.00
	1650.55	0.00	4.89	917.00
	1650.57	0.00	4.88	945.00
	1650.58	0.00	4.85	1001.00
	1650.59	0.00	4.86	1058.00
	1650.60	0.00	4.87	1101.00
	1650.61	0.00	5.25	1166.00
	1650.62	0.00	5.27	1173.00
	1650.64	0.00	5.29	1172.00
	1650.65	0.00	5.30	1168.00
	1650.66	0.00	5.73	1212.00
	1650.67	0.00	5.74	1198.00
	1650.68	0.00	5.81	1174.00
	1650.69	0.00	5.80	1134.00
	1650.71	0.00	5.88	1102.00
	1650.72	0.00	5.94	1068.00
	1650.73	0.00	6.03	1030.00
	1650.74	0.00	6.14	988.00
	1650.75	0.00	6.19	939.00
	1650.76	0.00	6.30	895.00
	1650.78	0.00	6.43	852.00
	1650.79	0.00	6.13	769.00
	1650.80	0.00	6.25	749.00
	1650.81	0.00	6.35	726.00
	1650.82	0.00	6.44	719.00
	1650.83	0.00	6.48	707.00
	1650.84	0.00	6.56	700.00
	1650.85	0.00	6.66	696.00
	1650.87	0.00	6.71	683.00
	1650.88	0.00	6.78	680.00
	1650.89	0.00	6.83	671.00
	1650.90	0.00	7.70	721.00
	1650.91	0.00	7.77	719.00
	1650.93	0.00	7.88	721.00
	1650.94	0.00	8.02	729.00
	1650.95	0.00	8.12	735.00
	1650.96	0.00	8.14	742.00
	1650.97	0.00	8.27	736.00
	1650.98	0.00	8.30	741.00
	1651.00	0.00	8.35	738.00
	1651.01	0.00	8.40	737.00
	1651.02	0.00	8.47	742.00
	1651.03	0.00	8.51	747.00
	1651.04	0.00	8.59	746.00
	1651.05	0.00	8.66	752.00
	1651.06	0.00	8.71	761.00
	1651.08	0.00	8.83	761.00
	1651.09	0.00	8.93	701.00
	1651.10	0.00	8.95	694.00
	1651.11	0.00	8.75	669.00
	1651.12	0.00	8.52	643.00
	1651.13	0.00	8.94	662.00
	1651.15	0.00	7.87	582.00
	1651.16	0.00	7.68	560.00
	1651.17	0.00	7.57	546.00
	1651.18	0.00	7.55	530.00
	1651.19	0.00	7.28	500.00
	1651.20	0.00	6.46	444.00
	1651.21	0.00	5.26	453.00
	1651.23	0.00	5.24	461.00
	1651.24	0.00	5.23	466.00
	1651.25	0.00	5.20	474.00
	1651.26	0.00	5.22	468.00
	1651.27	0.00	5.24	467.00
	1651.28	0.00	5.26	466.00
	1651.30	0.00	5.26	463.00
	1651.31	0.00	5.25	408.00
	1651.32	0.00	5.22	452.00
	1651.33	0.00	5.20	450.00
	1651.34	0.00	5.20	398.00
	1651.35	0.00	5.20	398.00
	1651.36	0.00	5.22	397.00
	1651.38	0.00	5.23	392.00
	1651.39	0.00	5.25	389.00
	1651.40	0.00	5.24	388.00
	1651.41	0.00	5.24	386.00
	1651.42	0.00	5.26	387.00
	1651.43	0.00	5.27	385.00
	1651.44	0.00	5.25	388.00
	1651.46	0.00	5.25	389.00
	1651.47	0.00	5.26	389.00
	1651.48	0.00	5.26	387.00
	1651.49	0.00	5.27	383.00
	1651.50	0.00	5.28	433.00
	1651.51	0.00	5.29	381.00
	1651.53	0.00	5.29	381.00
	1651.54	0.00	5.30	382.00
	1651.55	0.00	5.31	383.00
	1651.56	0.00	5.32	384.00
	1651.57	0.00	5.31	381.00
	1651.58	0.00	5.32	381.00
	1651.59	0.00	5.32	380.00
	1651.61	0.00	5.32	381.00
	1651.62	0.00	5.29	379.00
	1651.63	0.00	5.33	381.00
	1651.64	0.00	5.32	381.00
	1651.65	0.00	5.32	381.00
	1651.66	0.00	5.33	382.00
	1651.68	0.00	5.32	383.00
	1651.69	0.00	5.33	435.00
	1651.70	0.00	5.29	452.00
	1651.71	0.00	5.24	485.00
	1651.72	0.00	5.07	595.00
	1651.73	0.00	4.86	829.00
	1651.75	0.00	4.77	1007.00
	1651.76	0.00	4.78	1055.00
	1651.77	0.00	4.79	1062.00
	1651.78	0.00	4.79	1070.00
	1651.79	0.00	4.78	1092.00
	1651.80	0.00	4.84	1134.00
	1651.81	0.00	4.86	1129.00
	1651.83	0.00	5.32	1169.00
	1651.84	0.00	5.39	1154.00
	1651.85	0.00	5.47	1127.00
	1651.86	0.00	5.59	1097.00
	1651.87	0.00	6.02	1111.00
	1651.89	0.00	6.08	1071.00
	1651.90	0.00	5.87	975.00
	1651.91	0.00	5.92	937.00
	1651.92	0.00	5.97	896.00
	1651.93	0.00	6.04	851.00
	1651.94	0.00	6.09	799.00
	1651.95	0.00	6.19	751.00
	1651.96	0.00	6.28	707.00
	1651.98	0.00	6.41	657.00
	1651.99	0.00	7.39	677.00
	1652.00	0.00	7.45	668.00
	1652.01	0.00	7.50	655.00
	1652.02	0.00	7.52	650.00
	1652.04	0.00	7.47	641.00
	1652.05	0.00	7.56	586.00
	1652.06	0.00	7.46	577.00
	1652.07	0.00	7.37	569.00
	1652.08	0.00	7.31	560.00
	1652.09	0.00	7.18	593.00
	1652.10	0.00	7.27	535.00
	1652.12	0.00	7.31	534.00
	1652.13	0.00	7.40	536.00
	1652.14	0.00	7.44	536.00
	1652.15	0.00	7.50	538.00
	1652.16	0.00	7.56	545.00
	1652.17	0.00	7.68	555.00
	1652.19	0.00	7.76	562.00
	1652.20	0.00	7.86	569.00
	1652.21	0.00	7.92	574.00
	1652.22	0.00	8.07	589.00
	1652.23	0.00	8.30	606.00
	1652.24	0.00	8.46	623.00
	1652.25	0.00	8.64	640.00
	1652.27	0.00	8.92	660.00
	1652.28	0.00	8.98	670.00
	1652.29	0.00	9.00	679.00
	1652.30	0.00	9.06	687.00
	1652.31	0.00	9.03	683.00
	1652.32	0.00	8.82	663.00
	1652.33	0.00	8.64	645.00
	1652.35	0.00	8.60	636.00
	1652.36	0.00	8.42	609.00
	1652.37	0.00	8.27	585.00
	1652.38	0.00	7.98	554.00
	1652.39	0.00	6.97	468.00
	1652.41	0.00	6.61	449.00
	1652.42	0.00	5.27	408.00
	1652.43	0.00	5.22	420.00
	1652.44	0.00	5.23	473.00
	1652.45	0.00	5.16	468.00
	1652.46	0.00	5.17	465.00
	1652.47	0.00	5.20	457.00
	1652.49	0.00	5.25	446.00
	1652.50	0.00	5.25	447.00
	1652.51	0.00	5.25	396.00
	1652.52	0.00	5.23	395.00
	1652.53	0.00	5.24	394.00
	1652.54	0.00	5.24	445.00
	1652.56	0.00	5.24	395.00
	1652.57	0.00	5.24	394.00
	1652.58	0.00	5.26	391.00
	1652.59	0.00	5.27	390.00
	1652.60	0.00	5.27	390.00
	1652.61	0.00	5.27	388.00
	1652.62	0.00	5.28	387.00
	1652.64	0.00	5.28	385.00
	1652.65	0.00	5.30	387.00
	1652.66	0.00	5.30	386.00
	1652.67	0.00	5.30	384.00
	1652.68	0.00	5.30	384.00
	1652.69	0.00	5.29	383.00
	1652.70	0.00	5.30	383.00
	1652.72	0.00	5.32	384.00
	1652.73	0.00	5.30	384.00
	1652.74	0.00	5.29	384.00
	1652.75	0.00	5.31	384.00
	1652.76	0.00	5.32	385.00
	1652.77	0.00	5.33	384.00
	1652.79	0.00	5.31	384.00
	1652.80	0.00	5.34	385.00
	1652.81	0.00	5.31	384.00
	1652.82	0.00	5.31	384.00
	1652.83	0.00	5.33	435.00
	1652.84	0.00	5.34	385.00
	1652.85	0.00	5.33	385.00
	1652.87	0.00	5.32	385.00
	1652.88	0.00	5.33	384.00
	1652.89	0.00	5.29	384.00
	1652.90	0.00	5.31	386.00
	1652.91	0.00	5.27	461.00
	1652.92	0.00	5.13	538.00
	1652.94	0.00	4.87	832.00
	1652.95	0.00	4.76	1058.00
	1652.96	0.00	4.77	1086.00
	1652.97	0.00	4.78	1070.00
	1652.98	0.00	4.80	1060.00
	1652.99	0.00	4.85	1088.00
	1653.01	0.00	5.36	1167.00
	1653.02	0.00	5.36	1167.00
	1653.03	0.00	5.46	1174.00
	1653.04	0.00	5.57	1166.00
	1653.05	0.00	5.94	1203.00
	1653.06	0.00	6.00	1182.00
	1653.07	0.00	5.72	1104.00
	1653.09	0.00	5.78	1082.00
	1653.10	0.00	5.77	1052.00
	1653.11	0.00	5.83	1031.00
	1653.12	0.00	5.87	1007.00
	1653.13	0.00	5.88	977.00
	1653.15	0.00	5.94	945.00
	1653.16	0.00	6.01	914.00
	1653.17	0.00	6.08	871.00
	1653.18	0.00	6.17	826.00
	1653.19	0.00	6.29	779.00
	1653.20	0.00	6.38	728.00
	1653.21	0.00	7.33	739.00
	1653.23	0.00	7.50	717.00
	1653.24	0.00	7.56	706.00
	1653.25	0.00	7.60	698.00
	1653.26	0.00	7.62	689.00
	1653.27	0.00	7.60	682.00
	1653.28	0.00	7.60	681.00
	1653.30	0.00	7.61	682.00
	1653.31	0.00	7.70	684.00
	1653.32	0.00	7.76	684.00
	1653.33	0.00	7.82	685.00
	1653.34	0.00	7.90	687.00
	1653.35	0.00	7.94	691.00
	1653.36	0.00	8.05	696.00
	1653.38	0.00	8.05	697.00
	1653.39	0.00	8.11	703.00
	1653.40	0.00	8.28	710.00
	1653.41	0.00	8.40	709.00
	1653.42	0.00	8.48	717.00
	1653.43	0.00	8.61	732.00
	1653.44	0.00	8.70	736.00
	1653.46	0.00	8.89	759.00
	1653.47	0.00	9.04	765.00
	1653.48	0.00	9.14	773.00
	1653.49	0.00	9.27	782.00
	1653.50	0.00	9.51	739.00
	1653.52	0.00	9.62	747.00
	1653.53	0.00	9.66	745.00
	1653.54	0.00	9.51	730.00
	1653.55	0.00	9.27	706.00
	1653.56	0.00	9.07	680.00
	1653.57	0.00	8.77	648.00
	1653.58	0.00	8.57	622.00
	1653.60	0.00	8.41	596.00
	1653.61	0.00	8.22	570.00
	1653.62	0.00	7.86	534.00
	1653.63	0.00	6.74	451.00
	1653.64	0.00	6.52	459.00
	1653.65	0.00	5.15	411.00
	1653.67	0.00	5.19	462.00
	1653.68	0.00	5.19	460.00
	1653.69	0.00	5.21	465.00
	1653.70	0.00	5.24	462.00
	1653.71	0.00	5.25	458.00
	1653.72	0.00	5.25	456.00
	1653.73	0.00	5.29	455.00
	1653.75	0.00	5.27	454.00
	1653.76	0.00	5.32	453.00
	1653.77	0.00	5.27	451.00
	1653.78	0.00	5.27	450.00
	1653.79	0.00	5.27	450.00
	1653.80	0.00	5.31	450.00
	1653.81	0.00	5.30	449.00
	1653.83	0.00	5.30	448.00
	1653.84	0.00	5.31	443.00
	1653.85	0.00	5.30	444.00
	1653.86	0.00	5.31	444.00
	1653.87	0.00	5.31	443.00
	1653.88	0.00	5.30	444.00
	1653.90	0.00	5.30	394.00
	1653.91	0.00	5.30	393.00
	1653.92	0.00	5.31	391.00
	1653.93	0.00	5.31	390.00
	1653.94	0.00	5.32	389.00
	1653.95	0.00	5.32	389.00
	1653.96	0.00	5.33	389.00
	1653.98	0.00	5.26	384.00
	1653.99	0.00	5.27	384.00
	1654.00	0.00	5.28	385.00
	1654.01	0.00	5.30	386.00
	1654.02	0.00	5.28	386.00
	1654.03	0.00	5.28	386.00
	1654.05	0.00	5.28	386.00
	1654.06	0.00	5.29	385.00
	1654.07	0.00	5.29	385.00
	1654.08	0.00	5.29	385.00
	1654.09	0.00	5.29	385.00
	1654.10	0.00	5.32	385.00
	1654.11	0.00	5.28	442.00
	1654.13	0.00	5.24	478.00
	1654.14	0.00	5.02	620.00
	1654.15	0.00	4.67	900.00
	1654.16	0.00	4.79	971.00
	1654.17	0.00	4.81	993.00
	1654.18	0.00	4.81	993.00
	1654.20	0.00	4.83	985.00
	1654.21	0.00	4.82	1001.00
	1654.22	0.00	4.79	1044.00
	1654.23	0.00	4.82	1109.00
	1654.24	0.00	4.83	1126.00
	1654.25	0.00	4.84	1142.00
	1654.27	0.00	5.26	1198.00
	1654.28	0.00	5.34	1204.00
	1654.29	0.00	5.40	1199.00
	1654.30	0.00	5.43	1189.00
	1654.31	0.00	5.49	1172.00
	1654.32	0.00	5.52	1149.00
	1654.33	0.00	5.56	1119.00
	1654.35	0.00	5.62	1086.00
	1654.36	0.00	5.69	1053.00
	1654.37	0.00	5.74	1016.00
	1654.38	0.00	5.81	971.00
	1654.39	0.00	5.88	930.00
	1654.41	0.00	5.95	879.00
	1654.42	0.00	6.06	828.00
	1654.43	0.00	6.16	781.00
	1654.44	0.00	6.31	733.00
	1654.45	0.00	6.44	687.00
	1654.46	0.00	6.51	656.00
	1654.47	0.00	6.55	643.00
	1654.49	0.00	6.58	636.00
	1654.50	0.00	6.59	623.00
	1654.51	0.00	7.49	671.00
	1654.52	0.00	7.50	668.00
	1654.53	0.00	7.49	666.00
	1654.54	0.00	7.54	669.00
	1654.56	0.00	7.63	669.00
	1654.57	0.00	7.62	669.00
	1654.58	0.00	7.74	674.00
	1654.59	0.00	8.03	620.00
	1654.60	0.00	7.98	671.00
	1654.61	0.00	8.11	673.00
	1654.63	0.00	8.18	674.00
	1654.64	0.00	8.22	678.00
	1654.65	0.00	8.33	684.00
	1654.66	0.00	8.36	688.00
	1654.67	0.00	8.43	690.00
	1654.68	0.00	8.57	641.00
	1654.69	0.00	8.64	642.00
	1654.71	0.00	8.45	632.00
	1654.72	0.00	8.44	627.00
	1654.73	0.00	8.43	625.00
	1654.74	0.00	8.26	611.00
	1654.75	0.00	8.08	596.00
	1654.76	0.00	8.05	590.00
	1654.78	0.00	7.92	580.00
	1654.79	0.00	7.80	562.00
	1654.80	0.00	7.79	554.00
	1654.81	0.00	7.76	544.00
	1654.82	0.00	7.60	524.00
	1654.83	0.00	6.81	459.00
	1654.84	0.00	6.66	447.00
	1654.86	0.00	5.35	399.00
	1654.87	0.00	5.29	405.00
	1654.88	0.00	5.26	412.00
	1654.89	0.00	5.26	460.00
	1654.90	0.00	5.27	461.00
	1654.91	0.00	5.29	460.00
	1654.93	0.00	5.29	459.00
	1654.94	0.00	5.32	458.00
	1654.95	0.00	5.31	456.00
	1654.96	0.00	5.34	451.00
	1654.97	0.00	5.33	452.00
	1654.98	0.00	5.33	449.00
	1654.99	0.00	5.34	454.00
	1655.01	0.00	5.33	452.00
	1655.02	0.00	5.31	450.00
	1655.03	0.00	5.29	450.00
	1655.04	0.00	5.30	396.00
	1655.05	0.00	5.31	445.00
	1655.06	0.00	5.30	444.00
	1655.07	0.00	5.31	443.00
	1655.09	0.00	5.31	443.00
	1655.10	0.00	5.32	441.00
	1655.11	0.00	5.31	391.00
	1655.12	0.00	5.34	389.00
	1655.13	0.00	5.35	386.00
	1655.14	0.00	5.36	436.00
	1655.16	0.00	5.36	384.00
	1655.17	0.00	5.34	385.00
	1655.18	0.00	5.35	386.00
	1655.19	0.00	5.34	385.00
	1655.20	0.00	5.34	436.00
	1655.21	0.00	5.35	437.00
	1655.22	0.00	5.34	436.00
	1655.24	0.00	5.34	436.00
	1655.25	0.00	5.35	435.00
	1655.26	0.00	5.35	435.00
	1655.27	0.00	5.35	433.00
	1655.28	0.00	5.35	433.00
	1655.29	0.00	5.35	434.00
	1655.31	0.00	5.36	433.00
	1655.32	0.00	5.35	434.00
	1655.33	0.00	5.35	384.00
	1655.34	0.00	5.35	435.00
	1655.35	0.00	5.32	449.00
	1655.36	0.00	5.23	509.00
	1655.38	0.00	4.97	717.00
	1655.39	0.00	4.81	947.00
	1655.40	0.00	4.80	1032.00
	1655.41	0.00	4.81	1040.00
	1655.42	0.00	4.83	1030.00
	1655.43	0.00	4.83	1038.00
	1655.44	0.00	4.81	1067.00
	1655.46	0.00	4.85	1121.00
	1655.47	0.00	5.28	1183.00
	1655.48	0.00	5.34	1199.00
	1655.49	0.00	5.42	1203.00
	1655.50	0.00	5.46	1191.00
	1655.52	0.00	5.60	1184.00
	1655.53	0.00	5.66	1161.00
	1655.54	0.00	5.72	1126.00
	1655.55	0.00	5.84	1086.00
	1655.56	0.00	5.92	1047.00
	1655.57	0.00	6.02	1006.00
	1655.58	0.00	6.11	969.00
	1655.60	0.00	6.20	929.00
	1655.61	0.00	6.30	893.00
	1655.62	0.00	6.39	840.00
	1655.63	0.00	6.50	796.00
	1655.64	0.00	6.60	759.00
	1655.65	0.00	6.74	719.00
	1655.67	0.00	6.83	687.00
	1655.68	0.00	7.75	720.00
	1655.69	0.00	7.85	714.00
	1655.70	0.00	7.92	708.00
	1655.71	0.00	7.98	706.00
	1655.72	0.00	7.97	699.00
	1655.73	0.00	7.99	698.00
	1655.75	0.00	8.07	697.00
	1655.76	0.00	8.09	699.00
	1655.77	0.00	8.10	698.00
	1655.78	0.00	8.19	702.00
	1655.79	0.00	8.23	703.00
	1655.80	0.00	8.24	702.00
	1655.82	0.00	8.24	702.00
	1655.83	0.00	8.25	700.00
	1655.84	0.00	8.28	705.00
	1655.85	0.00	8.41	694.00
	1655.86	0.00	8.48	697.00
	1655.87	0.00	8.51	698.00
	1655.89	0.00	8.59	699.00
	1655.90	0.00	8.70	701.00
	1655.91	0.00	8.70	704.00
	1655.92	0.00	8.78	708.00
	1655.93	0.00	8.93	655.00
	1655.94	0.00	8.93	651.00
	1655.95	0.00	8.88	644.00
	1655.97	0.00	8.80	640.00
	1655.98	0.00	8.63	627.00
	1655.99	0.00	8.46	613.00
	1656.00	0.00	8.32	598.00
	1656.01	0.00	8.21	588.00
	1656.02	0.00	8.22	582.00
	1656.04	0.00	8.07	563.00
	1656.05	0.00	7.84	541.00
	1656.06	0.00	7.65	514.00
	1656.07	0.00	7.30	499.00
	1656.08	0.00	5.31	399.00
	1656.09	0.00	5.30	411.00
	1656.10	0.00	5.29	410.00
	1656.12	0.00	5.28	460.00
	1656.13	0.00	5.28	460.00
	1656.14	0.00	5.30	461.00
	1656.15	0.00	5.30	459.00
	1656.16	0.00	5.31	458.00
	1656.17	0.00	5.32	456.00
	1656.19	0.00	5.32	453.00
	1656.20	0.00	5.37	452.00
	1656.21	0.00	5.34	454.00
	1656.22	0.00	5.33	454.00
	1656.23	0.00	5.34	454.00
	1656.24	0.00	5.36	453.00
	1656.26	0.00	5.34	453.00
	1656.27	0.00	5.34	452.00
	1656.28	0.00	5.34	454.00
	1656.29	0.00	5.33	453.00
	1656.30	0.00	5.35	445.00
	1656.31	0.00	5.35	444.00
	1656.32	0.00	5.37	438.00
	1656.33	0.00	5.38	437.00
	1656.35	0.00	5.37	436.00
	1656.36	0.00	5.38	436.00
	1656.37	0.00	5.38	435.00
	1656.38	0.00	5.40	435.00
	1656.39	0.00	5.40	384.00
	1656.40	0.00	5.39	384.00
	1656.42	0.00	5.39	434.00
	1656.43	0.00	5.41	384.00
	1656.44	0.00	5.37	384.00
	1656.45	0.00	5.36	384.00
	1656.46	0.00	5.37	384.00
	1656.47	0.00	5.37	434.00
	1656.48	0.00	5.37	384.00
	1656.50	0.00	5.39	384.00
	1656.51	0.00	5.38	383.00
	1656.52	0.00	5.38	383.00
	1656.53	0.00	5.40	384.00
	1656.54	0.00	5.39	384.00
	1656.55	0.00	5.39	384.00
	1656.57	0.00	5.40	382.00
	1656.58	0.00	5.42	433.00
	1656.59	0.00	5.42	384.00
	1656.60	0.00	5.36	435.00
	1656.61	0.00	5.34	468.00
	1656.62	0.00	5.09	634.00
	1656.64	0.00	4.52	1096.00
	1656.65	0.00	4.58	1272.00
	1656.66	0.00	4.71	1269.00
	1656.67	0.00	4.75	1231.00
	1656.68	0.00	4.79	1166.00
	1656.69	0.00	4.82	1137.00
	1656.70	0.00	4.95	1146.00
	1656.72	0.00	5.01	1145.00
	1656.73	0.00	5.48	1178.00
	1656.74	0.00	5.60	1171.00
	1656.75	0.00	5.69	1138.00
	1656.76	0.00	5.81	1094.00
	1656.78	0.00	5.89	1033.00
	1656.79	0.00	6.04	974.00
	1656.80	0.00	6.12	906.00
	1656.81	0.00	6.28	842.00
	1656.82	0.00	6.36	786.00
	1656.83	0.00	6.44	751.00
	1656.84	0.00	6.46	718.00
	1656.86	0.00	6.50	694.00
	1656.87	0.00	6.53	672.00
	1656.88	0.00	7.40	700.00
	1656.89	0.00	7.44	685.00
	1656.90	0.00	7.43	668.00
	1656.91	0.00	7.48	660.00
	1656.93	0.00	7.45	661.00
	1656.94	0.00	7.48	650.00
	1656.95	0.00	7.51	648.00
	1656.96	0.00	7.49	648.00
	1656.97	0.00	7.55	647.00
	1656.98	0.00	7.59	650.00
	1656.99	0.00	7.57	650.00
	1657.01	0.00	7.60	652.00
	1657.02	0.00	7.59	653.00
	1657.03	0.00	7.58	653.00
	1657.04	0.00	7.64	651.00
	1657.05	0.00	7.61	660.00
	1657.06	0.00	7.62	672.00
	1657.07	0.00	7.60	676.00
	1657.09	0.00	7.59	681.00
	1657.10	0.00	7.63	677.00
	1657.11	0.00	7.58	686.00
	1657.12	0.00	7.56	688.00
	1657.13	0.00	7.58	693.00
	1657.14	0.00	7.52	693.00
	1657.16	0.00	7.48	703.00
	1657.17	0.00	7.46	715.00
	1657.18	0.00	7.30	722.00
	1657.19	0.00	7.28	727.00
	1657.20	0.00	7.24	728.00
	1657.21	0.00	7.16	728.00
	1657.22	0.00	7.13	731.00
	1657.24	0.00	7.08	739.00
	1657.25	0.00	6.94	745.00
	1657.26	0.00	6.93	757.00
	1657.27	0.00	6.91	771.00
	1657.28	0.00	6.86	773.00
	1657.29	0.00	6.82	768.00
	1657.31	0.00	6.84	765.00
	1657.32	0.00	6.84	748.00
	1657.33	0.00	6.76	732.00
	1657.34	0.00	6.77	722.00
	1657.35	0.00	5.93	660.00
	1657.36	0.00	5.93	652.00
	1657.37	0.00	5.93	641.00
	1657.39	0.00	5.95	635.00
	1657.40	0.00	5.33	577.00
	1657.41	0.00	5.32	579.00
	1657.42	0.00	5.33	581.00
	1657.43	0.00	5.32	581.00
	1657.44	0.00	5.32	585.00
	1657.45	0.00	5.31	590.00
	1657.47	0.00	5.29	594.00
	1657.48	0.00	5.29	598.00
	1657.49	0.00	5.30	597.00
	1657.50	0.00	5.30	592.00
	1657.51	0.00	5.30	584.00
	1657.52	0.00	5.31	575.00
	1657.54	0.00	5.32	569.00
	1657.55	0.00	5.30	562.00
	1657.56	0.00	5.23	552.00
	1657.57	0.00	5.23	551.00
	1657.58	0.00	5.24	547.00
	1657.59	0.00	5.27	532.00
	1657.60	0.00	5.30	529.00
	1657.62	0.00	5.29	527.00
	1657.63	0.00	5.29	529.00
	1657.64	0.00	5.30	531.00
	1657.65	0.00	5.30	534.00
	1657.66	0.00	5.30	536.00
	1657.67	0.00	5.28	536.00
	1657.68	0.00	5.30	539.00
	1657.70	0.00	5.30	540.00
	1657.71	0.00	5.30	539.00
	1657.72	0.00	5.30	537.00
	1657.73	0.00	5.30	537.00
	165782.00
	1658.04	0.00	5.42	584.00
	1658.05	0.00	5.43	586.00
	1658.06	0.00	5.46	586.00
	1658.07	0.00	5.46	586.00
	1658.09	0.00	5.47	588.00
	1658.10	0.00	5.49	589.00
	1658.11	0.00	5.48	588.00
	1658.12	0.00	5.50	590.00
	1658.159.99	0.00	5.40	637.00
	1660.00	0.00	5.41	634.00
	1660.01	0.00	5.40	637.00
	1660.03	0.00	5.41	636.00
	1660.04	0.00	5.40	637.00
	1660.05	0.00	5.41	636.00
	1660.06	0.00	5.41	637.00
	1660.07	0.00	5.41	634.00
	1660.08	0.00	5.41	639.00
	1660.09	0.00	5.40	637.00
	1660.11	0.00	5.40	639.00
	1660.12	0.00	5.40	638.00
	1660.13	0.00	5.40	639.00
	1660.14	0.00	5.39	640.00
	1660.15	0.00	5.38	639.00
	1660.16	0.00	5.38	639.00
	1660.18	0.00	5.38	640.00
	1660.19	0.00	5.37	641.00
	1660.20	0.00	5.36	640.00
	1660.21	0.00	5.31	637.00
	1660.22	0.00	5.28	634.00
	1660.23	0.00	5.30	636.00
	1660.24	0.00	5.28	633.00
	1660.26	0.00	5.29	631.00
	1660.27	0.00	5.30	625.00
	1660.28	0.00	5.32	617.00
	1660.29	0.00	5.32	616.00
	1660.30	0.00	5.32	617.00
	1660.31	0.00	5.34	619.00
	1660.32	0.00	5.32	618.00
	1660.34	0.00	5.32	618.00
	1660.35	0.00	5.34	618.00
	1660.36	0.00	5.33	619.00
	1660.37	0.00	5.32	618.00
	1660.00
	1661.07	0.00	5.63	517.00
	1661.08	0.00	5.61	508.00
	1661.09	0.00	5.59	506.00
	1661.10	0.00	5.56	498.00
	1661.11	0.00	5.56	493.00
	1661.13	0.00	5.52	486.00
	1661.14	0.00	5.55	477.00
	1661.15	0.00	5.52	474.00
	1661.16	0.00	5.53	475.00
	1661.17	0.00	5.52	476.00
	1661.19	0.00	5.51	473.00
	1661.20	0.00	5.51	475.00
	1661.21	0.00	5.52	475.00
	1661.22	0.00	5.52	472.00
	1661.23	0.00	5.42	473.00
	1661.24	0.00	5.46	472.00
	1661.25	0.00	5.50	474..00	5.45	463.00
	1661.37	0.00	5.47	465.00
	1661.38	0.00	5.46	464.00
	1661.39	0.00	5.46	464.00
	1661.40	0.00	5.45	463.00
	1661.42	0.00	5.45	463.00
	1661.43	0.00	5.43	466.00
	1661.44	0.00	5.43	467.00
	1661.45	0.00	5.41	468.00
	1661.46	0.00	5.41	471.00
	1661.47	0.00	5.39	471.00
	1661.48	0.00	5.37	480.00
	1661.50	0.00	5.31	505.00
	1661.51	0.00	5.24	566.00
	1661.52	0.00	5.16	646.00
	1661.53	0.00	5.12	713.00
	1661.54	0.00	5.13	763.00
	1661.55	0.00	5.14	794.00
	1661.56	0.00	5.11	813.00
	1661.58	0.00	5.12	826.00
	1661.59	0.00	5.50	905.00
	1661.60	0.00	5.52	933.00
	1661.61	0.00	5.55	956.00
	1661.62	0.00	5.56	973.00
	1661.64	0.00	5.59	988.00
	1661.65	0.00	5.59	992.00
	1661.66	0.00	5.61	1000.00
	1661.67	0.00	5.62	1004.00
	1661.68	0.00	5.63	1008.00
	1661.69	0.00	5.63	1010.00
	1661.70	0.00	5.64	1009.00
	1661.72	0.00	5.64	1004.00
	1661.73	0.00	5.65	999.00
	1661.74	0.00	5.67	998.00
	1661.75	0.00	5.68	995.00
	1661.76	0.00	5.69	987.00
	1661.77	0.00	5.64	972.00
	1661.79	0.00	5.71	985.00
	1661.80	0.00	5.72	983.00
	1661.81	0.00	5.72	982.00
	1661.82	0.00	5.73	982.00
	1661.83	0.00	5.73	983.00
	1661.84	0.00	5.73	980.00
	1661.85	0.00	5.73	977.00
	1661.87	0.00	5.73	979.00
	1661.88	0.00	5.75	982.00
	1661.89	0.00	5.74	985.00
	1661.90	0.00	5.75	986.00
	1661.91	0.00	5.74	989.00
	1661.93	0.00	5.64	978.00
	1661.94	0.00	5.74	996.00
	1661.95	0.00	5.74	997.00
	1661.96	0.00	5.74	998.00
	1661.97	0.00	5.77	1002.00
	1661.98	0.00	5.74	999.00
	1661.99	0.00	5.74	996.00
	1662.01	0.00	5.75	993.00
	1662.02	0.00	5.77	988.00
	1662.03	0.00	5.79	977.00
	1662.04	0.00	5.80	961.00
	1662.05	0.00	5.81	950.00
	1662.06	0.00	5.83	938.00
	1662.07	0.00	5.84	921.00
	1662.09	0.00	5.84	905.00
	1662.10	0.00	5.83	889.00
	1662.11	0.00	6.35	924.00
	1662.12	0.00	6.35	907.00
	1662.13	0.00	6.41	894.00
	1662.14	0.00	6.41	881.00
	1662.16	0.00	6.44	870.00
	1662.17	0.00	6.50	851.00
	1662.18	0.00	6.56	838.00
	1662.19	0.00	6.60	825.00
	1662.20	0.00	6.68	810.00
	1662.21	0.00	6.69	788.00
	1662.22	0.00	6.72	773.00
	1662.24	0.00	6.34	702.00
	1662.25	0.00	6.37	685.00
	1662.26	0.00	6.41	673.00
	1662.27	0.00	6.51	650.00
	1662.28	0.00	6.54	635.00
	1662.29	0.00	6.57	623.00
	1662.31	0.00	6.68	602.00
	1662.32	0.00	6.72	591.00
	1662.33	0.00	6.75	585.00
	1662.34	0.00	6.65	576.00
	1662.35	0.00	6.80	571.00
	1662.36	0.00	6.70	569.00
	1662.37	0.00	6.73	566.00
	1662.39	0.00	6.75	560.00
	1662.40	0.00	6.78	559.00
	1662.41	0.00	6.72	556.00
	1662.42	0.00	6.72	551.00
	1662.43	0.00	6.64	545.00
	1662.44	0.00	6.63	543.00
	1662.45	0.00	6.65	544.00
	1662.47	0.00	6.63	540.00
	1662.48	0.00	6.62	537.00
	1662.49	0.00	6.60	531.00
	1662.50	0.00	6.52	526.00
	1662.51	0.00	6.41	519.00
	1662.52	0.00	6.25	508.00
	1662.54	0.00	5.47	452.00
	1662.55	0.00	5.47	454.00
	1662.56	0.00	5.48	454.00
	1662.57	0.00	5.49	452.00
	1662.58	0.00	5.50	455.00
	1662.59	0.00	5.48	455.00
	1662.60	0.00	5.49	454.00
	1662.62	0.00	5.48	454.00
	1662.63	0.00	5.50	454.00
	1662.64	0.00	5.50	450.00
	1662.65	0.00	5.50	451.00
	1662.66	0.00	5.51	450.00
	1662.67	0.00	5.50	450.00
	1662.69	0.00	5.51	449.00
	1662.70	0.00	5.51	449.00
	1662.71	0.00	5.49	448.00
	1662.72	0.00	5.40	442.00
	1662.73	0.00	5.36	441.00
	1662.74	0.00	5.38	442.00
	1662.76	0.00	5.35	441.00
	1662.77	0.00	5.41	442.00
	1662.78	0.00	5.38	441.00
	1662.79	0.00	5.43	439.00
	1662.80	0.00	5.38	439.00
	1662.81	0.00	5.42	440.00
	1662.82	0.00	5.38	440.00
	1662.84	0.00	5.39	439.00
	1662.85	0.00	5.39	439.00
	1662.86	0.00	5.38	440.00
	1662.87	0.00	5.42	440.00
	1662.88	0.00	5.43	440.00
	1662.89	0.00	5.43	438.00
	1662.91	0.00	5.44	438.00
	1662.92	0.00	5.43	438.00
	1662.93	0.00	5.43	438.00
	1662.94	0.00	5.42	438.00
	1662.95	0.00	5.44	438.00
	1662.96	0.00	5.42	438.00
	1662.97	0.00	5.42	438.00
	1662.99	0.00	5.52	442.00
	1663.00	0.00	5.52	440.00
	1663.01	0.00	5.53	442.00
	1663.02	0.00	5.53	442.00
	1663.03	0.00	5.53	443.00
	1663.04	0.00	5.52	452.00
	1663.05	0.00	5.50	458.00
	1663.07	0.00	5.53	475.00
	1663.08	0.00	5.51	495.00
	1663.09	0.00	5.44	543.00
	1663.10	0.00	5.40	602.00
	1663.11	0.00	5.37	656.00
	1663.12	0.00	5.34	699.00
	1663.13	0.00	5.29	730.00
	1663.15	0.00	5.28	750.00
	1663.16	0.00	5.30	762.00
	1663.17	0.00	5.33	773.00
	1663.18	0.00	5.33	784.00
	1663.19	0.00	5.32	793.00
	1663.20	0.00	5.28	805.00
	1663.21	0.00	5.30	820.00
	1663.23	0.00	5.29	835.00
	1663.24	0.00	5.29	846.00
	1663.25	0.00	5.29	860.00
	1663.26	0.00	5.28	872.00
	1663.27	0.00	5.27	884.00
	1663.29	0.00	5.28	890.00
	1663.30	0.00	5.28	900.00
	1663.31	0.00	5.28	905.00
	1663.32	0.00	5.29	907.00
	1663.33	0.00	5.30	906.00
	1663.34	0.00	5.31	908.00
	1663.35	0.00	5.32	904.00
	1663.37	0.00	5.32	900.00
	1663.38	0.00	5.30	893.00
	1663.39	0.00	5.33	887.00
	1663.40	0.00	5.33	880.00
	1663.41	0.00	5.33	873.00
	1663.42	0.00	5.33	868.00
	1663.44	0.00	5.33	865.00
	1663.45	0.00	5.34	862.00
	1663.46	0.00	5.34	859.00
	1663.47	0.00	5.34	856.00
	1663.48	0.00	5.35	854.00
	1663.49	0.00	5.34	853.00
	1663.51	0.00	5.36	852.00
	1663.52	0.00	5.36	845.00
	1663.53	0.00	5.36	844.00
	1663.54	0.00	5.37	839.00
	1663.55	0.00	5.40	836.00
	1663.56	0.00	5.41	831.00
	1663.57	0.00	5.44	823.00
	1663.58	0.00	5.44	815.00
	1663.60	0.00	5.46	807.00
	1663.61	0.00	5.47	797.00
	1663.62	0.00	5.47	788.00
	1663.63	0.00	5.49	776.00
	1663.64	0.00	5.50	766.00
	1663.65	0.00	5.52	757.00
	1663.67	0.00	5.51	749.00
	1663.68	0.00	5.53	743.00
	1663.69	0.00	5.54	738.00
	1663.70	0.00	5.54	734.00
	1663.71	0.00	5.54	732.00
	1663.72	0.00	5.55	728.00
	1663.73	0.00	5.55	725.00
	1663.75	0.00	5.56	721.00
	1663.76	0.00	5.57	716.00
	1663.77	0.00	5.57	713.00
	1663.78	0.00	5.57	711.00
	1663.79	0.00	5.57	705.00
	1663.80	0.00	5.58	702.00
	1663.81	0.00	5.57	696.00
	1663.83	0.00	5.58	692.00
	1663.84	0.00	5.59	688.00
	1663.85	0.00	5.58	684.00
	1663.86	0.00	5.57	683.00
	1663.87	0.00	5.56	680.00
	1663.89	0.00	5.56	676.00
	1663.90	0.00	5.54	679.00
	1663.91	0.00	5.53	673.00
	1663.92	0.00	5.55	669.00
	1663.93	0.00	5.54	661.00
	1663.94	0.00	5.53	653.00
	1663.95	0.00	5.53	643.00
	1663.96	0.00	5.54	627.00
	1663.98	0.00	5.54	613.00
	1663.99	0.00	5.55	599.00
	1664.00	0.00	5.55	587.00
	1664.01	0.00	5.55	576.00
	1664.02	0.00	5.55	558.00
	1664.03	0.00	5.51	542.00
	1664.05	0.00	5.50	528.00
	1664.06	0.00	5.50	514.00
	1664.07	0.00	5.52	499.00
	1664.08	0.00	5.52	484.00
	1664.09	0.00	5.54	473.00
	1664.10	0.00	5.52	463.00
	1664.11	0.00	5.43	455.00
	1664.13	0.00	5.51	449.00
	1664.14	0.00	5.49	448.00
	1664.15	0.00	5.51	445.00
	1664.16	0.00	5.51	444.00
	1664.17	0.00	5.52	443.00
	1664.18	0.00	5.53	444.00
	1664.19	0.00	5.54	439.00
	1664.21	0.00	5.52	440.00
	1664.22	0.00	5.54	439.00
	1664.23	0.00	5.56	437.00
	1664.24	0.00	5.57	440.00
	1664.25	0.00	5.57	443.00
	1664.27	0.00	5.57	445.00
	1664.28	0.00	5.58	445.00
	1664.29	0.00	5.52	445.00
	1664.30	0.00	5.52	447.00
	1664.31	0.00	5.53	447.00
	1664.32	0.00	5.67	398.00
	1664.33	0.00	5.52	450.00
	1664.34	0.00	5.53	456.00
	1664.36	0.00	5.53	459.00
	1664.37	0.00	5.54	465.00
	1664.38	0.00	5.53	477.00
	1664.39	0.00	5.47	486.00
	1664.40	0.00	5.46	498.00
	1664.41	0.00	5.47	504.00
	1664.43	0.00	5.46	515.00
	1664.44	0.00	5.44	525.00
	1664.45	0.00	5.43	536.00
	1664.46	0.00	5.39	549.00
	1664.47	0.00	5.39	555.00
	1664.48	0.00	5.38	560.00
	1664.50	0.00	5.37	566.00
	1664.51	0.00	5.40	571.00
	1664.52	0.00	5.41	577.00
	1664.53	0.00	5.43	584.00
	1664.54	0.00	5.43	588.00
	1664.55	0.00	5.42	592.00
	1664.56	0.00	5.41	597.00
	1664.57	0.00	5.38	598.00
	1664.59	0.00	5.40	603.00
	1664.60	0.00	5.41	606.00
	1664.61	0.00	5.41	609.00
	1664.62	0.00	5.41	610.00
	1664.63	0.00	5.41	613.00
	1664.65	0.00	5.39	616.00
	1664.66	0.00	5.36	615.00
	1664.67	0.00	5.36	617.00
	1664.68	0.00	5.33	616.00
	1664.69	0.00	5.28	614.00
	1664.70	0.00	5.29	617.00
	1664.71	0.00	5.29	618.00
	1664.72	0.00	5.31	617.00
	1664.74	0.00	5.31	613.00
	1664.75	0.00	5.32	607.00
	1664.76	0.00	5.32	608.00
	1664.77	0.00	5.33	613.00
	1664.78	0.00	5.33	615.00
	1664.79	0.00	5.29	617.00
	1664.81	0.00	5.28	618.00
	1664.82	0.00	5.34	620.00
	1664.83	0.00	5.33	619.00
	1664.84	0.00	5.35	622.00
	1664.85	0.00	5.34	621.00
	1664.86	0.00	5.39	623.00
	1664.87	0.00	5.36	624.00
	1664.89	0.00	5.37	621.00
	1664.90	0.00	5.40	619.00
	1664.91	0.00	5.38	617.00
	1664.92	0.00	5.40	616.00
	1664.93	0.00	5.43	615.00
	1664.94	0.00	5.42	612.00
	1664.95	0.00	5.42	611.00
	1664.97	0.00	5.42	611.00
	1664.98	0.00	5.43	609.00
	1664.99	0.00	5.43	609.00
	1665.00	0.00	5.44	608.00
	1665.01	0.00	5.43	605.00
	1665.03	0.00	5.44	608.00
	1665.04	0.00	5.43	607.00
	1665.05	0.00	5.44	608.00
	1665.06	0.00	5.44	607.00
	1665.07	0.00	5.44	606.00
	1665.08	0.00	5.44	604.00
	1665.09	0.00	5.44	601.00
	1665.10	0.00	5.44	600.00
	1665.12	0.00	5.46	598.00
	1665.13	0.00	5.45	596.00
	1665.14	0.00	5.45	596.00
	1665.15	0.00	5.45	597.00
	1665.16	0.00	5.45	600.00
	1665.17	0.00	5.46	599.00
	1665.19	0.00	5.45	598.00
	1665.20	0.00	5.43	598.00
	1665.21	0.00	5.47	600.00
	1665.22	0.00	5.50	601.00
	1665.23	0.00	5.55	600.00
	1665.24	0.00	5.56	598.00
	1665.26	0.00	5.55	599.00
	1665.27	0.00	5.54	595.00
	1665.28	0.00	5.56	593.00
	1665.29	0.00	5.52	590.00
	1665.30	0.00	5.53	588.00
	1665.31	0.00	5.52	590.00
	1665.32	0.00	5.51	604.00
	1665.33	0.00	5.50	603.00
	1665.35	0.00	5.51	604.00
	1665.36	0.00	5.51	604.00
	1665.37	0.00	5.53	603.00
	1665.38	0.00	5.54	601.00
	1665.39	0.00	5.53	602.00
	1665.40	0.00	5.53	603.00
	1665.42	0.00	5.54	601.00
	1665.43	0.00	5.56	599.00
	1665.44	0.00	5.60	604.00
	1665.45	0.00	5.58	603.00
	1665.46	0.00	5.58	604.00
	1665.47	0.00	5.57	610.00
	1665.48	0.00	5.57	611.00
	1665.50	0.00	5.58	611.00
	1665.51	0.00	5.57	610.00
	1665.52	0.00	5.57	611.00
	1665.53	0.00	5.57	613.00
	1665.54	0.00	5.57	615.00
	1665.55	0.00	5.59	618.00
	1665.56	0.00	5.57	617.00
	1665.58	0.00	5.61	619.00
	1665.59	0.00	5.60	618.00
	1665.60	0.00	5.61	617.00
	1665.61	0.00	5.61	617.00
	1665.62	0.00	5.61	616.00
	1665.63	0.00	5.61	615.00
	1665.65	0.00	5.59	619.00
	1665.66	0.00	5.59	620.00
	1665.67	0.00	5.60	620.00
	1665.68	0.00	5.59	623.00
	1665.69	0.00	5.58	624.00
	1665.70	0.00	5.58	627.00
	1665.71	0.00	5.57	626.00
	1665.73	0.00	5.57	628.00
	1665.74	0.00	5.57	627.00
	1665.75	0.00	5.57	628.00
	1665.76	0.00	5.58	627.00
	1665.77	0.00	5.58	623.00
	1665.78	0.00	5.57	626.00
	1665.80	0.00	5.57	625.00
	1665.81	0.00	5.56	623.00
	1665.82	0.00	5.57	625.00
	1665.83	0.00	5.58	626.00
	1665.84	0.00	5.57	625.00
	1665.85	0.00	5.58	626.00
	1665.86	0.00	5.58	624.00
	1665.88	0.00	5.59	622.00
	1665.89	0.00	5.59	622.00
	1665.90	0.00	5.59	620.00
	1665.91	0.00	5.59	620.00
	1665.92	0.00	5.58	619.00
	1665.93	0.00	5.59	619.00
	1665.95	0.00	5.58	618.00
	1665.96	0.00	5.58	619.00
	1665.97	0.00	5.58	618.00
	1665.98	0.00	5.58	617.00
	1665.99	0.00	5.59	617.00
	1666.00	0.00	5.59	618.00
	1666.02	0.00	5.60	616.00
	1666.03	0.00	5.60	616.00
	1666.04	0.00	5.60	613.00
	1666.05	0.00	5.60	613.00
	1666.06	0.00	5.60	611.00
	1666.07	0.00	5.60	612.00
	1666.08	0.00	5.60	610.00
	1666.10	0.00	5.61	607.00
	1666.11	0.00	5.61	608.00
	1666.12	0.00	5.60	609.00
	1666.13	0.00	5.61	610.00
	1666.14	0.00	5.61	610.00
	1666.15	0.00	5.61	610.00
	1666.17	0.00	5.61	611.00
	1666.18	0.00	5.58	611.00
	1666.19	0.00	5.61	613.00
	1666.20	0.00	5.61	614.00
	1666.21	0.00	5.60	614.00
	1666.22	0.00	5.61	615.00
	1666.23	0.00	5.61	615.00
	1666.25	0.00	5.59	618.00
	1666.26	0.00	5.60	618.00
	1666.27	0.00	5.60	619.00
	1666.28	0.00	5.60	620.00
	1666.29	0.00	5.59	623.00
	1666.30	0.00	5.59	622.00
	1666.31	0.00	5.59	627.00
	1666.33	0.00	5.59	630.00
	1666.34	0.00	5.60	629.00
	1666.35	0.00	5.59	628.00
	1666.36	0.00	5.58	629.00
	1666.37	0.00	5.60	629.00
	1666.38	0.00	5.59	629.00
	1666.40	0.00	5.61	629.00
	1666.41	0.00	5.59	629.00
	1666.42	0.00	5.57	627.00
	1666.43	0.00	5.60	630.00
	1666.44	0.00	5.61	629.00
	1666.45	0.00	5.61	630.00
	1666.46	0.00	5.60	630.00
	1666.48	0.00	5.61	630.00
	1666.49	0.00	5.61	630.00
	1666.50	0.00	5.61	630.00
	1666.51	0.00	5.61	630.00
	1666.52	0.00	5.59	627.00
	1666.53	0.00	5.60	626.00
	1666.55	0.00	5.59	627.00
	1666.56	0.00	5.60	626.00
	1666.57	0.00	5.60	626.00
	1666.58	0.00	5.59	625.00
	1666.59	0.00	5.59	625.00
	1666.60	0.00	5.59	624.00
	1666.61	0.00	5.59	622.00
	1666.63	0.00	5.59	621.00
	1666.64	0.00	5.60	619.00
	1666.65	0.00	5.60	620.00
	1666.66	0.00	5.61	616.00
	1666.67	0.00	5.59	619.00
	1666.68	0.00	5.60	617.00
	1666.70	0.00	5.58	621.00
	1666.71	0.00	5.58	623.00
	1666.72	0.00	5.59	622.00
	1666.73	0.00	5.58	622.00
	1666.74	0.00	5.59	622.00
	1666.75	0.00	5.57	621.00
	1666.76	0.00	5.58	621.00
	1666.78	0.00	5.57	620.00
	1666.79	0.00	5.57	622.00
	1666.80	0.00	5.57	621.00
	1666.81	0.00	5.56	623.00
	1666.82	0.00	5.57	622.00
	1666.83	0.00	5.57	623.00
	1666.84	0.00	5.57	625.00
	1666.86	0.00	5.57	625.00
	1666.87	0.00	5.55	625.00
	1666.88	0.00	5.53	626.00
	1666.89	0.00	5.52	626.00
	1666.90	0.00	5.52	626.00
	1666.92	0.00	5.52	626.00
	1666.93	0.00	5.54	624.00
	1666.94	0.00	5.52	626.00
	1666.95	0.00	5.52	626.00
	1666.96	0.00	5.53	626.00
	1666.97	0.00	5.52	625.00
	1666.98	0.00	5.53	625.00
	1667.00	0.00	5.54	623.00
	1667.01	0.00	5.54	622.00
	1667.02	0.00	5.54	621.00
	1667.03	0.00	5.53	620.00
	1667.04	0.00	5.53	619.00
	1667.05	0.00	5.53	617.00
	1667.06	0.00	5.53	617.00
	1667.08	0.00	5.53	615.00
	1667.09	0.00	5.53	618.00
	1667.10	0.00	5.53	618.00
	1667.11	0.00	5.54	616.00
	1667.12	0.00	5.54	618.00
	1667.13	0.00	5.54	619.00
	1667.15	0.00	5.53	618.00
	1667.16	0.00	5.54	618.00
	1667.17	0.00	5.53	618.00
	1667.18	0.00	5.54	618.00
	1667.19	0.00	5.54	618.00
	1667.20	0.00	5.53	617.00
	1667.21	0.00	5.55	619.00
	1667.23	0.00	5.54	620.00
	1667.24	0.00	5.54	618.00
	1667.25	0.00	5.54	618.00
	1667.26	0.00	5.54	619.00
	1667.27	0.00	5.54	618.00
	1667.28	0.00	5.55	618.00
	1667.30	0.00	5.54	618.00
	1667.31	0.00	5.54	618.00
	1667.32	0.00	5.54	617.00
	1667.33	0.00	5.54	617.00
	1667.34	0.00	5.52	617.00
	1667.35	0.00	5.53	619.00
	1667.36	0.00	5.52	617.00
	1667.38	0.00	5.54	616.00
	1667.39	0.00	5.53	617.00
	1667.40	0.00	5.52	616.00
	1667.41	0.00	5.52	618.00
	1667.42	0.00	5.52	617.00
	1667.43	0.00	5.52	617.00
	1667.44	0.00	5.51	616.00
	1667.46	0.00	5.50	616.00
	1667.47	0.00	5.47	612.00
	1667.48	0.00	5.42	608.00
	1667.49	0.00	5.42	608.00
	1667.50	0.00	5.42	608.00
	1667.51	0.00	5.47	608.00
	1667.53	0.00	5.42	607.00
	1667.54	0.00	5.46	610.00
	1667.55	0.00	5.47	611.00
	1667.56	0.00	5.44	608.00
	1667.57	0.00	5.41	606.00
	1667.58	0.00	5.42	605.00
	1667.59	0.00	5.42	603.00
	1667.61	0.00	5.42	603.00
	1667.62	0.00	5.43	599.00
	1667.63	0.00	5.45	592.00
	1667.64	0.00	5.44	597.00
	1667.65	0.00	5.42	599.00
	1667.66	0.00	5.46	592.00
	1667.68	0.00	5.47	583.00
	1667.69	0.00	5.48	583.00
	1667.70	0.00	5.48	583.00
	1667.71	0.00	5.47	581.00
	1667.72	0.00	5.49	581.00
	1667.73	0.00	5.47	580.00
	1667.74	0.00	5.48	581.00
	1667.76	0.00	5.48	581.00
	1667.77	0.00	5.49	581.00
	1667.78	0.00	5.50	580.00
	1667.79	0.00	5.48	581.00
	1667.80	0.00	5.48	580.00
	1667.81	0.00	5.49	580.00
	1667.82	0.00	5.50	578.00
	1667.84	0.00	5.49	580.00
	1667.85	0.00	5.49	579.00
	1667.86	0.00	5.48	580.00
	1667.87	0.00	5.48	580.00
	1667.88	0.00	5.49	580.00
	1667.90	0.00	5.49	580.00
	1667.91	0.00	5.49	581.00
	1667.92	0.00	5.49	580.00
	1667.93	0.00	5.49	580.00
	1667.94	0.00	5.50	582.00
	1667.95	0.00	5.49	582.00
	1667.96	0.00	5.49	582.00
	1667.97	0.00	5.49	582.00
	1667.99	0.00	5.49	583.00
	1668.00	0.00	5.49	583.00
	1668.01	0.00	5.49	584.00
	1668.02	0.00	5.49	585.00
	1668.03	0.00	5.49	584.00
	1668.04	0.00	5.49	584.00
	1668.06	0.00	5.48	583.00
	1668.07	0.00	5.48	583.00
	1668.08	0.00	5.49	582.00
	1668.09	0.00	5.49	581.00
	1668.10	0.00	5.48	583.00
	1668.11	0.00	5.48	585.00
	1668.13	0.00	5.48	585.00
	1668.14	0.00	5.47	583.00
	1668.15	0.00	5.47	584.00
	1668.16	0.00	5.48	585.00
	1668.17	0.00	5.47	583.00
	1668.18	0.00	5.46	584.00
	1668.19	0.00	5.48	584.00
	1668.20	0.00	5.48	585.00
	1668.22	0.00	5.55	590.00
	1668.23	0.00	5.58	589.00
	1668.24	0.00	5.56	590.00
	1668.25	0.00	5.58	590.00
	1668.26	0.00	5.58	590.00
	1668.28	0.00	5.58	589.00
	1668.29	0.00	5.58	589.00
	1668.30	0.00	5.58	589.00
	1668.31	0.00	5.58	590.00
	1668.32	0.00	5.58	589.00
	1668.33	0.00	5.58	589.00
	1668.34	0.00	5.58	589.00
	1668.36	0.00	5.58	590.00
	1668.37	0.00	5.57	593.00
	1668.38	0.00	5.56	598.00
	1668.39	0.00	5.57	593.00
	1668.40	0.00	5.57	593.00
	1668.41	0.00	5.56	605.00
	1668.42	0.00	5.55	606.00
	1668.44	0.00	5.55	606.00
	1668.45	0.00	5.55	604.00
	1668.46	0.00	5.55	606.00
	1668.47	0.00	5.55	607.00
	1668.48	0.00	5.55	607.00
	1668.49	0.00	5.55	607.00
	1668.51	0.00	5.54	608.00
	1668.52	0.00	5.55	608.00
	1668.53	0.00	5.54	609.00
	1668.54	0.00	5.55	608.00
	1668.55	0.00	5.56	609.00
	1668.56	0.00	5.60	611.00
	1668.57	0.00	5.58	612.00
	1668.59	0.00	5.59	611.00
	1668.60	0.00	5.59	612.00
	1668.61	0.00	5.58	612.00
	1668.62	0.00	5.59	614.00
	1668.63	0.00	5.59	613.00
	1668.64	0.00	5.58	616.00
	1668.66	0.00	5.57	621.00
	1668.67	0.00	5.58	620.00
	1668.68	0.00	5.58	619.00
	1668.69	0.00	5.58	622.00
	1668.70	0.00	5.58	620.00
	1668.71	0.00	5.57	621.00
	1668.72	0.00	5.58	620.00
	1668.74	0.00	5.59	619.00
	1668.75	0.00	5.60	619.00
	1668.76	0.00	5.61	619.00
	1668.77	0.00	5.64	620.00
	1668.78	0.00	5.64	621.00
	1668.79	0.00	5.65	623.00
	1668.81	0.00	5.64	623.00
	1668.82	0.00	5.65	621.00
	1668.83	0.00	5.64	623.00
	1668.84	0.00	5.64	622.00
	1668.85	0.00	5.64	622.00
	1668.86	0.00	5.64	621.00
	1668.87	0.00	5.63	622.00
	1668.89	0.00	5.64	625.00
	1668.90	0.00	5.63	625.00
	1668.91	0.00	5.63	625.00
	1668.92	0.00	5.63	625.00
	1668.93	0.00	5.64	625.00
	1668.94	0.00	5.64	625.00
	1668.95	0.00	5.63	623.00
	1668.97	0.00	5.63	625.00
	1668.98	0.00	5.61	624.00
	1668.99	0.00	5.62	627.00
	1669.00	0.00	5.61	624.00
	1669.01	0.00	5.61	625.00
	1669.02	0.00	5.62	627.00
	1669.04	0.00	5.61	626.00
	1669.05	0.00	5.62	626.00
	1669.06	0.00	5.63	625.00
	1669.07	0.00	5.62	623.00
	1669.08	0.00	5.63	623.00
	1669.09	0.00	5.62	624.00
	1669.10	0.00	5.63	622.00
	1669.11	0.00	5.62	627.00
	1669.13	0.00	5.62	627.00
	1669.14	0.00	5.62	627.00
	1669.15	0.00	5.61	626.00
	1669.16	0.00	5.62	627.00
	1669.17	0.00	5.62	627.00
	1669.18	0.00	5.62	627.00
	1669.20	0.00	5.62	627.00
	1669.21	0.00	5.62	627.00
	1669.22	0.00	5.63	628.00
	1669.23	0.00	5.61	627.00
	1669.24	0.00	5.61	626.00
	1669.25	0.00	5.61	625.00
	1669.27	0.00	5.58	624.00
	1669.28	0.00	5.59	622.00
	1669.29	0.00	5.60	622.00
	1669.30	0.00	5.61	621.00
	1669.31	0.00	5.61	621.00
	1669.32	0.00	5.60	623.00
	1669.33	0.00	5.61	624.00
	1669.35	0.00	5.60	624.00
	1669.36	0.00	5.60	624.00
	1669.37	0.00	5.61	625.00
	1669.38	0.00	5.59	624.00
	1669.39	0.00	5.60	623.00
	1669.40	0.00	5.61	623.00
	1669.41	0.00	5.55	623.00
	1669.43	0.00	5.60	623.00
	1669.44	0.00	5.54	622.00
	1669.45	0.00	5.56	622.00
	1669.46	0.00	5.55	622.00
	1669.47	0.00	5.53	622.00
	1669.48	0.00	5.53	622.00
	1669.50	0.00	5.51	622.00
	1669.51	0.00	5.55	623.00
	1669.52	0.00	5.54	622.00
	1669.53	0.00	5.54	620.00
	1669.54	0.00	5.54	620.00
	1669.55	0.00	5.54	622.00
	1669.56	0.00	5.54	620.00
	1669.58	0.00	5.54	620.00
	1669.59	0.00	5.54	622.00
	1669.60	0.00	5.55	623.00
	1669.61	0.00	5.53	624.00
	1669.62	0.00	5.55	625.00
	1669.63	0.00	5.56	623.00
	1669.65	0.00	5.55	625.00
	1669.66	0.00	5.56	624.00
	1669.67	0.00	5.55	628.00
	1669.68	0.00	5.55	628.00
	1669.69	0.00	5.54	629.00
	1669.70	0.00	5.55	628.00
	1669.71	0.00	5.55	628.00
	1669.73	0.00	5.55	629.00
	1669.74	0.00	5.53	627.00
	1669.75	0.00	5.54	628.00
	1669.76	0.00	5.54	628.00
	1669.77	0.00	5.53	627.00
	1669.78	0.00	5.52	628.00
	1669.79	0.00	5.51	627.00
	1669.81	0.00	5.52	628.00
	1669.82	0.00	5.51	627.00
	1669.83	0.00	5.50	625.00
	1669.84	0.00	5.48	624.00
	1669.85	0.00	5.48	623.00
	1669.86	0.00	5.42	620.00
	1669.88	0.00	5.43	621.00
	1669.89	0.00	5.42	621.00
	1669.90	0.00	5.42	621.00
	1669.91	0.00	5.43	619.00
	1669.92	0.00	5.42	623.00
	1669.93	0.00	5.43	622.00
	1669.94	0.00	5.43	621.00
	1669.96	0.00	5.43	619.00
	1669.97	0.00	5.43	614.00
	1669.98	0.00	5.42	618.00
	1669.99	0.00	5.43	612.00
	1670.00	0.00	5.47	604.00
	1670.01	0.00	5.46	601.00
	1670.03	0.00	5.45	602.00
	1670.04	0.00	5.46	602.00
	1670.05	0.00	5.48	604.00
	1670.06	0.00	5.48	604.00
	1670.07	0.00	5.48	603.00
	1670.08	0.00	5.46	604.00
	1670.09	0.00	5.46	604.00
	1670.11	0.00	5.48	604.00
	1670.12	0.00	5.46	605.00
	1670.13	0.00	5.46	605.00
	1670.14	0.00	5.46	605.00
	1670.15	0.00	5.46	605.00
	1670.16	0.00	5.46	604.00
	1670.17	0.00	5.46	605.00
	1670.19	0.00	5.46	605.00
	1670.20	0.00	5.46	607.00
	1670.21	0.00	5.47	608.00
	1670.22	0.00	5.46	607.00
	1670.23	0.00	5.44	607.00
	1670.24	0.00	5.44	607.00
	1670.26	0.00	5.45	607.00
	1670.27	0.00	5.45	608.00
	1670.28	0.00	5.44	608.00
	1670.29	0.00	5.44	607.00
	1670.30	0.00	5.44	606.00
	1670.31	0.00	5.45	606.00
	1670.32	0.00	5.45	607.00
	1670.33	0.00	5.45	610.00
	1670.35	0.00	5.45	610.00
	1670.36	0.00	5.45	610.00
	1670.37	0.00	5.44	608.00
	1670.38	0.00	5.44	609.00
	1670.39	0.00	5.44	607.00
	1670.41	0.00	5.49	610.00
	1670.42	0.00	5.54	613.00
	1670.43	0.00	5.56	612.00
	1670.44	0.00	5.56	612.00
	1670.45	0.00	5.57	610.00
	1670.46	0.00	5.56	610.00
	1670.47	0.00	5.56	611.00
	1670.48	0.00	5.56	613.00
	1670.50	0.00	5.56	612.00
	1670.51	0.00	5.49	612.00
	1670.52	0.00	5.48	612.00
	1670.53	0.00	5.55	615.00
	1670.54	0.00	5.52	630.00
	1670.55	0.00	5.50	630.00
	1670.56	0.00	5.49	632.00
	1670.58	0.00	5.49	631.00
	1670.59	0.00	5.51	632.00
	1670.60	0.00	5.51	633.00
	1670.61	0.00	5.51	632.00
	1670.62	0.00	5.52	629.00
	1670.63	0.00	5.51	630.00
	1670.65	0.00	5.54	632.00
	1670.66	0.00	5.53	630.00
	1670.67	0.00	5.53	630.00
	1670.68	0.00	5.57	633.00
	1670.69	0.00	5.56	633.00
	1670.70	0.00	5.56	634.00
	1670.71	0.00	5.56	634.00
	1670.73	0.00	5.56	634.00
	1670.74	0.00	5.56	634.00
	1670.75	0.00	5.56	635.00
	1670.76	0.00	5.56	637.00
	1670.77	0.00	5.55	637.00
	1670.78	0.00	5.55	642.00
	1670.80	0.00	5.56	639.00
	1670.81	0.00	5.54	646.00
	1670.82	0.00	5.55	642.00
	1670.83	0.00	5.56	643.00
	1670.84	0.00	5.55	644.00
	1670.85	0.00	5.56	643.00
	1670.86	0.00	5.56	644.00
	1670.88	0.00	5.56	644.00
	1670.89	0.00	5.56	645.00
	1670.90	0.00	5.59	645.00
	1670.91	0.00	5.60	646.00
	1670.92	0.00	5.61	644.00
	1670.93	0.00	5.60	645.00
	1670.94	0.00	5.60	645.00
	1670.96	0.00	5.61	646.00
	1670.97	0.00	5.60	646.00
	1670.98	0.00	5.60	646.00
	1670.99	0.00	5.59	648.00
	1671.00	0.00	5.60	650.00
	1671.01	0.00	5.59	651.00
	1671.03	0.00	5.61	651.00
	1671.04	0.00	5.60	651.00
	1671.05	0.00	5.60	652.00
	1671.06	0.00	5.59	652.00
	1671.07	0.00	5.60	651.00
	1671.08	0.00	5.57	654.00
	1671.09	0.00	5.58	653.00
	1671.11	0.00	5.60	652.00
	1671.12	0.00	5.58	654.00
	1671.13	0.00	5.58	653.00
	1671.14	0.00	5.59	654.00
	1671.15	0.00	5.58	657.00
	1671.16	0.00	5.58	659.00
	1671.18	0.00	5.58	659.00
	1671.19	0.00	5.57	661.00
	1671.20	0.00	5.57	660.00
	1671.21	0.00	5.57	661.00
	1671.22	0.00	5.57	661.00
	1671.23	0.00	5.57	661.00
	1671.24	0.00	5.58	663.00
	1671.26	0.00	5.58	661.00
	1671.27	0.00	5.58	663.00
	1671.28	0.00	5.58	664.00
	1671.29	0.00	5.56	665.00
	1671.30	0.00	5.57	664.00
	1671.31	0.00	5.56	666.00
	1671.32	0.00	5.56	667.00
	1671.33	0.00	5.56	668.00
	1671.35	0.00	5.57	667.00
	1671.36	0.00	5.57	667.00
	1671.37	0.00	5.56	669.00
	1671.38	0.00	5.56	669.00
	1671.39	0.00	5.56	671.00
	1671.41	0.00	5.55	670.00
	1671.42	0.00	5.55	672.00
	1671.43	0.00	5.55	672.00
	1671.44	0.00	5.54	678.00
	1671.45	0.00	5.55	680.00
	1671.46	0.00	5.53	683.00
	1671.47	0.00	5.52	684.00
	1671.48	0.00	5.54	683.00
	1671.50	0.00	5.50	684.00
	1671.51	0.00	5.49	685.00
	1671.52	0.00	5.49	685.00
	1671.53	0.00	5.49	686.00
	1671.54	0.00	5.48	683.00
	1671.56	0.00	5.49	685.00
	1671.57	0.00	5.49	685.00
	1671.58	0.00	5.49	686.00
	1671.59	0.00	5.49	686.00
	1671.60	0.00	5.49	685.00
	1671.61	0.00	5.49	685.00
	1671.62	0.00	5.50	684.00
	1671.64	0.00	5.49	688.00
	1671.65	0.00	5.49	688.00
	1671.66	0.00	5.47	687.00
	1671.67	0.00	5.49	689.00
	1671.68	0.00	5.49	689.00
	1671.69	0.00	5.51	689.00
	1671.70	0.00	5.50	689.00
	1671.71	0.00	5.49	688.00
	1671.73	0.00	5.48	692.00
	1671.74	0.00	5.48	692.00
	1671.75	0.00	5.48	693.00
	1671.76	0.00	5.48	693.00
	1671.77	0.00	5.49	692.00
	1671.79	0.00	5.49	692.00
	1671.80	0.00	5.48	692.00
	1671.81	0.00	5.49	692.00
	1671.82	0.00	5.49	692.00
	1671.83	0.00	5.48	694.00
	1671.84	0.00	5.47	691.00
	1671.85	0.00	5.46	693.00
	1671.86	0.00	5.45	692.00
	1671.88	0.00	5.46	691.00
	1671.89	0.00	5.46	690.00
	1671.90	0.00	5.46	691.00
	1671.91	0.00	5.45	688.00
	1671.92	0.00	5.44	687.00
	1671.93	0.00	5.39	683.00
	1671.95	0.00	5.38	681.00
	1671.96	0.00	5.38	680.00
	1671.97	0.00	5.37	678.00
	1671.98	0.00	5.38	673.00
	1671.99	0.00	5.39	666.00
	1672.00	0.00	5.43	655.00
	1672.01	0.00	5.41	655.00
	1672.03	0.00	5.42	654.00
	1672.04	0.00	5.41	655.00
	1672.05	0.00	5.42	655.00
	1672.06	0.00	5.43	655.00
	1672.07	0.00	5.42	654.00
	1672.08	0.00	5.90	704.00
	1672.09	0.00	5.91	706.00
	1672.10	0.00	5.92	707.00
	1672.12	0.00	5.92	707.00
	1672.13	0.00	5.92	707.00
	1672.14	0.00	5.92	707.00
	1672.15	0.00	5.92	706.00
	1672.16	0.00	5.92	704.00
	1672.18	0.00	5.42	653.00
	1672.19	0.00	5.42	654.00
	1672.20	0.00	5.90	704.00
	1672.21	0.00	5.91	703.00
	1672.22	0.00	5.42	654.00
	1672.23	0.00	5.91	704.00
	1672.25	0.00	5.92	705.00
	1672.26	0.00	5.90	703.00
	1672.27	0.00	5.92	706.00
	1672.28	0.00	5.42	655.00
	1672.29	0.00	5.43	653.00
	1672.30	0.00	5.43	656.00
	1672.31	0.00	5.42	655.00
	1672.33	0.00	5.42	655.00
	1672.34	0.00	5.42	656.00
	1672.35	0.00	5.41	654.00
	1672.36	0.00	5.42	656.00
	1672.37	0.00	5.42	656.00
	1672.38	0.00	5.43	656.00
	1672.39	0.00	5.43	654.00
	1672.41	0.00	5.42	656.00
	1672.42	0.00	5.42	655.00
	1672.43	0.00	5.42	655.00
	1672.44	0.00	5.42	654.00
	1672.45	0.00	5.42	653.00
	1672.46	0.00	5.42	654.00
	1672.47	0.00	5.42	654.00
	1672.49	0.00	5.42	654.00
	1672.50	0.00	5.43	656.00
	1672.51	0.00	5.43	657.00
	1672.52	0.00	5.39	655.00
	1672.53	0.00	5.43	655.00
	1672.55	0.00	5.43	654.00
	1672.56	0.00	5.43	654.00
	1672.57	0.00	5.43	655.00
	1672.58	0.00	5.43	656.00
	1672.59	0.00	5.44	655.00
	1672.60	0.00	5.44	655.00
	1672.61	0.00	5.42	652.00
	1672.63	0.00	5.43	652.00
	1672.64	0.00	5.42	652.00
	1672.65	0.00	5.42	653.00
	1672.66	0.00	5.42	652.00
	1672.67	0.00	5.44	652.00
	1672.68	0.00	5.50	656.00
	1672.69	0.00	5.52	658.00
	1672.71	0.00	5.53	657.00
	1672.72	0.00	5.53	659.00
	1672.73	0.00	5.53	658.00
	1672.74	0.00	5.52	658.00
	1672.75	0.00	5.54	655.00
	1672.76	0.00	5.54	649.00
	1672.77	0.00	5.53	648.00
	1672.79	0.00	5.52	655.00
	1672.80	0.00	5.51	654.00
	1672.81	0.00	5.52	649.00
	1672.82	0.00	5.52	648.00
	1672.83	0.00	5.52	648.00
	1672.84	0.00	5.52	646.00
	1672.85	0.00	5.51	649.00
	1672.87	0.00	5.51	651.00
	1672.88	0.00	5.51	654.00
	1672.89	0.00	5.51	656.00
	1672.90	0.00	5.51	662.00
	1672.91	0.00	5.56	670.00
	1672.92	0.00	5.51	670.00
	1672.94	0.00	5.51	671.00
	1672.95	0.00	5.55	675.00
	1672.96	0.00	5.53	676.00
	1672.97	0.00	5.54	675.00
	1672.98	0.00	5.53	675.00
	1672.99	0.00	5.53	676.00
	1673.01	0.00	5.53	680.00
	1673.02	0.00	5.51	686.00
	1673.03	0.00	5.51	684.00
	1673.04	0.00	5.51	685.00
	1673.05	0.00	5.52	680.00
	1673.06	0.00	5.51	687.00
	1673.07	0.00	5.52	685.00
	1673.08	0.00	5.52	687.00
	1673.10	0.00	5.52	689.00
	1673.11	0.00	5.52	692.00
	1673.12	0.00	5.52	698.00
	1673.13	0.00	5.52	700.00
	1673.14	0.00	5.51	704.00
	1673.15	0.00	5.51	706.00
	1673.17	0.00	5.52	705.00
	1673.18	0.00	5.54	708.00
	1673.19	0.00	5.53	708.00
	1673.20	0.00	5.53	709.00
	1673.21	0.00	5.51	710.00
	1673.22	0.00	5.51	712.00
	1673.23	0.00	5.51	713.00
	1673.25	0.00	5.49	714.00
	1673.26	0.00	5.48	715.00
	1673.27	0.00	5.48	718.00
	1673.28	0.00	5.47	722.00
	1673.29	0.00	5.46	724.00
	1673.30	0.00	5.46	726.00
	1673.31	0.00	5.46	730.00
	1673.33	0.00	5.45	731.00
	1673.34	0.00	5.46	734.00
	1673.35	0.00	5.45	738.00
	1673.36	0.00	5.45	741.00
	1673.37	0.00	5.44	745.00
	1673.38	0.00	5.43	748.00
	1673.40	0.00	5.40	751.00
	1673.41	0.00	5.41	755.00
	1673.42	0.00	5.41	759.00
	1673.43	0.00	5.41	764.00
	1673.44	0.00	5.39	762.00
	1673.45	0.00	5.40	766.00
	1673.46	0.00	5.40	769.00
	1673.48	0.00	5.39	768.00
	1673.49	0.00	5.40	770.00
	1673.50	0.00	5.40	772.00
	1673.51	0.00	5.39	776.00
	1673.52	0.00	5.39	780.00
	1673.53	0.00	5.38	782.00
	1673.55	0.00	5.38	789.00
	1673.56	0.00	5.36	789.00
	1673.57	0.00	5.38	789.00
	1673.58	0.00	5.38	782.00
	1673.59	0.00	5.35	777.00
	1673.60	0.00	5.35	773.00
	1673.61	0.00	5.38	774.00
	1673.63	0.00	5.38	776.00
	1673.64	0.00	5.37	778.00
	1673.65	0.00	5.36	784.00
	1673.66	0.00	5.35	786.00
	1673.67	0.00	5.35	788.00
	1673.68	0.00	5.36	789.00
	1673.69	0.00	5.36	789.00
	1673.71	0.00	5.37	789.00
	1673.72	0.00	5.36	789.00
	1673.73	0.00	5.37	789.00
	1673.74	0.00	5.38	788.00
	1673.75	0.00	5.37	791.00
	1673.76	0.00	5.37	795.00
	1673.78	0.00	5.37	794.00
	1673.79	0.00	5.37	792.00
	1673.80	0.00	5.37	795.00
	1673.81	0.00	5.38	794.00
	1673.82	0.00	5.39	794.00
	1673.83	0.00	5.37	796.00
	1673.84	0.00	5.39	798.00
	1673.86	0.00	5.40	802.00
	1673.87	0.00	5.40	803.00
	1673.88	0.00	5.37	803.00
	1673.89	0.00	5.36	801.00
	1673.90	0.00	5.37	800.00
	1673.91	0.00	5.38	799.00
	1673.93	0.00	5.37	796.00
	1673.94	0.00	5.37	796.00
	1673.95	0.00	5.31	793.00
	1673.96	0.00	5.37	796.00
	1673.97	0.00	5.38	798.00
	1673.98	0.00	5.36	797.00
	1673.99	0.00	5.36	800.00
	1674.01	0.00	5.37	804.00
	1674.02	0.00	5.35	808.00
	1674.03	0.00	5.35	812.00
	1674.04	0.00	5.34	816.00
	1674.05	0.00	5.35	817.00
	1674.06	0.00	5.34	814.00
	1674.07	0.00	5.34	811.00
	1674.09	0.00	5.34	807.00
	1674.10	0.00	5.35	808.00
	1674.11	0.00	5.36	808.00
	1674.12	0.00	5.35	812.00
	1674.13	0.00	5.34	810.00
	1674.14	0.00	5.34	809.00
	1674.16	0.00	5.35	807.00
	1674.17	0.00	5.34	803.00
	1674.18	0.00	5.33	799.00
	1674.19	0.00	5.33	793.00
	1674.20	0.00	5.28	786.00
	1674.21	0.00	5.30	784.00
	1674.22	0.00	5.30	782.00
	1674.23	0.00	5.30	778.00
	1674.25	0.00	5.32	772.00
	1674.26	0.00	5.34	758.00
	1674.27	0.00	5.35	754.00
	1674.28	0.00	5.36	752.00
	1674.29	0.00	5.36	746.00
	1674.30	0.00	5.84	791.00
	1674.31	0.00	5.85	790.00
	1674.33	0.00	5.86	789.00
	1674.34	0.00	5.89	792.00
	1674.35	0.00	5.88	796.00
	1674.36	0.00	5.36	739.00
	1674.37	0.00	5.36	741.00
	1674.38	0.00	5.36	744.00
	1674.40	0.00	5.37	744.00
	1674.41	0.00	5.38	743.00
	1674.42	0.00	5.37	743.00
	1674.43	0.00	5.38	743.00
	1674.44	0.00	5.38	742.00
	1674.45	0.00	5.38	741.00
	1674.46	0.00	5.38	745.00
	1674.48	0.00	5.37	744.00
	1674.49	0.00	5.38	747.00
	1674.50	0.00	5.37	750.00
	1674.51	0.00	5.37	753.00
	1674.52	0.00	5.39	755.00
	1674.53	0.00	5.43	763.00
	1674.55	0.00	5.44	764.00
	1674.56	0.00	5.44	766.00
	1674.57	0.00	5.43	770.00
	1674.58	0.00	5.42	777.00
	1674.59	0.00	5.41	782.00
	16.99	0.00	5.33	869.00
	1675.00	0.00	5.31	868.00
	1675.02	0.00	5.32	868.00
	1675.03	0.00	5.30	863.00
	1675.04	0.00	5.31	862.00
	1675.05	0.00	5.32	857.00
	1675.06	0.00	5.31	863.00
	1675.07	0.00	5.31	861.00
	1675.08	0.00	5.31	858.00
	1675.10	0.00	5.31	859.00
	1675.11	0.00	5.32	858.00
	1675.12	0.00	5.31	858.00
	1675.13	0.00	5.31	857.00
	1675.14	0.00	5.31	855.00
	1675.15	0.00	5.33	852.00
	1675.16	0.00	5.31	853.00
	1675.18	0.00	5.31	853.00
	1675.40.00
	1675.29	0.00	5.31	837.00
	1675.30	0.00	5.32	835.00
	1675.31	0.00	5.31	831.00
	1675.32	0.00	5.31	831.00
	1675.34	0.00	5.28	830.00
	1675.35	0.00	5.28	830.00
	1675.36	0.00	5.29	828.00
	1675.37	0.00	5.30	824.00
	1675.38	0.00	5.29	822.00
	1675.39	0.00	5.29	818.00
	1675.41	0.00	5.31	815.00
	1675.42	0.00	5.29	815.00
	1675.43	0.00	5.29	816.00
	1675.44	0.00	5.31	816.00
	1675.45	0.00	5.30	814.00
	1675.46	0.00	5.30	817.00
	1675.47	0.00	5.31	819.00
	1675.49	0.00	5.31	817.00
	1675.50	0.00	6.65	901.00
	1675.51	0.00	6.74	909.00
	1675.52	0.00	6.80	913.00
	1675.53	0.00	6.83	911.00
	1675.54	0.00	6.87	914.00
	1675.56	0.00	6.88	912.00
	1675.57	0.00	6.90	912.00
	1675.58	0.00	6.91	913.00
	1675.59	0.00	6.92	909.00
	1675.60	0.00	6.93	911.00
	1675.61	0.00	6.92	906.00
	1675.63	0.00	6.93	908.00
	1675.64	0.00	6.94	906.00
	1675.65	0.00	6.94	905.00
	1675.66	0.00	6.95	902.00
	1675.67	0.00	6.95	903.00
	1675.68	0.00	6.94	899.00
	1675.69	0.00	6.94	899.00
	1675.71	0.00	6.96	893.00
	1675.72	0.00	6.96	891.00
	1675.73	0.00	6.93	890.00
	1675.74	0.00	6.96	885.00
	1675.75	0.00	6.96	879.00
	1675.76	0.00	6.86	869.00
	1675.78	0.00	6.96	872.00
	1675.79	0.00	6.96	865.00
	1675.80	0.00	6.95	862.00
	1675.81	0.00	6.95	857.00
	1675.82	0.00	6.97	851.00
	1675.83	0.00	7.14	859.00
	1675.84	0.00	6.81	836.00
	1675.86	0.00	5.37	745.00
	1675.87	0.00	5.38	741.00
	1675.88	0.00	5.40	737.00
	1675.89	0.00	5.41	734.00
	1675.90	0.00	5.41	726.00
	1675.92	0.00	5.41	723.00
	1675.93	0.00	5.42	722.00
	1675.94	0.00	5.41	721.00
	1675.95	0.00	5.41	722.00
	1675.96	0.00	5.42	721.00
	1675.97	0.00	5.42	720.00
	1675.98	0.00	5.43	720.00
	1676.00	0.00	5.43	716.00
	1676.01	0.00	5.44	718.00
	1676.02	0.00	5.43	715.00
	1676.03	0.00	5.44	713.00
	1676.04	0.00	5.44	707.00
	1676.05	0.00	5.45	705.00
	1676.06	0.00	5.45	701.00
	1676.08	0.00	5.46	697.00
	1676.09	0.00	5.46	696.00
	1676.10	0.00	5.46	693.00
	1676.11	0.00	5.46	691.00
	1676.12	0.00	5.46	691.00
	1676.13	0.00	5.46	688.00
	1676.15	0.00	5.46	684.00
	1676.16	0.00	5.48	683.00
	1676.17	0.00	5.47	681.00
	1676.18	0.00	5.47	678.00
	1676.19	0.00	5.47	678.00
	1676.20	0.00	5.46	674.00
	1676.21	0.00	5.46	670.00
	1676.22	0.00	5.47	664.00
	1676.24	0.00	5.47	657.00
	1676.25	0.00	5.47	654.00
	1676.26	0.00	5.48	649.00
	1676.27	0.00	5.47	646.00
	1676.28	0.00	5.47	644.00
	1676.30	0.00	5.41	638.00
	1676.31	0.00	5.40	635.00
	1676.32	0.00	5.40	636.00
	1676.33	0.00	5.40	634.00
	1676.34	0.00	5.41	636.00
	1676.35	0.00	5.40	633.00
	1676.36	0.00	5.40	631.00
	1676.38	0.00	5.43	624.00
	1676.39	0.00	5.45	613.00
	1676.40	0.00	5.45	613.00
	1676.41	0.00	5.46	614.00
	1676.42	0.00	5.46	613.00
	1676.43	0.00	5.46	611.00
	1676.44	0.00	5.45	610.00
	1676.45	0.00	5.46	607.00
	1676.47	0.00	5.46	608.00
	1676.48	0.00	5.95	656.00
	1676.49	0.00	5.96	657.00
	1676.50	0.00	5.97	657.00
	1676.51	0.00	5.98	657.00
	1676.52	0.00	5.99	657.00
	1676.54	0.00	6.00	658.00
	1676.55	0.00	5.97	655.00
	1676.56	0.00	5.97	652.00
	1676.57	0.00	5.99	654.00
	1676.58	0.00	5.96	652.00
	1676.59	0.00	5.46	603.00
	1676.60	0.00	5.46	603.00
	1676.62	0.00	5.47	603.00
	1676.63	0.00	5.46	606.00
	1676.64	0.00	5.47	607.00
	1676.65	0.00	5.46	606.00
	1676.66	0.00	5.47	606.00
	1676.68	0.00	5.48	607.00
	1676.69	0.00	5.45	605.00
	1676.70	0.00	5.47	603.00
	1676.71	0.00	5.48	601.00
	1676.72	0.00	5.49	599.00
	1676.73	0.00	5.51	601.00
	1676.74	0.00	5.51	596.00
	1676.75	0.00	5.51	597.00
	1676.77	0.00	5.51	593.00
	1676.78	0.00	5.51	594.00
	1676.79	0.00	5.53	592.00
	1676.80	0.00	5.62	598.00
	1676.81	0.00	5.63	596.00
	1676.82	0.00	5.63	595.00
	1676.83	0.00	5.63	595.00
	1676.85	0.00	5.62	597.00
	1676.86	0.00	5.60	610.00
	1676.87	0.00	5.60	609.00
	1676.88	0.00	5.60	607.00
	1676.89	0.00	5.62	605.00
	1676.90	0.00	5.60	602.00
	1676.92	0.00	5.60	601.00
	1676.93	0.00	5.62	600.00
	1676.94	0.00	5.63	599.00
	1676.95	0.00	5.66	602.00
	1676.96	0.00	5.66	602.00
	1676.97	0.00	5.67	603.00
	1676.98	0.00	5.65	602.00
	1677.00	0.00	5.65	605.00
	1677.01	0.00	5.65	608.00
	1677.02	0.00	5.66	608.00
	1677.03	0.00	5.66	607.00
	1677.04	0.00	5.66	608.00
	1