39	1651.58
	3156.92	0.00	11.38	1641.55
	3156.93	0.00	11.39	1649.56
	3156.95	0.00	11.41	1660.59
	3156.96	0.00	11.45	1660.59
	3156.97	0.00	11.44	1663.60
	3156.98	0.00	11.44	1668.62
	3157.00	0.00	11.50	1679.57
	3157.01	0.00	11.50	1686.58
	3157.02	0.00	11.51	1686.58
	3157.03	0.00	11.51	1686.59
	3157.04	0.00	11.49	1688.59
	3157.05	0.00	11.49	1692.59
	3157.06	0.00	11.48	1688.57
	3157.08	0.00	11.49	1694.60
	3157.09	0.00	11.48	1695.60
	3157.10	0.00	11.48	1692.61
	3157.11	0.00	11.48	1696.61
	3157.12	0.00	11.48	1697.61
	3157.14	0.00	11.47	1691.58
	3157.15	0.00	11.47	1691.57
	3157.16	0.00	11.48	1695.58
	3157.17	0.00	11.48	1693.57
	3157.18	0.00	11.49	1694.56
	3157.19	0.00	11.48	1696.57
	3157.21	0.00	11.47	1694.58
	3157.22	0.00	11.45	1686.56
	3157.23	0.00	11.45	1687.56
	3157.24	0.00	11.46	1689.56
	3157.25	0.00	11.45	1690.57
	3157.27	0.00	11.46	1687.56
	3157.28	0.00	11.45	1685.56
	3157.29	0.00	11.45	1688.58
	3157.30	0.00	11.44	1681.56
	3157.31	0.00	11.45	1684.56
	3157.32	0.00	11.45	1686.57
	3157.34	0.00	11.44	1685.59
	3157.35	0.00	11.45	1685.57
	3157.36	0.00	11.46	1688.56
	3157.37	0.00	11.44	1684.58
	3157.38	0.00	11.41	1684.63
	3157.39	0.00	11.43	1685.62
	3157.41	0.00	11.42	1685.62
	3157.42	0.00	11.42	1685.63
	3157.43	0.00	11.40	1685.65
	3157.44	0.00	11.44	1686.58
	3157.45	0.00	11.42	1686.61
	3157.47	0.00	11.42	1689.62
	3157.48	0.00	11.40	1684.64
	3157.49	0.00	11.43	1686.62
	3157.50	0.00	11.41	1686.63
	3157.51	0.00	11.41	1689.63
	3157.52	0.00	11.57	1690.24
	3157.54	0.00	11.57	1693.26
	3157.55	0.00	11.54	1682.28
	3157.56	0.00	11.53	1684.29
	3157.57	0.00	11.52	1685.32
	3157.58	0.00	11.42	1667.43
	3157.60	0.00	11.41	1667.47
	3157.61	0.00	11.40	1668.50
	3157.62	0.00	11.40	1665.53
	3157.63	0.00	11.40	1666.57
	3157.64	0.00	11.41	1668.57
	3157.65	0.00	11.32	1640.56
	3157.67	0.00	11.35	1655.60
	3157.68	0.00	11.37	1659.59
	3157.69	0.00	11.37	1660.59
	3157.70	0.00	11.40	1658.60
	3157.71	0.00	11.39	1661.62
	3157.73	0.00	11.38	1660.59
	3157.74	0.00	11.43	1674.57
	3157.75	0.00	11.45	1679.58
	3157.76	0.00	11.45	1679.60
	3157.77	0.00	11.44	1683.59
	3157.78	0.00	11.44	1682.59
	3157.80	0.00	11.44	1685.59
	3157.81	0.00	11.42	1683.59
	3157.82	0.00	11.42	1685.60
	3157.83	0.00	11.43	1689.61
	3157.84	0.00	11.43	1687.61
	3157.86	0.00	11.43	1688.60
	3157.87	0.00	11.42	1688.62
	3157.88	0.00	11.43	1686.57
	3157.89	0.00	11.44	1689.57
	3157.90	0.00	11.44	1689.56
	3157.91	0.00	11.43	1688.57
	3157.93	0.00	11.44	1691.57
	3157.94	0.00	11.45	1691.57
	3157.95	0.00	11.43	1690.57
	3157.96	0.00	11.41	1683.56
	3157.97	0.00	11.41	1685.57
	3157.98	0.00	11.42	1687.56
	3158.00	0.00	11.42	1687.56
	3158.01	0.00	11.42	1690.57
	3158.02	0.00	11.41	1686.57
	3158.03	0.00	11.41	1686.57
	3158.04	0.00	11.40	1685.57
	3158.05	0.00	11.41	1686.56
	3158.07	0.00	11.42	1689.57
	3158.08	0.00	11.41	1688.57
	3158.09	0.00	11.42	1687.57
	3158.10	0.00	11.42	1688.56
	3158.11	0.00	11.42	1688.56
	3158.13	0.00	11.42	1687.56
	3158.14	0.00	11.40	1686.60
	3158.15	0.00	11.39	1684.61
	3158.16	0.00	11.38	1683.61
	3158.17	0.00	11.38	1681.61
	3158.18	0.00	11.38	1680.62
	3158.20	0.00	11.37	1680.62
	3158.21	0.00	11.39	1679.57
	3158.22	0.00	11.38	1681.59
	3158.23	0.00	11.38	1677.60
	3158.25	0.00	11.37	1678.61
	3158.26	0.00	11.36	1676.60
	3158.27	0.00	11.37	1676.61
	3158.28	0.00	11.51	1674.22
	3158.29	0.00	11.52	1676.21
	3158.30	0.00	11.52	1679.24
	3158.32	0.00	11.50	1669.26
	3158.33	0.00	11.50	1668.27
	3158.34	0.00	11.49	1669.27
	3158.35	0.00	11.46	1658.26
	3158.36	0.00	11.40	1654.37
	3158.37	0.00	11.36	1652.49
	3158.39	0.00	11.37	1648.53
	3158.40	0.00	11.37	1651.54
	3158.41	0.00	11.38	1656.55
	3158.42	0.00	11.29	1629.55
	3158.43	0.00	11.33	1643.56
	3158.44	0.00	11.33	1645.57
	3158.46	0.00	11.34	1646.57
	3158.47	0.00	11.37	1647.58
	3158.48	0.00	11.37	1650.58
	3158.49	0.00	11.37	1648.53
	3158.50	0.00	11.42	1665.54
	3158.52	0.00	11.43	1669.56
	3158.53	0.00	11.42	1669.56
	3158.54	0.00	11.42	1671.56
	3158.55	0.00	11.42	1672.56
	3158.56	0.00	11.42	1673.56
	3158.57	0.00	11.41	1672.55
	3158.59	0.00	11.42	1675.57
	3158.60	0.00	11.42	1675.57
	3158.61	0.00	11.41	1674.57
	3158.62	0.00	11.41	1675.57
	3158.63	0.00	11.42	1673.57
	3158.64	0.00	11.42	1673.57
	3158.66	0.00	11.42	1667.53
	3158.67	0.00	11.44	1673.52
	3158.68	0.00	11.43	1671.52
	3158.69	0.00	11.43	1672.52
	3158.70	0.00	11.45	1673.49
	3158.72	0.00	11.43	1675.52
	3158.73	0.00	11.40	1666.53
	3158.74	0.00	11.38	1663.52
	3158.75	0.00	11.38	1664.53
	3158.76	0.00	11.37	1661.53
	3158.77	0.00	11.38	1662.53
	3158.79	0.00	11.38	1659.53
	3158.80	0.00	11.37	1658.54
	3158.81	0.00	11.36	1654.53
	3158.82	0.00	11.36	1657.53
	3158.83	0.00	11.37	1659.53
	3158.85	0.00	11.36	1657.53
	3158.86	0.00	11.36	1657.54
	3158.87	0.00	11.37	1658.54
	3158.88	0.00	11.37	1659.54
	3158.89	0.00	11.38	1659.52
	3158.90	0.00	11.37	1661.54
	3158.92	0.00	11.36	1660.58
	3158.93	0.00	11.36	1661.58
	3158.94	0.00	11.35	1659.58
	3158.95	0.00	11.35	1659.59
	3158.96	0.00	11.35	1660.59
	3158.98	0.00	11.35	1660.60
	3158.99	0.00	11.35	1659.61
	3159.00	0.00	11.35	1649.54
	3159.01	0.00	11.37	1659.56
	3159.02	0.00	11.37	1661.56
	3159.03	0.00	11.37	1659.56
	3159.05	0.00	11.38	1664.57
	3159.06	0.00	11.37	1661.58
	3159.07	0.00	11.37	1661.58
	3159.08	0.00	11.36	1661.60
	3159.09	0.00	11.35	1656.59
	3159.10	0.00	11.47	1661.31
	3159.12	0.00	11.51	1661.22
	3159.13	0.00	11.53	1661.18
	3159.14	0.00	11.54	1664.20
	3159.15	0.00	11.52	1654.22
	3159.16	0.00	11.51	1650.23
	3159.18	0.00	11.51	1651.23
	3159.19	0.00	11.48	1640.24
	3159.20	0.00	11.41	1632.33
	3159.21	0.00	11.38	1631.46
	3159.22	0.00	11.38	1627.49
	3159.23	0.00	11.38	1623.51
	3159.25	0.00	11.39	1625.51
	3159.26	0.00	11.40	1626.51
	3159.27	0.00	11.40	1627.52
	3159.28	0.00	11.32	1597.51
	3159.29	0.00	11.35	1611.53
	3159.31	0.00	11.37	1618.54
	3159.32	0.00	11.35	1618.55
	3159.33	0.00	11.38	1617.55
	3159.34	0.00	11.38	1623.56
	3159.35	0.00	11.38	1624.56
	3159.36	0.00	11.36	1619.54
	3159.38	0.00	11.41	1637.53
	3159.39	0.00	11.41	1636.53
	3159.40	0.00	11.43	1642.53
	3159.41	0.00	11.42	1638.53
	3159.42	0.00	11.43	1638.53
	3159.44	0.00	11.43	1639.48
	3159.45	0.00	11.41	1643.54
	3159.46	0.00	11.39	1638.51
	3159.47	0.00	11.39	1646.54
	3159.48	0.00	11.39	1645.55
	3159.50	0.00	11.38	1643.55
	3159.51	0.00	11.39	1644.55
	3159.52	0.00	11.39	1641.54
	3159.53	0.00	11.41	1636.53
	3159.54	0.00	11.43	1634.52
	3159.55	0.00	11.44	1632.51
	3159.57	0.00	11.44	1630.47
	3159.58	0.00	11.43	1636.48
	3159.59	0.00	11.42	1645.51
	3159.60	0.00	11.41	1650.52
	3159.61	0.00	11.40	1655.53
	3159.62	0.00	11.40	1653.53
	3159.64	0.00	11.40	1652.52
	3159.65	0.00	11.43	1651.52
	3159.66	0.00	11.41	1642.51
	3159.67	0.00	11.41	1639.51
	3159.68	0.00	11.42	1638.51
	3159.70	0.00	11.43	1639.51
	3159.71	0.00	11.43	1640.50
	3159.72	0.00	11.43	1636.50
	3159.73	0.00	11.43	1636.50
	3159.74	0.00	11.42	1636.52
	3159.75	0.00	11.42	1637.50
	3159.77	0.00	11.41	1637.50
	3159.78	0.00	11.42	1640.50
	3159.79	0.00	11.42	1644.50
	3159.80	0.00	11.42	1644.51
	3159.81	0.00	11.42	1640.50
	3159.82	0.00	11.43	1641.50
	3159.84	0.00	11.43	1642.50
	3159.85	0.00	11.44	1641.49
	3159.86	0.00	11.42	1641.53
	3159.87	0.00	11.42	1641.55
	3159.88	0.00	11.42	1640.56
	3159.90	0.00	11.43	1642.55
	3159.91	0.00	11.41	1633.56
	3159.92	0.00	11.44	1639.55
	3159.93	0.00	11.44	1639.56
	3159.94	0.00	11.47	1639.51
	3159.95	0.00	11.47	1639.52
	3159.97	0.00	11.47	1639.53
	3159.98	0.00	11.49	1637.53
	3159.99	0.00	11.49	1634.54
	3160.00	0.00	11.50	1632.53
	3160.01	0.00	11.51	1633.53
	3160.03	0.00	11.62	1627.23
	3160.04	0.00	11.69	1634.12
	3160.05	0.00	11.68	1632.16
	3160.06	0.00	11.67	1625.17
	3160.07	0.00	11.66	1625.18
	3160.08	0.00	11.67	1625.18
	3160.10	0.00	11.67	1625.19
	3160.11	0.00	11.60	1597.16
	3160.12	0.00	11.56	1608.36
	3160.13	0.00	11.55	1610.44
	3160.14	0.00	11.56	1602.47
	3160.16	0.00	11.58	1608.47
	3160.17	0.00	11.59	1605.47
	3160.18	0.00	11.61	1606.47
	3160.19	0.00	11.53	1578.46
	3160.20	0.00	11.57	1590.49
	3160.21	0.00	11.60	1595.49
	3160.23	0.00	11.64	1593.49
	3160.24	0.00	11.63	1598.50
	3160.25	0.00	11.65	1592.42
	3160.26	0.00	11.67	1601.45
	3160.27	0.00	11.67	1599.45
	3160.29	0.00	11.70	1611.47
	3160.30	0.00	11.72	1613.46
	3160.31	0.00	11.71	1617.48
	3160.32	0.00	11.69	1618.49
	3160.33	0.00	11.69	1615.46
	3160.34	0.00	11.69	1623.50
	3160.36	0.00	11.70	1626.50
	3160.37	0.00	11.69	1623.50
	3160.38	0.00	11.68	1624.51
	3160.39	0.00	11.68	1624.51
	3160.40	0.00	11.69	1626.52
	3160.41	0.00	11.70	1628.51
	3160.43	0.00	11.69	1625.47
	3160.44	0.00	11.70	1629.47
	3160.45	0.00	11.70	1631.46
	3160.46	0.00	11.68	1629.47
	3160.47	0.00	11.69	1632.47
	3160.49	0.00	11.69	1636.47
	3160.50	0.00	11.68	1632.45
	3160.51	0.00	11.65	1630.47
	3160.52	0.00	11.65	1636.47
	3160.53	0.00	11.65	1634.47
	3160.54	0.00	11.64	1637.48
	3160.56	0.00	11.64	1640.48
	3160.57	0.00	11.61	1637.48
	3160.58	0.00	11.62	1641.48
	3160.59	0.00	11.62	1645.49
	3160.60	0.00	11.64	1647.48
	3160.61	0.00	11.63	1646.48
	3160.63	0.00	11.64	1647.48
	3160.64	0.00	11.64	1647.48
	3160.65	0.00	11.66	1649.44
	3160.66	0.00	11.64	1650.50
	3160.67	0.00	11.63	1648.52
	3160.69	0.00	11.65	1647.53
	3160.70	0.00	11.65	1647.54
	3160.71	0.00	11.66	1649.54
	3160.72	0.00	11.70	1647.49
	3160.73	0.00	11.70	1648.50
	3160.75	0.00	11.71	1650.51
	3160.76	0.00	11.72	1648.52
	3160.77	0.00	11.76	1648.44
	3160.78	0.00	11.95	1644.11
	3160.79	0.00	11.94	1644.15
	3160.80	0.00	11.93	1633.17
	3160.82	0.00	11.93	1635.18
	3160.83	0.00	11.85	1622.26
	3160.84	0.00	11.81	1623.36
	3160.85	0.00	11.80	1626.42
	3160.86	0.00	11.83	1620.44
	3160.88	0.00	11.83	1627.46
	3160.89	0.00	11.75	1595.44
	3160.90	0.00	11.80	1614.47
	3160.91	0.00	11.84	1616.49
	3160.92	0.00	11.86	1624.48
	3160.93	0.00	11.87	1627.48
	3160.95	0.00	11.90	1629.43
	3160.96	0.00	11.97	1645.41
	3160.97	0.00	11.95	1642.46
	3160.98	0.00	11.96	1650.46
	3160.99	0.00	11.94	1650.47
	3161.00	0.00	11.95	1653.47
	3161.02	0.00	11.96	1659.48
	3161.03	0.00	11.96	1657.49
	3161.04	0.00	11.96	1658.51
	3161.05	0.00	11.98	1660.49
	3161.06	0.00	11.98	1661.48
	3161.08	0.00	12.00	1658.44
	3161.09	0.00	12.01	1657.45
	3161.10	0.00	12.02	1655.43
	3161.11	0.00	12.02	1657.43
	3161.12	0.00	11.99	1652.43
	3161.13	0.00	11.98	1652.42
	3161.15	0.00	11.98	1654.43
	3161.16	0.00	11.97	1657.44
	3161.17	0.00	11.97	1655.44
	3161.18	0.00	11.97	1658.43
	3161.19	0.00	11.95	1655.43
	3161.20	0.00	11.96	1658.43
	3161.22	0.00	11.97	1658.44
	3161.23	0.00	11.99	1659.39
	3161.24	0.00	11.97	1657.43
	3161.25	0.00	11.96	1658.45
	3161.26	0.00	11.95	1659.48
	3161.28	0.00	11.95	1657.49
	3161.29	0.00	11.95	1659.49
	3161.30	0.00	11.97	1660.44
	3161.31	0.00	11.96	1661.47
	3161.32	0.00	11.95	1661.49
	3161.33	0.00	11.96	1663.48
	3161.35	0.00	11.95	1666.49
	3161.36	0.00	12.11	1665.12
	3161.37	0.00	12.11	1670.11
	3161.38	0.00	12.09	1664.14
	3161.39	0.00	12.07	1664.16
	3161.41	0.00	12.05	1651.13
	3161.42	0.00	11.94	1649.37
	3161.43	0.00	11.93	1654.41
	3161.44	0.00	11.94	1646.43
	3161.45	0.00	11.94	1653.44
	3161.46	0.00	11.86	1624.42
	3161.48	0.00	11.89	1642.46
	3161.49	0.00	11.92	1643.47
	3161.50	0.00	11.91	1650.48
	3161.51	0.00	11.93	1626.46
	3161.52	0.00	11.97	1641.45
	3161.54	0.00	11.98	1645.46
	3161.55	0.00	11.97	1645.47
	3161.56	0.00	11.95	1649.49
	3161.57	0.00	11.95	1647.45
	3161.58	0.00	11.94	1654.49
	3161.59	0.00	11.94	1657.50
	3161.61	0.00	11.94	1659.50
	3161.62	0.00	11.93	1662.50
	3161.63	0.00	11.92	1663.51
	3161.64	0.00	11.92	1659.46
	3161.65	0.00	11.93	1664.45
	3161.66	0.00	11.92	1664.47
	3161.68	0.00	11.92	1664.47
	3161.69	0.00	11.91	1663.47
	3161.70	0.00	11.89	1657.47
	3161.71	0.00	11.90	1659.47
	3161.72	0.00	11.90	1657.46
	3161.74	0.00	11.90	1657.46
	3161.75	0.00	11.89	1656.47
	3161.76	0.00	11.91	1657.46
	3161.77	0.00	11.90	1656.46
	3161.78	0.00	11.90	1655.46
	3161.79	0.00	11.93	1657.39
	3161.81	0.00	11.88	1652.48
	3161.82	0.00	11.89	1656.49
	3161.83	0.00	11.87	1655.51
	3161.84	0.00	11.88	1655.52
	3161.85	0.00	11.87	1654.52
	3161.87	0.00	11.90	1657.48
	3161.88	0.00	11.90	1658.49
	3161.89	0.00	11.89	1658.51
	3161.90	0.00	11.89	1660.51
	3161.91	0.00	12.04	1655.13
	3161.92	0.00	12.06	1658.11
	3161.94	0.00	12.05	1659.14
	3161.95	0.00	12.04	1651.16
	3161.96	0.00	12.03	1652.18
	3161.97	0.00	12.00	1638.14
	3161.98	0.00	11.90	1637.37
	3162.00	0.00	11.89	1631.43
	3162.01	0.00	11.90	1636.45
	3162.02	0.00	11.87	1624.42
	3162.03	0.00	111.17	1664.70
	3183.35	0.00	11.17	1667.71
	3183.37	0.00	11.17	1668.73
	3183.38	0.00	11.17	1667.73
	3183.39	0.00	11.17	1669.74
	3183.40	0.00	11.16	1668.74
	3183.41	0.00	11.25	1666.50
	3183.43	0.00	11.32	1668.35
	3183.44	0.00	11.32	1672.37
	3183.45	0.00	11.31	1672.39
	3183.46	0.00	11.30	1664.39
	3183.47	0.00	11.31	1661.41
	3183.48	0.00	11.29	1663.42
	3183.50	0.00	11.29	1663.42
	3183.51	0.00	11.29	1673.33
	3183.52	0.00	11.18	1647.56
	3183.53	0.00	11.16	1649.64
	3183.54	0.00	11.17	1642.67
	3183.56	0.00	11.17	1648.68
	3183.57	0.00	11.10	1623.66
	3183.58	0.00	11.10	1629.69
	3183.59	0.00	11.12	1638.70
	3183.60	0.00	11.13	1640.71
	3183.62	0.00	11.17	1635.67
	3183.63	0.00	11.15	1639.72
	3183.64	0.00	11.16	1645.72
	3183.65	0.00	11.17	1644.68
	3183.66	0.00	11.21	1656.69
	3183.67	0.00	11.18	1648.70
	3183.69	0.00	11.20	1661.70
	3183.70	0.00	11.20	1661.70
	3183.71	0.00	11.20	1661.71
	3183.72	0.00	11.19	1659.69
	3183.73	0.00	11.19	1664.71
	3183.75	0.00	11.19	1665.72
	3183.76	0.00	11.19	1664.72
	3183.77	0.00	11.19	1664.73
	3183.78	0.00	11.19	1665.72
	3183.79	0.00	11.19	1664.72
	3183.80	0.00	11.19	1664.72
	3183.81	0.00	11.19	1659.67
	3183.83	0.00	11.21	1661.68
	3183.84	0.00	11.21	1662.67
	3183.85	0.00	11.21	1660.67
	3183.86	0.00	11.22	1661.67
	3183.87	0.00	11.23	1661.65
	3183.89	0.00	11.21	1657.67
	3183.90	0.00	11.17	1644.66
	3183.91	0.00	11.19	1650.66
	3183.92	0.00	11.20	1653.67
	3183.93	0.00	11.21	1651.66
	3183.94	0.00	11.21	1649.66
	3183.96	0.00	11.20	1646.66
	3183.97	0.00	11.20	1647.67
	3183.98	0.00	11.21	1649.66
	3183.99	0.00	11.21	1650.66
	3184.00	0.00	11.22	1649.65
	3184.02	0.00	11.22	1647.66
	3184.03	0.00	11.23	1648.66
	3184.04	0.00	11.25	1647.60
	3184.05	0.00	11.22	1646.68
	3184.06	0.00	11.22	1646.70
	3184.07	0.00	11.22	1645.70
	3184.09	0.00	11.22	1645.71
	3184.10	0.00	11.22	1644.71
	3184.11	0.00	11.22	1646.72
	3184.12	0.00	11.23	1643.70
	3184.13	0.00	11.24	1643.67
	3184.15	0.00	11.24	1645.69
	3184.16	0.00	11.24	1646.69
	3184.17	0.00	11.23	1644.71
	3184.18	0.00	11.23	1646.71
	3184.19	0.00	11.24	1647.71
	3184.20	0.00	11.38	1646.34
	3184.22	0.00	11.42	1649.26
	3184.23	0.00	11.38	1650.36
	3184.24	0.00	11.36	1641.38
	3184.25	0.00	11.36	1642.38
	3184.26	0.00	11.35	1642.38
	3184.28	0.00	11.34	1641.39
	3184.29	0.00	11.24	1627.51
	3184.30	0.00	11.20	1628.62
	3184.31	0.00	11.22	1622.65
	3184.32	0.00	11.23	1626.65
	3184.33	0.00	11.16	1607.63
	3184.35	0.00	11.15	1607.66
	3184.36	0.00	11.16	1612.67
	3184.37	0.00	11.16	1612.68
	3184.38	0.00	11.19	1618.68
	3184.39	0.00	11.21	1617.69
	3184.40	0.00	11.21	1620.69
	3184.42	0.00	11.20	1617.65
	3184.43	0.00	11.25	1631.66
	3184.44	0.00	11.26	1638.67
	3184.45	0.00	11.26	1639.67
	3184.46	0.00	11.25	1638.69
	3184.48	0.00	11.26	1639.68
	3184.49	0.00	11.24	1642.69
	3184.50	0.00	11.24	1641.65
	3184.51	0.00	11.23	1645.69
	3184.52	0.00	11.24	1649.70
	3184.53	0.00	11.24	1649.70
	3184.55	0.00	11.24	1649.70
	3184.56	0.00	11.24	1648.70
	3184.57	0.00	11.25	1652.71
	3184.58	0.00	11.23	1652.71
	3184.59	0.00	11.24	1648.66
	3184.61	0.00	11.25	1650.66
	3184.62	0.00	11.24	1652.66
	3184.63	0.00	11.25	1653.66
	3184.64	0.00	11.25	1654.66
	3184.65	0.00	11.25	1652.66
	3184.66	0.00	11.26	1654.65
	3184.68	0.00	11.22	1648.66
	3184.69	0.00	11.22	1649.66
	3184.70	0.00	11.23	1650.66
	3184.71	0.00	11.23	1649.67
	3184.72	0.00	11.22	1649.66
	3184.74	0.00	11.23	1650.66
	3184.75	0.00	11.22	1647.66
	3184.76	0.00	11.22	1648.66
	3184.77	0.00	11.22	1649.67
	3184.78	0.00	11.22	1651.66
	3184.79	0.00	11.23	1652.66
	3184.81	0.00	11.23	1653.66
	3184.82	0.00	11.25	1653.61
	3184.83	0.00	11.22	1654.69
	3184.84	0.00	11.22	1655.70
	3184.85	0.00	11.21	1655.71
	3184.87	0.00	11.21	1656.72
	3184.88	0.00	11.21	1658.73
	3184.89	0.00	11.21	1658.73
	3184.90	0.00	11.23	1658.68
	3184.91	0.00	11.23	1660.69
	3184.92	0.00	11.22	1660.70
	3184.94	0.00	11.23	1664.71
	3184.95	0.00	11.22	1660.72
	3184.96	0.00	11.22	1662.72
	3184.97	0.00	11.22	1663.73
	3184.98	0.00	11.38	1664.33
	3185.00	0.00	11.37	1667.37
	3185.01	0.00	11.34	1657.39
	3185.02	0.00	11.34	1658.39
	3185.03	0.00	11.33	1658.40
	3185.04	0.00	11.31	1645.35
	3185.05	0.00	11.22	1645.58
	3185.06	0.00	11.21	1641.64
	3185.08	0.00	11.23	1642.66
	3185.09	0.00	11.17	1621.63
	3185.10	0.00	11.16	1626.67
	3185.11	0.00	11.17	1629.68
	3185.12	0.00	11.18	1634.68
	3185.14	0.00	11.20	1641.69
	3185.15	0.00	11.22	1636.70
	3185.16	0.00	11.23	1643.70
	3185.17	0.00	11.20	1635.70
	3185.18	0.00	11.25	1650.67
	3185.20	0.00	11.28	1661.68
	3185.21	0.00	11.28	1658.69
	3185.22	0.00	11.28	1658.68
	3185.23	0.00	11.28	1662.69
	3185.24	0.00	11.28	1664.69
	3185.25	0.00	11.28	1666.69
	3185.27	0.00	11.27	1665.67
	3185.28	0.00	11.28	1669.70
	3185.29	0.00	11.29	1668.70
	3185.30	0.00	11.28	1669.70
	3185.31	0.00	11.29	1672.70
	3185.33	0.00	11.28	1671.72
	3185.34	0.00	11.29	1673.70
	3185.35	0.00	11.30	1669.66
	3185.36	0.00	11.30	1671.66
	3185.37	0.00	11.30	1673.66
	3185.38	0.00	11.32	1670.65
	3185.40	0.00	11.31	1669.65
	3185.41	0.00	11.32	1673.65
	3185.42	0.00	11.33	1675.65
	3185.43	0.00	11.29	1667.66
	3185.44	0.00	11.29	1668.65
	3185.45	0.00	11.29	1667.65
	3185.47	0.00	11.30	1667.65
	3185.48	0.00	11.29	1668.66
	3185.49	0.00	11.31	1669.65
	3185.50	0.00	11.30	1669.65
	3185.51	0.00	11.30	1668.65
	3185.52	0.00	11.29	1665.65
	3185.54	0.00	11.29	1667.65
	3185.55	0.00	11.30	1669.65
	3185.56	0.00	11.30	1668.65
	3185.57	0.00	11.31	1669.65
	3185.58	0.00	11.30	1668.65
	3185.60	0.00	11.30	1670.67
	3185.61	0.00	11.30	1669.67
	3185.62	0.00	11.29	1669.69
	3185.63	0.00	11.29	1669.71
	3185.64	0.00	11.29	1668.71
	3185.65	0.00	11.29	1668.71
	3185.67	0.00	11.29	1670.71
	3185.68	0.00	11.29	1669.71
	3185.69	0.00	11.31	1667.64
	3185.70	0.00	11.31	1670.67
	3185.71	0.00	11.30	1671.69
	3185.73	0.00	11.31	1667.69
	3185.74	0.00	11.32	1669.65
	3185.75	0.00	11.30	1672.70
	3185.76	0.00	11.45	1671.31
	3185.77	0.00	11.46	1677.34
	3185.78	0.00	11.42	1665.36
	3185.80	0.00	11.41	1667.38
	3185.81	0.00	11.40	1665.38
	3185.82	0.00	11.36	1650.37
	3185.83	0.00	11.29	1650.57
	3185.84	0.00	11.29	1647.63
	3185.86	0.00	11.28	1645.64
	3185.87	0.00	11.23	1627.61
	3185.88	0.00	11.23	1634.65
	3185.89	0.00	11.26	1643.65
	3185.90	0.00	11.26	1647.67
	3185.91	0.00	11.27	1644.67
	3185.93	0.00	11.28	1642.68
	3185.94	0.00	11.29	1649.68
	3185.95	0.00	11.28	1651.69
	3185.96	0.00	11.31	1656.65
	3185.97	0.00	11.33	1665.66
	3185.98	0.00	11.33	1667.67
	3186.00	0.00	11.32	1667.68
	3186.01	0.00	11.33	1669.67
	3186.02	0.00	11.32	1667.68
	3186.03	0.00	11.30	1669.68
	3186.04	0.00	11.30	1668.66
	3186.06	0.00	11.30	1673.68
	3186.07	0.00	11.30	1676.69
	3186.08	0.00	11.30	1673.69
	3186.09	0.00	11.30	1672.69
	3186.10	0.00	11.30	1672.69
	3186.11	0.00	11.30	1675.69
	3186.13	0.00	11.30	1673.68
	3186.14	0.00	11.31	1669.65
	3186.15	0.00	11.32	1673.64
	3186.16	0.00	11.32	1669.64
	3186.17	0.00	11.31	1670.64
	3186.19	0.00	11.31	1671.64
	3186.20	0.00	11.31	1670.64
	3186.21	0.00	11.29	1665.64
	3186.22	0.00	11.28	1664.64
	3186.23	0.00	11.28	1664.64
	3186.25	0.00	11.29	1664.64
	3186.26	0.00	11.29	1664.64
	3186.27	0.00	11.28	1663.64
	3186.28	0.00	11.28	1661.64
	3186.29	0.00	11.29	1664.64
	3186.30	0.00	11.29	1664.64
	3186.32	0.00	11.29	1666.64
	3186.33	0.00	11.29	1666.64
	3186.34	0.00	11.30	1666.64
	3186.35	0.00	11.30	1667.65
	3186.36	0.00	11.30	1667.64
	3186.37	0.00	11.30	1666.64
	3186.39	0.00	11.30	1667.65
	3186.40	0.00	11.29	1666.68
	3186.41	0.00	11.29	1667.69
	3186.42	0.00	11.29	1669.70
	3186.43	0.00	11.28	1669.71
	3186.44	0.00	11.28	1667.69
	3186.46	0.00	11.28	1668.69
	3186.47	0.00	11.29	1667.67
	3186.48	0.00	11.30	1671.67
	3186.49	0.00	11.30	1672.68
	3186.50	0.00	11.29	1670.69
	3186.51	0.00	11.29	1671.70
	3186.53	0.00	11.29	1672.70
	3186.54	0.00	11.44	1674.30
	3186.55	0.00	11.45	1675.31
	3186.56	0.00	11.44	1675.33
	3186.57	0.00	11.43	1669.35
	3186.59	0.00	11.40	1669.37
	3186.60	0.00	11.40	1669.38
	3186.61	0.00	11.30	1653.52
	3186.62	0.00	11.27	1656.62
	3186.63	0.00	11.29	1652.64
	3186.65	0.00	11.29	1656.64
	3186.66	0.00	11.29	1655.65
	3186.67	0.00	11.22	1628.60
	3186.68	0.00	11.23	1635.65
	3186.69	0.00	11.25	1644.67
	3186.70	0.00	11.28	1642.68
	3186.72	0.00	11.27	1648.70
	3186.73	0.00	11.28	1651.68
	3186.74	0.00	11.29	1650.64
	3186.75	0.00	11.32	1661.65
	3186.76	0.00	11.33	1663.65
	3186.78	0.00	11.34	1663.63
	3186.79	0.00	11.34	1668.66
	3186.80	0.00	11.33	1664.66
	3186.81	0.00	11.32	1666.67
	3186.82	0.00	11.31	1665.67
	3186.83	0.00	11.33	1668.66
	3186.85	0.00	11.33	1670.67
	3186.86	0.00	11.33	1668.67
	3186.87	0.00	11.33	1670.67
	3186.88	0.00	11.33	1667.67
	3186.89	0.00	11.34	1668.68
	3186.90	0.00	11.34	1670.67
	3186.92	0.00	11.34	1665.63
	3186.93	0.00	11.34	1666.65
	3186.94	0.00	11.36	1669.62
	3186.95	0.00	11.35	1668.63
	3186.96	0.00	11.36	1669.62
	3186.97	0.00	11.35	1668.63
	3186.99	0.00	11.36	1669.62
	3187.00	0.00	11.35	1665.62
	3187.01	0.00	11.33	1661.62
	3187.02	0.00	11.33	1662.63
	3187.03	0.00	11.34	1662.62
	3187.05	0.00	11.34	1661.62
	3187.06	0.00	11.35	1659.62
	3187.07	0.00	11.35	1659.61
	3187.08	0.00	11.35	1659.61
	3187.09	0.00	11.35	1656.61
	3187.10	0.00	11.35	1657.61
	3187.12	0.00	11.36	1656.61
	3187.13	0.00	11.36	1656.61
	3187.14	0.00	11.36	1655.61
	3187.15	0.00	11.37	1655.61
	3187.16	0.00	11.38	1655.60
	3187.18	0.00	11.41	1654.54
	3187.19	0.00	11.37	1652.62
	3187.20	0.00	11.37	1653.64
	3187.21	0.00	11.37	1651.65
	3187.22	0.00	11.37	1653.66
	3187.23	0.00	11.36	1652.68
	3187.25	0.00	11.38	1654.66
	3187.26	0.00	11.37	1653.66
	3187.27	0.00	11.40	1652.61
	3187.28	0.00	11.38	1653.64
	3187.29	0.00	11.39	1652.64
	3187.31	0.00	11.38	1654.65
	3187.32	0.00	11.39	1653.65
	3187.33	0.00	11.42	1654.57
	3187.34	0.00	11.54	1655.27
	3187.35	0.00	11.55	1658.27
	3187.36	0.00	11.55	1655.30
	3187.38	0.00	11.52	1649.31
	3187.39	0.00	11.51	1651.32
	3187.40	0.00	11.50	1648.33
	3187.41	0.00	11.46	1634.32
	3187.42	0.00	11.43	1635.37
	3187.43	0.00	11.38	1638.53
	3187.45	0.00	11.39	1641.57
	3187.46	0.00	11.39	1638.59
	3187.47	0.00	11.40	1642.59
	3187.48	0.00	11.32	1614.58
	3187.49	0.00	11.34	1627.62
	3187.51	0.00	11.35	1630.62
	3187.52	0.00	11.36	1632.62
	3187.53	0.00	11.40	1631.62
	3187.54	0.00	11.39	1634.63
	3187.55	0.00	11.39	1630.59
	3187.56	0.00	11.45	1645.59
	3187.58	0.00	11.47	1647.60
	3187.59	0.00	11.45	1645.62
	3187.60	0.00	11.48	1648.60
	3187.61	0.00	11.47	1645.60
	3187.62	0.00	11.48	1646.59
	3187.64	0.00	11.49	1645.59
	3187.65	0.00	11.50	1645.60
	3187.66	0.00	11.51	1646.60
	3187.67	0.00	11.53	1640.60
	3187.68	0.00	11.54	1638.60
	3187.69	0.00	11.56	1635.58
	3187.71	0.00	11.56	1631.55
	3187.72	0.00	11.56	1633.55
	3187.73	0.00	11.58	1634.54
	3187.74	0.00	11.59	1632.55
	3187.75	0.00	11.61	1632.53
	3187.77	0.00	11.61	1631.53
	3187.78	0.00	11.60	1627.53
	3187.79	0.00	11.59	1622.54
	3187.80	0.00	11.60	1622.52
	3187.81	0.00	11.60	1622.52
	3187.82	0.00	11.60	1621.52
	3187.84	0.00	11.61	1620.52
	3187.85	0.00	11.61	1621.52
	3187.86	0.00	11.61	1621.52
	3187.87	0.00	11.59	1617.55
	3187.88	0.00	11.60	1618.55
	3187.89	0.00	11.60	1617.55
	3187.91	0.00	11.61	1618.54
	3187.92	0.00	11.62	1620.53
	3187.93	0.00	11.63	1620.53
	3187.94	0.00	11.64	1619.53
	3187.95	0.00	11.65	1621.52
	3187.96	0.00	11.62	1619.57
	3187.98	0.00	11.63	1621.57
	3187.99	0.00	11.63	1621.57
	3188.00	0.00	11.63	1620.58
	3188.01	0.00	11.60	1615.59
	3188.02	0.00	11.62	1624.59
	3188.04	0.00	11.64	1623.54
	3188.05	0.00	11.63	1625.58
	3188.06	0.00	11.63	1624.57
	3188.07	0.00	11.63	1625.58
	3188.08	0.00	11.63	1627.58
	3188.10	0.00	11.79	1628.20
	3188.11	0.00	11.79	1629.20
	3188.12	0.00	11.79	1631.22
	3188.13	0.00	11.76	1620.24
	3188.14	0.00	11.75	1621.26
	3188.15	0.00	11.69	1606.28
	3188.17	0.00	11.62	1608.45
	3188.18	0.00	11.64	1602.49
	3188.19	0.00	11.64	1605.51
	3188.20	0.00	11.64	1608.51
	3188.21	0.00	11.57	1586.48
	3188.22	0.00	11.55	1588.54
	3188.24	0.00	11.57	1594.54
	3188.25	0.00	11.61	1597.55
	3188.26	0.00	11.61	1603.55
	3188.27	0.00	11.60	1606.57
	3188.28	0.00	11.60	1608.56
	3188.30	0.00	11.64	1616.52
	3188.31	0.00	11.65	1625.54
	3188.32	0.00	11.68	1625.48
	3188.33	0.00	11.64	1627.55
	3188.34	0.00	11.63	1630.55
	3188.35	0.00	11.64	1631.54
	3188.37	0.00	11.63	1633.57
	3188.38	0.00	11.64	1635.56
	3188.39	0.00	11.63	1634.56
	3188.40	0.00	11.64	1634.56
	3188.41	0.00	11.63	1633.57
	3188.42	0.00	11.63	1637.57
	3188.44	0.00	11.64	1634.52
	3188.45	0.00	11.65	1634.51
	3188.46	0.00	11.66	1635.51
	3188.47	0.00	11.66	1636.51
	3188.48	0.00	11.65	1636.51
	3188.50	0.00	11.66	1637.51
	3188.51	0.00	11.66	1635.51
	3188.52	0.00	11.63	1628.51
	3188.53	0.00	11.64	1629.50
	3188.54	0.00	11.64	1630.50
	3188.55	0.00	11.65	1633.50
	3188.57	0.00	11.65	1632.50
	3188.58	0.00	11.66	1634.49
	3188.59	0.00	11.65	1634.51
	3188.60	0.00	11.64	1629.50
	3188.61	0.00	11.65	1632.50
	3188.63	0.00	11.66	1634.49
	3188.64	0.00	11.66	1634.50
	3188.65	0.00	11.67	1634.50
	3188.66	0.00	11.67	1635.50
	3188.67	0.00	11.66	1634.53
	3188.68	0.00	11.67	1633.49
	3188.70	0.00	11.65	1632.53
	3188.71	0.00	11.66	1633.55
	3188.72	0.00	11.66	1636.55
	3188.73	0.00	11.65	1633.56
	3188.74	0.00	11.66	1633.56
	3188.75	0.00	11.69	1633.50
	3188.77	0.00	11.68	1633.53
	3188.78	0.00	11.68	1632.54
	3188.79	0.00	11.68	1634.54
	3188.80	0.00	11.67	1637.58
	3188.81	0.00	11.84	1637.15
	3188.83	0.00	11.84	1638.18
	3188.84	0.00	11.82	1630.21
	3188.85	0.00	11.82	1632.22
	3188.86	0.00	11.78	1618.18
	3188.87	0.00	11.73	1616.27
	3188.88	0.00	11.69	1617.37
	3188.90	0.00	11.68	1611.45
	3188.91	0.00	11.69	1614.47
	3188.92	0.00	11.70	1618.48
	3188.93	0.00	11.61	1595.52
	3188.94	0.00	11.65	1606.51
	3188.96	0.00	11.68	1603.51
	3188.97	0.00	11.69	1608.52
	3188.98	0.00	11.69	1615.52
	3188.99	0.00	11.72	1623.49
	3189.00	0.00	11.73	1629.51
	3189.01	0.00	11.72	1631.52
	3189.03	0.00	11.70	1629.52
	3189.04	0.00	11.71	1633.50
	3189.05	0.00	11.72	1639.52
	3189.06	0.00	11.71	1638.55
	3189.07	0.00	11.72	1640.53
	3189.09	0.00	11.71	1638.53
	3189.10	0.00	11.75	1641.46
	3189.11	0.00	11.72	1637.49
	3189.12	0.00	11.73	1642.49
	3189.13	0.00	11.73	1639.49
	3189.14	0.00	11.73	1642.50
	3189.16	0.00	11.71	1637.49
	3189.17	0.00	11.73	1642.49
	3189.18	0.00	11.69	1635.49
	3189.19	0.00	11.72	1639.45
	3189.20	0.00	11.70	1639.49
	3189.21	0.00	11.70	1638.49
	3189.23	0.00	11.70	1641.47
	3189.24	0.00	11.69	1638.49
	3189.25	0.00	11.68	1642.50
	3189.26	0.00	11.69	1644.50
	3189.27	0.00	11.68	1641.51
	3189.28	0.00	11.68	1639.49
	3189.30	0.00	11.69	1644.50
	3189.31	0.00	11.69	1644.51
	3189.32	0.00	11.67	1644.55
	3189.33	0.00	11.68	1648.55
	3189.34	0.00	11.67	1648.56
	3189.36	0.00	11.69	1647.51
	3189.37	0.00	11.69	1648.54
	3189.38	0.00	11.68	1648.55
	3189.39	0.00	11.68	1649.55
	3189.40	0.00	11.69	1650.53
	3189.41	0.00	11.75	1643.34
	3189.43	0.00	11.85	1652.16
	3189.44	0.00	11.83	1653.20
	3189.45	0.00	11.80	1642.23
	3189.46	0.00	11.80	1640.23
	3189.47	0.00	11.74	1627.25
	3189.49	0.00	11.71	1628.34
	3189.50	0.00	11.67	1629.44
	3189.51	0.00	11.68	1621.47
	3189.52	0.00	11.69	1626.48
	3189.53	0.00	11.61	1600.46
	3189.54	0.00	11.59	1601.50
	3189.56	0.00	11.61	1606.49
	3189.57	0.00	11.65	1617.51
	3189.58	0.00	11.67	1615.52
	3189.59	0.00	11.66	1620.54
	3189.60	0.00	11.70	1624.49
	3189.61	0.00	11.73	1635.50
	3189.63	0.00	11.72	1635.51
	3189.64	0.00	11.72	1638.52
	3189.65	0.00	11.71	1633.48
	3189.66	0.00	11.71	1638.51
	3189.67	0.00	11.72	1640.51
	3189.69	0.00	11.71	1641.53
	3189.70	0.00	11.72	1641.53
	3189.71	0.00	11.71	1641.53
	3189.72	0.00	11.71	1637.50
	3189.73	0.00	11.72	1638.48
	3189.75	0.00	11.72	1639.48
	3189.76	0.00	11.73	1641.48
	3189.77	0.00	11.73	1637.47
	3189.78	0.00	11.74	1641.48
	3189.79	0.00	11.74	1639.48
	3189.80	0.00	11.71	1630.48
	3189.82	0.00	11.72	1631.46
	3189.83	0.00	11.72	1632.47
	3189.84	0.00	11.72	1630.47
	3189.85	0.00	11.72	1631.47
	3189.86	0.00	11.72	1628.48
	3189.87	0.00	11.73	1627.47
	3189.89	0.00	11.72	1624.47
	3189.90	0.00	11.74	1626.46
	3189.91	0.00	11.74	1627.47
	3189.92	0.00	11.75	1627.47
	3189.93	0.00	11.75	1624.47
	3189.95	0.00	11.76	1622.48
	3189.96	0.00	11.76	1617.44
	3189.97	0.00	11.76	1620.49
	3189.98	0.00	11.75	1621.51
	3189.99	0.00	11.75	1622.52
	3190.00	0.00	11.74	1623.53
	3190.02	0.00	11.75	1621.49
	3190.03	0.00	11.77	1623.49
	3190.04	0.00	11.75	1625.52
	3190.05	0.00	11.74	1617.52
	3190.06	0.00	11.75	1626.53
	3190.07	0.00	11.85	1620.24
	3190.09	0.00	11.90	1627.16
	3190.10	0.00	11.89	1621.18
	3190.11	0.00	11.88	1620.19
	3190.12	0.00	11.87	1621.20
	3190.13	0.00	11.87	1621.21
	3190.15	0.00	11.79	1607.27
	3190.16	0.00	11.73	1609.41
	3190.17	0.00	11.75	1605.44
	3190.18	0.00	11.75	1610.46
	3190.19	0.00	11.66	1582.46
	3190.20	0.00	11.69	1597.49
	3190.22	0.00	11.73	1596.49
	3190.23	0.00	11.73	1604.51
	3190.24	0.00	11.71	1605.51
	3190.25	0.00	11.72	1601.47
	3190.26	0.00	11.75	1619.50
	3190.28	0.00	11.76	1621.50
	3190.29	0.00	11.75	1626.50
	3190.30	0.00	11.74	1627.51
	3190.31	0.00	11.74	1623.50
	3190.32	0.00	11.74	1625.48
	3190.33	0.00	11.74	1630.51
	3190.35	0.00	11.74	1631.52
	3190.36	0.00	11.74	1632.53
	3190.37	0.00	11.74	1635.53
	3190.38	0.00	11.75	1629.48
	3190.39	0.00	11.76	1631.47
	3190.41	0.00	11.76	1634.48
	3190.42	0.00	11.76	1633.48
	3190.43	0.00	11.76	1633.48
	3190.44	0.00	11.77	1632.46
	3190.45	0.00	11.76	1634.47
	3190.46	0.00	11.75	1628.47
	3190.48	0.00	11.74	1626.47
	3190.49	0.00	11.74	1628.48
	3190.50	0.00	11.71	1616.47
	3190.51	0.00	11.75	1627.47
	3190.52	0.00	11.75	1627.47
	3190.53	0.00	11.75	1628.47
	3190.55	0.00	11.75	1629.47
	3190.56	0.00	11.73	1624.47
	3190.57	0.00	11.75	1626.47
	3190.58	0.00	11.76	1628.46
	3190.59	0.00	11.76	1627.46
	3190.60	0.00	11.79	1629.40
	3190.62	0.00	11.77	1627.45
	3190.63	0.00	11.75	1627.49
	3190.64	0.00	11.75	1629.51
	3190.65	0.00	11.75	1630.52
	3190.66	0.00	11.75	1630.54
	3190.68	0.00	11.78	1633.48
	3190.69	0.00	11.77	1630.50
	3190.70	0.00	11.77	1631.51
	3190.71	0.00	11.79	1632.47
	3190.72	0.00	11.89	1633.21
	3190.73	0.00	11.94	1635.12
	3190.75	0.00	11.93	1636.15
	3190.76	0.00	11.91	1626.17
	3190.77	0.00	11.90	1631.19
	3190.78	0.00	11.83	1614.23
	3190.79	0.00	11.78	1615.36
	3190.81	0.00	11.77	1615.38
	3190.82	0.00	11.75	1606.42
	3190.83	0.00	11.77	1613.45
	3190.84	0.00	11.71	1589.42
	3190.85	0.00	11.71	1598.47
	3190.86	0.00	11.73	1607.49
	3190.88	0.00	11.76	1606.49
	3190.89	0.00	11.75	1611.49
	3190.90	0.00	11.78	1619.47
	3190.91	0.00	11.79	1625.48
	3190.92	0.00	11.79	1626.49
	3190.94	0.00	11.78	1627.49
	3190.95	0.00	11.76	1622.50
	3190.96	0.00	11.78	1628.46
	3190.97	0.00	11.78	1631.49
	3190.98	0.00	11.77	1634.52
	3190.99	0.00	11.76	1633.52
	3191.01	0.00	11.77	1634.52
	3191.02	0.00	11.77	1635.52
	3191.03	0.00	11.78	1632.47
	3191.04	0.00	11.78	1635.47
	3191.05	0.00	11.78	1636.47
	3191.06	0.00	11.79	1633.47
	3191.08	0.00	11.80	1634.45
	3191.09	0.00	11.79	1638.47
	3191.10	0.00	11.76	1625.47
	3191.11	0.00	11.76	1628.47
	3191.12	0.00	11.76	1626.47
	3191.14	0.00	11.76	1629.47
	3191.15	0.00	11.77	1626.46
	3191.16	0.00	11.77	1627.45
	3191.17	0.00	11.77	1630.46
	3191.18	0.00	11.76	1625.46
	3191.19	0.00	11.76	1628.47
	3191.21	0.00	11.77	1628.46
	3191.22	0.00	11.77	1630.46
	3191.23	0.00	11.77	1628.46
	3191.24	0.00	11.77	1628.46
	3191.25	0.00	11.78	1628.46
	3191.27	0.00	11.77	1630.47
	3191.28	0.00	11.75	1627.51
	3191.29	0.00	11.74	1628.52
	3191.30	0.00	11.74	1628.52
	3191.31	0.00	11.73	1624.52
	3191.32	0.00	11.74	1630.53
	3191.34	0.00	11.76	1629.48
	3191.35	0.00	11.75	1631.51
	3191.36	0.00	11.76	1628.52
	3191.37	0.00	11.75	1633.53
	3191.38	0.00	11.79	1627.38
	3191.40	0.00	11.91	1635.13
	3191.41	0.00	11.91	1636.15
	3191.42	0.00	11.88	1626.19
	3191.43	0.00	11.87	1626.22
	3191.44	0.00	11.82	1611.19
	3191.45	0.00	11.75	1615.39
	3191.47	0.00	11.75	1607.44
	3191.48	0.00	11.75	1614.46
	3191.49	0.00	11.76	1615.45
	3191.50	0.00	11.71	1594.42
	3191.51	0.00	11.69	1595.47
	3191.52	0.00	11.71	1605.49
	3191.54	0.00	11.73	1602.50
	3191.55	0.00	11.74	1609.50
	3191.56	0.00	11.77	1616.47
	3191.57	0.00	11.78	1625.49
	3191.58	0.00	11.78	1627.49
	3191.60	0.00	11.78	1626.49
	3191.61	0.00	11.77	1628.49
	3191.62	0.00	11.77	1627.47
	3191.63	0.00	11.77	1633.50
	3191.64	0.00	11.77	1634.51
	3191.65	0.00	11.77	1634.51
	3191.67	0.00	11.78	1635.51
	3191.68	0.00	11.77	1631.47
	3191.69	0.00	11.78	1631.47
	3191.70	0.00	11.78	1633.46
	3191.71	0.00	11.80	1637.46
	3191.73	0.00	11.79	1637.46
	3191.74	0.00	11.79	1633.46
	3191.75	0.00	11.78	1635.48
	3191.76	0.00	11.79	1633.46
	3191.77	0.00	11.75	1626.46
	3191.78	0.00	11.76	1628.46
	3191.80	0.00	11.76	1628.47
	3191.81	0.00	11.77	1630.46
	3191.82	0.00	11.77	1627.46
	3191.83	0.00	11.77	1629.46
	3191.84	0.00	11.76	1629.47
	3191.86	0.00	11.75	1626.46
	3191.87	0.00	11.76	1628.46
	3191.88	0.00	11.78	1629.44
	3191.89	0.00	11.77	1632.46
	3191.90	0.00	11.77	1630.46
	3191.91	0.00	11.77	1630.46
	3191.93	0.00	11.77	1630.46
	3191.94	0.00	11.75	1628.49
	3191.95	0.00	11.76	1633.50
	3191.96	0.00	11.75	1634.51
	3191.97	0.00	11.74	1633.52
	3191.98	0.00	11.74	1632.52
	3192.00	0.00	11.75	1635.53
	3192.01	0.00	11.74	1633.53
	3192.02	0.00	11.76	1636.50
	3192.03	0.00	11.75	1634.51
	3192.04	0.00	11.75	1638.52
	3192.05	0.00	11.75	1638.53
	3192.07	0.00	11.89	1638.16
	3192.08	0.00	11.91	1642.13
	3192.09	0.00	11.90	1645.16
	3192.10	0.00	11.88	1636.19
	3192.11	0.00	11.85	1635.21
	3192.13	0.00	11.85	1625.15
	3192.14	0.00	11.75	1625.36
	3192.15	0.00	11.73	1623.43
	3192.16	0.00	11.74	1625.46
	3192.17	0.00	11.72	1625.45
	3192.18	0.00	11.65	1608.48
	3192.20	0.00	11.67	1621.49
	3192.21	0.00	11.70	1623.51
	3192.22	0.00	11.69	1624.51
	3192.23	0.00	11.69	1627.51
	3192.24	0.00	11.72	1633.48
	3192.26	0.00	11.74	1644.50
	3192.27	0.00	11.73	1643.50
	3192.28	0.00	11.72	1646.51
	3192.29	0.00	11.74	1647.45
	3192.30	0.00	11.70	1647.52
	3192.31	0.00	11.71	1650.50
	3192.33	0.00	11.70	1653.52
	3192.34	0.00	11.69	1651.54
	3192.35	0.00	11.70	1655.53
	3192.36	0.00	11.70	1655.53
	3192.37	0.00	11.69	1657.53
	3192.38	0.00	11.70	1655.51
	3192.40	0.00	11.70	1656.49
	3192.41	0.00	11.70	1657.49
	3192.42	0.00	11.71	1657.48
	3192.43	0.00	11.71	1659.49
	3192.44	0.00	11.70	1658.49
	3192.46	0.00	11.70	1659.49
	3192.47	0.00	11.70	1658.47
	3192.48	0.00	11.67	1651.49
	3192.49	0.00	11.67	1652.49
	3192.50	0.00	11.67	1652.49
	3192.51	0.00	11.68	1651.48
	3192.53	0.00	11.69	1655.48
	3192.54	0.00	11.68	1654.48
	3192.55	0.00	11.67	1649.48
	3192.56	0.00	11.67	1651.50
	3192.57	0.00	11.67	1655.48
	3192.59	0.00	11.67	1653.48
	3192.60	0.00	11.69	1656.49
	3192.61	0.00	11.69	1655.48
	3192.62	0.00	11.69	1655.49
	3192.63	0.00	11.68	1654.48
	3192.64	0.00	11.70	1656.46
	3192.66	0.00	11.67	1653.50
	3192.67	0.00	11.67	1655.53
	3192.68	0.00	11.66	1656.54
	3192.69	0.00	11.66	1657.56
	3192.70	0.00	11.66	1659.55
	3192.71	0.00	11.68	1660.51
	3192.73	0.00	11.67	1659.53
	3192.74	0.00	11.67	1661.53
	3192.75	0.00	11.67	1664.54
	3192.76	0.00	11.71	1660.41
	3192.77	0.00	11.82	1663.16
	3192.79	0.00	11.82	1666.17
	3192.80	0.00	11.82	1659.20
	3192.81	0.00	11.79	1659.22
	3192.82	0.00	11.78	1677.20
	3192.83	0.00	11.68	1667.35
	3192.84	1.00	11.66	1648.45
	3192.86	1.00	11.68	1643.46
	3192.87	1.00	11.67	1647.47
	3192.88	1.00	11.68	1651.49
	3192.89	1.00	11.58	1624.49
	3192.90	1.00	11.62	1640.51
	3192.91	1.00	11.65	1638.52
	3192.93	1.00	11.64	1665.53
	3192.94	1.00	11.66	1671.49
	3192.95	1.00	11.68	1677.50
	3192.96	1.00	11.69	1659.52
	3192.97	1.00	11.68	1681.52
	3192.99	1.00	11.68	1683.52
	3193.00	1.00	11.68	1661.50
	3193.01	1.00	11.68	1666.52
	3193.02	1.00	11.68	1689.53
	3193.03	1.00	11.68	1666.54
	3193.05	1.00	11.67	1688.54
	3193.06	1.00	11.67	1687.55
	3193.07	1.00	11.67	1687.54
	3193.08	1.00	11.67	1682.49
	3193.09	0.00	11.69	1666.49
	3193.10	0.00	11.68	1686.50
	3193.12	0.00	11.70	1666.49
	3193.13	0.00	11.70	1667.49
	3193.14	0.00	11.70	1665.48
	3193.15	0.00	11.69	1686.49
	3193.16	0.00	11.67	1678.48
	3193.18	0.00	11.67	1679.49
	3193.19	0.00	11.66	1678.50
	3193.20	0.00	11.67	1655.48
	3193.21	0.00	11.68	1659.48
	3193.22	0.00	11.67	1659.49
	3193.23	0.00	11.66	1654.49
	3193.25	0.00	11.65	1651.49
	3193.26	0.00	11.67	1656.48
	3193.27	0.00	11.68	1658.48
	3193.28	0.00	11.68	1659.48
	3193.29	0.00	11.69	1660.48
	3193.30	0.00	11.69	1657.48
	3193.32	0.00	11.69	1658.48
	3193.33	0.00	11.70	1659.47
	3193.34	0.00	11.67	1656.50
	3193.35	0.00	11.67	1659.53
	3193.36	0.00	11.66	1657.54
	3193.37	0.00	11.66	1657.55
	3193.39	0.00	11.67	1660.55
	3193.40	0.00	11.68	1660.51
	3193.41	0.00	11.67	1681.53
	3193.42	0.00	11.67	1681.54
	3193.43	0.00	11.66	1680.54
	3193.45	0.00	11.66	1680.54
	3193.46	0.00	11.81	1681.16
	3193.47	0.00	11.83	1662.19
	3193.48	0.00	11.79	1675.21
	3193.49	0.00	11.78	1674.22
	3193.50	0.00	11.70	1659.30
	3193.52	0.00	11.65	1660.40
	3193.53	0.00	11.65	1661.43
	3193.54	0.00	11.66	1656.46
	3193.55	0.00	11.67	1660.46
	3193.56	0.00	11.59	1636.48
	3193.58	0.00	11.62	1628.50
	3193.59	0.00	11.64	1646.51
	3193.60	0.00	11.66	1632.52
	3193.61	0.00	11.67	1657.48
	3193.62	0.00	11.68	1664.49
	3193.63	0.00	11.69	1668.51
	3193.65	0.00	11.70	1648.51
	3193.66	0.00	11.67	1670.51
	3193.67	0.00	11.68	1649.48
	3193.68	0.00	11.69	1652.49
	3193.69	0.00	11.67	1675.53
	3193.71	0.00	11.68	1653.53
	3193.72	0.00	11.67	1675.53
	3193.73	0.00	11.67	1676.53
	3193.74	0.00	11.68	1658.53
	3193.75	0.00	11.67	1671.49
	3193.76	0.00	11.67	1675.49
	3193.78	0.00	11.69	1676.47
	3193.79	0.00	11.69	1655.48
	3193.80	0.00	11.68	1674.48
	3193.81	0.00	11.68	1675.48
	3193.82	0.00	11.65	1667.49
	3193.84	0.00	11.66	1646.48
	3193.85	0.00	11.65	1667.48
	3193.86	0.00	11.67	1647.47
	3193.87	0.00	11.67	1647.48
	3193.88	0.00	11.67	1646.48
	3193.89	0.00	11.67	1646.48
	3193.91	0.00	11.65	1641.49
	3193.92	0.00	11.67	1641.48
	3193.93	0.00	11.67	1644.48
	3193.94	0.00	11.67	1644.48
	3193.95	0.00	11.67	1645.49
	3193.96	0.00	11.68	1645.47
	3193.98	0.00	11.69	1644.47
	3193.99	0.00	11.67	1644.51
	3194.00	0.00	11.66	1645.54
	3194.01	0.00	11.67	1645.52
	3194.02	0.00	11.67	1643.53
	3194.04	0.00	11.67	1646.53
	3194.05	0.00	11.66	1645.55
	3194.06	0.00	11.69	1646.49
	3194.07	0.00	11.68	1647.51
	3194.08	0.00	11.68	1646.52
	3194.09	0.00	11.67	1646.53
	3194.11	0.00	11.67	1648.53
	3194.12	0.00	11.77	1644.28
	3194.13	0.00	11.84	1651.15
	3194.14	0.00	11.84	1649.18
	3194.15	0.00	11.80	1641.20
	3194.17	0.00	11.80	1642.21
	3194.18	0.00	11.70	1628.32
	3194.19	0.00	11.67	1631.42
	3194.20	0.00	11.69	1623.45
	3194.21	0.00	11.69	1628.46
	3194.22	0.00	11.62	1605.46
	3194.24	0.00	11.57	1588.45
	3194.25	0.00	11.63	1612.48
	3194.26	0.00	11.67	1613.50
	3194.27	0.00	11.67	1620.50
	3194.28	0.00	11.66	1613.48
	3194.30	0.00	11.69	1623.47
	3194.31	0.00	11.72	1633.48
	3194.32	0.00	11.73	1635.49
	3194.33	0.00	11.72	1638.49
	3194.34	0.00	11.71	1639.50
	3194.35	0.00	11.70	1638.48
	3194.37	0.00	11.70	1641.51
	3194.38	0.00	11.70	1643.51
	3194.39	0.00	11.70	1641.51
	3194.40	0.00	11.70	1642.53
	3194.41	0.00	11.71	1644.51
	3194.42	0.00	11.71	1642.49
	3194.44	0.00	11.71	1641.47
	3194.45	0.00	11.73	1643.45
	3194.46	0.00	11.73	1643.47
	3194.47	0.00	11.72	1641.47
	3194.48	0.00	11.72	1644.47
	3194.50	0.00	11.72	1643.46
	3194.51	0.00	11.71	1640.47
	3194.52	0.00	11.69	1635.47
	3194.53	0.00	11.69	1637.47
	3194.54	0.00	11.70	1636.47
	3194.55	0.00	11.70	1637.47
	3194.57	0.00	11.70	1637.47
	3194.58	0.00	11.70	1636.47
	3194.59	0.00	11.70	1636.45
	3194.60	0.00	11.69	1634.47
	3194.61	0.00	11.68	1632.47
	3194.63	0.00	11.70	1635.46
	3194.64	0.00	11.70	1636.47
	3194.65	0.00	11.70	1636.47
	3194.66	0.00	11.70	1636.47
	3194.67	0.00	11.70	1637.46
	3194.68	0.00	11.70	1640.47
	3194.70	0.00	11.70	1637.46
	3194.71	0.00	11.68	1638.51
	3194.72	0.00	11.68	1639.52
	3194.73	0.00	11.68	1639.53
	3194.74	0.00	11.68	1640.53
	3194.75	0.00	11.69	1639.49
	3194.77	0.00	11.68	1642.51
	3194.78	0.00	11.66	1635.52
	3194.79	0.00	11.68	1643.52
	3194.80	0.00	11.68	1642.53
	3194.81	0.00	11.80	1641.21
	3194.82	0.00	11.84	1647.15
	3194.84	0.00	11.82	1642.19
	3194.85	0.00	11.80	1641.20
	3194.86	0.00	11.79	1643.22
	3194.87	0.00	11.70	1628.30
	3194.88	0.00	11.67	1628.38
	3194.90	0.00	11.68	1628.39
	3194.91	0.00	11.67	1627.46
	3194.92	0.00	11.67	1629.47
	3194.93	0.00	11.58	1600.46
	3194.94	0.00	11.60	1614.51
	3194.95	0.00	11.65	1620.50
	3194.97	0.00	11.64	1622.51
	3194.98	0.00	11.64	1624.52
	3194.99	0.00	11.65	1625.49
	3195.00	0.00	11.68	1636.48
	3195.01	0.00	11.69	1641.50
	3195.03	0.00	11.68	1641.51
	3195.04	0.00	11.67	1644.52
	3195.05	0.00	11.67	1645.48
	3195.06	0.00	11.67	1648.50
	3195.07	0.00	11.67	1648.50
	3195.08	0.00	11.68	1650.50
	3195.10	0.00	11.65	1647.53
	3195.11	0.00	11.66	1653.53
	3195.12	0.00	11.66	1653.53
	3195.13	0.00	11.66	1655.53
	3195.14	0.00	11.66	1653.49
	3195.16	0.00	11.67	1655.49
	3195.17	0.00	11.66	1674.50
	3195.18	0.00	11.67	1652.49
	3195.19	0.00	11.67	1654.49
	3195.20	0.00	11.67	1675.48
	3195.21	0.00	11.65	1648.49
	3195.23	0.00	11.65	1648.48
	3195.24	0.00	11.63	1667.49
	3195.25	0.00	11.66	1649.48
	3195.26	0.00	11.65	1647.47
	3195.27	0.00	11.65	1651.49
	3195.28	0.00	11.65	1650.49
	3195.30	0.00	11.64	1649.49
	3195.31	0.00	11.63	1645.50
	3195.32	0.00	11.65	1650.48
	3195.33	0.00	11.65	1650.48
	3195.34	0.00	11.65	1651.49
	3195.36	0.00	11.64	1649.50
	3195.37	0.00	11.66	1651.48
	3195.38	0.00	11.65	1651.49
	3195.39	0.00	11.66	1651.48
	3195.40	0.00	11.64	1651.52
	3195.41	0.00	11.63	1651.54
	3195.43	0.00	11.63	1651.54
	3195.44	0.00	11.64	1652.53
	3195.45	0.00	11.61	1639.51
	3195.46	0.00	11.65	1653.51
	3195.47	0.00	11.64	1655.53
	3195.49	0.00	11.63	1654.55
	3195.50	0.00	11.63	1655.54
	3195.51	0.00	11.63	1656.54
	3195.52	0.00	11.74	1653.24
	3195.53	0.00	11.78	1658.18
	3195.54	0.00	11.78	1660.19
	3195.56	0.00	11.76	1676.20
	3195.57	0.00	11.75	1653.22
	3195.58	0.00	11.75	1670.18
	3195.59	0.00	11.64	1635.35
	3195.60	0.00	11.62	1640.44
	3195.62	0.00	11.63	1634.47
	3195.63	0.00	11.63	1637.48
	3195.64	0.00	11.54	1606.47
	3195.65	0.00	11.56	1617.49
	3195.66	0.00	11.55	1616.51
	3195.67	0.00	11.57	1623.50
	3195.69	0.00	11.61	1623.51
	3195.70	0.00	11.62	1631.52
	3195.71	0.00	11.60	1628.51
	3195.72	0.00	11.65	1645.49
	3195.73	0.00	11.66	1647.50
	3195.75	0.00	11.66	1650.50
	3195.76	0.00	11.69	1647.44
	3195.77	0.00	11.65	1654.51
	3195.78	0.00	11.64	1656.52
	3195.79	0.00	11.64	1653.50
	3195.80	0.00	11.64	1655.52
	3195.81	0.00	11.64	1680.53
	3195.83	0.00	11.64	1659.53
	3195.84	0.00	11.64	1658.53
	3195.85	0.00	11.63	1658.55
	3195.86	0.00	11.64	1660.54
	3195.87	0.00	11.64	1677.50
	3195.89	0.00	11.64	1677.49
	3195.90	0.00	11.65	1660.49
	3195.91	0.00	11.66	1660.49
	3195.92	0.00	11.66	1658.49
	3195.93	0.00	11.67	1660.46
	3195.94	0.00	11.66	1659.49
	3195.96	0.00	11.66	1661.48
	3195.97	0.00	11.62	1651.49
	3195.98	0.00	11.65	1651.45
	3195.99	0.00	11.64	1654.48
	3196.00	0.00	11.64	1652.48
	3196.02	0.00	11.64	1653.48
	3196.03	0.00	11.64	1651.47
	3196.04	0.00	11.63	1651.48
	3196.05	0.00	11.64	1652.48
	3196.06	0.00	11.64	1653.48
	3196.08	0.00	11.63	1653.50
	3196.09	0.00	11.65	1655.48
	3196.10	0.00	11.65	1654.48
	3196.11	0.00	11.67	1651.42
	3196.12	0.00	11.63	1651.52
	3196.13	0.00	11.64	1654.52
	3196.15	0.00	11.63	1652.53
	3196.16	0.00	11.63	1653.53
	3196.17	0.00	11.62	1653.54
	3196.18	0.00	11.63	1655.54
	3196.19	0.00	11.63	1654.52
	3196.20	0.00	11.64	1654.51
	3196.22	0.00	11.65	1658.53
	3196.23	0.00	11.64	1656.53
	3196.24	0.00	11.63	1655.53
	3196.25	0.00	11.64	1656.51
	3196.26	0.00	11.63	1658.54
	3196.27	0.00	11.78	1658.15
	3196.29	0.00	11.77	1662.19
	3196.30	0.00	11.75	1652.22
	3196.31	0.00	11.74	1655.22
	3196.32	0.00	11.74	1654.22
	3196.33	0.00	11.68	1638.22
	3196.35	0.00	11.60	1639.42
	3196.36	0.00	11.60	1631.46
	3196.37	0.00	11.61	1639.48
	3196.38	0.00	11.57	1625.47
	3196.39	0.00	11.54	1618.49
	3196.40	0.00	11.56	1631.51
	3196.42	0.00	11.56	1633.52
	3196.43	0.00	11.60	1630.50
	3196.44	0.00	11.60	1636.53
	3196.45	0.00	11.58	1638.53
	3196.46	0.00	11.61	1644.50
	3196.48	0.00	11.63	1651.53
	3196.49	0.00	11.63	1652.52
	3196.50	0.00	11.62	1655.52
	3196.51	0.00	11.60	1658.53
	3196.52	0.00	11.60	1655.51
	3196.53	0.00	11.61	1662.52
	3196.55	0.00	11.60	1663.53
	3196.56	0.00	11.60	1667.54
	3196.57	0.00	11.59	1665.56
	3196.58	0.00	11.59	1691.55
	3196.59	0.00	11.59	1691.55
	3196.61	0.00	11.59	1689.51
	3196.62	0.00	11.60	1690.50
	3196.63	0.00	11.59	1694.51
	3196.64	0.00	11.59	1696.51
	3196.65	0.00	11.59	1697.51
	3196.66	0.00	11.59	1699.51
	3196.68	0.00	11.56	1696.51
	3196.69	0.00	11.55	1694.51
	3196.70	0.00	11.55	1698.51
	3196.71	0.00	11.55	1682.52
	3196.72	0.00	11.54	1681.53
	3196.73	0.00	11.53	1685.53
	3196.75	0.00	11.52	1687.53
	3196.76	0.00	11.49	1681.54
	3196.77	0.00	11.50	1688.55
	3196.78	0.00	11.50	1693.56
	3196.79	0.00	11.48	1698.57
	3196.81	0.00	11.44	1698.58
	3196.82	0.00	11.42	1706.60
	3196.83	0.00	11.38	1709.62
	3196.84	0.00	11.37	1715.58
	3196.85	0.00	11.32	1722.67
	3196.86	0.00	11.30	1725.69
	3196.88	0.00	11.29	1727.71
	3196.89	0.00	11.28	1730.73
	3196.90	0.00	11.27	1727.72
	3196.91	0.00	11.28	1724.68
	3196.92	0.00	11.26	1724.70
	3196.94	0.00	11.26	1720.70
	3196.95	0.00	11.27	1721.71
	3196.96	0.00	11.40	1714.36
	3196.97	0.00	11.43	1713.31
	3196.98	0.00	11.43	1711.34
	3197.00	0.00	11.42	1693.36
	3197.01	0.00	11.43	1712.35
	3197.02	0.00	11.45	1712.35
	3197.03	0.00	11.36	1692.46
	3197.04	0.00	11.33	1690.58
	3197.05	0.00	11.35	1682.58
	3197.07	0.00	11.36	1685.59
	3197.08	0.00	11.29	1662.60
	3197.09	0.00	11.32	1670.61
	3197.10	0.00	11.36	1665.62
	3197.11	0.00	11.37	1668.62
	3197.12	0.00	11.34	1656.60
	3197.14	0.00	11.38	1663.58
	3197.15	0.00	11.40	1659.59
	3197.16	0.00	11.42	1644.58
	3197.17	0.00	11.40	1630.57
	3197.18	0.00	11.43	1609.55
	3197.19	0.00	11.50	1579.48
	3197.21	0.00	11.62	1526.43
	3197.22	0.00	11.74	1492.39
	3197.23	0.00	11.79	1481.35
	3197.24	0.00	11.83	1467.27
	3197.25	0.00	11.86	1449.19
	3197.26	0.00	11.88	1450.14
	3197.28	0.00	11.88	1446.12
	3197.29	0.00	11.89	1446.10
	3197.30	0.00	11.88	1442.08
	3197.31	0.00	11.90	1443.05
	3197.32	0.00	11.91	1445.04
	3197.34	0.00	11.91	1443.03
	3197.35	0.00	11.93	1438.96
	3197.36	0.00	11.91	1436.98
	3197.37	0.00	11.95	1445.97
	3197.38	0.00	12.00	1444.96
	3197.39	0.00	11.99	1442.98
	3197.41	0.00	12.00	1440.96
	3197.42	0.00	12.01	1444.95
	3197.43	0.00	12.03	1445.94
	3197.44	0.00	12.03	1445.93
	3197.45	0.00	12.02	1441.93
	3197.47	0.00	12.04	1446.92
	3197.48	0.00	12.06	1449.92
	3197.49	0.00	12.07	1447.91
	3197.50	0.00	12.06	1444.92
	3197.51	0.00	12.08	1446.90
	3197.52	0.00	12.08	1445.90
	3197.54	0.00	12.05	1443.90
	3197.55	0.00	12.06	1443.90
	3197.56	0.00	12.03	1435.90
	3197.57	0.00	12.07	1444.89
	3197.58	0.00	12.07	1444.88
	3197.59	0.00	12.07	1442.87
	3197.61	0.00	12.09	1445.87
	3197.62	0.00	12.09	1442.86
	3197.63	0.00	12.09	1444.86
	3197.64	0.00	12.10	1445.85
	3197.65	0.00	12.09	1440.83
	3197.67	0.00	12.11	1442.82
	3197.68	0.00	12.11	1440.80
	3197.69	0.00	12.12	1442.80
	3197.70	0.00	12.14	1443.77
	3197.71	0.00	12.13	1444.80
	3197.72	0.00	12.13	1443.79
	3197.74	0.00	12.10	1443.85
	3197.75	0.00	12.08	1446.88
	3197.76	0.00	12.02	1456.94
	3197.77	0.00	11.60	1520.22
	3197.78	0.00	11.17	1621.48
	3197.79	0.00	10.93	1688.62
	3197.81	0.00	10.85	1729.70
	3197.82	0.00	10.87	1761.75
	3197.83	0.00	10.92	1787.76
	3197.84	0.00	11.03	1831.79
	3197.85	0.00	11.11	1868.75
	3197.87	0.00	11.11	1900.83
	3197.88	0.00	11.09	1918.86
	3197.89	0.00	11.11	1943.90
	3197.90	0.00	11.13	1962.91
	3197.91	0.00	11.12	1964.97
	3197.92	0.00	11.18	1976.98
	3197.94	0.00	11.22	1972.95
	3197.95	0.00	11.28	1971.90
	3197.96	0.00	11.33	1966.88
	3197.97	0.00	11.39	1958.85
	3197.98	0.00	11.47	1946.82
	3198.00	0.00	11.53	1931.75
	3198.01	0.00	11.66	1936.73
	3198.02	0.00	11.67	1906.71
	3198.03	0.00	11.72	1895.69
	3198.04	0.00	11.79	1881.65
	3198.06	0.00	11.84	1862.65
	3198.07	0.00	11.93	1843.64
	3198.08	0.00	12.06	1827.62
	3198.09	0.00	12.15	1840.55
	3198.10	0.00	12.26	1833.52
	3198.11	0.00	12.41	1804.49
	3198.13	0.00	12.51	1805.46
	3198.14	0.00	12.61	1800.43
	3198.15	0.00	12.67	1812.38
	3198.16	0.00	12.78	1810.33
	3198.17	0.00	12.86	1813.28
	3198.19	0.00	12.94	1810.17
	3198.20	0.00	13.03	1822.11
	3198.21	0.00	13.10	1832.01
	3198.22	0.00	13.15	1838.99
	3198.23	0.00	13.17	1833.93
	3198.24	0.00	13.34	1860.84
	3198.26	0.00	13.50	1880.80
	3198.27	0.00	13.55	1883.77
	3198.28	0.00	13.58	1887.77
	3198.29	0.00	13.64	1887.71
	3198.30	0.00	13.64	1880.71
	3198.31	0.00	13.67	1882.64
	3198.33	0.00	13.69	1877.57
	3198.34	0.00	13.80	1877.39
	3198.35	0.00	13.85	1871.27
	3198.36	0.00	13.86	1864.20
	3198.37	0.00	13.95	1847.96
	3198.39	0.00	13.94	1807.67
	3198.40	0.00	13.93	1783.56
	3198.41	0.00	13.97	1753.38
	3198.42	0.00	13.86	1701.33
	3198.43	0.00	13.55	1635.43
	3198.44	0.00	13.20	1596.83
	3198.45	0.00	12.89	1544.10
	3198.47	0.00	12.66	1516.33
	3198.48	0.00	12.46	1486.49
	3198.49	0.00	12.43	1479.47
	3198.50	0.00	12.41	1473.47
	3198.51	0.00	12.41	1474.46
	3198.53	0.00	12.41	1472.45
	3198.54	0.00	12.41	1469.44
	3198.55	0.00	12.42	1468.44
	3198.56	0.00	12.42	1466.43
	3198.57	0.00	12.39	1454.41
	3198.58	0.00	12.29	1443.54
	3198.60	0.00	12.25	1442.62
	3198.61	0.00	12.26	1445.67
	3198.62	0.00	12.28	1446.68
	3198.63	0.00	12.29	1452.68
	3198.64	0.00	12.26	1447.69
	3198.66	0.00	12.24	1433.64
	3198.67	0.00	12.24	1441.68
	3198.68	0.00	12.27	1447.69
	3198.69	0.00	12.28	1448.70
	3198.70	0.00	12.28	1456.70
	3198.71	0.00	12.30	1459.67
	3198.73	0.00	12.29	1464.71
	3198.74	0.00	12.30	1466.68
	3198.75	0.00	12.34	1481.69
	3198.76	0.00	12.34	1484.71
	3198.77	0.00	12.35	1487.69
	3198.78	0.00	12.34	1483.68
	3198.80	0.00	12.34	1483.68
	3198.81	0.00	12.31	1473.69
	3198.82	0.00	12.29	1473.71
	3198.83	0.00	12.29	1471.70
	3198.84	0.00	12.30	1468.70
	3198.86	0.00	12.30	1469.70
	3198.87	0.00	12.32	1475.70
	3198.88	0.00	12.33	1484.69
	3198.89	0.00	12.34	1486.69
	3198.90	0.00	12.38	1485.59
	3198.91	0.00	12.35	1491.62
	3198.92	0.00	12.11	1531.69
	3198.94	0.00	11.72	1571.94
	3198.95	0.00	11.21	1706.30
	3198.96	0.00	10.97	1788.48
	3198.97	0.00	10.87	1870.58
	3198.98	0.00	10.87	1886.65
	3199.00	0.00	11.00	1941.68
	3199.01	0.00	11.05	1977.70
	3199.02	0.00	11.05	2000.73
	3199.03	0.00	11.08	2025.76
	3199.04	0.00	11.14	2051.79
	3199.05	0.00	11.19	2068.82
	3199.07	0.00	11.23	2079.86
	3199.08	0.00	11.28	2102.85
	3199.09	0.00	11.34	2098.78
	3199.10	0.00	11.40	2094.79
	3199.11	0.00	11.45	2080.77
	3199.13	0.00	11.53	2068.75
	3199.14	0.00	11.65	2053.61
	3199.15	0.00	11.72	2040.59
	3199.16	0.00	11.78	2025.56
	3199.17	0.00	11.84	2011.52
	3199.19	0.00	11.89	1994.51
	3199.20	0.00	11.92	1953.57
	3199.21	0.00	11.98	1947.55
	3199.22	0.00	12.04	1940.51
	3199.23	0.00	12.11	1933.47
	3199.25	0.00	12.19	1923.42
	3199.26	0.00	12.33	1914.36
	3199.27	0.00	12.40	1901.33
	3199.28	0.00	12.48	1885.26
	3199.29	0.00	12.65	1870.22
	3199.30	0.00	12.73	1858.21
	3199.32	0.00	12.74	1875.19
	3199.33	0.00	12.77	1880.19
	3199.34	0.00	12.83	1883.17
	3199.35	0.00	12.91	1896.13
	3199.36	0.00	12.97	1900.10
	3199.37	0.00	13.03	1900.02
	3199.39	0.00	13.14	1873.94
	3199.40	0.00	13.21	1885.88
	3199.41	0.00	13.25	1887.84
	3199.42	0.00	13.40	1904.78
	3199.43	0.00	13.43	1901.75
	3199.45	0.00	13.51	1907.66
	3199.46	0.00	13.71	1927.47
	3199.47	0.00	13.79	1924.38
	3199.48	0.00	13.84	1921.30
	3199.49	0.00	13.90	1919.17
	3199.50	0.00	13.98	1906.97
	3199.52	0.00	14.13	1906.74
	3199.53	0.00	14.07	1881.67
	3199.54	0.00	14.12	1859.55
	3199.55	0.00	14.10	1838.50
	3199.56	0.00	14.06	1793.43
	3199.58	0.00	14.00	1755.39
	3199.59	0.00	13.84	1704.45
	3199.60	0.00	13.57	1648.62
	3199.61	0.00	12.97	1565.11
	3199.62	0.00	12.64	1513.36
	3199.63	0.00	12.39	1478.59
	3199.65	0.00	12.26	1464.72
	3199.66	0.00	12.25	1466.71
	3199.67	0.00	12.25	1473.69
	3199.68	0.00	12.27	1475.67
	3199.69	0.00	12.24	1471.70
	3199.70	0.00	12.27	1476.67
	3199.72	0.00	12.25	1468.66
	3199.73	0.00	12.25	1464.66
	3199.74	0.00	12.25	1466.67
	3199.75	0.00	12.24	1465.67
	3199.76	0.00	12.42	1470.34
	3199.77	0.00	12.40	1468.37
	3199.79	0.00	12.39	1469.41
	3199.80	0.00	12.36	1461.42
	3199.81	0.00	12.37	1466.44
	3199.82	0.00	12.36	1466.45
	3199.83	0.00	12.36	1467.46
	3199.85	0.00	12.25	1466.64
	3199.86	0.00	12.26	1473.66
	3199.87	0.00	12.28	1478.66
	3199.88	0.00	12.32	1490.65
	3199.89	0.00	12.38	1483.65
	3199.90	0.00	12.39	1483.60
	3199.92	0.00	12.41	1488.60
	3199.93	0.00	12.40	1486.61
	3199.94	0.00	12.40	1486.61
	3199.95	0.00	12.41	1489.61
	3199.96	0.00	12.39	1487.61
	3199.97	0.00	12.39	1487.61
	3199.99	0.00	12.38	1487.62
	3200.00	0.00	12.43	1491.57
	3200.01	0.00	12.43	1492.57
	3200.02	0.00	12.42	1493.58
	3200.03	0.00	12.41	1493.59
	3200.05	0.00	12.40	1491.61
	3200.06	0.00	12.40	1491.60
	3200.07	0.00	12.40	1491.60
	3200.08	0.00	12.38	1485.61
	3200.09	0.00	12.03	1532.84
	3200.10	0.00	11.60	1594.17
	3200.12	0.00	11.10	1713.49
	3200.13	0.00	10.69	1832.69
	3200.14	0.00	10.53	1897.80
	3200.15	0.00	10.53	1910.86
	3200.16	0.00	10.57	1968.80
	3200.17	0.00	10.63	2011.82
	3200.19	0.00	10.79	2034.83
	3200.20	0.00	10.90	2069.84
	3200.21	0.00	10.97	2119.87
	3200.22	0.00	11.03	2139.89
	3200.23	0.00	11.09	2156.89
	3200.25	0.00	11.15	2167.90
	3200.26	0.00	11.19	2162.89
	3200.27	0.00	11.25	2155.87
	3200.28	0.00	11.30	2151.88
	3200.29	0.00	11.33	2144.85
	3200.31	0.00	11.35	2126.84
	3200.32	0.00	11.38	2112.83
	3200.33	0.00	11.44	2101.75
	3200.34	0.00	11.45	2076.74
	3200.35	0.00	11.49	2069.73
	3200.36	0.00	11.54	2057.71
	3200.38	0.00	11.63	2043.58
	3200.39	0.00	11.67	2036.54
	3200.40	0.00	11.70	2025.52
	3200.41	0.00	11.69	2014.56
	3200.42	0.00	11.68	2006.63
	3200.44	0.00	11.70	2003.61
	3200.45	0.00	11.74	2001.60
	3200.46	0.00	11.76	2004.59
	3200.47	0.00	11.78	2000.54
	3200.48	0.00	11.83	2012.55
	3200.50	0.00	11.87	2008.54
	3200.51	0.00	11.93	2009.53
	3200.52	0.00	12.00	2008.47
	3200.53	0.00	12.10	2010.40
	3200.54	0.00	12.18	2003.43
	3200.55	0.00	12.30	1985.40
	3200.57	0.00	12.43	1973.36
	3200.58	0.00	12.62	1950.33
	3200.59	0.00	12.80	1932.24
	3200.60	0.00	12.91	1927.14
	3200.61	0.00	13.01	1923.98
	3200.62	0.00	13.07	1922.90
	3200.64	0.00	13.13	1920.81
	3200.65	0.00	13.21	1913.70
	3200.66	0.00	13.25	1902.62
	3200.67	0.00	13.32	1889.45
	3200.68	0.00	13.35	1883.42
	3200.70	0.00	13.45	1854.25
	3200.71	0.00	13.56	1851.02
	3200.72	0.00	13.61	1826.88
	3200.73	0.00	13.68	1816.77
	3200.74	0.00	13.73	1802.64
	3200.75	0.00	13.85	1813.61
	3200.77	0.00	13.70	1769.60
	3200.78	0.00	13.65	1744.61
	3200.79	0.00	13.40	1704.90
	3200.80	0.00	13.08	1663.33
	3200.81	0.00	12.90	1619.44
	3200.82	0.00	12.65	1573.66
	3200.84	0.00	12.45	1544.82
	3200.85	0.00	12.31	1517.89
	3200.86	0.00	12.27	1517.93
	3200.87	0.00	12.29	1520.86
	3200.88	0.00	12.30	1520.86
	3200.90	0.00	12.30	1519.87
	3200.91	0.00	12.28	1507.86
	3200.92	0.00	12.28	1506.86
	3200.93	0.00	12.27	1501.86
	3200.94	0.00	12.27	1500.87
	3200.95	0.00	12.27	1500.86
	3200.97	0.00	12.26	1498.87
	3200.98	0.00	12.26	1499.87
	3200.99	0.00	12.42	1500.53
	3201.00	0.00	12.41	1503.57
	3201.01	0.00	12.41	1503.58
	3201.03	0.00	12.41	1499.59
	3201.04	0.00	12.39	1500.61
	3201.05	0.00	12.39	1501.63
	3201.06	0.00	12.34	1488.65
	3201.07	0.00	12.29	1491.76
	3201.08	0.00	12.28	1487.82
	3201.10	0.00	12.26	1493.88
	3201.11	0.00	12.27	1501.87
	3201.12	0.00	12.28	1505.87
	3201.13	0.00	12.29	1509.86
	3201.14	0.00	12.29	1502.81
	3201.15	0.00	12.30	1503.82
	3201.17	0.00	12.30	1504.82
	3201.18	0.00	12.30	1502.82
	3201.19	0.00	12.30	1502.80
	3201.20	0.00	12.30	1500.79
	3201.21	0.00	12.31	1501.78
	3201.22	0.00	12.31	1498.76
	3201.24	0.00	12.34	1504.74
	3201.25	0.00	12.33	1504.74
	3201.26	0.00	12.33	1503.75
	3201.27	0.00	12.33	1503.75
	3201.28	0.00	12.34	1507.75
	3201.30	0.00	12.34	1509.75
	3201.31	0.00	12.35	1510.74
	3201.32	0.00	12.33	1510.75
	3201.33	0.00	12.07	1540.92
	3201.34	0.00	11.73	1595.13
	3201.35	0.00	11.18	1722.46
	3201.37	0.00	10.81	1836.70
	3201.38	0.00	10.53	1930.84
	3201.39	0.00	10.51	1947.90
	3201.40	0.00	10.55	1995.85
	3201.41	0.00	10.59	1992.84
	3201.42	0.00	10.76	2053.86
	3201.44	0.00	10.85	2091.88
	3201.45	0.00	10.88	2103.89
	3201.46	0.00	10.91	2108.91
	3201.47	0.00	10.96	2115.92
	3201.48	0.00	11.00	2139.96
	3201.50	0.00	11.06	2134.94
	3201.51	0.00	11.10	2119.91
	3201.52	0.00	11.16	2104.90
	3201.53	0.00	11.21	2088.89
	3201.54	0.00	11.25	2070.87
	3201.56	0.00	11.34	2045.83
	3201.57	0.00	11.41	2030.80
	3201.58	0.00	11.47	2012.79
	3201.59	0.00	11.52	1999.78
	3201.60	0.00	11.57	2009.76
	3201.61	0.00	11.64	1996.63
	3201.63	0.00	11.71	1992.61
	3201.64	0.00	11.76	1987.60
	3201.65	0.00	11.76	1978.68
	3201.66	0.00	11.80	1979.71
	3201.67	0.00	11.86	1974.72
	3201.69	0.00	11.86	1978.71
	3201.70	0.00	11.91	1980.67
	3201.71	0.00	11.99	1988.57
	3201.72	0.00	12.02	1988.66
	3201.73	0.00	12.09	1994.65
	3201.75	0.00	12.20	2002.60
	3201.76	0.00	12.33	1991.55
	3201.77	0.00	12.43	1977.56
	3201.78	0.00	12.58	1949.49
	3201.79	0.00	12.73	1932.47
	3201.80	0.00	12.89	1911.39
	3201.82	0.00	13.03	1904.30
	3201.83	0.00	13.14	1905.12
	3201.84	0.00	13.19	1908.07
	3201.85	0.00	13.25	1908.99
	3201.86	0.00	13.30	1910.94
	3201.87	0.00	13.31	1899.88
	3201.89	0.00	13.37	1895.75
	3201.90	0.00	13.42	1892.64
	3201.91	0.00	13.58	1904.52
	3201.92	0.00	13.63	1904.45
	3201.93	0.00	13.64	1889.42
	3201.95	0.00	13.66	1879.37
	3201.96	0.00	13.69	1870.31
	3201.97	0.00	13.68	1835.22
	3201.98	0.00	13.64	1770.11
	3201.99	0.00	13.61	1740.02
	3202.01	0.00	13.43	1680.94
	3202.02	0.00	13.33	1640.92
	3202.03	0.00	13.04	1603.25
	3202.04	0.00	12.86	1571.36
	3202.05	0.00	12.71	1552.42
	3202.06	0.00	12.53	1533.59
	3202.08	0.00	12.33	1497.72
	3202.09	0.00	12.23	1490.86
	3202.10	0.00	12.25	1497.87
	3202.11	0.00	12.26	1497.86
	3202.12	0.00	12.27	1500.86
	3202.13	0.00	12.34	1500.73
	3202.15	0.00	12.25	1482.81
	3202.16	0.00	12.29	1492.81
	3202.17	0.00	12.28	1492.81
	3202.18	0.00	12.27	1490.82
	3202.19	0.00	12.31	1490.77
	3202.20	0.00	12.30	1489.77
	3202.22	0.00	12.28	1481.78
	3202.23	0.00	12.28	1482.78
	3202.24	0.00	12.28	1483.78
	3202.25	0.00	12.28	1482.78
	3202.26	0.00	12.27	1482.79
	3202.28	0.00	12.27	1482.80
	3202.29	0.00	12.31	1481.70
	3202.30	0.00	12.46	1486.42
	3202.31	0.00	12.47	1491.43
	3202.32	0.00	12.47	1494.43
	3202.33	0.00	12.44	1485.47
	3202.35	0.00	12.45	1488.47
	3202.36	0.00	12.45	1488.47
	3202.37	0.00	12.44	1486.48
	3202.38	0.00	12.45	1491.48
	3202.39	0.00	12.43	1471.41
	3202.40	0.00	12.34	1470.58
	3202.42	0.00	12.30	1473.66
	3202.43	0.00	12.33	1476.68
	3202.44	0.00	12.31	1476.72
	3202.45	0.00	12.30	1478.75
	3202.46	0.00	12.30	1469.69
	3202.48	0.00	12.30	1478.72
	3202.49	0.00	12.32	1478.70
	3202.50	0.00	12.32	1481.71
	3202.51	0.00	12.31	1476.70
	3202.52	0.00	12.33	1483.69
	3202.53	0.00	12.33	1484.69
	3202.55	0.00	12.38	1486.60
	3202.56	0.00	12.31	1492.72
	3202.57	0.00	12.00	1535.87
	3202.58	0.00	11.60	1619.21
	3202.59	0.00	11.18	1715.47
	3202.60	0.00	10.82	1812.61
	3202.62	0.00	10.75	1851.72
	3202.63	0.00	10.65	1887.80
	3202.64	0.00	10.60	1906.83
	3202.65	0.00	10.56	1933.87
	3202.66	0.00	10.58	1997.92
	3202.67	0.00	10.67	2041.95
	3202.69	0.00	10.75	2082.96
	3202.70	0.00	10.81	2099.88
	3202.71	0.00	10.84	2110.90
	3202.72	0.00	10.84	2105.93
	3202.73	0.00	10.90	2112.92
	3202.75	0.00	10.95	2111.91
	3202.76	0.00	11.02	2107.90
	3202.77	0.00	11.08	2103.87
	3202.78	0.00	11.14	2090.85
	3202.79	0.00	11.21	2078.83
	3202.81	0.00	11.28	2065.80
	3202.82	0.00	11.33	2034.79
	3202.83	0.00	11.38	2020.81
	3202.84	0.00	11.46	2007.78
	3202.85	0.00	11.52	1996.76
	3202.87	0.00	11.60	1989.71
	3202.88	0.00	11.64	1986.73
	3202.89	0.00	11.71	1979.69
	3202.90	0.00	11.76	1971.67
	3202.91	0.00	11.85	1966.52
	3202.92	0.00	11.90	1965.54
	3202.94	0.00	11.97	1961.49
	3202.95	0.00	12.01	1957.47
	3202.96	0.00	12.02	1951.54
	3202.97	0.00	12.07	1948.55
	3202.98	0.00	12.14	1960.50
	3203.00	0.00	12.26	1952.46
	3203.01	0.00	12.38	1925.38
	3203.02	0.00	12.53	1911.34
	3203.03	0.00	12.69	1882.30
	3203.04	0.00	12.78	1876.22
	3203.05	0.00	12.90	1875.08
	3203.07	0.00	12.97	1879.00
	3203.08	0.00	13.01	1869.91
	3203.09	0.00	13.07	1878.85
	3203.10	0.00	13.14	1874.74
	3203.11	0.00	13.19	1852.73
	3203.13	0.00	13.24	1856.65
	3203.14	0.00	13.29	1854.58
	3203.15	0.00	13.45	1877.50
	3203.16	0.00	13.51	1871.41
	3203.17	0.00	13.54	1858.33
	3203.18	0.00	13.67	1875.16
	3203.20	0.00	13.77	1867.96
	3203.21	0.00	13.87	1863.78
	3203.22	0.00	13.92	1854.70
	3203.23	0.00	13.95	1848.62
	3203.24	0.00	13.98	1836.55
	3203.25	0.00	13.98	1811.47
	3203.27	0.00	13.85	1763.42
	3203.28	0.00	13.77	1725.41
	3203.29	0.00	13.43	1676.88
	3203.30	0.00	13.21	1630.07
	3203.31	0.00	12.90	1587.39
	3203.32	0.00	12.62	1554.67
	3203.34	0.00	12.45	1520.71
	3203.35	0.00	12.37	1498.71
	3203.36	0.00	12.36	1501.73
	3203.37	0.00	12.34	1494.73
	3203.38	0.00	12.33	1493.72
	3203.40	0.00	12.34	1492.71
	3203.41	0.00	12.32	1489.73
	3203.42	0.00	12.35	1489.68
	3203.43	0.00	12.30	1481.73
	3203.44	0.00	12.31	1478.72
	3203.45	0.00	12.29	1477.75
	3203.47	0.00	12.29	1479.77
	3203.48	0.00	12.29	1479.78
	3203.49	0.00	12.27	1476.79
	3203.50	0.00	12.29	1479.78
	3203.51	0.00	12.28	1480.80
	3203.52	0.00	12.28	1479.80
	3203.54	0.00	12.28	1482.81
	3203.55	0.00	12.29	1478.76
	3203.56	0.00	12.29	1483.77
	3203.57	0.00	12.31	1484.76
	3203.58	0.00	12.31	1485.77
	3203.60	0.00	12.30	1486.79
	3203.61	0.00	12.28	1479.78
	3203.62	0.00	12.29	1484.78
	3203.63	0.00	12.27	1474.78
	3203.64	0.00	12.44	1481.48
	3203.65	0.00	12.45	1482.45
	3203.67	0.00	12.45	1480.45
	3203.68	0.00	12.44	1481.47
	3203.69	0.00	12.46	1475.42
	3203.70	0.00	12.42	1479.50
	3203.71	0.00	12.41	1477.51
	3203.72	0.00	12.32	1467.63
	3203.74	0.00	12.30	1467.67
	3203.75	0.00	12.27	1465.72
	3203.76	0.00	12.25	1464.74
	3203.77	0.00	12.26	1468.75
	3203.78	0.00	12.27	1466.76
	3203.79	0.00	12.09	1492.88
	3203.81	0.00	11.91	1553.94
	3203.82	0.00	11.39	1657.26
	3203.83	0.00	11.02	1757.51
	3203.84	0.00	10.82	1818.63
	3203.85	0.00	10.75	1852.71
	3203.87	0.00	10.75	1877.74
	3203.88	0.00	10.82	1907.76
	3203.89	0.00	10.93	1952.78
	3203.90	0.00	10.94	1973.82
	3203.91	0.00	10.95	2005.86
	3203.93	0.00	10.92	2009.89
	3203.94	0.00	10.98	2044.95
	3203.95	0.00	11.01	2057.98
	3203.96	0.00	11.07	2072.99
	3203.97	0.00	11.14	2077.95
	3203.98	0.00	11.19	2079.92
	3204.00	0.00	11.24	2076.90
	3204.01	0.00	11.29	2069.87
	3204.02	0.00	11.34	2059.85
	3204.03	0.00	11.39	2051.81
	3204.04	0.00	11.45	2040.79
	3204.06	0.00	11.52	2033.77
	3204.07	0.00	11.55	2017.78
	3204.08	0.00	11.62	2036.73
	3204.09	0.00	11.67	2025.73
	3204.10	0.00	11.69	2011.73
	3204.11	0.00	11.74	1990.73
	3204.13	0.00	11.77	1988.74
	3204.14	0.00	11.83	1990.72
	3204.15	0.00	11.86	1985.70
	3204.16	0.00	11.93	1994.69
	3204.17	0.00	11.99	1998.70
	3204.19	0.00	12.04	2021.68
	3204.20	0.00	12.13	2004.61
	3204.21	0.00	12.24	2026.48
	3204.22	0.00	12.37	2011.47
	3204.23	0.00	12.50	1988.45
	3204.25	0.00	12.66	1975.39
	3204.26	0.00	12.74	1951.48
	3204.27	0.00	12.94	1928.41
	3204.28	0.00	13.08	1915.30
	3204.29	0.00	13.19	1910.11
	3204.30	0.00	13.35	1930.06
	3204.32	0.00	13.44	1935.02
	3204.33	0.00	13.48	1936.98
	3204.34	0.00	13.54	1943.91
	3204.35	0.00	13.65	1953.76
	3204.36	0.00	13.84	1976.71
	3204.37	0.00	13.95	1984.62
	3204.39	0.00	14.01	1983.56
	3204.40	0.00	14.09	1990.46
	3204.41	0.00	14.14	1988.39
	3204.42	0.00	14.19	1982.32
	3204.43	0.00	14.21	1978.31
	3204.45	0.00	14.20	1964.25
	3204.46	0.00	14.25	1942.00
	3204.47	0.00	14.36	1918.70
	3204.48	0.00	14.22	1841.49
	3204.49	0.00	14.16	1787.41
	3204.50	0.00	13.99	1698.38
	3204.52	0.00	13.65	1621.59
	3204.53	0.00	13.06	1547.04
	3204.54	0.00	12.67	1489.31
	3204.55	0.00	12.45	1447.43
	3204.56	0.00	12.33	1426.53
	3204.57	0.00	12.31	1431.53
	3204.59	0.00	12.27	1436.55
	3204.60	0.00	12.29	1437.51
	3204.61	0.00	12.29	1436.52
	3204.62	0.00	12.29	1439.52
	3204.63	0.00	12.29	1441.53
	3204.64	0.00	12.27	1439.58
	3204.66	0.00	12.25	1437.60
	3204.67	0.00	12.25	1443.64
	3204.68	0.00	12.25	1445.65
	3204.69	0.00	12.27	1452.64
	3204.70	0.00	12.27	1458.66
	3204.72	0.00	12.27	1457.66
	3204.73	0.00	12.24	1450.67
	3204.74	0.00	12.24	1449.67
	3204.75	0.00	12.26	1458.68
	3204.76	0.00	12.27	1461.68
	3204.77	0.00	12.30	1468.67
	3204.79	0.00	12.29	1469.69
	3204.80	0.00	12.30	1470.67
	3204.81	0.00	12.31	1472.67
	3204.82	0.00	12.32	1473.67
	3204.83	0.00	12.33	1474.66
	3204.84	0.00	12.34	1473.65
	3204.86	0.00	12.35	1474.63
	3204.87	0.00	12.32	1470.67
	3204.88	0.00	12.31	1472.69
	3204.89	0.00	12.31	1475.72
	3204.90	0.00	12.33	1478.68
	3204.92	0.00	12.33	1474.68
	3204.93	0.00	12.33	1474.68
	3204.94	0.00	12.33	1476.68
	3204.95	0.00	12.32	1477.70
	3204.96	0.00	12.36	1477.63
	3204.97	0.00	12.34	1477.65
	3204.99	0.00	12.34	1481.66
	3205.00	0.00	12.35	1486.67
	3205.01	0.00	12.36	1490.65
	3205.02	0.00	12.37	1488.65
	3205.03	0.00	12.37	1488.64
	3205.04	0.00	12.37	1487.63
	3205.06	0.00	12.36	1486.63
	3205.07	0.00	12.22	1496.87
	3205.08	0.00	11.60	1601.27
	3205.09	0.00	10.79	1800.58
	3205.10	0.00	10.30	1962.83
	3205.11	0.00	10.14	2032.98
	3205.13	0.00	10.16	2042.03
	3205.14	0.00	10.25	2033.03
	3205.15	0.00	10.28	2041.08
	3205.16	0.00	10.28	2054.15
	3205.17	0.00	10.43	2107.18
	3205.19	0.00	10.54	2103.19
	3205.20	0.00	10.64	2115.13
	3205.21	0.00	10.77	2167.15
	3205.22	0.00	10.88	2168.12
	3205.23	0.00	10.98	2158.08
	3205.25	0.00	11.08	2141.02
	3205.26	0.00	11.18	2121.96
	3205.27	0.00	11.26	2100.92
	3205.28	0.00	11.32	2074.90
	3205.29	0.00	11.45	2055.89
	3205.30	0.00	11.61	2021.83
	3205.32	0.00	11.73	1992.77
	3205.33	0.00	11.84	1962.71
	3205.34	0.00	11.99	1941.59
	3205.35	0.00	12.18	1908.49
	3205.36	0.00	12.43	1866.36
	3205.38	0.00	12.67	1806.24
	3205.39	0.00	12.85	1789.09
	3205.40	0.00	13.00	1790.85
	3205.41	0.00	13.06	1788.82
	3205.42	0.00	13.08	1790.81
	3205.43	0.00	13.09	1787.78
	3205.45	0.00	13.13	1794.75
	3205.46	0.00	13.16	1796.69
	3205.47	0.00	13.31	1810.61
	3205.48	0.00	13.37	1817.58
	3205.49	0.00	13.41	1824.57
	3205.50	0.00	13.48	1834.53
	3205.52	0.00	13.55	1846.52
	3205.53	0.00	13.63	1852.49
	3205.54	0.00	13.82	1881.46
	3205.55	0.00	13.93	1897.41
	3205.56	0.00	14.01	1912.41
	3205.57	0.00	14.12	1934.40
	3205.59	0.00	14.21	1949.37
	3205.60	0.00	14.28	1958.33
	3205.61	0.00	14.34	1966.30
	3205.62	0.00	14.37	1973.26
	3205.63	0.00	14.42	1956.09
	3205.65	0.00	14.57	1946.74
	3205.66	0.00	14.67	1923.49
	3205.67	0.00	14.63	1889.39
	3205.68	0.00	14.46	1834.40
	3205.69	0.00	13.99	1761.87
	3205.70	0.00	13.51	1671.16
	3205.72	0.00	12.93	1554.29
	3205.73	0.00	12.27	1443.58
	3205.74	0.00	11.97	1411.94
	3205.75	0.00	11.83	1380.06
	3205.76	0.00	11.97	1420.95
	3205.77	0.00	11.96	1399.96
	3205.79	0.00	12.05	1425.91
	3205.80	0.00	12.09	1430.87
	3205.81	0.00	12.09	1426.88
	3205.82	0.00	12.09	1427.90
	3205.83	0.00	11.96	1389.01
	3205.85	0.00	11.93	1379.00
	3205.86	0.00	12.05	1406.87
	3205.87	0.00	12.10	1422.86
	3205.88	0.00	12.11	1425.86
	3205.89	0.00	12.14	1434.84
	3205.90	0.00	12.14	1438.84
	3205.92	0.00	12.14	1440.84
	3205.93	0.00	12.22	1450.73
	3205.94	0.00	12.17	1447.81
	3205.95	0.00	12.21	1457.81
	3205.96	0.00	12.20	1457.82
	3205.97	0.00	12.20	1459.82
	3205.99	0.00	12.19	1453.81
	3206.00	0.00	12.18	1458.86
	3206.01	0.00	12.19	1463.86
	3206.02	0.00	12.20	1466.86
	3206.03	0.00	12.21	1474.87
	3206.04	0.00	12.25	1482.84
	3206.06	0.00	12.25	1482.84
	3206.07	0.00	12.26	1490.84
	3206.08	0.00	12.27	1485.79
	3206.09	0.00	12.28	1488.78
	3206.10	0.00	12.30	1488.75
	3206.12	0.00	12.32	1490.73
	3206.13	0.00	12.31	1486.73
	3206.14	0.00	12.33	1491.70
	3206.15	0.00	12.33	1489.68
	3206.16	0.00	12.34	1491.67
	3206.17	0.00	12.34	1491.67
	3206.18	0.00	12.34	1492.67
	3206.20	0.00	12.33	1491.67
	3206.21	0.00	12.35	1493.66
	3206.22	0.00	12.23	1496.86
	3206.23	0.00	11.63	1595.14
	3206.24	0.00	10.73	1801.58
	3206.26	0.00	10.06	1984.93
	3206.27	0.00	9.96	2047.07
	3206.28	0.00	10.05	2043.09
	3206.29	0.00	10.19	2011.09
	3206.30	0.00	10.26	2009.13
	3206.32	0.00	10.29	2087.21
	3206.33	0.00	10.40	2147.30
	3206.34	0.00	10.55	2199.33
	3206.35	0.00	10.63	2228.34
	3206.36	0.00	10.71	2234.30
	3206.37	0.00	10.79	2225.29
	3206.39	0.00	10.86	2194.25
	3206.40	0.00	10.99	2195.19
	3206.41	0.00	11.12	2172.03
	3206.42	0.00	11.26	2153.98
	3206.43	0.00	11.37	2113.92
	3206.45	0.00	11.53	2082.92
	3206.46	0.00	11.69	2029.87
	3206.47	0.00	11.88	1989.78
	3206.48	0.00	12.10	1934.66
	3206.49	0.00	12.37	1875.44
	3206.50	0.00	12.67	1810.36
	3206.52	0.00	12.77	1793.21
	3206.53	0.00	12.82	1785.09
	3206.54	0.00	12.88	1779.96
	3206.55	0.00	12.92	1754.93
	3206.56	0.00	12.96	1754.86
	3206.58	0.00	12.99	1749.78
	3206.59	0.00	12.99	1744.77
	3206.60	0.00	13.02	1749.76
	3206.61	0.00	13.04	1745.71
	3206.62	0.00	13.08	1750.67
	3206.63	0.00	13.12	1756.65
	3206.65	0.00	13.30	1784.56
	3206.66	0.00	13.37	1796.54
	3206.67	0.00	13.47	1811.46
	3206.68	0.00	13.56	1826.46
	3206.69	0.00	13.63	1845.45
	3206.70	0.00	13.71	1860.41
	3206.72	0.00	13.90	1891.40
	3206.73	0.00	13.98	1908.39
	3206.74	0.00	14.10	1926.35
	3206.75	0.00	14.17	1938.33
	3206.76	0.00	14.29	1950.21
	3206.77	0.00	14.47	1960.97
	3206.79	0.00	14.55	1962.83
	3206.80	0.00	14.59	1958.76
	3206.81	0.00	14.66	1945.58
	3206.82	0.00	14.71	1934.47
	3206.83	0.00	14.67	1907.42
	3206.85	0.00	14.60	1873.40
	3206.86	0.00	14.42	1815.43
	3206.87	0.00	13.98	1745.82
	3206.88	0.00	13.45	1653.27
	3206.89	0.00	12.91	1555.47
	3206.90	0.00	12.41	1444.69
	3206.92	0.00	11.92	1368.93
	3206.93	0.00	11.86	1365.00
	3206.94	0.00	11.86	1375.03
	3206.95	0.00	11.86	1377.02
	3206.96	0.00	11.91	1385.01
	3206.97	0.00	11.93	1391.03
	3206.99	0.00	11.94	1394.04
	3207.00	0.00	11.96	1400.04
	3207.01	0.00	11.99	1406.03
	3207.02	0.00	12.01	1409.02
	3207.03	0.00	12.04	1413.99
	3207.05	0.00	12.01	1408.00
	3207.06	0.00	12.03	1412.00
	3207.07	0.00	12.04	1412.99
	3207.08	0.00	12.07	1411.92
	3207.09	0.00	12.06	1412.94
	3207.10	0.00	12.05	1409.93
	3207.11	0.00	12.05	1407.92
	3207.13	0.00	12.03	1406.94
	3207.14	0.00	12.14	1440.88
	3207.15	0.00	12.14	1441.87
	3207.16	0.00	12.16	1449.87
	3207.17	0.00	12.33	1458.58
	3207.19	0.00	12.30	1466.70
	3207.20	0.00	12.30	1470.71
	3207.21	0.00	12.32	1475.70
	3207.22	0.00	12.32	1474.70
	3207.23	0.00	12.30	1475.73
	3207.24	0.00	12.30	1474.73
	3207.26	0.00	12.23	1467.82
	3207.27	0.00	12.24	1470.82
	3207.28	0.00	12.23	1468.85
	3207.29	0.00	12.23	1467.84
	3207.30	0.00	12.23	1467.85
	3207.31	0.00	12.24	1468.84
	3207.33	0.00	12.22	1467.86
	3207.34	0.00	12.27	1468.77
	3207.35	0.00	12.27	1469.76
	3207.36	0.00	12.28	1473.76
	3207.37	0.00	12.31	1478.72
	3207.39	0.00	12.30	1484.75
	3207.40	0.00	12.32	1485.75
	3207.41	0.00	12.27	1488.81
	3207.42	0.00	11.71	1576.27
	3207.43	0.00	10.66	1852.86
	3207.44	0.00	10.00	2082.26
	3207.45	0.00	10.07	2077.30
	3207.47	0.00	10.33	2013.22
	3207.48	0.00	10.42	2007.16
	3207.49	0.00	10.63	2115.18
	3207.50	0.00	10.29	2038.24
	3207.51	0.00	10.69	2170.26
	3207.53	0.00	10.72	2185.26
	3207.54	0.00	10.84	2221.20
	3207.55	0.00	10.90	2237.20
	3207.56	0.00	10.93	2222.17
	3207.57	0.00	11.47	2179.64
	3207.59	0.00	11.06	2201.10
	3207.60	0.00	11.13	2184.06
	3207.61	0.00	11.19	2160.02
	3207.62	0.00	11.25	2138.99
	3207.63	0.00	11.32	2112.95
	3207.65	0.00	11.41	2071.90
	3207.66	0.00	11.53	2040.86
	3207.67	0.00	11.64	2007.85
	3207.68	0.00	11.72	1967.81
	3207.69	0.00	11.85	1954.76
	3207.70	0.00	12.03	1919.68
	3207.72	0.00	12.26	1865.53
	3207.73	0.00	12.52	1831.46
	3207.74	0.00	12.63	1814.36
	3207.75	0.00	12.73	1815.18
	3207.76	0.00	12.80	1800.00
	3207.78	0.00	12.84	1793.98
	3207.79	0.00	12.85	1775.94
	3207.80	0.00	12.89	1747.86
	3207.81	0.00	12.87	1738.89
	3207.82	0.00	13.00	1754.89
	3207.83	0.00	13.05	1756.86
	3207.85	0.00	13.12	1755.84
	3207.86	0.00	13.16	1757.82
	3207.87	0.00	13.21	1757.79
	3207.88	0.00	13.43	1787.73
	3207.89	0.00	13.55	1803.69
	3207.90	0.00	13.60	1814.69
	3207.92	0.00	13.74	1840.63
	3207.93	0.00	13.83	1852.57
	3207.94	0.00	13.94	1867.46
	3207.95	0.00	14.02	1891.43
	3207.96	0.00	14.14	1907.31
	3207.97	0.00	14.23	1914.23
	3207.99	0.00	14.28	1934.26
	3208.00	0.00	14.37	1940.09
	3208.01	0.00	14.47	1937.89
	3208.02	0.00	14.53	1918.67
	3208.03	0.00	14.50	1898.62
	3208.05	0.00	14.51	1875.48
	3208.06	0.00	14.39	1824.42
	3208.07	0.00	14.19	1760.46
	3208.08	0.00	13.78	1685.77
	3208.09	0.00	13.09	1604.30
	3208.10	0.00	12.74	1530.46
	3208.12	0.00	12.32	1459.63
	3208.13	0.00	12.05	1421.91
	3208.14	0.00	12.00	1411.93
	3208.15	0.00	12.03	1419.90
	3208.16	0.00	12.02	1420.92
	3208.17	0.00	12.01	1413.92
	3208.19	0.00	11.97	1392.89
	3208.20	0.00	11.99	1396.90
	3208.21	0.00	11.98	1401.96
	3208.22	0.00	11.97	1393.92
	3208.23	0.00	11.99	1405.95
	3208.25	0.00	12.00	1406.95
	3208.26	0.00	12.00	1403.96
	3208.27	0.00	12.01	1408.95
	3208.28	0.00	12.00	1407.96
	3208.29	0.00	12.01	1407.95
	3208.30	0.00	11.99	1402.96
	3208.31	0.00	12.01	1408.94
	3208.33	0.00	12.02	1408.93
	3208.34	0.00	12.03	1408.92
	3208.35	0.00	12.02	1412.95
	3208.36	0.00	12.06	1415.91
	3208.37	0.00	12.06	1412.90
	3208.39	0.00	12.07	1416.90
	3208.40	0.00	12.11	1432.89
	3208.41	0.00	12.14	1441.86
	3208.42	0.00	12.15	1441.86
	3208.43	0.00	12.14	1439.86
	3208.44	0.00	12.15	1442.85
	3208.46	0.00	12.16	1444.82
	3208.47	0.00	12.22	1462.80
	3208.48	0.00	12.20	1465.84
	3208.49	0.00	12.19	1463.86
	3208.50	0.00	12.19	1465.87
	3208.51	0.00	12.19	1461.85
	3208.53	0.00	12.18	1462.86
	3208.54	0.00	12.18	1464.87
	3208.55	0.00	12.18	1467.89
	3208.56	0.00	12.20	1462.82
	3208.57	0.00	12.21	1469.84
	3208.59	0.00	12.21	1471.85
	3208.60	0.00	12.21	1469.84
	3208.61	0.00	12.22	1475.85
	3208.62	0.00	12.20	1468.83
	3208.63	0.00	12.13	1490.98
	3208.64	0.00	11.53	1592.32
	3208.66	0.00	10.72	1816.76
	3208.67	0.00	10.22	1980.06
	3208.68	0.00	10.16	2010.17
	3208.69	0.00	10.22	2005.17
	3208.70	0.00	10.34	1972.17
	3208.71	0.00	10.32	1985.21
	3208.73	0.00	10.30	2023.26
	3208.74	0.00	10.32	2062.32
	3208.75	0.00	10.43	2083.33
	3208.76	0.00	10.52	2105.28
	3208.77	0.00	10.53	2091.30
	3208.79	0.00	10.67	2104.28
	3208.80	0.00	10.77	2028.93
	3208.81	0.00	10.90	2099.18
	3208.82	0.00	11.04	2069.10
	3208.83	0.00	11.12	2073.08
	3208.85	0.00	11.27	2038.88
	3208.86	0.00	11.35	2046.01
	3208.87	0.00	11.47	2025.96
	3208.88	0.00	11.60	1998.91
	3208.89	0.00	11.74	1969.79
	3208.90	0.00	11.90	1936.73
	3208.92	0.00	12.16	1875.61
	3208.93	0.00	12.40	1831.48
	3208.94	0.00	12.57	1795.36
	3208.95	0.00	12.66	1795.23
	3208.96	0.00	12.66	1785.15
	3208.98	0.00	12.77	1774.00
	3208.99	0.00	12.80	1766.92
	3209.00	0.00	12.85	1743.86
	3209.01	0.00	12.89	1739.78
	3209.02	0.00	12.87	1728.76
	3209.03	0.00	13.04	1747.70
	3209.05	0.00	13.07	1745.66
	3209.06	0.00	13.12	1747.61
	3209.07	0.00	13.17	1753.60
	3209.08	0.00	13.28	1767.53
	3209.09	0.00	13.40	1772.41
	3209.10	0.00	13.49	1783.35
	3209.12	0.00	13.71	1811.31
	3209.13	0.00	13.78	1830.34
	3209.14	0.00	13.86	1844.33
	3209.15	0.00	13.93	1864.36
	3209.16	0.00	14.02	1884.33
	3209.18	0.00	14.11	1902.29
	3209.19	0.00	14.24	1932.20
	3209.20	0.00	14.36	1945.05
	3209.21	0.00	14.56	1953.74
	3209.22	0.00	14.63	1957.61
	3209.23	0.00	14.67	1957.56
	3209.25	0.00	14.68	1941.47
	3209.26	0.00	14.62	1901.39
	3209.27	0.00	14.54	1861.33
	3209.28	0.00	14.34	1807.36
	3209.29	0.00	14.09	1745.44
	3209.30	0.00	13.60	1657.75
	3209.32	0.00	12.82	1568.46
	3209.33	0.00	12.53	1514.62
	3209.34	0.00	12.28	1475.85
	3209.35	0.00	12.19	1463.88
	3209.36	0.00	12.15	1457.88
	3209.37	0.00	12.08	1430.86
	3209.39	0.00	12.05	1414.82
	3209.40	0.00	12.07	1420.82
	3209.41	0.00	12.08	1424.83
	3209.42	0.00	12.14	1417.69
	3209.43	0.00	12.05	1407.81
	3209.45	0.00	12.07	1413.84
	3209.46	0.00	12.08	1420.86
	3209.47	0.00	12.08	1420.88
	3209.48	0.00	12.06	1409.90
	3209.49	0.00	12.00	1400.95
	3209.50	0.00	12.01	1404.96
	3209.52	0.00	12.01	1405.96
	3209.53	0.00	12.02	1407.96
	3209.54	0.00	12.10	1425.89
	3209.55	0.00	12.16	1451.90
	3209.56	0.00	12.20	1467.88
	3209.57	0.00	12.20	1474.90
	3209.59	0.00	12.19	1488.90
	3209.60	0.00	12.24	1476.85
	3209.61	0.00	12.22	1473.87
	3209.62	0.00	12.26	1486.86
	3209.63	0.00	12.24	1485.88
	3209.65	0.00	12.25	1487.88
	3209.66	0.00	12.26	1489.87
	3209.67	0.00	12.26	1489.86
	3209.68	0.00	12.26	1489.87
	3209.69	0.00	12.29	1484.78
	3209.70	0.00	12.30	1485.76
	3209.71	0.00	12.31	1485.74
	3209.73	0.00	12.31	1487.74
	3209.74	0.00	12.32	1484.72
	3209.75	0.00	12.32	1485.71
	3209.76	0.00	12.34	1488.69
	3209.77	0.00	12.32	1484.69
	3209.79	0.00	12.36	1485.62
	3209.80	0.00	12.32	1483.69
	3209.81	0.00	12.33	1479.68
	3209.82	0.00	12.36	1484.66
	3209.83	0.00	12.26	1488.77
	3209.84	0.00	11.70	1580.19
	3209.86	0.00	10.86	1789.66
	3209.87	0.00	10.22	1971.02
	3209.88	0.00	10.10	2034.21
	3209.89	0.00	10.13	2035.25
	3209.90	0.00	10.24	2015.22
	3209.92	0.00	10.37	1998.23
	3209.93	0.00	10.38	2014.28
	3209.94	0.00	9.92	1900.30
	3209.95	0.00	10.60	2101.27
	3209.96	0.00	10.73	2125.22
	3209.97	0.00	10.81	2139.23
	3209.99	0.00	10.92	2143.21
	3210.00	0.00	11.02	2139.18
	3210.01	0.00	11.17	2129.03
	3210.02	0.00	11.22	2109.04
	3210.03	0.00	11.29	2089.00
	3210.05	0.00	11.37	2069.00
	3210.06	0.00	11.44	2048.04
	3210.07	0.00	11.56	2022.00
	3210.08	0.00	11.68	1992.93
	3210.09	0.00	11.80	1952.85
	3210.10	0.00	12.02	1907.79
	3210.12	0.00	12.18	1864.71
	3210.13	0.00	12.37	1837.61
	3210.14	0.00	12.56	1793.49
	3210.15	0.00	12.64	1779.34
	3210.16	0.00	12.70	1777.24
	3210.18	0.00	12.72	1769.17
	3210.19	0.00	12.75	1762.13
	3210.20	0.00	12.91	1783.09
	3210.21	0.00	12.95	1758.06
	3210.22	0.00	13.01	1763.04
	3210.23	0.00	13.07	1765.01
	3210.25	0.00	13.12	1762.00
	3210.26	0.00	13.14	1765.98
	3210.27	0.00	13.22	1761.90
	3210.28	0.00	13.39	1783.90
	3210.29	0.00	13.48	1786.83
	3210.30	0.00	13.58	1800.83
	3210.32	0.00	13.63	1801.82
	3210.33	0.00	13.74	1816.80
	3210.34	0.00	13.83	1828.78
	3210.35	0.00	13.90	1838.76
	3210.36	0.00	13.98	1849.72
	3210.38	0.00	14.08	1859.67
	3210.39	0.00	14.15	1870.63
	3210.40	0.00	14.20	1878.60
	3210.41	0.00	14.22	1889.630.48	0.00	14.13	1879.55
	3210.49	0.00	14.07	1862.51
	3210.50	0.00	13.85	1819.60
	3210.52	0.00	13.54	1752.73
	3210.53	0.00	13.16	1666.79
	3210.54	0.00	12.82	1588.78
	3210.55	0.00	12.26	1487.82
	3210.56	0.00	12.16	1471.89
	3210.57	0.00	12.14	1475.92
	3210.59	0.00	12.11	1467.95
	3210.60	0.00	12.12	1465.92
	3210.61	0.00	12.13	1469.93
	3210.62	0.00	12.14	1469.92
	3210.63	0.00	12.14	1468.93
	3210.64	0.00	12.13	1462.92
	3210.66	0.00	12.17	1469.90
	3210.67	0.00	12.20	1470.85
	3210.68	0.00	12.22	1470.83
	3210.69	0.00	12.22	1472.83
	3210.70	0.00	12.23	1471.83
	3210.72	0.00	12.22	1470.83
	3210.73	0.00	12.21	1468.83
	3210.74	0.00	12.22	1470.81
	3210.75	0.00	12.22	1466.81
	3210.76	0.00	12.41	1473.46
	3210.77	0.00	12.41	1474.45
	3210.79	0.00	12.41	1476.47
	3210.80	0.00	12.40	1478.51
	3210.81	0.00	12.38	1467.52
	3210.82	0.00	12.38	1471.54
	3210.83	0.00	12.37	1470.54
	3210.84	0.00	12.25	1456.70
	3210.86	0.00	12.22	1459.76
	3210.87	0.00	12.22	1461.77
	3210.88	0.00	12.22	1462.77
	3210.89	0.00	12.26	1463.77
	3210.90	0.00	12.25	1465.79
	3210.91	0.00	12.26	1463.74
	3210.93	0.00	12.25	1460.72
	3210.94	0.00	12.26	1466.73
	3210.95	0.00	12.26	1466.74
	3210.96	0.00	12.27	1471.73
	3210.97	0.00	12.23	1467.77
	3210.99	0.00	12.21	1466.79
	3211.00	0.00	12.30	1470.64
	3211.01	0.00	12.35	1503.70
	3211.02	0.00	12.51	1524.53
	3211.03	0.00	12.62	1553.48
	3211.04	0.00	12.71	1584.48
	3211.06	0.00	12.75	1590.43
	3211.07	0.00	12.70	1591.52
	3211.08	0.00	12.70	1600.55
	3211.09	0.00	12.70	1608.61
	3211.10	0.00	12.64	1614.73
	3211.11	0.00	12.63	1622.78
	3211.13	0.00	12.61	1622.79
	3211.14	0.00	12.64	1621.73
	3211.15	0.00	12.67	1626.71
	3211.16	0.00	12.68	1626.69
	3211.17	0.00	12.72	1630.63
	3211.19	0.00	12.71	1630.66
	3211.20	0.00	12.72	1631.64
	3211.21	0.00	12.72	1635.65
	3211.22	0.00	12.69	1629.68
	3211.23	0.00	12.69	1636.71
	3211.25	0.00	12.67	1640.76
	3211.26	0.00	12.64	1644.83
	3211.27	0.00	12.64	1650.87
	3211.28	0.00	12.61	1653.91
	3211.29	0.00	12.61	1656.93
	3211.30	0.00	12.61	1660.96
	3211.32	0.00	12.59	1662.98
	3211.33	0.00	12.59	1664.99
	3211.34	0.00	12.59	1667.98
	3211.35	0.00	12.56	1664.04
	3211.36	0.00	12.56	1665.05
	3211.37	0.00	12.56	1664.06
	3211.39	0.00	12.55	1666.08
	3211.40	0.00	12.59	1664.02
	3211.41	0.00	12.57	1661.04
	3211.42	0.00	12.58	1663.04
	3211.43	0.00	12.57	1665.05
	3211.44	0.00	12.57	1664.06
	3211.46	0.00	12.55	1664.07
	3211.47	0.00	12.61	1661.88
	3211.48	0.00	12.63	1664.85
	3211.49	0.00	12.60	1667.90
	3211.50	0..70	1888.53
	3215.35	0.00	13.74	1896.48
	3215.36	0.00	13.71	1903.57
	3215.37	0.00	13.68	1902.60
	3215.38	0.00	13.63	1898.67
	3215.39	0.00	13.64	1907.70
	3215.41	0.00	13.68	1916.67
	3215.42	0.00	13.66	1913.71
	3215.43	0.00	13.64	1913.73
	3215.44	0.00	13.61	1911.75
	3215.45	0.00	13.65	1905.65
	3215.46	0.00	13.64	1898.63
	3215.48	0.00	13.58	1869.64
	3215.49	0.00	13.36	1800.64
	3215.50	0.00	13.28	1769.64
	3215.51	0.00	13.12	1720.58
	3215.52	0.00	13.08	1685.51
	3215.54	0.00	12.94	1650.61
	3215.55	0.00	12.82	1611.67
	3215.56	0.00	12.79	1581.61
	3215.57	0.00	12.64	1543.70
	3215.58	0.00	12.59	1529.72
	3215.59	0.00	12.53	1514.74
	3215.61	0.00	12.43	1489.75
	3215.62	0.00	12.32	1455.75
	3215.63	0.00	12.30	1451.76
	3215.64	0.00	12.28	1448.77
	3215.65	0.00	12.28	1444.78
	3215.66	0.00	12.25	1443.78
	3215.68	0.00	12.29	1449.74
	3215.69	0.00	12.29	1449.73
	3215.70	0.00	12.32	1457.73
	3215.71	0.00	12.34	1470.75
	3215.72	0.00	12.38	1476.72
	3215.73	0.00	12.37	1473.73
	3215.75	0.00	12.37	1475.74
	3215.76	0.00	12.35	1474.76
	3215.77	0.00	12.36	1476.75
	3215.78	0.00	12.36	1470.71
	3215.79	0.00	12.36	1472.73
	3215.81	0.00	12.36	1476.76
	3215.82	0.00	12.35	1472.76
	3215.83	0.00	12.35	1473.77
	3215.84	0.00	12.34	1472.77
	3215.85	0.00	12.34	1471.78
	3215.86	0.00	12.35	1474.78
	3215.88	0.00	12.34	1471.78
	3215.89	0.00	12.34	1465.73
	3215.90	0.00	12.35	1468.73
	3215.91	0.00	12.36	1469.73
	3215.92	0.00	12.35	1466.73
	3215.93	0.00	12.35	1466.73
	3215.95	0.00	12.34	1466.74
	3215.96	0.00	12.35	1465.73
	3215.97	0.00	12.32	1455.72
	3215.98	0.00	12.34	1457.70
	3215.99	0.00	12.33	1460.72
	3216.00	0.00	12.34	1459.71
	3216.02	0.00	12.34	1458.71
	3216.03	0.00	12.33	1457.71
	3216.04	0.00	12.36	1455.64
	3216.05	0.00	12.31	1449.70
	3216.06	0.00	12.33	1452.70
	3216.07	0.00	12.33	1453.70
	3216.09	0.00	12.34	1452.70
	3216.10	0.00	12.33	1451.69
	3216.11	0.00	12.33	1449.68
	3216.12	0.00	12.34	1447.68
	3216.13	0.00	12.31	1453.73
	3216.15	0.00	12.21	1445.83
	3216.16	0.00	12.20	1485.93
	3216.17	0.00	12.10	1511.10
	3216.18	0.00	12.00	1529.28
	3216.19	0.00	11.96	1548.37
	3216.20	0.00	11.95	1556.40
	3216.22	0.00	11.91	1566.43
	3216.23	0.00	11.90	1579.47
	3216.24	0.00	11.87	1585.51
	3216.25	0.00	11.85	1590.55
	3216.26	0.00	11.81	1602.59
	3216.27	0.00	11.73	1624.63
	3216.29	0.00	11.59	1667.59
	3216.30	0.00	11.47	1703.67
	3216.31	0.00	11.38	1732.72
	3216.32	0.00	11.32	1755.77
	3216.33	0.00	11.26	1788.82
	3216.35	0.00	11.20	1815.90
	3216.36	0.00	11.17	1836.93
	3216.37	0.00	11.16	1858.96
	3216.38	0.00	11.15	1874.95
	3216.39	0.00	11.16	1890.97
	3216.40	0.00	11.14	1892.99
	3216.42	0.00	11.15	1902.00
	3216.43	0.00	11.16	1904.98
	3216.44	0.00	11.18	1914.00
	3216.45	0.00	11.20	1913.00
	3216.46	0.00	11.21	1899.99
	3216.48	0.00	11.24	1896.99
	3216.49	0.00	11.27	1883.98
	3216.50	0.00	11.28	1875.97
	3216.51	0.00	11.31	1863.92
	3216.52	0.00	11.34	1857.92
	3216.54	0.00	11.37	1852.91
	3216.55	0.00	11.37	1844.90
	3216.56	0.00	11.41	1842.89
	3216.57	0.00	11.43	1838.89
	3216.58	0.00	11.46	1831.89
	3216.59	0.00	11.47	1820.88
	3216.61	0.00	11.52	1822.88
	3216.62	0.00	11.55	1819.88
	3216.63	0.00	11.61	1820.87
	3216.64	0.00	11.1	0.00	12.31	1525.08
	3217.13	0.00	12.30	1521.06
	3217.14	0.00	12.31	1516.04
	3217.15	0.00	12.28	1507.03
	3217.16	0.00	12.28	1505.02
	3217.17	0.00	12.30	1499.96
	3217.18	0.00	12.28	1496.99
	3217.20	0.00	12.27	1493.98
	3217.21	0.00	12.28	1492.97
	3217.22	0.00	12.27	1492.98
	3217.23	0.00	12.28	1491.96
	3217.24	0.00	12.29	1494.96
	3217.25	0.00	12.30	1492.95
	3217.27	0.00	12.30	1492.95
	3217.28	0.00	12.30	1492.94
	3217.29	0.00	12.30	1491.94
	3217.30	0.00	12.30	1488.93
	3217.31	0.00	12.30	1486.93
	3217.33	0.00	12.30	1488.93
	3217.34	0.00	12.30	1485.92
	3217.35	0.00	12.30	1483.91
	3217.36	0.00	12.31	1487.93
	3217.37	0.00	12.28	1482.94
	3217.38	0.00	12.28	1478.95
	3217.40	0.00	12.26	1482.98
	3217.41	0.00	12.27	1476.96
	3217.42	0.00	12.27	1477.96
	3217.43	0.00	12.27	1478.96
	3217.44	0.00	12.26	1476.99
	3217.45	0.00	12.28	1476.95
	3217.47	0.00	12.29	1475.91
	3217.48	0.00	12.28	1476.92
	3217.49	0.00	12.28	1475.93
	3217.50	0.00	12.30	1488.93
	3217.51	0.00	12.29	1492.96
	3217.52	0.00	12.27	1495.99
	3217.54	0.00	12.27	1497.99
	3217.55	0.00	12.26	1501.01
	3217.56	0.00	12.25	1500.01
	3217.57	0.00	12.25	1502.03
	3217.58	0.00	12.24	1501.03
	3217.59	0.00	12.24	1503.03
	3217.61	0.00	12.24	1502.03
	3217.62	0.00	12.25	1500.01
	3217.63	0.00	12.25	1502.02
	3217.64	0.00	12.24	1501.02
	3217.65	0.00	12.24	1501.02
	3217.67	0.00	12.22	1502.05
	3217.68	0.00	12.23	1507.05
	3217.69	0.00	12.24	1505.00
	3217.70	0.00	12.37	1512.76
	3217.71	0.00	12.37	1522.78
	3217.72	0.00	12.32	1523.84
	3217.74	0.00	12.30	1533.89
	3217.75	0.00	12.28	1541.94
	3217.76	0.00	12.26	1550.99
	3217.77	0.00	12.23	1557.04
	3217.78	0.00	12.20	1571.10
	3217.79	0.00	12.17	1575.15
	3217.81	0.00	12.14	1578.21
	3217.82	0.00	12.13	1584.24
	3217.83	0.00	12.02	1609.28
	3217.84	0.00	11.78	1629.47
	3217.85	0.00	11.62	1671.58
	3217.86	0.00	11.54	1702.67
	3217.88	0.00	11.46	1752.72
	3217.89	0.00	11.42	1789.76
	3217.90	0.00	11.32	1797.77
	3217.91	0.00	11.30	1829.79
	3217.92	0.00	11.27	1843.82
	3217.94	0.00	11.24	1843.85
	3217.95	0.00	11.21	1861.86
	3217.96	0.00	11.18	1872.89
	3217.97	0.00	11.14	1880.93
	3217.98	0.00	11.11	1888.95
	3218.00	0.00	11.07	1893.97
	3218.01	0.00	11.04	1904.01
	3218.02	0.00	11.03	1908.02
	3218.03	0.00	11.02	1908.98
	3218.04	0.00	11.01	1912.99
	3218.05	0.00	11.00	1910.99
	3218.07	0.00	11.00	1912.99
	3218.08	0.00	10.98	1909.99
	3218.09	0.00	10.98	1912.01
	3218.10	0.00	10.97	1912.01
	3218.11	0.00	10.95	1905.01
	3218.13	0.00	10.96	1910.00
	3218.14	0.00	10.97	1911.01
	3218.15	0.00	10.94	1905.02
	3218.16	0.00	10.93	1905.05
	3218.17	0.00	10.93	1906.08
	3218.18	0.00	10.94	1906.06
	3218.20	0.00	10.94	1906.03
	3218.21	0.00	10.94	1907.05
	3218.22	0.00	10.94	1907.05
	3218.23	0.00	10.94	1904.00
	3218.24	0.00	10.95	1907.01
	3218.26	0.00	10.94	1907.02
	3218.27	0.00	10.94	1905.02
	3218.28	0.00	10.94	1906.02
	3218.29	0.00	10.92	1902.09
	3218.30	0.00	10.93	1898.08
	3218.32	0.00	10.95	1896.07
	3218.33	0.00	10.96	1888.03
	3218.34	0.00	10.97	1883.03
	3218.35	0.00	10.98	1878.04
	3218.36	0.00	10.99	1870.01
	3218.37	0.00	11.03	1870.96
	3218.39	0.00	11.03	1862.97
	3218.40	0.00	11.03	1852.99
	3218.41	0.00	11.05	1843.96
	3218.42	0.00	11.05	1832.94
	3218.43	0.00	11.07	1831.95
	3218.45	0.00	11.10	1824.87
	3218.46	0.00	11.09	1819.94
	3218.47	0.00	11.09	1807.88
	3218.48	0.00	11.11	1807.88
	3218.49	0.00	11.13	1801.85
	3218.50	0.00	11.13	1797.87
	3218.52	0.00	11.13	1789.86
	3218.53	0.00	11.15	1788.85
	3218.54	0.00	11.17	1784.84
	3218.55	0.00	11.18	1775.82
	3218.56	0.00	11.18	1768.82
	3218.58	0.00	11.20	1762.81
	3218.59	0.00	11.23	1757.80
	3218.60	0.00	11.25	1750.80
	3218.61	0.00	11.29	1745.78
	3218.62	0.00	11.31	1734.77
	3218.63	0.00	11.33	1726.77
	3218.65	0.00	11.35	1718.78
	3218.66	0.00	11.37	1711.80
	3218.67	0.00	11.40	1706.80
	3218.68	0.00	11.44	1700.75
	3218.69	0.00	11.47	1694.72
	3218.71	0.00	11.46	1712.78
	3218.72	0.00	11.45	1710.78
	3218.73	0.00	11.48	1706.78
	3218.74	0.00	11.58	1697.58
	3218.75	0.00	11.61	1691.57
	3218.76	0.00	11.63	1686.57
	3218.78	0.00	11.64	1679.56
	3218.79	0.00	11.61	1660.65
	3218.80	0.00	11.60	1657.75
	3218.81	0.00	11.63	1649.75
	3218.82	0.00	11.67	1644.74
	3218.84	0.00	11.68	1642.74
	3218.85	0.00	11.67	1627.69
	3218.86	0.00	11.72	1637.69
	3218.87	0.00	11.75	1623.69
	3218.88	0.00	11.80	1627.69
	3218.89	0.00	11.82	1621.61
	3218.91	0.00	11.85	1627.64
	3218.92	0.00	11.84	1625.64
	3218.93	0.00	11.84	1624.64
	3218.94	0.00	11.88	1618.62
	3218.95	0.00	11.88	1617.64
	3218.96	0.00	11.88	1615.63
	3218.98	0.00	11.87	1613.64
	3218.99	0.00	11.86	1611.66
	3219.00	0.00	11.87	1612.65
	3219.01	0.00	11.87	1604.60
	3219.02	0.00	11.88	1605.60
	3219.04	0.00	11.89	1606.58
	3219.05	0.00	11.89	1609.60
	3219.06	0.00	11.89	1605.59
	3219.07	0.00	11.90	1607.58
	3219.08	0.00	11.88	1599.58
	3219.09	0.00	11.90	1597.51
	3219.11	0.00	11.89	1601.57
	3219.12	0.00	11.89	1598.57
	3219.13	0.00	11.89	1598.57
	3219.14	0.00	11.89	1598.57
	3219.15	0.00	11.88	1596.57
	3219.17	0.00	11.89	1599.57
	3219.18	0.00	11.90	1599.56
	3219.19	0.00	11.89	1599.57
	3219.20	0.00	11.89	1598.56
	3219.21	0.00	11.88	1599.60
	3219.22	0.00	11.87	1600.62
	3219.24	0.00	11.86	1600.63
	3219.25	0.00	11.86	1601.64
	3219.26	0.00	11.85	1602.64
	3219.27	0.00	11.85	1604.65
	3219.28	0.00	11.87	1608.60
	3219.29	0.00	11.85	1610.63
	3219.31	0.00	11.84	1606.64
	3219.32	0.00	11.84	1614.64
	3219.33	0.00	11.83	1619.65
	3219.34	0.00	11.83	1620.63
	3219.35	0.00	11.91	1628.43
	3219.36	0.00	11.89	1632.44
	3219.38	0.00	11.87	1629.44
	3219.39	0.00	11.84	1632.46
	3219.40	0.00	11.82	1639.47
	3219.41	0.00	11.71	1636.61
	3219.42	0.00	11.65	1641.67
	3219.44	0.00	11.62	1644.70
	3219.45	0.00	11.60	1653.73
	3219.46	0.00	11.61	1662.72
	3219.47	0.00	11.56	1650.67
	3219.48	0.00	11.56	1665.69
	3219.49	0.00	11.55	1668.70
	3219.51	0.00	11.54	1679.69
	3219.52	0.00	11.53	1687.70
	3219.53	0.00	11.54	1696.68
	3219.54	0.00	11.52	1703.69
	3219.55	0.00	11.53	1705.65
	3219.57	0.00	11.47	1708.72
	3219.58	0.00	11.45	1709.72
	3219.59	0.00	11.44	1713.72
	3219.60	0.00	11.44	1716.74
	3219.61	0.00	11.44	1716.76
	3219.62	0.00	11.42	1712.75
	3219.64	0.00	11.44	1719.75
	3219.65	0.00	11.43	1717.71
	3219.66	0.00	11.44	1723.71
	3219.67	0.00	11.43	1726.71
	3219.68	0.00	11.43	1727.72
	3219.69	0.00	11.42	1702.72
	3219.71	0.00	11.41	1703.72
	3219.72	0.00	11.41	1704.73
	3219.73	0.00	11.40	1707.73
	3219.74	0.00	11.40	1707.73
	3219.75	0.00	11.39	1706.73
	3219.77	0.00	11.40	1708.71
	3219.78	0.00	11.37	1709.74
	3219.79	0.00	11.38	1713.74
	3219.80	0.00	11.35	1713.78
	3219.81	0.00	11.34	1712.78
	3219.82	0.00	11.32	1713.81
	3219.84	0.00	11.32	1713.82
	3219.85	0.00	11.31	1715.83
	3219.86	0.00	11.32	1716.79
	3219.87	0.00	11.32	1719.81
	3219.88	0.00	11.31	1718.82
	3219.90	0.00	11.30	1721.83
	3219.91	0.00	11.41	1721.53
	3219.92	0.00	11.42	1721.51
	3219.93	0.00	11.39	1716.55
	3219.94	0.00	11.39	1713.57
	3219.95	0.00	11.38	1713.58
	3219.97	0.00	11.27	1702.78
	3219.98	0.00	11.25	1704.84
	3219.99	0.00	11.28	1704.84
	3220.00	0.00	11.28	1708.84
	3220.01	0.00	11.24	1700.80
	3220.03	0.00	11.26	1713.80
	3220.04	0.00	11.26	1713.80
	3220.05	0.00	11.25	1717.81
	3220.06	0.00	11.24	1722.81
	3220.07	0.00	11.30	1739.77
	3220.08	0.00	11.28	1742.79
	3220.10	0.00	11.26	1743.80
	3220.11	0.00	11.24	1746.83
	3220.12	0.00	11.23	1748.81
	3220.13	0.00	11.22	1750.79
	3220.14	0.00	11.21	1754.83
	3220.16	0.00	11.21	1754.83
	3220.17	0.00	11.21	1759.84
	3220.18	0.00	11.21	1756.78
	3220.19	0.00	11.20	1756.79
	3220.20	0.00	11.21	1758.79
	3220.21	0.00	11.20	1758.81
	3220.23	0.00	11.21	1757.79
	3220.24	0.00	11.19	1754.79
	3220.25	0.00	11.17	1750.79
	3220.26	0.00	11.17	1750.80
	3220.27	0.00	11.16	1749.80
	3220.29	0.00	11.15	1744.80
	3220.30	0.00	11.16	1750.81
	3220.31	0.00	11.16	1746.79
	3220.32	0.00	11.17	1748.81
	3220.33	0.00	11.13	1744.84
	3220.34	0.00	11.13	1746.86
	3220.36	0.00	11.12	1745.87
	3220.37	0.00	11.12	1745.88
	3220.38	0.00	11.13	1743.84
	3220.39	0.00	11.12	1744.86
	3220.40	0.00	11.11	1747.87
	3220.42	0.00	11.11	1747.88
	3220.43	0.00	11.10	1749.88
	3220.44	0.00	11.13	1749.78
	3220.45	0.00	11.12	1752.81
	3220.46	0.00	11.11	1752.82
	3220.47	0.00	11.09	1758.82
	3220.49	0.00	11.05	1755.91
	3220.50	0.00	11.03	1757.92
	3220.51	0.00	11.03	1761.94
	3220.52	0.00	11.04	1765.93
	3220.53	0.00	11.05	1762.88
	3220.55	0.00	11.04	1769.91
	3220.56	0.00	11.04	1771.91
	3220.57	0.00	11.03	