7	0.00	13.00	2229.30
	4600.18	0.00	13.02	2241.31
	4600.19	0.00	13.02	2243.31
	4600.20	0.00	13.02	2242.32
	4600.22	0.00	13.01	2241.33
	4600.23	0.00	13.02	2242.32
	4600.24	0.00	13.01	2240.32
	4600.25	0.00	13.02	2245.30
	4600.26	0.00	13.02	2247.29
	4600.27	0.00	13.02	2248.30
	4600.29	0.00	13.03	2247.30
	4600.30	0.00	13.03	2248.28
	4600.31	0.00	13.03	2247.30
	4600.32	0.00	13.03	2246.27
	4600.33	0.00	13.03	2244.27
	4600.35	0.00	13.03	2246.26
	4600.36	0.00	13.03	2245.27
	4600.37	0.00	13.03	2246.27
	4600.38	0.00	13.03	2245.27
	4600.39	0.00	13.01	2226.22
	4600.40	0.00	12.98	2222.27
	4600.42	0.00	12.99	2226.27
	4600.43	0.00	12.99	2227.27
	4600.44	0.00	12.99	2228.28
	4600.45	0.00	13.00	2230.28
	4600.46	0.00	13.00	2231.28
	4600.48	0.00	13.00	2225.27
	4600.49	0.00	13.00	2229.28
	4600.50	0.00	13.00	2233.28
	4600.51	0.00	13.01	2238.28
	4600.52	0.00	13.01	2238.29
	4600.54	0.00	13.01	2240.28
	4600.55	0.00	13.03	2240.24
	4600.56	0.00	12.99	2239.32
	4600.57	0.00	12.97	2234.35
	4600.58	0.00	12.98	2242.35
	4600.59	0.00	12.98	2239.36
	4600.61	0.00	12.98	2241.37
	4600.62	0.00	12.97	2235.37
	4600.63	0.00	12.98	2243.37
	4600.64	0.00	12.99	2242.34
	4600.65	0.00	12.98	2242.35
	4600.66	0.00	12.98	2243.36
	4600.68	0.00	12.98	2244.36
	4600.69	0.00	13.04	2240.18
	4600.70	0.00	13.09	2243.06
	4600.71	0.00	13.08	2246.07
	4600.72	0.00	13.08	2248.08
	4600.74	0.00	13.08	2240.09
	4600.75	0.00	13.05	2231.11
	4600.76	0.00	13.07	2236.08
	4600.77	0.00	13.00	2227.23
	4600.78	0.00	12.98	2228.27
	4600.79	0.00	12.97	2231.30
	4600.81	0.00	12.98	2226.33
	4600.82	0.00	12.98	2229.34
	4600.83	0.00	12.99	2226.30
	4600.84	0.00	12.96	2216.33
	4600.85	0.00	12.97	2223.34
	4600.87	0.00	12.98	2224.35
	4600.88	0.00	12.97	2226.36
	4600.89	0.00	12.97	2227.35
	4600.90	0.00	12.97	2229.35
	4600.91	0.00	12.97	2227.32
	4600.92	0.00	12.99	2238.33
	4600.94	0.00	12.99	2242.34
	4600.95	0.00	12.98	2241.35
	4600.96	0.00	12.99	2243.34
	4600.97	0.00	12.97	2239.36
	4600.98	0.00	12.98	2236.31
	4601.00	0.00	12.99	2241.32
	4601.01	0.00	13.00	2245.33
	4601.02	0.00	12.99	2248.33
	4601.03	0.00	13.00	2243.33
	4601.04	0.00	13.00	2245.33
	4601.06	0.00	13.01	2246.32
	4601.07	0.00	13.00	2242.29
	4601.08	0.00	13.00	2245.29
	4601.09	0.00	13.00	2245.31
	4601.10	0.00	13.01	2244.29
	4601.11	0.00	13.00	2242.29
	4601.13	0.00	13.01	2243.29
	4601.14	0.00	13.00	2242.30
	4601.15	0.00	12.97	2222.29
	4601.16	0.00	12.97	2225.29
	4601.17	0.00	12.97	2228.30
	4601.19	0.00	12.97	2227.29
	4601.20	0.00	12.98	2227.29
	4601.21	0.00	12.98	2226.29
	4601.22	0.00	12.98	2223.27
	4601.23	0.00	12.99	2232.29
	4601.24	0.00	13.00	2235.28
	4601.26	0.00	13.00	2237.28
	4601.27	0.00	13.00	2233.29
	4601.28	0.00	13.00	2235.29
	4601.29	0.00	13.00	2237.30
	4601.30	0.00	12.98	2231.34
	4601.32	0.00	12.98	2234.35
	4601.33	0.00	12.97	2234.36
	4601.34	0.00	12.98	2238.36
	4601.35	0.00	12.99	2237.34
	4601.36	0.00	12.99	2239.34
	4601.37	0.00	12.99	2239.34
	4601.39	0.00	12.99	2240.35
	4601.40	0.00	12.98	2239.36
	4601.41	0.00	12.99	2240.35
	4601.42	0.00	13.07	2239.10
	4601.43	0.00	13.09	2242.05
	4601.45	0.00	13.09	2244.08
	4601.46	0.00	13.09	2235.08
	4601.47	0.00	13.08	2234.09
	4601.48	0.00	13.08	2237.09
	4601.49	0.00	13.05	2221.11
	4601.50	0.00	13.00	2223.24
	4601.52	0.00	12.99	2224.28
	4601.53	0.00	13.02	2220.26
	4601.54	0.00	13.00	2224.31
	4601.55	0.00	13.00	2223.31
	4601.56	0.00	13.01	2225.31
	4601.58	0.00	12.97	2200.29
	4601.59	0.00	12.99	2212.30
	4601.60	0.00	13.00	2216.31
	4601.61	0.00	13.00	2218.32
	4601.62	0.00	13.00	2223.32
	4601.63	0.00	12.99	2223.30
	4601.65	0.00	13.00	2223.29
	4601.66	0.00	13.01	2230.30
	4601.67	0.00	13.01	2233.31
	4601.68	0.00	13.01	2237.31
	4601.69	0.00	13.01	2235.32
	4601.71	0.00	13.00	2238.33
	4601.72	0.00	13.01	2233.28
	4601.73	0.00	13.02	2241.29
	4601.74	0.00	13.02	2243.29
	4601.75	0.00	13.02	2241.30
	4601.77	0.00	13.02	2242.30
	4601.78	0.00	13.02	2242.30
	4601.79	0.00	13.03	2243.29
	4601.80	0.00	13.04	2241.26
	4601.81	0.00	13.03	2240.26
	4601.82	0.00	13.03	2239.26
	4601.84	0.00	13.04	2240.27
	4601.85	0.00	13.04	2242.26
	4601.86	0.00	13.04	2240.26
	4601.87	0.00	13.04	2239.26
	4601.88	0.00	13.00	2221.27
	4601.89	0.00	13.00	2223.26
	4601.91	0.00	13.00	2223.26
	4601.92	0.00	13.01	2224.26
	4601.93	0.00	13.00	2223.26
	4601.94	0.00	13.01	2225.26
	4601.95	0.00	13.00	2222.26
	4601.97	0.00	13.01	2226.26
	4601.98	0.00	13.01	2226.26
	4601.99	0.00	13.03	2236.26
	4602.00	0.00	13.03	2236.26
	4602.01	0.00	13.03	2235.27
	4602.02	0.00	13.04	2234.23
	4602.04	0.00	13.03	2233.26
	4602.05	0.00	13.03	2234.27
	4602.06	0.00	13.01	2231.30
	4602.07	0.00	13.01	2234.32
	4602.08	0.00	13.01	2235.32
	4602.10	0.00	13.01	2236.33
	4602.11	0.00	13.03	2237.29
	4602.12	0.00	13.02	2236.30
	4602.13	0.00	13.02	2238.31
	4602.14	0.00	13.02	2239.31
	4602.16	0.00	13.01	2235.32
	4602.17	0.00	13.01	2238.32
	4602.18	0.00	13.13	2239.01
	4602.19	0.00	13.11	2239.04
	4602.20	0.00	13.11	2241.04
	4602.21	0.00	13.10	2234.05
	4602.23	0.00	13.10	2235.05
	4602.24	0.00	13.10	2235.07
	4602.25	0.00	13.06	2222.11
	4602.26	0.00	13.01	2222.23
	4602.27	0.00	13.01	2217.27
	4602.29	0.00	13.02	2220.28
	4602.30	0.00	13.02	2223.29
	4602.31	0.00	12.98	2200.27
	4602.32	0.00	12.98	2205.29
	4602.33	0.00	12.99	2212.29
	4602.35	0.00	13.00	2215.29
	4602.36	0.00	13.00	2219.30
	4602.37	0.00	13.01	2222.28
	4602.38	0.00	12.99	2216.28
	4602.39	0.00	13.01	2231.29
	4602.40	0.00	13.02	2234.30
	4602.42	0.00	13.02	2235.30
	4602.43	0.00	13.02	2236.30
	4602.44	0.00	13.01	2235.30
	4602.45	0.00	13.01	2231.28
	4602.46	0.00	13.03	2235.28
	4602.47	0.00	13.03	2240.28
	4602.49	0.00	13.03	2240.28
	4602.50	0.00	13.02	2240.29
	4602.51	0.00	13.02	2240.29
	4602.52	0.00	13.03	2239.28
	4602.53	0.00	13.03	2234.25
	4602.55	0.00	13.03	2237.26
	4602.56	0.00	13.03	2239.25
	4602.57	0.00	13.04	2239.25
	4602.58	0.00	13.04	2239.25
	4602.59	0.00	13.03	2237.25
	4602.60	0.00	13.03	2236.25
	4602.62	0.00	13.02	2231.25
	4602.63	0.00	12.99	2216.25
	4602.64	0.00	13.00	2220.25
	4602.65	0.00	13.01	2220.25
	4602.66	0.00	13.00	2218.25
	4602.68	0.00	13.01	2221.25
	4602.69	0.00	13.00	2220.25
	4602.70	0.00	13.03	2225.24
	4602.71	0.00	13.04	2229.24
	4602.72	0.00	13.03	2230.26
	4602.73	0.00	13.04	2230.23
	4602.75	0.00	13.04	2228.23
	4602.76	0.00	13.03	2228.24
	4602.77	0.00	13.02	2229.29
	4602.78	0.00	13.01	2231.30
	4602.79	0.00	13.01	2230.31
	4602.81	0.00	13.01	2231.31
	4602.82	0.00	13.01	2230.32
	4602.83	0.00	13.01	2233.32
	4602.84	0.00	13.03	2232.28
	4602.85	0.00	13.02	2232.30
	4602.87	0.00	13.02	2235.30
	4602.88	0.00	13.01	2234.31
	4602.89	0.00	13.02	2236.31
	4602.90	0.00	13.01	2235.33
	4602.91	0.00	13.02	2236.31
	4602.92	0.00	13.13	2237.01
	4602.94	0.00	13.12	2240.03
	4602.95	0.00	13.11	2231.05
	4602.96	0.00	13.10	2232.05
	4602.97	0.00	13.10	2233.06
	4602.98	0.00	13.05	2220.13
	4603.00	0.00	13.03	2216.16
	4603.01	0.00	13.01	2219.23
	4603.02	0.00	13.02	2215.26
	4603.03	0.00	13.02	2218.28
	4603.04	0.00	13.02	2219.28
	4603.06	0.00	12.99	2201.27
	4603.07	0.00	12.99	2208.28
	4603.08	0.00	13.00	2207.29
	4603.09	0.00	13.00	2212.29
	4603.10	0.00	13.01	2213.30
	4603.11	0.00	13.00	2218.30
	4603.12	0.00	13.01	2219.25
	4603.14	0.00	13.00	2221.28
	4603.15	0.00	13.02	2232.29
	4603.16	0.00	13.02	2232.29
	4603.17	0.00	13.02	2231.30
	4603.18	0.00	13.02	2233.30
	4603.20	0.00	13.01	2233.30
	4603.21	0.00	13.01	2227.27
	4603.22	0.00	13.03	2235.27
	4603.23	0.00	13.03	2239.27
	4603.24	0.00	13.03	2236.27
	4603.25	0.00	13.04	2238.27
	4603.27	0.00	13.04	2234.24
	4603.28	0.00	13.04	2232.24
	4603.29	0.00	13.03	2233.24
	4603.30	0.00	13.03	2234.25
	4603.31	0.00	13.04	2235.24
	4603.33	0.00	13.04	2235.24
	4603.34	0.00	13.04	2236.24
	4603.35	0.00	13.00	2213.24
	4603.36	0.00	13.00	2214.24
	4603.37	0.00	13.00	2215.24
	4603.38	0.00	13.00	2218.25
	4603.40	0.00	13.01	2219.24
	4603.41	0.00	13.01	2219.24
	4603.42	0.00	13.01	2219.24
	4603.43	0.00	13.01	2215.24
	4603.44	0.00	13.03	2226.24
	4603.46	0.00	13.03	2226.24
	4603.47	0.00	13.03	2228.24
	4603.48	0.00	13.04	2228.23
	4603.49	0.00	13.03	2229.24
	4603.50	0.00	13.05	2229.20
	4603.52	0.00	13.02	2227.27
	4603.53	0.00	13.01	2227.30
	4603.54	0.00	13.01	2228.31
	4603.55	0.00	13.01	2229.31
	4603.56	0.00	13.03	2229.26
	4603.58	0.00	13.01	2230.32
	4603.59	0.00	13.01	2229.31
	4603.60	0.00	13.02	2230.29
	4603.61	0.00	13.02	2232.29
	4603.62	0.00	13.01	2234.31
	4603.63	0.00	13.01	2234.31
	4603.64	0.00	13.09	2232.07
	4603.66	0.00	13.12	2234.01
	4603.67	0.00	13.12	2238.02
	4603.68	0.00	13.11	2239.04
	4603.69	0.00	13.10	2230.05
	4603.70	0.00	13.09	2231.06
	4603.72	0.00	13.07	2218.06
	4603.73	0.00	13.01	2218.22
	4603.74	0.00	12.99	2221.28
	4603.75	0.00	13.01	2218.29
	4603.76	0.00	13.00	2217.29
	4603.78	0.00	13.01	2221.29
	4603.79	0.00	13.00	2221.31
	4603.80	0.00	12.97	2201.28
	4603.81	0.00	12.99	2212.30
	4603.82	0.00	13.00	2215.30
	4603.83	0.00	13.00	2215.29
	4603.85	0.00	12.99	2220.31
	4603.86	0.00	12.99	2222.31
	4603.87	0.00	12.99	2221.29
	4603.88	0.00	13.01	2229.29
	4603.89	0.00	13.00	2232.30
	4603.91	0.00	13.01	2234.31
	4603.92	0.00	13.01	2237.30
	4603.93	0.00	13.00	2237.32
	4603.94	0.00	13.01	2235.29
	4603.95	0.00	13.02	2239.29
	4603.96	0.00	13.02	2240.29
	4603.98	0.00	13.02	2238.29
	4603.99	0.00	13.02	2239.29
	4604.00	0.00	13.01	2239.30
	4604.01	0.00	13.02	2240.30
	4604.02	0.00	13.02	2237.27
	4604.04	0.00	13.01	2235.27
	4604.05	0.00	13.02	2239.28
	4604.06	0.00	13.02	2239.27
	4604.07	0.00	13.02	2240.27
	4604.08	0.00	13.02	2237.27
	4604.10	0.00	12.98	2224.27
	4604.11	0.00	12.98	2221.27
	4604.12	0.00	12.98	2222.27
	4604.13	0.00	12.99	2226.27
	4604.14	0.00	12.98	2225.29
	4604.15	0.00	12.99	2226.27
	4604.17	0.00	12.98	2223.27
	4604.18	0.00	12.99	2228.27
	4604.19	0.00	13.00	2234.27
	4604.20	0.00	13.00	2234.28
	4604.21	0.00	13.00	2231.28
	4604.23	0.00	13.01	2233.24
	4604.24	0.00	13.00	2229.27
	4604.25	0.00	12.99	2231.32
	4604.26	0.00	12.98	2233.34
	4604.27	0.00	12.97	2232.36
	4604.28	0.00	12.97	2235.36
	4604.30	0.00	12.98	2234.33
	4604.31	0.00	12.99	2236.33
	4604.32	0.00	12.98	2237.35
	4604.33	0.00	12.99	2238.35
	4604.34	0.00	12.98	2237.35
	4604.36	0.00	12.98	2239.35
	4604.37	0.00	13.08	2237.06
	4604.38	0.00	13.09	2239.05
	4604.39	0.00	13.08	2241.07
	4604.40	0.00	13.08	2241.07
	4604.41	0.00	13.08	2235.08
	4604.43	0.00	13.07	2234.08
	4604.44	0.00	13.07	2229.06
	4604.45	0.00	12.99	2220.22
	4604.46	0.00	12.99	2218.27
	4604.47	0.00	13.00	2216.29
	4604.49	0.00	12.99	2218.30
	4604.50	0.00	12.98	2208.28
	4604.51	0.00	12.96	2201.29
	4604.52	0.00	12.97	2204.30
	4604.53	0.00	12.98	2208.30
	4604.55	0.00	12.98	2213.31
	4604.56	0.00	12.99	2218.31
	4604.57	0.00	12.99	2221.32
	4604.58	0.00	12.98	2219.33
	4604.59	0.00	13.00	2227.30
	4604.60	0.00	13.01	2232.31
	4604.62	0.00	13.01	2232.31
	4604.63	0.00	13.01	2232.31
	4604.64	0.00	13.01	2230.31
	4604.65	0.00	13.00	2234.32
	4604.66	0.00	13.01	2230.28
	4604.68	0.00	13.02	2235.28
	4604.69	0.00	13.02	2238.29
	4604.70	0.00	13.01	2237.29
	4604.71	0.00	13.01	2237.29
	4604.72	0.00	13.01	2237.29
	4604.73	0.00	13.02	2236.29
	4604.75	0.00	13.01	2232.26
	4604.76	0.00	13.01	2234.28
	4604.77	0.00	13.02	2233.26
	4604.78	0.00	13.02	2233.26
	4604.79	0.00	13.02	2234.26
	4604.81	0.00	12.98	2219.27
	4604.82	0.00	12.98	2214.26
	4604.83	0.00	12.98	2213.26
	4604.84	0.00	12.98	2217.26
	4604.85	0.00	12.99	2220.27
	4604.86	0.00	12.99	2219.26
	4604.88	0.00	12.99	2217.26
	4604.89	0.00	13.00	2214.24
	4604.90	0.00	13.01	2223.25
	4604.91	0.00	13.01	2223.25
	4604.92	0.00	13.02	2226.25
	4604.94	0.00	13.02	2227.24
	4604.95	0.00	13.01	2227.26
	4604.96	0.00	13.02	2227.24
	4604.97	0.00	13.00	2224.29
	4604.98	0.00	13.00	2226.30
	4604.99	0.00	12.99	2227.32
	4605.01	0.00	13.00	2228.32
	4605.02	0.00	12.99	2229.33
	4605.03	0.00	12.99	2230.34
	4605.04	0.00	13.01	2232.29
	4605.05	0.00	13.00	2232.31
	4605.07	0.00	13.01	2230.31
	4605.08	0.00	13.01	2232.32
	4605.09	0.00	13.00	2234.32
	4605.10	0.00	13.01	2234.32
	4605.11	0.00	13.12	2233.00
	4605.12	0.00	13.11	2231.02
	4605.14	0.00	13.10	2231.04
	4605.15	0.00	13.10	2227.05
	4605.16	0.00	13.10	2229.05
	4605.17	0.00	13.05	2215.12
	4605.18	0.00	13.03	2214.17
	4605.20	0.00	13.01	2214.22
	4605.21	0.00	13.01	2212.23
	4605.22	0.00	13.02	2213.27
	4605.23	0.00	13.01	2215.28
	4605.24	0.00	12.98	2191.26
	4605.25	0.00	12.98	2195.27
	4605.27	0.00	13.00	2206.28
	4605.28	0.00	13.00	2204.28
	4605.29	0.00	13.01012.78	2221.31
	4637.61	0.00	12.78	20.00	12.82	2243.32
	4637.58	0.00	12.82	2242.31
	4637.59	0.00	12.77	2214.31
	4637.60	0.00	12.78	2221.31
	4637.61	0.00	12.78	20.00	12.82	2243.32
	4637.58	0.00	12.82	2242.31
	4637.59	0.00	12.77	2214.31
	4637.60	0.00	12.78	2221.31
	4637.61	0.00	12.78	2224.32
	4637.62	0.00	12.79	2225.31
	4637.63	0.00	12.79	2225.31
	4637.64	0.00	12.79	2226.31
	4637.66	0.00	12.79	2223.31
	4637.67	0.00	12.80	2228.31
	4637.68	0.00	12.81	2230.31
	4637.69	0.00	12.81	2233.31
	4637.70	0.00	12.82	2233.30
	4637.72	0.00	12.82	2234.30
	4637.73	0.00	12.81	2232.33
	4637.74	0.00	12.81	2234.34
	4637.75	0.00	12.79	2233.37
	4637.76	0.00	12.80	2233.37
	4637.77	0.00	12.80	2233.38
	4637.79	0.00	12.80	2233.38
	4637.80	0.00	12.80	2233.39
	4637.81	0.00	12.82	2234.34
	4637.82	0.00	12.81	2235.36
	4637.83	0.00	12.81	2235.37
	4637.85	0.00	12.81	2236.38
	4637.86	0.00	12.80	2236.37
	4637.87	0.00	12.81	2237.37
	4637.88	0.00	12.91	2236.08
	4637.89	0.00	12.93	2238.02
	4637.91	0.00	12.92	2242.08
	4637.92	0.00	12.90	2231.09
	4637.93	0.00	12.91	2229.10
	4637.94	0.00	12.91	2230.11
	4637.95	0.00	12.90	2229.11
	4637.96	0.00	12.85	2212.19
	4637.98	0.00	12.82	2215.28
	4637.99	0.00	12.84	2211.31
	4638.00	0.00	12.83	2215.32
	4638.01	0.00	12.84	2216.33
	4638.02	0.00	12.80	2197.31
	4638.04	0.00	12.81	2208.33
	4638.05	0.00	12.82	2205.34
	4638.06	0.00	12.82	2202.34
	4638.07	0.00	12.82	2205.35
	4638.08	0.00	12.82	2210.34
	4638.10	0.00	12.82	2212.35
	4638.11	0.00	12.83	2218.32
	4638.12	0.00	12.84	2224.34
	4638.13	0.00	12.84	2225.34
	4638.14	0.00	12.83	2226.35
	4638.15	0.00	12.83	2226.35
	4638.17	0.00	12.83	2227.35
	4638.18	0.00	12.83	2222.31
	4638.19	0.00	12.85	2232.32
	4638.20	0.00	12.84	2234.32
	4638.21	0.00	12.85	2235.33
	4638.23	0.00	12.84	2233.33
	4638.24	0.00	12.84	2235.33
	4638.25	0.00	12.84	2229.30
	4638.26	0.00	12.85	2229.29
	4638.27	0.00	12.85	2231.30
	4638.28	0.00	12.86	2231.29
	4638.30	0.00	12.85	2231.31
	4638.31	0.00	12.85	2231.30
	4638.32	0.00	12.81	2211.30
	4638.33	0.00	12.84	2212.23
	4638.34	0.00	12.82	2214.30
	4638.36	0.00	12.82	2214.30
	4638.37	0.00	12.82	2215.30
	4638.38	0.00	12.82	2216.30
	4638.39	0.00	12.83	2219.30
	4638.40	0.00	12.82	2211.29
	4638.41	0.00	12.83	2221.30
	4638.43	0.00	12.84	2223.31
	4638.44	0.00	12.84	2224.29
	4638.45	0.00	12.85	2224.29
	4638.46	0.00	12.85	2224.29
	4638.47	0.00	12.86	2225.26
	4638.49	0.00	12.83	2224.33
	4638.50	0.00	12.83	2224.35
	4638.51	0.00	12.82	2225.36
	4638.52	0.00	12.84	2227.32
	4638.53	0.00	12.82	2228.37
	4638.54	0.00	12.82	2227.37
	4638.56	0.00	12.84	2227.33
	4638.57	0.00	12.83	2226.35
	4638.58	0.00	12.83	2227.35
	4638.59	0.00	12.83	2229.36
	4638.60	0.00	12.83	2230.36
	4638.62	0.00	12.94	2230.04
	4638.63	0.00	12.95	2227.04
	4638.64	0.00	12.94	2229.05
	4638.65	0.00	12.94	2228.06
	4638.66	0.00	12.93	2221.08
	4638.67	0.00	12.93	2221.08
	4638.69	0.00	12.89	2207.13
	4638.70	0.00	12.85	2208.22
	4638.71	0.00	12.85	2200.29
	4638.72	0.00	12.86	2202.29
	4638.73	0.00	12.87	2201.29
	4638.75	0.00	12.88	2200.29
	4638.76	0.00	12.84	2175.27
	4638.77	0.00	12.87	2187.30
	4638.78	0.00	12.88	2193.31
	4638.79	0.00	12.89	2190.32
	4638.81	0.00	12.88	2183.31
	4638.82	0.00	12.90	2191.31
	4638.83	0.00	12.91	2193.31
	4638.84	0.00	12.91	2196.30
	4638.85	0.00	12.93	2205.30
	4638.87	0.00	12.92	2207.30
	4638.88	0.00	12.92	2206.31
	4638.89	0.00	12.91	2207.33
	4638.90	0.00	12.92	2208.31
	4638.91	0.00	12.92	2201.29
	4638.92	0.00	12.94	2209.28
	4638.94	0.00	12.94	2212.28
	4638.95	0.00	12.95	2212.28
	4638.96	0.00	12.94	2213.28
	4638.97	0.00	12.94	2215.28
	4638.98	0.00	12.95	2211.24
	4639.00	0.00	12.95	2211.25
	4639.01	0.00	12.95	2212.25
	4639.02	0.00	12.95	2211.26
	4639.03	0.00	12.93	2200.25
	4639.04	0.00	12.95	2213.25
	4639.05	0.00	12.95	2211.25
	4639.07	0.00	12.91	2192.24
	4639.08	0.00	12.91	2192.25
	4639.09	0.00	12.92	2196.25
	4639.10	0.00	12.92	2198.25
	4639.11	0.00	12.92	2196.25
	4639.12	0.00	12.92	2198.25
	4639.14	0.00	12.93	2197.24
	4639.15	0.00	12.92	2197.25
	4639.16	0.00	12.94	2206.25
	4639.17	0.00	12.94	2208.25
	4639.18	0.00	12.94	2208.25
	4639.20	0.00	12.94	2210.25
	4639.21	0.00	12.94	2209.25
	4639.22	0.00	12.93	2209.28
	4639.23	0.00	12.92	2210.30
	4639.24	0.00	12.91	2210.31
	4639.25	0.00	12.92	2211.32
	4639.27	0.00	12.92	2211.32
	4639.28	0.00	12.92	2211.33
	4639.29	0.00	12.93	2211.29
	4639.30	0.00	12.93	2213.29
	4639.31	0.00	12.93	2214.31
	4639.33	0.00	12.93	2214.31
	4639.34	0.00	12.92	2216.32
	4639.35	0.00	13.02	2213.02
	4639.36	0.00	13.03	2216.01
	4639.37	0.00	13.03	2219.03
	4639.38	0.00	13.02	2219.04
	4639.40	0.00	13.01	2215.04
	4639.41	0.00	13.00	2214.05
	4639.42	0.00	12.99	2212.06
	4639.43	0.00	12.94	2203.11
	4639.44	0.00	12.89	2197.23
	4639.46	0.00	12.90	2201.26
	4639.47	0.00	12.90	2200.27
	4639.48	0.00	12.90	2203.28
	4639.49	0.00	12.90	2206.29
	4639.50	0.00	12.88	2192.26
	4639.52	0.00	12.87	2189.29
	4639.53	0.00	12.88	2199.29
	4639.54	0.00	12.89	2200.31
	4639.55	0.00	12.87	2206.32
	4639.56	0.00	12.86	2211.32
	4639.58	0.00	12.87	2212.29
	4639.59	0.00	12.86	2212.30
	4639.60	0.00	12.87	2217.30
	4639.61	0.00	12.87	2225.32
	4639.62	0.00	12.88	2225.32
	4639.63	0.00	12.87	2228.33
	4639.64	0.00	12.86	2229.33
	4639.66	0.00	12.87	2228.31
	4639.67	0.00	12.88	2231.30
	4639.68	0.00	12.88	2231.30
	4639.69	0.00	12.88	2233.30
	4639.70	0.00	12.88	2234.30
	4639.72	0.00	12.88	2232.31
	4639.73	0.00	12.87	2228.27
	4639.74	0.00	12.88	2232.27
	4639.75	0.00	12.88	2231.27
	4639.76	0.00	12.88	2229.28
	4639.78	0.00	12.88	2232.28
	4639.79	0.00	12.88	2234.28
	4639.80	0.00	12.89	2233.24
	4639.81	0.00	12.83	2211.28
	4639.82	0.00	12.84	2215.28
	4639.83	0.00	12.84	2215.28
	4639.85	0.00	12.84	2216.28
	4639.86	0.00	12.85	2214.28
	4639.87	0.00	12.85	2214.28
	4639.88	0.00	12.85	2211.29
	4639.89	0.00	12.85	2207.28
	4639.91	0.00	12.88	2215.27
	4639.92	0.00	12.89	2216.27
	4639.93	0.00	12.89	2217.28
	4639.94	0.00	12.87	2205.27
	4639.95	0.00	12.89	2216.29
	4639.96	0.00	12.88	2217.32
	4639.98	0.00	12.88	2218.29
	4639.99	0.00	12.87	2220.33
	4640.00	0.00	12.87	2220.34
	4640.01	0.00	12.86	2223.35
	4640.02	0.00	12.87	2221.32
	4640.04	0.00	12.86	2224.32
	4640.05	0.00	12.86	2226.33
	4640.06	0.00	12.86	2226.34
	4640.07	0.00	12.85	2226.36
	4640.08	0.00	12.85	2227.34
	4640.10	0.00	12.92	2226.12
	4640.11	0.00	12.96	2230.01
	4640.12	0.00	12.94	2230.06
	4640.13	0.00	12.93	2227.07
	4640.14	0.00	12.94	2223.07
	4640.15	0.00	12.93	2223.09
	4640.17	0.00	12.91	2218.09
	4640.18	0.00	12.85	2210.20
	4640.19	0.00	12.83	2211.27
	4640.20	0.00	12.84	2206.31
	4640.21	0.00	12.84	2211.31
	4640.23	0.00	12.84	2212.32
	4640.24	0.00	12.80	2188.30
	4640.25	0.00	12.80	2193.32
	4640.26	0.00	12.81	2199.32
	4640.27	0.00	12.82	2203.32
	4640.28	0.00	12.83	2206.33
	4640.30	0.00	12.83	2210.34
	4640.31	0.00	12.82	2211.34
	4640.32	0.00	12.84	2214.31
	4640.33	0.00	12.84	2221.34
	4640.34	0.00	12.85	2222.33
	4640.36	0.00	12.84	2224.34
	4640.37	0.00	12.84	2227.34
	4640.38	0.00	12.83	2226.36
	4640.39	0.00	12.84	2226.34
	4640.40	0.00	12.85	2226.30
	4640.41	0.00	12.85	2229.31
	4640.43	0.00	12.85	2230.31
	4640.44	0.00	12.85	2233.31
	4640.45	0.00	12.85	2232.32
	4640.46	0.00	12.85	2232.32
	4640.47	0.00	12.86	2232.29
	4640.49	0.00	12.86	2228.28
	4640.50	0.00	12.86	2230.28
	4640.51	0.00	12.86	2230.29
	4640.52	0.00	12.85	2224.28
	4640.53	0.00	12.87	2230.28
	4640.54	0.00	12.87	2230.28
	4640.56	0.00	12.82	2208.28
	4640.57	0.00	12.82	2212.28
	4640.58	0.00	12.83	2213.28
	4640.59	0.00	12.83	2214.28
	4640.60	0.00	12.83	2213.28
	4640.62	0.00	12.83	2217.28
	4640.63	0.00	12.83	2216.28
	4640.64	0.00	12.83	2212.28
	4640.65	0.00	12.83	2214.28
	4640.66	0.00	12.83	2229.28
	4640.67	0.00	12.84	2231.28
	4640.69	0.00	12.83	2232.29
	4640.70	0.00	12.83	2232.29
	4640.71	0.00	12.81	2231.33
	4640.72	0.00	12.81	2234.35
	4640.73	0.00	12.81	2231.35
	4640.75	0.00	12.80	2234.36
	4640.76	0.00	12.80	2234.36
	4640.77	0.00	12.80	2235.37
	4640.78	0.00	12.82	2234.32
	4640.79	0.00	12.82	2238.35
	4640.81	0.00	12.81	2235.35
	4640.82	0.00	12.81	2236.36
	4640.83	0.00	12.80	2237.36
	4640.84	0.00	12.92	2238.04
	4640.85	0.00	12.92	2240.05
	4640.87	0.00	12.91	2239.07
	4640.88	0.00	12.91	2241.07
	4640.89	0.00	12.89	2234.09
	4640.90	0.00	12.89	2234.09
	4640.91	0.00	12.89	2229.06
	4640.92	0.00	12.87	2224.06
	4640.93	0.00	12.82	2219.21
	4640.95	0.00	12.80	2222.28
	4640.96	0.00	12.80	2218.32
	4640.97	0.00	12.80	2222.32
	4640.98	0.00	12.80	2224.33
	4641.00	0.00	12.77	2198.30
	4641.01	0.00	12.75	2199.31
	4641.02	0.00	12.77	2211.33
	4641.03	0.00	12.78	2218.34
	4641.04	0.00	12.79	2217.35
	4641.05	0.00	12.78	2223.36
	4641.06	0.00	12.78	2223.36
	4641.08	0.00	12.79	2226.33
	4641.09	0.00	12.80	2235.35
	4641.10	0.00	12.81	2234.35
	4641.11	0.00	12.80	2237.35
	4641.12	0.00	12.79	2237.36
	4641.14	0.00	12.79	2238.37
	4641.15	0.00	12.79	2234.34
	4641.16	0.00	12.80	2238.32
	4641.17	0.00	12.81	2243.33
	4641.18	0.00	12.81	2241.33
	4641.20	0.00	12.81	2244.33
	4641.21	0.00	12.81	2243.33
	4641.22	0.00	12.81	2244.33
	4641.23	0.00	12.81	2243.33
	4641.24	0.00	12.81	2237.30
	4641.25	0.00	12.81	2239.30
	4641.27	0.00	12.81	2239.30
	4641.28	0.00	12.82	2237.30
	4641.29	0.00	12.81	2239.30
	4641.30	0.00	12.81	2238.30
	4641.31	0.00	12.80	2234.31
	4641.33	0.00	12.76	2216.30
	4641.34	0.00	12.77	2222.30
	4641.35	0.00	12.78	2223.30
	4641.36	0.00	12.78	2224.30
	4641.37	0.00	12.79	2225.30
	4641.38	0.00	12.77	2218.30
	4641.40	0.00	12.79	2228.30
	4641.41	0.00	12.80	2233.30
	4641.42	0.00	12.80	2231.29
	4641.43	0.00	12.80	2229.30
	4641.44	0.00	12.81	2231.28
	4641.46	0.00	12.82	2231.27
	4641.47	0.00	12.79	2230.33
	4641.48	0.00	12.79	2234.35
	4641.49	0.00	12.78	2232.37
	4641.50	0.00	12.79	2236.36
	4641.52	0.00	12.78	2232.37
	4641.53	0.00	12.78	2233.37
	4641.54	0.00	12.78	2236.38
	4641.55	0.00	12.80	2233.34
	4641.56	0.00	12.79	2237.35
	4641.57	0.00	12.78	2236.37
	4641.59	0.00	12.79	2238.37
	4641.60	0.00	12.82	2241.27
	4641.61	0.00	12.90	2242.05
	4641.62	0.00	12.89	2242.07
	4641.63	0.00	12.89	2243.07
	4641.64	0.00	12.89	2242.08
	4641.66	0.00	12.87	2233.10
	4641.67	0.00	12.88	2234.08
	4641.68	0.00	12.86	2231.10
	4641.69	0.00	12.87	2235.11
	4641.70	0.00	12.83	2220.14
	4641.72	0.00	12.78	2221.27
	4641.73	0.00	12.79	2217.31
	4641.74	0.00	12.79	2220.32
	4641.75	0.00	12.80	2223.32
	4641.76	0.00	12.75	2201.32
	4641.77	0.00	12.77	2212.33
	4641.79	0.00	12.77	2210.34
	4641.80	0.00	12.78	2219.35
	4641.81	0.00	12.78	2222.35
	4641.82	0.00	12.78	2221.35
	4641.83	0.00	12.78	2222.34
	4641.85	0.00	12.80	2228.31
	4641.86	0.00	12.79	2232.34
	4641.87	0.00	12.80	2235.35
	4641.88	0.00	12.80	2236.35
	4641.89	0.00	12.79	2235.36
	4641.90	0.00	12.79	2237.35
	4641.92	0.00	12.80	2236.32
	4641.93	0.00	12.81	2242.32
	4641.94	0.00	12.81	2244.33
	4641.95	0.00	12.80	2241.33
	4641.96	0.00	12.81	2243.32
	4641.98	0.00	12.82	2239.27
	4641.99	0.00	12.81	2238.29
	4642.00	0.00	12.81	2236.29
	4642.01	0.00	12.80	2236.30
	4642.02	0.00	12.81	2240.29
	4642.04	0.00	12.81	2241.30
	4642.05	0.00	12.82	2241.29
	4642.06	0.00	12.79	2227.29
	4642.07	0.00	12.77	2219.31
	4642.08	0.00	12.78	2223.29
	4642.10	0.00	12.78	2220.29
	4642.11	0.00	12.79	2223.28
	4642.12	0.00	12.79	2225.29
	4642.13	0.00	12.79	2225.29
	4642.14	0.00	12.80	2226.29
	4642.15	0.00	12.78	2221.30
	4642.16	0.00	12.81	2231.29
	4642.18	0.00	12.81	2232.29
	4642.19	0.00	12.81	2233.29
	4642.20	0.00	12.81	2234.30
	4642.21	0.00	12.81	2232.29
	4642.22	0.00	12.81	2232.30
	4642.24	0.00	12.79	2229.34
	4642.25	0.00	12.80	2235.34
	4642.26	0.00	12.79	2234.35
	4642.27	0.00	12.79	2234.36
	4642.28	0.00	12.79	2236.37
	4642.30	0.00	12.79	2235.37
	4642.31	0.00	12.80	2236.33
	4642.32	0.00	12.80	2239.35
	4642.33	0.00	12.80	2238.35
	4642.34	0.00	12.80	2242.36
	4642.35	0.00	12.79	2240.36
	4642.37	0.00	12.80	2241.36
	4642.38	0.00	12.90	2240.05
	4642.39	0.00	12.90	2242.06
	4642.40	0.00	12.89	2236.08
	4642.41	0.00	12.89	2235.09
	4642.43	0.00	12.90	2235.06
	4642.44	0.00	12.85	2223.12
	4642.45	0.00	12.80	2223.25
	4642.46	0.00	12.79	2225.27
	4642.47	0.00	12.78	2223.31
	4642.48	0.00	12.80	2220.31
	4642.50	0.00	12.80	2222.32
	4642.51	0.00	12.77	2200.29
	4642.52	0.00	12.76	2209.33
	4642.53	0.00	12.78	2210.32
	4642.54	0.00	12.78	2216.33
	4642.56	0.00	12.78	2218.33
	4642.57	0.00	12.79	2218.34
	4642.58	0.00	12.78	2218.35
	4642.59	0.00	12.78	2223.35
	4642.60	0.00	12.80	2226.32
	4642.62	0.00	12.81	2233.33
	4642.63	0.00	12.80	2233.34
	4642.64	0.00	12.80	2235.35
	4642.65	0.00	12.79	2235.35
	4642.66	0.00	12.80	2237.35
	4642.67	0.00	12.80	2234.31
	4642.69	0.00	12.80	2235.32
	4642.70	0.00	12.81	2242.32
	4642.71	0.00	12.81	2242.32
	4642.72	0.00	12.80	2241.33
	4642.73	0.00	12.82	2242.29
	4642.75	0.00	12.82	2238.27
	4642.76	0.00	12.81	2239.29
	4642.77	0.00	12.81	2238.29
	4642.78	0.00	12.81	2241.29
	4642.79	0.00	12.82	2240.29
	4642.80	0.00	12.81	2239.30
	4642.82	0.00	12.82	2240.29
	4642.83	0.00	12.81	2238.30
	4642.84	0.00	12.78	2219.27
	4642.85	0.00	12.78	2222.29
	4642.86	0.00	12.78	2223.29
	4642.88	0.00	12.78	2224.29
	4642.89	0.00	12.78	2223.30
	4642.90	0.00	12.78	2220.29
	4642.91	0.00	12.79	2229.29
	4642.92	0.00	12.80	2233.30
	4642.93	0.00	12.80	2233.30
	4642.95	0.00	12.80	2233.30
	4642.96	0.00	12.80	2234.29
	4642.97	0.00	12.80	2234.30
	4642.98	0.00	12.78	2233.34
	4642.99	0.00	12.78	2233.36
	4643.01	0.00	12.78	2235.37
	4643.02	0.00	12.79	2236.35
	4643.03	0.00	12.78	2236.38
	4643.04	0.00	12.79	2237.33
	4643.05	0.00	12.79	2237.35
	4643.06	0.00	12.78	2238.37
	4643.08	0.00	12.78	2238.36
	4643.09	0.00	12.78	2241.37
	4643.10	0.00	12.88	2238.07
	4643.11	0.00	12.89	2242.05
	4643.12	0.00	12.88	2242.07
	4643.14	0.00	12.88	2242.08
	4643.15	0.00	12.87	2236.09
	4643.16	0.00	12.86	2235.10
	4643.17	0.00	12.84	2222.07
	4643.18	0.00	12.79	2221.24
	4643.19	0.00	12.77	2222.29
	4643.21	0.00	12.78	2222.31
	4643.22	0.00	12.78	2222.32
	4643.23	0.00	12.78	2222.32
	4643.24	0.00	12.78	2224.33
	4643.25	0.00	12.74	2202.31
	4643.27	0.00	12.75	2213.33
	4643.28	0.00	12.77	2217.34
	4643.29	0.00	12.78	2218.32
	4643.30	0.00	12.77	2221.35
	4643.31	0.00	12.76	2219.33
	4643.33	0.00	12.77	2217.32
	4643.34	0.00	12.79	2229.31
	4643.35	0.00	12.79	2234.34
	4643.36	0.00	12.78	2234.35
	4643.37	0.00	12.78	2238.35
	4643.38	0.00	12.77	2237.37
	4643.40	0.00	12.79	2238.32
	4643.41	0.00	12.79	2243.33
	4643.42	0.00	12.79	2243.33
	4643.43	0.00	12.79	2244.34
	4643.44	0.00	12.79	2243.33
	4643.46	0.00	12.79	2242.33
	4643.47	0.00	12.77	2251.32
	4643.48	0.00	12.76	2245.31
	4643.49	0.00	12.77	2247.30
	4643.50	0.00	12.77	2247.30
	4643.52	0.00	12.77	2246.30
	4643.53	0.00	12.78	2249.30
	4643.54	0.00	12.77	2246.30
	4643.55	0.00	12.73	2228.30
	4643.56	0.00	12.74	2229.28
	4643.57	0.00	12.74	2233.30
	4643.59	0.00	12.74	2231.30
	4643.60	0.00	12.75	2232.30
	4643.61	0.00	12.74	2230.32
	4643.62	0.00	12.74	2232.30
	4643.63	0.00	12.74	2228.30
	4643.64	0.00	12.75	2235.30
	4643.66	0.00	12.76	2240.30
	4643.67	0.00	12.76	2240.30
	4643.68	0.00	12.76	2240.30
	4643.69	0.00	12.76	2240.31
	4643.70	0.00	12.75	2239.33
	4643.72	0.00	12.75	2240.34
	4643.73	0.00	12.74	2240.36
	4643.74	0.00	12.74	2240.38
	4643.75	0.00	12.73	2241.38
	4643.76	0.00	12.74	2242.38
	4643.77	0.00	12.75	2242.34
	4643.79	0.00	12.75	2240.34
	4643.80	0.00	12.75	2244.35
	4643.81	0.00	12.75	2244.36
	4643.82	0.00	12.74	2242.37
	4643.83	0.00	12.75	2245.36
	4643.85	0.00	12.75	2247.37
	4643.86	0.00	12.86	2248.05
	4643.87	0.00	12.85	2248.07
	4643.88	0.00	12.84	2248.09
	4643.89	0.00	12.84	2243.09
	4643.90	0.00	12.83	2242.10
	4643.92	0.00	12.83	2243.10
	4643.93	0.00	12.83	2242.11
	4643.94	0.00	12.78	2228.18
	4643.95	0.00	12.75	2229.25
	4643.96	0.00	12.74	2230.29
	4643.98	0.00	12.75	2225.31
	4643.99	0.00	12.75	2227.32
	4644.00	0.00	12.75	2230.33
	4644.01	0.00	12.72	2207.30
	4644.02	0.00	12.73	2219.34
	4644.04	0.00	12.74	2222.35
	4644.05	0.00	12.75	2224.35
	4644.06	0.00	12.75	2227.35
	4644.07	0.00	12.77	2222.36
	4644.08	0.00	12.77	2220.36
	4644.09	0.00	12.78	2218.32
	4644.11	0.00	12.79	2227.34
	4644.12	0.00	12.80	2232.34
	4644.13	0.00	12.79	2233.35
	4644.14	0.00	12.79	2235.35
	4644.15	0.00	12.79	2231.32
	4644.16	0.00	12.78	2224.32
	4644.18	0.00	12.80	2237.33
	4644.19	0.00	12.80	2240.33
	4644.20	0.00	12.79	2238.35
	4644.21	0.00	12.80	2241.33
	4644.22	0.00	12.80	2240.33
	4644.24	0.00	12.80	2236.29
	4644.25	0.00	12.79	2238.30
	4644.26	0.00	12.81	2239.30
	4644.27	0.00	12.80	2240.30
	4644.28	0.00	12.80	2239.30
	4644.29	0.00	12.80	2240.30
	4644.31	0.00	12.80	2241.30
	4644.32	0.00	12.75	2222.30
	4644.33	0.00	12.76	2222.30
	4644.34	0.00	12.76	2223.30
	4644.35	0.00	12.77	2224.30
	4644.37	0.00	12.77	2223.30
	4644.38	0.00	12.77	2225.31
	4644.39	0.00	12.77	2224.30
	4644.40	0.00	12.76	2221.30
	4644.41	0.00	12.79	2232.30
	4644.42	0.00	12.80	2234.28
	4644.44	0.00	12.79	2234.30
	4644.45	0.00	12.80	2232.30
	4644.46	0.00	12.80	2233.30
	4644.47	0.00	12.79	2233.33
	4644.48	0.00	12.77	2229.35
	4644.50	0.00	12.78	2231.36
	4644.51	0.00	12.78	2235.37
	4644.52	0.00	12.77	2234.39
	4644.53	0.00	12.79	2234.33
	4644.54	0.00	12.79	2235.34
	4644.56	0.00	12.79	2234.34
	4644.57	0.00	12.79	2235.36
	4644.58	0.00	12.79	2235.36
	4644.59	0.00	12.78	2238.37
	4644.60	0.00	12.78	2238.37
	4644.62	0.00	12.90	2239.05
	4644.63	0.00	12.89	2241.07
	4644.64	0.00	12.87	2230.09
	4644.65	0.00	12.87	2233.09
	4644.66	0.00	12.87	2235.10
	4644.67	0.00	12.87	2234.10
	4644.69	0.00	12.82	2220.17
	4644.70	0.00	12.78	2221.28
	4644.71	0.00	12.79	2218.31
	4644.72	0.00	12.79	2219.32
	4644.73	0.00	12.79	2222.33
	4644.75	0.00	12.75	2199.30
	4644.76	0.00	12.76	2206.32
	4644.77	0.00	12.77	2207.32
	4644.78	0.00	12.78	2214.33
	4644.79	0.00	12.79	2212.31
	4644.80	0.00	12.78	2217.35
	4644.82	0.00	12.78	2219.35
	4644.83	0.00	12.78	2220.35
	4644.84	0.00	12.78	2219.34
	4644.85	0.00	12.78	2215.32
	4644.86	0.00	12.80	2231.33
	4644.87	0.00	12.80	2231.34
	4644.89	0.00	12.79	2234.37
	4644.90	0.00	12.80	2235.35
	4644.91	0.00	12.80	2234.35
	4644.92	0.00	12.80	2232.32
	4644.93	0.00	12.80	2237.33
	4644.95	0.00	12.82	2238.32
	4644.96	0.00	12.81	2239.32
	4644.97	0.00	12.81	2239.32
	4644.98	0.00	12.81	2240.33
	4644.99	0.00	12.81	2236.29
	4645.01	0.00	12.81	2237.29
	4645.02	0.00	12.82	2237.30
	4645.03	0.00	12.82	2238.29
	4645.04	0.00	12.82	2237.29
	4645.05	0.00	12.82	2237.29
	4645.06	0.00	12.83	2230.22
	4645.08	0.00	12.78	2217.29
	4645.09	0.00	12.78	2220.29
	4645.10	0.00	12.79	2222.29
	4645.11	0.00	12.79	2223.30
	4645.12	0.00	12.79	2221.29
	4645.14	0.00	12.78	2218.29
	4645.15	0.00	12.80	2226.29
	4645.16	0.00	12.79	2226.31
	4645.17	0.00	12.79	2222.29
	4645.18	0.00	12.81	2231.29
	4645.19	0.00	12.81	2232.29
	4645.21	0.00	12.81	2232.28
	4645.22	0.00	12.79	2231.33
	4645.23	0.00	12.79	2231.34
	4645.24	0.00	12.79	2230.34
	4645.25	0.00	12.78	2230.37
	4645.27	0.00	12.77	2226.36
	4645.28	0.00	12.79	2234.37
	4645.29	0.00	12.79	2231.35
	4645.30	0.00	12.80	2234.33
	4645.31	0.00	12.80	2234.34
	4645.33	0.00	12.80	2234.34
	4645.34	0.00	12.79	2235.37
	4645.35	0.00	12.79	2236.36
	4645.36	0.00	12.79	2238.36
	4645.37	0.00	12.91	2240.04
	4645.38	0.00	12.90	2239.05
	4645.40	0.00	12.89	2235.08
	4645.41	0.00	12.88	2232.09
	4645.42	0.00	12.88	2232.09
	4645.43	0.00	12.87	2232.11
	4645.44	0.00	12.88	2227.07
	4645.45	0.00	12.81	2219.20
	4645.47	0.00	12.79	2223.28
	4645.48	0.00	12.79	2216.30
	4645.49	0.00	12.79	2221.32
	4645.50	0.00	12.79	2221.32
	4645.51	0.00	12.79	2221.32
	4645.53	0.00	12.76	2200.29
	4645.54	0.00	12.76	2206.33
	4645.55	0.00	12.77	2213.34
	4645.56	0.00	12.81	2214.28
	4645.57	0.00	12.79	2218.34
	4645.58	0.00	12.78	2220.34
	4645.60	0.00	12.79	2218.32
	4645.61	0.00	12.80	2223.32
	4645.62	0.00	12.81	2224.33
	4645.63	0.00	12.81	2229.33
	4645.64	0.00	12.80	2226.34
	4645.66	0.00	12.80	2229.35
	4645.67	0.00	12.81	2227.31
	4645.68	0.00	12.82	2233.31
	4645.69	0.00	12.82	2236.32
	4645.70	0.00	12.83	2236.27
	4645.71	0.00	12.81	2239.32
	4645.73	0.00	12.81	2239.32
	4645.74	0.00	12.80	2239.33
	4645.75	0.00	12.82	2234.26
	4645.76	0.00	12.81	2234.29
	4645.77	0.00	12.82	2235.29
	4645.79	0.00	12.82	2233.29
	4645.80	0.00	12.81	2232.30
	4645.81	0.00	12.82	2233.29
	4645.82	0.00	12.82	2234.29
	4645.83	0.00	12.77	2213.29
	4645.85	0.00	12.77	2216.29
	4645.86	0.00	12.78	2219.29
	4645.87	0.00	12.78	2221.29
	4645.88	0.00	12.77	2222.29
	4645.89	0.00	12.77	2223.30
	4645.90	0.00	12.77	2224.30
	4645.92	0.00	12.76	2217.30
	4645.93	0.00	12.78	2226.31
	4645.94	0.00	12.79	2229.29
	4645.95	0.00	12.79	2229.29
	4645.96	0.00	12.79	2229.29
	4645.98	0.00	12.79	2230.30
	4645.99	0.00	12.79	2231.31
	4646.00	0.00	12.78	2229.34
	4646.01	0.00	12.77	2230.35
	4646.02	0.00	12.76	2232.38
	4646.04	0.00	12.77	2234.37
	4646.05	0.00	12.77	2234.38
	4646.06	0.00	12.77	2233.34
	4646.07	0.00	12.77	2236.37
	4646.08	0.00	12.77	2237.36
	4646.09	0.00	12.77	2236.36
	4646.11	0.00	12.77	2237.37
	4646.12	0.00	12.77	2240.36
	4646.13	0.00	12.88	2242.05
	4646.14	0.00	12.87	2240.08
	4646.15	0.00	12.86	2232.09
	4646.16	0.00	12.86	2233.06
	4646.18	0.00	12.86	2232.10
	4646.19	0.00	12.85	2235.10
	4646.20	0.00	12.82	2222.12
	4646.21	0.00	12.77	2220.27
	4646.22	0.00	12.76	2220.32
	4646.24	0.00	12.77	2220.33
	4646.25	0.00	12.79	2223.29
	4646.26	0.00	12.77	2220.31
	4646.27	0.00	12.73	2199.31
	4646.28	0.00	12.73	2200.32
	4646.29	0.00	12.75	2213.35
	4646.31	0.00	12.76	2220.34
	4646.32	0.00	12.77	2219.35
	4646.33	0.00	12.77	2223.35
	4646.34	0.00	12.78	2220.29
	4646.35	0.00	12.79	2234.33
	4646.37	0.00	12.79	2235.34
	4646.38	0.00	12.79	2234.35
	4646.39	0.00	12.79	2234.35
	4646.40	0.00	12.78	2237.35
	4646.41	0.00	12.79	2239.35
	4646.42	0.00	12.79	2238.31
	4646.44	0.00	12.78	2236.32
	4646.45	0.00	12.80	2241.32
	4646.46	0.00	12.80	2240.33
	4646.47	0.00	12.79	2242.33
	4646.48	0.00	12.80	2241.33
	4646.50	0.00	12.79	2242.33
	4646.51	0.00	12.80	2239.29
	4646.52	0.00	12.80	2239.30
	4646.53	0.00	12.81	2243.29
	4646.54	0.00	12.80	2239.29
	4646.56	0.00	12.80	2240.29
	4646.57	0.00	12.80	2240.31
	4646.58	0.00	12.81	2241.29
	4646.59	0.00	12.81	2240.29
	4646.60	0.00	12.77	2218.29
	4646.62	0.00	12.77	2222.29
	4646.63	0.00	12.77	2223.29
	4646.64	0.00	12.78	2224.29
	4646.65	0.00	12.78	2223.30
	4646.66	0.00	12.78	2225.29
	4646.67	0.00	12.79	2224.28
	4646.68	0.00	12.79	2221.28
	4646.70	0.00	12.79	2231.30
	4646.71	0.00	12.81	2235.29
	4646.72	0.00	12.82	2233.28
	4646.73	0.00	12.82	2233.28
	4646.75	0.00	12.81	2233.29
	4646.76	0.00	12.81	2230.28
	4646.77	0.00	12.82	2234.27
	4646.78	0.00	12.80	2230.32
	4646.79	0.00	12.80	2233.34
	4646.80	0.00	12.80	2232.34
	4646.81	0.00	12.80	2230.35
	4646.83	0.00	12.80	2233.35
	4646.84	0.00	12.81	2231.35
	4646.85	0.00	12.81	2233.36
	4646.86	0.00	12.82	2232.31
	4646.87	0.00	12.82	2232.32
	4646.89	0.00	12.82	2233.33
	4646.90	0.00	12.82	2233.34
	4646.91	0.00	12.83	2229.34
	4646.92	0.00	12.91	2226.10
	4646.93	0.00	12.95	2231.02
	4646.94	0.00	12.94	2230.04
	4646.96	0.00	12.94	2223.05
	4646.97	0.00	12.94	2221.05
	4646.98	0.00	12.93	2222.06
	4646.99	0.00	12.93	2220.06
	4647.00	0.00	12.93	2214.05
	4647.02	0.00	12.87	2204.16
	4647.03	0.00	12.85	2205.23
	4647.04	0.00	12.84	2205.26
	4647.05	0.00	12.84	2206.27
	4647.06	0.00	12.85	2202.28
	4647.08	0.00	12.85	2205.29
	4647.09	0.00	12.86	2206.30
	4647.10	0.00	12.82	2180.27
	4647.11	0.00	12.84	2191.28
	4647.12	0.00	12.85	2196.29
	4647.13	0.00	12.86	2197.29
	4647.15	0.00	12.86	2194.29
	4647.16	0.00	12.87	2196.30
	4647.17	0.00	12.86	2193.30
	4647.18	0.00	12.88	2197.30
	4647.19	0.00	12.88	2196.27
	4647.20	0.00	12.91	2204.27
	4647.22	0.00	12.91	2206.28
	4647.23	0.00	12.91	2210.28
	4647.24	0.00	12.91	2208.29
	4647.25	0.00	12.90	2212.29
	4647.27	0.00	12.90	2210.30
	4647.28	0.00	12.90	2207.26
	4647.29	0.00	12.91	2213.27
	4647.30	0.00	12.92	2214.27
	4647.31	0.00	12.92	2214.27
	4647.32	0.00	12.92	2214.27
	4647.34	0.00	12.92	2216.27
	4647.35	0.00	12.92	2216.27
	4647.36	0.00	12.92	2216.27
	4647.37	0.00	12.92	2210.23
	4647.38	0.00	12.92	2212.24
	4647.39	0.00	12.93	2212.23
	4647.41	0.00	12.93	2211.24
	4647.42	0.00	12.93	2211.24
	4647.43	0.00	12.94	2212.23
	4647.44	0.00	12.94	2211.23
	4647.45	0.00	12.94	2210.23
	4647.47	0.00	12.89	2189.23
	4647.48	0.00	12.91	2191.24
	4647.49	0.00	12.91	2191.23
	4647.50	0.00	12.92	2192.23
	4647.51	0.00	12.92	2191.23
	4647.52	0.00	12.92	2193.24
	4647.54	0.00	12.92	2193.23
	4647.55	0.00	12.92	2193.23
	4647.56	0.00	12.91	2187.23
	4647.57	0.00	12.93	2196.23
	4647.58	0.00	12.94	2199.23
	4647.60	0.00	12.94	2199.23
	4647.61	0.00	12.94	2200.24
	4647.62	0.00	12.95	2200.23
	4647.63	0.00	12.95	2200.23
	4647.64	0.00	12.95	2201.24
	4647.66	0.00	12.93	2199.29
	4647.67	0.00	12.93	2200.29
	4647.68	0.00	12.93	2200.30
	4647.69	0.00	12.93	2203.31
	4647.70	0.00	12.92	2202.31
	4647.71	0.00	12.92	2197.31
	4647.73	0.00	12.92	2202.31
	4647.74	0.00	12.94	2204.28
	4647.75	0.00	12.93	2206.29
	4647.76	0.00	12.93	2208.30
	4647.77	0.00	12.93	2208.30
	4647.79	0.00	12.93	2208.31
	4647.80	0.00	13.05	2209.96
	4647.81	0.00	13.04	2209.98
	4647.82	0.00	13.03	2209.99
	4647.83	0.00	13.03	2213.01
	4647.84	0.00	13.02	2205.03
	4647.86	0.00	13.01	2205.04
	4647.87	0.00	13.01	2205.01
	4647.88	0.00	12.93	2192.16
	4647.89	0.00	12.91	2197.23
	4647.90	0.00	12.90	2195.24
	4647.92	0.00	12.91	2190.25
	4647.93	0.00	12.91	2192.26
	4647.94	0.00	12.91	2198.27
	4647.95	0.00	12.88	2172.24
	4647.96	0.00	12.88	2179.27
	4647.97	0.00	12.90	2187.26
	4647.99	0.00	12.89	2188.28
	4648.00	0.00	12.90	2190.28
	4648.01	0.00	12.90	2188.29
	4648.02	0.00	12.90	2194.29
	4648.03	0.00	12.89	2196.29
	4648.05	0.00	12.90	2198.27
	4648.06	0.00	12.91	2208.28
	4648.07	0.00	12.92	2207.26
	4648.08	0.00	12.91	2208.29
	4648.09	0.00	12.91	2208.29
	4648.10	0.00	12.91	2210.29
	4648.12	0.00	12.89	2210.31
	4648.13	0.00	12.90	2206.28
	4648.14	0.00	12.91	2211.27
	4648.15	0.00	12.92	2214.27
	4648.16	0.00	12.92	2215.27
	4648.18	0.00	12.91	2216.27
	4648.19	0.00	12.91	2216.27
	4648.20	0.00	12.91	2216.28
	4648.21	0.00	12.91	2216.28
	4648.22	0.00	12.91	2212.24
	4648.24	0.00	12.91	2213.24
	4648.25	0.00	12.91	2213.25
	4648.26	0.00	12.91	2215.24
	4648.27	0.00	12.91	2215.24
	4648.28	0.00	12.91	2216.24
	4648.29	0.00	12.93	2215.18
	4648.31	0.00	12.91	2218.24
	4648.32	0.00	12.90	2216.24
	4648.33	0.00	12.86	2193.24
	4648.34	0.00	12.86	2196.26
	4648.35	0.00	12.86	2199.24
	4648.37	0.00	12.86	2200.25
	4648.38	0.00	12.86	2201.25
	4648.39	0.00	12.86	2200.26
	4648.40	0.00	12.87	2200.24
	4648.41	0.00	12.87	2201.24
	4648.42	0.00	12.87	2197.24
	4648.44	0.00	12.86	2200.26
	4648.45	0.00	12.87	2200.24
	4648.46	0.00	12.89	2207.24
	4648.47	0.00	12.89	2208.24
	4648.48	0.00	12.89	2209.25
	4648.50	0.00	12.89	2207.24
	4648.51	0.00	12.89	2208.24
	4648.52	0.00	12.89	2208.25
	4648.53	0.00	12.88	2207.28
	4648.54	0.00	12.87	2208.30
	4648.56	0.00	12.87	2209.30
	4648.57	0.00	12.86	2210.33
	4648.58	0.00	12.87	2211.32
	4648.59	0.00	12.87	2211.32
	4648.60	0.00	12.87	2210.32
	4648.61	0.00	12.88	2211.29
	4648.63	0.00	12.88	2212.30
	4648.64	0.00	12.87	2212.31
	4648.65	0.00	12.88	2213.31
	4648.66	0.00	12.88	2214.28
	4648.67	0.00	12.88	2215.31
	4648.68	0.00	12.93	2211.14
	4648.70	0.00	12.99	2212.99
	4648.71	0.00	12.98	2216.02
	4648.72	0.00	12.98	2208.03
	4648.73	0.00	12.98	2206.03
	4648.74	0.00	12.98	2209.04
	4648.76	0.00	12.94	2191.07
	4648.77	0.00	12.90	2193.18
	4648.78	0.00	12.89	2191.20
	4648.79	0.00	12.89	2195.22
	4648.80	0.00	12.90	2190.25
	4648.81	0.00	12.90	2190.26
	4648.83	0.00	12.91	2192.26
	4648.84	0.00	12.86	2167.25
	4648.85	0.00	12.87	2173.26
	4648.86	0.00	12.88	2177.27
	4648.87	0.00	12.88	2178.27
	4648.89	0.00	12.89	2178.27
	4648.90	0.00	12.89	2173.28
	4648.91	0.00	12.90	2183.28
	4648.92	0.00	12.90	2184.28
	4648.93	0.00	12.90	2188.29
	4648.94	0.00	12.90	2182.26
	4648.96	0.00	12.90	2181.26
	4648.97	0.00	12.91	2184.25
	4648.98	0.00	12.93	2196.26
	4648.99	0.00	12.93	2199.27
	4649.00	0.00	12.92	2199.28
	4649.02	0.00	12.91	2199.30
	4649.03	0.00	12.92	2202.28
	4649.04	0.00	12.93	2195.24
	4649.05	0.00	12.94	2202.25
	4649.06	0.00	12.94	2203.25
	4649.08	0.00	12.93	2200.25
	4649.09	0.00	12.94	2204.26
	4649.10	0.00	12.94	2204.26
	4649.11	0.00	12.94	2204.26
	4649.12	0.00	12.94	2206.26
	4649.13	0.00	12.95	2200.21
	4649.15	0.00	12.95	2199.22
	4649.16	0.00	12.96	2201.18
	4649.17	0.00	12.95	2202.22
	4649.18	0.00	12.95	2203.22
	4649.19	0.00	12.96	2202.22
	4649.20	0.00	12.95	2201.22
	4649.22	0.00	12.95	2201.22
	4649.23	0.00	12.93	2190.22
	4649.24	0.00	12.92	2181.21
	4649.25	0.00	12.92	2180.22
	4649.27	0.00	12.92	2182.22
	4649.28	0.00	12.93	2184.21
	4649.29	0.00	12.92	2182.23
	4649.30	0.00	12.92	2179.22
	4649.31	0.00	12.93	2187.22
	4649.32	0.00	12.93	2184.21
	4649.33	0.00	12.92	2182.22
	4649.35	0.00	12.93	2183.21
	4649.36	0.00	12.94	2187.21
	4649.37	0.00	12.95	2193.21
	4649.38	0.00	12.96	2195.18
	4649.39	0.00	12.96	2197.21
	4649.41	0.00	12.96	2195.21
	4649.42	0.00	12.95	2196.23
	4649.43	0.00	12.94	2195.26
	4649.44	0.00	12.94	2198.26
	4649.45	0.00	12.94	2198.27
	4649.46	0.00	12.94	2195.27
	4649.48	0.00	12.94	2198.28
	4649.49	0.00	12.93	2200.29
	4649.50	0.00	12.93	2199.29
	4649.51	0.00	12.95	2201.25
	4649.52	0.00	12.95	2199.25
	4649.54	0.00	12.94	2199.27
	4649.55	0.00	12.94	2200.27
	4649.56	0.00	12.94	2201.28
	4649.57	0.00	12.93	2203.29
	4649.58	0.00	12.94	2198.23
	4649.60	0.00	13.05	2203.96
	4649.61	0.00	13.04	2204.99
	4649.62	0.00	13.03	2199.00
	4649.63	0.00	13.03	2199.01
	4649.64	0.00	13.03	2199.01
	4649.65	0.00	13.02	2199.03
	4649.67	0.00	13.02	2201.02
	4649.68	0.00	12.96	2183.11
	4649.69	0.00	12.93	2186.20
	4649.70	0.00	12.93	2182.23
	4649.71	0.00	12.93	2185.25
	4649.72	0.00	12.93	2188.25
	4649.74	0.00	12.93	2187.25
	4649.75	0.00	12.90	2164.20
	4649.76	0.00	12.89	2177.26
	4649.77	0.00	12.90	2184.27
	4649.79	0.00	12.91	2183.27
	4649.80	0.00	12.90	2189.28
	4649.81	0.00	12.90	2193.28
	4649.82	0.00	12.89	2193.29
	4649.83	0.00	12.89	2193.25
	4649.84	0.00	12.90	2206.27
	4649.86	0.00	12.90	2208.28
	4649.87	0.00	12.90	2209.28
	4649.88	0.00	12.88	2211.29
	4649.89	0.00	12.88	2213.30
	4649.90	0.00	12.89	2210.25
	4649.91	0.00	12.89	2216.27
	4649.93	0.00	12.89	2219.27
	4649.94	0.00	12.89	2216.27
	4649.95	0.00	12.89	2219.27
	4649.96	0.00	12.89	2217.27
	4649.97	0.00	12.89	2219.27
	4649.99	0.00	12.89	2219.27
	4650.00	0.00	12.89	2214.23
	4650.01	0.00	12.89	2212.23
	4650.02	0.00	12.88	2214.25
	4650.03	0.00	12.88	2216.24
	4650.04	0.00	12.88	2218.24
	4650.06	0.00	12.89	2218.24
	4650.07	0.00	12.88	2218.26
	4650.08	0.00	12.89	2221.24
	4650.09	0.00	12.88	2217.24
	4650.10	0.00	12.84	2197.24
	4650.12	0.00	12.84	2201.26
	4650.13	0.00	12.85	2202.24
	4650.14	0.00	12.85	2202.24
	4650.15	0.00	12.85	2203.25
	4650.16	0.00	12.85	2205.25
	4650.17	0.00	12.85	2206.25
	4650.19	0.00	12.85	2204.25
	4650.20	0.00	12.84	2201.25
	4650.21	0.00	12.86	2207.25
	4650.22	0.00	12.87	2212.24
	4650.23	0.00	12.86	2212.25
	4650.25	0.00	12.87	2215.25
	4650.26	0.00	12.87	2214.24
	4650.27	0.00	12.87	2208.21
	4650.28	0.00	12.85	2214.28
	4650.29	0.00	12.85	2216.30
	4650.31	0.00	12.85	2217.30
	4650.32	0.00	12.85	2216.30
	4650.33	0.00	12.84	2214.31
	4650.34	0.00	12.84	2217.32
	4650.35	0.00	12.83	2209.33
	4650.36	0.00	12.85	2217.29
	4650.38	0.00	12.86	2219.30
	4650.39	0.00	12.85	2219.31
	4650.40	0.00	12.86	2218.31
	4650.41	0.00	12.85	2217.31
	4650.42	0.00	12.85	2221.32
	4650.43	0.00	12.84	2220.33
	4650.45	0.00	12.95	2215.00
	4650.46	0.00	12.95	2221.01
	4650.47	0.00	12.95	2225.03
	4650.48	0.00	12.94	2216.03
	4650.49	0.00	12.94	2216.05
	4650.51	0.00	12.94	2214.05
	4650.52	0.00	12.93	2218.05
	4650.53	0.00	12.90	2204.07
	4650.54	0.00	12.86	2203.19
	4650.55	0.00	12.84	2204.24
	4650.56	0.00	12.85	2199.26
	4650.58	0.00	12.86	2202.24
	4650.59	0.00	12.86	2205.28
	4650.60	0.00	12.82	2183.25
	4650.61	0.00	12.81	2179.25
	4650.62	0.00	12.82	2186.29
	4650.64	0.00	12.83	2196.29
	4650.65	0.00	12.84	2197.30
	4650.66	0.00	12.84	2198.30
	4650.67	0.00	12.84	2202.30
	4650.68	0.00	12.84	2203.30
	4650.69	0.00	12.85	2207.28
	4650.71	0.00	12.86	2210.28
	4650.72	0.00	12.86	2212.28
	4650.73	0.00	12.86	2214.29
	4650.74	0.00	12.86	2215.30
	4650.75	0.00	12.86	2214.30
	4650.77	0.00	12.86	2217.30
	4650.78	0.00	12.86	2218.30
	4650.79	0.00	12.86	2217.30
	4650.80	0.00	12.86	2215.28
	4650.81	0.00	12.87	2221.27
	4650.83	0.00	12.87	2221.28
	4650.84	0.00	12.87	2222.28
	4650.85	0.00	12.87	2222.29
	4650.86	0.00	12.87	2222.28
	4650.87	0.00	12.87	2219.25
	4650.88	0.00	12.87	2217.24
	4650.90	0.00	12.87	2217.26
	4650.91	0.00	12.88	2220.24
	4650.92	0.00	12.88	2220.25
	4650.93	0.00	12.87	2218.25
	4650.94	0.00	12.88	2220.25
	4650.95	0.00	12.88	2221.25
	4650.97	0.00	12.84	2200.25
	4650.98	0.00	12.84	2200.24
	4650.99	0.00	12.84	2198.23
	4651.00	0.00	12.83	2199.25
	4651.02	0.00	12.84	2202.25
	4651.03	0.00	12.84	2203.25
	4651.04	0.00	12.85	2205.25
	4651.05	0.00	12.85	2204.25
	4651.06	0.00	12.84	2201.25
	4651.07	0.00	12.83	2199.25
	4651.08	0.00	12.84	2200.25
	4651.10	0.00	12.86	2210.24
	4651.11	0.00	12.86	2213.25
	4651.12	0.00	12.86	2213.25
	4651.13	0.00	12.87	2212.24
	4651.14	0.00	12.86	2213.25
	4651.16	0.00	12.85	2211.27
	4651.17	0.00	12.85	2211.28
	4651.18	0.00	12.85	2215.29
	4651.19	0.00	12.85	2215.31
	4651.20	0.00	12.85	2215.31
	4651.21	0.00	12.84	2214.32
	4651.23	0.00	12.84	2215.33
	4651.24	0.00	12.86	2214.28
	4651.25	0.00	12.85	2216.30
	4651.26	0.00	12.85	2217.31
	4651.27	0.00	12.85	2213.31
	4651.29	0.00	12.85	2217.31
	4651.30	0.00	12.85	2218.32
	4651.31	0.00	12.85	2218.32
	4651.32	0.00	12.95	2218.03
	4651.33	0.00	12.97	2218.00
	4651.35	0.00	12.95	2220.03
	4651.36	0.00	12.94	2214.06
	4651.37	0.00	12.95	2216.04
	4651.38	0.00	12.94	2213.05
	4651.39	0.00	12.94	2213.05
	4651.40	0.00	12.89	2200.12
	4651.42	0.00	12.86	2200.21
	4651.43	0.00	12.84	2201.25
	4651.44	0.00	12.86	2199.27
	4651.45	0.00	12.85	2199.27
	4651.46	0.00	12.86	2201.27
	4651.48	0.00	12.86	2200.27
	4651.49	0.00	12.84	2184.24
	4651.50	0.00	12.83	2186.27
	4651.51	0.00	12.83	2191.28
	4651.52	0.00	12.84	2194.29
	4651.54	0.00	12.85	2196.29
	4651.55	0.00	12.85	2198.30
	4651.56	0.00	12.85	2198.30
	4651.57	0.00	12.84	2198.30
	4651.58	0.00	12.85	2201.28
	4651.59	0.00	12.85	2201.27
	4651.61	0.00	12.86	2210.28
	4651.62	0.00	12.87	2214.29
	4651.63	0.00	12.87	2215.29
	4651.64	0.00	12.87	2213.29
	4651.65	0.00	12.86	2217.30
	4651.66	0.00	12.86	2218.30
	4651.68	0.00	12.86	2213.26
	4651.69	0.00	12.87	2218.27
	4651.70	0.00	12.87	2220.27
	4651.71	0.00	12.87	2221.28
	4651.72	0.00	12.86	2220.29
	4651.74	0.00	12.87	2222.28
	4651.75	0.00	12.87	2221.28
	4651.76	0.00	12.87	2223.28
	4651.77	0.00	12.87	2217.24
	4651.78	0.00	12.88	2217.24
	4651.79	0.00	12.88	2219.24
	4651.81	0.00	12.89	2219.21
	4651.82	0.00	12.89	2220.24
	4651.83	0.00	12.88	2220.24
	4651.84	0.00	12.88	2221.24
	4651.85	0.00	12.85	2205.24
	4651.87	0.00	12.84	2198.24
	4651.88	0.00	12.84	2201.24
	4651.89	0.00	12.85	2202.24
	4651.90	0.00	12.85	2203.25
	4651.91	0.00	12.85	2203.24
	4651.92	0.00	12.85	2205.24
	4651.94	0.00	12.86	2206.24
	4651.95	0.00	12.85	2203.24
	4651.96	0.00	12.86	2205.24
	4651.97	0.00	12.87	2212.24
	4651.98	0.00	12.88	2212.23
	4652.00	0.00	12.87	2211.25
	4652.01	0.00	12.88	2213.23
	4652.02	0.00	12.87	2210.27
	4652.03	0.00	12.87	2212.28
	4652.04	0.00	12.85	2214.30
	4652.06	0.00	12.84	2204.30
	4652.07	0.00	12.85	2214.31
	4652.08	0.00	12.85	2211.31
	4652.09	0.00	12.86	2213.29
	4652.10	0.00	12.87	2216.29
	4652.11	0.00	12.87	2216.29
	4652.13	0.00	12.86	2216.30
	4652.14	0.00	12.87	2216.30
	4652.15	0.00	12.86	2219.31
	4652.16	0.00	12.93	2213.10
	4652.17	0.00	12.97	2218.00
	4652.19	0.00	12.96	2221.02
	4652.20	0.00	12.95	2213.03
	4652.21	0.00	12.94	2214.04
	4652.22	0.00	12.94	2214.05
	4652.23	0.00	12.95	2215.04
	4652.24	0.00	12.87	2198.15
	4652.26	0.00	12.85	2201.23
	4652.27	0.00	12.86	2196.25
	4652.28	0.00	12.87	2200.26
	4652.29	0.00	12.86	2202.27
	4652.30	0.00	12.83	2179.24
	4652.32	0.00	12.84	2185.25
	4652.33	0.00	12.84	2186.26
	4652.34	0.00	12.85	2194.27
	4652.35	0.00	12.86	2193.28
	4652.36	0.00	12.85	2198.30
	4652.37	0.00	12.86	2200.28
	4652.39	0.00	12.85	2194.26
	4652.40	0.00	12.87	2209.27
	4652.41	0.00	12.88	2211.26
	4652.42	0.00	12.88	2215.27
	4652.43	0.00	12.88	2212.28
	4652.45	0.00	12.88	2215.28
	4652.46	0.00	12.87	2216.28
	4652.47	0.00	12.88	2214.25
	4652.48	0.00	12.88	2219.26
	4652.49	0.00	12.89	2219.26
	4652.51	0.00	12.89	2219.26
	4652.52	0.00	12.89	2220.26
	4652.53	0.00	12.89	2217.26
	4652.54	0.00	12.89	2219.27
	4652.55	0.00	12.90	2220.24
	4652.56	0.00	12.89	2214.22
	4652.58	0.00	12.90	2217.23
	4652.59	0.00	12.90	2217.23
	4652.60	0.00	12.91	2219.22
	4652.61	0.00	12.90	2217.23
	4652.62	0.00	12.90	2218.23
	4652.64	0.00	12.91	2218.21
	4652.65	0.00	12.86	2197.23
	4652.66	0.00	12.86	2196.22
	4652.67	0.00	12.86	2199.23
	4652.68	0.00	12.86	2199.22
	4652.69	0.00	12.87	2201.23
	4652.71	0.00	12.87	2201.22
	4652.72	0.00	12.88	2202.22
	4652.73	0.00	12.88	2199.20
	4652.74	0.00	12.88	2204.22
	4652.75	0.00	12.89	2209.23
	4652.77	0.00	12.89	2211.23
	4652.78	0.00	12.89	2210.24
	4652.79	0.00	12.89	2212.23
	4652.80	0.00	12.89	2211.22
	4652.81	0.00	12.87	2208.27
	4652.82	0.00	12.86	2212.30
	4652.84	0.00	12.87	2211.29
	4652.85	0.00	12.86	2213.30
	4652.86	0.00	12.86	2214.31
	4652.87	0.00	12.88	2215.27
	4652.88	0.00	12.88	2212.27
	4652.90	0.00	12.87	2211.28
	4652.91	0.00	12.87	2214.29
	4652.92	0.00	12.88	2217.29
	4652.93	0.00	12.87	2216.30
	4652.94	0.00	12.98	2215.98
	4652.95	0.00	12.98	2220.01
	4652.97	0.00	12.98	2220.01
	4652.98	0.00	12.96	2212.02
	4652.99	0.00	12.96	2212.03
	4653.00	0.00	12.96	2212.03
	4653.01	0.00	12.96	2209.01
	4653.03	0.00	12.89	2196.13
	4653.04	0.00	12.87	2198.21
	4653.05	0.00	12.88	2195.24
	4653.06	0.00	12.87	2194.25
	4653.07	0.00	12.88	2200.25
	4653.08	0.00	12.88	2200.25
	4653.10	0.00	12.86	2182.22
	4653.11	0.00	12.85	2182.25
	4653.12	0.00	12.85	2189.27
	4653.13	0.00	12.87	2191.27
	4653.14	0.00	12.87	2197.27
	4653.16	0.00	12.86	2200.28
	4653.17	0.00	12.86	2200.28
	4653.18	0.00	12.85	2194.27
	4653.19	0.00	12.87	2203.25
	4653.20	0.00	12.88	2210.26
	4653.21	0.00	12.89	2211.27
	4653.23	0.00	12.89	2212.25
	4653.24	0.00	12.88	2214.28
	4653.25	0.00	12.88	2210.26
	4653.26	0.00	12.89	2214.25
	4653.27	0.00	12.89	2215.25
	4653.29	0.00	12.89	2219.25
	4653.30	0.00	12.89	2219.25
	4653.31	0.00	12.90	2219.25
	4653.32	0.00	12.91	2214.25
	4653.33	0.00	12.91	2213.25
	4653.35	0.00	12.92	2213.25
	4653.36	0.00	12.92	2210.25
	4653.37	0.00	12.93	2207.21
	4653.38	0.00	12.92	2205.21
	4653.39	0.00	12.93	2210.22
	4653.40	0.00	12.94	2209.21
	4653.42	0.00	12.93	2210.21
	4653.43	0.00	12.93	2210.22
	4653.44	0.00	12.93	2209.22
	4653.45	0.00	12.88	2185.22
	4653.46	0.00	12.89	2190.21
	4653.47	0.00	12.89	2191.22
	4653.49	0.00	12.89	2192.22
	4653.50	0.00	12.89	2192.22
	4653.51	0.00	12.89	2193.22
	4653.52	0.00	12.90	2194.22
	4653.53	0.00	12.88	2198.22
	4653.55	0.00	12.88	2196.22
	4653.56	0.00	12.88	2201.22
	4653.57	0.00	12.89	2202.22
	4653.58	0.00	12.89	2208.22
	4653.59	0.00	12.90	2209.22
	4653.60	0.00	12.90	2209.22
	4653.62	0.00	12.90	2209.21
	4653.63	0.00	12.88	2208.26
	4653.64	0.00	12.87	2209.28
	4653.65	0.00	12.87	2209.28
	4653.66	0.00	12.87	2210.29
	4653.68	0.00	12.87	2208.29
	4653.69	0.00	12.87	2209.30
	4653.70	0.00	12.88	2211.26
	4653.71	0.00	12.88	2210.27
	4653.72	0.00	12.89	2211.28
	4653.73	0.00	12.88	2215.29
	4653.75	0.00	12.87	2213.29
	4653.76	0.00	12.88	2212.29
	4653.77	0.00	12.96	2207.02
	4653.78	0.00	12.99	2215.95
	4653.79	0.00	12.98	2218.00
	4653.81	0.00	12.97	2209.02
	4653.82	0.00	12.97	2211.02
	4653.83	0.00	12.94	2197.02
	4653.84	0.00	12.93	2196.04
	4653.85	0.00	12.90	2194.10
	4653.87	0.00	12.87	2196.20
	4653.88	0.00	12.88	2192.23
	4653.89	0.00	12.88	2195.24
	4653.90	0.00	12.88	2197.25
	4653.91	0.00	12.83	2172.25
	4653.92	0.00	12.85	2184.25
	4653.94	0.00	12.86	2190.26
	4653.95	0.00	12.86	2191.26
	4653.96	0.00	12.86	2190.27
	4653.97	0.00	12.87	2191.27
	4653.98	0.00	12.86	2194.27
	4654.00	0.00	12.85	2197.28
	4654.01	0.00	12.86	2202.27
	4654.02	0.00	12.87	2206.26
	4654.03	0.00	12.88	2207.26
	4654.04	0.00	12.88	2209.26
	4654.06	0.00	12.88	2210.27
	4654.07	0.00	12.87	2209.28
	4654.08	0.00	12.87	2213.28
	4654.09	0.00	12.87	2210.24
	4654.10	0.00	12.87	2212.26
	4654.11	0.00	12.88	2218.26
	4654.13	0.00	12.88	2218.26
	4654.14	0.00	12.88	2216.26
	4654.15	0.00	12.89	2217.24
	4654.16	0.00	12.88	2215.26
	4654.17	0.00	12.87	2218.26
	4654.18	0.00	12.88	2213.22
	4654.20	0.00	12.88	2215.22
	4654.21	0.00	12.88	2215.23
	4654.22	0.00	12.88	2215.23
	4654.23	0.00	12.88	2215.23
	4654.24	0.00	12.88	2213.23
	4654.26	0.00	12.88	2215.23
	4654.27	0.00	12.89	2219.23
	4654.28	0.00	12.88	2217.24
	4654.29	0.00	12.84	2195.23
	4654.30	0.00	12.84	2196.23
	4654.31	0.00	12.84	2198.23
	4654.33	0.00	12.87	2197.18
	4654.34	0.00	12.85	2198.23
	4654.35	0.00	12.85	2198.23
	4654.36	0.00	12.85	2200.23
	4654.37	0.00	12.85	2201.23
	4654.39	0.00	12.85	2197.23
	4654.40	0.00	12.86	2204.23
	4654.41	0.00	12.86	2207.23
	4654.42	0.00	12.87	2207.23
	4654.43	0.00	12.88	2208.23
	4654.44	0.00	12.87	2208.23
	4654.46	0.00	12.87	2210.23
	4654.47	0.00	12.88	2210.21
	4654.48	0.00	12.86	2209.26
	4654.49	0.00	12.85	2208.28
	4654.50	0.00	12.85	2209.29
	4654.52	0.00	12.84	2209.31
	4654.53	0.00	12.84	2210.30
	4654.54	0.00	12.84	2210.30
	4654.55	0.00	12.85	2213.31
	4654.56	0.00	12.86	2214.27
	4654.58	0.00	12.86	2215.29
	4654.59	0.00	12.85	2215.30
	4654.60	0.00	12.85	2215.30
	4654.61	0.00	12.85	2216.30
	4654.62	0.00	12.85	2217.31
	4654.63	0.00	12.95	2218.01
	4654.65	0.00	12.97	2217.95
	4654.66	0.00	12.95	2221.02
	4654.67	0.00	12.95	2213.03
	4654.68	0.00	12.94	2215.04
	4654.69	0.00	12.94	2213.04
	4654.70	0.00	12.95	2210.03
	4654.72	0.00	12.88	2199.12
	4654.73	0.00	12.85	2199.21
	4654.74	0.00	12.85	2196.25
	4654.75	0.00	12.86	2199.25
	4654.77	1.00	12.86	2200.26
	4654.78	1.00	12.84	2180.23
	4654.79	1.00	12.82	2176.24
	4654.80	1.00	12.84	2188.26
	4654.81	1.00	12.85	2193.27
	4654.82	1.00	12.85	2192.28
	4654.83	1.00	12.84	2198.30
	4654.85	1.00	12.84	2194.26
	4654.86	1.00	12.87	2206.26
	4654.87	1.00	12.87	2211.27
	4654.88	1.00	12.87	2212.27
	4654.89	1.00	12.87	2212.28
	4654.91	1.00	12.87	2210.28
	4654.92	1.00	12.87	2213.28
	4654.93	1.00	12.87	2209.24
	4654.94	1.00	12.87	2216.26
	4654.95	1.00	12.88	2218.26
	4654.97	1.00	12.88	2218.26
	4654.98	0.00	12.88	2221.26
	4654.99	0.00	12.88	2218.26
	4655.00	0.00	12.88	2219.26
	4655.01	0.00	12.89	2216.23
	4655.02	0.00	12.88	2216.23
	4655.04	0.00	12.88	2215.23
	4655.05	0.00	12.89	2216.23
	4655.06	0.00	12.89	2215.22
	4655.07	0.00	12.88	2215.23
	4655.08	0.00	12.87	2209.23
	4655.10	0.00	12.83	2191.23
	4655.11	0.00	12.87	2196.17
	4655.12	0.00	12.84	2195.23
	4655.13	0.00	12.85	2197.22
	4655.14	0.00	12.85	2199.22
	4655.16	0.00	12.86	2198.22
	4655.17	0.00	12.86	2199.22
	4655.18	0.00	12.85	2196.22
	4655.19	0.00	12.86	2202.23
	4655.20	0.00	12.87	2206.23
	4655.21	0.00	12.88	2207.22
	4655.23	0.00	12.88	2209.22
	4655.24	0.00	12.88	2207.22
	4655.25	0.00	12.89	2209.18
	4655.26	0.00	12.87	2207.25
	4655.27	0.00	12.86	2206.27
	4655.29	0.00	12.86	2208.28
	4655.30	0.00	12.84	2202.29
	4655.31	0.00	12.86	2209.29
	4655.32	0.00	12.85	2209.30
	4655.33	0.00	12.86	2208.28
	4655.34	0.00	12.86	2210.27
	4655.36	0.00	12.87	2213.28
	4655.37	0.00	12.86	2210.29
	4655.38	0.00	12.85	2213.31
	4655.39	0.00	12.86	2214.30
	4655.40	0.00	12.85	2213.30
	4655.42	0.00	12.97	2214.98
	4655.43	0.00	12.96	2216.01
	4655.44	0.00	12.95	2212.01
	4655.45	0.00	12.95	2208.02
	4655.46	0.00	12.94	2209.03
	4655.47	0.00	12.94	2197.00
	4655.49	0.00	12.90	2194.07
	4655.50	0.00	12.87	2196.17
	4655.51	0.00	12.85	2196.22
	4655.52	0.00	12.86	2193.25
	4655.53	0.00	12.86	2194.25
	4655.55	0.00	12.83	2173.22
	4655.56	0.00	12.83	2179.26
	4655.57	0.00	12.84	2186.26
	4655.58	0.00	12.84	2186.26
	4655.59	0.00	12.84	2189.27
	4655.60	0.00	12.86	2191.27
	4655.62	0.00	12.85	2195.28
	4655.63	0.00	12.85	2196.28
	4655.64	0.00	12.86	2201.26
	4655.65	0.00	12.87	2208.27
	4655.66	0.00	12.87	2206.27
	4655.68	0.00	12.87	2208.27
	4655.69	0.00	12.87	2210.28
	4655.70	0.00	12.86	2211.28
	4655.71	0.00	12.87	2208.25
	4655.72	0.00	12.87	2213.26
	4655.73	0.00	12.87	2216.26
	4655.75	0.00	12.88	2215.25
	4655.76	0.00	12.87	2215.26
	4655.77	0.00	12.88	2215.26
	4655.78	0.00	12.88	2217.26
	4655.79	0.00	12.87	2216.26
	4655.81	0.00	12.87	2211.22
	4655.82	0.00	12.88	2215.23
	4655.83	0.00	12.88	2215.23
	4655.84	0.00	12.88	2214.23
	4655.85	0.00	12.88	2214.23
	4655.87	0.00	12.88	2215.23
	4655.88	0.00	12.84	2195.23
	4655.89	0.00	12.84	2198.24
	4655.90	0.00	12.84	2196.23
	4655.91	0.00	12.84	2198.23
	4655.92	0.00	12.86	2199.23
	4655.94	0.00	12.86	2198.22
	4655.95	0.00	12.85	2198.23
	4655.96	0.00	12.85	2201.23
	4655.97	0.00	12.85	2198.23
	4655.98	0.00	12.85	2197.23
	4656.00	0.00	12.87	2207.23
	4656.01	0.00	12.87	2207.23
	4656.02	0.00	12.86	2208.25
	4656.03	0.00	12.86	2203.23
	4656.04	0.00	12.87	2208.23
	4656.05	0.00	12.88	2209.22
	4656.07	0.00	12.86	2206.27
	4656.08	0.00	12.86	2210.28
	4656.09	0.00	12.85	2207.29
	4656.10	0.00	12.85	2210.30
	4656.11	0.00	12.85	2210.31
	4656.12	0.00	12.87	2212.27
	4656.14	0.00	12.86	2210.28
	4656.15	0.00	12.86	2211.28
	4656.16	0.00	12.86	2212.30
	4656.17	0.00	12.86	2213.30
	4656.18	0.00	12.86	2214.30
	4656.20	0.00	12.97	2212.98
	4656.21	0.00	12.97	2215.98
	4656.22	0.00	12.97	2217.99
	4656.23	0.00	12.96	2217.01
	4656.24	0.00	12.95	2208.02
	4656.26	0.00	12.94	2211.04
	4656.27	0.00	12.93	2198.99
	4656.28	0.00	12.87	2197.15
	4656.29	0.00	12.85	2198.22
	4656.30	0.00	12.86	2195.25
	4656.31	0.00	12.86	2197.25
	4656.33	0.00	12.86	2198.25
	4656.34	0.00	12.86	2198.25
	4656.35	0.00	12.82	2176.23
	4656.36	0.00	12.83	2184.26
	4656.37	0.00	12.84	2190.27
	4656.39	0.00	12.85	2191.28
	4656.40	0.00	12.85	2197.28
	4656.41	0.00	12.84	2198.28
	4656.42	0.00	12.85	2197.25
	4656.43	0.00	12.85	2203.26
	4656.44	0.00	12.86	2208.27
	4656.46	0.00	12.86	2209.28
	4656.47	0.00	12.86	2211.28
	4656.48	0.00	12.85	2212.30
	4656.49	0.00	12.85	2206.25
	4656.50	0.00	12.87	2215.26
	4656.52	0.00	12.87	2219.26
	4656.53	0.00	12.87	2216.26
	4656.54	0.00	12.86	2214.26
	4656.55	0.00	12.87	2218.27
	4656.56	0.00	12.87	2220.27
	4656.58	0.00	12.87	2213.23
	4656.59	0.00	12.87	2215.23
	4656.60	0.00	12.88	2216.23
	4656.61	0.00	12.88	2215.23
	4656.62	0.00	12.87	2216.25
	4656.63	0.00	12.88	2215.23
	4656.65	0.00	12.88	2215.23
	4656.66	0.00	12.83	2196.23
	4656.67	0.00	12.83	2193.25
	4656.68	0.00	12.85	2199.23
	4656.69	0.00	12.85	2198.23
	4656.70	0.00	12.85	2199.23
	4656.72	0.00	12.85	2199.23
	4656.73	0.00	12.86	2199.23
	4656.74	0.00	12.83	2191.23
	4656.75	0.00	12.86	2201.23
	4656.76	0.00	12.87	2207.22
	4656.78	0.00	12.88	2207.22
	4656.79	0.00	12.87	2207.23
	4656.80	0.00	12.87	2207.23
	4656.81	0.00	12.89	2207.18
	4656.82	0.00	12.89	2208.20
	4656.83	0.00	12.86	2207.26
	4656.85	0.00	12.86	2208.27
	4656.86	0.00	12.85	2204.29
	4656.87	0.00	12.85	2209.30
	4656.88	0.00	12.85	2210.30
	4656.89	0.00	12.87	2211.26
	4656.91	0.00	12.87	2211.27
	4656.92	0.00	12.87	2212.27
	4656.93	0.00	12.87	2213.28
	4656.94	0.00	12.86	2212.29
	4656.95	0.00	12.86	2214.29
	4656.96	0.00	12.95	2210.01
	4656.98	0.00	12.97	2214.98
	4656.99	0.00	12.96	2216.01
	4657.00	0.00	12.96	2215.00
	4657.01	0.00	12.95	2208.01
	4657.02	0.00	12.95	2210.03
	4657.04	0.00	12.95	2203.99
	4657.05	0.00	12.87	2194.14
	4657.06	0.00	12.86	2196.20
	4657.07	0.00	12.88	2190.21
	4657.08	0.00	12.87	2195.24
	4657.10	0.00	12.86	2195.25
	4657.11	0.00	12.87	2198.25
	4657.12	0.00	12.85	2185.22
	4657.13	0.00	12.83	2179.25
	4657.14	0.00	12.84	2186.26
	4657.15	0.00	12.84	2186.27
	4657.17	0.00	12.86	2192.25
	4657.18	0.00	12.84	2193.28
	4657.19	0.00	12.85	2191.25
	4657.20	0.00	12.86	2196.25
	4657.21	0.00	12.86	2204.27
	4657.22	0.00	12.87	2208.27
	4657.24	0.00	12.87	2207.28
	4657.25	0.00	12.87	2210.28
	4657.26	0.00	12.85	2206.26
	4657.27	0.00	12.87	2211.25
	4657.29	0.00	12.86	2212.26
	4657.30	0.00	12.86	2215.27
	4657.31	0.00	12.87	2215.26
	4657.32	0.00	12.87	2214.26
	4657.33	0.00	12.88	2216.26
	4657.34	0.00	12.86	2217.28
	4657.35	0.00	12.87	2209.22
	4657.37	0.00	12.88	2212.22
	4657.38	0.00	12.87	2210.23
	4657.39	0.00	12.88	2213.24
	4657.40	0.00	12.88	2212.23
	4657.41	0.00	12.88	2213.23
	4657.43	0.00	12.87	2210.23
	4657.44	0.00	12.85	2193.19
	4657.45	0.00	12.85	2194.22
	4657.46	0.00	12.85	2196.23
	4657.47	0.00	12.85	2196.23
	4657.48	0.00	12.85	2196.23
	4657.50	0.00	12.85	2199.23
	4657.51	0.00	12.85	2194.23
	4657.52	0.00	12.85	2191.21
	4657.53	0.00	12.87	2203.22
	4657.54	0.00	12.87	2206.22
	4657.56	0.00	12.88	2208.22
	4657.57	0.00	12.88	2207.20
	4657.58	0.00	12.88	2206.22
	4657.59	0.00	12.87	2206.23
	4657.60	0.00	12.86	2207.27
	4657.62	0.00	12.86	2207.28
	4657.63	0.00	12.85	2207.29
	4657.64	0.00	12.85	2209.30
	4657.65	0.00	12.86	2208.26
	4657.66	0.00	12.87	2209.25
	4657.67	0.00	12.87	2209.27
	4657.69	0.00	12.86	2212.28
	4657.70	0.00	12.86	2212.29
	4657.71	0.00	12.85	2212.30
	4657.72	0.00	12.91	2212.14
	4657.73	0.00	12.96	2212.98
	4657.75	0.00	12.96	2216.01
	4657.76	0.00	12.95	2208.02
	4657.77	0.00	12.94	2209.03
	4657.78	0.00	12.95	2208.03
	4657.79	0.00	12.91	2194.03
	4657.81	0.00	12.88	2194.13
	4657.82	0.00	12.86	2193.20
	4657.83	0.00	12.86	2187.23
	4657.84	0.00	12.88	2192.21
	4657.85	0.00	12.86	2193.25
	4657.86	0.00	12.82	2172.24
	4657.87	0.00	12.81	2168.24
	4657.89	0.00	12.83	2179.24
	4657.90	0.00	12.84	2183.26
	4657.91	0.00	12.85	2183.27
	4657.92	0.00	12.85	2188.27
	4657.93	0.00	12.84	2188.27
	4657.95	0.00	12.84	2185.25
	4657.96	0.00	12.86	2195.25
	4657.97	0.00	12.86	2199.25
	4657.98	0.00	12.87	2200.24
	4657.99	0.00	12.86	2202.27
	4658.01	0.00	12.86	2203.27
	4658.02	0.00	12.86	2203.27
	4658.03	0.00	12.86	2204.26
	4658.04	0.00	12.84	2196.25
	4658.05	0.00	12.86	2204.25
	4658.06	0.00	12.86	2205.25
	4658.08	0.00	12.86	2203.25
	4658.09	0.00	12.86	2205.25
	4658.10	0.00	12.86	2203.25
	4658.11	0.00	12.87	2205.24
	4658.12	0.00	12.86	2202.24
	4658.14	0.00	12.86	2199.21
	4658.15	0.00	12.87	2201.21
	4658.16	0.00	12.86	2200.23
	4658.17	0.00	12.86	2199.22
	4658.18	0.00	12.86	2198.22
	4658.19	0.00	12.86	2196.21
	4658.21	0.00	12.86	2196.23
	4658.22	0.00	12.80	2169.22
	4658.23	0.00	12.82	2175.21
	4658.24	0.00	12.81	2174.22
	4658.25	0.00	12.83	2172.15
	4658.27	0.00	12.81	2173.22
	4658.28	0.00	12.81	2174.21
	4658.29	0.00	12.81	2174.22
	4658.30	0.00	12.81	2176.20
	4658.31	0.00	12.80	2174.22
	4658.33	0.00	12.81	2177.22
	4658.34	0.00	12.82	2184.22
	4658.35	0.00	12.82	2186.23
	4658.36	0.00	12.79	2196.23
	4658.37	0.00	12.79	2195.23
	4658.38	0.00	12.83	2197.14
	4658.40	0.00	12.77	2193.27
	4658.41	0.00	12.78	2200.29
	4658.42	0.00	12.77	2202.30
	4658.43	0.00	12.76	2204.31
	4658.44	0.00	12.73	2209.33
	4658.45	0.00	12.68	2228.34
	4658.47	0.00	12.68	2231.30
	4658.48	0.00	12.68	2238.29
	4658.49	0.00	12.65	2245.34
	4658.50	0.00	12.63	2256.36
	4658.51	0.00	12.60	2265.37
	4658.53	0.00	12.57	2276.39
	4658.54	0.00	12.63	2290.10
	4658.55	0.00	12.60	2302.11
	4658.56	0.00	12.58	2311.12
	4658.57	0.00	12.56	2322.16
	4658.58	0.00	12.53	2327.20
	4658.60	0.00	12.50	2335.21
	4658.61	0.00	12.47	2350.23
	4658.62	0.00	12.44	2358.25
	4658.63	0.00	12.32	2357.47
	4658.64	0.00	12.28	2371.52
	4658.66	0.00	12.27	2384.56
	4658.67	0.00	12.26	2403.58
	4658.68	0.00	12.23	2398.54
	4658.69	0.00	12.23	2423.59
	4658.70	0.00	12.22	2437.60
	4658.72	0.00	12.20	2452.61
	4658.73	0.00	12.21	2469.60
	4658.74	0.00	12.19	2479.60
	4658.75	0.00	12.18	2477.61
	4658.76	0.00	12.15	2480.62
	4658.78	0.00	12.15	2479.61
	4658.79	0.00	12.15	2483.61
	4658.80	0.00	12.16	2481.61
	4658.81	0.00	12.18	2479.57
	4658.82	0.00	12.17	2474.57
	4658.83	0.00	12.19	2472.57
	4658.85	0.00	12.20	2467.56
	4658.86	0.00	12.23	2466.56
	4658.87	0.00	12.21	2442.56
	4658.88	0.00	12.24	2443.57
	4658.89	0.00	12.29	2438.55
	4658.91	0.00	12.35	2432.54
	4658.92	0.00	12.45	2437.52
	4658.93	0.00	12.52	2426.48
	4658.94	0.00	12.57	2411.48
	4658.95	0.00	12.65	2397.44
	4658.96	0.00	12.72	2398.49
	4658.98	0.00	12.88	2370.47
	4658.99	0.00	12.98	2364.44
	4659.00	0.00	13.10	2344.42
	4659.01	0.00	13.18	2345.34
	4659.02	0.00	13.23	2345.28
	4659.04	0.00	13.35	2341.15
	4659.05	0.00	13.52	2369.03
	4659.06	0.00	13.60	2384.96
	4659.07	0.00	13.74	2401.84
	4659.08	0.00	13.86	2416.68
	4659.10	0.00	13.93	2433.63
	4659.11	0.00	14.03	2435.49
	4659.12	0.00	14.11	2427.33
	4659.13	0.00	14.04	2433.56
	4659.14	0.00	14.13	2440.43
	4659.15	0.00	14.31	2447.10
	4659.17	0.00	14.43	2448.94
	4659.18	0.00	14.41	2438.98
	4659.19	0.00	14.48	2425.75
	4659.20	0.00	14.39	2363.67
	4659.21	0.00	14.32	2318.64
	4659.22	0.00	14.25	2272.61
	4659.24	0.00	13.99	2203.69
	4659.25	0.00	13.77	2145.89
	4659.26	0.00	13.46	2080.09
	4659.27	0.00	13.34	2068.24
	4659.28	0.00	13.23	2060.45
	4659.30	0.00	13.26	2073.43
	4659.31	0.00	13.24	2080.48
	4659.32	0.00	13.29	2100.46
	4659.33	0.00	13.32	2119.47
	4659.34	0.00	13.33	2123.47
	4659.35	0.00	13.34	2124.47
	4659.37	0.00	13.33	2119.48
	4659.38	0.00	13.33	2116.49
	4659.39	0.00	13.32	2108.49
	4659.40	0.00	13.31	2104.50
	4659.41	0.00	13.31	2104.50
	4659.43	0.00	13.30	2100.51
	4659.44	0.00	13.31	2101.51
	4659.45	0.00	13.31	2106.51
	4659.46	0.00	13.31	2110.51
	4659.47	0.00	13.32	2111.48
	4659.48	0.00	13.33	2119.48
	4659.50	0.00	13.34	2126.48
	4659.51	0.00	13.37	2128.43
	4659.52	0.00	13.35	2122.46
	4659.53	0.00	13.38	2125.41
	4659.54	0.00	13.39	2123.38
	4659.56	0.00	13.40	2125.37
	4659.57	0.00	13.40	2128.38
	4659.58	0.00	13.39	2127.39
	4659.59	0.00	13.38	2122.38
	4659.60	0.00	13.39	2126.38
	4659.61	0.00	13.39	2130.39
	4659.63	0.00	13.40	2143.39
	4659.64	0.00	13.40	2148.40
	4659.65	0.00	13.40	2152.42
	4659.66	0.00	13.34	2154.55
	4659.67	0.00	13.21	2169.70
	4659.68	0.00	13.01	2197.87
	4659.70	0.00	12.76	2268.09
	4659.71	0.00	12.46	2356.31
	4659.72	0.00	12.30	2418.42
	4659.73	0.00	12.19	2475.51
	4659.74	0.00	12.14	2519.54
	4659.76	0.00	12.16	2538.56
	4659.77	0.00	12.13	2540.58
	4659.78	0.00	12.11	2553.60
	4659.79	0.00	12.08	2569.63
	4659.80	0.00	12.04	2584.73
	4659.81	0.00	12.03	2592.76
	4659.83	0.00	12.05	2599.77
	4659.84	0.00	12.08	2606.73
	4659.85	0.00	12.09	2605.76
	4659.86	0.00	12.12	2601.75
	4659.87	0.00	12.17	2594.74
	4659.89	0.00	12.30	2586.50
	4659.90	0.00	12.36	2572.48
	4659.91	0.00	12.42	2563.49
	4659.92	0.00	12.48	2548.46
	4659.93	0.00	12.50	2525.61
	4659.95	0.00	12.57	2503.62
	4659.96	0.00	12.69	2482.60
	4659.97	0.00	12.76	2469.57
	4659.98	0.00	12.80	2459.52
	4659.99	0.00	12.86	2462.50
	4660.00	0.00	12.94	2457.47
	4660.02	0.00	13.07	2427.41
	4660.03	0.00	13.18	2418.34
	4660.04	0.00	13.31	2410.21
	4660.05	0.00	13.37	2409.11
	4660.06	0.00	13.47	2400.91
	4660.08	0.00	13.58	2414.72
	4660.09	0.00	13.58	2399.63
	4660.10	0.00	13.62	2405.58
	4660.11	0.00	13.63	2407.57
	4660.12	0.00	13.68	2409.47
	4660.13	0.00	13.70	2409.43
	4660.15	0.00	13.71	2406.42
	4660.16	0.00	13.84	2421.31
	4660.17	0.00	13.89	2425.27
	4660.18	0.00	14.01	2445.24
	4660.19	0.00	14.06	2449.20
	4660.21	0.00	14.10	2450.15
	4660.22	0.00	14.16	2454.11
	4660.23	0.00	14.17	2449.12
	4660.24	0.00	14.19	2454.09
	4660.25	0.00	14.24	2463.07
	4660.27	0.00	14.24	2460.07
	4660.28	0.00	14.29	2470.01
	4660.29	0.00	14.34	2461.87
	4660.30	0.00	14.49	2444.42
	4660.31	0.00	14.46	2410.36
	4660.32	0.00	14.36	2352.24
	4660.34	0.00	14.27	2297.25
	4660.35	0.00	13.95	2246.74
	4660.36	0.00	13.55	2174.20
	4660.37	0.00	13.40	2138.41
	4660.38	0.00	13.17	2070.66
	4660.39	0.00	13.11	2050.73
	4660.41	0.00	13.09	2067.81
	4660.42	0.00	13.18	2115.73
	4660.43	0.00	13.19	2112.74
	4660.44	0.00	13.14	2081.78
	4660.45	0.00	13.18	2086.69
	4660.47	0.00	13.14	2083.80
	4660.48	0.00	13.15	2086.80
	4660.49	0.00	13.15	2085.79
	4660.50	0.00	13.16	2087.79
	4660.51	0.00	13.17	2089.77
	4660.52	0.00	13.15	2084.80
	4660.54	0.00	13.16	2088.78
	4660.55	0.00	13.17	2092.76
	4660.56	0.00	13.17	2094.77
	4660.57	0.00	13.21	2102.76
	4660.58	0.00	13.22	2114.75
	4660.60	0.00	13.27	2143.70
	4660.61	0.00	13.27	2147.72
	4660.62	0.00	13.28	2154.72
	4660.63	0.00	13.28	2159.72
	4660.64	0.00	13.28	2160.73
	4660.65	0.00	13.28	2164.73
	4660.67	0.00	13.28	2165.73
	4660.68	0.00	13.27	2160.73
	4660.69	0.00	13.28	2160.71
	4660.70	0.00	13.28	2162.72
	4660.71	0.00	13.28	2164.72
	4660.72	0.00	13.39	2165.44
	4660.74	0.00	13.39	2168.43
	4660.75	0.00	13.39	2174.44
	4660.76	0.00	13.41	2185.43
	4660.77	0.00	13.40	2179.43
	4660.79	0.00	13.41	2179.44
	4660.80	0.00	13.41	2177.44
	4660.81	0.00	13.35	2184.55
	4660.82	0.00	13.14	2212.84
	4660.83	0.00	12.81	2281.17
	4660.84	0.00	12.55	2338.44
	4660.85	0.00	12.37	2399.56
	4660.87	0.00	12.34	2418.60
	4660.88	0.00	12.31	2437.62
	4660.89	0.00	12.27	2475.66
	4660.90	0.00	12.23	2518.71
	4660.91	0.00	12.19	2554.70
	4660.93	0.00	12.11	2581.76
	4660.94	0.00	12.04	2607.82
	4660.95	0.00	11.97	2623.85
	4660.96	0.00	11.95	2632.87
	4660.97	0.00	11.98	2642.85
	4660.98	0.00	12.01	2642.84
	4661.00	0.00	12.04	2647.83
	4661.01	0.00	12.06	2643.84
	4661.02	0.00	12.12	2645.81
	4661.03	0.00	12.18	2636.79
	4661.04	0.00	12.24	2620.76
	4661.06	0.00	12.31	2597.71
	4661.07	0.00	12.39	2586.67
	4661.08	0.00	12.48	2555.63
	4661.09	0.00	12.58	2529.61
	4661.10	0.00	12.63	2518.58
	4661.12	0.00	12.70	2502.55
	4661.13	0.00	12.76	2490.53
	4661.14	0.00	12.82	2479.51
	4661.15	0.00	12.92	2455.48
	4661.16	0.00	13.04	2443.45
	4661.17	0.00	13.11	2436.41
	4661.19	0.00	13.21	2416.36
	4661.20	0.00	13.24	2413.31
	4661.21	0.00	13.27	2414.29
	4661.22	0.00	13.30	2414.23
	4661.23	0.00	13.34	2416.17
	4661.25	0.00	13.37	2416.12
	4661.26	0.00	13.41	2417.04
	4661.27	0.00	13.45	2414.99
	4661.28	0.00	13.58	2432.91
	4661.29	0.00	13.63	2439.86
	4661.31	0.00	13.68	2446.81
	4661.32	0.00	13.77	2451.66
	4661.33	0.00	13.83	2457.56
	4661.34	0.00	13.89	2458.49
	4661.35	0.00	13.94	2451.38
	4661.36	0.00	14.01	2451.26
	4661.38	0.00	14.19	2467.07
	4661.39	0.00	14.22	2453.00
	4661.40	0.00	14.21	2455.07
	4661.41	0.00	14.21	2449.13
	4661.42	0.00	14.28	2447.97
	4661.43	0.00	14.32	2436.80
	4661.45	0.00	14.36	2387.54
	4661.46	0.00	14.27	2332.40
	4661.47	0.00	14.20	2278.37
	4661.48	0.00	14.06	2225.51
	4661.49	0.00	13.58	2177.17
	4661.51	0.00	13.36	2144.55
	4661.52	0.00	13.26	2127.67
	4661.53	0.00	13.18	2111.76
	4661.54	0.00	13.15	2117.81
	4661.55	0.00	13.20	2134.80
	4661.56	0.00	13.21	2140.80
	4661.58	0.00	13.21	2140.80
	4661.59	0.00	13.21	2141.79
	4661.60	0.00	13.21	2140.77
	4661.61	0.00	13.23	2153.77
	4661.62	0.00	13.24	2159.78
	4661.64	0.00	13.25	2161.77
	4661.65	0.00	13.25	2161.78
	4661.66	0.00	13.25	2162.77
	4661.67	0.00	13.25	2162.77
	4661.68	0.00	13.26	2164.76
	4661.69	0.00	13.27	2168.77
	4661.71	0.00	13.27	2162.73
	4661.72	0.00	13.28	2169.74
	4661.73	0.00	13.28	2170.74
	4661.74	0.00	13.29	2173.73
	4661.75	0.00	13.29	2172.74
	4661.77	0.00	13.29	2174.73
	4661.78	0.00	13.29	2175.74
	4661.79	0.00	13.30	2178.73
	4661.80	0.00	13.30	2182.74
	4661.81	0.00	13.30	2177.70
	4661.82	0.00	13.31	2180.70
	4661.84	0.00	13.32	2183.68
	4661.85	0.00	13.36	2198.67
	4661.86	0.00	13.34	2197.69
	4661.87	0.00	13.36	2199.65
	4661.88	0.00	13.36	2198.64
	4661.89	0.00	13.36	2194.64
	4661.91	0.00	13.36	2196.65
	4661.92	0.00	13.35	2190.63
	4661.93	0.00	13.35	2190.63
	4661.94	0.00	13.35	2190.63
	4661.95	0.00	13.30	2197.73
	4661.96	0.00	13.13	2225.90
	4661.98	0.00	12.81	2299.16
	4661.99	0.00	12.43	2409.38
	4662.00	0.00	12.20	2479.54
	4662.01	0.00	12.14	2521.59
	4662.02	0.00	12.11	2543.60
	4662.04	0.00	12.11	2576.61
	4662.05	0.00	12.15	2621.68
	4662.06	0.00	12.13	2627.74
	4662.07	0.00	12.09	2628.77
	4662.08	0.00	12.09	2649.80
	4662.10	0.00	12.09	2659.82
	4662.11	0.00	12.14	2670.80
	4662.12	0.00	12.21	2679.79
	4662.13	0.00	12.28	2676.77
	4662.14	0.00	12.35	2672.74
	4662.16	0.00	12.42	2689.62
	4662.17	0.00	12.50	2676.59
	4662.18	0.00	12.56	2656.56
	4662.19	0.00	12.66	2629.52
	4662.20	0.00	12.69	2604.59
	4662.21	0.00	12.76	2577.59
	4662.23	0.00	12.83	2561.56
	4662.24	0.00	12.87	2535.53
	4662.25	0.00	12.91	2541.45
	4662.26	0.00	13.03	2499.35
	4662.27	0.00	13.10	2481.39
	4662.29	0.00	13.14	2475.35
	4662.30	0.00	13.17	2472.32
	4662.31	0.00	13.25	2467.26
	4662.32	0.00	13.30	2456.23
	4662.33	0.00	13.33	2450.20
	4662.34	0.00	13.35	2456.16
	4662.36	0.00	13.36	2460.14
	4662.37	0.00	13.36	2456.15
	4662.38	0.00	13.35	2455.14
	4662.39	0.00	13.38	2464.13
	4662.40	0.00	13.39	2470.12
	4662.42	0.00	13.43	2468.05
	4662.43	0.00	13.45	2468.01
	4662.44	0.00	13.47	2460.96
	4662.45	0.00	13.50	2464.92
	4662.46	0.00	13.53	2461.86
	4662.47	0.00	13.56	2445.78
	4662.49	0.00	13.57	2459.73
	4662.50	0.00	13.59	2444.68
	4662.51	0.00	13.64	2442.59
	4662.52	0.00	13.66	2413.62
	4662.53	0.00	13.69	2414.59
	4662.55	0.00	13.70	2404.57
	4662.56	0.00	13.72	2397.52
	4662.57	0.00	13.86	2417.39
	4662.58	0.00	13.96	2431.35
	4662.59	0.00	13.98	2435.36
	4662.60	0.00	13.97	2421.39
	4662.62	0.00	14.00	2405.28
	4662.63	0.00	13.82	2350.24
	4662.64	0.00	13.81	2319.19
	4662.65	0.00	13.73	2284.26
	4662.66	0.00	13.61	2256.44
	4662.67	0.00	13.52	2233.55
	4662.69	0.00	13.42	2212.66
	4662.70	0.00	13.32	2182.74
	4662.71	0.00	13.27	2165.77
	4662.72	0.00	13.26	2167.80
	4662.73	0.00	13.26	2165.78
	4662.75	0.00	13.29	2181.79
	4662.76	0.00	13.30	2185.78
	4662.77	0.00	13.29	2185.78
	4662.78	0.00	13.29	2182.79
	4662.79	0.00	13.29	2183.80
	4662.81	0.00	13.38	2182.56
	4662.82	0.00	13.38	2179.53
	4662.83	0.00	13.36	2158.54
	4662.84	0.00	13.37	2155.53
	4662.85	0.00	13.36	2151.55
	4662.86	0.00	13.36	2151.55
	4662.88	0.00	13.33	2134.58
	4662.89	0.00	13.33	2132.58
	4662.90	0.00	13.33	2134.58
	4662.91	0.00	13.33	2136.57
	4662.92	0.00	13.34	2136.57
	4662.93	0.00	13.34	2134.57
	4662.95	0.00	13.33	2135.57
	4662.96	0.00	13.32	2118.54
	4662.97	0.00	13.30	2117.58
	4662.98	0.00	13.27	2122.68
	4662.99	0.00	13.26	2125.71
	4663.01	0.00	13.25	2127.72
	4663.02	0.00	13.34	2171.67
	4663.03	0.00	13.35	2173.66
	4663.04	0.00	13.37	2184.66
	4663.05	0.00	13.37	2184.65
	4663.06	0.00	13.36	2184.66
	4663.08	0.00	13.36	2184.65
	4663.09	0.00	13.33	2158.63
	4663.10	0.00	13.36	2162.57
	4663.11	0.00	13.33	2166.64
	4663.12	0.00	13.35	2177.65
	4663.14	0.00	13.35	2181.66
	4663.15	0.00	13.35	2210.70
	4663.16	0.00	13.31	2223.78
	4663.17	0.00	13.08	2265.99
	4663.18	0.00	12.72	2357.29
	4663.19	0.00	12.44	2449.46
	4663.21	0.00	12.33	2497.55
	4663.22	0.00	12.29	2532.58
	4663.23	0.00	12.28	2553.64
	4663.24	0.00	12.29	2583.67
	4663.25	0.00	12.28	2608.67
	4663.27	0.00	12.21	2620.75
	4663.28	0.00	12.18	2644.69
	4663.29	0.00	12.16	2659.70
	4663.30	0.00	12.17	2665.70
	4663.31	0.00	12.19	2671.71
	4663.33	0.00	12.23	2674.71
	4663.34	0.00	12.28	2673.70
	4663.35	0.00	12.33	2664.68
	4663.36	0.00	12.40	2657.64
	4663.37	0.00	12.46	2640.61
	4663.38	0.00	12.56	2623.58
	4663.40	0.00	12.65	2600.55
	4663.41	0.00	12.75	2577.52
	4663.42	0.00	12.82	2552.50
	4663.43	0.00	12.92	2527.47
	4663.44	0.00	12.95	2519.44
	4663.45	0.00	13.07	2497.39
	4663.47	0.00	13.23	2460.28
	4663.48	0.00	13.29	2435.23
	4663.49	0.00	13.36	2440.18
	4663.50	0.00	13.39	2444.12
	4663.52	0.00	13.42	2444.09
	4663.53	0.00	13.44	2446.03
	4663.54	0.00	13.50	2446.88
	4663.55	0.00	13.54	2445.83
	4663.56	0.00	13.56	2441.80
	4663.57	0.00	13.60	2449.74
	4663.58	0.00	13.58	2440.76
	4663.60	0.00	13.60	2443.74
	4663.61	0.00	13.63	2449.66
	4663.62	0.00	13.65	2443.62
	4663.63	0.00	13.70	2450.56
	4663.64	0.00	13.71	2439.51
	4663.66	0.00	13.74	2433.43
	4663.67	0.00	13.76	2435.40
	4663.68	0.00	13.76	2429.38
	4663.69	0.00	13.77	2426.35
	4663.70	0.00	13.79	2424.34
	4663.71	0.00	13.89	2437.30
	4663.73	0.00	14.00	2452.25
	4663.74	0.00	14.06	2450.13
	4663.75	0.00	14.04	2429.01
	4663.76	0.00	14.18	2444.89
	4663.77	0.00	14.22	2445.84
	4663.79	0.00	14.24	2442.81
	4663.80	0.00	14.28	2431.69
	4663.81	0.00	14.34	2424.55
	4663.82	0.00	14.36	2397.43
	4663.83	0.00	14.37	2389.40
	4663.85	0.00	14.32	2376.37
	4663.86	0.00	14.30	2342.34
	4663.87	0.00	14.28	2313.32
	4663.88	0.00	14.13	2269.50
	4663.89	0.00	13.87	2240.98
	4663.90	0.00	13.59	2191.29
	4663.92	0.00	13.45	2169.50
	4663.93	0.00	13.32	2120.61
	4663.94	0.00	13.29	2112.63
	4663.95	0.00	13.33	2156.63
	4663.96	0.00	13.30	2154.67
	4663.97	0.00	13.34	2180.68
	4663.99	0.00	13.32	2170.68
	4664.00	0.00	13.31	2166.69
	4664.01	0.00	13.30	2162.71
	4664.02	0.00	13.30	2159.69
	4664.03	0.00	13.29	2149.70
	4664.05	0.00	13.27	2134.71
	4664.06	0.00	13.28	2135.71
	4664.07	0.00	13.25	2119.73
	4664.08	0.00	13.26	2118.73
	4664.09	0.00	13.26	2118.73
	4664.10	0.00	13.26	2116.73
	4664.12	0.00	13.29	2129.73
	4664.13	0.00	13.29	2131.72
	4664.14	0.00	13.29	2130.72
	4664.15	0.00	13.30	2130.70
	4664.16	0.00	13.30	2131.71
	4664.17	0.00	13.30	2130.72
	4664.19	0.00	13.28	2129.74
	4664.20	0.00	13.28	2128.77
	4664.21	0.00	13.29	2129.74
	4664.22	0.00	13.28	2127.76
	4664.23	0.00	13.28	2128.76
	4664.25	0.00	13.28	2127.75
	4664.26	0.00	13.28	2129.77
	4664.27	0.00	13.33	2144.69
	4664.28	0.00	13.35	2166.67
	4664.29	0.00	13.35	2173.69
	4664.31	0.00	13.36	2176.67
	4664.32	0.00	13.37	2181.67
	4664.33	0.00	13.38	2186.66
	4664.34	0.00	13.39	2192.62
	4664.35	0.00	13.38	2197.67
	4664.37	0.00	13.38	2198.66
	4664.38	0.00	13.38	2204.66
	4664.39	0.00	13.36	2214.74
	4664.40	0.00	13.17	2264.91
	4664.41	0.00	12.75	2382.22
	4664.42	0.00	12.45	2485.41
	4664.43	0.00	12.27	2560.51
	4664.45	0.00	12.23	2609.58
	4664.46	0.00	12.23	2621.64
	4664.47	0.00	12.21	2622.65
	4664.48	0.00	12.20	2627.67
	4664.50	0.00	12.18	2645.69
	4664.51	0.00	12.15	2659.72
	4664.52	0.00	12.17	2680.69
	4664.53	0.00	12.17	2685.72
	4664.54	0.00	12.19	2694.74
	4664.55	0.00	12.24	2697.72
	4664.56	0.00	12.30	2696.69
	4664.58	0.00	12.34	2685.68
	4664.59	0.00	12.39	2674.66
	4664.60	0.00	12.42	2664.64
	4664.61	0.00	12.45	2653.65
	4664.62	0.00	12.50	2643.62
	4664.64	0.00	12.57	2623.61
	4664.65	0.00	12.63	2600.59
	4664.66	0.00	12.68	2580.55
	4664.67	0.00	12.73	2561.51
	4664.68	0.00	12.77	2550.50
	4664.69	0.00	12.81	2544.48
	4664.71	0.00	12.87	2520.47
	4664.72	0.00	12.89	2508.44
	4664.73	0.00	12.89	2495.45
	4664.74	0.00	12.92	2480.44
	4664.75	0.00	12.93	2472.44
	4664.77	0.00	12.98	2453.43
	4664.78	0.00	12.98	2445.45
	4664.79	0.00	13.05	2439.46
	4664.80	0.00	13.08	2442.45
	4664.81	0.00	13.11	2447.46
	4664.83	0.00	13.17	2448.48
	4664.84	0.00	13.23	2446.48
	4664.85	0.00	13.28	2454.47
	4664.86	0.00	13.32	2466.44
	4664.87	0.00	13.37	2470.41
	4664.88	0.00	13.43	2470.32
	4664.90	0.00	13.49	2467.24
	4664.91	0.00	13.57	2462.13
	4664.92	0.00	13.66	2473.94
	4664.93	0.00	13.74	2479.77
	4664.94	0.00	13.77	2481.73
	4664.96	0.00	13.81	2479.64
	4664.97	0.00	13.92	2500.57
	4664.98	0.00	13.97	2497.48
	4664.99	0.00	13.95	2480.50
	4665.00	0.00	13.98	2484.46
	4665.02	0.00	14.03	2476.39
	4665.03	0.00	14.06	2449.23
	4665.04	0.00	14.06	2405.10
	4665.05	0.00	14.06	2326.95
	4665.06	0.00	14.13	2311.71
	4665.07	0.00	14.04	2252.63
	4665.09	0.00	14.08	2226.48
	4665.10	0.00	13.99	2183.51
	4665.11	0.00	13.77	2137.78
	4665.12	0.00	13.50	2092.15
	4665.13	0.00	13.33	2087.47
	4665.14	0.00	13.21	2080.67
	4665.16	0.00	13.18	2077.69
	4665.17	0.00	13.16	2080.73
	4665.18	0.00	13.16	2079.73
	4665.19	0.00	13.21	2096.73
	4665.20	0.00	13.20	2096.72
	4665.22	0.00	13.19	2091.73
	4665.23	0.00	13.20	2094.73
	4665.24	0.00	13.22	2098.69
	4665.25	0.00	13.26	2117.69
	4665.26	0.00	13.22	2100.71
	4665.27	0.00	13.22	2099.72
	4665.29	0.00	13.22	2103.72
	4665.30	0.00	13.23	2105.72
	4665.31	0.00	13.23	2106.74
	4665.32	0.00	13.23	2107.73
	4665.33	0.00	13.23	2108.73
	4665.35	0.00	13.23	2100.70
	4665.36	0.00	13.24	2104.67
	4665.37	0.00	13.24	2105.70
	4665.38	0.00	13.23	2105.70
	4665.39	0.00	13.24	2107.69
	4665.40	0.00	13.24	2106.70
	4665.42	0.00	13.25	2107.69
	4665.43	0.00	13.25	2108.68
	4665.44	0.00	13.23	2096.68
	4665.45	0.00	13.23	2094.66
	4665.46	0.00	13.23	2099.67
	4665.48	0.00	13.23	2100.67
	4665.49	0.00	13.24	2099.67
	4665.50	0.00	13.24	2099.66
	4665.51	0.00	13.25	2101.65
	4665.52	0.00	13.25	2102.65
	4665.53	0.00	13.25	2101.65
	4665.55	0.00	13.25	2103.65
	4665.56	0.00	13.25	2104.66
	4665.57	0.00	13.26	2108.66
	4665.58	0.00	13.27	2112.66
	4665.59	0.00	13.26	2110.66
	4665.60	0.00	13.27	2111.65
	4665.62	0.00	13.12	2183.83
	4665.63	0.00	12.86	2254.00
	4665.64	0.00	12.44	2398.26
	4665.65	0.00	12.13	2529.43
	4665.66	0.00	11.96	2586.57
	4665.68	0.00	11.93	2607.60
	4665.69	0.00	11.92	2610.62
	4665.70	0.00	11.95	2630.64
	4665.71	0.00	11.95	2670.67
	4665.72	0.00	11.97	2698.70
	4665.73	0.00	11.94	2701.74
	4665.75	0.00	11.93	2713.76
	4665.76	0.00	11.93	2710.78
	4665.77	0.00	12.01	2721.65
	4665.78	0.00	12.05	2739.64
	4665.79	0.00	12.10	2726.61
	4665.81	0.00	12.14	2713.69
	4665.82	0.00	12.19	2702.70
	4665.83	0.00	12.26	2689.69
	4665.84	0.00	12.33	2674.65
	4665.85	0.00	12.39	2651.59
	4665.87	0.00	12.45	2640.58
	4665.88	0.00	12.51	2621.56
	4665.89	0.00	12.56	2607.54
	4665.90	0.00	12.65	2590.49
	4665.91	0.00	12.70	2575.47
	4665.92	0.00	12.74	2569.45
	4665.94	0.00	12.81	2555.36
	4665.95	0.00	12.85	2527.41
	4665.96	0.00	12.86	2515.38
	4665.97	0.00	12.88	2519.40
	4665.98	0.00	12.89	2517.40
	4666.00	0.00	12.90	2515.41
	4666.01	0.00	12.91	2516.42
	4666.02	0.00	12.95	2511.36
	4666.03	0.00	13.02	2493.35
	4666.04	0.00	13.07	2479.35
	4666.06	0.00	13.13	2482.34
	4666.07	0.00	13.23	2459.32
	4666.08	0.00	13.30	2472.28
	4666.09	0.00	13.35	2477.21
	4666.10	0.00	13.43	2485.08
	4666.12	0.00	13.59	2473.87
	4666.13	0.00	13.68	2472.73
	4666.14	0.00	13.72	2478.71
	4666.15	0.00	13.86	2503.63
	4666.16	0.00	13.93	2513.58
	4666.17	0.00	14.10	2553.50
	4666.18	0.00	14.14	2565.54
	4666.20	0.00	14.21	2571.46
	4666.21	0.00	14.32	2580.34
	4666.22	0.00	14.41	2583.21
	4666.23	0.00	14.46	2576.07
	4666.24	0.00	14.59	2563.72
	4666.26	0.00	14.61	2530.52
	4666.27	0.00	14.63	2478.29
	4666.28	0.00	14.58	2396.97
	4666.29	0.00	14.53	2345.88
	4666.30	0.00	14.26	2271.19
	4666.31	0.00	13.86	2183.57
	4666.33	0.00	13.50	2122.09
	4666.34	0.00	13.29	2086.41
	4666.35	0.00	13.20	2080.54
	4666.36	0.00	13.18	2081.56
	4666.37	0.00	13.20	2089.58
	4666.39	0.00	13.22	2099.58
	4666.40	0.00	13.21	2087.57
	4666.41	0.00	13.16	2085.67
	4666.42	0.00	13.16	2087.68
	4666.43	0.00	13.17	2094.69
	4666.44	0.00	13.15	2095.75
	4666.46	0.00	13.15	2094.77
	4666.47	0.00	13.18	2106.79
	4666.48	0.00	13.17	2095.78
	4666.49	0.00	13.17	2098.78
	4666.50	0.00	13.14	2076.75
	4666.52	0.00	13.14	2076.76
	4666.53	0.00	13.15	2076.75
	4666.54	0.00	13.16	2083.77
	4666.55	0.00	13.17	2090.75
	4666.56	0.00	13.17	2090.78
	4666.57	0.00	13.17	2094.78
	4666.59	0.00	13.18	2098.78
	4666.60	0.00	13.17	2105.79
	4666.61	0.00	13.18	2104.76
	4666.62	0.00	13.20	2118.78
	4666.63	0.00	13.20	2123.79
	4666.64	0.00	13.20	2123.80
	4666.66	0.00	13.21	2125.80
	4666.67	0.00	13.21	2127.78
	4666.68	0.00	13.27	2170.74
	4666.69	0.00	13.26	2166.74
	4666.70	0.00	13.28	2184.74
	4666.72	0.00	13.29	2193.74
	4666.73	0.00	13.31	2201.71
	4666.74	0.00	13.31	2201.71
	4666.75	0.00	13.31	2207.72
	4666.76	0.00	13.31	2209.72
	4666.77	0.00	13.31	2209.72
	4666.79	0.00	13.30	2203.72
	4666.80	0.00	13.33	2204.66
	4666.81	0.00	13.30	2205.72
	4666.82	0.00	13.06	2240.99
	4666.83	0.00	12.60	2366.27
	4666.85	0.00	12.03	2557.54
	4666.86	0.00	11.80	2648.69
	4666.87	0.00	11.84	2652.73
	4666.88	0.00	11.85	2652.70
	4666.89	0.00	11.88	2655.68
	4666.90	0.00	11.83	2658.70
	4666.92	0.00	11.88	2721.75
	4666.93	0.00	11.83	2695.76
	4666.94	0.00	11.86	2719.78
	4666.95	0.00	11.86	2734.83
	4666.96	0.00	11.88	2736.83
	4666.98	0.00	11.94	2723.77
	4666.99	0.00	11.97	2697.79
	4667.00	0.00	12.04	2678.79
	4667.01	0.00	12.11	2648.77
	4667.02	0.00	12.20	2631.74
	4667.04	0.00	12.29	2599.72
	4667.05	0.00	12.39	2567.65
	4667.06	0.00	12.47	2539.63
	4667.07	0.00	12.53	2515.61
	4667.08	0.00	12.63	2490.49
	4667.10	0.00	12.74	2473.42
	4667.11	0.00	12.84	2456.38
	4667.12	0.00	13.01	2415.35
	4667.13	0.00	13.14	2396.31
	4667.14	0.00	13.17	2376.40
	4667.15	0.00	13.22	2381.38
	4667.16	0.00	13.29	2389.32
	4667.18	0.00	13.39	2389.19
	4667.19	0.00	13.45	2395.11
	4667.20	0.00	13.53	2402.97
	4667.21	0.00	13.56	2412.94
	4667.22	0.00	13.60	2426.90
	4667.24	0.00	13.62	2432.86
	4667.25	0.00	13.75	2465.83
	4667.26	0.00	13.80	2475.80
	4667.27	0.00	13.83	2479.79
	4667.28	0.00	14.01	2515.68
	4667.29	0.00	14.08	2529.66
	4667.31	0.00	14.16	2540.61
	4667.32	0.00	14.23	2546.58
	4667.33	0.00	14.25	2542.55
	4667.34	0.00	14.27	2526.53
	4667.35	0.00	14.30	2512.42
	4667.37	0.00	14.32	2499.31
	4667.38	0.00	14.31	2478.20
	4667.39	0.00	14.38	2443.87
	4667.40	0.00	14.32	2395.70
	4667.41	0.00	14.29	2367.66
	4667.42	0.00	14.13	2313.81
	4667.44	0.00	13.81	2247.18
	4667.45	0.00	13.52	2141.36
	4667.46	0.00	13.22	2073.48
	4667.47	0.00	13.04	2039.72
	4667.48	0.00	12.99	2040.80
	4667.50	0.00	13.01	2049.80
	4667.51	0.00	13.03	2061.81
	4667.52	0.00	13.06	2069.79
	4667.53	0.00	13.06	2067.78
	4667.54	0.00	13.08	2076.76
	4667.56	0.00	13.09	2080.80
	4667.57	0.00	13.11	2087.80
	4667.58	0.00	13.12	2092.79
	4667.59	0.00	13.12	2096.80
	4667.60	0.00	13.15	2098.78
	4667.62	0.00	13.15	2098.78
	4667.63	0.00	13.15	2100.77
	4667.64	0.00	13.14	2099.79
	4667.65	0.00	13.13	2101.84
	4667.66	0.00	13.13	2104.85
	4667.67	0.00	13.13	2104.85
	4667.68	0.00	13.14	2105.83
	4667.70	0.00	13.16	2105.80
	4667.71	0.00	13.16	2108.80
	4667.72	0.00	13.16	2112.83
	4667.73	0.00	13.17	2118.80
	4667.74	0.00	13.17	2118.80
	4667.76	0.00	13.17	2120.81
	4667.77	0.00	13.22	2118.64
	4667.78	0.00	13.29	2146.57
	4667.79	0.00	13.27	2161.64
	4667.80	0.00	13.29	2168.62
	4667.81	0.00	13.30	2169.63
	4667.83	0.00	13.29	2173.62
	4667.84	0.00	13.29	2175.64
	4667.85	0.00	13.24	2170.73
	4667.86	0.00	13.24	2169.76
	4667.87	0.00	13.23	2168.76
	4667.88	0.00	13.24	2176.78
	4667.90	0.00	13.26	2185.77
	4667.91	0.00	13.26	2187.77
	4667.92	0.00	13.27	2189.76
	4667.93	0.00	13.27	2189.77
	4667.94	0.00	13.27	2182.72
	4667.96	0.00	13.18	2196.94
	4667.97	0.00	12.71	2290.28
	4667.98	0.00	11.96	2529.67
	4667.99	0.00	11.56	2698.97
	4668.00	0.00	11.61	2726.98
	4668.02	0.00	11.72	2693.91
	4668.03	0.00	11.81	2677.86
	4668.04	0.00	11.82	2688.86
	4668.05	0.00	11.84	2722.89
	4668.06	0.00	11.88	2729.87
	4668.08	0.00	11.93	2742.88
	4668.09	0.00	11.97	2773.90
	4668.10	0.00	12.02	2778.89
	4668.11	0.00	12.10	2779.87
	4668.12	0.00	12.19	2765.84
	4668.13	0.00	12.30	2738.78
	4668.14	0.00	12.36	2719.75
	4668.16	0.00	12.47	2699.71
	4668.17	0.00	12.58	2667.65
	4668.18	0.00	12.73	2620.60
	4668.19	0.00	12.80	2586.54
	4668.20	0.00	13.03	2528.47
	4668.22	0.00	13.16	2495.38
	4668.23	0.00	13.29	2450.26
	4668.24	0.00	13.36	2458.08
	4668.25	0.00	13.45	2449.87
	4668.26	0.00	13.49	2439.74
	4668.27	0.00	13.50	2436.72
	4668.29	0.00	13.49	2425.71
	4668.30	0.00	13.49	2421.71
	4668.31	0.00	13.49	2415.70
	4668.32	0.00	13.49	2384.71
	4668.33	0.00	13.52	2390.68
	4668.35	0.00	13.52	2385.68
	4668.36	0.00	13.52	2383.67
	4668.37	0.00	13.53	2383.68
	4668.38	0.00	13.54	2382.67
	4668.39	0.00	13.62	2399.71
	4668.40	0.00	13.77	2429.65
	4668.42	0.00	13.82	2438.64
	4668.43	0.00	13.89	2455.59
	4668.44	0.00	13.97	2475.55
	4668.45	0.00	14.04	2495.52
	4668.46	0.00	14.06	2500.57
	4668.48	0.00	14.16	2517.52
	4668.49	0.00	14.25	2540.50
	4668.50	0.00	14.29	2550.48
	4668.51	0.00	14.35	2561.45
	4668.52	0.00	14.39	2558.35
	4668.54	0.00	14.45	2546.18
	4668.55	0.00	14.57	2525.80
	4668.56	0.00	14.60	2499.60
	4668.57	0.00	14.60	2469.44
	4668.58	0.00	14.49	2423.38
	4668.59	0.00	14.19	2383.95
	4668.61	0.00	13.88	2299.25
	4668.62	0.00	13.58	2235.53
	4668.63	0.00	13.28	2152.66
	4668.64	0.00	13.13	2096.81
	4668.65	0.00	13.08	2090.87
	4668.66	0.00	13.07	2081.86
	4668.68	0.00	13.10	2087.84
	4668.69	0.00	13.13	2099.82
	4668.70	0.00	13.14	2099.81
	4668.71	0.00	13.14	2100.81
	4668.72	0.00	13.13	2101.83
	4668.74	0.00	13.15	2104.81
	4668.75	0.00	13.16	2103.81
	4668.76	0.00	13.15	2104.82
	4668.77	0.00	13.15	2107.82
	4668.78	0.00	13.16	2110.82
	4668.79	0.00	13.17	2112.82
	4668.81	0.00	13.17	2110.79
	4668.82	0.00	13.18	2113.79
	4668.83	0.00	13.19	2116.78
	4668.84	0.00	13.20	2116.77
	4668.85	0.00	13.19	2117.77
	4668.87	0.00	13.21	2122.76
	4668.88	0.00	13.26	2153.71
	4668.89	0.00	13.24	2143.70
	4668.90	0.00	13.26	2150.69
	4668.91	0.00	13.28	2160.69
	4668.92	0.00	13.28	2158.69
	4668.94	0.00	13.28	2160.68
	4668.95	0.00	13.29	2157.67
	4668.96	0.00	13.29	2158.68
	4668.97	0.00	13.29	2158.68
	4668.98	0.00	13.29	2160.68
	4669.00	0.00	13.30	2159.67
	4669.01	0.00	13.29	2160.68
	4669.02	0.00	13.29	2159.68
	4669.03	0.00	13.32	2173.66
	4669.04	0.00	13.32	2174.66
	4669.05	0.00	13.33	2176.65
	4669.07	0.00	13.32	2173.64
	4669.08	0.00	13.33	2176.64
	4669.09	0.00	13.31	2170.67
	4669.10	0.00	13.28	2157.72
	4669.11	0.00	13.24	2130.75
	4669.12	0.00	13.08	2156.09
	4669.14	0.00	12.60	2243.46
	4669.15	0.00	12.06	2483.76
	4669.16	0.00	11.72	2618.97
	4669.17	0.00	11.74	2634.00
	4669.18	0.00	11.74	2667.97
	4669.20	0.00	11.78	2671.94
	4669.21	0.00	11.79	2690.93
	4669.22	0.00	11.81	2710.94
	4669.23	0.00	11.84	2710.95
	4669.24	0.00	11.94	2718.76
	4669.25	0.00	11.97	2715.78
	4669.27	0.00	12.03	2715.80
	4669.28	0.00	12.09	2708.77
	4669.29	0.00	12.12	2693.84
	4669.30	0.00	12.16	2671.88
	4669.31	0.00	12.24	2649.86
	4669.33	0.00	12.32	2630.80
	4669.34	0.00	12.39	2606.75
	4669.35	0.00	12.48	2584.73
	4669.36	0.00	12.59	2574.70
	4669.37	0.00	12.65	2529.67
	4669.38	0.00	12.76	2502.62
	4669.40	0.00	12.88	2472.55
	4669.41	0.00	12.99	2445.52
	4669.42	0.00	13.07	2419.47
	4669.43	0.00	13.16	2395.44
	4669.44	0.00	13.17	2414.38
	4669.46	0.00	13.22	2424.33
	4669.47	0.00	13.28	2426.23
	4669.48	0.00	13.34	2429.08
	4669.49	0.00	13.42	2424.00
	4669.50	0.00	13.47	2426.87
	4669.52	0.00	13.50	2426.83
	4669.53	0.00	13.53	2407.79
	4669.54	0.00	13.57	2408.70
	4669.55	0.00	13.58	2411.69
	4669.56	0.00	13.57	2415.72
	4669.58	0.00	13.57	2408.69
	4669.59	0.00	13.58	2406.65
	4669.60	0.00	13.62	2407.59
	4669.61	0.00	13.61	2407.62
	4669.62	0.00	13.65	2407.56
	4669.63	0.00	13.66	2413.56
	4669.64	0.00	13.76	2433.53
	4669.66	0.00	13.79	2438.59
	4669.67	0.00	13.84	2451.58
	4669.68	0.00	14.02	2491.59
	4669.69	0.00	14.07	2507.60
	4669.70	0.00	14.17	2537.62
	4669.72	0.00	14.24	2555.60
	4669.73	0.00	14.29	2562.57
	4669.74	0.00	14.34	2571.53
	4669.75	0.00	14.34	2571.53
	4669.76	0.00	14.34	2570.52
	4669.77	0.00	14.34	2562.46
	4669.79	0.00	14.33	2529.30
	4669.80	0.00	14.23	2492.36
	4669.81	0.00	14.14	2432.22
	4669.82	0.00	14.01	2392.30
	4669.83	0.00	13.83	2330.38
	4669.85	0.00	13.61	2258.44
	4669.86	0.00	13.40	2198.49
	4669.87	0.00	13.33	2166.52
	4669.88	0.00	13.29	2153.55
	4669.89	0.00	13.28	2145.55
	4669.90	0.00	13.27	2135.53
	4669.92	0.00	13.28	2135.53
	4669.93	0.00	13.21	2131.68
	4669.94	0.00	13.20	2130.73
	4669.95	0.00	13.19	2130.74
	4669.96	0.00	13.17	2118.77
	4669.98	0.00	13.18	2132.79
	4669.99	0.00	13.17	2126.82
	4670.00	0.00	13.19	2123.82
	4670.01	0.00	13.17	2117.85
	4670.02	0.00	13.16	2115.85
	4670.04	0.00	13.16	2100.80
	4670.05	0.00	13.17	2102.78
	4670.06	0.00	13.17	2107.78
	4670.07	0.00	13.24	2133.71
	4670.08	0.00	13.23	2142.76
	4670.09	0.00	13.22	2145.77
	4670.11	0.00	13.23	2151.76
	4670.12	0.00	13.24	2158.77
	4670.13	0.00	13.26	2169.74
	4670.14	0.00	13.28	2179.75
	4670.15	0.00	13.28	2182.75
	4670.16	0.00	13.28	2185.76
	4670.18	0.00	13.28	2183.76
	4670.19	0.00	13.29	2180.76
	4670.20	0.00	13.28	2177.76
	4670.21	0.00	13.27	2174.77
	4670.22	0.00	13.26	2171.77
	4670.23	0.00	13.25	2164.78
	4670.25	0.00	13.26	2167.79
	4670.26	0.00	13.27	2166.76
	4670.27	0.00	13.27	2170.77
	4670.28	0.00	13.27	2176.78
	4670.29	0.00	13.29	2178.75
	4670.31	0.00	13.29	2181.75
	4670.32	0.00	13.29	2182.73
	4670.33	0.00	13.30	2178.69
	4670.34	0.00	13.31	2181.67
	4670.35	0.00	13.32	2183.66
	4670.37	0.00	13.29	2183.72
	4670.38	0.00	13.08	2230.14
	4670.39	0.00	12.57	2386.49
	4670.40	0.00	12.01	2563.81
	4670.41	0.00	11.96	2597.91
	4670.42	0.00	11.90	2620.93
	4670.44	0.00	11.88	2627.92
	4670.45	0.00	11.89	2633.91
	4670.46	0.00	11.87	2649.91
	4670.47	0.00	11.90	2693.94
	4670.48	0.00	11.95	2706.93
	4670.50	0.00	12.00	2727.93
	4670.51	0.00	12.03	2750.92
	4670.52	0.00	12.09	2759.91
	4670.53	0.00	12.14	2756.90
	4670.54	0.00	12.20	2751.91
	4670.56	0.00	12.26	2732.90
	4670.57	0.00	12.32	2716.85
	4670.58	0.00	12.40	2697.80
	4670.59	0.00	12.47	2674.79
	4670.60	0.00	12.53	2654.76
	4670.61	0.00	12.61	2625.74
	4670.62	0.00	12.70	2598.71
	4670.64	0.00	12.82	2575.57
	4670.65	0.00	12.89	2556.54
	4670.66	0.00	13.03	2517.46
	4670.67	0.00	13.14	2483.48
	4670.68	0.00	13.14	2468.53
	4670.70	0.00	13.18	2463.53
	4670.71	0.00	13.20	2464.52
	4670.72	0.00	13.23	2467.48
	4670.73	0.00	13.26	2447.44
	4670.74	0.00	13.28	2441.38
	4670.75	0.00	13.30	2449.36
	4670.77	0.00	13.32	2449.33
	4670.78	0.00	13.35	2456.29
	4670.79	0.00	13.38	2463.23
	4670.80	0.00	13.45	2457.12
	4670.81	0.00	13.46	2457.13
	4670.83	0.00	13.47	2474.06
	4670.84	0.00	13.51	2482.00
	4670.85	0.00	13.52	2481.97
	4670.86	0.00	13.54	2486.97
	4670.87	0.00	13.59	2488.90
	4670.88	0.00	13.62	2485.85
	4670.90	0.00	13.75	2482.81
	4670.91	0.00	13.89	2511.76
	4670.92	0.00	13.96	2520.71
	4670.93	0.00	14.03	2536.66
	4670.94	0.00	14.07	2544.67
	4670.96	0.00	14.10	2538.66
	4670.97	0.00	14.15	2544.69
	4670.98	0.00	14.16	2535.68
	4670.99	0.00	14.18	2537.68
	4671.00	0.00	14.19	2531.61
	4671.02	0.00	14.18	2519.58
	4671.03	0.00	14.18	2502.48
	4671.04	0.00	14.17	2470.34
	4671.05	0.00	14.13	2423.12
	4671.06	0.00	14.00	2395.34
	4671.08	0.00	13.84	2342.49
	4671.09	0.00	13.61	2255.58
	4671.10	0.00	13.41	2192.62
	4671.11	0.00	13.33	2173.69
	4671.12	0.00	13.29	2163.72
	4671.13	0.00	13.28	2160.72
	4671.14	0.00	13.28	2172.76
	4671.16	0.00	13.28	2170.77
	4671.17	0.00	13.27	2164.78
	4671.18	0.00	13.28	2163.78
	4671.19	0.00	13.26	2161.80
	4671.20	0.00	13.26	2157.81
	4671.22	0.00	13.25	2152.81
	4671.23	0.00	13.23	2135.85
	4671.24	0.00	13.21	2115.86
	4671.25	0.00	13.22	2116.82
	4671.26	0.00	13.23	2118.81
	4671.28	0.00	13.23	2120.83
	4671.29	0.00	13.23	2121.84
	4671.30	0.00	13.23	2123.83
	4671.31	0.00	13.21	2124.88
	4671.32	0.00	13.26	2150.82
	4671.33	0.00	13.30	2182.79
	4671.35	0.00	13.42	2190.51
	4671.36	0.00	13.41	2194.54
	4671.37	0.00	13.42	2203.55
	4671.38	0.00	13.44	2220.54
	4671.39	0.00	13.44	2224.55
	4671.41	0.00	13.44	2225.56
	4671.42	0.00	13.43	2222.55
	4671.43	0.00	13.37	2208.67
	4671.44	0.00	13.35	2212.73
	4671.45	0.00	13.35	2209.75
	4671.46	0.00	13.36	2209.76
	4671.48	0.00	13.36	2208.77
	4671.49	0.00	13.33	2185.73
	4671.50	0.00	13.31	2177.75
	4671.51	0.00	13.31	2171.76
	4671.52	0.00	13.32	2177.77
	4671.54	0.00	13.32	2179.77
	4671.55	0.00	13.32	2181.79
	4671.56	0.00	13.31	2180.77
	4671.57	0.00	13.32	2187.77
	4671.58	0.00	13.34	2192.73
	4671.59	0.00	13.37	2213.69
	4671.61	0.00	13.37	2214.71
	4671.62	0.00	13.37	2214.71
	4671.63	0.00	13.36	2214.72
	4671.64	0.00	13.37	2211.71
	4671.65	0.00	13.32	2219.80
	4671.66	0.00	13.13	2234.14
	4671.68	0.00	12.66	2348.48
	4671.69	0.00	12.14	2517.79
	4671.70	0.00	11.93	2606.97
	4671.71	0.00	11.87	2648.99
	4671.72	0.00	11.90	2660.96
	4671.74	0.00	11.96	2656.86
	4671.75	0.00	11.98	2665.81
	4671.76	0.00	12.01	2688.80
	4671.77	0.00	12.11	2710.79
	4671.78	0.00	12.20	2707.79
	4671.80	0.00	12.26	2719.78
	4671.81	0.00	12.35	2699.77
	4671.82	0.00	12.44	2691.75
	4671.83	0.00	12.53	2662.71
	4671.84	0.00	12.64	2637.67
	4671.85	0.00	12.78	2583.64
	4671.87	0.00	12.90	2550.61
	4671.88	0.00	12.98	2525.58
	4671.89	0.00	13.08	2491.55
	4671.90	0.00	13.12	2476.54
	4671.91	0.00	13.15	2450.52
	4671.93	0.00	13.16	2445.49
	4671.94	0.00	13.19	2434.43
	4671.95	0.00	13.23	2428.39
	4671.96	0.00	13.23	2418.35
	4671.97	0.00	13.34	2428.30
	4671.98	0.00	13.39	2421.23
	4672.00	0.00	13.42	2418.21
	4672.01	0.00	13.47	2419.16
	4672.02	0.00	13.53	2419.02
	4672.03	0.00	13.59	2402.98
	4672.04	0.00	13.62	2408.96
	4672.06	0.00	13.66	2412.89
	4672.07	0.00	13.68	2409.84
	4672.08	0.00	13.66	2407.89
	4672.09	0.00	13.67	2411.89
	4672.10	0.00	13.70	2419.87
	4672.11	0.00	13.71	2420.88
	4672.13	0.00	13.72	2424.87
	4672.14	0.00	13.75	2428.84
	4672.15	0.00	13.76	2433.84
	4672.16	0.00	13.78	2438.84
	4672.17	0.00	13.79	2443.83
	4672.18	0.00	13.79	2447.83
	4672.20	0.00	13.80	2449.81
	4672.21	0.00	13.81	2452.82
	4672.22	0.00	13.80	2453.83
	4672.23	0.00	13.80	2453.84
	4672.24	0.00	13.78	2448.85
	4672.26	0.00	13.77	2453.88
	4672.27	0.00	13.77	2453.89
	4672.28	0.00	13.76	2454.91
	4672.29	0.00	13.74	2451.92
	4672.30	0.00	13.72	2444.92
	4672.31	0.00	13.73	2438.85
	4672.33	0.00	13.71	2429.85
	4672.34	0.00	13.67	2420.85
	4672.35	0.00	13.67	2414.81
	4672.36	0.00	13.65	2407.83
	4672.37	0.00	13.61	2385.82
	4672.39	0.00	13.61	2382.81
	4672.40	0.00	13.62	2376.79
	467.20
	4679.64	0.00	13.10	2227.20
	4679.65	0.00	13.10	2229.20
	4679.66	0.00	13.09	2224.21
	4679.67	0.00	13.09	2226.20
	4679.68	0.00	13.11	2232.20
	4679.70	0.00	13.11	2232.20
	4679.71	0.00	13.10	2232.21
	4679.72	0.00	13.10	2234.22
	4679.73	0.00	13.09	2235.25
	4679.74	0.00	13.08	2231.26
	4679.75	0.00	13.09	2234.26
	4679.77	0.00	13.08	2235.27
	4679.78	0.00	13.08	2235.28
	4679.79	0.00	13.09	2236.24
	4679.80	0.00	13.09	2238.26
	4679.81	0.00	13.09	2239.26
	4679.83	0.00	13.09	2239.27
	4679.84	0.00	13.08	2239.28
	4679.85	0.00	13.08	2237.28
	4679.86	0.00	13.17	2240.03
	4679.87	0.00	13.17	2243.05
	4679.88	0.00	13.16	2242.08
	4679.90	0.00	13.16	2237.07
	4679.91	0.00	13.16	2237.07
	4679.92	0.00	13.13	2227.07
	4679.93	0.00	13.11	2226.13
	4679.94	0.00	13.09	2229.19
	4679.96	0.00	13.08	2225.21
	4679.97	0.00	13.09	2226.22
	4679.98	0.00	13.09	2229.23
	4679.99	0.00	13.06	2210.23
	4680.00	0.00	13.07	2222.25
	4680.02	0.00	13.07	2223.27
	4680.03	0.00	13.07	2227.27
	4680.04	0.00	13.07	2230.27
	4680.05	0.00	13.07	2228.24
	4680.06	0.00	13.08	2232.23
	4680.08	0.00	13.08	2239.26
	4680.09	0.00	13.08	2238.27
	4680.10	0.00	13.08	2240.27
	4680.11	0.00	13.08	2241.27
	4680.12	0.00	13.08	2238.26
	4680.13	0.00	13.08	2236.23
	4680.14	0.00	13.09	2242.24
	4680.16	0.00	13.10	2247.25
	4680.17	0.00	13.10	2244.25
	4680.18	0.00	13.09	2243.25
	4680.19	0.00	13.09	2244.23
	4680.20	0.00	13.10	2240.22
	4680.22	0.00	13.09	2243.22
	4680.23	0.00	13.10	2242.22
	4680.24	0.00	13.11	2242.21
	4680.25	0.00	13.10	2243.21
	4680.26	0.00	13.10	2239.21
	4680.27	0.00	13.06	2221.21
	4680.29	0.00	13.07	2221.21
	4680.30	0.00	13.08	2223.21
	4680.31	0.00	13.07	2223.21
	4680.32	0.00	13.06	2220.21
	4680.33	0.00	13.06	2220.22
	4680.35	0.00	13.04	2209.23
	4680.36	0.00	13.04	2217.24
	4680.37	0.00	13.04	2216.23
	4680.38	0.00	13.03	2218.27
	4680.39	0.00	13.02	2218.27
	4680.41	0.00	13.00	2215.29
	4680.42	0.00	13.00	2211.29
	4680.43	0.00	12.99	2208.32
	4680.44	0.00	12.97	2201.33
	4680.45	0.00	12.96	2196.34
	4680.46	0.00	12.96	2191.34
	4680.48	0.00	12.96	2187.32
	4680.49	0.00	12.99	2183.26
	4680.50	0.00	12.99	2175.25
	4680.51	0.00	13.01	2173.23
	4680.52	0.00	13.04	2160.20
	4680.54	0.00	13.06	2156.17
	4680.55	0.00	13.08	2150.12
	4680.56	0.00	13.14	2147.03
	4680.57	0.00	13.16	2140.96
	4680.58	0.00	13.24	2139.75
	4680.60	0.00	13.26	2137.68
	4680.61	0.00	13.27	2140.67
	4680.62	0.00	13.29	2147.66
	4680.63	0.00	13.30	2150.66
	4680.64	0.00	13.32	2162.67
	4680.65	0.00	13.33	2160.66
	4680.67	0.00	13.34	2161.65
	4680.68	0.00	13.33	2163.65
	4680.69	0.00	13.32	2150.62
	4680.70	0.00	13.33	2149.60
	4680.71	0.00	13.34	2149.57
	4680.72	0.00	13.31	2146.64
	4680.74	0.00	13.29	2149.71
	4680.75	0.00	13.28	2147.73
	4680.76	0.00	13.29	2139.74
	4680.77	0.00	13.30	2134.72
	4680.78	0.00	13.29	2130.75
	4680.80	0.00	13.28	2127.75
	4680.81	0.00	13.24	2097.73
	4680.82	0.00	13.25	2100.74
	4680.83	0.00	13.20	2073.80
	4680.84	0.00	13.21	2073.80