47	1032.68
	2240.76	0.00	11.47	1035.68
	2240.77	0.00	11.46	1033.69
	2240.78	0.00	11.45	1034.69
	2240.79	0.00	11.47	1034.67
	2240.81	0.00	11.47	1023.57
	2240.82	0.00	11.39	1024.71
	2240.83	0.00	11.38	1025.76
	2240.84	0.00	11.36	1021.80
	2240.85	0.00	11.36	1022.81
	2240.86	0.00	11.31	1003.75
	2240.88	0.00	11.26	1004.84
	2240.89	0.00	11.26	1004.84
	2240.90	0.00	11.26	1003.84
	2240.91	0.00	11.27	1011.88
	2240.92	0.00	11.30	1009.87
	2240.93	0.00	11.32	1016.87
	2240.95	0.00	11.31	1019.87
	2240.96	0.00	11.24	1002.84
	2240.97	0.00	11.33	1021.84
	2240.98	0.00	11.33	1022.85
	2240.99	0.00	11.34	1025.85
	2241.00	0.00	11.35	1026.86
	2241.02	0.00	11.33	1026.87
	2241.03	0.00	11.34	1029.87
	2241.04	0.00	11.32	1021.83
	2241.05	0.00	11.34	1030.89
	2241.06	0.00	11.33	1032.91
	2241.08	0.00	11.34	1033.90
	2241.09	0.00	11.34	1031.91
	2241.10	0.00	11.34	1032.90
	2241.11	0.00	11.35	1034.90
	2241.12	35.90
	2257.67	0.00	11.24	1033.92
	2257.68	0.00	11.24	1033.93
	2257.69	0.00	11.23	1033.93
	2257.71	0.00	11.24	1037.94
	2257.72	0.00	11.23	1036.94
	2257.73	0.00	11.32	1033.76
	2257.74	0.00	11.38	1038.69
	2257.75	0.00	11.34	1032.71
	2257.77	0.00	11.36	1034.72
	2257.78	0.00	11.37	1034.72
	2257.79	0.00	11.34	1035.74
	2257.80	0.00	11.40	1027.57
	2257.81	0.00	11.31	1026.71
	2257.82	0.00	11.27	1027.80
	2257.84	0.00	11.27	1027.80
	2257.85	0.00	11.27	1024.81
	2257.86	0.00	11.25	1023.84
	2257.87	0.00	11.26	1025.85
	2257.88	0.00	11.12	995.83
	2257.89	0.00	11.15	1003.86
	2257.91	0.00	11.14	1004.88
	2257.92	0.00	11.16	1009.89
	2257.93	0.00	11.19	1018.91
	2257.94	0.00	11.20	1015.92
	2257.95	0.00	11.20	1019.92
	2257.96	0.00	11.21	1023.90
	2257.98	0.00	11.19	1016.88
	2257.99	0.00	11.21	1026.90
	2258.00	0.00	11.23	1029.90
	2258.01	0.00	11.23	1031.92
	2258.02	0.00	11.19	1021.91
	2258.03	0.00	11.23	1032.91
	2258.05	0.00	11.25	1030.87
	2258.06	0.00	11.31	1052.89
	2258.07	0.00	11.22	1034.94
	2258.08	0.00	11.23	1037.95
	2258.09	0.00	11.23	1037.95
	2258.11	0.00	11.22	1036.97
	2258.12	0.00	11.23	1038.95
	2258.13	0.00	11.23	1036.94
	2258.14	0.00	11.24	1033.90
	2258.15	0.00	11.26	1036.88
	2258.16	0.00	11.27	1036.89
	2258.18	0.00	11.26	1037.89
	2258.19	0.00	11.26	1037.89
	2258.20	0.00	11.27	1036.87
	2258.21	0.00	11.25	1037.89
	2258.22	0.00	11.24	1034.88
	2258.23	0.00	11.24	1034.89
	2258.25	0.00	11.25	1034.88
	2258.26	0.00	11.26	1034.88
	2258.27	0.00	11.25	1033.88
	2258.28	0.00	11.20	1023.88
	2258.29	0.00	11.22	1028.90
	2258.30	0.00	11.22	1027.88
	2258.32	7.90
	2263.06	0.00	11.22	1030.88
	2263.07	0.00	11.19	1030.92
	2263.08	0.00	11.19	1030.93
	2263.09	0.00	11.18	1031.95
	2263.11	0.00	11.18	1032.95
	2263.12	0.00	11.18	1029.94
	2263.13	0.00	11.22	1033.90
	2263.14	0.00	11.20	1032.92
	2263.15	0.00	11.21	1032.93
	2263.16	0.00	11.21	1032.93
	2263.18	0.00	11.21	1034.92
	2263.19	0.00	11.20	1034.94
	2263.20	0.00	11.20	1034.94
	2263.21	0.00	11.20	1034.94
	2263.22	0.00	11.33	1034.72
	2263.23	0.00	11.34	1034.70
	2263.25	0.00	11.35	1037.71
	2263.26	0.00	11.33	1033.72
	2263.27	0.00	11.32	1033.74
	2263.28	0.00	11.40	1023.53
	2263.29	0.00	11.37	1022.59
	2263.30	0.00	11.35	1023.63
	2263.32	0.00	11.28	1023.75
	2263.33	0.00	11.27	1024.79
	2263.34	0.00	11.24	1018.83
	2263.35	0.00	11.26	1020.84
	2263.36	0.00	11.17	1001.82
	2263.37	0.00	11.14	1002.87
	2263.39	0.00	11.16	1005.88
	2263.40	0.00	11.18	1010.89
	2263.41	0.00	11.19	1012.92
	2263.42	0.00	11.20	1018.91
	2263.43	0.00	11.20	1018.91
	2263.45	0.00	11.15	1003.86
	2263.46	0.00	11.22	1023.89
	2263.47	0.00	11.22	1023.89
	2263.48	0.00	11.24	1027.90
	2263.49	0.00	11.24	1025.89
	2263.50	0.00	11.24	1025.89
	2263.52	0.00	11.24	1029.90
	2263.53	0.00	11.23	1025.90
	2263.54	0.00	11.24	1028.92
	2263.55	0.00	11.24	1030.93
	2263.56	0.00	11.24	1027.93
	2263.57	0.00	11.24	1028.93
	2263.59	0.00	11.24	1029.93
	2263.60	0.00	11.24	1030.95
	2263.61	0.00	11.26	1029.88
	2263.62	0.00	11.27	1027.87
	2263.63	0.00	11.29	1028.87
	2263.64	0.00	11.30	1027.81
	2263.66	0.00	11.28	1028.87
	2263.67	0.00	11.28	1029.87
	2263.68	0.00	11.25	1023.87
	2263.69	0.00	11.25	1022.88
	2263.70	0.65	0.00	11.23	1019.90
	2280.66	0.00	11.23	1017.89
	2280.67	0.00	11.22	1021.91
	2280.68	0.00	11.22	1018.91
	2280.69	0.00	11.22	1018.91
	2280.70	0.00	11.22	1014.88
	2280.72	0.00	11.27	1021.85
	2280.73	0.00	11.26	1018.84
	2280.74	0.00	11.27	1019.84
	2280.75	0.00	11.27	1020.83
	2280.76	0.00	11.26	1020.84
	2280.77	0.00	11.22	1013.84
	2280.79	0.00	11.24	1017.84
	2280.80	0.00	11.22	1016.85
	2280.81	0.00	11.24	1013.84
	2280.82	0.00	11.24	1015.84
	2280.83	0.00	11.25	1014.84
	2280.84	0.00	11.21	1008.84
	2280.86	0.00	11.23	1011.84
	2280.87	0.00	11.24	1013.83
	2280.88	0.00	11.23	1013.84
	2280.89	0.00	11.23	1012.84
	2280.90	0.00	11.23	1011.84
	2280.91	0.00	11.24	1013.84
	2280.93	0.00	11.30	1033.83
	2280.94	0.00	11.21	1011.88
	2280.95	0.00	11.19	1012.89
	2280.96	0.00	11.21	1015.90
	2280.97	0.00	11.19	1014.91
	2280.98	0.00	11.19	1011.90
	2281.00	0.00	11.22	1014.85
	2281.01	0.00	11.23	1014.86
	2281.02	0.00	11.21	1016.90
	2281.03	0.00	11.22	1018.89
	2281.04	0.00	11.21	1015.89
	2281.06	0.00	11.18	1012.90
	2281.07	0.00	11.34	1017.67
	2281.08	0.00	11.36	1017.65
	2281.09	0.00	11.36	1019.66
	2281.10	0.00	11.43	1040.66
	2281.11	0.00	11.34	1017.68
	2281.12	0.00	11.33	1017.68
	2281.14	0.00	11.38	1009.54
	2281.15	0.00	11.34	1007.60
	2281.16	0.00	11.26	1007.72
	2281.17	0.00	11.26	1005.77
	2281.18	0.00	11.25	1003.77
	2281.20	0.00	11.25	1003.78
	2281.21	0.00	11.27	1007.77
	2281.22	0.00	11.22	997.77
	2281.23	0.00	11.13	985.82
	2281.24	0.00	11.14	986.81
	2281.25	0.00	11.14	984.79
	2281.27	0.00	11.14	988.84
	2281.28	0.00	11.16	995.85
	2281.29	0.00	11.18	997.8
	2286.32	0.00	11.17	1017.86
	2286.34	0.00	11.18	1020.86
	2286.35	0.00	11.19	1021.86
	2286.36	0.00	11.17	1019.88
	2286.37	0.00	11.23	1017.77
	2286.38	0.00	11.20	1020.85
	2286.39	0.00	11.18	1021.88
	2286.41	0.00	11.17	1023.91
	2286.42	0.00	11.16	1019.92
	2286.43	0.00	11.16	1020.92
	2286.44	0.00	11.16	1022.93
	2286.45	0.00	11.17	1022.90
	2286.47	0.00	11.20	1024.88
	2286.48	0.00	11.19	1024.89
	2286.49	0.00	11.25	1045.90
	2286.50	0.00	11.18	1025.92
	2286.51	0.00	11.17	1025.92
	2286.52	0.00	11.18	1025.92
	2286.54	0.00	11.31	1040.76
	2286.55	0.00	11.31	1026.68
	2286.56	0.00	11.32	1027.68
	2286.57	0.00	11.32	1027.68
	2286.58	0.00	11.33	1029.68
	2286.59	0.00	11.32	1026.69
	2286.61	0.00	11.31	1025.70
	2286.62	0.00	11.30	1025.70
	2286.63	0.00	11.40	1034.56
	2286.64	0.00	11.23	1016.72
	2286.65	0.00	11.22	1015.79
	2286.66	0.00	11.20	1011.82
	2286.68	0.00	11.19	1012.85
	2286.69	0.00	11.21	1016.84
	2286.70	0.00	11.22	1014.82
	2286.71	0.00	11.09	992.85
	2286.72	0.00	11.10	999.89
	2286.73	0.00	11.13	1005.89
	2286.75	0.00	11.15	1003.89
	2286.76	0.00	11.13	1001.89
	2286.77	0.00	11.14	1006.91
	2286.78	0.00	11.15	1011.90
	2286.79	0.00	11.10	998.86
	2286.81	0.00	11.16	1013.87
	2286.82	0.00	11.17	1018.90
	2286.83	0.00	11.20	1019.88
	2286.84	0.00	11.19	1022.89
	2286.85	0.00	11.18	1024.90
	2286.86	0.00	11.17	1022.91
	2286.87	0.00	11.14	1013.88
	2286.89	0.00	11.18	1025.92
	2286.90	0.00	11.17	1027.93
	2286.91	0.00	11.15	1023.94
	2286.92	0.00	11.25	1048.93
	2286.93	0.00	11.17	1026.93
	2286.95	0.00	11.25	1043.88
	2286.96	0.00	11.19	1025.88
	2286.97	0.00	11.19	1026.88
	2286.98	0.00	11.21	1027.87
	2286.99	0.00	11.20	1027.87
	2287.00	0.00	11.20	1027.88
	2287.01	0.00	11.21	1028.87
	2287.03	0.00	11.18	1022.87
	2287.04	0.00	11.19	1024.87
	2287.05	0.00	11.18	1023.88
	2287.06	0.00	11.20	1023.86
	2287.07	0.00	11.19	1023.87
	2287.09	0.00	11.19	1021.86
	2287.10	0.00	11.24	1036.85
	2287.11	0.00	11.17	1017.86
	2287.12	0.00	11.18	1018.86
	2287.13	0.00	11.18	1020.86
	2287.14	0.00	11.17	1018.87
	2287.16	0.00	11.20	1022.86
	2287.17	0.00	11.24	1021.77
	2287.18	0.00	11.18	1020.86
	2287.19	0.00	11.16	1020.90
	2287.20	0.00	11.16	1021.91
	2287.21	0.00	11.16	1022.92
	2287.23	0.00	11.16	1021.92
	2287.24	0.00	11.17	1020.88
	2287.25	0.00	11.18	1022.89
	2287.26	0.00	11.17	1024.91
	2287.27	0.00	11.17	1023.91
	2287.29	0.00	11.17	1025.92
	2287.30	0.00	11.17	1025.92
	2287.31	0.00	11.16	1024.92
	2287.32	0.00	11.29	1024.69
	2287.33	0.00	11.33	1028.67
	2287.34	0.00	11.32	1028.68
	2287.35	0.00	11.31	1025.69
	2287.37	0.00	11.32	1026.69
	2287.38	0.00	11.30	1023.69
	2287.39	0.00	11.31	1025.70
	2287.40	0.00	11.33	1018.57
	2287.41	0.00	11.30	1015.61
	2287.43	0.00	11.23	1018.75
	2287.44	0.00	11.20	1011.80
	2287.45	0.00	11.19	1013.83
	2287.46	0.00	11.20	1014.83
	2287.47	0.00	11.16	1007.84
	2287.48	0.00	11.14	999.81
	2287.50	0.00	11.08	995.85
	2287.51	0.00	11.11	999.85
	2287.52	0.00	11.11	1002.89
	2287.53	0.00	11.14	1005.90
	2287.54	0.00	11.21	1030.90
	2287.55	0.00	11.14	1013.90
	2287.57	0.00	11.12	1005.86
	2287.58	0.00	11.15	1010.86
	2287.59	0.00	11.17	1018.88
	2287.60	0.00	11.16	1021.91
	2287.61	0.00	11.18	1023.89
	2287.4	0.00	11.24	1008.96
	2298.65	0.00	11.22	1009.98
	2298.66	0.00	11.31	1029.96
	2298.68	0.00	11.24	1002.92
	2298.69	0.00	11.34	1023.89
	2298.70	0.00	11.27	1006.89
	2298.71	0.00	11.36	1027.87
	2298.72	0.00	11.35	1024.87
	2298.73	0.00	11.36	1025.86
	2298.75	0.00	11.33	1021.86
	2298.76	0.00	11.28	1002.86
	2298.77	0.00	11.27	999.86
	2298.78	0.00	11.28	998.86
	2298.79	0.00	11.28	998.86
	2298.80	0.00	11.29	996.85
	2298.82	0.00	11.28	996.85
	2298.83	0.00	11.31	1010.85
	2298.84	0.00	11.27	995.85
	2298.85	0.00	11.27	995.85
	2298.86	0.00	11.27	995.85
	2298.87	0.00	11.28	994.85
	2298.89	0.00	11.28	993.85
	2298.90	0.00	11.28	994.85
	2298.91	0.00	11.29	993.84
	2298.92	0.00	11.28	994.84
	2298.93	0.00	11.29	998.86
	2298.94	0.00	11.25	991.87
	2298.96	0.00	11.25	992.88
	2298.97	0.00	11.32	1012.90
	2298.98	0.00	11.32	1014.91
	2298.99	0.00	11.24	992.91
	2299.00	0.00	11.24	994.91
	2299.01	0.00	11.34	1014.85
	2299.03	0.00	11.32	1011.87
	2299.04	0.00	11.28	996.88
	2299.05	0.00	11.26	992.88
	2299.06	0.00	11.33	1014.89
	2299.07	0.00	11.26	999.90
	2299.08	0.00	11.27	998.90
	2299.10	0.00	11.34	1011.81
	2299.11	0.00	11.46	1018.66
	2299.12	0.00	11.42	1002.67
	2299.13	0.00	11.39	999.68
	2299.14	0.00	11.39	999.68
	2299.15	0.00	11.40	998.68
	2299.17	0.00	11.39	999.69
	2299.18	0.00	11.37	998.69
	2299.19	0.00	11.44	988.51
	2299.20	0.00	11.38	989.60
	2299.21	0.00	11.34	995.70
	2299.23	0.00	11.37	1012.75
	2299.24	0.00	11.35	1003.77
	2299.25	0.00	11.29	987.79
	2299.26	0.00	11.27	986.82
	2299.27	0.00	11.25	987.83
	2299.28	0.00	11.21	977.81
	2299.29	0.00	11.13	967.8699.40	0.00	11.26	1012.90
	2299.41	0.00	11.28	1018.91
	2299.42	0.00	11.23	1002.91
	2299.44	0.00	11.24	995.87
	2299.45	0.00	11.20	1000.92
	2299.46	0.00	11.21	1002.93
	2299.47	0.00	11.21	1000.88
	2299.48	0.00	11.26	1022.94
	2299.49	0.00	11.20	1008.97
	2299.51	0.00	11.18	1005.97
	2299.52	0.00	11.22	1013.97
	2299.53	0.00	11.17	1006.99
	2299.54	0.00	11.13	996.98
	2299.55	0.00	11.27	1029.95
	2299.56	0.00	11.27	1027.92
	2299.58	0.00	11.28	1010.82
	2299.59	0.00	11.23	1009.91
	2299.60	0.00	11.22	1010.91
	2299.61	0.00	11.29	1031.91
	2299.62	0.00	11.22	1013.92
	2299.63	0.00	11.26	1027.91
	2299.65	0.00	11.27	1030.91
	2299.66	0.00	11.21	1009.91
	2299.67	0.00	11.25	1007.84
	2299.68	0.00	11.20	1005.90
	2299.69	0.00	11.21	1006.90
	2299.70	0.00	11.20	1005.90
	2299.72	0.00	11.22	1010.90
	2299.73	0.00	11.22	1008.90
	2299.74	0.00	11.21	1006.90
	2299.75	0.00	11.21	1006.90
	2299.76	0.00	11.23	1009.88
	2299.78	0.00	11.26	1026.93
	2299.79	0.00	11.19	1007.95
	2299.80	0.00	11.25	1025.96
	2299.81	0.00	11.17	1005.97
	2299.82	0.00	11.14	996.96
	2299.83	0.00	11.22	1009.96
	2299.85	0.00	11.20	1003.93
	2299.86	0.00	11.29	1025.91
	2299.87	0.00	11.21	1006.93
	2299.88	0.00	11.28	1027.94
	2299.89	0.00	11.22	1008.94
	2299.90	0.00	11.27	1030.96
	2299.92	0.00	11.31	1005.76
	2299.93	0.00	11.35	1007.70
	2299.94	0.00	11.36	1011.70
	2299.95	0.00	11.35	1012.73
	2299.96	0.00	11.42	1030.72
	2299.97	0.00	11.34	1009.73
	2299.99	0.00	11.46	1017.53
	2300.00	0.00	11.30	999.71
	2300.01	0.00	11.27	1000.77
	2300.02	0.00	11.33	1021.80
	2300.03	0.00	11.26	995.81
	2300.04	0.00	11.27	992
	2300.24	0.00	11.24	1014.92
	2300.26	0.00	11.23	1013.92
	2300.27	0.00	11.24	1017.93
	2300.28	0.00	11.23	1019.96
	2300.29	0.00	11.31	1039.95
	2300.30	0.00	11.31	1037.95
	2300.31	0.4.89
	2300.43	0.00	11.25	1013.89
	2300.44	0.00	11.33	1036.88
	2300.45	0.00	11.38	1033.79
	2300.47	0.00	11.26	1013.89
	2300.48	0.00	11.28	1023.88
	2300.49	0.00	11.24	1006.88
	2300.50	0.00	11.32	1031.89
	2300.51	0.00	11.25	1008.88
	2300.52	0.00	11.25	1006.88
	2300.54	0.00	11.26	1006.87
	2300.55	0.00	11.27	1006.87
	2300.56	0.00	11.27	1009.88
	2300.57	0.00	11.32	1032.92
	2300.58	0.00	11.31	1028.93
	2300.59	0.00	11.22	1008.96
	2300.61	0.00	11.24	1011.94
	2300.62	0.00	11.24	1010.94
	2300.63	0.00	11.30	1029.91
	2300.64	0.00	11.25	1012.90
	2300.65	0.00	11.24	1010.92
	2300.66	0.00	11.24	1013.93
	2300.68	0.00	11.30	1035.94
	2300.69	0.00	11.36	1027.80
	2300.70	0.00	11.34	1008.69
	2300.71	0.00	11.39	1017.70
	2300.72	0.00	11.39	1016.71
	2300.74	0.00	11.37	1014.71
	2300.75	0.00	11.37	1018.72
	2300.76	0.00	11.35	1015.73
	2300.77	0.00	11.38	1006.60
	2300.78	0.00	11.28	1006.77
	2300.79	0.00	11.34	1031.78
	2300.81	0.00	11.25	1006.83
	2300.82	0.00	11.24	1007.84
	2300.83	0.00	11.23	1006.84
	2300.84	0.00	11.30	1030.86
	2300.85	0.00	11.11	989.90
	2300.86	0.00	11.20	1015.92
	2300.88	0.00	11.20	1018.95
	2300.89	0.00	93.72
	2331.06	0.00	13.79	1071.71
	2331.07	0.00	13.80	1085.71
	2331.08	0.00	13.70	1054.71
	2331.09	0.00	13.65	1062.71
	2331.10	0.00	13.46	1039.75
	2331.11	0.00	13.03	996.83
	2331.12	0.00	12.55	930.08
	2331.14	0.00	12.41	920.13
	2331.15	0.00	12.23	891.20
	2331.16	0.00	12.13	884.29
	2331.17	0.00	12.01	885.42
	2331.18	0.00	12.00	882.39
	2331.19	0.00	12.01	883.38
	2331.21	0.00	12.10	904.36
	2331.22	0.00	12.08	905.38
	2331.23	0.00	12.05	888.37
	2331.24	0.00	12.05	889.37
	2331.25	0.00	12.05	889.38
	2331.26	0.00	12.04	890.39
	2331.28	0.00	12.03	889.40
	2331.29	0.00	12.10	911.41
	2331.30	0.00	12.04	892.39
	2331.31	0.00	12.03	892.41
	2331.32	0.00	12.11	912.41
	2331.33	0.00	12.09	896.40
	2331.35	0.00	12.13	917.40
	2331.36	0.00	12.15	915.39
	2331.37	0.00	12.09	896.39
	2331.38	0.00	12.09	895.38
	2331.39	0.00	12.12	900.38
	2331.40	0.00	12.11	900.38
	2331.42	0.00	12.12	900.37
	2331.43	0.00	12.12	901.37
	2331.44	0.00	12.14	902.37
	2331.45	0.00	12.20	922.36
	2331.46	0.00	12.14	904.35
	2331.47	0.00	12.17	904.31
	2331.49	0.00	12.18	905.32
	2331.50	0.00	12.17	906.34
	2331.51	0.00	12.15	904.36
	2331.52	0.00	12.11	903.38
	2331.53	0.00	12.11	899.37
	2331.54	0.00	12.10	896.37
	2331.55	0.00	12.10	900.37
	2331.57	0.00	12.14	899.34
	2331.58	0.00	12.13	899.34
	2331.59	0.00	12.13	899.35
	2331.60	0.00	12.14	901.35
	2331.61	0.00	11.87	904.67
	2331.62	0.00	11.25	915.52
	2331.64	0.00	10.80	993.10
	2331.65	0.00	10.11	1136.42
	2331.66	0.00	9.84	1187.50
	2331.67	0.00	9.86	1208.50
	2331.68	0.00	10.16	1220.38
	2331.69	0.00	10.16	1235.43
	2331.71	0.00	10.28	1296.42
	2331.72	0.00	10.40	1322.42
	2331.73	0.00	10.47	1343.43
	2331.74	0.00	10.56	1371.46
	2331.75	0.00	10.61	1381.47
	2331.76	0.00	10.67	1377.47
	2331.78	0.00	10.75	1362.46
	2331.79	0.00	10.86	1346.45
	2331.80	0.00	10.96	1327.42
	2331.81	0.00	11.07	1310.35
	2331.82	0.00	11.11	1285.34
	2331.84	0.00	11.15	1263.34
	2331.85	0.00	11.16	1245.33
	2331.86	0.00	11.18	1220.31
	2331.87	0.00	11.23	1207.23
	2331.88	0.00	11.28	1193.17
	2331.89	0.00	11.34	1190.17
	2331.91	0.00	11.30	1151.15
	2331.92	0.00	11.35	1154.14
	2331.93	0.00	11.26	1118.22
	2331.94	0.00	11.25	1108.24
	2331.95	0.00	11.33	1125.24
	2331.96	0.00	11.33	1121.27
	2331.98	0.00	11.39	1125.23
	2331.99	0.00	11.28	1080.16
	2332.00	0.00	11.33	1084.19
	2332.01	0.00	11.45	1106.18
	2332.02	0.00	11.43	1089.17
	2332.03	0.00	11.58	1114.12
	2332.05	0.00	11.65	1094.99
	2332.06	0.00	11.86	1118.88
	2332.07	0.00	12.03	1115.67
	2332.08	0.00	12.27	1109.34
	2332.09	0.00	12.78	1101.62
	2332.10	0.00	12.86	1114.66
	2332.12	0.00	12.82	1103.67
	2332.13	0.00	12.76	1079.68
	2332.14	0.00	12.76	1076.68
	2332.15	0.00	12.79	1072.62
	2332.16	0.00	12.98	1084.37
	2332.18	0.00	12.97	1047.25
	2332.19	0.00	12.96	1032.18
	2332.20	0.00	13.00	1009.03
	2332.21	0.00	13.03	993.92
	2332.22	0.00	13.10	973.77
	2332.23	0.00	13.08	970.77
	2332.25	0.00	13.09	997.83
	2332.26	0.00	12.74	975.14
	2332.27	0.00	12.58	970.22
	2332.28	0.00	12.31	947.42
	2332.29	0.00	12.23	963.56
	2332.30	0.00	12.21	953.52
	2332.31	0.00	12.17	947.53
	2332.33	0.00	12.11	927.52
	2332.34	0.00	12.08	922.53
	2332.35	0.00	12.05	919.56
	2332.36	0.00	12.07	937.61
	2332.37	0.00	11.97	916.63
	2332.38	0.00	12.03	935.65
	2332.40	0.00	11.96	915.65
	2332.41	0.00	12.00	934.68
	2332.42	0.00	11.93	915.68
	2332.43	0.00	11.91	914.71
	2332.44	0.00	11.98	934.73
	2332.45	0.00	11.89	909.71
	2332.47	0.00	11.94	914.69
	2332.48	0.00	11.95	911.65
	2332.49	0.00	11.96	914.64
	2332.50	0.00	11.96	915.65
	2332.51	0.00	11.99	916.63
	2332.52	0.00	11.98	916.63
	2332.54	0.00	11.99	918.63
	2332.55	0.00	12.00	918.62
	2332.56	0.00	12.05	938.62
	2332.57	0.00	12.02	919.58
	2332.58	0.00	12.10	939.56
	2332.59	0.00	12.11	935.54
	2332.61	0.00	12.02	916.56
	2332.62	0.00	12.13	940.53
	2332.63	0.00	12.04	917.54
	2332.64	0.00	12.03	917.55
	2332.65	0.00	12.01	916.58
	2332.66	0.00	12.06	936.60
	2332.68	0.00	12.01	918.59
	2332.69	0.00	12.08	937.58
	2332.70	0.00	12.03	915.56
	2332.71	0.00	12.04	914.54
	2332.72	0.00	11.52	920.24
	2332.73	0.00	11.13	942.78
	2332.75	0.00	10.48	1037.32
	2332.76	0.00	9.92	1193.59
	2332.77	0.00	9.95	1267.65
	2332.78	0.00	9.95	1285.64
	2332.79	0.00	10.00	1295.60
	2332.80	0.00	10.09	1314.53
	2332.82	0.00	9.98	1313.51
	2332.83	0.00	10.28	1390.52
	2332.84	0.00	10.42	1416.51
	2332.85	0.00	10.52	1431.57
	2332.86	0.00	10.71	1429.57
	2332.87	0.00	10.82	1424.55
	2332.89	0.00	10.89	1405.53
	2332.90	0.00	11.02	1393.46
	2332.91	0.00	11.11	1376.46
	2332.92	0.00	11.17	1355.45
	2332.93	0.00	11.26	1335.41
	2332.94	0.00	11.34	1316.38
	2332.96	0.00	11.41	1297.36
	2332.97	0.00	11.58	1282.13
	2332.98	0.00	11.67	1259.07
	2332.99	0.00	11.74	1246.00
	2333.00	0.00	11.82	1232.89
	2333.02	0.00	11.80	1218.90
	2333.03	0.00	11.92	1219.85
	2333.04	0.00	11.84	1209.92
	2333.05	0.00	11.84	1205.93
	2333.06	0.00	11.86	1204.92
	2333.07	0.00	11.90	1206.90
	2333.08	0.00	11.91	1208.89
	2333.10	0.00	11.93	1205.84
	2333.11	0.00	11.96	1210.85
	2333.12	0.00	11.96	1219.86
	2333.13	0.00	11.97	1219.85
	2333.14	0.00	11.99	1219.85
	2333.16	0.00	12.05	1235.84
	2333.17	0.00	12.05	1205.78
	2333.18	0.00	12.09	1196.71
	2333.19	0.00	12.14	1175.60
	2333.20	0.00	12.24	1163.43
	2333.21	0.00	12.52	1143.99
	2333.23	0.00	12.65	1126.79
	2333.24	0.00	12.68	1124.81
	2333.25	0.00	12.73	1126.80
	2333.26	0.00	12.76	1098.69
	2333.27	0.00	13.04	1113.58
	2333.28	0.00	13.28	1117.32
	2333.30	0.00	13.34	1108.24
	2333.31	0.00	13.39	1099.14
	2333.32	0.00	13.45	1092.06
	2333.33	0.00	13.48	1079.93
	2333.34	0.00	13.59	1083.79
	2333.35	0.00	13.39	1048.73
	2333.37	0.00	13.35	1033.72
	2333.38	0.00	13.25	1015.73
	2333.39	0.00	13.03	992.83
	2333.40	0.00	12.61	958.11
	2333.41	0.00	12.42	941.18
	2333.42	0.00	12.25	945.38
	2333.44	0.00	12.07	933.55
	2333.45	0.00	12.12	942.51
	2333.46	0.00	12.03	920.51
	2333.47	0.00	12.03	919.50
	2333.48	0.00	12.02	919.51
	2333.49	0.00	12.02	918.52
	2333.51	0.00	12.09	938.53
	2333.52	0.00	12.02	919.54
	2333.53	0.00	12.02	918.55
	2333.54	0.00	12.08	937.55
	2333.55	0.00	12.01	917.55
	2333.56	0.00	12.08	936.56
	2333.58	0.00	12.06	934.56
	2333.59	0.00	12.00	921.56
	2333.60	0.00	12.10	942.53
	2333.61	0.00	12.02	917.52
	2333.62	0.00	12.12	945.52
	2333.63	0.00	12.03	917.51
	2333.64	0.00	12.11	941.50
	2333.66	0.00	12.08	923.48
	2333.67	0.00	12.14	941.48
	2333.68	0.00	12.11	926.47
	2333.69	0.00	12.13	927.45
	2333.70	0.00	12.17	927.43
	2333.71	0.00	12.17	933.42
	2333.73	0.00	12.23	951.42
	2333.74	0.00	12.18	928.42
	2333.75	0.00	12.25	949.40
	2333.76	0.00	12.20	930.40
	2333.77	0.00	12.24	951.42
	2333.78	0.00	12.14	927.45
	2333.80	0.00	12.15	926.43
	2333.81	0.00	12.18	941.45
	2333.82	0.00	12.12	921.45
	2333.83	0.00	12.11	920.44
	2333.84	0.00	12.09	913.44
	2333.85	0.00	11.70	916.94
	2333.87	0.00	11.16	932.68
	2333.88	0.00	10.55	1019.27
	2333.89	0.00	10.14	1135.54
	2333.90	0.00	10.05	1185.59
	2333.91	0.00	10.13	1211.59
	2333.92	0.00	10.20	1221.55
	2333.94	0.00	10.36	1259.50
	2333.95	0.00	10.49	1299.57
	2333.96	0.00	10.53	1320.55
	2333.97	0.00	10.62	1348.55
	2333.98	0.00	10.77	1385.54
	2334.00	0.00	10.81	1377.50
	2334.01	0.00	10.88	1372.51
	2334.02	0.00	10.95	1358.49
	2334.03	0.00	11.04	1337.45
	2334.04	0.00	11.15	1316.41
	2334.05	0.00	11.23	1291.38
	2334.06	0.00	11.38	1274.21
	2334.08	0.00	11.48	1250.17
	2334.09	0.00	11.58	1221.11
	2334.10	0.00	11.69	1200.00
	2334.11	0.00	11.77	1186.90
	2334.12	0.00	11.91	1173.73
	2334.14	0.00	11.96	1147.65
	2334.15	0.00	12.04	1131.52
	2334.16	0.00	12.29	1114.10
	2334.17	0.00	12.46	1104.85
	2334.18	0.00	12.46	1086.81
	2334.19	0.00	12.42	1055.76
	2334.21	0.00	12.45	1053.74
	2334.22	0.00	12.47	1051.74
	2334.23	0.00	12.51	1050.69
	2334.24	0.00	12.58	1054.62
	2334.25	0.00	12.64	1060.58
	2334.26	0.00	12.65	1063.58
	2334.28	0.00	12.73	1072.54
	2334.29	0.00	12.80	1064.44
	2334.30	0.00	12.89	1066.33
	2334.31	0.00	12.93	1068.32
	2334.32	0.00	12.95	1067.27
	2334.33	0.00	12.97	1065.25
	2334.35	0.00	12.99	1059.21
	2334.36	0.00	13.00	1060.20
	2334.37	0.00	13.02	1057.18
	2334.38	0.00	13.07	1052.10
	2334.39	0.00	13.04	1033.04
	2334.40	0.00	13.18	1058.01
	2334.42	0.00	13.20	1052.98
	2334.43	0.00	13.30	1047.86
	2334.44	0.00	13.38	1047.77
	2334.45	0.00	13.39	1045.74
	2334.46	0.00	13.31	1028.74
	2334.47	0.00	13.24	1018.78
	2334.49	0.00	13.04	998.89
	2334.50	0.00	12.64	954.07
	2334.51	0.00	12.47	945.17
	2334.52	0.00	12.24	932.33
	2334.53	0.00	12.05	930.57
	2334.54	0.00	12.03	919.52
	2334.56	0.00	12.04	919.51
	2334.57	0.00	12.09	940.53
	2334.58	0.00	12.02	918.53
	2334.59	0.00	12.02	918.54
	2334.60	0.00	12.00	916.56
	2334.61	0.00	12.07	937.57
	2334.62	0.00	11.99	916.57
	2334.64	0.00	12.00	916.57
	2334.65	0.00	12.00	917.57
	2334.66	0.00	12.04	934.58
	2334.67	0.00	11.96	912.54
	2334.68	0.00	12.09	935.52
	2334.70	0.00	12.07	916.48
	2334.71	0.00	12.13	936.49
	2334.72	0.00	12.07	918.49
	2334.73	0.00	12.09	919.48
	2334.74	0.00	12.10	921.48
	2334.75	0.00	12.12	923.46
	2334.77	0.00	12.12	923.46
	2334.78	0.00	12.13	925.46
	2334.79	0.00	12.15	924.43
	2334.80	0.00	12.17	926.42
	2334.81	0.00	12.17	922.40
	2334.82	0.00	12.20	929.40
	2334.83	0.00	12.17	926.40
	2334.85	0.00	12.16	926.42
	2334.86	0.00	12.22	946.42
	2334.87	0.00	12.16	928.42
	2334.88	0.00	12.15	925.42
	2334.89	0.00	12.18	926.40
	2334.90	0.00	12.18	927.39
	2334.92	0.00	12.20	928.37
	2334.93	0.00	12.17	928.40
	2334.94	0.00	12.14	923.41
	2334.95	0.00	12.13	923.42
	2334.96	0.00	12.15	924.41
	2334.97	0.00	11.63	926.08
	2334.99	0.00	11.07	949.80
	2335.00	0.00	10.43	1069.38
	2335.01	0.00	9.98	1194.62
	2335.02	0.00	9.99	1217.64
	2335.03	0.00	10.06	1227.63
	2335.04	0.00	10.12	1232.61
	2335.06	0.00	10.16	1253.58
	2335.07	0.00	10.11	1280.56
	2335.08	0.00	10.35	1332.56
	2335.09	0.00	10.48	1366.54
	2335.10	0.00	10.50	1376.56
	2335.11	0.00	10.51	1371.53
	2335.13	0.00	10.70	1390.50
	2335.14	0.00	10.79	1382.54
	2335.15	0.00	10.86	1361.51
	2335.16	0.00	10.90	1336.49
	2335.17	0.00	10.92	1314.48
	2335.18	0.00	10.93	1291.47
	2335.20	0.00	10.92	1265.43
	2335.21	0.00	10.89	1243.44
	2335.22	0.00	10.90	1228.45
	2335.23	0.00	10.88	1187.42
	2335.24	0.00	10.93	1169.41
	2335.25	0.00	11.04	1153.28
	2335.27	0.00	11.15	1138.26
	2335.28	0.00	11.28	1125.20
	2335.29	0.00	11.38	1108.14
	2335.30	0.00	11.52	1101.03
	2335.31	0.00	11.66	1087.89
	2335.33	0.00	11.83	1081.73
	2335.34	0.00	11.91	1073.60
	2335.35	0.00	12.16	1068.24
	2335.36	0.00	12.39	1069.92
	2335.37	0.00	12.47	1069.83
	2335.38	0.00	12.50	1070.82
	2335.40	0.00	12.58	1068.72
	2335.41	0.00	12.65	1060.60
	2335.42	0.00	12.71	1065.55
	2335.43	0.00	12.76	1063.50
	2335.44	0.00	12.82	1059.40
	2335.45	0.00	12.85	1058.36
	2335.47	0.00	12.87	1053.32
	2335.48	0.00	12.88	1048.28
	2335.49	0.00	12.89	1043.26
	2335.50	0.00	12.89	1037.23
	2335.51	0.00	12.90	1031.20
	2335.52	0.00	12.92	1027.16
	2335.54	0.00	12.95	1026.13
	2335.55	0.00	13.06	1033.02
	2335.56	0.00	13.19	1048.97
	2335.57	0.00	13.22	1046.94
	2335.58	0.00	13.22	1042.91
	2335.59	0.00	13.21	1035.88
	2335.61	0.00	13.04	1015.96
	2335.62	0.00	12.73	984.12
	2335.63	0.00	12.56	965.21
	2335.64	0.00	12.43	953.27
	2335.65	0.00	12.09	944.63
	2335.66	0.00	11.98	933.69
	2335.68	0.00	12.02	930.61
	2335.69	0.00	11.99	921.61
	2335.70	0.00	11.99	921.60
	2335.71	0.00	11.99	919.61
	2335.72	0.00	11.97	918.62
	2335.73	0.00	11.98	921.62
	2335.75	0.00	11.97	919.63
	2335.76	0.00	11.93	909.62
	2335.77	0.00	11.83	889.63
	2335.78	0.00	11.91	902.62
	2335.79	0.00	11.95	911.62
	2335.80	0.00	11.98	915.61
	2335.81	0.00	11.99	917.61
	2335.83	0.00	11.97	918.62
	2335.84	0.00	11.99	917.61
	2335.85	0.00	12.00	917.61
	2335.86	0.00	12.00	916.60
	2335.87	0.00	11.99	917.61
	2335.88	0.00	11.97	913.60
	2335.90	0.00	12.00	919.59
	2335.91	0.00	12.02	923.59
	2335.92	0.00	11.96	917.61
	2335.93	0.00	11.93	907.60
	2335.94	0.00	11.99	918.61
	2335.95	0.00	11.99	918.61
	2335.97	0.00	11.97	918.62
	2335.98	0.00	11.98	922.62
	2335.99	0.00	11.97	918.62
	2336.00	0.00	11.97	918.62
	2336.01	0.00	11.99	916.61
	2336.02	0.00	11.96	914.62
	2336.04	0.00	11.98	917.62
	2336.05	0.00	11.98	918.63
	2336.06	0.00	11.98	919.63
	2336.07	0.00	11.98	920.64
	2336.08	0.00	11.98	919.63
	2336.09	0.00	12.01	922.62
	2336.11	0.00	11.98	912.58
	2336.12	0.00	12.01	915.56
	2336.13	0.00	12.03	917.55
	2336.14	0.00	11.48	927.28
	2336.15	0.00	11.09	954.78
	2336.16	0.00	10.35	1078.41
	2336.18	0.00	9.99	1184.58
	2336.19	0.00	10.03	1207.60
	2336.20	0.00	10.08	1221.59
	2336.21	0.00	10.28	1251.43
	2336.22	0.00	10.27	1269.52
	2336.23	0.00	10.37	1319.49
	2336.25	0.00	10.50	1362.51
	2336.26	0.00	10.61	1388.51
	2336.27	0.00	10.73	1412.51
	2336.28	0.00	10.81	1422.51
	2336.29	0.00	10.90	1417.50
	2336.31	0.00	10.99	1410.49
	2336.32	0.00	11.05	1394.48
	2336.33	0.00	11.12	1378.44
	2336.34	0.00	11.17	1362.41
	2336.35	0.00	11.21	1338.42
	2336.36	0.00	11.25	1311.40
	2336.37	0.00	11.27	1280.38
	2336.39	0.00	11.30	1261.36
	2336.40	0.00	11.31	1234.33
	2336.41	0.00	11.34	1210.30
	2336.42	0.00	11.40	1189.23
	2336.43	0.00	11.41	1174.25
	2336.45	0.00	11.40	1153.23
	2336.46	0.00	11.42	1137.21
	2336.47	0.00	11.39	1111.17
	2336.48	0.00	11.42	1106.15
	2336.49	0.00	11.54	1101.99
	2336.50	0.00	11.63	1101.95
	2336.52	0.00	11.71	1099.88
	2336.53	0.00	11.80	1098.78
	2336.54	0.00	11.89	1094.67
	2336.55	0.00	11.97	1085.55
	2336.56	0.00	12.05	1080.42
	2336.57	0.00	12.36	1078.95
	2336.59	0.00	12.42	1074.86
	2336.60	0.00	12.48	1070.77
	2336.61	0.00	12.50	1064.72
	2336.62	0.00	12.53	1062.68
	2336.63	0.00	12.63	1047.49
	2336.65	0.00	12.64	1044.45
	2336.66	0.00	12.64	1036.40
	2336.67	0.00	12.70	1033.33
	2336.68	0.00	12.72	1022.28
	2336.69	0.00	12.74	1018.24
	2336.70	0.00	12.74	1010.20
	2336.71	0.00	12.76	1009.16
	2336.73	0.00	12.71	994.16
	2336.74	0.00	12.70	982.10
	2336.75	0.00	12.72	977.06
	2336.76	0.00	12.76	975.01
	2336.77	0.00	12.76	969.00
	2336.78	0.00	12.75	966.00
	2336.80	0.00	12.59	957.12
	2336.81	0.00	12.51	955.18
	2336.82	0.00	12.45	950.21
	2336.83	0.00	12.35	943.27
	2336.84	0.00	12.05	920.48
	2336.85	0.00	11.93	918.64
	2336.87	0.00	11.88	906.63
	2336.88	0.00	11.89	901.62
	2336.89	0.00	11.89	901.60
	2336.90	0.00	11.89	896.60
	2336.91	0.00	11.86	894.62
	2336.92	0.00	11.86	895.63
	2336.94	0.00	11.83	891.63
	2336.95	0.00	11.87	894.62
	2336.96	0.00	11.88	894.62
	2336.97	0.00	11.87	896.62
	2336.98	0.00	11.87	898.63
	2337.00	0.00	11.89	902.62
	2337.01	0.00	11.89	900.61
	2337.02	0.00	11.91	902.61
	2337.03	0.00	11.91	902.61
	2337.04	0.00	11.90	902.61
	2337.05	0.00	11.83	886.59
	2337.06	0.00	11.89	897.58
	2337.08	0.00	11.95	909.59
	2337.09	0.00	11.99	915.58
	2337.10	0.00	11.98	915.59
	2337.11	0.00	11.99	917.59
	2337.12	0.00	11.98	916.59
	2337.13	0.00	12.00	917.58
	2337.14	0.00	11.99	916.58
	2337.16	0.00	11.98	914.58
	2337.17	0.00	11.99	915.56
	2337.18	0.00	11.98	916.56
	2337.19	0.00	11.96	910.57
	2337.20	0.00	11.96	910.58
	2337.22	0.00	11.97	913.57
	2337.23	0.00	11.96	912.58
	2337.24	0.00	11.97	912.57
	2337.25	0.00	11.95	911.58
	2337.26	0.00	11.97	912.57
	2337.27	0.00	11.99	911.57
	2337.29	0.00	12.00	912.56
	2337.30	0.00	12.00	911.55
	2337.31	0.00	12.00	910.56
	2337.32	0.00	12.00	912.56
	2337.33	0.00	11.99	912.56
	2337.34	0.00	11.90	890.52
	2337.35	0.00	11.68	907.92
	2337.37	0.00	11.33	923.45
	2337.38	0.00	10.84	958.02
	2337.39	0.00	10.45	1047.33
	2337.40	0.00	10.27	1117.47
	2337.41	0.00	10.23	1171.48
	2337.42	0.00	10.38	1235.49
	2337.44	0.00	10.47	1266.45
	2337.45	0.00	10.60	1295.43
	2337.46	0.00	10.67	1320.42
	2337.47	0.00	10.74	1348.44
	2337.48	0.00	10.81	1369.44
	2337.50	0.00	10.86	1379.45
	2337.51	0.00	10.96	1388.43
	2337.52	0.00	11.01	1388.46
	2337.53	0.00	11.07	1383.44
	2337.54	0.00	11.14	1366.41
	2337.55	0.00	11.24	1349.38
	2337.57	0.00	11.32	1336.36
	2337.58	0.00	11.43	1325.31
	2337.59	0.00	11.54	1308.27
	2337.60	0.00	11.64	1292.21
	2337.61	0.00	11.77	1279.13
	2337.62	0.00	11.83	1271.08
	2337.64	0.00	11.95	1251.97
	2337.65	0.00	12.08	1245.82
	2337.66	0.00	12.20	1243.66
	2337.67	0.00	12.43	1238.30
	2337.68	0.00	12.56	1244.13
	2337.69	0.00	12.79	1256.86
	2337.71	0.00	12.93	1263.67
	2337.72	0.00	13.02	1269.57
	2337.73	0.00	13.09	1274.47
	2337.74	0.00	13.17	1289.42
	2337.75	0.00	13.22	1289.34
	2337.76	0.00	13.26	1295.30
	2337.78	0.00	13.32	1300.24
	2337.79	0.00	13.31	1302.25
	2337.80	0.00	13.35	1298.23
	2337.81	0.00	13.34	1293.21
	2337.82	0.00	13.33	1281.21
	2337.84	0.00	13.32	1262.19
	2337.85	0.00	13.31	1248.17
	2337.86	0.00	13.32	1237.15
	2337.87	0.00	13.32	1230.16
	2337.88	0.00	13.33	1218.14
	2337.89	0.00	13.37	1217.13
	2337.90	0.00	13.42	1207.08
	2337.92	0.00	13.49	1206.02
	2337.93	0.00	13.49	1194.01
	2337.94	0.00	13.50	1189.00
	2337.95	0.00	13.52	1179.98
	2337.96	0.00	13.50	1165.95
	2337.98	0.00	13.53	1162.92
	2337.99	0.00	13.57	1164.88
	2338.00	0.00	13.62	1165.84
	2338.01	0.00	13.60	1150.82
	2338.02	0.00	13.60	1139.77
	2338.03	0.00	13.60	1134.76
	2338.04	0.00	13.57	1125.76
	2338.06	0.00	13.55	1119.76
	2338.07	0.00	13.55	1123.76
	2338.08	0.00	13.55	1115.76
	2338.09	0.00	13.49	1090.77
	2338.10	0.00	13.40	1086.83
	2338.12	0.00	13.29	1056.84
	2338.13	0.00	13.15	1040.94
	2338.14	0.00	12.96	1030.07
	2338.15	0.00	12.83	1023.18
	2338.16	0.00	12.73	1013.23
	2338.17	0.00	12.45	1002.49
	2338.19	0.00	12.32	995.62
	2338.20	0.00	12.24	982.67
	2338.21	0.00	12.20	983.71
	2338.22	0.00	12.18	978.72
	2338.23	0.00	12.13	976.78
	2338.24	0.00	12.10	975.81
	2338.25	0.00	12.08	977.84
	2338.27	0.00	12.07	975.84
	2338.28	0.00	12.06	971.84
	2338.29	0.00	12.02	968.87
	2338.30	0.00	12.01	965.86
	2338.31	0.00	11.97	954.85
	2338.32	0.00	12.02	964.85
	2338.34	0.00	12.02	964.84
	2338.35	0.00	12.02	963.85
	2338.36	0.00	12.01	964.86
	2338.37	0.00	12.04	967.84
	2338.38	0.00	12.04	960.79
	2338.39	0.00	12.07	964.77
	2338.41	0.00	12.14	966.69
	2338.42	0.00	12.12	964.70
	2338.43	0.00	12.12	967.72
	2338.44	0.00	12.14	969.71
	2338.45	0.00	12.14	970.72
	2338.46	0.00	12.19	971.69
	2338.48	0.00	12.17	973.68
	2338.49	0.00	12.18	973.67
	2338.50	0.00	12.22	971.62
	2338.51	0.00	12.21	971.63
	2338.52	0.00	12.20	972.63
	2338.53	0.00	12.19	969.64
	2338.55	0.00	12.20	970.62
	2338.56	0.00	12.18	968.63
	2338.57	0.00	12.18	967.64
	2338.58	0.00	12.17	965.64
	2338.59	0.00	12.17	965.65
	2338.60	0.00	12.17	968.65
	2338.62	0.00	12.16	965.67
	2338.63	0.00	12.15	965.67
	2338.64	0.00	12.02	967.86
	2338.65	0.00	11.85	967.06
	2338.66	0.00	11.51	976.51
	2338.67	0.00	11.06	1023.05
	2338.69	0.00	10.85	1122.24
	2338.70	0.00	10.72	1165.34
	2338.71	0.00	10.73	1215.38
	2338.72	0.00	10.74	1235.38
	2338.73	0.00	10.76	1253.39
	2338.75	0.00	10.79	1281.40
	2338.76	0.00	10.80	1311.43
	2338.77	0.00	10.79	1340.49
	2338.78	0.00	10.79	1367.56
	2338.79	0.00	10.79	1377.59
	2338.80	0.00	10.84	1390.61
	2338.82	0.00	10.87	1395.66
	2338.83	0.00	10.94	1387.61
	2338.84	0.00	11.05	1384.55
	2338.85	0.00	11.11	1373.55
	2338.86	0.00	11.20	1367.53
	2338.87	0.00	11.28	1357.51
	2338.88	0.00	11.37	1348.46
	2338.90	0.00	11.44	1334.42
	2338.91	0.00	11.57	1321.27
	2338.92	0.00	11.65	1314.20
	2338.93	0.00	11.72	1310.20
	2338.94	0.00	11.80	1298.14
	2338.96	0.00	11.87	1290.07
	2338.97	0.00	11.94	1288.03
	2338.98	0.00	11.98	1280.00
	2338.99	0.00	12.02	1278.96
	2339.00	0.00	12.09	1276.92
	2339.01	0.00	12.14	1288.92
	2339.03	0.00	12.20	1295.88
	2339.04	0.00	12.30	1306.80
	2339.05	0.00	12.35	1311.74
	2339.06	0.00	12.42	1318.67
	2339.07	0.00	12.53	1322.50
	2339.08	0.00	12.72	1332.25
	2339.10	0.00	12.92	1333.95
	2339.11	0.00	13.21	1331.51
	2339.12	0.00	13.27	1316.38
	2339.13	0.00	13.28	1300.33
	2339.14	0.00	13.26	1274.29
	2339.15	0.00	13.30	1257.25
	2339.17	0.00	13.34	1246.23
	2339.18	0.00	13.36	1234.20
	2339.19	0.00	13.35	1220.18
	2339.20	0.00	13.38	1204.14
	2339.21	0.00	13.45	1191.03
	2339.22	0.00	13.45	1178.00
	2339.24	0.00	13.48	1174.98
	2339.25	0.00	13.47	1156.96
	2339.26	0.00	13.50	1150.92
	2339.27	0.00	13.47	1131.91
	2339.28	0.00	13.44	1120.92
	2339.29	0.00	13.41	1110.91
	2339.31	0.00	13.38	1097.90
	2339.32	0.00	13.31	1080.89
	2339.33	0.00	13.26	1071.93
	2339.34	0.00	13.17	1059.98
	2339.35	0.00	13.10	1050.01
	2339.36	0.00	12.90	1043.17
	2339.38	0.00	12.80	1032.24
	2339.39	0.00	12.69	1018.29
	2339.40	0.00	12.41	1013.57
	2339.41	0.00	12.30	1008.69
	2339.42	0.00	12.24	1002.73
	2339.43	0.00	12.24	1003.73
	2339.45	0.00	12.18	995.77
	2339.46	0.00	12.12	991.83
	2339.47	0.00	12.09	987.85
	2339.48	0.00	12.07	985.86
	2339.49	0.00	12.04	981.88
	2339.50	0.00	12.03	980.88
	2339.52	0.00	12.03	978.89
	2339.53	0.00	12.01	977.89
	2339.54	0.00	12.00	976.90
	2339.55	0.00	11.98	970.89
	2339.56	0.00	12.01	971.88
	2339.57	0.00	12.00	972.88
	2339.59	0.00	12.00	971.88
	2339.60	0.00	11.99	969.88
	2339.61	0.00	12.01	969.86
	2339.62	0.00	12.01	968.85
	2339.63	0.00	12.02	968.84
	2339.64	0.00	11.97	952.80
	2339.66	0.00	12.05	962.77
	2339.67	0.00	12.05	962.75
	2339.68	0.00	12.08	963.75
	2339.69	0.00	12.08	965.74
	2339.70	0.00	12.05	958.74
	2339.71	0.00	12.03	955.74
	2339.73	0.00	12.05	958.74
	2339.74	0.00	12.06	955.72
	2339.75	0.00	12.09	956.70
	2339.76	0.00	12.09	957.69
	2339.77	0.00	12.10	955.67
	2339.78	0.00	12.12	956.65
	2339.80	0.00	12.10	957.69
	2339.81	0.00	12.08	954.69
	2339.82	0.00	12.07	954.71
	2339.83	0.00	12.10	955.66
	2339.84	0.00	12.09	954.68
	2339.85	0.00	12.11	953.65
	2339.87	0.00	11.90	948.87
	2339.88	0.00	11.69	958.17
	2339.89	0.00	11.30	977.71
	2339.90	0.00	10.91	1034.14
	2339.91	0.00	10.67	1088.33
	2339.92	0.00	10.66	1152.37
	2339.94	0.00	10.64	1183.41
	2339.95	0.00	10.70	1204.39
	2339.96	0.00	10.76	1207.37
	2339.97	0.00	10.80	1219.34
	2339.98	0.00	10.87	1244.33
	2339.99	0.00	10.86	1271.36
	2340.01	0.00	10.87	1294.37
	2340.02	0.00	10.86	1309.41
	2340.03	0.00	10.90	1331.44
	2340.04	0.00	10.93	1339.46
	2340.05	0.00	10.95	1342.48
	2340.06	0.00	10.97	1338.50
	2340.08	0.00	10.98	1329.51
	2340.09	0.00	11.00	1318.50
	2340.10	0.00	11.03	1308.48
	2340.11	0.00	11.04	1300.47
	2340.12	0.00	11.07	1288.47
	2340.13	0.00	11.13	1276.39
	2340.15	0.00	11.16	1258.38
	2340.16	0.00	11.21	1249.36
	2340.17	0.00	11.24	1228.35
	2340.18	0.00	11.31	1214.28
	2340.19	0.00	11.31	1208.33
	2340.21	0.00	11.34	1197.32
	2340.22	0.00	11.45	1193.19
	2340.23	0.00	11.49	1189.17
	2340.24	0.00	11.44	1163.18
	2340.25	0.00	11.51	1159.16
	2340.26	0.00	11.56	1154.14
	2340.28	0.00	11.61	1148.10
	2340.29	0.00	11.67	1146.07
	2340.30	0.00	11.71	1135.11
	2340.31	0.00	11.76	1129.08
	2340.32	0.00	11.86	1129.97
	2340.33	0.00	11.96	1122.85
	2340.35	0.00	12.06	1125.73
	2340.36	0.00	12.16	1116.53
	2340.37	0.00	12.33	1115.30
	2340.38	0.00	12.60	1113.90
	2340.39	0.00	12.63	1111.87
	2340.40	0.00	12.70	1109.76
	2340.42	0.00	12.70	1103.72
	2340.43	0.00	12.76	1102.64
	2340.44	0.00	12.87	1098.49
	2340.45	0.00	12.91	1099.43
	2340.46	0.00	12.96	1096.37
	2340.47	0.00	12.99	1096.32
	2340.49	0.00	13.05	1091.22
	2340.50	0.00	13.08	1087.19
	2340.51	0.00	13.12	1084.12
	2340.52	0.00	13.19	1073.99
	2340.53	0.00	13.15	1063.99
	2340.54	0.00	13.20	1048.88
	2340.56	0.00	13.27	1042.82
	2340.57	0.00	13.25	1033.80
	2340.58	0.00	13.14	1022.87
	2340.59	0.00	12.88	1004.06
	2340.60	0.00	12.73	997.16
	2340.61	0.00	12.63	991.23
	2340.63	0.00	12.38	986.48
	2340.64	0.00	12.21	974.63
	2340.65	0.00	12.16	966.65
	2340.66	0.00	12.15	958.63
	2340.67	0.00	12.10	955.66
	2340.68	0.00	12.09	952.66
	2340.70	0.00	12.06	948.67
	2340.71	0.00	12.08	952.67
	2340.72	0.00	12.06	948.67
	2340.73	0.00	12.01	938.67
	2340.74	0.00	12.04	940.64
	2340.75	0.00	12.03	940.66
	2340.77	0.00	12.04	938.65
	2340.78	0.00	12.04	941.67
	2340.79	0.00	12.04	941.67
	2340.80	0.00	12.04	943.68
	2340.81	0.00	12.03	944.70
	2340.82	0.00	12.05	948.70
	2340.84	0.00	12.04	945.70
	2340.85	0.00	12.03	944.70
	2340.86	0.00	12.04	943.70
	2340.87	0.00	12.04	945.70
	2340.88	0.00	12.04	943.70
	2340.89	0.00	12.05	945.70
	2340.91	0.00	12.04	944.70
	2340.92	0.00	12.05	946.69
	2340.93	0.00	12.06	945.68
	2340.94	0.00	12.06	940.65
	2340.95	0.00	12.09	943.61
	2340.96	0.00	12.12	943.59
	2340.98	0.00	12.13	943.57
	2340.99	0.00	12.14	941.55
	2341.00	0.00	12.16	943.54
	2341.01	0.00	12.15	943.55
	2341.02	0.00	12.15	943.55
	2341.03	0.00	12.16	944.54
	2341.05	0.00	12.17	945.54
	2341.06	0.00	12.16	946.54
	2341.07	0.00	12.18	946.52
	2341.08	0.00	12.18	945.51
	2341.09	0.00	12.18	945.51
	2341.10	0.00	12.18	944.51
	2341.11	0.00	11.74	950.11
	2341.13	0.00	11.18	975.86
	2341.14	0.00	10.81	1036.24
	2341.15	0.00	10.58	1093.39
	2341.16	0.00	10.45	1130.48
	2341.17	0.00	10.40	1158.50
	2341.19	0.00	10.49	1213.51
	2341.20	0.00	10.54	1245.52
	2341.21	0.00	10.57	1269.50
	2341.22	0.00	10.61	1304.51
	2341.23	0.00	10.62	1331.54
	2341.24	0.00	10.61	1383.59
	2341.26	0.00	10.65	1403.57
	2341.27	0.00	10.75	1424.60
	2341.28	0.00	10.79	1419.59
	2341.29	0.00	10.93	1403.57
	2341.30	0.00	10.99	1392.61
	2341.31	0.00	11.10	1387.59
	2341.33	0.00	11.17	1372.57
	2341.34	0.00	11.27	1363.53
	2341.35	0.00	11.34	1342.49
	2341.36	0.00	11.42	1333.45
	2341.37	0.00	11.52	1321.36
	2341.38	0.00	11.60	1311.32
	2341.40	0.00	11.67	1303.28
	2341.41	0.00	11.77	1298.23
	2341.42	0.00	11.85	1292.13
	2341.43	0.00	11.91	1288.08
	2341.44	0.00	11.99	1279.93
	2341.45	0.00	12.05	1286.92
	2341.47	0.00	12.09	1286.91
	2341.48	0.00	12.10	1281.90
	2341.49	0.00	12.13	1286.89
	2341.50	0.00	12.17	1278.86
	2341.51	0.00	12.23	1278.81
	2341.53	0.00	12.30	1276.75
	2341.54	0.00	12.30	1270.75
	2341.55	0.00	12.37	1262.61
	2341.56	0.00	12.56	1265.36
	2341.57	0.00	12.88	1259.84
	2341.58	0.00	13.09	1243.52
	2341.60	0.00	13.16	1235.42
	2341.61	0.00	13.21	1218.35
	2341.62	0.00	13.18	1187.30
	2341.63	0.00	13.52	1274.26
	2341.64	0.00	13.22	1164.22
	2341.65	0.00	13.20	1125.16
	2341.67	0.00	13.25	1121.10
	2341.68	0.00	13.31	1115.01
	2341.69	0.00	13.32	1106.99
	2341.70	0.00	13.32	1095.94
	2341.71	0.00	13.39	1095.87
	2341.72	0.00	13.39	1084.82
	2341.74	0.00	13.42	1074.77
	2341.75	0.00	13.37	1065.78
	2341.76	0.00	13.27	1057.86
	2341.77	0.00	13.16	1047.92
	2341.78	0.00	13.03	1036.04
	2341.79	0.00	12.81	1022.21
	2341.81	0.00	12.65	1008.32
	2341.82	0.00	12.21	987.78
	2341.83	0.00	12.03	979.97
	2341.84	0.00	12.00	974.97
	2341.85	0.00	12.03	973.93
	2341.86	0.00	12.02	970.92
	2341.88	0.00	12.00	968.92
	2341.89	0.00	12.01	969.92
	2341.90	0.00	11.99	964.91
	2341.91	0.00	11.98	962.91
	2341.92	0.00	11.97	960.92
	2341.93	0.00	11.97	961.91
	2341.95	0.00	11.97	957.90
	2341.96	0.00	11.97	957.89
	2341.97	0.00	11.97	957.89
	2341.98	0.00	11.96	955.90
	2341.99	0.00	11.98	959.88
	2342.00	0.00	11.96	951.87
	2342.02	0.00	11.97	957.88
	2342.03	0.00	11.97	957.88
	2342.04	0.00	11.97	957.89
	2342.05	0.00	11.97	955.89
	2342.06	0.00	11.97	955.89
	2342.07	0.00	11.97	956.89
	2342.08	0.00	11.92	945.88
	2342.10	0.00	11.98	958.88
	2342.11	0.00	11.98	956.87
	2342.12	0.00	11.99	956.87
	2342.13	0.00	11.98	956.88
	2342.14	0.00	11.99	953.86
	2342.16	0.00	12.00	955.85
	2342.17	0.00	12.01	956.84
	2342.18	0.00	12.02	952.81
	2342.19	0.00	12.00	948.80
	2342.20	0.00	12.06	955.76
	2342.21	0.00	12.05	953.76
	2342.22	0.00	12.06	954.76
	2342.24	0.00	12.05	956.76
	2342.25	0.00	12.08	956.75
	2342.26	0.00	12.07	956.76
	2342.27	0.00	12.06	953.76
	2342.28	0.00	11.89	958.99
	2342.29	0.00	11.53	971.46
	2342.31	0.00	11.06	1014.00
	2342.32	0.00	10.74	1081.31
	2342.33	0.00	10.68	1138.39
	2342.34	0.00	10.70	1173.42
	2342.35	0.00	10.73	1184.43
	2342.36	0.00	10.81	1197.41
	2342.38	0.00	10.89	1219.36
	2342.39	0.00	10.98	1253.36
	2342.40	0.00	10.99	1285.39
	2342.41	0.00	11.02	1317.43
	2342.42	0.00	11.01	1334.46
	2342.43	0.00	11.04	1350.49
	2342.45	0.00	11.05	1352.50
	2342.46	0.00	11.09	1349.48
	2342.47	0.00	11.12	1335.48
	2342.48	0.00	11.15	1319.47
	2342.50	0.00	11.21	1307.45
	2342.51	0.00	11.28	1288.40
	2342.52	0.00	11.35	1266.38
	2342.53	0.00	11.45	1251.33
	2342.54	0.00	11.55	1228.24
	2342.55	0.00	11.62	1210.19
	2342.56	0.00	11.68	1192.15
	2342.58	0.00	11.74	1173.11
	2342.59	0.00	11.84	1153.00
	2342.60	0.00	11.95	1145.85
	2342.61	0.00	12.06	1120.61
	2342.62	0.00	12.17	1116.46
	2342.63	0.00	12.24	1110.37
	2342.65	0.00	12.27	1108.32
	2342.66	0.00	12.34	1108.25
	2342.67	0.00	12.48	1109.05
	2342.68	0.00	12.55	1105.94
	2342.69	0.00	12.49	1101.01
	2342.71	0.00	12.56	1101.94
	2342.72	0.00	12.58	1103.90
	2342.73	0.00	12.60	1096.85
	2342.74	0.00	12.65	1092.78
	2342.75	0.00	12.74	1094.66
	2342.76	0.00	12.87	1093.51
	2342.77	0.00	12.98	1103.42
	2342.79	0.00	12.99	1106.40
	2342.80	0.00	13.02	1104.38
	2342.81	0.00	13.01	1099.36
	2342.82	0.00	13.01	1094.34
	2342.83	0.00	13.06	1091.28
	2342.85	0.00	13.09	1086.23
	2342.86	0.00	13.11	1085.19
	2342.87	0.00	13.15	1091.15
	2342.88	0.00	13.19	1079.07
	2342.89	0.00	13.21	1077.03
	2343.00	0.00	12.09	969.85
	2343.01	0.00	12.02	958.87
	2343.02	0.00	12.01	951.81
	2343.03	0.00	11.92	940.88
	2343.04	0.00	11.92	943.89
	2343.05	0.00	11.92	941.88
	2343.07	0.00	11.91	939.88
	2343.08	0.00	11.90	937.88
	2343.09	0.00	11.89	935.88
	2343.10	0.00	11.87	932.88
	2343.11	0.00	11.88	932.89
	2343.13	0.00	11.89	935.90
	2343.14	0.00	11.87	932.90
	2343.15	0.00	11.78	913.88
	2343.16	0.00	11.84	925.87
	2343.17	0.00	11.89	935.87
	2343.18	0.00	11.91	939.87
	2343.19	0.00	11.92	942.88
	2343.21	0.00	11.91	941.88
	2343.22	0.00	11.83	922.88
	2343.23	0.00	11.92	939.87
	2343.24	0.00	11.93	939.87
	2343.25	0.00	11.94	940.88
	2343.26	0.00	11.96	942.87
	2343.28	0.00	11.93	942.87
	2343.29	0.00	11.93	940.87
	2343.30	0.00	11.94	940.85
	2343.31	0.00	11.96	943.83
	2343.32	0.00	11.97	941.82
	2343.33	0.00	11.98	941.80
	2343.35	0.00	11.96	936.79
	2343.36	0.00	11.99	942.79
	2343.37	0.00	11.97	937.78
	2343.38	0.00	11.97	939.79
	2343.39	0.00	11.98	940.79
	2343.40	0.00	11.99	939.78
	2343.42	0.00	12.03	939.73
	2343.43	0.00	12.01	936.73
	2343.44	0.00	11.86	943.96
	2343.45	0.00	11.71	945.16
	2343.46	0.00	11.51	954.42
	2343.47	0.00	11.19	970.85
	2343.49	0.00	10.86	1006.23
	2343.50	0.00	10.62	1066.45
	2343.51	0.00	10.49	1105.47
	2343.52	0.00	10.44	1137.52
	2343.53	0.00	10.54	1192.50
	2343.54	0.00	10.59	1228.52
	2343.56	0.00	10.63	1267.52
	2343.57	0.00	10.71	1305.53
	2343.58	0.00	10.79	1347.54
	2343.59	0.00	10.86	1366.53
	2343.60	0.00	10.93	1380.54
	2343.61	0.00	11.00	1380.52
	2343.63	0.00	11.07	1371.50
	2343.64	0.00	11.14	1361.47
	2343.65	0.00	11.21	1342.453.85
	2343.85	0.00	11.93	1152.85
	2343.86	0.00	11.93	1152.85
	2343.87	0.00	11.98	1148.76
	2343.88	0.00	12.00	1153.75
	2343.90	0.00	12.00	1149.75
	2343.91	0.00	11.99	1149.78
	2343.92	0.00	11.98	1145.76
	2343.93	0.00	12.00	1146.75
	2343.94	0.00	12.00	1144.75
	2343.95	0.00	11.96	1136.77
	2343.97	0.00	11.92	1135.85
	2343.98	0.00	11.90	1136.87
	2343.99	0.00	11.91	1136.88
	2344.00	0.00	11.88	1131.90
	2344.01	0.00	11.91	1135.86
	2344.03	0.00	11.86	1125.90
	2344.04	0.00	11.77	1088.85
	2344.05	0.00	11.77	1089.87
	2344.06	0.00	11.77	1084.88
	2344.07	0.00	11.77	1078.88
	2344.08	0.00	11.70	1058.86
	2344.09	0.00	11.76	1073.86
	2344.11	0.00	11.73	1059.81
	2344.12	0.00	11.72	1058.83
	2344.13	0.00	11.70	1054.81
	2344.14	0.00	11.72	1063.84
	2344.15	0.00	11.73	1064.86
	2344.17	0.00	11.71	1061.86
	2344.18	0.00	11.70	1060.86
	2344.19	0.00	11.71	1060.85
	2344.20	0.00	11.69	1053.84
	2344.21	0.00	11.69	1051.82
	2344.22	0.00	11.71	1055.82
	2344.24	0.00	11.69	1055.84
	2344.25	0.00	11.70	1055.84
	2344.26	0.00	11.69	1052.84
	2344.27	0.00	11.71	1054.83
	2344.28	0.00	11.72	1054.82
	2344.29	0.00	11.72	1053.82
	2344.31	0.00	11.72	1051.80
	2344.32	0.00	11.72	1046.76
	2344.33	0.00	11.74	1049.75
	2344.34	0.00	11.73	1050.76
	2344.35	0.00	11.74	1049.75
	2344.37	0.00	11.73	1052.76
	2344.38	0.00	11.70	1051.79
	2344.39	0.00	11.68	1053.82
	2344.40	0.00	11.64	1047.82
	2344.41	0.00	11.63	1051.84
	2344.42	0.00	11.62	1056.85
	2344.43	0.00	11.60	1058.88
	2344.45	0.00	11.58	1060.90
	2344.46	0.00	11.56	1059.92
	2344.47	0.00	11.53	1057.94
	2344.48	0.00	11.53	1061.96
	2344.49	11.24	1114.28
	2345.62	0.00	11.26	1119.29
	2345.63	0.00	11.24	1118.30
	2345.64	0.00	11.25	1119.29
	2345.65	0.00	11.23	1115.29
	2345.66	0.00	11.29	1119.23
	2345.68	0.00	11.29	1119.24
	2345.69	0.00	11.28	1117.24
	2345.70	0.00	11.28	1118.25
	2345.71	0.00	11.28	1118.26
	2345.72	0.00	11.29	1118.27
	2345.74	0.00	11.27	1117.29
	2345.75	0.00	11.30	1109.17
	2345.76	0.00	11.41	1119.04
	2345.77	0.00	11.42	1120.03
	2345.78	0.00	11.49	1117.91
	2345.79	0.00	11.45	1121.02
	2345.80	0.00	11.44	1119.02
	2345.82	0.00	11.43	1117.03
	2345.83	0.00	11.43	1115.04
	2345.84	0.00	11.44	1117.03
	2345.85	0.00	11.44	1117.03
	2345.86	0.00	11.49	1104.84
	2345.88	0.00	11.47	1104.89
	2345.89	0.00	11.47	1104.90
	2345.90	0.00	11.43	1105.98
	2345.91	0.00	11.39	1106.05
	2345.92	0.00	11.37	1099.10
	2345.93	0.00	11.40	1104.10
	2345.95	0.00	11.39	1100.10
	2345.96	0.00	11.35	1089.07
	2345.97	0.00	11.34	1088.08
	2345.98	0.00	11.30	1080.10
	2345.99	0.00	11.28	1077.13
	2346.00	0.00	11.27	1083.17
	2346.02	0.00	11.29	1089.19
	2346.03	0.00	11.30	1088.20
	2346.04	0.00	11.31	1089.20
	2346.05	0.00	11.32	1089.20
	2346.06	0.00	11.32	1094.20
	2346.07	0.00	11.32	1090.20
	2346.09	0.00	11.27	1083.20
	2346.10	0.00	11.25	1075.17
	2346.11	0.00	11.32	1091.16
	2346.12	0.00	11.32	1096.20
	2346.13	0.00	11.35	1104.18
	2346.14	0.00	11.35	1103.18
	2346.16	0.00	11.35	1104.19
	2346.17	0.00	11.34	1104.19
	2346.18	0.00	11.35	1106.19
	2346.19	0.00	11.34	1107.19
	2346.20	0.00	11.34	1103.17
	2346.22	0.00	11.34	1109.23
	2346.23	0.00	11.31	1102.22
	2346.24	0.00	11.35	1111.23
	2346.25	0.00	11.35	1110.23
	2346.26	0.00	11.33	1112.26
	2346.27	0.00	11.35	1115.23
	2346.29	0.00	11.36	1113.23
	2346.30	0.00	11.34	1114.23
	2346.31	0.00	11.36	1110.19
	2346.32	0.00	11.38	1113.17
	2346.33	0.00	11.38	1114.17
	2346.34	0.00	11.39	1112.17
	2346.36	0.00	11.39	1115.16
	2346.37	0.00	11.39	1114.16
	2346.38	0.00	11.39	1114.16
	2346.39	0.00	11.39	1115.16
	2346.40	0.00	11.38	1113.16
	2346.41	0.00	11.42	1112.09
	2346.43	0.00	11.38	1115.16
	2346.44	0.00	11.37	1111.16
	2346.45	0.00	11.38	1111.16
	2346.46	0.00	11.39	1110.16
	2346.47	0.00	11.39	1111.16
	2346.48	0.00	11.38	1110.16
	2346.50	0.00	11.38	1112.16
	2346.51	0.00	11.38	1110.16
	2346.52	0.00	11.34	1105.16
	2346.53	0.00	11.36	1107.16
	2346.54	0.00	11.37	1108.16
	2346.55	0.00	11.36	1107.17
	2346.57	0.00	11.37	1106.16
	2346.58	0.00	11.38	1107.15
	2346.59	0.00	11.36	1107.15
	2346.60	0.00	11.36	1109.16
	2346.61	0.00	11.38	1109.14
	2346.63	0.00	11.35	1110.19
	2346.64	0.00	11.35	1112.20
	2346.65	0.00	11.34	1113.21
	2346.66	0.00	11.33	1112.22
	2346.67	0.00	11.35	1113.21
	2346.68	0.00	11.34	1112.22
	2346.69	0.00	11.33	1112.22
	2346.71	0.00	11.35	1112.17
	2346.72	0.00	11.37	1113.19
	2346.73	0.00	11.35	1115.20
	2346.74	0.00	11.35	1115.21
	2346.75	0.00	11.38	1115.14
	2346.77	0.00	11.34	1120.22
	2346.78	0.00	11.33	1119.22
	2346.79	0.00	11.43	1117.03
	2346.80	0.00	11.46	1120.98
	2346.81	0.00	11.49	1121.94
	2346.82	0.00	11.48	1121.99
	2346.84	0.00	11.46	1120.99
	2346.85	0.00	11.46	1122.99
	2346.86	0.00	11.46	1121.00
	2346.87	0.00	11.45	1122.00
	2346.88	0.00	11.51	1112.81
	2346.89	0.00	11.42	1112.97
	2346.91	0.00	11.39	1115.03
	2346.92	0.00	11.38	1113.07
	2346.93	0.00	11.38	1114.07
	2346.94	0.00	11.38	1112.08
	2346.95	0.00	11.37	1113.08
	2346.97	0.00	11.40	1112.04
	2346.98	0.00	11.37	1110.09
	2346.99	0.00	11.27	1090.10
	2347.00	0.00	11.26	1093.14
	2347.01	0.00	11.28	1097.16
	2347.02	0.00	11.28	1103.18
	2347.03	0.00	11.31	1102.18
	2347.05	0.00	11.31	1100.18
	2347.06	0.00	11.31	1102.18
	2347.07	0.00	11.30	1103.18
	2347.08	0.00	11.28	1105.22
	2347.09	0.00	11.28	1104.19
	2347.11	0.00	11.27	1094.14
	2347.12	0.00	11.32	1108.15
	2347.13	0.00	11.32	1112.17
	2347.14	0.00	11.34	1115.17
	2347.15	0.00	11.33	1116.17
	2347.16	0.00	11.33	1115.17
	2347.17	0.00	11.33	1115.17
	2347.19	0.00	11.35	1115.12
	2347.20	0.00	11.33	1112.13
	2347.21	0.00	11.32	1116.19
	2347.22	0.00	11.33	1120.21
	2347.23	0.00	11.32	1121.22
	2347.25	0.00	11.32	1122.22
	2347.26	0.00	11.32	1122.22
	2347.27	0.00	11.32	1123.22
	2347.28	0.00	11.31	1122.22
	2347.29	0.00	11.30	1122.24
	2347.30	0.00	11.31	1119.18
	2347.32	0.00	11.32	1121.17
	2347.33	0.00	11.32	1122.17
	2347.34	0.00	11.31	1123.18
	2347.35	0.00	11.29	1124.19
	2347.36	0.00	11.30	1124.18
	2347.37	0.00	11.28	1123.19
	2347.39	0.00	11.26	1122.18
	2347.40	0.00	11.27	1125.19
	2347.41	0.00	11.25	1120.19
	2347.42	0.00	11.26	1122.19
	2347.43	0.00	11.25	1122.19
	2347.44	0.00	11.25	1121.19
	2347.46	0.00	11.24	1122.21
	2347.47	0.00	11.24	1120.19
	2347.48	0.00	11.25	1116.19
	2347.49	0.00	11.24	1118.19
	2347.50	0.00	11.24	1117.19
	2347.51	0.00	11.25	1116.17
	2347.53	0.00	11.20	1110.19
	2347.54	0.00	11.20	1110.19
	2347.55	0.00	11.20	1112.19
2348.86	0.00	13.24	1189.31
	2348.87	0.00	13.22	1181.34
	2348.89	0.00	13.26	1185.30
	2348.90	0.00	13.16	1164.37
	2348.91	0.00	13.15	1158.38
	2348.92	0.00	13.18	1164.39
	2348.93	0.00	13.17	1157.41
	2348.94	0.00	13.15	1152.41
	2348.95	0.00	13.15	1146.40
	2348.97	0.00	13.10	1129.42
	2348.98	0.00	13.01	1101.43
	2348.99	0.00	12.94	1090.46
	2349.00	0.00	12.89	1080.47
	2349.01	0.00	12.74	1052.53
	2349.02	0.00	12.72	1057.58
	2349.04	0.00	12.57	1046.73
	2349.05	0.00	12.31	1016.92
	2349.06	0.00	12.23	1006.96
	2349.07	0.00	12.15	1005.05
	2349.08	0.00	12.10	1003.08
	2349.09	0.00	12.09	1006.10
	2349.11	0.00	12.04	1002.13
	2349.12	0.00	12.02	998.13
	2349.13	0.00	11.97	988.13
	2349.14	0.00	11.94	982.13
	2349.15	0.00	11.94	977.13
	2349.16	0.00	11.92	976.14
	2349.18	0.00	11.92	976.15
	2349.19	0.00	11.92	979.15
	2349.20	0.00	11.92	977.15
	2349.21	0.00	11.90	973.15
	2349.22	0.00	11.90	976.15
	2349.24	0.00	11.90	971.14
	2349.25	0.00	11.84	958.13
	2349.26	0.00	11.83	957.14
	2349.27	0.00	11.83	960.15
	2349.28	0.00	11.85	962.13
	2349.29	0.00	11.84	960.13
	2349.30	0.00	11.82	954.13
	2349.32	0.00	11.77	943.13
	2349.33	0.00	11.79	951.15
	2349.34	0.00	11.71	932.12
	2349.35	0.00	11.76	940.12
	2349.36	0.00	11.73	943.17
	2349.37	0.00	11.62	951.38
	2349.39	0.00	11.48	955.57
	2349.40	0.00	11.37	957.71
	2349.41	0.00	11.16	965.90
	2349.42	0.00	11.19	992.96
	2349.43	0.00	11.18	1009.02
	2349.44	0.00	11.14	1041.09
	2349.46	0.00	11.18	1088.11
	2349.47	0.00	11.18	1114.14
	2349.48	0.00	11.13	1132.18
	2349.49	0.00	11.11	1163.21
	2349.50	0.00	11.06	1187.25
	2349.51	0.00	11.09	1227.24
	2349.53	0.00	11.04	1254.31
	2349.54	0.00	11.05	1274.33
	2349.55	0.00	11.06	1290.36
	2349.56	0.00	11.07	1306.38
	2349.57	0.00	11.06	1314.39
	2349.59	0.00	11.08	1318.34
	2349.60	0.00	11.09	1324.34
	2349.61	0.00	11.11	1328.34
	2349.62	0.00	11.15	1334.32
	2349.63	0.00	11.12	1324.32
	2349.64	0.00	11.15	1328.31
	2349.66	0.00	11.14	1319.30
	2349.67	0.00	11.15	1318.31
	2349.68	0.00	11.15	1316.31
	2349.69	0.00	11.13	1310.30
	2349.70	0.00	11.14	1310.31
	2349.71	0.00	11.14	1307.32
	2349.73	0.00	11.13	1304.31
	2349.74	0.00	11.13	1307.32
	2349.75	0.00	11.13	1306.32
	2349.76	0.00	11.11	1308.35
	2349.77	0.00	11.09	1301.33
	2349.79	0.00	11.11	1314.36
	2349.80	0.00	11.11	1316.39
	2349.81	0.00	11.09	1314.41
	2349.82	0.00	11.11	1318.41
	2349.83	0.00	11.13	1323.41
	2349.84	0.00	11.14	1325.42
	2349.86	0.00	11.18	1323.35
	2349.87	0.00	11.17	1326.39
	2349.88	0.00	11.17	1321.39
	2349.89	0.00	11.18	1324.39
	2349.90	0.00	11.17	1322.41
	2349.91	0.00	11.17	1319.40
	2349.93	0.00	11.17	1315.40
	2349.94	0.00	11.24	1314.26
	2349.95	0.00	11.26	1312.24
	2349.96	0.00	11.27	1312.25
	2349.97	0.00	11.28	1305.24
	2349.98	0.00	11.30	1297.23
	2350.00	0.00	11.33	1290.22
	2350.01	0.00	11.23	1271.36
	2350.02	0.00	11.25	1266.38
	2350.03	0.00	11.27	1252.40
	2350.04	0.00	11.32	1240.40
	2350.05	0.00	11.36	1225.38
	2350.07	0.00	11.40	1213.36
	2350.08	0.00	11.45	1204.32
	2350.09	0.00	11.48	1189.30
	2350.10	0.00	11.51	1163.18
	2350.11	0.00	11.51	1147.20
	2350.13	0.00	11.58	1143.18
	2350.14	0.00	11.64	1135.15
	2350.15	0.00	11.66	1132.12
	2350.16	0.00	11.70	1119.07
	2350.17	0.00	11.64	1082.01
	2350.18	0.00	11.72	1078.89
	2350.19	0.00	11.77	1064.78
	2350.21	0.00	11.87	1065.67
	2350.22	0.00	11.98	1062.50
	2350.23	0.00	12.04	1060.43
	2350.24	0.00	12.05	1058.41
	2350.25	0.00	12.20	1052.18
	2350.27	0.00	12.30	1046.03
	2350.28	0.00	12.52	1042.66
	2350.29	0.00	12.59	1030.49
	2350.30	0.00	12.54	1025.53
	2350.31	0.00	12.52	1025.55
	2350.32	0.00	12.43	1016.62
	2350.34	0.00	12.33	1019.77
	2350.35	0.00	12.10	1012.06
	2350.36	0.00	11.95	1010.26
	2350.37	0.00	11.77	1006.46
	2350.38	0.00	11.65	1018.70
	2350.39	0.00	11.56	1020.85
	2350.41	0.00	11.47	1027.97
	2350.42	0.00	11.43	1033.02
	2350.43	0.00	11.39	1034.05
	2350.44	0.00	11.36	1039.08
	2350.45	0.00	11.35	1041.10
	2350.46	0.00	11.35	1043.11
	2350.48	0.00	11.33	1043.14
	2350.49	0.00	11.36	1046.12
	2350.50	0.00	11.44	1069.11
	2350.51	0.00	11.46	1074.10
	2350.52	0.00	11.46	1078.12
	2350.53	0.00	11.48	1084.11
	2350.55	0.00	11.50	1091.11
	2350.56	0.00	11.51	1090.07
	2350.57	0.00	11.52	1096.08
	2350.58	0.00	11.53	1100.07
	2350.59	0.00	11.54	1101.08
	2350.60	0.00	11.53	1104.09
	2350.62	0.00	11.54	1102.08
	2350.63	0.00	11.55	1106.08
	2350.64	0.00	11.55	1107.08
	2350.65	0.00	11.55	1107.08
	2350.66	0.00	11.56	1109.08
	2350.67	0.00	11.55	1112.10
	2350.69	0.00	11.58	1116.07
	2350.70	0.00	11.56	1111.08
	2350.71	0.00	11.56	1112.07
	2350.72	0.00	11.54	1112.09
	2350.73	0.00	11.53	1109.07
	2350.75	0.00	11.54	1113.07
	2350.76	0.00	11.53	1115.08
	2350.77	0.00	11.53	1111.06
	2350.78	0.00	11.53	1116.08
	2350.79	0.00	11.53	1117.08
	2350.80	0.00	11.52	1119.09
	2350.82	0.00	11.52	1119.11
	2350.83	0.00	11.47	1107.09
	2350.84	0.00	11.53	1118.09
	2350.85	0.00	11.53	1120.10
	2350.86	0.00	11.51	1120.12
	2350.87	0.00	11.50	1115.10
	2350.89	0.00	11.50	1120.11
	2350.90	0.00	11.51	1121.11
	2350.91	0.00	11.51	1123.11
	2350.92	0.00	11.50	1124.12
	2350.93	0.00	11.50	1124.12
	2350.94	0.00	11.49	1123.12
	2350.96	0.00	11.50	1126.12
	2350.97	0.00	11.51	1128.11
	2350.98	0.00	11.49	1127.13
	2350.99	0.00	11.47	1129.16
	2351.00	0.00	11.46	1128.18
	2351.01	0.00	11.46	1130.19
	2351.03	0.00	11.44	1129.21
	2351.04	0.00	11.43	1129.22
	2351.05	0.00	11.42	1132.25
	2351.06	0.00	11.45	1134.19
	2351.07	0.00	11.44	1133.19
	2351.08	0.00	11.44	1136.20
	2351.10	0.00	11.42	1137.22
	2351.11	0.00	11.46	1140.18
	2351.12	0.00	11.41	1147.26
	2351.13	0.00	11.38	1147.27
	2351.14	0.00	11.36	1155.29
	2351.16	0.00	11.49	1163.05
	2351.17	0.00	11.52	1171.02
	2351.18	0.00	11.48	1173.04
	2351.19	0.00	11.46	1170.05
	2351.20	0.00	11.45	1178.06
	2351.21	0.00	11.44	1180.06
	2351.22	0.00	11.38	1173.08
	2351.24	0.00	11.44	1177.94
	2351.25	0.00	11.33	1181.14
	2351.26	0.00	11.28	1187.22
	2351.27	0.00	11.27	1189.26
	2351.28	0.00	11.27	1189.28
	2351.30	0.00	11.28	1195.29
	2351.31	0.00	11.29	1198.25
	2351.32	0.00	11.19	1181.31
	2351.33	0.00	11.23	1190.32
	2351.34	0.00	11.25	1194.33
	2351.35	0.00	11.24	1198.33
	2351.37	0.00	11.25	1203.33
	2351.38	0.00	11.26	1202.29
	2351.39	0.00	11.30	1212.31
	2351.40	0.00	11.30	1213.31
	2351.41	0.00	11.31	1211.31
	2351.42	0.00	11.30	1212.32
	2351.44	0.00	11.31	1214.32
	2351.45	0.00	11.30	1209.28
	2351.46	0.00	11.30	1213.34
	2351.47	0.00	11.30	1215.35
	2351.48	0.00	11.31	1214.34
	2351.50	0.00	11.31	1213.34
	2351.51	0.00	11.31	1215.35
	2351.52	0.00	11.32	1212.33
	2351.53	0.00	11.33	1213.30
	2351.54	0.00	11.35	1214.29
	2351.55	0.00	11.35	1212.29
	2351.56	0.00	11.36	1213.28
	2351.58	0.00	11.36	1212.25
	2351.59	0.00	11.34	1208.28
	2351.60	0.00	11.33	1210.28
	2351.61	0.00	11.34	1209.28
	2351.62	0.00	11.34	1210.26
	2351.64	0.00	11.33	1208.28
	2351.65	0.00	11.34	1210.28
	2351.66	0.00	11.33	1206.28
	2351.67	0.00	11.34	1209.27
	2351.68	0.00	11.33	1204.27
	2351.69	0.00	11.35	1204.27
	2351.71	0.00	11.36	1203.27
	2351.72	0.00	11.37	1200.24
	2351.73	0.00	11.39	1202.26
	2351.74	0.00	11.37	1198.26
	2351.75	0.00	11.35	1194.27
	2351.76	0.00	11.39	1197.25
	2351.78	0.00	11.36	1196.30
	2351.79	0.00	11.36	1194.31
	2351.80	0.00	11.34	1195.32
	2351.81	0.00	11.35	1198.33
	2351.82	0.00	11.38	1195.27
	2351.84	0.00	11.37	1197.28
	2351.85	0.00	11.38	1197.28
	2351.86	0.00	11.39	1197.30
	2351.87	0.00	11.38	1194.30
	2351.88	0.00	11.37	1192.30
	2351.89	0.00	11.38	1193.32
	2351.90	0.00	11.54	1192.03
	2351.92	0.00	11.54	1190.02
	2351.93	0.00	11.54	1189.03
	2351.94	0.00	11.55	1183.02
	2351.95	0.00	11.54	1185.04
	2351.96	0.00	11.58	1174.91
	2351.98	0.00	11.54	1167.94
	2351.99	0.00	11.53	1168.00
	2352.00	0.00	11.45	1166.12
	2352.01	0.00	11.44	1166.17
	2352.02	0.00	11.45	1163.20
	2352.03	0.00	11.43	1161.22
	2352.05	0.00	11.41	1146.17
	2352.06	0.00	11.36	1139.21
	2352.07	0.00	11.38	1145.21
	2352.08	0.00	11.40	1147.23
	2352.09	0.00	11.41	1149.23
	2352.10	0.00	11.43	1150.23
	2352.12	0.00	11.45	1154.21
	2352.13	0.00	11.42	1145.18
	2352.14	0.00	11.47	1157.20
	2352.15	0.00	11.49	1161.20
	2352.16	0.00	11.54	1161.11
	2352.17	0.00	11.50	1159.20
	2352.19	0.00	11.50	1161.21
	2352.20	0.00	11.50	1160.21
	2352.21	0.00	11.48	1154.20
	2352.22	0.00	11.50	1157.22
	2352.23	0.00	11.50	1155.23
	2352.25	0.00	11.51	1157.23
	2352.26	0.00	11.50	1156.24
	2352.27	0.00	11.52	1156.22
	2352.28	0.00	11.53	1148.17
	2352.29	0.00	11.55	1150.16
	2352.30	0.00	11.59	1152.09
	2352.32	0.00	11.58	1152.12
	2352.33	0.00	11.58	1150.12
	2352.34	0.00	11.58	1151.12
	2352.35	0.00	11.59	1152.12
	2352.36	0.00	11.55	1141.11
	2352.37	0.00	11.57	1145.11
	2352.39	0.00	11.58	1144.12
	2352.40	0.00	11.59	1144.10
	2352.41	0.00	11.60	1143.09
	2352.42	0.00	11.61	1141.08
	2352.43	0.00	11.58	1133.08
	2352.44	0.00	11.60	1136.07
	2352.46	0.00	11.62	1134.06
	2352.47	0.00	11.62	1133.05
	2352.48	0.00	11.62	1131.06
	2352.49	0.00	11.65	1131.03
	2352.50	0.00	11.65	1126.01
	2352.51	0.00	11.69	1127.96
	2352.53	0.00	11.65	1123.01
	2352.54	0.00	11.66	1125.04
	2352.55	0.00	11.65	1123.04
	2352.56	0.00	11.65	1120.03
	2352.57	0.00	11.66	1122.04
	2352.58	0.00	11.65	1120.03
	2352.60	0.00	11.67	1121.03
	2352.61	0.00	11.69	1118.98
	2352.62	0.00	11.68	1118.00
	2352.63	0.00	11.70	1121.00
	2352.64	0.00	11.69	1119.00
	2352.66	0.00	11.70	1121.00
	2352.67	0.00	11.68	1117.01
	2352.68	0.00	11.68	1118.00
	2352.69	0.00	11.83	1116.74
	2352.70	0.00	11.85	1116.71
	2352.71	0.00	11.85	1121.74
	2352.73	0.00	11.86	1121.73
	2352.74	0.00	11.86	1117.73
	2352.75	0.00	11.86	1117.73
	2352.76	0.00	11.86	1116.74
	2352.77	0.00	11.86	1103.64
	2352.78	0.00	11.77	1102.79
	2352.80	0.00	11.74	1102.85
	2352.81	0.00	11.74	1097.88
	2352.82	0.00	11.74	1099.89
	2352.83	0.00	11.76	1099.87
	2352.84	0.00	11.65	1076.89
	2352.85	0.00	11.66	1081.90
	2352.87	0.00	11.67	1082.90
	2352.88	0.00	11.70	1089.91
	2352.89	0.00	11.73	1090.91
	2352.90	0.00	11.72	1096.92
	2352.91	0.00	11.71	1096.92
	2352.92	0.00	11.66	1085.91
	2352.94	0.00	11.66	1082.89
	2352.95	0.00	11.73	1101.89
	2352.96	0.00	11.76	1109.90
	2352.97	0.00	11.75	1109.91
	2352.98	0.00	11.74	1110.94
	2353.00	0.00	11.76	1111.92
	2353.01	0.00	11.73	1109.91
	2353.02	0.00	11.73	1113.94
	2353.03	0.00	11.72	1112.96
	2353.04	0.00	11.74	1116.95
	2353.05	0.00	11.74	1115.95
	2353.06	0.00	11.74	1116.96
	2353.08	0.00	11.75	1116.94
	2353.09	0.00	11.74	1118.96
	2353.10	0.00	11.74	1114.93
	2353.11	0.00	11.75	1117.92
	2353.12	0.00	11.75	1121.92
	2353.14	0.00	11.75	1123.92
	2353.15	0.00	11.77	1124.91
	2353.16	0.00	11.76	1124.91
	2353.17	0.00	11.76	1123.91
	2353.18	0.00	11.71	1117.92
	2353.19	0.00	11.73	1120.92
	2353.21	0.00	11.73	1123.92
	2353.22	0.00	11.73	1125.92
	2353.23	0.00	11.73	1124.93
	2353.24	0.00	11.73	1121.93
	2353.25	0.00	11.70	1118.93
	2353.26	0.00	11.72	1122.92
	2353.28	0.00	11.69	1117.94
	2353.29	0.00	11.70	1120.94
	2353.30	0.00	11.71	1120.94
	2353.31	0.00	11.70	1121.95
	2353.32	0.00	11.72	1121.94
	2353.33	0.00	11.73	1121.92
	2353.35	0.00	11.70	1120.97
	2353.36	0.00	11.68	1121.99
	2353.37	0.00	11.67	1121.00
	2353.38	0.00	11.66	1121.01
	2353.39	0.00	11.67	1123.01
	2353.40	0.00	11.70	1123.97
	2353.42	0.00	11.68	1123.99
	2353.43	0.00	11.67	1127.01
	2353.44	0.00	11.68	1124.01
	2353.45	0.00	11.69	1128.01
	2353.46	0.00	11.66	1126.02
	2353.47	0.00	11.66	1129.03
	2353.49	0.00	11.76	1125.84
	2353.50	0.00	11.81	1126.75
	2353.51	0.00	11.82	1129.76
	2353.52	0.00	11.80	1126.77
	2353.53	0.00	11.81	1126.76
	2353.55	0.00	11.82	1127.77
	2353.56	0.00	11.81	1126.78
	2353.57	0.00	11.83	1116.64
	2353.58	0.00	11.73	1113.81
	2353.59	0.00	11.68	1113.90
	2353.60	0.00	11.68	1108.93
	2353.62	0.00	11.68	1111.95
	2353.63	0.00	11.68	1110.97
	2353.64	0.00	11.65	1098.91
	2353.65	0.00	11.59	1086.95
	2353.66	0.00	11.62	1097.97
	2353.67	0.00	11.63	1100.00
	2353.69	0.00	11.66	1103.98
	2353.70	0.00	11.65	1105.98
	2353.71	0.00	11.60	1090.95
	2353.72	0.00	11.66	1108.97
	2353.73	0.00	11.69	1115.96
	2353.75	0.00	11.69	1118.97
	2353.76	0.00	11.69	1116.97
	2353.77	0.00	11.69	1118.98
	2353.78	0.00	11.69	1120.98
	2353.79	0.00	11.68	1114.96
	2353.80	0.00	11.68	1121.00
	2353.81	0.00	11.68	1122.01
	2353.83	0.00	11.69	1124.00
	2353.84	0.00	11.68	1122.01
	2353.85	0.00	11.68	1122.01
	2353.86	0.00	11.69	1123.00
	2353.87	0.00	11.66	1122.02
	2353.89	0.00	11.68	1119.98
	2353.90	0.00	11.69	1121.97
	2353.91	0.00	11.68	1121.98
	2353.92	0.00	11.70	1124.96
	2353.93	0.00	11.69	1124.97
	2353.94	0.00	11.70	1125.96
	2353.95	0.00	11.68	1125.98
	2353.97	0.00	11.68	1125.96
	2353.98	0.00	11.68	1127.96
	2353.99	0.00	11.68	1127.96
	2354.00	0.00	11.69	1128.95
	2354.01	0.00	11.67	1126.97
	2354.03	0.00	11.68	1126.97
	2354.04	0.00	11.67	1122.97
	2354.05	0.00	11.66	1118.96
	2354.06	0.00	11.68	1122.96
	2354.07	0.00	11.69	1120.95
	2354.08	0.00	11.69	1116.94
	2354.10	0.00	11.69	1119.95
	2354.11	0.00	11.75	1122.88
	2354.12	0.00	11.72	1116.92
	2354.13	0.00	11.71	1116.94
	2354.14	0.00	11.71	1114.94
	2354.15	0.00	11.70	1113.95
	2354.17	0.00	11.73	1113.92
	2354.18	0.00	11.75	1114.89
	2354.19	0.00	11.78	1115.83
	2354.20	0.00	11.79	1114.82
	2354.21	0.00	11.80	1117.82
	2354.23	0.00	11.82	1118.79
	2354.24	0.00	11.83	1115.78
	2354.25	0.00	11.85	1113.75
	2354.26	0.00	11.83	1111.76
	2354.27	0.00	11.97	1113.53
	2354.28	0.00	12.01	1115.49
	2354.29	0.00	12.00	1117.50
	2354.31	0.00	12.00	1115.50
	2354.32	0.00	12.02	1113.48
	2354.33	0.00	12.03	1112.46
	2354.34	0.00	12.04	1112.44
	2354.35	0.00	12.02	1113.45
	2354.37	0.00	11.99	1100.41
	2354.38	0.00	11.91	1097.53
	2354.39	0.00	11.89	1093.58
	2354.40	0.00	11.87	1094.63
	2354.41	0.00	11.87	1095.65
	2354.42	0.00	11.76	1070.65
	2354.44	0.00	11.77	1078.69
	2354.45	0.00	11.79	1083.69
	2354.46	0.00	11.78	1084.71
	2354.47	0.00	11.78	1084.70
	2354.48	0.00	11.81	1087.70
	2354.50	0.00	11.81	1090.69
	2354.51	0.00	11.81	1092.69
	2354.52	0.00	11.84	1095.65
	2354.53	0.00	11.83	10