39.53
	1432.82	0.00	9.27	841.53
	1432.83	0.00	9.26	838.53
	1432.84	0.00	9.27	840.53
	1432.85	0.00	9.25	839.55
	1432.87	0.00	9.28	843.53
	1432.88	0.00	9.28	841.53
	1432.89	0.00	9.27	840.53
	1432.90	0.00	9.26	841.56
	1432.91	0.00	9.28	839.52
	1432.93	0.00	9.27	840.52
	1432.94	0.00	9.29	840.52
	1432.95	0.00	9.29	840.52
	1432.96	0.00	9.28	837.51
	1432.97	0.00	9.30	840.52
	1432.98	0.00	9.29	837.52
	1432.99	0.00	9.30	839.51
	1433.01	0.00	9.29	836.50
	1433.02	0.00	9.34	832.36
	1433.03	0.00	9.30	834.50
	1433.04	0.00	9.28	833.52
	1433.05	0.00	9.30	838.53
	1433.06	0.00	9.27	836.58
	1433.07	0.00	9.30	837.56
	1433.09	0.00	9.29	837.56
	1433.10	0.00	9.29	837.56
	1433.11	0.00	9.32	833.47
	1433.12	0.00	9.28	835.56
	1433.13	0.00	9.28	834.56
	1433.14	0.00	9.30	838.56
	1433.16	0.00	9.30	837.56
	1433.17	0.00	9.28	836.59
	1433.18	0.00	9.31	839.57
	1433.19	0.00	9.28	837.57
	1433.20	0.00	9.30	838.57
	1433.21	0.00	9.30	836.55
	1433.23	0.00	9.31	838.57
	1433.24	0.00	9.31	839.57
	1433.25	0.00	9.31	839.57
	1433.26	0.00	9.31	840.57
	1433.27	0.00	9.28	838.60
	1433.28	0.00	9.31	838.57
	1433.29	0.00	9.32	837.51
	1433.31	
	1434.00	0.00	9.44	840.27
	1434.01	0.00	9.54	833.00
	1434.02	0.00	9.46	830.11
	1434.04	0.00	9.38	828.20
	1434.05	0.00	9.36	830.28
	1434.06	0.00	9.30	823.29
	1434.07	0.00	9.33	831.35
	1434.08	0.00	9.31	831.36
	1434.09	0.00	9.30	824.37
	1434.10	0.00	9.30	830.36
	1434.12	0.00	9.31	830.37
	1434.13	0.00	9.29	824.38
	1434.14	0.00	9.28	824.39
	1434.15	0.00	9.29	825.40
	1434.16	0.00	9.26	825.43
	1434.17	0.00	9.31	830.41
	1434.18	0.00	9.30	829.41
	1434.20	0.00	9.30	829.41
	1434.21	0.00	9.30	829.39
	1434.22	0.00	9.32	833.41
	1434.23	0.00	9.32	829.38
	1434.24	0.00	9.18	818.46
	1434.25	0.00	9.20	822.48
	1434.27	0.00	9.19	823.52
	1434.28	0.00	9.21	827.51
	1434.29	0.00	9.22	827.49
	1434.30	0.00	9.19	823.48
	1434.31	0.00	9.19	821.45
	1434.32	0.00	9.19	825.49
	1434.33	0.00	9.21	829.51
	1434.35	0.00	9.22	831.52
	1434.36	0.00	9.22	832.53
	1434.37	0.00	9.27	836.48
	1434.38	0.00	9.25	838.55
	1434.39	0.00	9.24	837.54
	1434.40	0.00	9.24	836.55
	1434.42	0.00	9.22	833.54
	1434.43	0.00	9.23	835.56
	1434.44	0.00	9.25	835.55
	1434.45	0.00	9.26	834.55
	1434.46	0.00	9.25	833.56
	1434.47	0.00	9.27	836.56
	1434.48	0.00	9.33	837.49
	1434.50	0.00	9.29	836.55
	1434.51	0.00	9.27	835.55
	1434.52	0.00	9.28	837.56
	1434.53	0.00	9.28	840.57
	1434.54	0.00	9.28	840.56
	1434.56	0.00	9.29	842.56
	1434.57	0.00	9.29	842.56
	1434.58	0.00	9.26	839.56
	1434.59	0.00	9.25	836.54
	1434.60	0.00	9.25	837.56
	1434.61	0.00	9.28	840.56
	1434.62	0.00	9.28	840.56
	1434.64	0.00	9.28	841.56
	1434.65	0.00	9.34	843.47
	1434.66	0.00	9.25	836.56
	1434.67	0.00	9.26	837.56
	1434.68	0.00	9.29	841.56
	1434.69	0.00	9.23	834.56
	1434.70	0.00	9.28	839.53
	1434.72	0.00	9.31	841.51
	1434.73	0.00	9.33	845.51
	1434.74	0.00	9.34	846.52
	1434.75	0.00	9.33	846.53
	1434.76	0.00	9.32	845.54
	1434.77	0.00	9.34	845.53
	1434.79	0.00	9.34	843.53
	1434.80	0.00	9.35	846.53
	1434.81	0.00	9.32	845.57
	1434.82	0.00	9.34	847.53
	1434.83	0.00	9.33	845.53
	1434.84	0.00	9.33	846.54
	1434.85	0.00	9.34	846.53
	1434.87	0.00	9.36	848.51
	1434.88	0.00	9.35	846.53
	1434.89	0.00	9.35	846.53
	1434.90	0.00	9.33	844.53
	1434.91	0.00	9.34	845.53
	1434.93	0.00	9.33	844.56
	1434.94	0.00	9.35	845.53
	1434.95	0.00	9.34	843.53
	1434.96	0.00	9.35	840.48
	1434.97	0.00	9.37	839.45
	1434.98	0.00	9.33	840.54
	1434.99	0.00	9.36	842.52
	1435.01	0.00	9.36	841.52
	1435.02	0.00	9.36	837.46
	1435.03	0.00	9.36	837.49
	1435.04	0.00	9.37	840.51
	1435.05	0.00	9.35	839.53
	1435.06	0.00	9.35	838.52
	1435.07	0.00	9.36	836.51
	1435.09	0.00	9.36	840.54
	1435.10	0.00	9.37	840.54
	1435.11	0.00	9.39	840.54
	1435.12	0.00	9.40	842.54
	1435.13	0.00	9.38	839.54
	1435.14	0.00	9.37	841.59
	1435.16	0.00	9.39	842.55
	1435.17	0.00	9.40	841.54
	1435.18	0.00	9.40	840.54
	1435.19	0.00	9.45	838.43
	1435.20	0.00	9.43	843.52
	1435.21	0.00	9.42	838.50
	1435.22	0.00	9.43	840.50
	1435.24	0.00	9.44	840.49
	1435.25	0.00	9.39	836.53
	1435.26	0.00	9.42	836.49
	1435.27	0.00	9.43	838.50
	1435.28	0.00	9.44	839.50
	1435.29	0.00	9.44	838.49
	1435.31	0.00	9.44	839.50
	1435.32	0.00	9.45	840.48
	1435.33	0.00	9.46	839.48
	1435.34	0.00	9.45	837.48
	1435.35	0.00	9.45	836.48
	1435.36	0.00	9.43	836.51
	1435.7	0.00	9.44	832.46
	1435.58	0.00	9.43	832.48
	1435.59	0.00	9.39	828.46
	1435.61	0.00	9.39	828.46
	1435.62	0.00	9.39	827.46
	1435.63	0.00	9.40	829.46
	1435.64	0.00	9.40	829.47
	1435.65	0.00	9.41	830.46
	1435.66	0.00	9.40	829.46
	1435.68	0.00	9.41	830.46
	1435.69	0.00	9.41	831.47
	1435.70	0.00	9.42	831.46
	1435.71	0.00	9.43	831.46
	1435.72	0.00	9.42	831.46
	1435.73	0.00	9.43	833.46
	1435.75	0.00	9.41	831.47
	1435.76	0.00	9.48	834.39
	1435.77	0.00	9.40	831.47
	1435.78	0.00	9.42	833.46
	1435.79	0.00	9.42	833.47
	1435.80	0.00	9.39	830.48
	1435.81	0.00	9.39	831.49
	1435.83	0.00	9.41	832.49
	1435.84	0.00	9.41	834.50
	1435.85	0.00	9.40	832.51
	1435.86	0.00	9.39	834.54
	1435.87	0.00	9.42	834.51
	1435.88	0.00	9.39	833.52
	1435.90	0.00	9.39	830.52
	1435.91	0.00	9.42	836.50
	1435.92	0.00	9.36	829.53
	1435.93	0.00	9.40	833.52
	1435.94	0.00	9.42	835.52
	1435.95	0.00	9.40	834.52
	1435.96	0.00	9.38	832.55
	1435.98	0.00	9.38	832.53
	1435.99	0.00	9.40	837.53
	1436.00	0.00	9.40	837.53
	1436.01	0.00	9.40	838.52
	1436.02	0.00	9.44	834.42
	1436.04	0.00	9.43	838.47
	1436.05	0.00	9.42	838.49
	1436.06	0.00	9.43	838.49
	1436.07	0.00	9.42	840.50
	1436.08	0.00	9.41	840.52
	1436.09	0.00	9.42	839.51
	1436.10	0.00	9.41	839.51
	1436.11	0.00	9.41	839.51
	1436.13	0.00	9.41	840.52
	1436.14	0.00	9.42	836.45
	1436.15	0.00	9.41	840.52
	1436.16	0.00	9.40	838.52
	1436.17	0.00	9.39	837.52
	1436.18	0.00	9.44	843.54
	1436.20	0.00	9.43	843.52
	1436.21	0.00	9.42	841.52
	1436.22	0.00	9.57	838.22
	1436.23	0.00	9.57	837.18
	1436.24	0.00	9.59	840.19
	1436.25	0.00	9.59	840.1	9.48	825.48
	1436.76	0.00	9.48	823.45
	1436.77	0.00	9.50	824.43
	1436.79	0.00	9.51	827.44
	1436.80	0.00	9.55	829.40
	1436.81	0.00	9.53	831.46
	1436.82	0.00	9.53	830.45
	1436.83	0.00	9.52	829.46
	1436.84	0.00	9.51	830.49
	1436.85	0.00	9.54	830.46
	1436.87	0.00	9.53	831.46
	1436.88	0.00	9.55	828.46
	1436.89	0.00	9.53	828.46
	1436.90	0.00	9.52	831.47
	1436.91	0.00	9.53	833.47
	1436.92	0.00	9.53	833.47
	1436.94	0.00	9.53	836.47
	1436.95	0.00	9.54	831.43
	1436.96	0.00	9.52	835.47
	1436.97	0.00	9.51	831.43
	1436.98	0.00	9.50	831.45
	1436.99	0.00	9.52	832.44
	1437.01	0.00	9.50	833.49
	1437.02	0.00	9.50	834.50
	1437.03	0.00	9.49	833.50
	1437.04	0.00	9.48	833.52
	1437.05	0.00	9.50	834.50
	1437.06	0.00	9.50	834.49
	1437.07	0.00	9.51	835.50
	1437.09	0.00	9.48	838.57
	1437.10	0.00	9.50	833.50
	1437.11	0.00	9.50	835.50
	1437.12	0.00	9.50	837.51
	1437.13	0.00	9.44	831.53
	1437.15	0.00	9.49	837.51
	1437.16	0.00	9.48	836.51
	1437.17	0.00	9.48	835.51
	1437.18	0.00	9.51	836.48
	1437.19	0.00	9.49	838.50
	1437.20	0.00	9.49	835.47
	1437.21	0.00	9.50	835.46
	1437.22	0.00	9.50	833.41
	1437.24	0.00	9.46	835.47
	1437.25	0.00	9.49	837.48
	1437.26	0.00	9.46	836.51
	1437.27	0.00	9.46	836.49
	1437.28	0.00	9.49	838.47
	1437.29	0.00	9.50	839.47
	1437.31	0.00	9.50	839.46
	1437.32	0.00	9.49	840.50
	1437.33	0.00	9.51	842.46
	1437.34	0.00	9.49	838.46
	1437.35	0.00	9.49	837.46
	1437.36	0.00	9.49	837.46
	1437.38	0.00	9.50	838.45
	1437.39	0.00	9.47	834.46
	1437.40	0.00	9.49	837.46
	1437.41	0.00	9.46	835.49
	1437.42	0.00	9.51	837.45
	1437.43	0.00	9.44	830.45
	1403	0.00	9.49	821.41
	1438.05	0.00	9.47	821.44
	1438.06	0.00	9.48	823.44
	1438.07	0.00	9.47	820.44
	1438.08	0.00	9.51	823.40
	1438.09	0.00	9.50	822.40
	1438.10	0.00	9.54	820.34
	1438.11	0.00	9.51	819.38
	1438.13	0.00	9.49	821.44
	1438.14	0.00	9.48	821.46
	1438.15	0.00	9.47	821.47
	1438.16	0.00	9.48	821.47
	1438.17	0.00	9.46	820.48
	1438.18	0.00	9.49	822.45
	1438.19	0.00	9.47	821.48
	1438.21	0.00	9.48	822.47
	1438.22	0.00	9.48	821.48
	1438.23	0.00	9.47	820.48
	1438.24	0.00	9.46	821.51
	1438.25	0.00	9.46	819.48
	1438.27	0.00	9.47	821.49
	1438.28	0.00	9.48	822.49
	1438.29	0.00	9.49	821.47
	1438.30	0.00	9.46	820.49
	1438.31	0.00	9.46	821.49
	1438.32	0.00	9.47	822.49
	1438.33	0.00	9.48	824.49
	1438.35	0.00	9.47	820.47
	1438.36	0.00	9.52	824.43
	1438.37	0.00	9.50	822.43
	1438.38	0.00	9.51	825.44
	1438.39	0.00	9.52	826.45
	1438.40	0.00	9.49	824.46
	1438.42	0.00	9.51	823.46
	1438.43	0.00	9.51	826.47
	1438.44	0.00	9.49	824.51
	1438.45	0.00	9.51	827.48
	1438.46	0.00	9.52	828.47
	1438.47	0.00	9.51	823.47
	1438.48	0.00	9.52	824.47
	1438.50	0.00	9.56	823.43
	1438.51	0.00	9.52	823.47
	1438.52	0.00	9.52	823.47
	1438.53	0.00	9.54	828.47
	1438.54	0.00	9.53	824.47
	1438.55	0.00	9.66	821.19
	1438.57	0.00	9.69	821.13
	1438.58	0.00	9.71	823.13
	1438.59	0.00	9.69	823.16
	1438.60	0.00	9.70	822.13
	1438.61	0.00	9.70	822.13
	1438.62	0.00	9.71	823.13
	1438.64	0.00	9.71	826.14
	1438.65	0.00	9.69	820.15
	1438.66	0.00	9.67	820.16
	1438.67	0.00	9.68	822.17
	1438.68	0.00	9.65	818.17
	1438.69	0.00	9.66	819.17
	1438.70	0.00	9.68	822.17
	1438.71	0.00	9.79	813.90
	1438.73	0.00	9.69	810.01
	1438.74	0.00	9.64	807.08
	1438.75	0.00	9.58	806.17
	1438.76	0.00	9.56	806.22
	1438.77	0.00	9.56	807.24
	1438.79	0.00	9.52	797.28
	1438.80	0.00	9.57	807.24
	1438.81	0.00	9.56	807.23
	1438.82	0.00	9.55	801.25
	1438.83	0.00	9.54	798.27
	1438.84	0.00	9.56	801.28
	1438.85	0.00	9.55	800.29
	1438.87	0.00	9.56	802.29
	1438.88	0.00	9.58	803.27
	1438.89	0.00	9.43	791.37
	1438.90	0.00	9.44	793.38
	1438.91	0.00	9.45	796.40
	1438.92	0.00	9.46	799.41
	1438.94	0.00	9.47	801.41
	1438.95	0.00	9.47	801.41
	1438.96	0.00	9.47	802.42
	1438.97	0.00	9.47	802.42
	1438.98	0.00	9.46	803.45
	1438.99	0.00	9.46	801.42
	1439.00	0.00	9.45	803.43
	1439.02	0.00	9.47	804.43
	1439.03	0.00	9.50	801.43
	1439.04	0.00	9.53	801.41
	1439.05	0.00	9.51	803.44
	1439.06	0.00	9.52	805.44
	1439.07	0.00	9.52	807.44
	1439.08	0.00	9.48	803.48
	1439.10	0.00	9.51	806.45
	1439.11	0.00	9.51	807.45
	1439.12	0.00	9.51	809.45
	1439.13	0.00	9.50	805.41
	1439.14	0.00	9.51	809.42
	1439.16	0.00	9.55	813.41
	1439.17	0.00	9.56	815.41
	1439.18	0.00	9.57	817.42
	1439.19	0.00	9.55	812.45
	1439.20	0.00	9.58	815.42
	1439.21	0.00	9.55	813.43
	1439.22	0.00	9.58	816.42
	1439.24	0.00	9.55	818.45
	1439.25	0.00	9.58	819.43
	1439.26	0.00	9.56	819.43
	1439.27	0.00	9.57	821.43
	1439.28	0.00	9.55	814.37
	1439.29	0.00	9.57	818.39
	1439.31	0.00	9.52	814.43
	1439.32	0.00	9.57	819.43
	1439.33	0.00	9.56	815.40
	1439.34	0.00	9.56	817.43
	1439.35	0.00	9.59	819.44
	1439.36	0.00	9.58	818.45
	1439.38	0.00	9.60	818.44
	1439.39	0.00	9.57	815.47
	1439.40	0.00	9.60	817.44
	1439.41	0.00.00	9.46	828.51
	1441.49	0.00	9.50	831.48
	1441.50	0.00	9.48	829.48
	1441.51	0.00	9.48	829.48
	1441.53	0.00	9.47	829.48
	1441.54	0.00	9.48	832.48
	1441.55	0.00	9.49	830.48
	1441.56	0.00	9.49	830.48
	1441.57	0.00	9.48	830.49
	1441.58	0.00	9.50	829.43
	1441.59	0.00	9.49	829.44
	1441.61	0.00	9.50	830.43
	1441.62	0.00	9.52	830.43
	1441.63	0.00	9.53	831.42
	1441.64	0.00	9.52	832.42
	1441.65	0.00	9.53	831.42
	1441.66	0.00	9.50	829.42
	1441.68	0.00	9.52	831.42
	1441.69	0.00	9.55	831.42
	1441.70	0.00	9.53	831.42
	1441.71	0.00	9.53	830.42
	1441.72	0.00	9.55	831.41
	1441.73	0.00	9.53	830.42
	1441.74	0.00	9.53	831.42
	1441.76	0.00	9.53	829.42
	1441.77	0.00	9.53	829.42
	1441.78	0.00	9.53	832.41
	1441.79	0.00	9.54	830.41
	1441.80	0.00	9.53	830.41
	1441.81	0.00	9.53	832.41
	1441.82	0.00	9.48	826.44
	1441.84	0.00	9.48	825.41
	1441.85	0.00	9.48	825.41
	1441.86	0.00	9.49	827.41
	1441.87	0.00	9.53	826.34
	1441.88	0.00	9.49	826.41
	1441.90	0.00	9.49	826.41
	1441.91	0.00	9.49	825.41
	1441.92	0.00	9.47	825.44
	1441.93	0.00	9.48	825.41
	1441.94	0.00	9.49	825.41
	1441.95	0.00	9.47	822.41
	1441.96	0.00	9.49	825.41
	1441.98	0.00	9.49	824.41
	1441.99	0.00	9.50	825.41
	1442.00	0.00	9.50	825.41
	1442.01	0.00	9.50	825.41
	1442.02	0.00	9.49	824.41
	1442.03	0.00	9.50	824.41
	1442.05	0.00	9.50	825.41
	1442.06	0.00	9.48	822.41
	1442.07	0.00	9.51	822.34
	1442.08	0.00	9.49	824.41
	1442.09	0.00	9.50	825.41
	1442.10	0.00	9.50	825.41
	1442.11	0.00	9.50	825.41
	1442.13	0.00	9.51	826.4	818.36
	1445.32	0.00	9.42
	1445.27	0.00	9.52	820.42
	1445.28	0.00	9.51	820.42
	1445.30	0.00	9.51	822.42
	1445.31	0.00	9.51	818.36
	1445.32	0.00	9.42
	1445.27	0.00	9.52	820.42
	1445.28	0.00	9.51	820.42
	1445.30	0.00	9.51	822.42
	1445.31	0.00	9.51	818.36
	1445.32	0.00	9.52	822.41
	1445.33	0.00	9.53	825.42
	1445.34	0.00	9.53	826.44
	1445.35	0.00	9.51	824.45
	1445.36	0.00	9.49	821.45
	1445.38	0.00	9.51	824.45
	1445.39	0.00	9.51	824.45
	1445.40	0.00	9.51	824.45
	1445.41	0.00	9.50	822.45
	1445.42	0.00	9.49	823.47
	1445.44	0.00	9.50	825.45
	1445.45	0.00	9.51	824.45
	1445.46	0.00	9.50	823.45
	1445.47	0.00	9.48	827.49
	1445.48	0.00	9.51	828.45
	1445.49	0.00	9.51	827.45
	1445.50	0.00	9.51	828.45
	1445.52	0.00	9.5
	1457.74	0.00	9.39	822.46
	1457.75	0.00	9.38	822.48
	1457.77	0.00	9.38	821.47
	1457.78	0.00	9.37	820.47
	1457.79	0.00	9.38	821.48
	1457.80	0.00	9.39	821.47
	1457.81	0.00	9.36	820.51
	1457.82	0.00	9.38	822.48
	1457.83	0.00	9.39	820.48
	1457.85	0.00	9.40	822.48
	1457.86	0.00	9.40	822.48
	1457.87	0.00	9.39	821.49
	1457.88	0.00	9.39	821.48
	1457.89	0.00	9.39	819.48
	1457.90	0.00	9.37	816.47
	1457.92	0.00	9.38	820.52
	1457.93	0.00	9.40	820.48
	1457.94	0.00	9.40	820.48
	1457.95	0.00	9.40	817.43
	1457.96	0.00	9.44	820.41
	1457.97	0.00	9.47	820.35
	1457.98	0.00	9.42	819.43
	1458.00	0.00	9.42	819.44
	1458.01	0.00	9.44	821.44
	1458.02	0.00	9.43	821.45
	1458.03	0.00	9.41	817.48
	1458.04	0.00	9.42	820.46
	1458.06	0.00	9.43	821.46
	1458.07	0.00	9.42	822.46
	1458.08	0.00	9.42	822.47
	1458.09	0.00	9.42	821.46
	1458.10	0.00	9.43	819.46
	1458.11	0.00	9.43	821.46
	1458.12	0.00	9.43	821.46
	1458.14	0.00	9.46	822.40
	1458.15	0.00	9.44	824.46
	1458.16	0.00	9.43	821.46
	1458.17	0.00	9.42	823.47
	1458.18	0.00	9.51	822.27
	1458.19	0.00	9.57	823.19
	1458.20	0.00	9.61	822.12
	1458.22	0.00	9.61	824.12
	1458.23	0.00	9.61	824.12
	1458.24	0.00	9.61	825.13
	1458.25	0.00	9.62	826.13
	1458.26	0.00	9.62	828.13
	1458.28	0.00	9.61	826.14
	1458.29	0.00	9.58	821.14
	1458.30	0.00	9.59	821.13
	1458.31	0.00	9.58	821.15
	1458.32	0.00	9.58	821.16
	1458.33	0.00	9.57	823.16
	1458.34	0.00	9.57	819.15
	1458.36	0.00	9.62	822.10
	1458.37	0.00	9.58	821.16
	1458.38	0.00	9.57	821.17
	1458.39	0.00	9.65	822.01
	1458.40	0.00	9.66	812.91
	1458.41	0.00	9.57	812.04
	1458.42	0.00	9830.47
	1467.20	0.00	9.33	827.47
	1467.21	0.00	9.34	829.47
	1467.22	0.00	9.34	831.45
	1467.23	0.00	9.35	829.46
	1467.25	0.00	9.34	831.46
	1467.26	0.00	9.33	829.46
	1467.27	0.00	9.34	830.46
	1467.28	0.00	9.35	831.46
	1467.29	0.00	9.34	830.46
	1467.30	0.00	9.33	828.46
	1467.32	0.00	9.32	827.46
	1467.33	0.00	9.30	826.47
	1467.34	0.00	9.35	831.46
	1467.35	0.00	9.31	826.46
	1467.36	0.00	9.31	825.45
	1467.37	0.00	9.29	826.49
	1467.39	0.00	9.33	828.45
	1467.40	0.00	9.32	827.45
	1467.41	0.00	9.31	825.45
	1467.42	0.00	9.31	825.45
	1467.43	0.00	9.33	826.44
	1467.44	0.00	9.32	827.45
	1467.45	0.00	9.31	826.45
	1467.47	0.00	9.33	826.45
	1467.48	0.00	9.31	827.47
	1467.49	0.00	9.29	823.45
	1467.50	0.00	9.32	827.45
	1467.51	0.00	9.32	827.45
	1467.53	0.00	9.31	828.49
	1467.54	0.00	9.34	831.45
	1467.55	0.00	9.32	828.46
	1467.56	0.00	9.33	830.45
	1467.57	0.00	9.35	832.45
	1467.58	0.00	9.32	831.49
	1467.59	0.00	9.32	830.46
	1467.61	0.00	9.35	834.46
	1467.62	0.00	9.36	835.46
	1467.63	0.00	9.36	837.46
	1467.64	0.00	9.36	836.45
	1467.65	0.00	9.37	838.46
	1467.66	0.00	9.34	834.45
	1467.68	0.00	9.33	832.45
	1467.69	0.00	9.35	836.46
	1467.70	0.00	9.37	838.46
	1467.71	0.00	9.35	835.46
	1467.72	0.00	9.34	834.46
	1467.73	0.00	9.32	833.48
	1467.74	0.00	9.36	836.46
	1467.76	0.00	9.36	836.45
	1467.77	0.00	9.35	836.46
	1467.78	0.00	9.34	835.48
	1467.79	0.00	9.38	841.46
	1467.80	0.00	9.36	837.46
	1467.81	0.00	9.37	840.46
	1467.83	0.00	9.37	839.46
	1467.84	0.00	9.37	839.46
	1467.85	0.00	9.37	839.46
	1467.86	0.00	9.37	840.46
	1467.87	0.00	9.37	840.46
	1467.88	.00	9.49	808.27
	1470.75	0.00	9.42	810.41
	1470.76	0.00	9.41	807.40
	1470.77	0.00	9.43	808.40
	1470.79	0.00	9.42	807.40
	1470.80	0.00	9.40	809.44
	1470.81	0.00	9.42	807.40
	1470.82	0.00	9.44	810.40
	1470.83	0.00	9.41	808.40
	1470.84	0.00	9.43	810.40
	1470.85	0.00	9.43	807.39
	1470.87	0.00	9.42	808.40
	1470.88	0.00	9.41	805.40
	1470.89	0.00	9.42	808.40
	1470.90	0.00	9.42	806.40
	1470.91	0.00	9.41	806.42
	1470.92	0.00	9.43	809.40
	1470.94	0.00	9.43	808.39
	1470.95	0.00	9.44	809.39
	1470.96	0.00	9.43	807.40
	1470.97	0.00	9.41	807.41
	1470.98	0.00	9.43	807.40
	1470.99	0.00	9.43	807.39
	1471.01	0.00	9.42	804.39
	1471.02	0.00	9.41	807.43
	1471.03	0.00	9.43	807.39
	1471.04	0.00	9.44	808.39
	1471.05	0.00	9.44	807.39
	1471.06	0.00	9.43	807.39
	1471.07	0.00	9.42	807.41
	1471.09	0.00	9.43	805.40
	1471.10	0.00	9.43	806.39
	1471.11	0.00	9.42	807.39
	1471.12	0.00	9.44	808.39
	1471.13	0.00	9.43	807.42
	1471.14	0.00	9.45	807.39
	1471.16	0.00	9.44	806.39
	1471.17	0.00	9.44	807.39
	1471.18	0.00	9.46	805.33
	1471.19	0.00	9.42	806.40
	1471.20	0.00	9.42	808.40
	1471.21	0.00	9.44	809.40
	1471.22	0.00	9.44	807.39
	1471.24	0.00	9.42	807.41
	1471.25	0.00	9.41	805.40
	1471.26	0.00	9.45	807.39
	1471.27	0.00	9.44	807.39
	1471.28	0.00	9.43	809.40
	1471.29	0.00	9.44	807.39
	1471.31	0.00	9.42	807.40
	1471.32	0.00	9.44	810.40
	1471.33	0.00	9.42	808.40
	1471.34	0.00	9.42	808.40
	1471.35	0.00	9.45	812.40
	1471.36	0.00	9.43	809.40
	1471.38	0.00	9.43	807.40
	1471.39	0.00	9.42	808.40
	1471.40	0.00	9.41	808.43
	1471.41	0.00	9.39	803.40
	1471.42	0.00	9.41	807.40
	1471.43	0.00	9.41	807.40
	1471.44	0.00	9.41	805.40
	1471.46	0.00	9.43	804.35
	1471.47	0.00	9.40	803.39
	1471.48	0.00	9.43	806.39
	1471.49	0.00	9.43	807.39
	1471.50	0.00	9.43	806.40
	1471.51	0.00	9.42	809.43
	1471.53	0.00	9.43	807.39
	1471.54	0.00	9.45	807.39
	1471.55	0.00	9.45	807.39
	1471.56	0.00	9.44	807.39
	1471.57	0.00	9.45	809.40
	1471.58	0.00	9.44	805.39
	1471.59	0.00	9.44	807.39
	1471.61	0.00	9.45	806.39
	1471.62	0.00	9.45	807.38
	1471.63	0.00	9.45	808.39
	1471.64	0.00	9.44	807.39
	1471.65	0.00	9.44	807.39
	1471.67	0.00	9.44	806.39
	1471.68	0.00	9.45	806.40
	1471.69	0.00	9.44	807.39
	1471.70	0.00	9.45	806.39
	1471.71	0.00	9.45	806.39
	1471.72	0.00	9.45	806.39
	1471.73	0.00	9.44	807.39
	1471.75	0.00	9.49	804.31
	1471.76	0.00	9.48	806.33
	1471.77	0.00	9.47	806.37
	1471.78	0.00	9.42	806.44
	1471.79	0.00	9.44	805.42
	1471.80	0.00	9.45	808.42
	1471.81	0.00	9.44	808.43
	1471.83	0.00	9.42	805.44
	1471.84	0.00	9.49	809.35
	1471.85	0.00	9.46	810.44
	1471.86	0.00	9.45	809.44
	1471.87	0.00	9.44	809.45
	1471.88	0.00	9.45	810.45
	1471.90	0.00	9.44	810.47
	1471.91	0.00	9.45	809.45
	1471.92	0.00	9.45	810.45
	1471.93	0.00	9.46	811.45
	1471.94	0.00	9.46	807.40
	1471.95	0.00	9.45	812.47
	1471.96	0.00	9.43	805.44
	1471.98	0.00	9.50	812.39
	1471.99	0.00	9.48	811.40
	1472.00	0.00	9.45	810.44
	1472.01	0.00	9.48	812.42
	1472.02	0.00	9.50	814.42
	1472.03	0.00	9.49	811.43
	1472.05	0.00	9.52	816.43
	1472.06	0.00	9.51	815.43
	1472.07	0.00	9.49	811.43
	1472.08	0.00	9.48	810.43
	1472.09	0.00	9.48	812.43
	1472.10	0.00	9.49	811.43
	1472.11	0.00	9.51	812.40
	1472.13	0.00	9.51	814.43
	1472.14	0.00	9.50	812.43
	1472.15	0.00	9.48	812.44
	1472.16	0.00	9.50	814.45
	1472.17	0.00	9.61	811.20
	1472.19	0.00	9.70	817.11
	1472.20	0.00	9.67	811.10
	1472.21	0.00	9.67	812.11
	1472.22	0.00	9.67	812.13
	1472.23	0.00	9.66	807.13
	1472.24	0.00	9.66	809.12
	1472.25	0.00	9.65	805.12
	1472.27	0.00	9.66	807.13
	1472.28	0.00	9.63	806.17
	1472.29	0.00	9.65	806.14
	1472.30	0.00	9.64	805.14
	1472.31	0.00	9.63	803.14
	1472.32	0.00	9.65	805.14
	1472.33	0.00	9.64	805.15
	1472.35	0.00	9.70	805.05
	1472.36	0.00	9.76	799.88
	1472.37	0.00	9.67	798.01
	1472.38	0.00	9.58	795.13
	1472.39	0.00	9.57	796.17
	1472.41	0.00	9.53	796.22
	1472.42	0.00	9.54	796.21
	1472.43	0.00	9.52	792.23
	1472.44	0.00	9.47	783.27
	1472.45	0.00	9.51	788.26
	1472.46	0.00	9.53	790.27
	1472.47	0.00	9.53	791.28
	1472.49	0.00	9.49	786.27
	1472.50	0.00	9.42	782.34
	1472.51	0.00	9.43	786.37
	1472.52	0.00	9.42	782.35
	1472.53	0.00	9.42	783.36
	1472.54	0.00	9.42	787.41
	1472.56	0.00	9.45	790.40
	1472.57	0.00	9.47	793.41
	1472.58	0.00	9.47	788.42
	1472.59	0.00	9.49	793.42
	1472.60	0.00	9.49	794.42
	1472.61	0.00	9.49	795.42
	1472.62	0.00	9.50	795.42
	1472.64	0.00	9.49	794.42
	1472.65	0.00	9.47	791.42
	1472.66	0.00	9.50	796.43
	1472.67	0.00	9.50	793.37
	1472.68	0.00	9.54	799.37
	1472.69	0.00	9.55	802.38
	1472.70	0.00	9.53	797.38
	1472.72	0.00	9.54	797.38
	1472.73	0.00	9.54	799.38
	1472.74	0.00	9.56	800.38
	1472.75	0.00	9.56	801.39
	1472.76	0.00	9.54	800.42
	1472.78	0.00	9.53	797.40
	1472.79	0.00	9.55	803.40
	1472.80	0.00	9.55	803.40
	1472.81	0.00	9.56	804.40
	1472.82	0.00	9.54	800.34
	1472.83	0.00	9.55	803.40
	1472.84	0.00	9.55	803.40
	1472.86	0.00	9.56	802.36
	1472.87	0.00	9.55	800.36
	1472.88	0.00	9.54	804.43
	1472.89	0.00	9.56	805.41
	1472.90	0.00	9.55	804.41
	1472.91	0.00	9.56	806.39
	1472.93	0.00	9.55	805.41
	1472.94	0.00	9.55	806.43
	1472.95	0.00	9.54	804.42
	1472.96	0.00	9.54	804.42
	1472.97	0.00	9.53	800.42
	1472.98	0.00	9.59	803.35
	1473.00	0.00	9.55	804.42
	1473.01	0.00	9.55	805.42
	1473.02	0.00	9.56	803.42
	1473.03	0.00	9.50	797.42
	1473.04	0.00	9.52	800.43
	1473.05	0.00	9.52	801.42
	1473.06	0.00	9.53	801.42
	1473.08	0.00	9.52	802.43
	1473.09	0.00	9.53	802.42
	1473.10	0.00	9.51	802.45
	1473.11	0.00	9.53	801.42
	1473.12	0.00	9.53	801.42
	1473.13	0.00	9.52	800.43
	1473.15	0.00	9.52	802.43
	1473.16	0.00	9.51	802.43
	1473.17	0.00	9.51	797.39
	1473.18	0.00	9.52	799.38
	1473.19	0.00	9.53	801.38
	1473.20	0.00	9.51	800.40
	1473.21	0.00	9.53	803.39
	1473.23	0.00	9.52	801.39
	1473.24	0.00	9.51	800.39
	1473.25	0.00	9.51	801.39
	1473.26	0.00	9.51	803.42
	1473.27	0.00	9.51	801.38
	1473.28	0.00	9.52	802.38
	1473.30	0.00	9.49	799.39
	1473.31	0.00	9.53	802.34
	1473.32	0.00	9.50	803.40
	1473.33	0.00	9.50	804.39
	1473.34	0.00	9.50	804.39
	1473.35	0.00	9.52	807.39
	1473.36	0.00	9.48	806.42
	1473.38	0.00	9.48	806.40
	1473.39	0.00	9.48	806.40
	1473.40	0.00	9.49	808.40
	1473.41	0.00	9.48	808.40
	1473.42	0.00	9.48	809.41
	1473.43	0.00	9.45	807.41
	1473.44	0.00	9.44	807.41
	1473.46	0.00	9.42	806.42
	1473.47	0.00	9.43	809.42
	1473.48	0.00	9.38	809.46
	1473.49	0.00	9.39	809.43
	1473.50	0.00	9.37	811.43
	1473.52	0.00	9.36	810.44
	1473.53	0.00	9.35	812.45
	1473.54	0.00	9.33	813.46
	1473.55	0.00	9.32	813.45
	1473.56	0.00	9.29	812.46
	1473.57	0.00	9.27	810.46
	1473.58	0.00	9.25	813.50
	1473.60	0.00	9.28	815.46
	1473.61	0.00	9.25	814.47
	1473.62	0.00	9.25	817.47
	1473.63	0.00	9.23	819.48
	1473.64	0.00	9.24	821.48
	1473.65	0.00	9.23	821.49
	1473.67	0.00	9.21	826.51
	1473.68	0.00	9.20	831.52
	1473.69	0.00	9.20	839.53
	1473.70	0.00	9.18	847.56
	1473.71	0.00	9.18	860.57
	1473.72	0.00	9.14	872.60
	1473.73	0.00	9.14	886.63
	1473.75	0.00	9.13	905.71
	1473.76	0.00	9.09	916.77
	1473.77	0.00	9.11	931.75
	1473.78	0.00	9.12	939.79
	1473.79	0.00	9.06	945.79
	1473.80	0.00	9.05	976.78
	1473.81	0.00	9.04	1001.86
	1473.83	0.00	9.01	1028.84
	1473.84	0.00	9.03	1040.85
	1473.85	0.00	9.05	1043.84
	1473.86	0.00	9.08	1043.82
	1473.87	0.00	9.14	1061.79
	1473.89	0.00	9.20	1066.80
	1473.90	0.00	9.24	1062.77
	1473.91	0.00	9.31	1055.72
	1473.92	0.00	9.36	1046.76
	1473.93	0.00	9.56	1020.71
	1473.94	0.00	9.70	1006.68
	1473.95	0.00	9.89	1010.66
	1473.97	0.00	10.05	1006.62
	1473.98	0.00	10.17	1007.64
	1473.99	0.00	10.31	1010.57
	1474.00	0.00	10.44	1014.53
	1474.01	0.00	10.57	1013.44
	1474.03	0.00	10.71	1000.35
	1474.04	0.00	10.83	995.21
	1474.05	0.00	10.91	991.18
	1474.06	0.00	11.01	985.13
	1474.07	0.00	11.07	974.03
	1474.08	0.00	11.16	960.87
	1474.09	0.00	11.27	959.80
	1474.11	0.00	11.36	937.56
	1474.12	0.00	11.41	927.46
	1474.13	0.00	11.43	918.40
	1474.14	0.00	11.52	911.23
	1474.15	0.00	11.56	908.18
	1474.16	0.00	11.57	902.15
	1474.18	0.00	11.62	904.13
	1474.19	0.00	11.88	918.12
	1474.20	0.00	11.96	922.13
	1474.21	0.00	12.09	931.09
	1474.22	0.00	12.11	923.06
	1474.23	0.00	12.31	922.94
	1474.25	0.00	12.40	923.84
	1474.26	0.00	12.59	923.71
	1474.27	0.00	12.59	902.65
	1474.28	0.00	12.63	893.63
	1474.29	0.00	12.66	890.60
	1474.30	0.00	12.70	887.57
	1474.31	0.00	12.73	885.53
	1474.33	0.00	12.67	871.51
	1474.34	0.00	12.61	867.53
	1474.35	0.00	12.49	854.53
	1474.36	0.00	12.26	829.52
	1474.37	0.00	11.80	784.50
	1474.38	0.00	11.04	723.50
	1474.40	0.00	10.71	697.57
	1474.41	0.00	10.44	685.72
	1474.42	0.00	10.25	681.83
	1474.43	0.00	10.04	685.06
	1474.44	0.00	9.92	687.22
	1474.45	0.00	9.91	686.20
	1474.46	0.00	9.93	685.19
	1474.48	0.00	9.88	680.22
	1474.49	0.00	9.91	681.20
	1474.50	0.00	9.91	682.20
	1474.51	0.00	9.92	683.20
	1474.52	0.00	9.92	684.20
	1474.53	0.00	9.91	683.20
	1474.55	0.00	9.93	685.20
	1474.56	0.00	9.94	685.20
	1474.57	0.00	9.92	683.20
	1474.58	0.00	9.92	686.24
	1474.59	0.00	9.91	685.25
	1474.60	0.00	9.92	686.24
	1474.61	0.00	9.92	684.22
	1474.63	0.00	9.96	687.20
	1474.64	0.00	9.95	684.18
	1474.65	0.00	9.99	688.18
	1474.66	0.00	9.99	686.18
	1474.67	0.00	9.96	685.20
	1474.68	0.00	9.96	685.5	0.00	10.08	684.08
	1474.76	0.00	10.06	682.08
	1474.78	0.00	10.03	682.11
	1474.79	0.00	10.07	684.06
	1474.80	0.00	10.02	685.15
	1474.81	0.00	10.02	684.15
	1474.82	0.00	10.07	692.18
	1474.83	0.00	10.06	690.17
	1474.84	0.00	10.05	692.20
	1474.86	0.00	10.05	691.19
	1474.87	0.00	10.03	692.23
	1474.88	0.00	10.04	691.23
	1474.89	0.00	10.04	690.21
	1474.90	0.00	10.03	692.22
	1474.91	0.00	10.00	691.28
	1474.93	0.00	9.57	708.82
	1474.94	0.00	9.14	748.22
	1474.95	0.00	8.41	904.66
	1474.96	0.00	8.09	994.94
	1474.97	0.00	8.15	1040.92
	1474.98	0.00	8.23	1060.90
	1475.00	0.00	8.26	1062.89
	1475.01	0.00	8.41	1110.83
	1475.02	0.00	8.49	1148.91
	1475.03	0.00	8.66	1183.94
	1475.04	0.00	8.77	1206.93
	1475.05	0.00	8.95	1235.86
	1475.06	0.00	9.05	1250.91
	1475.08	0.00	9.15	1251.90
	1475.09	0.00	9.29	1248.90
	1475.10	0.00	9.39	1231.92
	1475.11	0.00	9.56	1209.87
	1475.12	0.00	9.68	1181.83
	1475.14	0.00	9.83	1156.76
	1475.15	0.00	9.94	1139.75
	1475.16	0.00	10.15	1090.61
	1475.17	0.00	10.36	1045.52
	1475.18	0.00	10.54	1010.43
	1475.19	0.00	10.60	991.31
	1475.21	0.00	10.68	978.22
	1475.22	0.00	10.84	974.01
	1475.23	0.00	10.96	963.82
	1475.24	0.00	11.03	956.71
	1475.25	0.00	11.10	951.60
	1475.26	0.00	11.16	944.48
	1475.28	0.00	11.20	944.43
	1475.29	0.00	11.22	943.40
	1475.30	0.00	11.17	930.40
	1475.31	0.00	11.19	926.38
	1475.32	0.00	11.28	921.26
	1475.33	0.00	11.14	906.40
	1475.34	0.00	11.22	907.40
	1475.36	0.00	11.22	883.41
	1475.37	0.00	11.19	877.41
	1475.38	0.00	11.25	883.41
	1475.39	0.00	11.36	891.36
	1475.40	0.00	11.36	890.40
	1475.41	0.00	11.34	890.47
	1475.43	0.00	11.42	889.40
	1475.44	0.00	11.70	903.34
	1475.45	0.00	11.86	901.21
	1475.46	0.00	11.84	884.16
	1475.47	0.00	11.96	882.04
	1475.48	0.00	12.13	869.80
	1475.49	0.00	12.17	863.75
	1475.51	0.00	12.12	851.72
	1475.52	0.00	12.18	841.62
	1475.53	0.00	12.19	836.56
	1475.54	0.00	12.27	843.53
	1475.55	0.00	12.24	844.52
	1475.56	0.00	11.90	802.52
	1475.57	0.00	11.12	735.59
	1475.59	0.00	10.65	695.69
	1475.60	0.00	10.25	691.92
	1475.61	0.00	9.93	695.24
	1475.62	0.00	9.73	689.43
	1475.63	0.00	9.72	684.38
	1475.65	0.00	9.68	680.38
	1475.66	0.00	9.67	679.38
	1475.67	0.00	9.70	680.35
	1475.68	0.00	9.68	681.41
	1475.69	0.00	9.68	680.40
	1475.70	0.00	9.70	679.40
	1475.71	0.00	9.72	679.39
	1475.72	0.00	9.73	681.40
	1475.74	0.00	9.78	683.36
	1475.75	0.00	9.80	686.37
	1475.76	0.00	9.82	688.37
	1475.77	0.00	9.80	687.36
	1475.78	0.00	9.85	691.35
	1475.79	0.00	9.82	690.35
	1475.81	0.00	9.86	689.33
	1475.82	0.00	9.84	685.32
	1475.83	0.00	9.87	689.32
	1475.84	0.00	9.86	688.32
	1475.85	0.00	9.89	691.29
	1475.86	0.00	9.90	689.28
	1475.88	0.00	9.90	688.27
	1475.89	0.00	9.93	689.23
	1475.90	0.00	9.89	688.27
	1475.91	0.00	9.90	689.27
	1475.92	0.00	9.92	689.25
	1475.93	0.00	9.94	689.24
	1475.94	0.00	9.96	689.22
	1475.95	0.00	9.93	689.23
	1475.97	0.00	9.94	690.23
	1475.98	0.00	9.92	687.24
	1475.99	0.00	9.93	689.23
	1476.00	0.00	9.94	689.24
	1476.01	0.00	9.95	692.24
	1476.03	0.00	9.94	690.25
	1476.04	0.00	9.84	687.33
	1476.05	0.00	9.41	700.90
	1476.06	0.00	9.10	720.33
	1476.07	0.00	8.20	911.78
	1476.08	0.00	7.82	1034.20
	1476.09	0.00	7.91	1099.22
	1476.11	0.00	7.97	1111.20
	1476.12	0.00	8.11	1105.09
	1476.13	0.00	8.38	1157.05
	1476.14	0.00	8.56	1194.01
	1476.15	0.00	8.75	1207.93
	1476.16	0.00	8.90	1218.92
	1476.18	0.00	9.08	1241.92
	1476.19	0.00	9.18	1244.93
	1476.20	0.00	9.31	1234.90
	1476.21	0.00	9.44	1209.87
	1476.22	0.00	9.56	1177.85
	1476.23	0.00	9.68	1157.84
	1476.25	0.00	9.84	1131.83
	1476.26	0.00	10.04	1105.75
	1476.27	0.00	10.23	1075.70
	1476.28	0.00	10.33	1051.66
	1476.29	0.00	10.42	1031.59
	1476.30	0.00	10.43	1017.53
	1476.32	0.00	10.46	1001.46
	1476.33	0.00	10.48	1001.42
	1476.34	0.00	10.49	987.38
	1476.35	0.00	10.53	985.33
	1476.36	0.00	10.54	976.28
	1476.37	0.00	10.54	964.23
	1476.39	0.00	10.51	951.21
	1476.40	0.00	10.49	943.19
	1476.41	0.00	10.44	932.19
	1476.42	0.00	10.47	929.16
	1476.43	0.00	10.51	927.15
	1476.44	0.00	10.58	930.12
	1476.45	0.00	10.68	930.06
	1476.47	0.00	10.84	936.94
	1476.48	0.00	11.01	932.80
	1476.49	0.00	11.26	927.48
	1476.50	0.00	11.39	931.39
	1476.51	0.00	11.71	922.32
	1476.53	0.00	11.76	922.31
	1476.54	0.00	11.80	917.33
	1476.55	0.00	11.80	899.28
	1476.56	0.00	11.83	887.25
	1476.57	0.00	11.89	879.19
	1476.58	0.00	12.01	877.07
	1476.59	0.00	12.09	863.92
	1476.60	0.00	12.14	863.79
	1476.62	0.00	12.03	867.74
	1476.63	0.00	12.07	865.63
	1476.64	0.00	11.95	849.59
	1476.65	0.00	11.84	836.58
	1476.66	0.00	11.13	775.61
	1476.67	0.00	10.74	740.74
	1476.69	0.00	10.33	733.06
	1476.70	0.00	9.94	704.40
	1476.71	0.00	9.81	700.51
	1476.72	0.00	9.75	692.49
	1476.73	0.00	9.71	687.49
	1476.74	0.00	9.71	683.47
	1476.76	0.00	9.71	684.46
	1476.77	0.00	9.73	683.43
	1476.78	0.00	9.68	678.45
	1476.79	0.00	9.71	681.44
	1476.80	0.00	9.71	681.44
	1476.81	0.00	9.74	682.43
	1476.82	0.00	9.78	683.39
	1476.84	0.00	9.77	684.41
	1476.85	0.00	9.78	684.40
	1476.86	0.00	9.78	684.40
	1476.87	0.00	9.78	683.39
	1476.88	0.00	9.82	682.34
	1476.89	0.00	9.79	683.39
	1476.91	0.00	9.79	683.39
	1476.92	0.00	9.78	682.40
	1476.93	0.00	9.80	685.39
	1476.94	0.00	9.79	683.39
	1476.95	0.00	9.80	684.39
	1476.96	0.00	9.80	684.39
	1476.97	0.00	9.80	685.41
	1476.98	0.00	9.85	684.35
	1477.00	0.00	9.86	686.34
	1477.01	0.00	9.83	687.39
	1477.02	0.00	9.84	687.38
	1477.03	0.00	9.86	689.38
	1477.04	0.00	9.84	685.36
	1477.06	0.00	9.88	688.34
	1477.07	0.00	9.89	685.31
	1477.08	0.00	9.89	687.33
	1477.09	0.00	9.88	684.33
	1477.10	0.00	9.89	686.32
	1477.11	0.00	9.90	685.31
	1477.12	0.00	9.91	686.29
	1477.14	0.00	9.89	683.30
	1477.15	0.00	9.90	681.28
	1477.16	0.00	9.60	687.67
	1477.17	0.00	9.22	707.09
	1477.18	0.00	8.58	818.69
	1477.19	0.00	8.02	982.02
	1477.20	0.00	8.05	1017.07
	1477.22	0.00	8.26	1049.05
	1477.23	0.00	8.43	1036.98
	1477.24	0.00	8.58	1057.96
	1477.25	0.00	8.74	1126.96
	1477.26	0.00	8.84	1147.96
	1477.27	0.00	8.99	1175.97
	1477.29	0.00	9.08	1188.97
	1477.30	0.00	9.22	1201.98
	1477.31	0.00	9.33	1194.96
	1477.32	0.00	9.51	1186.89
	1477.33	0.00	9.68	1153.89
	1477.34	0.00	9.81	1116.86
	1477.36	0.00	9.93	1097.84
	1477.37	0.00	10.00	1068.81
	1477.38	0.00	10.06	1044.79
	1477.39	0.00	10.15	1015.69
	1477.40	0.00	10.21	984.59
	1477.41	0.00	10.27	960.50
	1477.43	0.00	10.34	937.41
	1477.44	0.00	10.47	912.16
	1477.45	0.00	10.53	895.08
	1477.46	0.00	10.63	886.95
	1477.47	0.00	10.71	875.82
	1477.48	0.00	10.86	869.62
	1477.50	0.00	10.84	865.68
	1477.51	0.00	10.89	843.64
	1477.52	0.00	10.96	848.59
	1477.53	0.00	11.01	850.53
	1477.54	0.00	11.13	853.47
	1477.55	0.00	11.13	851.47
	1477.56	0.00	11.19	855.47
	1477.58	0.00	11.19	850.46
	1477.59	0.00	11.25	852.45
	1477.60	0.00	11.22	844.43
	1477.61	0.00	11.51	860.37
	1477.62	0.00	11.68	877.34
	1477.63	0.00	11.74	871.30
	1477.65	0.00	11.80	866.28
	1477.66	0.00	11.69	856.27
	1477.67	0.00	11.74	849.16
	1477.68	0.00	11.73	834.06
	1477.69	0.00	11.82	825.92
	1477.70	0.00	11.86	818.81
	1477.71	0.00	11.87	809.74
	1477.73	0.00	11.93	803.61
	1477.74	0.00	11.86	795.58
	1477.75	0.00	11.38	756.57
	1477.76	0.00	10.98	721.67
	1477.77	0.00	10.61	710.74
	1477.78	0.00	10.14	699.13
	1477.80	0.00	9.92	677.28
	1477.81	0.00	9.85	682.41
	1477.82	0.00	9.79	673.38
	1477.83	0.00	9.77	671.37
	1477.84	0.00	9.77	669.34
	1477.85	0.00	9.76	671.32
	1477.86	0.00	9.82	673.27
	1477.88	0.00	9.83	670.22
	1477.89	0.00	9.85	670.19
	1477.90	0.00	9.87	669.15
	1477.91	0.00	9.88	674.23
	1477.92	0.00	9.95	682.23
	1477.93	0.00	9.94	681.24
	1477.95	0.00	9.99	684.22
	1477.96	0.00	9.96	681.22
	1477.97	0.00	9.99	684.22
	1477.98	0.00	9.97	676.15
	1477.99	0.00	9.97	683.23
	1478.00	0.00	9.97	683.23
	1478.01	0.00	9.97	683.23
	1478.03	0.00	9.97	683.23
	1478.04	0.00	9.96	683.24
	1478.05	0.00	9.98	682.23
	1478.06	0.00	9.97	681.23
	1478.07	0.00	9.98	684.23
	1478.08	0.00	10.00	684.22
	1478.09	0.00	10.00	684.23
	1478.11	0.00	9.99	683.23
	1478.12	0.00	9.99	684.24
	1478.13	0.00	9.98	683.24
	1478.14	0.00	9.96	679.22
	1478.15	0.00	9.98	682.23
	1478.16	0.00	9.94	681.26
	1478.18	0.00	9.96	681.26
	1478.19	0.00	9.99	684.26
	1478.20	0.00	10.03	694.29
	1478.21	0.00	10.02	691.28
	1478.22	0.00	9.72	698.71
	1478.23	0.00	9.42	716.05
	1478.25	0.00	9.04	760.45
	1478.26	0.00	8.66	843.84
	1478.27	0.00	8.56	905.90
	1478.28	0.00	8.59	932.97
	1478.29	0.00	8.81	959.86
	1478.30	0.00	8.87	983.83
	1478.31	0.00	9.05	1032.80
	1478.33	0.00	9.19	1066.71
	1478.34	0.00	9.25	1085.78
	1478.35	0.00	9.29	1103.87
	1478.36	0.00	9.36	1106.89
	1478.37	0.00	9.48	1114.90
	1478.38	0.00	9.57	1099.88
	1478.40	0.00	9.61	1072.82
	1478.41	0.00	9.79	1047.76
	1478.42	0.00	9.89	1006.69
	1478.43	0.00	10.05	969.58
	1478.44	0.00	10.21	941.44
	1478.45	0.00	10.45	906.19
	1478.46	0.00	10.64	856.87
	1478.48	0.00	10.82	835.57
	1478.49	0.00	10.74	818.55
	1478.50	0.00	10.69	800.54
	1478.51	0.00	10.61	792.51
	1478.52	0.00	10.61	787.48
	1478.54	0.00	10.62	782.43
	1478.55	0.00	10.64	783.40
	1478.56	0.00	10.60	780.43
	1478.57	0.00	10.65	781.37
	1478.58	0.00	10.66	780.36
	1478.59	0.00	10.67	781.33
	1478.60	0.00	10.69	781.31
	1478.62	0.00	10.69	782.32
	1478.63	0.00	10.70	780.31
	1478.64	0.00	10.70	776.27
	1478.65	0.00	10.74	780.25
	1478.66	0.00	10.74	779.26
	1478.67	0.00	10.70	776.27
	1478.69	0.00	11.07	799.23
	1478.70	0.00	11.20	804.17
	1478.71	0.00	11.40	814.09
	1478.72	0.00	11.41	808.07
	1478.73	0.00	11.53	808.98
	1478.74	0.00	11.63	808.91
	1478.76	0.00	11.74	810.86
	1478.77	0.00	11.87	810.76
	1478.78	0.00	11.89	810.75
	1478.79	0.00	11.99	822.73
	1478.80	0.00	12.05	829.71
	1478.81	0.00	12.13	835.69
	1478.82	0.00	12.16	837.67
	1478.84	0.00	11.90	835.68
	1478.85	0.00	11.39	788.72
	1478.86	0.00	10.54	730.89
	1478.87	0.00	10.23	708.05
	1478.88	0.00	9.83	674.28
	1478.89	0.00	9.73	672.35
	1478.90	0.00	9.61	668.46
	1478.92	0.00	9.56	661.46
	1478.93	0.00	9.59	663.47
	1478.94	0.00	9.62	660.43
	1478.95	0.00	9.63	657.43
	1478.96	0.00	9.62	662.41
	1478.97	0.00	9.63	661.40
	1478.98	0.00	9.61	658.39
	1479.00	0.00	9.63	657.38
	1479.01	0.00	9.65	658.36
	1479.02	0.00	9.68	657.31
	1479.03	0.00	9.75	657.25
	1479.04	0.00	9.72	656.24
	1479.05	0.00	9.84	668.23
	1479.06	0.00	9.91	667.13
	1479.08	0.00	9.82	667.24
	1479.09	0.00	9.81	668.29
	1479.10	0.00	9.79	666.30
	1479.11	0.00	9.76	664.31
	1479.12	0.00	9.78	668.33
	1479.14	0.00	9.82	670.30
	1479.15	0.00	9.82	670.30
	1479.16	0.00	9.84	673.30
	1479.17	0.00	9.83	672.30
	1479.18	0.00	9.84	673.30
	1479.19	0.00	9.84	673.30
	1479.20	0.00	9.84	674.30
	1479.21	0.00	9.84	673.30
	1479.23	0.00	9.86	673.30
	1479.24	0.00	9.84	673.30
	1479.25	0.00	9.84	673.30
	1479.26	0.00	9.70	655.29
	1479.27	0.00	9.75	656.23
	1479.28	0.00	9.71	656.28
	1479.30	0.00	9.71	655.27
	1479.31	0.00	9.73	656.26
	1479.32	0.00	9.72	655.26
	1479.33	0.00	9.85	675.26
	1479.34	0.00	9.88	677.25
	1479.35	0.00	9.59	682.64
	1479.36	0.00	9.21	681.03
	1479.38	0.00	8.82	728.43
	1479.39	0.00	8.48	854.92
	1479.40	0.00	8.08	905.25
	1479.41	0.00	8.28	955.22
	1479.42	0.00	8.43	966.13
	1479.43	0.00	8.60	968.99
	1479.44	0.00	8.81	1037.92
	1479.46	0.00	9.05	1091.94
	1479.47	0.00	9.14	1103.94
	1479.48	0.00	9.20	1117.95
	1479.49	0.00	9.34	1136.94
	1479.50	0.00	9.39	1139.95
	1479.52	0.00	9.54	1139.87
	1479.53	0.00	9.60	1124.88
	1479.54	0.00	9.67	1110.87
	1479.55	0.00	9.75	1085.83
	1479.56	0.00	9.82	1059.77
	1479.57	0.00	9.87	1031.72
	1479.58	0.00	9.96	999.68
	1479.60	0.00	10.02	960.60
	1479.61	0.00	10.09	934.52
	1479.62	0.00	10.23	910.38
	1479.63	0.00	10.32	887.25
	1479.64	0.00	10.60	881.85
	1479.66	0.00	10.75	876.67
	1479.67	0.00	10.90	856.51
	1479.68	0.00	10.90	848.47
	1479.69	0.00	10.95	847.39
	1479.70	0.00	10.92	841.40
	1479.71	0.00	10.92	834.35
	1479.72	0.00	10.94	830.32
	1479.74	0.00	10.98	833.29
	1479.75	0.00	11.01	829.21
	1479.76	0.00	10.95	816.19
	1479.77	0.00	10.99	820.18
	1479.78	0.00	11.01	818.14
	1479.79	0.00	11.02	820.14
	1479.81	0.00	10.98	817.16
	1479.82	0.00	10.95	809.15
	1479.83	0.00	11.03	814.10
	1479.84	0.00	11.00	811.13
	1479.85	0.00	10.99	808.11
	1479.86	0.00	11.29	820.08
	1479.87	0.00	11.35	821.07
	1479.89	0.00	11.61	828.07
	1479.90	0.00	11.70	831.03
	1479.91	0.00	11.82	834.93
	1479.92	0.00	11.64	814.86
	1479.93	0.00	11.74	815.79
	1479.94	0.00	11.83	819.76
	1479.95	0.00	11.89	823.72
	1479.97	0.00	11.89	845.70
	1479.98	0.00	11.93	851.68
	1479.99	0.00	11.99	858.66
	1480.00	0.00	11.93	851.65
	1480.01	0.00	11.72	828.65
	1480.03	0.00	11.03	770.68
	1480.04	0.00	10.77	754.82
	1480.05	0.00	10.32	738.16
	1480.06	0.00	10.08	702.28
	1480.07	0.00	9.89	691.36
	1480.08	0.00	9.82	687.41
	1480.09	0.00	9.83	683.36
	1480.10	0.00	9.72	676.42
	1480.12	0.00	9.76	677.41
	1480.13	0.00	9.74	676.42
	1480.14	0.00	9.73	674.42
	1480.15	0.00	9.74	674.41
	1480.16	0.00	9.73	673.40
	1480.17	0.00	9.70	667.37
	1480.19	0.00	9.71	667.37
	1480.20	0.00	9.72	668.37
	1480.21	0.00	9.69	664.36
	1480.22	0.00	9.75	666.35
	1480.23	0.00	9.74	670.36
	1480.24	0.00	9.75	670.35
	1480.26	0.00	9.80	671.30
	1480.27	0.00	9.80	673.31
	1480.28	0.00	9.83	673.29
	1480.29	0.00	9.84	674.29
	1480.30	0.00	9.86	676.28
	1480.31	0.00	9.86	677.30
	1480.32	0.00	9.87	675.28
	1480.33	0.00	9.87	673.28
	1480.35	0.00	9.88	673.27
	1480.36	0.00	9.93	674.21
	1480.37	0.00	9.91	675.27
	1480.38	0.00	9.87	672.27
	1480.39	0.00	9.87	672.27
	1480.40	0.00	9.86	671.27
	1480.42	0.00	9.86	672.28
	1480.43	0.00	9.86	672.28
	1480.44	0.00	9.85	670.28
	1480.45	0.00	9.84	671.28
	1480.46	0.00	9.85	673.28
	1480.47	0.00	9.86	672.26
	1480.48	0.00	9.86	669.26
	1480.50	0.00	9.87	669.25
	1480.51	0.00	9.86	668.25
	1480.52	0.00	9.83	662.25
	1480.53	0.00	9.85	669.25
	1480.54	0.00	9.85	670.25
	1480.55	0.00	9.84	670.25
	1480.56	0.00	9.80	671.33
	1480.58	0.00	9.43	675.76
	1480.59	0.00	9.17	713.19
	1480.60	0.00	9.00	820.50
	1480.61	0.00	8.87	899.66
	1480.62	0.00	8.94	949.72
	1480.64	0.00	9.08	991.71
	1480.65	0.00	9.35	1018.64
	1480.66	0.00	9.52	1036.66
	1480.67	0.00	9.63	1052.67
	1480.68	0.00	9.73	1065.69
	1480.69	0.00	9.81	1073.71
	1480.70	0.00	9.84	1074.73
	1480.72	0.00	9.96	1078.70
	1480.73	0.00	10.04	1076.67
	1480.74	0.00	10.16	1068.64
	1480.75	0.00	10.28	1052.58
	1480.76	0.00	10.32	1030.57
	1480.77	0.00	10.44	1005.43
	1480.79	0.00	10.56	999.37
	1480.80	0.00	10.61	981.31
	1480.81	0.00	10.77	976.18
	1480.82	0.00	10.85	970.09
	1480.83	0.00	11.03	967.87
	1480.84	0.00	11.13	962.77
	1480.86	0.00	11.28	965.59
	1480.87	0.00	11.32	966.51
	1480.88	0.00	11.39	969.43
	1480.89	0.00	11.40	963.38
	1480.90	0.00	11.42	963.35
	1480.91	0.00	11.48	967.30
	1480.93	0.00	11.54	965.24
	1480.94	0.00	11.59	969.17
	1480.95	0.00	11.67	971.09
	1480.96	0.00	11.71	979.07
	1480.97	0.00	11.73	983.06
	1480.98	0.00	11.72	982.05
	1480.99	0.00	11.78	987.04
	1481.01	0.00	11.78	983.02
	1481.02	0.00	11.80	986.01
	1481.03	0.00	11.84	988.98
	1481.04	0.00	11.86	980.95
	1481.05	0.00	11.93	974.88
	1481.06	0.00	11.96	966.81
	1481.07	0.00	11.92	950.79
	1481.09	0.00	11.99	948.76
	1481.10	0.00	11.95	941.76
	1481.11	0.00	11.97	914.74
	1481.12	0.00	11.91	900.74
	1481.13	0.00	11.88	889.72
	1481.15	0.00	11.82	896.71
	1481.16	0.00	11.82	891.69
	1481.17	0.00	11.80	886.67
	1481.18	0.00	11.76	880.69
	1481.19	0.00	11.76	876.66
	1481.20	0.00	11.71	869.66
	1481.21	0.00	11.61	848.66
	1481.23	0.00	11.53	832.66
	1481.24	0.00	11.48	828.66
	1481.25	0.00	11.35	809.66
	1481.26	0.00	11.35	812.67
	1481.27	0.00	11.14	788.74
	1481.28	0.00	10.91	774.87
	1481.30	0.00	10.67	762.04
	1481.31	0.00	10.46	752.21
	1481.32	0.00	10.35	744.28
	1481.33	0.00	10.23	716.32
	1481.34	0.00	10.21	713.33
	1481.35	0.00	10.17	710.34
	1481.36	0.00	10.12	704.34
	1481.38	0.00	10.10	701.34
	1481.39	0.00	10.05	696.34
	1481.40	0.00	10.02	692.34
	1481.41	0.00	10.00	688.34
	1481.42	0.00	9.97	684.34
	1481.43	0.00	9.89	680.40
	1481.44	0.00	9.87	678.40
	1481.46	0.00	9.90	679.38
	1481.47	0.00	9.85	675.40
	1481.48	0.00	9.84	674.40
	1481.49	0.00	9.85	674.39
	1481.50	0.00	9.86	675.39
	1481.52	0.00	9.84	677.39
	1481.53	0.00	9.85	674.39
	1481.54	0.00	9.88	676.38
	1481.55	0.00	9.85	675.40
	1481.56	0.00	9.88	676.38
	1481.57	0.00	9.87	674.37
	1481.58	0.00	9.87	674.37
	1481.59	0.00	9.87	674.36
	1481.61	0.00	9.85	672.37
	1481.62	0.00	9.86	671.36
	1481.63	0.00	9.90	674.35
	1481.64	0.00	9.85	670.36
	1481.65	0.00	9.90	674.35
	1481.66	0.00	9.88	674.35
	1481.68	0.00	9.89	672.34
	1481.69	0.00	9.90	673.34
	1481.70	0.00	9.89	670.33
	1481.71	0.00	9.88	669.33
	1481.72	0.00	9.88	671.33
	1481.73	0.00	9.90	671.31
	1481.74	0.00	9.91	671.30
	1481.76	0.00	9.94	669.26
	1481.77	0.00	9.92	671.29
	1481.78	0.00	9.92	670.28
	1481.79	0.00	9.95	670.23
	1481.80	0.00	9.97	669.21
	1481.81	0.00	9.92	668.25
	1481.82	0.00	9.91	668.26
	1481.84	0.00	9.93	670.26
	1481.85	0.00	9.84	670.36
	1481.86	0.00	9.69	676.55
	1481.87	0.00	9.54	686.73
	1481.88	0.00	9.25	712.14
	1481.89	0.00	9.07	746.32
	1481.91	0.00	8.97	802.44
	1481.92	0.00	8.95	837.50
	1481.93	0.00	8.97	859.53
	1481.94	0.00	9.05	880.52
	1481.95	0.00	9.12	904.55
	1481.96	0.00	9.15	919.56
	1481.97	0.00	9.23	969.59
	1481.99	0.00	9.26	990.65
	1482.00	0.00	9.34	1016.65
	1482.01	0.00	9.37	1036.68
	1482.02	0.00	9.42	1053.73
	1482.03	0.00	9.45	1063.75
	1482.05	0.00	9.47	1070.81
	1482.06	0.00	9.57	1081.77
	1482.07	0.00	9.58	1075.78
	1482.08	0.00	9.66	1074.78
	1482.09	0.00	9.74	1074.77
	1482.10	0.00	9.87	1070.65
	1482.11	0.00	9.88	1068.75
	1482.13	0.00	9.90	1062.76
	1482.14	0.00	9.98	1054.77
	1482.15	0.00	10.09	1069.78
	1482.16	0.00	10.12	1065.78
	1482.17	0.00	10.17	1066.76
	1482.18	0.00	10.24	1070.75
	1482.19	0.00	10.35	1077.69
	1482.21	0.00	10.40	1077.70
	1482.22	0.00	10.45	1081.74
	1482.23	0.00	10.53	1084.68
	1482.24	0.00	10.57	1085.67
	1482.25	0.00	10.64	1090.65
	1482.27	0.00	10.79	1093.48
	1482.28	0.00	10.74	1092.60
	1482.29	0.00	10.87	1096.43
	1482.30	0.00	10.96	1098.39
	1482.31	0.00	11.01	1099.37
	1482.32	0.00	11.04	1092.38
	1482.34	0.00	11.09	1092.34
	1482.35	0.00	11.14	1089.29
	1482.36	0.00	11.19	1084.24
	1482.37	0.00	11.24	1082.19
	1482.38	0.00	11.31	1083.15
	1482.39	0.00	11.42	1083.05
	1482.41	0.00	11.41	1054.94
	1482.42	0.00	11.56	1064.87
	1482.43	0.00	11.69	1054.67
	1482.44	0.00	11.83	1039.45
	1482.45	0.00	11.83	1021.37
	1482.46	0.00	11.82	998.31
	1482.47	0.00	11.81	977.24
	1482.49	0.00	11.85	959.12
	1482.50	0.00	11.93	945.99
	1482.51	0.00	11.89	924.87
	1482.52	0.00	11.84	898.81
	1482.53	0.00	11.77	878.78
	1482.55	0.00	11.66	851.77
	1482.56	0.00	11.53	831.75
	1482.57	0.00	11.40	808.75
	1482.58	0.00	11.33	801.78
	1482.59	0.00	11.09	777.88
	1482.60	0.00	10.72	759.13
	1482.61	0.00	10.54	750.29
	1482.63	0.00	10.44	747.35
	1482.64	0.00	10.28	730.44
	1482.65	0.00	10.23	706.43
	1482.66	0.00	10.11	696.50
	1482.67	0.00	10.08	693.50
	1482.68	0.00	10.09	691.47
	1482.69	0.00	9.99	690.49
	1482.71	0.00	9.94	683.48
	1482.72	0.00	9.91	679.48
	1482.73	0.00	9.87	673.48
	1482.74	0.00	9.82	669.49
	1482.75	0.00	9.81	668.48
	1482.76	0.00	9.78	663.48
	1482.78	0.00	9.79	664.48
	1482.79	0.00	9.73	659.48
	1482.80	0.00	9.71	653.45
	1482.81	0.00	9.70	653.45
	1482.82	0.00	9.68	651.45
	1482.83	0.00	9.69	652.45
	1482.84	0.00	9.74	653.45
	1482.86	0.00	9.69	653.46
	1482.87	0.00	9.68	651.45
	1482.88	0.00	9.67	649.45
	1482.89	0.00	9.72	652.42
	1482.90	0.00	9.77	658.42
	1482.91	0.00	9.79	658.41
	1482.93	0.00	9.78	657.41
	1482.94	0.00	9.77	656.41
	1482.95	0.00	9.77	656.41
	1482.96	0.00	9.80	657.39
	1482.97	0.00	9.79	656.38
	1482.98	0.00	9.82	656.37
	1482.99	0.00	9.79	651.35
	1483.01	0.00	9.80	656.40
	1483.02	0.00	9.78	657.44
	1483.03	0.00	9.74	657.48
	1483.04	0.00	9.75	657.46
	1483.05	0.00	9.72	653.45
	1483.06	0.00	9.74	662.45
	1483.07	0.00	9.77	661.44
	1483.08	0.00	9.78	662.42
	1483.10	0.00	9.75	667.51
	1483.11	0.00	9.63	676.68
	1483.12	0.00	9.46	684.89
	1483.13	0.00	9.20	708.25
	1483.14	0.00	9.16	750.41
	1483.16	0.00	9.07	804.56
	1483.17	0.00	9.02	822.63
	1483.18	0.00	9.09	861.67
	1483.19	0.00	9.13	885.67
	1483.20	0.00	9.24	919.68
	1483.21	0.00	9.32	960.69
	1483.22	0.00	9.45	990.70
	1483.24	0.00	9.57	1015.70
	1483.25	0.00	9.65	1036.72
	1483.26	0.00	9.72	1055.76
	1483.27	0.00	9.79	1069.78
	1483.28	0.00	9.85	1079.79
	1483.29	0.00	9.90	1083.79
	1483.31	0.00	10.05	1091.71
	1483.32	0.00	10.11	1094.73
	1483.33	0.00	10.19	1092.73
	1483.34	0.00	10.27	1093.72
	1483.35	0.00	10.31	1082.72
	1483.36	0.00	10.41	1080.68
	1483.38	0.00	10.47	1083.66
	1483.39	0.00	10.55	1075.57
	1483.40	0.00	10.62	1079.58
	1483.41	0.00	10.68	1079.50
	1483.42	0.00	10.68	1070.56
	1483.43	0.00	10.71	1072.54
	1483.44	0.00	10.76	1073.53
	1483.46	0.00	10.79	1073.53
	1483.47	0.00	10.81	1078.52
	1483.48	0.00	10.88	1080.49
	1483.49	0.00	10.90	1080.47
	1483.50	0.00	10.91	1074.45
	1483.51	0.00	10.94	1074.45
	1483.53	0.00	11.03	1079.39
	1483.54	0.00	11.11	1074.31
	1483.55	0.00	11.14	1066.27
	1483.56	0.00	11.24	1066.17
	1483.57	0.00	11.27	1058.14
	1483.58	0.00	11.35	1040.97
	1483.60	0.00	11.47	1029.80
	1483.61	0.00	11.49	1015.73
	1483.62	0.00	11.63	1009.53
	1483.63	0.00	11.64	991.42
	1483.64	0.00	11.68	985.38
	1483.66	0.00	11.67	972.33
	1483.67	0.00	11.67	952.28
	1483.68	0.00	11.67	935.23
	1483.69	0.00	11.67	919.12
	1483.70	0.00	11.68	892.98
	1483.71	0.00	11.69	875.88
	1483.72	0.00	11.62	847.82
	1483.74	0.00	11.54	830.78
	1483.75	0.00	11.48	818.75
	1483.76	0.00	11.44	815.72
	1483.77	0.00	11.45	812.69
	1483.78	0.00	11.40	803.67
	1483.79	0.00	11.26	784.70
	1483.81	0.00	11.18	782.74
	1483.82	0.00	10.87	762.92
	1483.83	0.00	10.48	748.23
	1483.84	0.00	10.26	718.36
	1483.85	0.00	10.17	712.40
	1483.86	0.00	10.03	705.48
	1483.87	0.00	9.94	696.49
	1483.89	0.00	9.90	691.49
	1483.90	0.00	9.85	687.49
	1483.91	0.00	9.82	682.48
	1483.92	0.00	9.83	684.48
	1483.93	0.00	9.81	681.48
	1483.94	0.00	9.79	677.49
	1483.95	0.00	9.78	678.48
	1483.97	0.00	9.78	679.49
	1483.98	0.00	9.88	687.48
	1483.99	0.00	9.84	681.45
	1484.00	0.00	9.81	681.48
	1484.01	0.00	9.80	679.48
	1484.02	0.00	9.81	679.48
	1484.04	0.00	9.83	679.48
	1484.05	0.00	9.82	679.47
	1484.06	0.00	9.82	679.47
	1484.07	0.00	9.81	678.47
	1484.08	0.00	9.82	679.47
	1484.09	0.00	9.88	677.42
	1484.10	0.00	9.82	678.46
	1484.11	0.00	9.84	678.45
	1484.13	0.00	9.82	676.45
	1484.14	0.00	9.81	674.44
	1484.15	0.00	9.86	678.44
	1484.16	0.00	9.79	672.45
	1484.17	0.00	9.79	673.47
	1484.19	0.00	9.80	674.47
	1484.20	0.00	9.83	675.46
	1484.21	0.00	9.83	674.46
	1484.22	0.00	9.83	676.46
	1484.23	0.00	9.82	675.46
	1484.24	0.00	9.82	677.48
	1484.25	0.00	9.84	677.46
	1484.27	0.00	9.87	679.46
	1484.28	0.00	9.87	680.45
	1484.29	0.00	9.91	684.44
	1484.30	0.00	9.97	685.40
	1484.31	0.00	9.95	684.41
	1484.32	0.00	9.90	684.47
	1484.33	0.00	9.72	687.66
	1484.35	0.00	9.61	702.87
	1484.36	0.00	9.30	733.32
	1484.37	0.00	9.17	818.58
	1484.38	0.00	9.03	893.71
	1484.39	0.00	8.95	957.77
	1484.40	0.00	9.07	972.80
	1484.42	0.00	9.16	980.82
	1484.43	0.00	9.28	1016.78
	1484.44	0.00	9.37	1036.80
	1484.45	0.00	9.41	1058.89
	1484.46	0.00	9.50	1059.89
	1484.47	0.00	9.58	1067.88
	1484.48	0.00	9.68	1077.83
	1484.50	0.00	9.73	1078.83
	1484.51	0.00	9.80	1073.83
	1484.52	0.00	9.90	1064.82
	1484.53	0.00	10.02	1055.81
	1484.54	0.00	10.11	1038.75
	1484.56	0.00	10.22	1030.70
	1484.57	0.00	10.39	1031.65
	1484.58	0.00	10.47	1023.60
	1484.59	0.00	10.60	1009.44
	1484.60	0.00	10.65	992.41
	1484.61	0.00	10.71	980.31
	1484.62	0.00	10.73	968.27
	1484.64	0.00	10.76	961.24
	1484.65	0.00	10.78	954.19
	1484.66	0.00	10.78	943.15
	1484.67	0.00	10.76	930.12
	1484.68	0.00	10.73	919.12
	1484.69	0.00	10.78	917.06
	1484.70	0.00	10.72	908.13
	1484.72	0.00	10.73	891.12
	1484.73	0.00	10.79	894.08
	1484.74	0.00	10.93	899.97
	1484.75	0.00	11.07	896.81
	1484.76	0.00	11.24	899.62
	1484.78	0.00	11.34	893.42
	1484.79	0.00	11.44	899.38
	1484.80	0.00	11.36	887.41
	1484.81	0.00	11.31	869.39
	1484.82	0.00	11.19	840.37
	1484.83	0.00	11.22	836.31
	1484.84	0.00	11.21	821.21
	1484.86	0.00	11.56	834.10
	1484.87	0.00	11.64	833.99
	1484.88	0.00	11.72	826.84
	1484.89	0.00	11.68	817.80
	1484.90	0.00	11.71	810.74
	1484.91	0.00	11.65	805.76
	1484.93	0.00	11.37	782.71
	1484.94	0.00	11.46	782.64
	1484.95	0.00	11.45	800.61
	1484.96	0.00	11.38	788.60
	1484.97	0.00	11.17	778.72
	1484.98	0.00	11.05	765.73
	1485.00	0.00	10.71	746.94
	1485.01	0.00	10.35	714.19
	1485.02	0.00	10.09	702.36
	1485.03	0.00	9.96	693.41
	1485.04	0.00	9.85	690.51
	1485.05	0.00	9.80	685.53
	1485.06	0.00	9.78	683.53
	1485.08	0.00	9.75	676.50
	1485.09	0.00	9.74	675.50
	1485.10	0.00	9.74	674.49
	1485.11	0.00	9.74	674.49
	1485.12	0.00	9.73	673.50
	1485.13	0.00	9.74	673.48
	1485.15	0.00	9.75	674.48
	1485.16	0.00	9.75	674.48
	1485.17	0.00	9.75	672.47
	1485.18	0.00	9.76	671.47
	1485.19	0.00	9.76	673.47
	1485.20	0.00	9.76	672.46
	1485.21	0.00	9.75	671.46
	1485.22	0.00	9.76	671.45
	1485.24	0.00	9.81	672.44
	1485.25	0.00	9.77	671.44
	1485.26	0.00	9.77	670.43
	1485.27	0.00	9.77	670.43
	1485.28	0.00	9.79	673.44
	1485.29	0.00	9.77	670.43
	1485.31	0.00	9.78	670.43
	1485.32	0.00	9.79	670.42
	1485.33	0.00	9.80	669.40
	1485.34	0.00	9.82	670.38
	1485.35	0.00	9.83	670.37
	1485.36	0.00	9.84	671.36
	1485.38	0.00	9.85	671.35
	1485.39	0.00	9.84	671.36
	1485.40	0.00	9.78	665.37
	1485.41	0.00	9.83	669.35
	1485.42	0.00	9.86	671.34
	1485.43	0.00	9.81	666.34
	1485.44	0.00	9.86	671.34
	1485.46	0.00	9.85	672.36
	1485.47	0.00	9.87	673.34
	1485.48	0.00	9.91	677.34
	1485.49	0.00	9.77	685.53
	1485.50	0.00	9.44	693.94
	1485.51	0.00	9.15	726.29
	1485.52	0.00	9.00	828.56
	1485.54	0.00	8.84	912.71
	1485.55	0.00	8.76	993.80
	1485.56	0.00	8.73	1045.86
	1485.57	0.00	8.94	1104.84
	1485.58	0.00	9.12	1111.90
	1485.59	0.00	9.31	1138.91
	1485.61	0.00	9.45	1163.93
	1485.62	0.00	9.52	1176.94
	1485.63	0.00	9.57	1190.96
	1485.64	0.00	9.65	1201.94
	1485.65	0.00	9.69	1201.94
	1485.66	0.00	9.75	1189.87
	1485.68	0.00	9.89	1159.88
	1485.69	0.00	10.00	1147.86
	1485.70	0.00	10.08	1121.86
	1485.71	0.00	10.16	1101.84
	1485.72	0.00	10.22	1084.82
	1485.73	0.00	10.29	1074.79
	1485.75	0.00	10.35	1065.74
	1485.76	0.00	10.46	1051.62
	1485.77	0.00	10.56	1050.55
	1485.78	0.00	10.66	1053.51
	1485.79	0.00	10.71	1043.46
	1485.80	0.00	10.78	1036.41
	1485.81	0.00	10.86	1037.34
	1485.83	0.00	10.91	1029.26
	1485.84	0.00	10.97	1023.20
	1485.85	0.00	11.08	1021.06
	1485.86	0.00	11.02	1011.16
	1485.87	0.00	11.16	1013.03
	1485.89	0.00	11.30	1006.89
	1485.90	0.00	11.41	1002.72
	1485.91	0.00	11.62	1002.45
	1485.92	0.00	11.62	995.42
	1485.93	0.00	11.65	986.36
	1485.94	0.00	11.69	980.28
	1485.95	0.00	11.67	966.21
	1485.97	0.00	11.59	945.23
	1485.98	0.00	11.59	926.16
	1485.99	0.00	11.58	906.07
	1486.00	0.00	11.61	895.00
	1486.01	0.00	11.61	879.89
	1486.02	0.00	11.58	862.81
	1486.04	0.00	11.54	847.80
	1486.05	0.00	11.50	834.78
	1486.06	0.00	11.49	832.77
	1486.07	0.00	11.45	831.76
	1486.08	0.00	11.38	823.75
	1486.09	0.00	11.43	825.74
	1486.10	0.00	11.35	814.74
	1486.12	0.00	11.26	799.74
	1486.13	0.00	11.18	788.77
	1486.14	0.00	11.04	775.81
	1486.15	0.00	10.64	760.13
	1486.16	0.00	10.40	750.32
	1486.18	0.00	10.20	737.42
	1486.19	0.00	10.17	718.46
	1486.20	0.00	10.04	711.56
	1486.21	0.00	10.00	706.56
	1486.22	0.00	9.94	698.58
	1486.23	0.00	9.90	695.55
	1486.24	0.00	9.86	694.55
	1486.26	0.00	9.85	691.54
	1486.27	0.00	9.80	685.53
	1486.28	0.00	9.74	677.54
	1486.29	0.00	9.72	672.50
	1486.30	0.00	9.71	665.43
	1486.31	0.00	9.84	677.40
	1486.32	0.00	9.84	677.39
	1486.34	0.00	9.84	678.39
	1486.35	0.00	9.85	678.38
	1486.36	0.00	9.85	677.37
	1486.37	0.00	9.84	676.38
	1486.38	0.00	9.87	678.36
	1486.39	0.00	9.84	675.36
	1486.41	0.00	9.87	677.34
	1486.42	0.00	9.90	681.29
	1486.43	0.00	9.92	681.26
	1486.44	0.00	9.95	682.24
	1486.45	0.00	9.94	681.24
	1486.46	0.00	9.95	682.24
	1486.47	0.00	9.93	679.23
	1486.49	0.00	9.95	681.23
	1486.50	0.00	9.95	681.22
	1486.51	0.00	9.96	681.21
	1486.52	0.00	9.99	679.17
	1486.53	0.00	9.85	680.37
	1486.54	0.00	9.84	679.37
	1486.56	0.00	9.84	678.36
	1486.57	0.00	9.87	683.37
	1486.58	0.00	9.88	682.36
	1486.59	0.00	9.89	682.35
	1486.60	0.00	9.88	681.35
	1486.61	0.00	9.87	681.36
	1486.62	0.00	9.91	682.35
	1486.64	0.00	9.87	680.34
	1486.65	0.00	9.89	678.31
	1486.66	0.00	9.86	672.30
	1486.67	0.00	9.90	675.30
	1486.68	0.00	9.92	677.30
	1486.69	0.00	9.93	680.31
	1486.70	0.00	9.76	685.49
	1486.71	0.00	9.59	696.74
	1486.73	0.00	9.44	703.01
	1486.74	0.00	9.23	766.28
	1486.75	0.00	8.81	882.49
	1486.76	0.00	8.67	934.62
	1486.77	0.00	8.80	948.66
	1486.79	0.00	8.91	974.67
	1486.80	0.00	8.99	986.68
	1486.81	0.00	9.13	1014.67
	1486.82	0.00	9.24	1027.69
	1486.83	0.00	9.46	1027.71
	1486.84	0.00	9.64	1034.70
	1486.85	0.00	9.75	1044.72
	1486.87	0.00	9.82	1044.69
	1486.88	0.00	9.91	1040.67
	1486.89	0.00	10.00	1033.64
	1486.90	0.00	10.06	1027.66
	1486.91	0.00	10.09	1013.69
	1486.92	0.00	10.20	1005.65
	1486.94	0.00	10.28	999.56
	1486.95	0.00	10.40	975.42
	1486.96	0.00	10.40	9.71	760.25
	1487.84	0.00	9.74	764.25
	1487.85	0.00	9.82	779.27
	1487.86	0.00	9.69	766.28
	1487.87	0.00	9.72	772.28
	1487.89	0.00	9.72	775.29
	1487.90	0.00	9.74	782.30
	1487.91	0.00	9.73	786.33
	1487.92	0.00	9.72	788.35
	1487.93	0.00	9.73	797.39
	1487.94	0.00	9.71	795.35
	1487.95	0.00	9.68	801.43
	1487.97	0.00	9.69	804.45
	1487.98	0.00	9.69	808.46
	1487.99	0.00	9.75	818.47
	1488.00	0.00	9.74	818.47
	1488.01	0.00	9.74	821.48
	1488.02	0.00	9.74	823.48
	1488.04	0.00	9.70	819.49
	1488.05	0.00	9.72	821.46
	1488.06	0.00	9.71	823.49
	1488.07	0.00	9.68	819.49
	1488.08	0.00	9.68	819.50
	1488.09	0.00	9.72	825.50
	1488.10	0.00	9.72	821.45
	1488.12	0.00	9.70	822.50
	1488.13	0.00	9.69	821.50
	1488.14	0.00	9.68	821.50
	1488.15	0.00	9.69	822.50
	1488.16	0.00	9.66	821.53
	1488.17	0.00	9.72	823.50
	1488.19	0.00	9.70	822.50
	1488.20	0.00	9.70	821.49
	1488.21	0.00	9.70	820.47
	1488.22	0.00	9.72	825.50
	1488.23	0.00	9.71	823.50
	1488.24	0.00	9.71	823.49
	1488.25	0.00	9.70	822.49
	1488.27	0.00	9.71	824.50
	1488.28	0.00	9.70	821.49
	1488.29	0.00	9.71	823.49
	1488.30	0.00	9.72	824.48
	1488.31	0.00	9.74	828.50
	1488.32	0.00	9.71	821.48
	1488.33	0.00	9.73	824.48
	1488.35	0.00	9.73	821.47
	1488.36	0.00	9.76	829.49
	1488.37	0.00	9.72	824.54
	1488.38	0.00	9.75	824.49
	1488.39	0.00	9.74	821.48
	1488.41	0.00	9.78	825.47
	1488.42	0.00	9.73	822.51
	1488.43	0.00	9.78	822.47
	1488.44	0.00	9.80	824.46
	1488.45	0.00	9.79	821.46
	1488.46	0.00	9.81	821.45
	1488.47	0.00	9.86	826.41
	1488.49	0.00	9.81	819.44
	1488.50	0.00	9.82	819.44
	1488.51	0.00	9.83	819.44
	1	667.40
	1491.67	0.00	9.80	667.34
	1491.68	0.00	9.84	666.27
	1491.69	0.00	9.83	677.42
	1491.71	0.00	9.85	678.42
	1491.72	0.00	9.84	681.45
	1491.73	0.00	9.83	679.45
	1491.74	0.00	9.82	681.47
	1491.75	0.00	9.81	682.47
	1491.77	0.00	9.81	700.56
	1491.78	0.00	9.67	715.83
	1491.79	0.00	9.70	765.05
	1491.80	0.00	9.56	784.23
	1491.81	0.00	9.53	803.33
	1491.82	0.00	9.56	815.37
	1491.83	0.00	9.56	820.41
	1491.85	0.00	9.53	842.43
	1491.86	0.00	9.50	863.48
	1491.87	0.00	9.38	892.54
	1491.88	0.00	9.22	938.59
	1491.89	0.00	9.18	999.63
	1491.90	0.00	9.12	1026.63
	1491.91	0.00	8.96	1078.75
	1491.93	0.00	8.92	1110.79
	1491.94	0.00	8.80	1133.98
	1491.95	0.00	8.75	1149.03
	1491.96	0.00	8.75	1159.07
	1491.97	0.00	8.73	1168.08
	1491.98	0.00	8.71	1173.11
	1492.00	0.00	8.71	1173.09
	1492.01	0.00	8.74	1170.00
	1492.02	0.00	8.73	1168.04
	1492.03	0.00	8.70	1161.07
	1492.04	0.00	8.70	1155.04
	1492.06	0.00	8.70	1146.04
	1492.07	0.00	8.70	1145.04
	1492.08	0.00	8.69	1142.04
	1492.09	0.00	8.70	1140.05
	1492.10	0.00	8.68	1132.97
	1492.11	0.00	8.66	1133.01
	1492.12	0.00	8.66	1135.03
	1492.14	0.00	8.63	1136.04
	1492.15	0.00	8.62	1142.08
	1492.16	0.00	8.60	1144.08
	1492.17	0.00	8.56	1144.10
	1492.18	0.00	8.54	1149.10
	1492.19	0.00	8.50	1152.19
	1492.21	0.00	8.49	1155.17
	1492.22	0.00	8.49	1159.19
	1492.23	0.00	8.48	1159.19
	1492.24	0.00	8.45	1158.20
	1492.25	0.00	8.46	1159.20
	1492.26	0.00	8.46	1158.15
	1492.28	0.00	8.47	1157.15
	1492.29	0.00	8.47	1156.15
	1492.30	0.00	8.46	1153.14
	1492.31	0.00	8.43	1149.15
	1492.32	0.00	8.46	1150.14
	1492.33	0.00	8.44	1143.13
	1492.35	0.00	8.45	1139.12
	1492.36	0.00	8.47	1134.10
	1492.37	0.00	8.48	1125.11
	1492.38	0.00	8.50	1113.09
	1492.39	0.00	8.52	1107.09
	1492.41	0.00	8.55	1090.07
	1492.42	0.00	8.58	1067.08
	1492.43	0.00	8.68	1025.09
	1492.44	0.00	8.82	976.06
	1492.45	0.00	9.03	906.02
	1492.46	0.00	9.06	862.98
	1492.47	0.00	9.06	829.95
	1492.49	0.00	9.11	801.87
	1492.50	0.00	9.08	759.76
	1492.51	0.00	9.09	711.64
	1492.52	0.00	9.10	700.53
	1492.53	0.00	9.16	693.42
	1492.54	0.00	9.21	681.27
	1492.56	0.00	9.39	679.06
	1492.57	0.00	9.46	676.91
	1492.58	0.00	9.47	674.87
	1492.59	0.00	9.51	674.82
	1492.60	0.00	9.52	675.83
	1492.61	0.00	9.51	673.80
	1492.62	0.00	9.51	669.78
	1492.64	0.00	9.52	670.77
	1492.65	0.00	9.47	664.76
	1492.66	0.00	9.51	666.73
	1492.67	0.00	9.53	666.71
	1492.68	0.00	9.53	666.70
	1492.69	0.00	9.51	662.70
	1492.70	0.00	9.55	667.69
	1492.72	0.00	9.55	665.69
	1492.73	0.00	9.57	668.68
	1492.74	0.00	9.57	667.66
	1492.75	0.00	9.54	664.69
	1492.76	0.00	9.54	666.68
	1492.77	0.00	9.55	666.68
	1492.79	0.00	9.54	665.68
	1492.80	0.00	9.53	663.68
	1492.81	0.00	9.54	664.67
	1492.82	0.00	9.55	664.66
	1492.83	0.00	9.57	663.65
	1492.84	0.00	9.54	662.67
	1492.85	0.00	9.57	665.65
	1492.87	0.00	9.56	664.65
	1492.88	0.00	9.57	665.65
	1492.89	0.00	9.57	668.66
	1492.90	0.00	9.55	665.65
	1492.91	0.00	9.54	664.65
	1492.92	0.00	9.55	665.65
	1492.94	0.00	9.57	663.59
	1492.95	0.00	9.56	665.65
	1492.96	0.00	9.54	664.65
	1492.97	0.00	9.56	666.65
	1492.98	0.00	9.59	671.67
	1492.99	0.00	9.62	671.65
	1493.01	0.00	9.59	668.65
	1493.02	0.00	9.60	669.65
	1493.03	0.00	9.59	669.67
	1493.04	0.00	9.62	670.64
	1493.05	0.00	9.51	673.78
	1493.06	0.00	9.32	682.08
	1493.07	0.00	9.14	690.32
	1493.09	0.00	9.06	713.47
	1493.10	0.00	8.95	729.58
	1493.11	0.00	8.94	749.65
	1493.12	0.00	8.99	775.67
	1493.13	0.00	9.01	788.71
	1493.14	0.00	9.05	808.72
	1493.16	0.00	9.00	816.79
	1493.17	0.00	9.09	840.74
	1493.18	0.00	9.09	853.71
	1493.19	0.00	9.17	875.67
	1493.20	0.00	9.12	888.76
	1493.21	0.00	9.14	906.75
	1493.22	0.00	9.12	922.81
	1493.24	0.00	9.22	967.83
	1493.25	0.00	9.23	979.86
	1493.26	0.00	9.29	986.84
	1493.27	0.00	9.32	993.84
	1493.28	0.00	9.36	1000.86
	1493.29	0.00	9.37	999.92
	1493.31	0.00	9.37	998.88
	1493.32	0.00	9.41	1008.88
	1493.33	0.00	9.42	1011.88
	1493.34	0.00	9.46	1017.88
	1493.35	0.00	9.44	1014.90
	1493.36	0.00	9.49	1020.89
	1493.38	0.00	9.44	1011.89
	1493.39	0.00	9.48	1014.90
	1493.40	0.00	9.56	1020.89
	1493.41	0.00	9.55	1011.87
	1493.42	0.00	9.56	1009.88
	1493.43	0.00	9.57	1005.88
	1493.44	0.00	9.59	1003.88
	1493.46	0.00	9.59	1002.89
	1493.47	0.00	9.56	993.87
	1493.48	0.00	9.63	1002.86
	1493.49	0.00	9.66	1004.86
	1493.50	0.00	9.66	1007.86
	1493.52	0.00	9.65	1006.89
	1493.53	0.00	9.69	1009.85
	1493.54	0.00	9.67	1009.89
	1493.55	0.00	9.71	1014.88
	1493.56	0.00	9.66	1010.92
	1493.57	0.00	9.72	1015.88
	1493.58	0.00	9.74	1019.88
	1493.60	0.00	9.73	1017.89
	1493.61	0.00	9.71	1012.89
	1493.62	0.00	9.77	1022.89
	1493.63	0.00	9.78	1026.90
	1493.64	0.00	9.80	1028.90
	1493.65	0.00	9.78	1026.94
	1493.67	0.00	9.84	1030.89
	1493.68	0.00	9.87	1021.81
	1493.69	0.00	9.86	1021.84
	1493.70	0.00	9.87	1020.86
	1493.71	0.00	9.87	1019.86
	1493.72	0.00	9.86	1018.86
	1493.73	0.00	9.85	1016.87
	1493.75	0.00	9.84	1017.88
	1493.76	0.00	9.76	1002.86
	1493.77	0.00	9.80	1007.90
	1493.78	0.00	9.78	999.92
	1493.79	0.00	9.77	988.92
	1493.81	0.00	9.87	974.70
	1493.82	0.00	9.88	962.65
	1493.83	0.00	9.88	949.65
	1493.84	0.00	9.87	935.61
	1493.85	0.00	9.87	924.59
	1493.86	0.00	9.92	908.49
	1493.87	0.00	9.94	895.44
	1493.89	0.00	9.96	881.41
	1493.90	0.00	9.92	862.38
	1493.91	0.00	9.92	848.35
	1493.92	0.00	9.93	834.28
	1493.93	0.00	9.95	816.18
	1493.94	0.00	9.93	779.10
	1493.95	0.00	9.87	754.03
	1493.97	0.00	10.00	742.80
	1493.98	0.00	10.04	729.66
	1493.99	0.00	10.03	722.61
	1494.00	0.00	10.01	717.57
	1494.01	0.00	9.95	709.56
	1494.03	0.00	9.92	704.56
	1494.04	0.00	9.88	697.55
	1494.05	0.00	9.83	693.55
	1494.06	0.00	9.83	709.54
	1494.07	0.00	9.80	687.54
	1494.08	0.00	9.79	686.53
	1494.09	0.00	9.80	685.52
	1494.10	0.00	9.78	683.52
	1494.12	0.00	9.77	684.52
	1494.13	0.00	9.77	683.52
	1494.14	0.00	9.75	681.51
	1494.15	0.00	9.77	683.52
	1494.16	0.00	9.78	683.51
	1494.17	0.00	9.78	684.51
	1494.19	0.00	9.78	684.51
	1494.20	0.00	9.78	684.50
	1494.21	0.00	9.74	684.54
	1494.22	0.00	9.66	688.63
	1494.23	0.00	9.56	690.76
	1494.24	0.00	9.49	693.87
	1494.25	0.00	9.43	697.96
	1494.27	0.00	9.42	705.01
	1494.28	0.00	9.32	708.15
	1494.29	0.00	9.36	720.18
	1494.30	0.00	9.47	740.17
	1494.31	0.00	9.54	750.19
	1494.32	0.00	9.62	762.18
	1494.33	0.00	9.69	771.17
	1494.35	0.00	9.68	768.17
	1494.36	0.00	9.73	774.18
	1494.37	0.00	9.85	787.12
	1494.38	0.00	9.94	787.98
	1494.39	0.00	9.94	791.02
	1494.41	0.00	9.89	790.07
	1494.42	0.00	9.87	804.25
	1494.43	0.00	9.81	808.33
	1494.44	0.00	9.85	818.34
	1494.45	0.00	9.89	823.28
	1494.46	0.00	9.86	832.40
	1494.47	0.00	9.79	834.47
	1494.49	0.00	9.76	837.52
	1494.50	0.00	9.75	845.55
	1494.51	0.00	9.77	839.47
	1494.52	0.00	9.73	848.61
	1494.53	0.00	9.70	849.63
	1494.54	0.00	9.72	855.65
	1494.56	0.00	9.69	856.69
	1494.57	0.00	9.71	860.67
	1494.58	0.00	9.66	859.69
	1494.59	0.00	9.67	867.70
	1494.60	0.00	9.61	869.77
	1494.61	0.00	9.65	870.72
	1494.62	0.00	9.63	868.67
	1494.64	0.00	9.62	873.70
	1494.65	0.00	9.62	895.76
	1494.66	0.00	9.63	899.73
	1494.67	0.00	9.64	903.74
	1494.68	0.00	9.64	907.74
	1494.69	0.00	9.67	907.69
	1494.70	0.00	9.64	906.72
	1494.72	0.00	9.63	902.71
	1494.73	0.00	9.63	903.71
	1494.74	0.00	9.62	905.75
	1494.75	0.00	9.67	910.73
	1494.76	0.00	9.69	914.73
	1494.77	0.00	9.71	919.74
	1494.79	0.00	9.66	914.76
	1494.80	0.00	9.73	921.73
	1494.81	0.00	9.71	920.73
	1494.82	0.00	9.71	920.73
	1494.83	0.00	9.70	917.74
	1494.84	0.00	9.72	920.73
	1494.85	0.00	9.72	919.73
	1494.87	0.00	9.72	920.73
	1494.88	0.00	9.72	919.73
	1494.89	0.00	9.71	922.73
	1494.90	0.00	9.72	922.73
	1494.91	0.00	9.76	925.67
	1494.92	0.00	9.72	924.73
	1494.94	0.00	9.72	921.73
	1494.95	0.00	9.72	922.74
	1494.96	0.00	9.71	923.77
	1494.97	0.00	9.71	921.74
	1494.98	0.00	9.71	922.74
	1494.99	0.00	9.73	922.74
	1495.01	0.00	9.73	921.73
	1495.02	0.00	9.73	920.73
	1495.03	0.00	9.73	918.73
	1495.04	0.00	9.75	917.72
	1495.05	0.00	9.74	914.72
	1495.06	0.00	9.73	907.66
	1495.07	0.00	9.73	908.69
	1495.09	0.00	9.78	915.70
	1495.10	0.00	9.74	911.73
	1495.11	0.00	9.74	906.70
	1495.12	0.00	9.79	912.70
	1495.13	0.00	9.72	899.70
	1495.14	0.00	9.79	903.62
	1495.16	0.00	9.75	903.71
	1495.17	0.00	9.77	904.72
	1495.18	0.00	9.75	901.72
	1495.19	0.00	9.76	901.70
	1495.20	0.00	9.76	900.72
	1495.21	0.00	9.77	901.71
	1495.22	0.00	9.76	896.71
	1495.24	0.00	9.75	897.74
	1495.25	0.00	9.75	895.71
	1495.26	0.00	9.77	898.70
	1495.27	0.00	9.76	894.69
	1495.28	0.00	9.74	892.71
	1495.29	0.00	9.77	892.69
	1495.31	0.00	9.77	888.68
	1495.32	0.00	9.76	889.68
	1495.33	0.00	9.75	888.69
	1495.34	0.00	9.75	880.61
	1495.35	0.00	9.74	882.66
	1495.36	0.00	9.76	884.67
	1495.37	0.00	9.83	882.53
	1495.39	0.00	9.75	881.68
	1495.40	0.00	9.77	880.68
	1495.41	0.00	9.76	878.68
	1495.42	0.00	9.77	876.66
	1495.43	0.00	9.77	877.67
	1495.44	0.00	9.77	874.67
	1495.45	0.00	9.77	870.66
	1495.47	0.00	9.74	865.65
	1495.48	0.00	9.79	873.66
	1495.49	0.00	9.77	870.66
	1495.50	0.00	9.76	869.66
	1495.51	0.00	9.75	867.68
	1495.53	0.00	9.77	869.66
	1495.54	0.00	9.76	868.66
	1495.55	0.00	9.75	868.66
	1495.56	0.00	9.75	867.65
	1495.57	0.00	9.74	865.66
	1495.58	0.00	9.76	863.61
	1495.59	0.00	9.75	863.61
	1495.61	0.00	9.77	866.60
	1495.62	0.00	9.76	863.60
	1495.63	0.00	9.75	863.61
	1495.64	0.00	9.76	866.61
	1495.65	0.00	9.75	867.63
	1495.66	0.00	9.76	870.61
	1495.68	0.00	9.76	866.61
	1495.69	0.00	9.75	867.62
	1495.70	0.00	9.73	868.65
	1495.71	0.00	9.76	867.62
	1495.72	0.00	9.75	867.62
	1495.73	0.00	9.75	867.62
	1495.74	0.00	9.73	866.65
	1495.76	0.00	9.75	870.62
	1495.77	0.00	9.75	868.62
	1495.78	0.00	9.74	870.62
	1495.79	0.00	9.69	865.64
	1495.80	0.00	9.71	866.62
	1495.81	0.00	9.70	863.62
	1495.82	0.00	9.70	864.62
	1495.84	0.00	9.71	865.60
	1495.85	0.00	9.71	866.62
	1495.86	0.00	9.70	866.62
	1495.87	0.00	9.70	866.62
	1495.88	0.00	9.70	866.61
	1495.90	0.00	9.70	866.63
	1495.91	0.00	9.70	865.61
	1495.92	0.00	9.70	865.61
	1495.93	0.00	9.69	864.61
	1495.94	0.00	9.71	864.58
	1495.95	0.00	9.71	867.61
	1495.96	0.00	9.69	864.61
	1495.97	0.00	9.69	845.61
	1495.99	0.00	9.68	842.62
	1496.00	0.00	9.70	864.61
	1496.01	0.00	9.70	864.61
	1496.02	0.00	9.70	844.60
	1496.03	0.00	9.68	840.61
	1496.04	0.00	9.69	841.60
	1496.06	0.00	9.69	841.60
	1496.07	0.00	9.69	843.60
	1496.08	0.00	9.71	846.60
	1496.09	0.00	9.67	842.60
	1496.10	0.00	9.70	843.60
	1496.11	0.00	9.72	862.60
	1496.13	0.00	9.70	843.60
	1496.14	0.00	9.70	843.60
	1496.15	0.00	9.69	842.60
	1496