64.26
	5019.13	0.00	13.29	2363.26
	5019.14	0.00	13.29	2362.27
	5019.15	0.00	13.30	2362.26
	5019.16	0.00	13.29	2362.27
	5019.17	0.00	13.29	2359.26
	5019.19	0.00	13.29	2360.26
	5019.20	0.00	13.30	2358.26
	5019.21	0.00	13.30	2358.25
	5019.22	0.00	13.30	2359.25
	5019.23	0.00	13.29	2356.25
	5019.25	0.00	13.30	2353.24
	5019.26	0.00	13.30	2355.25
	5019.27	0.00	13.31	2355.23
	5019.28	0.00	13.31	2356.23
	5019.29	0.00	13.32	2357.22
	5019.30	0.00	13.34	2355.17
	5019.32	0.00	13.32	2350.20
	5019.33	0.00	13.34	2352.18
	5019.34	0.00	13.35	2350.17
	5019.35	0.00	13.36	2352.15
	5019.36	0.00	13.37	2353.13
	5019.38	0.00	13.37	2351.13
	5019.39	0.00	13.36	2350.13
	5019.40	0.00	13.37	2351.13
	5019.41	0.00	13.36	2348.13
	5019.42	0.00	13.34	2335.12
	5019.43	0.00	13.36	2350.13
	5019.45	0.00	13.37	2348.13
	5019.46	0.00	13.37	2350.13
	5019.47	0.00	13.37	2349.13
	5019.48	0.00	13.37	2348.12
	5019.49	0.00	13.36	2350.12
	5019.51	0.00	13.36	2350.12
	5019.52	0.00	13.37	2351.12
	5019.53	0.00	13.36	2351.13
	5019.54	0.00	13.36	2352.13
	5019.55	0.00	13.36	2351.13
	5019.56	0.00	13.35	2350.14
	5019.58	0.00	13.35	2349.13
	5019.59	0.00	13.34	2350.14
	5019.60	0.00	13.34	2348.13
	5019.61	0.00	13.34	2346.15
	5019.62	0.00	13.34	2347.16
	5019.64	0.00	13.35	2347.12
	5019.65	0.00	13.34	2347.16
	5019.66	0.00	13.34	2346.16
	5019.67	0.00	13.32	2341.17
	5019.68	0.00	13.32	2340.17
	5019.69	0.00	13.32	2340.18
	5019.71	0.00	13.32	2345.18
	5019.72	0.00	13.32	2345.19
	5019.73	0.00	13.31	2346.20
	5019.74	0.00	13.31	2347.20
	5019.75	0.00	13.31	2350.22
	5019.77	0.00	13.31	2350.21
	5019.78	0.00	13.31	2352.22
	5019.79	0.00	13.30	2353.23
	5019.80	0.00	13.30	2352.23
	5019.81	0.00	13.30	2355.24
	5019.83	0.00	13.30	2356.24
	5019.84	0.00	13.30	2354.22
	5019.85	0.00	13.30	2357.23
	5019.86	0.00	13.30	2357.23
	5019.87	0.00	13.30	2362.23
	5019.88	0.00	13.29	2359.23
	5019.90	0.00	13.29	2360.23
	5019.91	0.00	13.29	2360.24
	5019.92	0.00	13.28	2361.25
	5019.93	0.00	13.28	2361.24
	5019.94	0.00	13.28	2361.25
	5019.95	0.00	13.29	2360.24
	5019.97	0.00	13.28	2360.24
	5019.98	0.00	13.28	2360.25
	5019.99	0.00	13.27	2358.25
	5020.00	0.00	13.27	2355.24
	5020.01	0.00	13.27	2356.24
	5020.03	0.00	13.27	2353.24
	5020.04	0.00	13.28	2355.24
	5020.05	0.00	13.27	2354.24
	5020.06	0.00	13.28	2353.24
	5020.07	0.00	13.27	2351.24
	5020.08	0.00	13.28	2351.23
	5020.10	0.00	13.28	2351.23
	5020.11	0.00	13.27	2349.23
	5020.12	0.00	13.28	2350.23
	5020.13	0.00	13.27	2351.24
	5020.14	0.00	13.28	2351.22
	5020.16	0.00	13.28	2350.22
	5020.17	0.00	13.28	2350.22
	5020.18	0.00	13.30	2351.18
	5020.19	0.00	13.28	2353.23
	5020.20	0.00	13.28	2352.24
	5020.22	0.00	13.28	2353.24
	5020.23	0.00	13.28	2352.24
	5020.24	0.00	13.27	2351.24
	5020.25	0.00	13.28	2352.25
	5020.26	0.00	13.27	2351.25
	5020.27	0.00	13.27	2350.25
	5020.29	0.00	13.30	2347.20
	5020.30	0.00	13.29	2350.25
	5020.31	0.00	13.28	2348.25
	5020.32	0.00	13.29	2343.23
	5020.33	0.00	13.30	2344.21
	5020.35	0.00	13.30	2346.22
	5020.36	0.00	13.31	2348.20
	5020.37	0.00	13.30	2347.20
	5020.38	0.00	13.30	2343.20
	5020.39	0.00	13.30	2344.20
	5020.40	0.00	13.31	2345.20
	5020.42	0.00	13.30	2342.20
	5020.43	0.00	13.30	2341.20
	5020.44	0.00	13.30	2338.20
	5020.45	0.00	13.29	2337.23
	5020.46	0.00	13.30	2335.21
	5020.48	0.00	13.29	2335.21
	5020.49	0.00	13.30	2336.21
	5020.50	0.00	13.29	2334.22
	5020.51	0.00	13.28	2329.23
	5020.52	0.00	13.27	2326.23
	5020.54	0.00	13.27	2325.23
	5020.55	0.00	13.27	2325.24
	5020.56	0.00	13.27	2327.24
	5020.57	0.00	13.27	2322.24
	5020.58	0.00	13.27	2324.24
	5020.60	0.00	13.27	2324.24
	5020.61	0.00	13.29	2324.19
	5020.62	0.00	13.27	2326.24
	5020.63	0.00	13.27	2326.24
	5020.64	0.00	13.27	2326.24
	5020.65	0.00	13.27	2327.25
	5020.66	0.00	13.27	2327.24
	5020.68	0.00	13.27	2328.24
	5020.69	0.00	13.26	2325.24
	5020.70	0.00	13.26	2328.24
	5020.71	0.00	13.27	2330.24
	5020.72	0.00	13.28	2329.23
	5020.74	0.00	13.28	2330.23
	5020.75	0.00	13.27	2329.23
	5020.76	0.00	13.26	2328.26
	5020.77	0.00	13.28	2330.23
	5020.78	0.00	13.28	2330.23
	5020.79	0.00	13.27	2328.23
	5020.81	0.00	13.27	2327.23
	5020.82	0.00	13.28	2328.22
	5020.83	0.00	13.26	2321.23
	5020.84	0.00	13.28	2329.22
	5020.85	0.00	13.28	2325.22
	5020.87	0.00	13.27	2324.22
	5020.88	0.00	13.28	2326.22
	5020.89	0.00	13.28	2324.21
	5020.90	0.00	13.28	2323.21
	5020.91	0.00	13.28	2319.21
	5020.93	0.00	13.27	2323.22
	5020.94	0.00	13.28	2323.21
	5020.95	0.00	13.28	2322.20
	5020.96	0.00	13.29	2324.20
	5020.97	0.00	13.28	2322.20
	5020.98	0.00	13.28	2321.19
	5021.00	0.00	13.29	2323.19
	5021.01	0.00	13.30	2324.18
	5021.02	0.00	13.30	2321.17
	5021.03	0.00	13.29	2323.17
	5021.04	0.00	13.30	2322.17
	5021.06	0.00	13.30	2323.18
	5021.07	0.00	13.30	2324.18
	5021.08	0.00	13.30	2323.17
	5021.09	0.00	13.29	2318.16
	5021.10	0.00	13.31	2322.15
	5021.12	0.00	13.30	2321.15
	5021.13	0.00	13.31	2321.14
	5021.14	0.00	13.31	2320.13
	5021.15	0.00	13.32	2323.12
	5021.16	0.00	13.32	2320.11
	5021.17	0.00	13.32	2322.11
	5021.19	0.00	13.33	2323.09
	5021.20	0.00	13.33	2321.08
	5021.21	0.00	13.33	2319.07
	5021.22	0.00	13.34	2320.06
	5021.23	0.00	13.35	2321.03
	5021.25	0.00	13.35	2322.03
	5021.26	0.00	13.36	2324.02
	5021.27	0.00	13.36	2323.02
	5021.28	0.00	13.35	2325.03
	5021.29	0.00	13.35	2324.04
	5021.31	0.00	13.35	2320.03
	5021.32	0.00	13.35	2323.02
	5021.33	0.00	13.35	2322.03
	5021.34	0.00	13.34	2323.04
	5021.35	0.00	13.34	2323.05
	5021.37	0.00	13.34	2321.05
	5021.38	0.00	13.35	2319.05
	5021.39	0.00	13.34	2319.05
	5021.40	0.00	13.33	2314.06
	5021.41	0.00	13.34	2314.04
	5021.42	0.00	13.33	2315.07
	5021.43	0.00	13.33	2316.06
	5021.45	0.00	13.33	2317.07
	5021.46	0.00	13.34	2317.07
	5021.47	0.00	13.33	2317.08
	5021.48	0.00	13.33	2317.07
	5021.50	0.00	13.33	2318.07
	5021.51	0.00	13.33	2316.07
	5021.52	0.00	13.33	2316.08
	5021.53	0.00	13.34	2320.07
	5021.54	0.00	13.34	2322.07
	5021.55	0.00	13.34	2322.08
	5021.56	0.00	13.34	2323.07
	5021.58	0.00	13.34	2323.07
	5021.59	0.00	13.34	2324.08
	5021.60	0.00	13.33	2322.07
	5021.61	0.00	13.33	2322.08
	5021.62	0.00	13.33	2323.08
	5021.64	0.00	13.33	2323.09
	5021.65	0.00	13.32	2325.09
	5021.66	0.00	13.33	2325.08
	5021.67	0.00	13.33	2324.08
	5021.68	0.00	13.33	2324.08
	5021.70	0.00	13.33	2325.08
	5021.71	0.00	13.33	2325.08
	5021.72	0.00	13.33	2325.07
	5021.73	0.00	13.34	2324.07
	5021.74	0.00	13.34	2324.06
	5021.75	0.00	13.33	2323.08
	5021.77	0.00	13.34	2324.06
	5021.78	0.00	13.34	2322.06
	5021.79	0.00	13.33	2322.07
	5021.80	0.00	13.33	2320.07
	5021.81	0.00	13.32	2319.09
	5021.83	0.00	13.33	2322.07
	5021.84	0.00	13.33	2322.07
	5021.85	0.00	13.33	2319.07
	5021.86	0.00	13.32	2319.08
	5021.87	0.00	13.32	2319.08
	5021.88	0.00	13.33	2320.07
	5021.90	0.00	13.32	2318.07
	5021.91	0.00	13.33	2319.06
	5021.92	0.00	13.33	2320.07
	5021.93	0.00	13.33	2321.07
	5021.94	0.00	13.34	2320.05
	5021.96	0.00	13.34	2320.04
	5021.97	0.00	13.35	2320.04
	5021.98	0.00	13.34	2322.06
	5021.99	0.00	13.35	2322.03
	5022.00	0.00	13.36	2321.02
	5022.02	0.00	13.36	2321.01
	5022.03	0.00	13.36	2321.01
	5022.04	0.00	13.35	2316.00
	5022.05	0.00	13.37	2323.00
	5022.06	0.00	13.37	2321.99
	5022.07	0.00	13.38	2321.97
	5022.09	0.00	13.40	2322.92
	5022.10	0.00	13.40	2322.94
	5022.11	0.00	13.40	2325.92
	5022.12	0.00	13.41	2321.89
	5022.13	0.00	13.41	2321.89
	5022.14	0.00	13.42	2325.88
	5022.16	0.00	13.40	2323.92
	5022.17	0.00	13.39	2322.93
	5022.18	0.00	13.39	2321.93
	5022.19	0.00	13.38	2322.94
	5022.20	0.00	13.37	2320.96
	5022.22	0.00	13.36	2320.99
	5022.23	0.00	13.36	2317.99
	5022.24	0.00	13.36	2319.02
	5022.25	0.00	13.34	2317.03
	5022.26	0.00	13.34	2311.03
	5022.27	0.00	13.33	2311.04
	5022.29	0.00	13.33	2311.05
	5022.30	0.00	13.33	2312.06
	5022.31	0.00	13.33	2313.07
	5022.32	0.00	13.34	2318.06
	5022.33	0.00	13.33	2313.07
	5022.35	0.00	13.31	2309.07
	5022.36	0.00	13.33	2317.07
	5022.37	0.00	13.33	2319.07
	5022.38	0.00	13.33	2319.08
	5022.39	0.00	13.33	2318.08
	5022.41	0.00	13.32	2316.08
	5022.42	0.00	13.33	2316.07
	5022.43	0.00	13.32	2316.08
	5022.44	0.00	13.32	2316.08
	5022.45	0.00	13.32	2317.08
	5022.46	0.00	13.32	2315.08
	5022.48	0.00	13.32	2312.08
	5022.49	0.00	13.32	2313.08
	5022.50	0.00	13.32	2313.08
	5022.51	0.00	13.31	2311.08
	5022.52	0.00	13.30	2310.10
	5022.54	0.00	13.31	2311.08
	5022.55	0.00	13.31	2310.08
	5022.56	0.00	13.31	2311.08
	5022.57	0.00	13.31	2310.08
	5022.58	0.00	13.30	2310.10
	5022.60	0.00	13.32	2310.08
	5022.61	0.00	13.31	2309.08
	5022.62	0.00	13.30	2303.08
	5022.63	0.00	13.31	2303.06
	5022.64	0.00	13.30	2303.08
	5022.65	0.00	13.30	2302.08
	5022.67	0.00	13.30	2302.08
	5022.68	0.00	13.30	2302.08
	5022.69	0.00	13.30	2304.07
	5022.70	0.00	13.30	2307.08
	5022.71	0.00	13.30	2305.08
	5022.73	0.00	13.30	2305.08
	5022.74	0.00	13.31	2307.06
	5022.75	0.00	13.31	2306.07
	5022.76	0.00	13.31	2310.06
	5022.77	0.00	13.32	2309.06
	5022.78	0.00	13.31	2308.07
	5022.80	0.00	13.32	2308.06
	5022.81	0.00	13.32	2308.05
	5022.82	0.00	13.32	2307.05
	5022.83	0.00	13.32	2308.05
	5022.84	0.00	13.32	2307.05
	5022.86	0.00	13.32	2308.05
	5022.87	0.00	13.31	2306.08
	5022.88	0.00	13.33	2306.04
	5022.89	0.00	13.33	2308.04
	5022.90	0.00	13.33	2304.02
	5022.91	0.00	13.34	2307.99
	5022.93	0.00	13.34	2308.99
	5022.94	0.00	13.34	2305.99
	5022.95	0.00	13.34	2304.99
	5022.96	0.00	13.34	2306.99
	5022.97	0.00	13.34	2306.00
	5022.99	0.00	13.34	2306.00
	5023.00	0.00	13.34	2304.98
	5023.01	0.00	13.33	2304.00
	5023.02	0.00	13.33	2305.01
	5023.03	0.00	13.33	2302.02
	5023.04	0.00	13.33	2303.02
	5023.06	0.00	13.34	2303.01
	5023.07	0.00	13.34	2302.01
	5023.08	0.00	13.34	2302.01
	5023.09	0.00	13.33	2295.02
	5023.10	0.00	13.33	2297.03
	5023.12	0.00	13.32	2298.03
	5023.13	0.00	13.33	2300.04
	5023.14	0.00	13.33	2302.03
	5023.15	0.00	13.33	2301.03
	5023.16	0.00	13.33	2303.04
	5023.17	0.00	13.33	2302.03
	5023.19	0.00	13.33	2307.04
	5023.20	0.00	13.33	2307.04
	5023.21	0.00	13.34	2308.04
	5023.22	0.00	13.34	2309.04
	5023.23	0.00	13.34	2309.04
	5023.25	0.00	13.33	2306.04
	5023.26	0.00	13.33	2308.04
	5023.27	0.00	13.34	2310.04
	5023.28	0.00	13.34	2310.03
	5023.29	0.00	13.32	2302.04
	5023.31	0.00	13.34	2307.03
	5023.32	0.00	13.34	2309.03
	5023.33	0.00	13.34	2310.03
	5023.34	0.00	13.34	2309.03
	5023.35	0.00	13.36	2308.99
	5023.37	0.00	13.34	2311.03
	5023.38	0.00	13.34	2309.03
	5023.39	0.00	13.34	2310.03
	5023.40	0.00	13.34	2308.03
	5023.41	0.00	13.33	2304.04
	5023.42	0.00	13.33	2305.03
	5023.43	0.00	13.33	2304.03
	5023.45	0.00	13.33	2303.03
	5023.46	0.00	13.33	2304.03
	5023.47	0.00	13.33	2304.03
	5023.48	0.00	13.33	2305.03
	5023.50	0.00	13.33	2303.03
	5023.51	0.00	13.33	2304.03
	5023.52	0.00	13.33	2305.03
	5023.53	0.00	13.34	2306.03
	5023.54	0.00	13.33	2307.03
	5023.55	0.00	13.33	2305.03
	5023.56	0.00	13.34	2306.03
	5023.58	0.00	13.34	2305.01
	5023.59	0.00	13.34	2304.02
	5023.60	0.00	13.34	2307.03
	5023.61	0.00	13.34	2308.02
	5023.62	0.00	13.35	2307.02
	5023.64	0.00	13.34	2305.02
	5023.65	0.00	13.36	2305.97
	5023.66	0.00	13.35	2308.03
	5023.67	0.00	13.34	2307.03
	5023.68	0.00	13.34	2305.03
	5023.69	0.00	13.34	2306.04
	5023.71	0.00	13.34	2305.04
	5023.72	0.00	13.35	2308.04
	5023.73	0.00	13.34	2305.05
	5023.74	0.00	13.34	2305.04
	5023.75	0.00	13.34	2304.05
	5023.77	0.00	13.33	2304.06
	5023.78	0.00	13.33	2295.03
	5023.79	0.00	13.35	2302.00
	5023.80	0.00	13.36	2302.99
	5023.81	0.00	13.36	2303.98
	5023.83	0.00	13.37	2302.98
	5023.84	0.00	13.36	2303.98
	5023.85	0.00	13.36	2303.98
	5023.86	0.00	13.36	2302.98
	5023.87	0.00	13.34	2295.98
	5023.88	0.00	13.36	2300.97
	5023.90	0.00	13.36	2299.97
	5023.91	0.00	13.36	2298.97
	5023.92	0.00	13.35	2299.97
	5023.93	0.00	13.34	2295.99
	5023.94	0.00	13.35	2298.99
	5023.96	0.00	13.35	2297.00
	5023.97	0.00	13.35	2298.02
	5023.98	0.00	13.36	2300.00
	5023.99	0.00	13.34	2291.00
	5024.00	0.00	13.34	2293.01
	5024.02	0.00	13.34	2292.01
	5024.03	0.00	13.35	2295.01
	5024.04	0.00	13.34	2295.02
	5024.05	0.00	13.34	2295.02
	5024.06	0.00	13.35	2295.02
	5024.07	0.00	13.34	2297.03
	5024.09	0.00	13.34	2296.03
	5024.10	0.00	13.33	2297.05
	5024.11	0.00	13.34	2297.03
	5024.12	0.00	13.34	2298.03
	5024.13	0.00	13.34	2294.02
	5024.14	0.00	13.34	2298.03
	5024.16	0.00	13.34	2293.02
	5024.17	0.00	13.35	2300.02
	9	2389.92
	5049.05	0.00	12.93	23.00	12.97	2400.91
	5049.01	0.00	12.95	2384.91
	5049.02	0.00	12.95	2384.91
	5049.03	0.00	12.93	2389.92
	5049.05	0.00	12.93	23.00	12.97	2400.91
	5049.01	0.00	12.95	2384.91
	5049.02	0.00	12.95	2384.91
	5049.03	0.00	12.93	2389.92
	5049.05	0.00	12.93	2388.93
	5049.06	0.00	12.93	2389.93
	5049.07	0.00	12.93	2387.92
	5049.08	0.00	12.93	2389.93
	5049.09	0.00	12.93	2387.93
	5049.11	0.00	12.92	2387.93
	5049.12	0.00	12.92	2389.94
	5049.13	0.00	12.92	2390.93
	5049.14	0.00	12.92	2390.93
	5049.15	0.00	12.92	2393.94
	5049.16	0.00	12.90	2397.93
	5049.18	0.00	12.89	2397.98
	5049.19	0.00	12.88	2405.01
	5049.20	0.00	12.87	2407.02
	5049.21	0.00	12.87	2412.03
	5049.22	0.00	12.86	2415.04
	5049.24	0.00	12.86	2416.04
	5049.25	0.00	12.86	2417.02
	5049.26	0.00	12.86	2418.02
	5049.27	0.00	12.86	2418.03
	5049.28	0.00	12.86	2420.03
	5049.29	0.00	12.85	2419.05
	5049.31	0.00	12.86	2422.03
	5049.32	0.00	12.89	2412.87
	5049.33	0.00	12.92	2417.79
	5049.34	0.00	12.92	2422.82
	5049.35	0.00	12.91	2411.81
	5049.37	0.00	12.91	2417.82
	5049.38	0.00	12.91	2417.82
	5049.39	0.00	12.91	2405.75
	5049.40	0.00	12.91	2405.76
	5049.41	0.00	12.88	2405.86
	5049.42	0.00	12.87	2406.89
	5049.44	0.00	12.87	2401.89
	5049.45	0.00	12.87	2402.91
	5049.46	0.00	12.87	2403.92
	5049.47	0.00	12.82	2384.96
	5049.48	0.00	12.81	2392.01
	5049.50	0.00	12.82	2399.02
	5049.51	0.00	12.83	2399.02
	5049.52	0.00	12.83	2401.03
	5049.53	0.00	12.82	2401.03
	5049.54	0.00	12.83	2404.02
	5049.56	0.00	12.82	2398.00
	5049.57	0.00	12.84	2409.01
	5049.58	0.00	12.84	2412.01
	5049.59	0.00	12.85	2410.02
	5049.60	0.00	12.84	2412.02
	5049.62	0.00	12.85	2413.02
	5049.63	0.00	12.85	2416.02
	5049.64	0.00	12.86	2416.98
	5049.65	0.00	12.88	2422.98
	5049.66	0.00	12.88	2424.98
	5049.67	0.00	12.87	2423.99
	5049.69	0.00	12.88	2423.98
	5049.70	0.00	12.88	2419.96
	5049.71	0.00	12.88	2419.96
	5049.72	0.00	12.88	2419.96
	5049.73	0.00	12.89	2421.96
	5049.75	0.00	12.89	2419.96
	5049.76	0.00	12.89	2419.96
	5049.77	0.00	12.89	2419.96
	5049.78	0.00	12.86	2407.96
	5049.79	0.00	12.86	2408.96
	5049.80	0.00	12.86	2409.96
	5049.82	0.00	12.86	2410.96
	5049.83	0.00	12.86	2412.96
	5049.84	0.00	12.86	2412.96
	5049.85	0.00	12.86	2413.96
	5049.86	0.00	12.85	2414.97
	5049.87	0.00	12.85	2415.97
	5049.89	0.00	12.86	2419.97
	5049.90	0.00	12.87	2419.92
	5049.91	0.00	12.86	2420.97
	5049.92	0.00	12.86	2420.97
	5049.93	0.00	12.86	2420.95
	5049.95	0.00	12.85	2426.01
	5049.96	0.00	12.85	2427.03
	5049.97	0.00	12.85	2428.03
	5049.98	0.00	12.85	2429.04
	5049.99	0.00	12.85	2430.04
	5050.00	0.00	12.84	2428.05
	5050.02	0.00	12.86	2433.01
	5050.03	0.00	12.86	2429.02
	5050.04	0.00	12.86	2431.04
	5050.05	0.00	12.87	2432.03
	5050.06	0.00	12.87	2432.03
	5050.08	0.00	12.87	2432.03
	5050.09	0.00	12.87	2430.04
	5050.10	0.00	12.96	2427.78
	5050.11	0.00	12.96	2426.78
	5050.12	0.00	12.97	2419.79
	5050.14	0.00	13.00	2409.79
	5050.15	0.00	12.99	2410.79
	5050.16	0.00	13.01	2403.79
	5050.17	0.00	13.01	2396.79
	5050.18	0.00	13.03	2385.70
	5050.19	0.00	13.00	2387.79
	5050.21	0.00	12.98	2389.83
	5050.22	0.00	12.99	2382.86
	5050.23	0.00	12.98	2384.87
	5050.24	0.00	12.98	2380.86
	5050.25	0.00	12.93	2370.94
	5050.27	0.00	12.93	2374.97
	5050.28	0.00	12.93	2378.97
	5050.29	0.00	12.93	2382.98
	5050.30	0.00	12.94	2380.98
	5050.31	0.00	12.94	2385.99
	5050.33	0.00	12.94	2385.97
	5050.34	0.00	12.94	2389.98
	5050.35	0.00	12.94	2393.99
	5050.36	0.00	12.94	2393.99
	5050.37	0.00	12.93	2395.00
	5050.38	0.00	12.93	2397.00
	5050.40	0.00	12.92	2401.01
	5050.41	0.00	12.93	2399.96
	5050.42	0.00	12.92	2411.97
	5050.43	0.00	12.91	2414.98
	5050.44	0.00	12.90	2418.98
	5050.46	0.00	12.89	2420.98
	5050.47	0.00	12.87	2425.99
	5050.48	0.00	12.88	2427.99
	5050.49	0.00	12.87	2421.97
	5050.50	0.00	12.87	2424.97
	5050.51	0.00	12.88	2425.97
	5050.53	0.00	12.87	2426.97
	5050.54	0.00	12.87	2427.97
	5050.55	0.00	12.86	2423.97
	5050.56	0.00	12.84	2412.97
	5050.57	0.00	12.84	2413.97
	5050.59	0.00	12.85	2416.97
	5050.60	0.00	12.84	2417.98
	5050.61	0.00	12.84	2417.98
	5050.62	0.00	12.85	2417.97
	5050.63	0.00	12.84	2408.97
	5050.64	0.00	12.85	2412.96
	5050.66	0.00	12.86	2412.96
	5050.67	0.00	12.86	2410.96
	5050.68	0.00	12.86	2410.96
	5050.69	0.00	12.88	2410.92
	5050.70	0.00	12.86	2405.98
	5050.72	0.00	12.86	2409.01
	5050.73	0.00	12.85	2408.02
	5050.74	0.00	12.85	2411.02
	5050.75	0.00	12.85	2410.02
	5050.76	0.00	12.85	2409.03
	5050.77	0.00	12.85	2411.03
	5050.79	0.00	12.86	2409.99
	5050.80	0.00	12.86	2411.01
	5050.81	0.00	12.86	2408.02
	5050.82	0.00	12.85	2404.02
	5050.83	0.00	12.85	2403.03
	5050.85	0.00	12.86	2399.02
	5050.86	0.00	12.94	2394.78
	5050.87	0.00	12.96	2389.77
	5050.88	0.00	12.95	2389.79
	5050.89	0.00	12.95	2384.79
	5050.90	0.00	12.94	2380.80
	5050.92	0.00	12.94	2381.80
	5050.93	0.00	12.95	2371.72
	5050.94	0.00	12.91	2372.82
	5050.95	0.00	12.90	2377.84
	5050.96	0.00	12.88	2378.88
	5050.98	0.00	12.87	2378.90
	5050.99	0.00	12.86	2382.91
	5051.00	0.00	12.87	2383.91
	5051.01	0.00	12.81	2368.98
	5051.02	0.00	12.81	2377.00
	5051.04	0.00	12.81	2378.00
	5051.05	0.00	12.81	2383.01
	5051.06	0.00	12.82	2386.02
	5051.07	0.00	12.81	2389.02
	5051.08	0.00	12.80	2387.00
	5051.10	0.00	12.81	2396.01
	5051.11	0.00	12.81	2403.02
	5051.12	0.00	12.81	2407.03
	5051.13	0.00	12.80	2408.03
	5051.14	0.00	12.79	2409.04
	5051.15	0.00	12.79	2412.04
	5051.17	0.00	12.80	2416.00
	5051.18	0.00	12.81	2423.00
	5051.19	0.00	12.80	2422.00
	5051.20	0.00	12.81	2423.00
	5051.21	0.00	12.80	2426.01
	5051.22	0.00	12.81	2426.01
	5051.24	0.00	12.80	2428.01
	5051.25	0.00	12.80	2422.98
	5051.26	0.00	12.79	2428.99
	5051.27	0.00	12.79	2427.99
	5051.28	0.00	12.79	2430.99
	5051.30	0.00	12.79	2432.00
	5051.31	0.00	12.79	2432.99
	5051.32	0.00	12.76	2414.99
	5051.33	0.00	12.76	2417.99
	5051.34	0.00	12.76	2420.01
	5051.35	0.00	12.78	2416.99
	5051.37	0.00	12.78	2413.99
	5051.38	0.00	12.79	2414.99
	5051.39	0.00	12.79	2414.00
	5051.40	0.00	12.78	2411.99
	5051.41	0.00	12.79	2409.98
	5051.43	0.00	12.79	2408.98
	5051.44	0.00	12.79	2409.98
	5051.45	0.00	12.80	2412.98
	5051.46	0.00	12.80	2411.98
	5051.47	0.00	12.80	2413.98
	5051.49	0.00	12.80	2412.97
	5051.50	0.00	12.80	2415.00
	5051.51	0.00	12.79	2417.03
	5051.52	0.00	12.79	2416.04
	5051.53	0.00	12.78	2418.07
	5051.54	0.00	12.78	2417.06
	5051.56	0.00	12.78	2418.04
	5051.57	0.00	12.79	2422.03
	5051.58	0.00	12.79	2425.06
	5051.59	0.00	12.78	2426.05
	5051.60	0.00	12.76	2430.06
	5051.62	0.00	12.75	2432.06
	5051.63	0.00	12.71	2446.07
	5051.64	0.00	12.77	2446.83
	5051.65	0.00	12.77	2446.84
	5051.66	0.00	12.75	2445.85
	5051.67	0.00	12.74	2446.86
	5051.69	0.00	12.69	2459.88
	5051.70	0.00	12.68	2454.80
	5051.71	0.00	12.65	2458.85
	5051.72	0.00	12.61	2468.89
	5051.73	0.00	12.57	2473.97
	5051.75	0.00	12.56	2470.99
	5051.76	0.00	12.54	2473.00
	5051.77	0.00	12.54	2483.00
	5051.78	0.00	12.48	2469.09
	5051.79	0.00	12.48	2481.10
	5051.81	0.00	12.49	2478.11
	5051.82	0.00	12.49	2480.12
	5051.83	0.00	12.51	2482.09
	5051.84	0.00	12.51	2488.12
	5051.85	0.00	12.50	2484.10
	5051.87	0.00	12.52	2494.11
	5051.88	0.00	12.52	2498.13
	5051.89	0.00	12.52	2500.13
	5051.90	0.00	12.51	2503.13
	5051.91	0.00	12.52	2505.09
	5051.92	0.00	12.53	2508.09
	5051.93	0.00	12.54	2511.09
	5051.95	0.00	12.54	2511.08
	5051.96	0.00	12.54	2512.08
	5051.97	0.00	12.54	2513.08
	5051.98	0.00	12.54	2506.07
	5052.00	0.00	12.54	2511.08
	5052.01	0.00	12.55	2511.07
	5052.02	0.00	12.55	2509.07
	5052.03	0.00	12.55	2510.07
	5052.04	0.00	12.55	2510.07
	5052.05	0.00	12.55	2511.07
	5052.07	0.00	12.53	2496.07
	5052.08	0.00	12.53	2497.07
	5052.09	0.00	12.54	2495.07
	5052.10	0.00	12.54	2498.07
	5052.11	0.00	12.54	2498.07
	5052.13	0.00	12.54	2498.07
	5052.14	0.00	12.54	2497.07
	5052.15	0.00	12.54	2496.07
	5052.16	0.00	12.55	2502.07
	5052.17	0.00	12.55	2501.07
	5052.18	0.00	12.55	2501.08
	5052.20	0.00	12.55	2505.07
	5052.21	0.00	12.56	2503.04
	5052.22	0.00	12.54	2504.11
	5052.23	0.00	12.54	2507.13
	5052.24	0.00	12.54	2509.14
	5052.26	0.00	12.54	2510.14
	5052.27	0.00	12.55	2512.14
	5052.28	0.00	12.54	2508.13
	5052.29	0.00	12.55	2510.11
	5052.30	0.00	12.55	2513.12
	5052.31	0.00	12.55	2512.13
	5052.33	0.00	12.55	2510.13
	5052.34	0.00	12.58	2512.06
	5052.35	0.00	12.63	2513.89
	5052.36	0.00	12.63	2512.90
	5052.37	0.00	12.62	2510.91
	5052.39	0.00	12.62	2505.92
	5052.40	0.00	12.62	2505.92
	5052.41	0.00	12.62	2507.92
	5052.42	0.00	12.63	2497.84
	5052.43	0.00	12.60	2495.94
	5052.44	0.00	12.59	2495.98
	5052.46	0.00	12.60	2487.00
	5052.47	0.00	12.60	2488.01
	5052.48	0.00	12.61	2486.02
	5052.49	0.00	12.60	2473.00
	5052.50	0.00	12.58	2463.07
	5052.52	0.00	12.60	2466.09
	5052.53	0.00	12.61	2464.10
	5052.54	0.00	12.63	2467.10
	5052.55	0.00	12.63	2467.10
	5052.56	0.00	12.63	2466.10
	5052.58	0.00	12.64	2463.10
	5052.59	0.00	12.64	2467.08
	5052.60	0.00	12.66	2468.09
	5052.61	0.00	12.67	2466.09
	5052.62	0.00	12.69	2462.09
	5052.63	0.00	12.72	2458.07
	5052.65	0.00	12.76	2452.05
	5052.66	0.00	12.79	2442.05
	5052.67	0.00	12.80	2443.05
	5052.68	0.00	12.80	2442.05
	5052.69	0.00	12.81	2442.04
	5052.71	0.00	12.81	2441.04
	5052.72	0.00	12.80	2436.02
	5052.73	0.00	12.80	2438.03
	5052.74	0.00	12.80	2437.02
	5052.75	0.00	12.81	2438.02
	5052.77	0.00	12.80	2439.02
	5052.78	0.00	12.78	2425.02
	5052.79	0.00	12.79	2429.02
	5052.80	0.00	12.78	2428.02
	5052.81	0.00	12.79	2429.02
	5052.83	0.00	12.79	2429.02
	5052.84	0.00	12.79	2428.00
	5052.85	0.00	12.77	2423.02
	5052.86	0.00	12.78	2428.02
	5052.87	0.00	12.79	2430.02
	5052.88	0.00	12.79	2430.02
	5052.90	0.00	12.80	2431.02
	5052.91	0.00	12.79	2430.02
	5052.92	0.00	12.78	2431.04
	5052.93	0.00	12.78	2433.07
	5052.94	0.00	12.77	2433.09
	5052.95	0.00	12.77	2435.09
	5052.97	0.00	12.77	2437.09
	5052.98	0.00	12.77	2435.09
	5052.99	0.00	12.79	2438.06
	5053.00	0.00	12.78	2435.07
	5053.02	0.00	12.78	2434.08
	5053.03	0.00	12.78	2437.08
	5053.04	0.00	12.78	2439.09
	5053.05	0.00	12.78	2438.08
	5053.06	0.00	12.83	2431.92
	5053.07	0.00	12.87	2439.83
	5053.08	0.00	12.85	2435.86
	5053.10	0.00	12.85	2431.86
	5053.11	0.00	12.85	2432.86
	5053.12	0.00	12.85	2433.86
	5053.13	0.00	12.87	2417.77
	5053.14	0.00	12.84	2419.89
	5053.16	0.00	12.84	2417.89
	5053.17	0.00	12.84	2419.90
	5053.18	0.00	12.83	2414.92
	5053.19	0.00	12.84	2412.94
	5053.20	0.00	12.84	2414.94
	5053.21	0.00	12.80	2396.96
	5053.23	0.00	12.80	2403.02
	5053.24	0.00	12.80	2406.04
	5053.25	0.00	12.81	2405.04
	5053.26	0.00	12.82	2410.04
	5053.27	0.00	12.82	2413.04
	5053.29	0.00	12.81	2410.06
	5053.30	0.00	12.83	2415.02
	5053.31	0.00	12.83	2415.02
	5053.32	0.00	12.83	2420.03
	5053.33	0.00	12.85	2418.99
	5053.35	0.00	12.83	2419.04
	5053.36	0.00	12.84	2421.04
	5053.37	0.00	12.83	2420.05
	5053.38	0.00	12.85	2424.02
	5053.39	0.00	12.86	2430.01
	5053.40	0.00	12.86	2428.01
	5053.42	0.00	12.86	2427.01
	5053.43	0.00	12.87	2427.01
	5053.44	0.00	12.87	2427.00
	5053.45	0.00	12.88	2425.98
	5053.46	0.00	12.88	2422.98
	5053.48	0.00	12.88	2420.98
	5053.49	0.00	12.91	2414.95
	5053.50	0.00	12.91	2411.97
	5053.51	0.00	12.91	2412.97
	5053.52	0.00	12.89	2398.97
	5053.54	0.00	12.90	2398.97
	5053.55	0.00	12.90	2398.96
	5053.56	0.00	12.90	2397.97
	5053.57	0.00	12.90	2396.96
	5053.58	0.00	12.90	2395.97
	5053.59	0.00	12.91	2397.96
	5053.61	0.00	12.90	2392.96
	5053.62	0.00	12.91	2397.96
	5053.63	0.00	12.91	2398.96
	5053.64	0.00	12.92	2395.96
	5053.65	0.00	12.92	2396.96
	5053.67	0.00	12.92	2396.96
	5053.68	0.00	12.92	2396.98
	5053.69	0.00	12.91	2398.03
	5053.70	0.00	12.91	2399.02
	5053.71	0.00	12.91	2399.03
	5053.72	0.00	12.91	2398.04
	5053.74	0.00	12.92	2397.01
	5053.75	0.00	12.93	2400.00
	5053.76	0.00	12.93	2399.00
	5053.77	0.00	12.93	2400.01
	5053.78	0.00	12.92	2399.03
	5053.80	0.00	12.93	2401.02
	5053.81	0.00	12.92	2401.03
	5053.82	0.00	13.00	2397.79
	5053.83	0.00	13.00	2399.78
	5053.84	0.00	13.00	2400.78
	5053.85	0.00	13.00	2402.79
	5053.87	0.00	12.99	2395.80
	5053.88	0.00	12.99	2396.81
	5053.89	0.00	12.98	2397.83
	5053.90	0.00	12.97	2387.78
	5053.91	0.00	12.96	2385.81
	5053.93	0.00	12.95	2385.84
	5053.94	0.00	12.93	2386.89
	5053.95	0.00	12.94	2381.91
	5053.96	0.00	12.94	2384.92
	5053.97	0.00	12.91	2373.92
	5053.98	0.00	12.89	2369.98
	5054.00	0.00	12.89	2374.99
	5054.01	0.00	12.89	2374.99
	5054.02	0.00	12.89	2379.01
	5054.03	0.00	12.91	2379.01
	5054.04	0.00	12.90	2382.02
	5054.06	0.00	12.90	2385.02
	5054.07	0.00	12.91	2384.00
	5054.08	0.00	12.92	2391.01
	5054.09	0.00	12.91	2391.03
	5054.10	0.00	12.92	2394.01
	5054.12	0.00	12.92	2395.02
	5054.13	0.00	12.91	2394.02
	5054.14	0.00	12.93	2393.98
	5054.15	0.00	12.94	2399.98
	5054.16	0.00	12.94	2400.98
	5054.17	0.00	12.94	2399.98
	5054.19	0.00	12.94	2399.98
	5054.20	0.00	12.95	2400.95
	5054.21	0.00	12.94	2396.95
	5054.22	0.00	12.95	2400.95
	5054.23	0.00	12.95	2400.95
	5054.25	0.00	12.94	2399.96
	5054.26	0.00	12.95	2399.95
	5054.27	0.00	12.95	2401.95
	5054.28	0.00	12.92	2386.95
	5054.29	0.00	12.92	2388.96
	5054.31	0.00	12.93	2389.95
	5054.32	0.00	12.93	2390.95
	5054.33	0.00	12.93	2389.95
	5054.34	0.00	12.93	2389.95
	5054.35	0.00	12.92	2388.95
	5054.36	0.00	12.93	2389.95
	5054.37	0.00	12.93	2389.95
	5054.39	0.00	12.93	2391.96
	5054.40	0.00	12.94	2393.95
	5054.41	0.00	12.94	2392.95
	5054.42	0.00	12.93	2393.96
	5054.43	0.00	12.92	2396.00
	5054.45	0.00	12.92	2397.01
	5054.46	0.00	12.92	2397.02
	5054.47	0.00	12.92	2397.02
	5054.48	0.00	12.92	2398.03
	5054.49	0.00	12.92	2399.04
	5054.51	0.00	12.93	2401.99
	5054.52	0.00	12.93	2400.00
	5054.53	0.00	12.93	2400.01
	5054.54	0.00	12.92	2402.02
	5054.55	0.00	12.93	2403.02
	5054.56	0.00	12.96	2402.90
	5054.58	0.00	13.00	2404.77
	5054.59	0.00	13.00	2405.79
	5054.60	0.00	13.01	2404.78
	5054.61	0.00	13.00	2402.79
	5054.62	0.00	12.99	2396.80
	5054.64	0.00	12.99	2398.81
	5054.65	0.00	13.00	2391.74
	5054.66	0.00	12.99	2386.73
	5054.67	0.00	12.97	2387.81
	5054.68	0.00	12.96	2388.84
	5054.70	0.00	12.95	2388.88
	5054.71	0.00	12.96	2382.90
	5054.72	0.00	12.95	2385.90
	5054.73	0.00	12.91	2367.93
	5054.74	0.00	12.90	2373.99
	5054.75	0.00	12.91	2378.99
	5054.77	0.00	12.92	2378.00
	5054.78	0.00	12.92	2379.00
	5054.79	0.00	12.92	2382.01
	5054.80	0.00	12.92	2383.00
	5054.81	0.00	12.91	2374.98
	5054.83	0.00	12.92	2386.99
	5054.84	0.00	12.93	2391.00
	5054.85	0.00	12.93	2391.01
	5054.86	0.00	12.92	2394.01
	5054.87	0.00	12.92	2393.01
	5054.88	0.00	12.92	2395.01
	5054.90	0.00	12.94	2397.99
	5054.91	0.00	12.94	2400.97
	5054.92	0.00	12.94	2400.97
	5054.93	0.00	12.94	2401.97
	5054.94	0.00	12.94	2400.98
	5054.96	0.00	12.94	2401.97
	5054.97	0.00	12.94	2396.95
	5054.98	0.00	12.94	2398.95
	5054.99	0.00	12.96	2398.91
	5055.00	0.00	12.94	2395.95
	5055.02	0.00	12.94	2398.95
	5055.03	0.00	12.95	2397.95
	5055.04	0.00	12.92	2383.95
	5055.05	0.00	12.92	2384.95
	5055.06	0.00	12.92	2385.95
	5055.07	0.00	12.92	2386.95
	5055.09	0.00	12.93	2385.94
	5055.10	0.00	12.93	2385.94
	5055.11	0.00	12.93	2386.94
	5055.12	0.00	12.93	2384.94
	5055.13	0.00	12.93	2385.94
	5055.14	0.00	12.93	2388.95
	5055.16	0.00	12.94	2388.94
	5055.17	0.00	12.94	2389.94
	5055.18	0.00	12.94	2386.91
	5055.19	0.00	12.93	2390.98
	5055.20	0.00	12.92	2393.00
	5055.22	0.00	12.92	2394.01
	5055.23	0.00	12.92	2394.01
	5055.24	0.00	12.92	2393.02
	5055.25	0.00	12.93	2392.98
	5055.26	0.00	12.94	2393.98
	5055.28	0.00	12.93	2392.99
	5055.29	0.00	12.93	2396.00
	5055.30	0.00	12.93	2394.01
	5055.31	0.00	12.93	2396.01
	5055.32	0.00	12.93	2396.01
	5055.33	0.00	13.01	2399.76
	5055.35	0.00	13.01	2397.76
	5055.36	0.00	13.00	2395.77
	5055.37	0.00	13.00	2397.78
	5055.38	0.00	13.00	2391.78
	5055.39	0.00	13.00	2393.80
	5055.41	0.00	13.00	2393.80
	5055.42	0.00	13.00	2382.74
	5055.43	0.00	12.97	2382.83
	5055.44	0.00	12.96	2383.85
	5055.45	0.00	12.96	2382.86
	5055.46	0.00	12.96	2377.87
	5055.48	0.00	12.96	2380.89
	5055.49	0.00	12.95	2382.90
	5055.50	0.00	12.91	2360.94
	5055.51	0.00	12.92	2366.97
	5055.52	0.00	12.92	2370.99
	5055.54	0.00	12.93	2371.99
	5055.55	0.00	12.94	2375.99
	5055.56	0.00	12.93	2376.99
	5055.57	0.00	12.93	2377.99
	5055.58	0.00	12.93	2371.97
	5055.60	0.00	12.94	2381.98
	5055.61	0.00	12.94	2384.99
	5055.62	0.00	12.94	2387.00
	5055.63	0.00	12.94	2387.99
	5055.64	0.00	12.95	2385.95
	5055.65	0.00	12.96	2393.96
	5055.67	0.00	12.96	2394.96
	5055.68	0.00	12.96	2395.96
	5055.69	0.00	12.96	2395.96
	5055.70	0.00	12.96	2394.97
	5055.71	0.00	12.96	2396.96
	5055.72	0.00	12.96	2392.93
	5055.74	0.00	12.96	2394.94
	5055.75	0.00	12.96	2393.95
	5055.76	0.00	12.95	2387.94
	5055.77	0.00	12.96	2395.94
	5055.78	0.00	12.96	2391.94
	5055.80	0.00	12.96	2394.94
	5055.81	0.00	12.95	2387.94
	5055.82	0.00	12.94	2380.94
	5055.83	0.00	12.94	2382.94
	5055.84	0.00	12.94	2381.94
	5055.85	0.00	12.96	2383.91
	5055.87	0.00	12.95	2384.93
	5055.88	0.00	12.95	2382.93
	5055.89	0.00	12.95	2382.93
	5055.90	0.00	12.94	2377.94
	5055.91	0.00	12.94	2381.94
	5055.93	0.00	12.95	2384.93
	5055.94	0.00	12.95	2382.93
	5055.95	0.00	12.94	2386.95
	5055.96	0.00	12.95	2387.93
	5055.97	0.00	12.95	2388.92
	5055.98	0.00	12.94	2388.97
	5056.00	0.00	12.94	2391.97
	5056.01	0.00	12.93	2391.00
	5056.02	0.00	12.94	2392.00
	5056.03	0.00	12.93	2392.00
	5056.04	0.00	12.94	2394.01
	5056.06	0.00	12.93	2392.02
	5056.07	0.00	12.95	2394.97
	5056.08	0.00	12.94	2393.99
	5056.09	0.00	12.94	2395.99
	5056.10	0.00	12.95	2394.98
	5056.12	0.00	12.93	2397.00
	5056.13	0.00	12.94	2398.00
	5056.14	0.00	12.94	2399.00
	5056.15	0.00	13.02	2397.74
	5056.16	0.00	13.01	2400.76
	5056.17	0.00	13.01	2401.77
	5056.19	0.00	13.00	2392.78
	5056.20	0.00	13.01	2395.78
	5056.21	0.00	13.00	2391.78
	5056.22	0.00	13.02	2384.70
	5056.23	0.00	12.99	2382.76
	5056.25	0.00	12.97	2383.83
	5056.26	0.00	12.97	2381.86
	5056.27	0.00	12.97	2381.87
	5056.28	0.00	12.97	2382.89
	5056.29	0.00	12.97	2382.88
	5056.31	0.00	12.97	2379.88
	5056.32	0.00	12.93	2362.91
	5056.33	0.00	12.93	2369.95
	5056.34	0.00	12.93	2375.97
	5056.35	0.00	12.94	2373.97
	5056.36	0.00	12.94	2376.97
	5056.37	0.00	12.95	2379.94
	5056.39	0.00	12.93	2373.95
	5056.40	0.00	12.95	2383.96
	5056.41	0.00	12.95	2385.97
	5056.42	0.00	12.95	2388.98
	5056.43	0.00	12.95	2389.98
	5056.45	0.00	12.94	2390.98
	5056.46	0.00	12.95	2393.98
	5056.47	0.00	12.97	2400.94
	5056.48	0.00	12.97	2398.94
	5056.49	0.00	12.97	2397.95
	5056.51	0.00	12.97	2397.95
	5056.52	0.00	12.96	2392.95
	5056.53	0.00	12.96	2398.95
	5056.54	0.00	12.96	2395.92
	5056.55	0.00	12.97	2398.92
	5056.56	0.00	12.97	2397.92
	5056.58	0.00	12.97	2395.92
	5056.59	0.00	12.96	2393.92
	5056.60	0.00	12.96	2395.93
	5056.61	0.00	12.97	2399.92
	5056.62	0.00	12.94	2383.92
	5056.64	0.00	12.95	2384.92
	5056.65	0.00	12.95	2386.92
	5056.66	0.00	12.95	2387.92
	5056.67	0.00	12.95	2385.92
	5056.68	0.00	12.95	2386.92
	5056.70	0.00	12.95	2387.92
	5056.71	0.00	12.95	2384.92
	5056.72	0.00	12.94	2382.92
	5056.73	0.00	12.95	2387.93
	5056.74	0.00	12.95	2388.92
	5056.75	0.00	12.95	2389.92
	5056.77	0.00	12.95	2388.91
	5056.78	0.00	12.94	2389.97
	5056.79	0.00	12.94	2394.97
	5056.80	0.00	12.94	2393.97
	5056.81	0.00	12.95	2393.95
	5056.83	0.00	12.94	2394.00
	5056.84	0.00	12.93	2397.00
	5056.85	0.00	12.93	2395.00
	5056.86	0.00	12.96	2393.93
	5056.87	0.00	12.94	2396.98
	5056.88	0.00	12.94	2397.99
	5056.90	0.00	12.94	2398.99
	5056.91	0.00	12.94	2397.00
	5056.92	0.00	12.94	2399.00
	5056.93	0.00	12.94	2400.00
	5056.94	0.00	13.00	2395.78
	5056.96	0.00	13.02	2399.76
	5056.97	0.00	13.02	2400.76
	5056.98	0.00	13.02	2401.76
	5056.99	0.00	13.03	2401.73
	5057.00	0.00	13.01	2393.77
	5057.01	0.00	13.00	2395.78
	5057.03	0.00	13.00	2391.78
	5057.04	0.00	12.99	2383.77
	5057.05	0.00	12.97	2386.82
	5057.06	0.00	12.97	2383.86
	5057.07	0.00	12.97	2382.87
	5057.09	0.00	12.97	2383.88
	5057.10	0.00	12.97	2383.88
	5057.11	0.00	12.97	2385.88
	5057.12	0.00	12.92	2367.94
	5057.13	0.00	12.92	2375.98
	5057.14	0.00	12.93	2377.98
	5057.16	0.00	12.93	2378.98
	5057.17	0.00	12.93	2383.98
	5057.18	0.00	12.93	2385.98
	5057.19	0.00	12.93	2384.98
	5057.20	0.00	12.94	2385.96
	5057.22	0.00	12.95	2390.97
	5057.23	0.00	12.94	2391.98
	5057.24	0.00	12.94	2392.98
	5057.25	0.00	12.94	2393.99
	5057.26	0.00	12.94	2392.98
	5057.27	0.00	12.96	2397.95
	5057.29	0.00	12.96	2399.95
	5057.30	0.00	12.96	2400.95
	5057.31	0.00	12.96	2402.96
	5057.32	0.00	12.96	2402.95
	5057.33	0.00	12.96	2400.95
	5057.35	0.00	12.96	2397.92
	5057.36	0.00	12.96	2400.93
	5057.37	1.00	12.96	2400.93
	5057.38	1.00	12.96	2401.93
	5057.39	1.00	12.96	2398.92
	5057.40	1.00	12.97	2400.92
	5057.42	1.00	12.97	2399.92
	5057.43	1.00	12.94	2384.92
	5057.44	1.00	12.94	2385.92
	5057.45	1.00	12.95	2389.92
	5057.46	1.00	12.95	2387.92
	5057.48	1.00	12.95	2387.92
	5057.49	1.00	12.95	2387.92
	5057.50	1.00	12.94	2384.92
	5057.51	1.00	12.94	2385.92
	5057.52	1.00	12.95	2387.92
	5057.54	1.00	12.95	2383.92
	5057.55	1.00	12.95	2389.92
	5057.56	1.00	12.95	2388.92
	5057.57	0.00	12.95	2389.92
	5057.58	0.00	12.95	2391.96
	5057.60	0.00	12.94	2393.98
	5057.61	0.00	12.94	2393.99
	5057.62	0.00	12.93	2394.00
	5057.63	0.00	12.93	2394.00
	5057.64	0.00	12.95	2395.96
	5057.65	0.00	12.95	2395.96
	5057.67	0.00	12.95	2393.97
	5057.68	0.00	12.95	2394.98
	5057.69	0.00	12.95	2397.98
	5057.70	0.00	12.94	2399.00
	5057.71	0.00	12.99	2390.80
	5057.72	0.00	13.02	2395.74
	5057.74	0.00	13.02	2397.74
	5057.75	0.00	13.03	2399.72
	5057.76	0.00	13.01	2401.76
	5057.77	0.00	13.01	2392.77
	5057.78	0.00	13.01	2393.77
	5057.80	0.00	13.00	2391.78
	5057.81	0.00	12.99	2382.75
	5057.82	0.00	12.97	2384.82
	5057.83	0.00	12.97	2383.85
	5057.84	0.00	12.97	2379.85
	5057.85	0.00	12.97	2378.86
	5057.87	0.00	12.96	2380.87
	5057.88	0.00	12.96	2376.87
	5057.89	0.00	12.91	2367.95
	5057.90	0.00	12.92	2373.96
	5057.91	0.00	12.93	2375.97
	5057.93	0.00	12.92	2377.99
	5057.94	0.00	12.93	2381.98
	5057.95	0.00	12.93	2381.98
	5057.96	0.00	12.94	2382.96
	5057.97	0.00	12.92	2375.96
	5057.99	0.00	12.94	2388.97
	5058.00	0.00	12.94	2386.98
	5058.01	0.00	12.93	2391.00
	5058.02	0.00	12.93	2390.98
	5058.03	0.00	12.94	2388.95
	5058.04	0.00	12.94	2391.94
	5058.06	0.00	12.94	2391.96
	5058.07	0.00	12.95	2397.95
	5058.08	0.00	12.95	2398.95
	5058.09	0.00	12.95	2397.95
	5058.10	0.00	12.95	2400.96
	5058.12	0.00	12.95	2397.93
	5058.13	0.00	12.95	2395.92
	5058.14	0.00	12.97	2396.88
	5058.15	0.00	12.95	2396.93
	5058.16	0.00	12.95	2397.93
	5058.17	0.00	12.96	2395.92
	5058.19	0.00	12.96	2397.90
	5058.20	0.00	12.96	2396.92
	5058.21	0.00	12.93	2382.92
	5058.22	0.00	12.93	2380.92
	5058.23	0.00	12.93	2384.92
	5058.25	0.00	12.94	2386.92
	5058.26	0.00	12.94	2384.92
	5058.27	0.00	12.94	2383.92
	5058.28	0.00	12.93	2382.92
	5058.29	0.00	12.94	2384.92
	5058.31	0.00	12.94	2386.92
	5058.32	0.00	12.94	2387.93
	5058.33	0.00	12.94	2386.92
	5058.34	0.00	12.94	2387.92
	5058.35	0.00	12.95	2387.91
	5058.36	0.00	12.93	2390.97
	5058.38	0.00	12.93	2391.98
	5058.39	0.00	12.93	2391.99
	5058.40	0.00	12.93	2392.99
	5058.41	0.00	12.93	2390.97
	5058.42	0.00	12.94	2394.96
	5058.44	0.00	12.94	2393.97
	5058.45	0.00	12.94	2393.97
	5058.46	0.00	12.94	2395.98
	5058.47	0.00	12.93	2393.98
	5058.48	0.00	12.94	2396.99
	5058.49	0.00	12.94	2394.99
	5058.51	0.00	12.93	2397.99
	5058.52	0.00	13.02	2394.73
	5058.53	0.00	13.02	2397.74
	5058.54	0.00	13.02	2397.75
	5058.55	0.00	13.01	2393.76
	5058.57	0.00	13.00	2391.77
	5058.58	0.00	13.00	2388.77
	5058.59	0.00	13.00	2388.77
	5058.60	0.00	13.01	2379.68
	5058.61	0.00	12.99	2380.74
	5058.62	0.00	12.97	2380.81
	5058.64	0.00	12.97	2375.85
	5058.65	0.00	12.97	2377.86
	5058.66	0.00	12.97	2379.87
	5058.67	0.00	12.91	2360.94
	5058.68	0.00	12.93	2369.95
	5058.70	0.00	12.93	2372.96
	5058.71	0.00	12.93	2372.96
	5058.72	0.00	12.93	2373.98
	5058.73	0.00	12.93	2376.97
	5058.74	0.00	12.93	2377.97
	5058.75	0.00	12.94	2378.95
	5058.77	0.00	12.94	2384.96
	5058.78	0.00	12.94	2386.97
	5058.79	0.00	12.93	2386.97
	5058.80	0.00	12.93	2388.98
	5058.81	0.00	12.95	2388.94
	5058.83	0.00	12.95	2394.94
	5058.84	0.00	12.96	2395.94
	5058.85	0.00	12.95	2394.95
	5058.86	0.00	12.95	2394.94
	5058.87	0.00	12.96	2393.94
	5058.88	0.00	12.95	2393.94
	5058.90	0.00	12.95	2396.94
	5058.91	0.00	12.96	2396.94
	5058.92	0.00	12.95	2391.91
	5058.93	0.00	12.95	2390.92
	5058.94	0.00	12.97	2394.87
	5058.96	0.00	12.96	2391.92
	5058.97	0.00	12.96	2392.91
	5058.98	0.00	12.95	2388.91
	5058.99	0.00	12.94	2380.90
	5059.00	0.00	12.94	2380.91
	5059.02	0.00	12.94	2379.91
	5059.03	0.00	12.94	2380.91
	5059.04	0.00	12.94	2379.91
	5059.05	0.00	12.94	2381.91
	5059.06	0.00	12.93	2377.91
	5059.08	0.00	12.94	2379.91
	5059.09	0.00	12.94	2383.91
	5059.10	0.00	12.94	2382.91
	5059.11	0.00	12.95	2382.91
	5059.12	0.00	12.95	2383.91
	5059.13	0.00	12.95	2378.88
	5059.14	0.00	12.94	2384.95
	5059.16	0.00	12.93	2386.97
	5059.17	0.00	12.94	2388.98
	5059.18	0.00	12.93	2389.98
	5059.19	0.00	12.93	2387.99
	5059.20	0.00	12.93	2389.00
	5059.22	0.00	12.94	2388.95
	5059.23	0.00	12.94	2389.96
	5059.24	0.00	12.94	2392.97
	5059.25	0.00	12.93	2390.99
	5059.26	0.00	12.94	2392.98
	5059.27	0.00	12.93	2393.98
	5059.29	0.00	12.94	2393.98
	5059.30	0.00	12.99	2387.80
	5059.31	0.00	13.02	2394.73
	5059.32	0.00	13.01	2393.75
	5059.33	0.00	13.01	2389.76
	5059.35	0.00	13.01	2390.76
	5059.36	0.00	13.00	2389.76
	5059.37	0.00	13.01	2379.68
	5059.38	0.00	13.01	2378.69
	5059.39	0.00	12.99	2379.75
	5059.41	0.00	12.97	2379.81
	5059.42	0.00	12.97	2376.84
	5059.43	0.00	12.97	2374.85
	5059.44	0.00	12.97	2377.86
	5059.45	0.00	12.93	2358.88
	5059.46	0.00	12.92	2357.90
	5059.48	0.00	12.92	2363.94
	5059.49	0.00	12.92	2368.96
	5059.50	0.00	12.93	2368.96
	5059.51	0.00	12.93	2371.96
	5059.52	0.00	12.92	2375.97
	5059.54	0.00	12.92	2367.94
	5059.55	0.00	12.94	2380.96
	5059.56	0.00	12.94	2381.96
	5059.57	0.00	12.94	2381.96
	5059.58	0.00	12.94	2384.96
	5059.60	0.00	12.93	2384.97
	5059.61	0.00	12.93	2386.97
	5059.62	0.00	12.95	2387.93
	5059.63	0.00	12.96	2393.93
	5059.64	0.00	12.96	2393.93
	5059.65	0.00	12.96	2393.93
	5059.67	0.00	12.95	2394.94
	5059.68	0.00	12.96	2394.93
	5059.69	0.00	12.96	2394.92
	5059.70	0.00	12.95	2389.92
	5059.71	0.00	12.96	2391.91
	5059.72	0.00	12.96	2392.91
	5059.74	0.00	12.96	2392.91
	5059.75	0.00	12.97	2393.91
	5059.76	0.00	12.96	2392.91
	5059.77	0.00	12.96	2391.91
	5059.78	0.00	12.94	2378.90
	5059.80	0.00	12.94	2378.91
	5059.81	0.00	12.94	2378.91
	5059.82	0.00	12.94	2379.91
	5059.83	0.00	12.94	2379.90
	5059.84	0.00	12.94	2380.91
	5059.86	0.00	12.94	2379.91
	5059.87	0.00	12.94	2380.91
	5059.88	0.00	12.92	2372.92
	5059.89	0.00	12.94	2378.91
	5059.90	0.00	12.95	2381.91
	5059.91	0.00	12.95	2382.90
	5059.93	0.00	12.95	2381.91
	5059.94	0.00	12.95	2382.91
	5059.95	0.00	12.95	2383.90
	5059.96	0.00	12.95	2382.90
	5059.97	0.00	12.94	2385.96
	5059.99	0.00	12.93	2385.97
	5060.00	0.00	12.93	2387.98
	5060.01	0.00	12.93	2388.00
	5060.02	0.00	12.93	2388.99
	5060.03	0.00	12.94	2388.96
	5060.04	0.00	12.95	2389.95
	5060.06	0.00	12.95	2391.93
	5060.07	0.00	12.94	2390.97
	5060.08	0.00	12.93	2391.98
	5060.09	0.00	12.95	2392.94
	5060.10	0.00	13.01	2387.73
	5060.12	0.00	13.01	2394.74
	5060.13	0.00	13.01	2394.75
	5060.14	0.00	13.00	2387.77
	5060.15	0.00	13.00	2387.76
	5060.16	0.00	13.00	2387.76
	5060.17	0.00	13.00	2387.76
	5060.19	0.00	13.01	2376.68
	5060.20	0.00	12.98	2378.76
	5060.21	0.00	12.96	2378.82
	5060.22	0.00	12.97	2375.84
	5060.23	0.00	12.97	2374.86
	5060.25	0.00	12.97	2373.85
	5060.26	0.00	12.97	2376.86
	5060.27	0.00	12.94	2364.87
	5060.28	0.00	12.92	2363.93
	5060.29	0.00	12.92	2367.95
	5060.31	0.00	12.92	2371.96
	5060.32	0.00	12.93	2372.95
	5060.33	0.00	12.93	2375.97
	5060.34	0.00	12.92	2367.94
	5060.35	0.00	12.94	2379.95
	5060.36	0.00	12.94	2383.97
	5060.38	0.00	12.94	2384.96
	5060.39	0.00	12.94	2384.96
	5060.40	0.00	12.94	2386.97
	5060.41	0.00	12.93	2385.99
	5060.42	0.00	12.95	2388.93
	5060.43	0.00	12.96	2391.93
	5060.45	0.00	12.96	2393.93
	5060.46	0.00	12.96	2395.92
	5060.47	0.00	12.95	2391.94
	5060.48	0.00	12.95	2390.94
	5060.50	0.00	12.95	2394.94
	5060.51	0.00	12.95	2388.91
	5060.52	0.00	12.96	2392.91
	5060.53	0.00	12.95	2391.91
	5060.54	0.00	12.95	2393.92
	5060.55	0.00	12.95	2393.92
	5060.57	0.00	12.96	2393.91
	5060.58	0.00	12.96	2394.91
	5060.59	0.00	12.94	2379.89
	5060.60	0.00	12.93	2380.91
	5060.61	0.00	12.93	2380.91
	5060.62	0.00	12.94	2381.91
	5060.64	0.00	12.95	2382.88
	5060.65	0.00	12.94	2382.91
	5060.66	0.00	12.94	2379.91
	5060.67	0.00	12.94	2381.91
	5060.68	0.00	12.94	2382.91
	5060.70	0.00	12.94	2382.91
	5060.71	0.00	12.95	2385.91
	5060.72	0.00	12.94	2383.91
	5060.73	0.00	12.96	2385.88
	5060.74	0.00	12.94	2384.95
	5060.75	0.00	12.93	2387.97
	5060.77	0.00	12.93	2388.98
	5060.78	0.00	12.93	2388.99
	5060.79	0.00	12.93	2390.99
	5060.80	0.00	12.94	2388.96
	5060.81	0.00	12.94	2388.95
	5060.83	0.00	12.94	2389.96
	5060.84	0.00	12.94	2391.97
	5060.85	0.00	12.94	2392.98
	5060.86	0.00	12.93	2393.98
	5060.87	0.00	12.93	2392.99
	5060.88	0.00	13.01	2394.73
	5060.90	0.00	13.01	2393.74
	5060.91	0.00	13.00	2393.75
	5060.92	0.00	12.99	2394.76
	5060.93	0.00	12.99	2387.74
	5060.94	0.00	12.97	2386.78
	5060.96	0.00	12.96	2394.79
	5060.97	0.00	12.93	2386.75
	5060.98	0.00	12.89	2389.84
	5060.99	0.00	12.86	2394.88
	5061.00	0.00	12.86	2392.89
	5061.02	0.00	12.84	2396.91
	5061.03	0.00	12.82	2402.93
	5061.04	0.00	12.75	2380.98
	5061.05	0.00	12.75	2393.02
	5061.06	0.00	12.74	2400.04
	5061.07	0.00	12.74	2401.05
	5061.09	0.00	12.73	2411.07
	5061.10	0.00	12.67	2430.07
	5061.11	0.00	12.64	2439.07
	5061.12	0.00	12.61	2445.06
	5061.13	0.00	12.57	2469.08
	5061.14	0.00	12.53	2484.10
	5061.16	0.00	12.52	2493.11
	5061.17	0.00	12.52	2495.11
	5061.18	0.00	12.50	2500.13
	5061.19	0.00	12.49	2505.13
	5061.20	0.00	12.49	2511.09
	5061.22	0.00	12.49	2515.10
	5061.23	0.00	12.50	2517.09
	5061.24	0.00	12.50	2517.08
	5061.25	0.00	12.50	2521.08
	5061.26	0.00	12.50	2519.05
	5061.28	0.00	12.49	2517.06
	5061.29	0.00	12.49	2519.06
	5061.30	0.00	12.49	2520.06
	5061.31	0.00	12.50	2517.06
	5061.32	0.00	12.49	2514.06
	5061.34	0.00	12.49	2514.07
	5061.35	0.00	12.47	2486.06
	5061.36	0.00	12.51	2489.05
	5061.37	0.00	12.57	2466.05
	5061.38	0.00	12.64	2442.03
	5061.39	0.00	12.71	2414.02
	5061.41	0.00	12.75	2402.01
	5061.42	0.00	12.79	2381.99
	5061.43	0.00	12.83	2369.01
	5061.44	0.00	12.85	2363.99
	5061.45	0.00	12.86	2360.96
	5061.47	0.00	12.89	2353.93
	5061.48	0.00	12.91	2341.93
	5061.49	0.00	12.96	2328.87
	5061.50	0.00	13.01	2319.82
	5061.51	0.00	13.05	2315.77
	5061.52	0.00	13.07	2313.75
	5061.54	0.00	13.08	2312.72
	5061.55	0.00	13.07	2305.71
	5061.56	0.00	13.07	2302.70
	5061.57	0.00	13.08	2305.67
	5061.58	0.00	13.08	2299.64
	5061.60	0.00	13.08	2302.64
	5061.61	0.00	13.10	2309.63
	5061.62	0.00	13.11	2315.63
	5061.63	0.00	13.12	2321.63
	5061.64	0.00	13.13	2327.62
	5061.65	0.00	13.13	2331.62
	5061.67	0.00	13.16	2337.57
	5061.68	0.00	13.24	2336.35
	5061.69	0.00	13.25	2337.34
	5061.70	0.00	13.25	2343.34
	5061.71	0.00	13.27	2345.31
	5061.73	0.00	13.25	2339.34
	5061.74	0.00	13.26	2339.34
	5061.75	0.00	13.26	2344.34
	5061.76	0.00	13.28	2332.24
	5061.77	0.00	13.27	2330.27
	5061.79	0.00	13.26	2331.30
	5061.80	0.00	13.25	2335.35
	5061.81	0.00	13.25	2336.38
	5061.82	0.00	13.25	2338.40
	5061.83	0.00	13.24	2337.42
	5061.84	0.00	13.20	2330.49
	5061.86	0.00	13.21	2335.48
	5061.87	0.00	13.22	2340.48
	5061.88	0.00	13.23	2338.45
	5061.89	0.00	13.23	2337.45
	5061.90	0.00	13.23	2341.45
	5061.91	0.00	13.24	2343.43
	5061.93	0.00	13.24	2344.43
	5061.94	0.00	13.24	2346.44
	5061.95	0.00	13.24	2346.44
	5061.96	0.00	13.24	2349.44
	5061.97	0.00	13.25	2350.42
	5061.99	0.00	13.24	2346.43
	5062.00	0.00	13.24	2348.43
	5062.01	0.00	13.23	2349.46
	5062.02	0.00	13.23	2349.46
	5062.03	0.00	13.17	2365.56
	5062.04	0.00	12.85	2436.84
	5062.06	0.00	12.30	2614.06
	5062.07	0.00	12.10	2685.18
	5062.08	0.00	12.07	2706.22
	5062.09	0.00	12.14	2716.24
	5062.10	0.00	12.14	2735.26
	5062.12	0.00	12.16	2770.29
	5062.13	0.00	12.19	2790.31
	5062.14	0.00	12.21	2797.30
	5062.15	0.00	12.22	2801.31
	5062.16	0.00	12.25	2802.31
	5062.17	0.00	12.28	2795.30
	5062.19	0.00	12.33	2796.29
	5062.20	0.00	12.38	2791.26
	5062.21	0.00	12.45	2784.22
	5062.22	0.00	12.50	2771.20
	5062.23	0.00	12.53	2753.22
	5062.25	0.00	12.59	2737.19
	5062.26	0.00	12.64	2716.18
	5062.27	0.00	12.72	2691.15
	5062.28	0.00	12.86	2663.10
	5062.29	0.00	13.04	2601.10
	5062.31	0.00	13.15	2588.05
	5062.32	0.00	13.17	2579.02
	5062.33	0.00	13.21	2572.97
	5062.34	0.00	13.27	2570.83
	5062.35	0.00	13.30	2565.79
	5062.37	0.00	13.34	2552.73
	5062.38	0.00	13.39	2553.65
	5062.39	0.00	13.41	2550.64
	5062.40	0.00	13.43	2548.63
	5062.41	0.00	13.48	2553.58
	5062.42	0.00	13.52	2566.56
	5062.44	0.00	13.55	2574.52
	5062.45	0.00	13.58	2579.51
	5062.46	0.00	13.60	2589.53
	5062.47	0.00	13.62	2592.49
	5062.48	0.00	13.65	2605.48
	5062.50	0.00	13.67	2616.47
	5062.51	0.00	13.69	2619.46
	5062.52	0.00	13.72	2619.40
	5062.53	0.00	13.89	2662.40
	5062.54	0.00	13.95	2668.32
	5062.55	0.00	13.98	2676.36
	5062.57	0.00	14.08	2694.32
	5062.58	0.00	14.14	2701.27
	5062.59	0.00	14.20	2714.28
	5062.60	0.00	14.27	2716.21
	5062.61	0.00	14.32	2716.13
	5062.63	0.00	14.36	2715.08
	5062.64	0.00	14.40	2708.00
	5062.65	0.00	14.41	2684.92
	5062.66	0.00	14.38	2657.88
	5062.67	0.00	14.31	2618.89
	5062.68	0.00	14.26	2587.86
	5062.70	0.00	14.18	2533.79
	5062.71	0.00	14.02	2474.86
	5062.72	0.00	13.79	2394.87
	5062.73	0.00	13.59	2341.02
	5062.74	0.00	13.32	2270.11
	5062.76	0.00	13.21	2253.24
	5062.77	0.00	13.16	2239.29
	5062.78	0.00	13.17	2246.27
	5062.79	0.00	13.22	2273.25
	5062.80	0.00	13.22	2293.34
	5062.81	0.00	13.22	2294.37
	5062.83	0.00	13.25	2300.31
	5062.84	0.00	13.22	2299.38
	5062.85	0.00	13.23	2304.38
	5062.86	0.00	13.23	2309.38
	5062.87	0.00	13.25	2317.38
	5062.89	0.00	13.24	2313.38
	5062.90	0.00	13.26	2317.34
	5062.91	0.00	13.26	2320.35
	5062.92	0.00	13.26	2318.36
	5062.93	0.00	13.26	2325.36
	5062.94	0.00	13.27	2326.36
	5062.96	0.00	13.26	2330.37
	5062.97	0.00	13.31	2337.27
	5062.98	0.00	13.35	2340.15
	5062.99	0.00	13.36	2350.18
	5063.00	0.00	13.36	2347.18
	5063.02	0.00	13.37	2350.15
	5063.03	0.00	13.37	2348.15
	5063.04	0.00	13.37	2353.16
	5063.05	0.00	13.31	2346.29
	5063.06	0.00	13.29	2338.32
	5063.08	0.00	13.30	2343.32
	5063.09	0.00	13.31	2341.32
	5063.10	0.00	13.31	2342.32
	5063.11	0.00	13.30	2339.32
	5063.12	0.00	13.32	2340.27
	5063.13	0.00	13.33	2342.27
	5063.15	0.00	13.32	2347.29
	5063.16	0.00	13.32	2347.28
	5063.17	0.00	13.34	2356.25
	5063.18	0.00	13.35	2361.25
	5063.19	0.00	13.35	2366.25
	5063.20	0.00	13.36	2373.25
	5063.22	0.00	13.36	2375.25
	5063.23	0.00	13.36	2377.25
	5063.24	0.00	13.36	2376.25
	5063.25	0.00	13.36	2379.25
	5063.26	0.00	13.33	2381.33
	5063.27	0.00	13.10	2421.53
	5063.29	0.00	12.56	2576.88
	5063.30	0.00	11.87	2806.19
	5063.31	0.00	11.70	2888.33
	5063.32	0.00	11.78	2883.32
	5063.33	0.00	11.85	2864.34
	5063.35	0.00	12.00	2822.33
	5063.36	0.00	12.04	2860.35
	5063.37	0.00	12.09	2890.35
	5063.38	0.00	12.11	2893.35
	5063.39	0.00	12.14	2891.35
	5063.41	0.00	12.22	2900.31
	5063.42	0.00	12.26	2884.30
	5063.43	0.00	12.33	2872.27
	5063.44	0.00	12.41	2859.25
	5063.45	0.00	12.47	2843.21
	5063.46	0.00	12.54	2835.18
	5063.48	0.00	12.60	2823.15
	5063.49	0.00	12.65	2807.13
	5063.50	0.00	12.68	2783.10
	5063.51	0.00	12.72	2777.12
	5063.52	0.00	12.78	2759.10
	5063.54	0.00	12.83	2743.08
	5063.55	0.00	12.93	2709.05
	5063.56	0.00	13.10	2660.02
	5063.57	0.00	13.20	2632.99
	5063.58	0.00	13.26	2618.96
	5063.60	0.00	13.33	2617.81
	5063.61	0.00	13.38	2609.77
	5063.62	0.00	13.41	2609.73
	5063.63	0.00	13.43	2630.67
	5063.64	0.00	13.50	2617.59
	5063.65	0.00	13.51	2616.63
	5063.67	0.00	13.53	2621.59
	5063.68	0.00	13.58	2633.57
	5063.69	0.00	13.62	2642.50
	5063.70	0.00	13.65	2652.50
	5063.71	0.00	13.68	2653.48
	5063.73	0.00	13.69	2651.46
	5063.74	0.00	13.71	2651.42
	5063.75	0.00	13.75	2650.35
	5063.76	0.00	13.76	2655.36
	5063.77	0.00	13.85	2671.33
	5063.79	0.00	13.87	2671.29
	5063.80	0.00	13.99	2697.31
	5063.81	0.00	14.04	2710.30
	5063.82	0.00	14.09	2717.30
	5063.83	0.00	14.13	2719.26
	5063.84	0.00	14.17	2718.21
	5063.86	0.00	14.19	2718.24
	5063.87	0.00	14.25	2721.14
	5063.88	0.00	14.27	2714.07
	5063.89	0.00	14.28	2696.99
	5063.90	0.00	14.27	2666.92
	5063.91	0.00	14.26	2645.88
	5063.93	0.00	14.18	2589.86
	5063.94	0.00	14.13	2544.83
	5063.95	0.00	13.96	2476.81
	5063.96	0.00	13.80	2421.86
	5063.97	0.00	13.60	2350.00
	5063.99	0.00	13.31	2251.08
	5064.00	0.00	13.22	2226.17
	5064.01	0.00	13.14	2216.29
	5064.02	0.00	13.12	2216.31
	5064.03	0.00	13.17	2269.31
	5064.05	0.00	13.22	2290.31
	5064.06	0.00	13.24	2293.30
	5064.07	0.00	13.22	2289.32
	5064.08	0.00	13.21	2275.33
	5064.09	0.00	13.19	2271.36
	5064.10	0.00	13.18	2269.40
	5064.12	0.00	13.20	2274.38
	5064.13	0.00	13.18	2276.41
	5064.14	0.00	13.22	2301.38
	5064.15	0.00	13.23	2306.39
	5064.16	0.00	13.25	2322.37
	5064.18	0.00	13.25	2323.37
	5064.19	0.00	13.25	2326.37
	5064.20	0.00	13.27	2329.34
	5064.21	0.00	13.28	2339.33
	5064.22	0.00	13.29	2342.34
	5064.23	0.00	13.30	2346.34
	5064.25	0.00	13.30	2349.33
	5064.26	0.00	13.30	2351.34
	5064.27	0.00	13.39	2354.06
	5064.28	0.00	13.39	2356.08
	5064.29	0.00	13.39	2356.10
	5064.31	0.00	13.40	2355.08
	5064.32	0.00	13.39	2351.08
	5064.33	0.00	13.39	2347.05
	5064.34	0.00	13.39	2349.07
	5064.35	0.00	13.32	2336.21
	5064.37	0.00	13.31	2339.26
	5064.38	0.00	13.31	2341.26
	5064.39	0.00	13.31	2342.28
	5064.40	0.00	13.31	2342.28
	5064.41	0.00	13.31	2347.29
	5064.42	0.00	13.31	2349.29
	5064.43	0.00	13.33	2344.22
	5064.45	0.00	13.34	2348.22
	5064.46	0.00	13.34	2348.21
	5064.47	0.00	13.35	2352.18
	5064.48	0.00	13.34	2352.21
	5064.50	0.00	13.34	2354.21
	5064.51	0.00	13.34	2361.22
	5064.52	0.00	13.29	2386.35
	5064.53	0.00	12.99	2456.59
	5064.54	0.00	12.52	2596.90
	5064.55	0.00	12.06	2758.12
	5064.56	0.00	11.98	2807.21
	5064.58	0.00	12.01	2810.23
	5064.59	0.00	12.12	2800.22
	5064.60	0.00	12.10	2810.25
	5064.61	0.00	11.98	2799.27
	5064.62	0.00	12.08	2845.28
	5064.64	0.00	12.15	2888.30
	5064.65	0.00	12.20	2893.22
	5064.66	0.00	12.26	2910.25
	5064.67	0.00	12.33	2909.22
	5064.68	0.00	12.40	2905.20
	5064.69	0.00	12.48	2888.16
	5064.71	0.00	12.52	2865.12
	5064.72	0.00	12.57	2869.09
	5064.73	0.00	12.66	2862.06
	5064.74	0.00	12.72	2841.02
	5064.75	0.00	12.83	2817.01
	5064.77	0.00	12.96	2769.95
	5064.78	0.00	13.14	2726.89
	5064.79	0.00	13.29	2672.88
	5064.80	0.00	13.38	2641.81
	5064.81	0.00	13.42	2642.75
	5064.83	0.00	13.45	2655.66
	5064.84	0.00	13.46	2662.60
	5064.85	0.00	13.47	2655.54
	5064.86	0.00	13.51	2652.50
	5064.87	0.00	13.51	2643.47
	5064.88	0.00	13.53	2653.45
	5064.90	0.00	13.58	2662.29
	5064.91	0.00	13.58	2659.28
	5064.92	0.00	13.59	2651.26
	5064.93	0.00	13.63	2613.26
	5064.94	0.00	13.60	2600.30
	5064.96	0.00	13.60	2601.36
	5064.97	0.00	13.60	2599.36
	5064.98	0.00	13.60	2589.36
	5064.99	0.00	13.70	2613.34
	5065.00	0.00	13.73	2613.31
	5065.02	0.00	13.68	2609.30
	5065.03	0.00	13.71	2616.28
	5065.04	0.00	13.82	2654.26
	5065.05	0.00	13.93	2691.26
	5065.06	0.00	13.97	2700.22
	5065.07	0.00	14.03	2713.18
	5065.09	0.00	14.08	2723.17
	5065.10	0.00	14.14	2730.12
	5065.11	0.00	14.21	2739.07
	5065.12	0.00	14.25	2739.01
	5065.13	0.00	14.30	2733.90
	5065.14	0.00	14.40	2747.77
	5065.16	0.00	14.43	2732.68
	5065.17	0.00	14.42	2716.62
	5065.18	0.00	14.39	2688.54
	5065.19	0.00	14.35	2641.48
	5065.20	0.00	14.27	2585.41
	5065.22	0.00	14.04	2494.48
	5065.23	0.00	13.83	2427.65
	5065.24	0.00	13.55	2360.84
	5065.25	0.00	13.41	2321.98
	5065.26	0.00	13.32	2303.09
	5065.28	0.00	13.25	2287.18
	5065.29	0.00	13.26	2301.22
	5065.30	0.00	13.30	2324.22
	5065.31	0.00	13.30	2325.23
	5065.32	0.00	13.30	2321.24
	5065.33	0.00	13.28	2299.26
	5065.35	0.00	13.25	2280.28
	5065.36	0.00	13.25	2282.28
	5065.37	0.00	13.25	2284.28
	5065.38	0.00	13.27	2291.26
	5065.39	0.00	13.27	2291.26
	5065.41	0.00	13.28	2293.25
	5065.42	0.00	13.29	2301.26
	5065.43	0.00	13.30	2308.24
	5065.44	0.00	13.30	2312.24
	5065.45	0.00	13.32	2323.23
	5065.46	0.00	13.33	2330.22
	5065.48	0.00	13.32	2332.27
	5065.49	0.00	13.32	2335.27
	5065.50	0.00	13.33	2337.27
	5065.51	0.00	13.32	2341.29
	5065.52	0.00	13.33	2347.29
	5065.54	0.00	13.33	2349.30
	5065.55	0.00	13.34	2350.30
	5065.56	0.00	13.34	2349.26
	5065.57	0.00	13.36	2357.25
	5065.58	0.00	13.35	2359.26
	5065.59	0.00	13.35	2358.26
	5065.61	0.00	13.37	2364.25
	5065.62	0.00	13.36	2358.24
	5065.63	0.00	13.36	2359.24
	5065.64	0.00	13.36	2359.23
	5065.65	0.00	13.39	2361.14
	5065.66	0.00	13.40	2366.12
	5065.68	0.00	13.40	2368.13
	5065.69	0.00	13.41	2375.13
	5065.70	0.00	13.41	2374.14
	5065.71	0.00	13.41	2376.15
	5065.72	0.00	13.40	2376.16
	5065.74	0.00	13.38	2374.20
	5065.75	0.00	13.30	2375.39
	5065.76	0.00	13.10	2421.57
	5065.77	0.00	12.58	2568.82
	5065.78	0.00	12.09	2747.04
	5065.79	0.00	11.97	2831.16
	5065.81	0.00	12.05	2812.19
	5065.82	0.00	12.06	2818.17
	5065.83	0.00	12.09	2846.12
	5065.84	0.00	12.10	2860.14
	5065.85	0.00	12.16	2881.16
	5065.87	0.00	12.15	2893.21
	5065.88	0.00	12.14	2902.21
	5065.89	0.00	12.17	2919.21
	5065.90	0.00	12.21	2914.22
	5065.91	0.00	12.25	2903.20
	5065.92	0.00	12.31	2893.20
	5065.94	0.00	12.38	2871.17
	5065.95	0.00	12.44	2855.15
	5065.96	0.00	12.48	2838.13
	5065.97	0.00	12.53	2820.07
	5065.98	0.00	12.58	2798.05
	5066.00	0.00	12.64	2778.03
	5066.01	0.00	12.69	2757.01
	5066.02	0.00	12.72	2734.00
	5066.03	0.00	12.78	2711.97
	5066.04	0.00	12.81	2722.94
	5066.06	0.00	12.85	2708.92
	5066.07	0.00	12.89	2698.90
	5066.08	0.00	12.94	2683.88
	5066.09	0.00	13.14	2610.86
	5066.10	0.00	13.20	2591.86
	5066.12	0.00	13.25	2587.87
	5066.13	0.00	13.30	2585.86
	5066.14	0.00	13.35	2594.83
	5066.15	0.00	13.39	2611.78
	5066.16	0.00	13.43	2616.76
	5066.17	0.00	13.46	2623.74
	5066.19	0.00	13.50	2634.69
	5066.20	0.00	13.58	2640.56
	5066.21	0.00	13.65	2639.48
	5066.22	0.00	13.68	2643.44
	5066.23	0.00	13.71	2651.40
	5066.25	0.00	13.71	2650.42
	5066.26	0.00	13.72	2648.44
	5066.27	0.00	13.81	2670.41
	5066.28	0.00	13.93	2693.38
	5066.29	0.00	13.98	2701.33
	5066.31	0.00	14.03	2698.27
	5066.32	0.00	14.08	2697.25
	5066.33	0.00	14.08	2675.25
	5066.34	0.00	14.07	2643.26
	5066.35	0.00	14.10	2640.22
	5066.36	0.00	14.14	2638.14
	5066.38	0.00	14.18	2633.05
	5066.39	0.00	14.17	2616.99
	5066.40	0.00	14.15	2593.95
	5066.41	0.00	14.14	2549.76
	5066.42	0.00	14.08	2510.67
	5066.43	0.00	13.96	2443.54
	5066.45	0.00	13.87	2402.54
	5066.46	0.00	13.60	2316.67
	5066.47	0.00	13.45	2288.87
	5066.48	0.00	13.30	2257.07
	5066.49	0.00	13.22	2240.17
	5066.51	0.00	13.16	2228.24
	5066.52	0.00	13.15	2234.29
	5066.53	0.00	13.19	2260.30
	5066.54	0.00	13.21	2265.30
	5066.55	0.00	13.21	2269.30
	5066.56	0.00	13.21	2273.30
	5066.58	0.00	13.22	2279.30
	5066.59	0.00	13.23	2282.30
	5066.60	0.00	13.20	2270.31
	5066.61	0.00	13.20	2274.31
	5066.62	0.00	13.21	2280.31
	5066.64	0.00	13.23	2281.28
	5066.65	0.00	13.21	2272.30
	5066.66	0.00	13.22	2277.30
	5066.67	0.00	13.22	2277.29
	5066.68	0.00	13.23	2280.28
	5066.70	0.00	13.22	2279.29
	5066.71	0.00	13.24	2287.28
	5066.72	0.00	13.24	2286.28
	5066.73	0.00	13.25	2290.27
	5066.74	0.00	13.26	2292.27
	5066.75	0.00	13.26	2294.26
	5066.77	0.00	13.27	2299.25
	5066.78	0.00	13.28	2306.25
	5066.79	0.00	13.28	2310.27
	5066.80	0.00	13.27	2309.29
	5066.81	0.00	13.26	2310.31
	5066.83	0.00	13.27	2314.30
	5066.84	0.00	13.29	2331.28
	5066.85	0.00	13.29	2333.28
	5066.86	0.00	13.29	2336.28
	5066.87	0.00	13.30	2338.28
	5066.88	0.00	13.32	2345.24
	5066.90	0.00	13.32	2345.24
	5066.91	0.00	13.32	2352.25
	5066.92	0.00	13.33	2359.24
	5066.93	0.00	13.34	2368.23
	5066.94	0.00	13.34	2373.22
	5066.95	0.00	13.34	2371.23
	5066.97	0.00	13.33	2361.24
	5066.98	0.00	13.20	2381.45
	5066.99	0.00	12.68	2520.72
	5067.00	0.00	12.09	2739.00
	5067.01	0.00	11.82	2848.18
	5067.03	0.00	11.84	2863.23
	5067.04	0.00	11.89	2857.23
	5067.05	0.00	12.01	2835.22
	5067.06	0.00	12.00	2848.25
	5067.07	0.00	12.01	2889.26
	5067.08	0.00	11.98	2879.33
	5067.10	0.00	11.78	2771.35
	5067.11	0.00	12.03	2904.35
	5067.12	0.00	12.08	2919.35
	5067.13	0.00	12.14	2914.31
	5067.14	0.00	12.19	2899.28
	5067.16	0.00	12.27	2888.25
	5067.17	0.00	12.35	2871.21
	5067.18	0.00	12.41	2856.14
	5067.19	0.00	12.49	2838.13
	5067.20	0.00	12.54	2820.11
	5067.21	0.00	12.61	2799.08
	5067.23	0.00	12.69	2774.04
	5067.24	0.00	12.73	2757.01
	5067.25	0.00	12.83	2739.97
	5067.26	0.00	12.99	2695.92
	5067.27	0.00	13.19	2628.84
	5067.29	0.00	13.35	2613.72
	5067.30	0.00	13.40	2619.62
	5067.31	0.00	13.42	2648.52
	5067.32	0.00	13.45	2650.47
	5067.33	0.00	13.48	2652.38
	5067.35	0.00	13.49	2648.36
	5067.36	0.00	13.49	2655.34
	5067.37	0.00	13.52	2653.30
	5067.38	0.00	13.54	2653.26
	5067.39	0.00	13.56	2647.25
	5067.40	0.00	13.59	2632.24
	5067.42	0.00	13.61	2639.23
	5067.43	0.00	13.63	2638.23
	5067.44	0.00	13.65	2637.23
	5067.45	0.00	13.75	2659.25
	5067.46	0.00	13.80	2669.25
	5067.47	0.00	13.86	2684.24
	5067.49	0.00	14.00	2713.19
	5067.50	0.00	14.08	2727.15
	5067.51	0.00	14.15	2732.08
	5067.52	0.00	14.22	2744.07
	5067.54	0.00	14.30	2756.03
	5067.55	0.00	14.34	2768.06
	5067.56	0.00	14.41	2776.96
	5067.57	0.00	14.47	2779.85
	5067.58	0.00	14.49	2764.79
	5067.59	0.00	14.44	2740.74
	5067.61	0.00	14.40	2705.64
	5067.62	0.00	14.29	2656.65
	5067.63	0.00	14.15	2600.71
	5067.64	0.00	13.92	2520.77
	5067.65	0.00	13.75	2466.93
	5067.66	0.00	13.58	2417.01
	5067.68	0.00	13.38	2361.12
	5067.69	0.00	13.30	2321.13
	5067.70	0.00	13.27	2325.19
	5067.71	0.00	13.26	2323.21
	5067.72	0.00	13.28	2330.21
	5067.74	0.00	13.29	2336.21
	5067.75	0.00	13.29	2331.22
	5067.76	0.00	13.28	2330.23
	5067.77	0.00	13.28	2330.23
	5067.78	0.00	13.28	2330.23
	5067.79	0.00	13.27	2321.23
	5067.81	0.00	13.29	2322.21
	5067.82	0.00	13.28	2324.22
	5067.83	0.00	13.29	2327.24
	5067.84	0.00	13.29	2329.24
	5067.85	0.00	13.30	2338.24
	5067.87	0.00	13.30	2337.24
	5067.88	0.00	13.33	2339.18
	5067.89	0.00	13.33	2345.19
	5067.90	0.00	13.34	2352.18
	5067.91	0.00	13.34	2355.21
	5067.92	0.00	13.34	2362.22
	5067.94	0.00	13.34	2363.23
	5067.95	0.00	13.35	2367.22
	5067.96	0.00	13.35	2369.23
	5067.97	0.00	13.37	2366.17
	5067.98	0.00	13.39	2370.11
	5068.00	0.00	13.38	2371.15
	5068.01	0.00	13.38	2367.14
	5068.02	0.00	13.38	2368.12
	5068.03	0.00	13.38	2366.14
	5068.04	0.00	13.39	2369.11
	5068.06	0.00	13.39	2365.10
	5068.07	0.00	13.37	2354.10
	5068.08	0.00	13.37	2354.10
	5068.09	0.00	13.38	2356.09
	5068.10	0.00	13.38	2355.08
	5068.11	0.00	13.39	2362.07
	5068.13	0.00	13.41	2366.05
	5068.14	0.00	13.42	2371.04
	5068.15	0.00	13.43	2374.02
	5068.16	0.00	13.42	2370.02
	5068.17	0.00	13.43	2375.01
	5068.18	0.00	13.32	2387.28
	5068.20	0.00	12.87	2517.49
	5068.21	0.00	12.30	2698.79
	5068.22	0.00	11.90	2847.04
	5068.23	0.00	11.87	2892.14
	5068.24	0.00	11.94	2877.19
	5068.26	0.00	11.97	2878.20
	5068.27	0.00	12.05	2886.17
	5068.28	0.00	12.12	2884.18
	5068.29	0.00	12.17	2910.18
	5068.30	0.00	12.22	2921.16
	5068.31	0.00	12.27	2925.16
	5068.33	0.00	12.32	2928.15
	5068.34	0.00	12.38	2922.14
	5068.35	0.00	12.48	2937.02
	5068.36	0.00	12.54	2901.01
	5068.37	0.00	12.64	2860.97
	5068.39	0.00	12.74	2834.94
	5068.40	0.00	12.80	2799.99
	5068.41	0.00	12.86	2775.00
	5068.42	0.00	12.94	2751.98
	5068.43	0.00	13.09	2703.93
	5068.44	0.00	13.23	2684.85
	5068.46	0.00	13.30	2663.82
	5068.47	0.00	13.38	2651.75
	5068.48	0.00	13.41	2651.71
	5068.49	0.00	13.45	2649.62
	5068.50	0.00	13.45	2650.58
	5068.52	0.00	13.47	2655.55
	5068.53	0.00	13.47	2652.53
	5068.54	0.00	13.48	2647.50
	5068.55	0.00	13.49	2655.51
	5068.56	0.00	13.50	2653.50
	5068.58	0.00	13.50	2653.51
	5068.59	0.00	13.51	2646.52
	5068.60	0.00	13.53	2648.49
	5068.61	0.00	13.56	2637.50
	5068.62	0.00	13.57	2645.51
	5068.63	0.00	13.58	2650.51
	5068.65	0.00	13.60	2649.49
	5068.66	0.00	13.62	2644.46
	5068.67	0.00	13.65	2644.41
	5068.68	0.00	13.69	2648.34
	5068.69	0.00	13.71	2645.31
	5068.71	0.00	13.80	2663.26
	5068.72	0.00	13.83	2660.20
	5068.73	0.00	13.94	2680.16
	5068.74	0.00	13.97	2676.08
	5068.75	0.00	14.00	2676.02
	5068.77	0.00	14.01	2662.01
	5068.78	0.00	14.02	2659.99
	5068.79	0.00	14.01	2659.03
	5068.80	0.00	14.02	2655.02
	5068.81	0.00	14.00	2639.04
	5068.82	0.00	13.99	2624.03
	5068.84	0.00	13.97	2599.98
	5068.85	0.00	13.86	2552.93
	5068.86	0.00	13.75	2504.90
	5068.87	0.00	13.69	2462.89
	5068.88	0.00	13.61	2428.94
	5068.89	0.00	13.53	2392.98
	5068.91	0.00	13.44	2370.07
	5068.92	0.00	13.42	2346.96
	5068.93	0.00	13.39	2329.95
	5068.94	0.00	13.37	2336.00
	5068.95	0.00	13.39	2345.97
	5068.97	0.00	13.40	2346.97
	5068.98	0.00	13.42	2355.96
	5068.99	0.00	13.42	2356.96
	5069.00	0.00	13.43	2352.94
	5069.01	0.00	13.43	2352.94
	5069.02	0.00	13.43	2353.93
	5069.04	0.00	13.43	2350.92
	5069.05	0.00	13.41	2337.93
	5069.06	0.00	13.39	2342.01
	5069.07	0.00	13.37	2339.04
	5069.08	0.00	13.38	2339.06
	5069.10	0.00	13.39	2340.06
	5069.11	0.00	13.38	2338.06
	5069.12	0.00	13.39	2340.05
	5069.13	0.00	13.39	2342.06
	5069.14	0.00	13.39	2346.07
	5069.15	0.00	13.35	2326.09
	5069.17	0.00	13.36	2338.11
	5069.18	0.00	13.37	2341.11
	5069.19	0.00	13.38	2351.12
	5069.20	0.00	13.39	2358.14
	5069.21	0.00	13.40	2364.14
	5069.23	0.00	13.40	2367.14
	5069.24	0.00	13.40	2368.13
	5069.25	0.00	13.40	2366.13
	5069.26	0.00	13.39	2359.10
	5069.27	0.00	13.40	2360.10
	5069.29	0.00	13.41	2368.08
	5069.30	0.00	13.41	2370.11
	5069.31	0.00	13.41	2371.11
	5069.32	0.00	13.41	2370.11
	5069.33	0.00	13.40	2373.12
	5069.34	0.00	13.41	2375.11
	5069.36	0.00	13.40	2374.11
	5069.37	0.00	13.41	2375.11
	5069.38	0.00	13.40	2372.12
	5069.39	0.00	13.39	2375.12
	5069.40	0.00	13.39	2381.17
	5069.41	0.00	13.34	2397.26
	5069.43	0.00	13.10	2453.50
	5069.44	0.00	12.70	2568.74
	5069.45	0.00	12.48	2646.87
	5069.46	0.00	12.41	2695.89
	5069.47	0.00	12.37	2757.93
	5069.49	0.00	12.37	2783.95
	5069.50	0.00	12.37	2790.96
	5069.51	0.00	12.36	2792.96
	5069.52	0.00	12.35	2800.98
	5069.53	0.00	12.35	2821.00
	5069.54	0.00	12.37	2842.98
	5069.56	0.00	12.37	2859.03
	5069.57	0.00	12.39	2873.04
	5069.58	0.00	12.42	2878.04
	5069.59	0.00	12.45	2878.04
	5069.60	0.00	12.49	2873.03
	5069.62	0.00	12.53	2862.05
	5069.63	0.00	12.55	2855.04
	5069.64	0.00	12.61	2846.03
	5069.65	0.00	12.66	2832.03
	5069.66	0.00	12.72	2819.98
	5069.67	0.00	12.76	2804.97
	5069.69	0.00	12.81	2790.95
	5069.70	0.00	12.85	2782.93
	5069.71	0.00	12.90	2778.80
	5069.72	0.00	12.92	2774.78
	5069.73	0.00	12.95	2766.77
	5069.75	0.00	13.03	2743.74
	5069.76	0.00	13.18	2693.72
	5069.77	0.00	13.25	2659.79
	5069.78	0.00	13.29	2650.78
	5069.79	0.00	13.33	2647.75
	5069.81	0.00	13.40	2636.67
	5069.82	0.00	13.41	2640.66
	5069.83	0.00	13.44	2643.63
	5069.84	0.00	13.44	2650.58
	5069.85	0.00	13.47	2653.53
	5069.87	0.00	13.50	2654.50
	5069.88	0.00	13.52	2656.46
	5069.89	0.00	13.52	2674.42
	5069.90	0.00	13.55	2677.34
	5069.91	0.00	13.57	2677.28
	5069.92	0.00	13.69	2685.23
	5069.94	0.00	13.75	2658.19
	5069.95	0.00	13.77	2656.15
	5069.96	0.00	13.80	2655.10
	5069.97	0.00	13.83	2644.01
	5069.98	0.00	13.85	2640.98
	5070.00	0.00	13.94	2648.93
	5070.01	0.00	13.97	2644.88
	5070.02	0.00	13.99	2640.87
	5070.03	0.00	14.00	2619.78
	5070.04	0.00	14.01	2608.76
	5070.06	0.00	14.00	2603.80
	5070.07	0.00	13.89	2559.79
	5070.08	0.00	13.89	2550.77
	5070.09	0.00	13.85	2523.75
	5070.10	0.00	13.81	2492.73
	5070.11	0.00	13.65	2439.82
	5070.13	0.00	13.58	2417.90
	5070.14	0.00	13.54	2394.89
	5070.15	0.00	13.46	2373.95
	5070.16	0.00	13.41	2354.99
	5070.17	0.00	13.38	2358.05
	5070.18	0.00	13.38	2372.10
	5070.20	0.00	13.41	2401.12
	5070.21	0.00	13.41	2398.12
	5070.22	0.00	13.41	2397.12
	5070.23	0.00	13.40	2391.12
	5070.24	0.00	13.40	2389.12
	5070.26	0.00	13.39	2383.11
	5070.27	0.00	13.39	2378.09
	5070.28	0.00	13.38	2376.14
	5070.29	0.00	13.36	2370.17
	5070.30	0.00	13.36	2366.18
	5070.31	0.00	13.37	2366.16
	5070.33	0.00	13.36	2366.19
	5070.34	0.00	13.36	2368.19
	5070.35	0.00	13.36	2368.19
	5070.36	0.00	13.36	2370.20
	5070.37	0.00	13.36	2369.20
	5070.39	0.00	13.36	2369.20
	5070.40	0.00	13.39	2373.16
	5070.41	0.00	13.39	2382.17
	5070.42	0.00	13.39	2386.16
	5070.43	0.00	13.40	2389.16
	5070.44	0.00	13.40	2391.17
	5070.46	0.00	13.40	2393.17
	5070.47	0.00	13.40	2392.17
	5070.48	0.00	13.40	2398.17
	5070.49	0.00	13.40	2402.17
	5070.50	0.00	13.41	2403.16
	5070.52	0.00	13.50	2402.92
	5070.53	0.00	13.50	2402.92
	5070.54	0.00	13.49	2403.92
	5070.55	0.00	13.50	2409.91
	5070.56	0.00	13.52	2419.90
	5070.57	0.00	13.51	2421.91
	5070.59	0.00	13.50	2421.93
	5070.60	0.00	13.51	2422.92
	5070.61	0.00	13.51	2422.92
	5070.62	0.00	13.50	2426.94
	5070.63	0.00	13.39	2432.18
	5070.64	0.00	13.03	2502.47
	5070.66	0.00	12.54	2646.80
	5070.67	0.00	12.35	2716.96
	5070.68	0.00	12.24	2767.06
	5070.69	0.00	12.17	2801.10
	5070.70	0.00	12.17	2811.08
	5070.72	0.00	12.17	2825.07
	5070.73	0.00	12.20	2842.07
	5070.74	0.00	12.23	2872.06
	5070.75	0.00	12.24	2893.09
	5070.76	0.00	12.24	2902.11
	5070.78	0.00	12.25	2911.11
	5070.79	0.00	12.25	2910.12
	5070.80	0.00	12.27	2913.12
	5070.81	0.00	12.30	2908.10
	5070.82	0.00	12.34	2904.09
	5070.83	0.00	12.39	2892.07
	5070.85	0.00	12.43	2881.06
	5070.86	0.00	12.48	2877.03
	5070.87	0.00	12.53	2864.96
	5070.88	0.00	12.57	2854.96
	5070.89	0.00	12.62	2842.89
	5070.91	0.00	12.64	2837.93
	5070.92	0.00	12.67	2824.90
	5070.93	0.00	12.70	2819.88
	5070.94	0.00	12.74	2807.87
	5070.95	0.00	12.77	2807.86
	5070.96	0.00	12.80	2803.84
	5070.98	0.00	12.83	2801.83
	5070.99	0.00	12.86	2801.82
	5071.00	0.00	12.88	2801.82
	5071.01	0.00	12.90	2805.81
	5071.02	0.00	12.92	2802.83
	5071.04	0.00	12.94	2791.84
	5071.05	0.00	12.96	2794.84
	5071.06	0.00	12.99	2786.82
	5071.07	0.00	13.09	2759.78
	5071.08	0.00	13.21	2727.78
	5071.10	0.00	13.31	2702.78
	5071.11	0.00	13.35	2693.75
	5071.12	0.00	13.41	2684.71
	5071.13	0.00	13.47	2679.59
	5071.14	0.00	13.50	2677.55
	5071.15	0.00	13.47	2702.50
	5071.17	0.00	13.48	2699.50
	5071.18	0.00	13.51	2689.45
	5071.19	0.00	13.55	2689.39
	5071.20	0.00	13.58	2685.32
	5071.21	0.00	13.62	2660.22
	5071.23	0.00	13.67	2636.16
	5071.24	0.00	13.77	2650.11
	5071.25	0.00	13.80	2641.99
	5071.26	0.00	13.85	2641.91
	5071.27	0.00	13.88	2635.86
	5071.29	0.00	13.87	2614.88
	5071.30	0.00	13.90	2602.83
	5071.31	0.00	13.88	2579.83
	5071.32	0.00	13.87	2559.80
	5071.33	0.00	13.87	2534.75
	5071.34	0.00	13.79	2493.79
	5071.36	0.00	13.63	2441.88
	5071.37	0.00	13.54	2401.92
	5071.38	0.00	13.48	2392.97
	5071.39	0.00	13.44	2388.02
	5071.40	0.00	13.40	2383.09
	5071.42	0.00	13.38	2393.13
	5071.43	0.00	13.39	2396.13
	5071.44	0.00	13.43	2414.13
	5071.45	0.00	13.43	2414.12
	5071.46	0.00	13.42	2408.12
	5071.47	0.00	13.42	2399.12
	5071.49	0.00	13.41	2389.10
	5071.50	0.00	13.40	2384.11
	5071.51	0.00	13.40	2381.11
	5071.52	0.00	13.40	2382.11
	5071.53	0.00	13.40	2381.12
	5071.55	0.00	13.40	2380.12
	5071.56	0.00	13.40	2378.12
	5071.57	0.00	13.41	2381.11
	5071.58	0.00	13.42	2381.11
	5071.59	0.00	13.42	2378.10
	5071.60	0.00	13.40	2364.10
	5071.62	0.00	13.40	2364.10
	5071.63	0.00	13.40	2363.10
	5071.64	0.00	13.39	2364.10
	5071.65	0.00	13.40	2367.10
	5071.66	0.00	13.40	2369.09
	5071.67	0.00	13.41	2373.09
	5071.69	0.00	13.41	2376.08
	5071.70	0.00	13.43	2388.08
	5071.71	0.00	13.43	2393.08
	5071.72	0.00	13.42	2390.08
	5071.73	0.00	13.43	2393.08
	5071.75	0.00	13.43	2392.07
	5071.76	0.00	13.44	2389.02
	5071.77	0.00	13.43	2395.07
	5071.78	0.00	13.44	2397.06
	5071.79	0.00	13.45	2401.05
	5071.81	0.00	13.45	2402.05
	5071.82	0.00	13.45	2404.05
	5071.83	0.00	13.45	2404.05
	5071.84	0.00	13.47	2403.01
	5071.85	0.00	13.41	2401.12
	5071.86	0.00	13.28	2423.28
	5071.88	0.00	12.96	2517.49
	5071.89	0.00	12.57	2637.72
	5071.90	0.00	12.33	2719.85
	5071.91	0.00	12.21	2771.96
	5071.92	0.00	12.23	2782.01
	5071.93	0.00	12.20	2800.01
	5071.95	0.00	12.20	2816.03
	5071.96	0.00	12.22	2845.05
	5071.97	0.00	12.23	2855.03
	5071.98	0.00	12.19	2865.09
	5071.99	0.00	12.16	2879.12
	5072.01	0.00	12.17	2888.07
	5072.02	0.00	12.19	2895.06
	5072.03	0.00	12.19	2896.05
	5072.04	0.00	12.19	2890.10
	5072.05	0.00	12.22	2893.13
	5072.06	0.00	12.26	2892.12
	5072.08	0.00	12.30	2882.11
	5072.09	0.00	12.35	2873.05
	5072.10	0.00	12.41	2864.02
	5072.11	0.00	12.46	2848.00
	5072.12	0.00	12.52	2838.98
	5072.14	0.00	12.58	2830.90
	5072.15	0.00	12.65	2810.94
	5072.16	0.00	12.72	2794.92
	5072.17	0.00	12.80	2778.89
	5072.18	0.00	12.83	2772.86
	5072.20	0.00	12.87	2773.84
	5072.21	0.00	12.89	2775.82
	5072.22	0.00	12.94	2761.79
	5072.23	0.00	13.09	2730.74
	5072.24	0.00	13.27	2681.70
	5072.26	0.00	13.35	2672.66
	5072.27	0.00	13.39	2669.62
	5072.28	0.00	13.46	2656.58
	5072.29	0.00	13.46	2676.50
	5072.30	0.00	13.50	2674.49
	5072.31	0.00	13.53	2671.43
	5072.33	0.00	13.55	2672.36
	5072.34	0.00	13.61	2669.24
	5072.35	0.00	13.62	2666.24
	5072.36	0.00	13.65	2664.19
	5072.37	0.00	13.66	2658.15
	5072.39	0.00	13.67	2653.11
	5072.40	0.00	13.77	2669.09
	5072.41	0.00	13.89	2668.04
	5072.42	0.00	13.94	2673.98
	5072.43	0.00	13.99	2665.86
	5072.44	0.00	14.04	2662.75
	5072.46	0.00	14.08	2663.71
	5072.47	0.00	14.12	2663.66
	5072.48	0.00	14.14	2665.64
	5072.49	0.00	14.21	2659.44
	5072.50	0.00	14.21	2647.40
	5072.52	0.00	14.17	2617.38
	5072.53	0.00	14.11	2585.38
	5072.54	0.00	13.98	2526.37
	5072.55	0.00	13.86	2472.37
	5072.56	0.00	13.80	2444.43
	5072.58	0.00	13.71	2414.57
	5072.59	0.00	13.60	2386.71
	5072.60	0.00	13.53	2371.79
	5072.61	0.00	13.44	2333.84
	5072.62	0.00	13.42	2340.88
	5072.63	0.00	13.39	2353.97
	5072.65	0.00	13.39	2370.02
	5072.66	0.00	13.40	2378.04
	5072.67	0.00	13.41	2371.05
	5072.68	0.00	13.41	2374.04
	5072.69	0.00	13.41	2370.05
	5072.70	0.00	13.40	2364.05
	5072.72	0.00	13.40	2361.05
	5072.73	0.00	13.38	2352.07
	5072.74	0.00	13.36	2333.05
	5072.75	0.00	13.37	2344.07
	5072.76	0.00	13.39	2345.07
	5072.78	0.00	13.39	2343.09
	5072.79	0.00	13.39	2344.08
	5072.80	0.00	13.39	2344.08
	5072.81	0.00	13.40	2348.07
	5072.82	0.00	13.39	2351.08
	5072.83	0.00	13.40	2354.07
	5072.85	0.00	13.40	2354.05
	5072.86	0.00	13.41	2363.06
	5072.87	0.00	13.41	2368.06
	5072.88	0.00	13.42	2380.06
	5072.89	0.00	13.44	2396.07
	5072.91	0.00	13.45	2404.07
	5072.92	0.00	13.45	2410.07
	5072.93	0.00	13.46	2416.07
	5072.94	0.00	13.45	2416.08
	5072.95	0.00	13.45	2417.09
	5072.96	0.00	13.46	2424.08
	5072.98	0.00	13.46	2425.08
	5072.99	0.00	13.46	2427.08
	5073.00	0.00	13.45	2428.10
	5073.01	0.00	13.47	2430.07
	5073.02	0.00	13.46	2424.06
	5073.04	0.00	13.46	2426.07
	5073.05	0.00	13.46	2425.07
	5073.06	0.00	13.46	2420.04
	5073.07	0.00	13.37	2427.19
	5073.08	0.00	13.09	2516.36
	5073.09	0.00	12.59	2667.63
	5073.11	0.00	12.35	2762.79
	5073.12	0.00	12.27	2801.89
	5073.13	0.00	12.25	2828.93
	5073.14	0.00	12.31	2857.94
	5073.15	0.00	12.30	2860.95
	5073.17	0.00	12.29	2864.95
	5073.18	0.00	12.25	2874.01
	5073.19	0.00	12.22	2886.03
	5073.20	0.00	12.22	2903.06
	5073.21	0.00	12.23	2912.08
	5073.22	0.00	12.23	2911.12
	5073.24	0.00	12.25	2913.15
	5073.25	0.00	12.29	2909.14
	5073.26	0.00	12.34	2897.08
	5073.27	0.00	12.38	2881.07
	5073.29	0.00	12.43	2867.06
	5073.30	0.00	12.48	2853.05
	5073.31	0.00	12.55	2835.91
	5073.32	0.00	12.59	2826.88
	5073.33	0.00	12.65	2812.85
	5073.34	0.00	12.68	2796.83
	5073.36	0.00	12.71	2781.83
	5073.37	0.00	12.72	2772.87
	5073.38	0.00	12.75	2766.91
	5073.39	0.00	12.78	2766.90
	5073.40	0.00	12.80	2766.84
	5073.42	0.00	12.82	2771.85
	5073.43	0.00	12.84	2766.82
	5073.44	0.00	12.87	2771.81
	5073.45	0.00	12.93	2773.77
	5073.46	0.00	12.99	2756.80
	5073.47	0.00	13.10	2732.77
	5073.49	0.00	13.18	2706.76
	5073.50	0.00	13.27	2694.74
	5073.51	0.00	13.33	2684.72
	5073.52	0.00	13.39	2665.67
	5073.53	0.00	13.45	2670.62
	5073.55	0.00	13.47	2672.51
	5073.56	0.00	13.52	2668.42
	5073.57	0.00	13.57	2691.27
	5073.58	0.00	13.61	2689.17
	5073.59	0.00	13.65	2682.11
	5073.60	0.00	13.76	2682.06
	5073.62	0.00	13.80	2654.03
	5073.63	0.00	13.85	2651.95
	5073.64	0.00	13.87	2639.93
	5073.65	0.00	13.91	2643.86
	5073.66	0.00	13.96	2632.76
	5073.68	0.00	13.96	2618.79
	5073.69	0.00	13.94	2592.79
	5073.70	0.00	13.93	2566.74
	5073.71	0.00	13.90	2525.68
	5073.72	0.00	13.74	2455.67
	5073.73	0.00	13.68	2423.68
	5073.75	0.00	13.55	2387.87
	5073.76	0.00	13.47	2364.96
	5073.77	0.00	13.39	2345.02
	5073.78	0.00	13.34	2334.08
	5073.79	0.00	13.32	2326.10
	5073.81	0.00	13.33	2348.13
	5073.82	0.00	13.36	2370.12
	5073.83	0.00	13.38	2375.11
	5073.84	0.00	13.38	2373.11
	5073.85	0.00	13.38	2375.11
	5073.87	0.00	13.37	2370.12
	5073.88	0.00	13.38	2371.08
	5073.89	0.00	13.38	2364.09
	5073.90	0.00	13.38	2365.10
	5073.91	0.00	13.37	2360.11
	5073.92	0.00	13.38	2365.10
	5073.94	0.00	13.38	2366.10
	5073.95	0.00	13.43	2363.95
	5073.96	0.00	13.40	2362.02
	5073.97	0.00	13.40	2365.05
	5073.98	0.00	13.48	2375.86
	5074.00	0.00	13.47	2377.87
	5074.01	0.00	13.48	2380.87
	5074.02	0.00	13.48	2380.87
	5074.03	0.00	13.49	2390.87
	5074.04	0.00	13.49	2392.85
	5074.06	0.00	13.49	2389.86
	5074.07	0.00	13.52	2403.86
	5074.08	0.00	13.52	2410.86
	5074.09	0.00	13.54	2400.75
	5074.10	0.00	13.51	2402.83
	5074.11	0.00	13.49	2404.91
	5074.13	0.00	13.49	2408.90
	5074.14	0.00	13.49	2409.93
	5074.15	0.00	13.49	2404.94
	5074.16	0.00	13.50	2408.95
	5074.17	0.00	13.49	2409.96
	5074.18	0.00	13.49	2409.96
	5074.20	0.00	13.47	2406.00
	5074.21	0.00	13.48	2411.98
	5074.22	0.00	13.43	2419.11
	5074.23	0.00	13.22	2451.32
	5074.24	0.00	12.74	2610.58
	5074.25	0.00	12.46	2705.78
	5074.27	0.00	12.33	2761.86
	5074.28	0.00	12.33	2781.89
	5074.29	0.00	12.35	2810.93
	5074.30	0.00	12.37	2826.95
	5074.31	0.00	12.34	2832.98
	5074.33	0.00	12.32	2840.00
	5074.34	0.00	12.29	2859.06
	5074.35	0.00	12.31	2885.07
	5074.36	0.00	12.33	2899.07
	5074.37	0.00	12.36	2901.06
	5074.39	0.00	12.42	2905.99
	5074.40	0.00	12.46	2903.98
	5074.41	0.00	12.53	2903.96
	5074.42	0.00	12.57	2897.93
	5074.43	0.00	12.61	2883.91
	5074.45	0.00	12.66	2872.90
	5074.46	0.00	12.72	2851.88
	5074.47	0.00	12.79	2828.84
	5074.48	0.00	12.84	2822.82
	5074.49	0.00	12.88	2810.80
	5074.50	0.00	12.92	2791.76
	5074.52	0.00	13.15	2716.74
	5074.53	0.00	13.33	2666.67
	5074.54	0.00	13.42	2648.60
	5074.55	0.00	13.48	2634.51
	5074.56	0.00	13.53	2645.37
	5074.58	0.00	13.58	2640.27
	5074.59	0.00	13.60	2642.25
	5074.60	0.00	13.63	2641.20
	5074.61	0.00	13.77	2669.07
	5074.62	0.00	13.78	2667.04
	5074.63	0.00	13.92	2697.98
	5074.65	0.00	13.96	2698.97
	5074.66	0.00	14.01	2706.90
	5074.67	0.00	14.04	2706.86
	5074.68	0.00	14.05	2707.92
	5074.69	0.00	14.06	2704.92
	5074.71	0.00	14.07	2701.91
	5074.72	0.00	14.09	2702.91
	5074.73	0.00	14.11	2680.91
	5074.74	0.00	14.13	2673.86
	5074.75	0.00	14.15	2680.86
	5074.77	0.00	14.17	2679.84
	5074.78	0.00	14.18	2680.82
	5074.79	0.00	14.18	2675.83
	5074.80	0.00	14.20	2683.81
	5074.81	0.00	14.19	2678.82
	5074.83	0.00	14.17	2658.86
	5074.84	0.00	14.17	2658.88
	5074.85	0.00	14.16	2658.90
	5074.86	0.00	14.15	2654.92
	5074.87	0.00	14.14	2640.87
	5074.88	0.00	14.11	2614.85
	5074.89	0.00	14.00	2574.86
	5074.91	0.00	13.91	2527.83
	5074.92	0.00	13.80	2483.84
	5074.93	0.00	13.62	2429.88
	5074.94	0.00	13.46	2388.93
	5074.95	0.00	13.43	2377.95
	5074.97	0.00	13.40	2370.98
	5074.98	0.00	13.39	2372.98
	5074.99	0.00	13.38	2375.01
	5075.00	0.00	13.40	2389.99
	5075.01	0.00	13.43	2402.99
	5075.02	0.00	13.43	2395.96
	5075.04	0.00	13.43	2395.98
	5075.05	0.00	13.43	2399.98
	5075.06	0.00	13.44	2396.98
	5075.07	0.00	13.44	2398.98
	5075.08	0.00	13.44	2398.97
	5075.10	0.00	13.42	2381.97
	5075.11	0.00	13.42	2382.97
	5075.12	0.00	13.43	2385.96
	5075.13	0.00	13.43	2383.97
	5075.14	0.00	13.44	2381.96
	5075.15	0.00	13.44	2381.96
	5075.17	0.00	13.42	2370.98
	5075.18	0.00	13.42	2369.98
	5075.19	0.00	13.43	2374.97
	5075.20	0.00	13.43	2377.97
	5075.21	0.00	13.44	2375.97
	5075.23	0.00	13.44	2375.97
	5075.24	0.00	13.44	2376.97
	5075.25	0.00	13.44	2373.97
	5075.26	0.00	13.41	2371.03
	5075.27	0.00	13.42	2375.03
	5075.29	0.00	13.41	2375.04
	5075.30	0.00	13.42	2382.04
	5075.31	0.00	13.42	2389.05
	5075.32	0.00	13.43	2396.05
	5075.33	0.00	13.44	2412.04
	5075.34	0.00	13.47	2418.99
	5075.36	0.00	13.46	2421.02
	5075.37	0.00	13.47	2424.02
	5075.38	0.00	13.44	2424.07
	5075.39	0.00	13.43	2430.10
	5075.40	0.00	13.43	2436.12
	5075.42	0.00	13.45	2447.10
	5075.43	0.00	13.46	2455.10
	5075.44	0.00	13.51	2460.96
	5075.45	0.00	13.50	2469.00
	5075.46	0.00	13.46	2463.07
	5075.47	0.00	13.43	2468.14
	5075.49	0.00	13.41	2477.19
	5075.50	0.00	13.39	2480.22
	5075.51	0.00	13.38	2479.22
	5075.52	0.00	13.33	2473.34
	5075.53	0.00	13.31	2482.43
	5075.55	0.00	13.30	2479.47
	5075.56	0.00	13.29	2485.50
	5075.57	0.00	13.27	2479.48
	5075.58	0.00	13.24	2503.54
	5075.59	0.00	13.23	2505.56
	5075.60	0.00	13.21	2509.59
	5075.62	0.00	13.23	2534.61
	5075.63	0.00	13.20	2521.60
	5075.64	0.00	13.20	2534.63
	5075.65	0.00	13.19	2537.66
	5075.66	0.00	13.17	2540.68
	5075.68	0.00	13.18	2541.64
	5075.69	0.00	13.18	2547.64
	5075.70	0.00	13.18	2552.65
	5075.71	0.00	13.18	2554.66
	5075.72	0.00	13.18	2553.66
	5075.73	0.00	13.19	2560.64
	5075.75	0.00	13.16	2547.66
	5075.76	0.00	13.17	2554.67
	5075.77	0.00	13.16	2558.66
	5075.78	0.00	13.15	2563.66
	5075.79	0.00	13.13	2549.66
	5075.81	0.00	13.14	2550.59
	5075.82	0.00	13.12	2554.66
	5075.83	0.00	13.11	2556.66
	5075.84	0.00	13.10	2556.67
	5075.85	0.00	13.10	2556.67
	5075.87	0.00	13.11	2563.67
	5075.88	0.00	13.10	2566.68
	5075.89	0.00	13.10	2567.68
	5075.90	0.00	13.10	2565.66
	5075.91	0.00	13.08	2565.73
	5075.93	0.00	13.05	2570.75
	5075.94	0.00	13.05	2571.76
	5075.95	0.00	13.05	2573.77
	5075.96	0.00	13.02	2586.74
	5075.97	0.00	13.00	2589.76
	5075.98	0.00	13.00	2589.76
	5076.00	0.00	12.99	2589.77
	5076.01	0.00	12.98	2593.78
	5076.02	0.00	13.05	2594.54
	5076.03	0.00	13.02	2605.57
	5076.04	0.00	12.99	2605.58
	5076.06	0.00	12.97	2608.59
	5076.07	0.00	12.97	2609.59
	5076.08	0.00	12.96	2598.55
	5076.09	0.00	12.92	2600.67
	5076.10	0.00	12.91	2599.72
	5076.12	0.00	12.91	2594.74
	5076.13	0.00	12.91	2596.75
	5076.14	0.00	12.89	2584.75
	5076.15	0.00	12.89	2590.77
	5076.16	0.00	12.89	2585.78
	5076.17	0.00	12.89	2587.80
	5076.19	0.00	12.90	2587.79
	5076.20	0.00	12.89	2578.76
	5076.21	0.00	12.90	2585.79
	5076.22	0.00	12.90	2585.79
	5076.23	0.00	12.89	2588.81
	5076.25	0.00	12.88	2585.81
	5076.26	0.00	12.90	2583.76
	5076.27	0.00	12.91	2579.78
	5076.28	0.00	12.93	2579.76
	5076.29	0.00	12.94	2572.76
	5076.31	0.00	12.94	2571.76
	5076.32	0.00	12.95	2569.76
	5076.33	0.00	12.94	2555.74
	5076.34	0.00	12.96	2559.74
	5076.35	0.00	12.97	2556.74
	5076.37	0.00	12.97	2553.74
	5076.38	0.00	13.02	2540.74
	5076.39	0.00	13.04	2531.73
	5076.40	0.00	13.03	2524.73
	5076.41	0.00	13.03	2518.73
	5076.42	0.00	13.03	2521.73
	5076.43	0.00	13.04	2518.72
	5076.45	0.00	13.04	2520.72
	5076.46	0.00	13.04	2518.72
	5076.47	0.00	13.04	2516.72
	5076.48	0.00	13.05	2517.72
	5076.50	0.00	13.05	2520.72
	5076.51	0.00	13.05	2520.72
	5076.52	0.00	13.05	2522.74
	5076.53	0.00	13.05	2520.76
	5076.54	0.00	13.04	2517.77
	5076.55	0.00	13.05	2522.78
	5076.57	0.00	13.04	2518.79
	5076.58	0.00	13.04	2519.79
	5076.59	0.00	13.05	2522.77
	5076.60	0.00	13.05	2525.78
	5076.61	0.00	13.04	2524.79
	5076.63	0.00	13.05	2525.76
	5076.64	0.00	13.11	2524.57
	5076.65	0.00	13.11	2526.56
	5076.66	0.00	13.10	2527.58
	5076.67	0.00	13.10	2519.58
	5076.68	0.00	13.09	2525.60
	5076.70	0.00	13.08	2514.58
	5076.71	0.00	13.04	2517.70
	5076.72	0.00	13.04	2515.71
	5076.73	0.00	13.03	2510.73
	5076.75	0.00	13.03	2512.74
	5076.76	0.00	13.05	2515.71
	5076.77	0.00	13.01	2504.76
	5076.78	0.00	13.02	2510.77
	5076.79	0.00	13.03	2507.77
	5076.80	0.00	13.03	2511.78
	5076.81	0.00	13.03	2512.76
	5076.83	0.00	13.03	2519.78
	5076.84	0.00	13.02	2517.78
	5076.85	0.00	13.02	2516.80
	5076.86	0.00	13.02	2517.79
	5076.87	0.00	12.98	2533.80
	5076.89	0.00	12.99	2535.75
	5076.90	0.00	12.99	2544.74
	5076.91	0.00	12.99	2546.75
	5076.92	0.00	12.97	2547.75
	5076.93	0.00	12.96	2545.75
	5076.94	0.00	12.97	2550.74
	5076.96	0.00	12.95	2546.75
	5076.97	0.00	12.95	2549.75
	5076.98	0.00	12.94	2549.75
	5076.99	0.00	12.95	2553.75
	5077.00	0.00	12.89	2555.76
	5077.02	0.00	12.86	2554.76
	5077.03	0.00	12.86	2560.72
	5077.04	0.00	12.84	2564.77
	5077.05	0.00	12.82	2570.77
	5077.06	0.00	12.82	2573.77
	5077.08	0.00	12.81	2577.77
	5077.09	0.00	12.80	2579.78
	5077.10	0.00	12.80	2584.78
	5077.11	0.00	12.80	2586.78
	5077.12	0.00	12.80	2588.78
	5077.14	0.00	12.80	2587.78
	5077.15	0.00	12.81	2588.75
	5077.16	0.00	12.78	2588.82
	5077.17	0.00	12.77	2588.85
	5077.18	0.00	12.77	2592.86
	5077.19	0.00	12.77	2592.86
	5077.21	0.00	12.78	2593.84
	5077.22	0.00	12.78	2591.83
	5077.23	0.00	12.78	2589.84
	5077.24	0.00	12.79	2591.84
	5077.25	0.00	12.79	2591.82
	5077.27	0.00	12.79	2593.85
	5077.28	0.00	12.86	2593.61
	5077.29	0.00	12.86	2590.62
	5077.30	0.00	12.85	2583.65
	5077.31	0.00	12.87	2578.64
	5077.33	0.00	12.87	2577.64
	5077.34	0.00	12.87	2565.59
	5077.35	0.00	12.83	2567.73
	5077.36	0.00	12.84	2563.75
	5077.37	0.00	12.84	2564.77
	5077.38	0.00	12.83	2550.75
	5077.40	0.00	12.83	2553.78
	5077.41	0.00	12.84	2555.78
	5077.42	0.00	12.85	2553.78
	5077.43	0.00	12.90	2544.77
	5077.44	0.00	12.90	2546.79
	5077.46	0.00	12.90	2545.77
	5077.47	0.00	12.91	2545.78
	5077.48	0.00	12.94	2541.79
	5077.49	0.00	12.95	2542.79
	5077.50	0.00	12.96	2537.79
	5077.52	0.00	12.95	2536.79
	5077.53	0.00	13.01	2522.79
	5077.54	0.00	13.03	2525.74
	5077.55	0.00	13.04	2526.73
	5077.56	0.00	13.05	2525.73
	5077.58	0.00	13.03	2519.73
	5077.59	0.00	13.05	2524.71
	5077.60	0.00	13.04	2521.72
	5077.61	0.00	13.05	2523.71
	5077.62	0.00	13.06	2520.71
	5077.63	0.00	13.06	2522.71
	5077.65	0.00	13.07	2522.71
	5077.66	0.00	13.06	2502.70
	5077.67	0.00	13.06	2501.70
	5077.68	0.00	13.09	2504.69
	5077.69	0.00	13.11	2495.68
	5077.70	0.00	13.11	2492.69
	5077.72	0.00	13.12	2492.68
	5077.73	0.00	13.12	2497.69
	5077.74	0.00	13.13	2499.68
	5077.75	0.00	13.13	2499.68
	5077.77	0.00	13.13	2497.69
	5077.78	0.00	13.12	2496.73
	5077.79	0.00	13.12	2497.75
	5077.80	0.00	13.13	2496.74
	5077.81	0.00	13.12	2499.75
	5077.82	0.00	13.12	2501.75
	5077.83	0.00	13.14	2501.71
	5077.85	0.00	13.12	2499.74
	5077.86	0.00	13.13	2503.74
	5077.87	0.00	13.13	2504.75
	5077.88	0.00	13.15	2501.69
	5077.89	0.00	13.21	2501.51
	5077.91	0.00	13.20	2505.53
	5077.92	0.00	13.19	2498.55
	5077.93	0.00	13.20	2500.54
	5077.94	0.00	13.18	2487.51
	5077.95	0.00	13.14	2486.63
	5077.97	0.00	13.15	2486.66
	5077.98	0.00	13.14	2487.67
	5077.99	0.00	13.14	2488.68
	5078.00	0.00	13.13	2478.66
	5078.01	0.00	13.12	2481.70
	5078.03	0.00	13.12	2483.71
	5078.04	0.00	13.13	2483.72
	5078.05	0.00	13.12	2486.74
	5078.06	0.00	13.13	2489.71
	5078.07	0.00	13.13	2493.72
	5078.08	0.00	13.13	2491.73
	5078.10	0.00	13.13	2489.72
	5078.11	0.00	13.12	2493.74
	5078.12	0.00	13.13	2492.69
	5078.13	0.00	13.14	2498.69
	5078.14	0.00	13.14	2499.68
	5078.16	0.00	13.14	2498.69
	5078.17	0.00	13.14	2499.69
	5078.18	0.00	13.14	2498.67
	5078.19	0.00	13.13	2495.68
	5078.20	0.00	13.13	2497.68
	5078.21	0.00	13.13	2494.68
	5078.23	0.00	13.13	2494.69
	5078.24	0.00	13.10	2479.68
	5078.25	0.00	13.11	2482.68
	5078.26	0.00	13.11	2482.68
	5078.27	0.00	13.11	2480.67
	5078.29	0.00	13.11	2476.68
	5078.30	0.00	13.11	2477.68
	5078.31	0.00	13.12	2485.68
	5078.32	0.00	13.12	2487.70
	5078.33	0.00	13.13	2488.68
	5078.35	0.00	13.11	2485.72
	5078.36	0.00	13.10	2488.75
	5078.37	0.00	13.09	2490.77
	5078.38	0.00	13.09	2489.77
	5078.39	0.00	13.09	2489.77
	5078.41	0.00	13.10	2488.74
	5078.42	0.00	13.10	2491.75
	5078.43	0.00	13.09	2491.76
	5078.44	0.00	13.09	2494.77
	5078.45	0.00	13.08	2494.78
	5078.46	0.00	13.16	2494.54
	5078.48	0.00	13.15	2496.55
	5078.49	0.00	13.13	2490.57
	5078.50	0.00	13.14	2494.58
	5078.51	0.00	13.15	2486.52
	5078.52	0.00	13.07	2489.65
	5078.54	0.00	13.06	2486.70
	5078.55	0.00	13.07	2485.68
	5078.56	0.00	13.05	2486.72
	5078.57	0.00	13.06	2493.71
	5078.58	0.00	13.02	2484.75
	5078.60	0.00	13.02	2494.76
	5078.61	0.00	13.02	2494.77
	5078.62	0.00	13.01	2498.78
	5078.63	0.00	13.00	2492.76
	5078.64	0.00	12.97	2514.77
	5078.65	0.00	12.97	2516.79
	5078.67	0.00	12.96	2517.80
	5078.68	0.00	12.95	2525.80
	5078.69	0.00	12.95	2520.77
	5078.70	0.00	12.96	2527.76
	5078.71	0.00	12.95	2533.76
	5078.73	0.00	12.95	2532.77
	5078.74	0.00	12.95	2533.75
	5078.75	0.00	12.94	2535.76
	5078.76	0.00	12.93	2531.74
	5078.77	0.00	12.92	2532.75
	5078.79	0.00	12.93	2537.75
	5078.80	0.00	12.93	2537.75
	5078.81	0.00	12.92	2535.76
	5078.82	0.00	12.91	2531.76
	5078.83	0.00	12.85	2531.76
	5078.85	0.00	12.84	2537.76
	5078.86	0.00	12.84	2542.76
	5078.87	0.00	12.83	2543.77
	5078.88	0.00	12.82	2548.77
	5078.89	0.00	12.82	2548.77
	5078.90	0.00	12.81	2547.78
	5078.92	0.00	12.82	2555.77
	5078.93	0.00	12.82	2555.77
	5078.94	0.00	12.82	2554.77
	5078.95	0.00	12.84	2555.72
	5078.96	0.00	12.82	2555.78
	5078.97	0.00	12.81	2556.81
	5078.99	0.00	12.81	2555.83
	5079.00	0.00	12.81	2556.85
	5079.01	0.00	12.82	2557.84
	5079.02	0.00	12.81	2555.83
	5079.03	0.00	12.82	2555.81
	5079.05	0.00	12.82	2559.82
	5079.06	0.00	12.83	2555.83
	5079.07	0.00	12.82	2560.83
	5079.08	0.00	12.87	2561.71
	5079.09	0.00	12.89	2556.60
	5079.10	0.00	12.89	2562.62
	5079.12	0.00	12.88	2554.63
	5079.13	0.00	12.88	2555.63
	5079.14	0.00	12.88	2558.64
	5079.15	0.00	12.85	2545.64
	5079.16	0.00	12.83	2548.73
	5079.18	0.00	12.84	2545.74
	5079.19	0.00	12.84	2549.77
	5079.20	0.00	12.80	2532.77
	5079.21	0.00	12.82	2542.79
	5079.22	0.00	12.82	2539.80
	5079.24	0.00	12.83	2543.80
	5079.25	0.00	12.83	2546.80
	5079.26	0.00	12.82	2548.81
	5079.27	0.00	12.81	2545.79
	5079.28	0.00	12.82	2554.81
	5079.30	0.00	12.82	2556.82
	5079.31	0.00	12.81	2557.83
	5079.32	0.00	12.82	2558.83
	5079.33	0.00	12.82	2555.78
	5079.34	0.00	12.82	2560.78
	5079.35	0.00	12.83	2567.77
	5079.37	0.00	12.83	2566.78
	5079.38	0.00	12.83	2569.78
	5079.39	0.00	12.82	2571.78
	5079.40	0.00	12.82	2564.76
	5079.41	0.00	12.82	2564.76
	5079.43	0.00	12.82	2568.77
	5079.44	0.00	12.81	2567.78
	5079.45	0.00	12.81	2564.77
	5079.46	0.00	12.82	2570.77
	5079.47	0.00	12.81	2564.77
	5079.48	0.00	12.79	2556.77
	5079.50	0.00	12.79	2555.77
	5079.51	0.00	12.80	2558.77
	5079.52	0.00	12.80	2559.77
	5079.53	0.00	12.79	2558.78
	5079.54	0.00	12.79	2557.77
	5079.56	0.00	12.80	2558.77
	5079.57	0.00	12.81	2564.77
	5079.58	0.00	12.81	2564.77
	5079.59	0.00	12.81	2565.77
	5079.60	0.00	12.80	2564.80
	5079.62	0.00	12.81	2565.79
	5079.63	0.00	12.79	2564.83
	5079.64	0.00	12.79	2565.84
	5079.65	0.00	12.79	2568.84
	5079.66	0.00	12.80	2567.82
	5079.67	0.00	12.80	2569.82
	5079.69	0.00	12.80	2569.83
	5079.70	0.00	12.80	2569.83
	5079.71	0.00	12.80	2569.83
	5079.72	0.00	12.81	2572.83
	5079.73	0.00	12.88	2570.59
	5079.75	0.00	12.88	2568.61
	5079.76	0.00	12.87	2561.64
	5079.77	0.00	12.86	2556.63
	5079.78	0.00	12.87	2551.57
	5079.79	0.00	12.83	2553.70
	5079.81	0.00	12.82	2541.74
	5079.82	0.00	12.83	2549.75
	5079.83	0.00	12.84	2552.75
	5079.84	0.00	12.83	2551.77
	5079.85	0.00	12.82	2540.77
	5079.87	0.00	12.83	2546.78
	5079.88	0.00	12.83	2544.79
	5079.89	0.00	12.84	2545.78
	5079.90	0.00	12.84	2548.79
	5079.91	0.00	12.84	2545.77
	5079.92	0.00	12.84	2552.79
	5079.94	0.00	12.87	2556.73
	5079.95	0.00	12.84	2559.80
	5079.96	0.00	12.84	2557.80
	5079.97	0.00	12.85	2559.76
	5079.98	0.00	12.85	2561.76
	5080.00	0.00	12.86	2563.75
	5080.01	0.00	12.86	2564.75
	5080.02	0.00	12.86	2562.75
	5080.03	0.00	12.86	2563.76
	5080.04	0.00	12.86	2561.73
	5080.06	0.00	12.86	2560.74
	5080.07	0.00	12.86	2561.74
	5080.08	0.00	12.86	2561.75
	5080.09	0.00	12.86	2560.74
	5080.10	0.00	12.86	2559.74
	5080.12	0.00	12.83	2544.74
	5080.13	0.00	12.83	2549.74
	5080.14	0.00	12.84	2549.74
	5080.15	0.00	12.84	2547.74
	5080.16	0.00	12.84	2549.74
	5080.17	0.00	12.83	2546.75
	5080.18	0.00	12.83	2552.75
	5080.20	0.00	12.84	2554.75
	5080.21	0.00	12.83	2555.76
	5080.22	0.00	12.84	2558.75
	5080.23	0.00	12.82	2556.77
	5080.25	0.00	12.81	2557.81
	5080.26	0.00	12.81	2560.81
	5080.27	0.00	12.81	2562.82
	5080.28	0.00	12.80	2565.83
	5080.29	0.00	12.80	2564.80
	5080.30	0.00	12.81	2566.80
	5080.32	0.00	12.79	2560.82
	5080.33	0.00	12.80	2568.83
	5080.34	0.00	12.86	2565.62
	5080.35	0.00	12.86	2570.62
	5080.36	0.00	12.86	2565.62
	5080.38	0.00	12.85	2566.62
	5080.39	0.00	12.85	2566.63
	5080.40	0.00	12.84	2561.63
	5080.41	0.00	12.82	2556.67
	5080.42	0.00	12.79	2556.74
	5080.43	0.00	12.80	2555.76
	5080.45	0.00	12.80	2558.77
	5080.46	0.00	12.77	2539.75
	5080.47	0.00	12.78	2548.78
	5080.48	0.00	12.78	2552.79
	5080.50	0.00	12.79	2550.80
	5080.51	0.00	12.79	2554.80
	5080.52	0.00	12.80	2554.79
	5080.53	0.00	12.80	2558.79
	5080.54	0.00	12.80	2561.80
	5080.55	0.00	12.80	2560.81
	5080.56	0.00	12.80	2561.81
	5080.58	0.00	12.79	2559.82
	5080.59	0.00	12.81	2559.76
	5080.60	0.00	12.82	2561.76
	5080.61	0.00	12.83	2564.76
	5080.62	0.00	12.82	2562.77
	5080.64	0.00	12.83	2562.76
	5080.65	0.00	12.83	2558.74
	5080.66	0.00	12.83	2561.75
	5080.67	0.00	12.83	2559.75
	5080.68	0.00	12.83	2561.75
	5080.70	0.00	12.83	2559.75
	5080.71	0.00	12.83	2559.75
	5080.72	0.00	12.81	2549.75
	5080.73	0.00	12.81	2545.75
	5080.74	0.00	12.81	2549.75
	5080.76	0.00	12.81	2549.75
	5080.77	0.00	12.82	2546.75
	5080.78	0.00	12.81	2545.75
	5080.79	0.00	12.81	2544.75
	5080.80	0.00	12.82	2545.75
	5080.81	0.00	12.82	2550.75
	5080.83	0.00	12.82	2550.75
	5080.84	0.00	12.83	2549.74
	5080.85	0.00	12.84	2547.68
	5080.86	0.00	12.82	2549.79
	5080.87	0.00	12.81	2549.81
	5080.89	0.00	12.81	2553.82
	5080.90	0.00	12.81	2552.83
	5080.91	0.00	12.82	2554.79
	5080.92	0.00	12.82	2555.81
	5080.93	0.00	12.82	2556.81
	5080.94	0.00	12.82	2555.82
	5080.96	0.00	12.81	2556.82
	5080.97	0.00	12.89	2556.58
	5080.98	0.00	12.88	2557.60
	5080.99	0.00	12.87	2552.61
	5081.00	0.00	12.87	2552.62
	5081.02	0.00	12.87	2545.56
	5081.03	0.00	12.83	2543.68
	5081.04	0.00	12.82	2546.72
	5081.05	0.00	12.82	2542.73
	5081.06	0.00	12.82	2541.74
	5081.08	0.00	12.82	2544.76
	5081.09	0.00	12.79	2526.75
	5081.10	0.00	12.81	2536.77
	5081.11	0.00	12.82	2537.79
	5081.12	0.00	12.82	2535.79
	5081.13	0.00	12.81	2529.79
	5081.15	0.00	12.82	2539.79
	5081.16	0.00	12.84	2539.78
	5081.17	0.00	12.84	2541.80
	5081.18	0.00	12.85	2540.79
	5081.19	0.00	12.85	2540.79
	5081.21	0.00	12.86	2537.75
	5081.22	0.00	12.86	2540.75
	5081.23	0.00	12.87	2542.75
	5081.24	0.00	12.87	2543.75
	5081.25	0.00	12.87	2539.75
	5081.27	0.00	12.87	2544.75
	5081.28	0.00	12.87	2543.75
	5081.29	0.00	12.86	2539.74
	5081.30	0.00	12.86	2542.75
	5081.31	0.00	12.85	2536.74
	5081.33	0.00	12.87	2539.74
	5081.34	0.00	12.86	2543.74
	5081.35	0.00	12.88	2541.70
	5081.36	0.00	12.83	2525.74
	5081.37	0.00	12.84	2533.74
	5081.38	0.00	12.83	2532.74
	5081.40	0.00	12.82	2536.75
	5081.41	0.00	12.83	2537.74
	5081.42	0.00	12.83	2539.74
	5081.43	0.00	12.83	2533.74
	5081.44	0.00	12.84	2541.74
	5081.45	0.00	12.84	2539.74
	5081.47	0.00	12.84	2542.74
	5081.48	0.00	12.83	2541.78
	5081.49	0.00	12.83	2540.80
	5081.50	0.00	12.82	2543.81
	5081.52	0.00	12.82	2543.81
	5081.53	0.00	12.82	2544.81
	5081.54	0.00	12.82	2545.82
	5081.55	0.00	12.83	2546.79
	5081.56	0.00	12.83	2547.80
	5081.57	0.00	12.82	2548.82
	5081.59	0.00	12.83	2549.81
	5081.60	0.00	12.90	2550.57
	5081.61	0.00	12.89	2547.59
	5081.62	0.00	12.90	2552.59
	5081.63	0.00	12.90	2547.60
	5081.65	0.00	12.89	2545.60
	5081.66	0.00	12.89	2534.54
	5081.67	0.00	12.85	2536.67
	5081.68	0.00	12.84	2533.72
	5081.69	0.00	12.85	2533.73
	5081.70	0.00	12.85	2535.74
	5081.72	0.00	12.82	2516.73
	5081.73	0.00	12.82	2522.75
	5081.74	0.00	12.83	2529.76
	5081.75	0.00	12.85	2526.74
	5081.76	0.00	12.84	2531.78
	5081.78	0.00	12.84	2527.76
	5081.79	0.00	12.85	2537.77
	5081.80	0.00	12.85	2538.79
	5081.81	0.00	12.85	2539.78
	5081.82	0.00	12.85	2539.78
	5081.83	0.00	12.84	2539.79
	5081.85	0.00	12.85	2536.74
	5081.86	0.00	12.86	2542.74
	5081.87	0.00	12.87	2545.74
	5081.88	0.00	12.87	2546.74
	5081.89	0.00	12.86	2546.74
	5081.91	0.00	12.87	2544.74
	5081.92	0.00	12.87	2539.72
	5081.93	0.00	12.87	2541.74
	5081.94	0.00	12.87	2540.73
	5081.95	0.00	12.87	2540.73
	5081.97	0.00	12.87	2541.73
	5081.98	0.00	12.86	2528.72
	5081.99	0.00	12.86	2521.73
	5082.00	0.00	12.87	2522.72
	5082.01	0.00	12.87	2522.72
	5082.02	0.00	12.88	2521.69
	5082.04	0.00	12.87	2523.72
	5082.05	0.00	12.87	2522.72
	5082.06	0.00	12.87	2521.72
	5082.07	0.00	12.88	2523.72
	5082.08	0.00	12.89	2523.72
	5082.10	0.00	12.89	2523.72
	5082.11	0.00	12.89	2522.72
	5082.12	0.00	12.89	2524.74
	5082.13	0.00	12.88	2524.77
	5082.14	0.00	12.87	2524.79
	5082.16	0.00	12.87	2522.80
	5082.17	0.00	12.87	2527.79
	5082.18	0.00	12.88	2525.76
	5082.19	0.00	12.88	2526.77
	5082.20	0.00	12.88	2528.77
	5082.21	0.00	12.88	2529.79
	5082.23	0.00	12.88	2528.79
	5082.24	0.00	12.95	2526.55
	5082.25	0.00	12.96	2525.52
	5082.26	0.00	12.95	2524.58
	5082.27	0.00	12.94	2522.58
	5082.29	0.00	12.94	2520.58
	5082.30	0.00	12.93	2522.60
	5082.31	0.00	12.91	2508.60
	5082.32	0.00	12.89	2515.68
	5082.33	0.00	12.88	2510.71
	5082.35	0.00	12.88	2516.72
	5082.36	0.00	12.83	2503.72
	5082.37	0.00	12.83	2513.73
	5082.38	0.00	12.82	2521.76
	5082.39	0.00	12.81	2522.76
	5082.40	0.00	12.83	2525.77
	5082.42	0.00	12.81	2527.78
	5082.43	0.00	12.82	2523.71
	5082.44	0.00	12.81	2537.77
	5082.45	0.00	12.81	2538.78
	5082.46	0.00	12.80	2539.78
	5082.48	0.00	12.80	2540.80
	5082.49	0.00	12.79	2543.79
	5082.50	0.00	12.79	2537.74
	5082.51	0.00	12.80	2546.74
	5082.52	0.00	12.80	2546.74
	5082.54	0.00	12.79	2547.74
	5082.55	0.00	12.78	2546.75
	5082.56	0.00	12.78	2543.73
	5082.57	0.00	12.77	2543.73
	5082.58	0.00	12.77	2543.73
	5082.60	0.00	12.76	2543.74
	5082.61	0.00	12.75	2541.74
	5082.62	0.00	12.74	2538.76
	5082.63	0.00	12.73	2538.75
	5082.64	0.00	12.73	2536.75
	5082.65	0.00	12.70	2519.74
	5082.66	0.00	12.70	2521.75
	5082.68	0.00	12.71	2519.74
	5082.69	0.00	12.72	2518.74
	5082.70	0.00	12.73	2519.73
	5082.71	0.00	12.74	2518.73
	5082.72	0.00	12.74	2518.73
	5082.74	0.00	12.74	2520.73
	5082.75	0.00	12.73	2516.73
	5082.76	0.00	12.72	2519.73
	5082.77	0.00	12.73	2530.73
	5082.78	0.00	12.74	2534.73
	5082.80	0.00	12.73	2540.74
	5082.81	0.00	12.72	2544.75
	5082.82	0.00	12.71	2554.76
	5082.83	0.00	12.69	2560.80
	5082.84	0.00	12.68	2572.83
	5082.85	0.00	12.67	2581.85
	5082.87	0.00	12.66	2592.87
	5082.88	0.00	12.66	2605.88
	5082.89	0.00	12.66	2611.86
	5082.90	0.00	12.62	2625.89
	5082.91	0.00	12.60	2649.92
	5082.93	0.00	12.55	2664.94
	5082.94	0.00	12.58	2687.72
	5082.95	0.00	12.54	2708.76
	5082.96	0.00	12.53	2726.79
	5082.97	0.00	12.52	2740.79
	5082.99	0.00	12.44	2740.96
	5083.00	0.00	12.43	2753.01
	5083.01	0.00	12.44	2759.03
	5083.02	0.00	12.45	2760.98
	5083.03	0.00	12.44	2774.99
	5083.04	0.00	12.44	2773.99
	5083.06	0.00	12.46	2773.99
	5083.07	0.00	12.48	2772.99
	5083.08	0.00	12.51	2776.96
	5083.09	0.00	12.52	2768.96
	5083.10	0.00	12.51	2768.96
	5083.12	0.00	12.52	2764.97
	5083.13	0.00	12.54	2764.97
	5083.14	0.00	12.55	2760.96
	5083.15	0.00	12.57	2759.91
	5083.16	0.00	12.58	2760.90
	5083.18	0.00	12.58	2762.91
	5083.19	0.00	12.60	2760.90
	5083.20	0.00	12.60	2756.90
	5083.21	0.00	12.60	2751.90
	5083.22	0.00	12.60	2752.90
	5083.24	0.00	12.60	2743.89
	5083.25	0.00	12.64	2756.89
	5083.26	0.00	12.65	2758.88
	5083.27	0.00	12.67	2755.84
	5083.28	0.00	12.66	2753.90
	5083.29	0.00	12.67	2752.91
	5083.31	0.00	12.71	2746.92
	5083.32	0.00	12.73	2740.91
	5083.33	0.00	12.75	2744.89
	5083.34	0.00	12.78	2735.88
	5083.35	0.00	12.82	2734.87
	5083.37	0.00	12.88	2715.86
	5083.38	0.00	13.04	2668.85
	5083.39	0.00	13.17	2647.61
	5083.40	0.00	13.27	2618.61
	5083.41	0.00	13.32	2612.60
	5083.42	0.00	13.45	2622.58
	5083.44	0.00	13.47	2622.56
	5083.45	0.00	13.52	2646.58
	5083.46	0.00	13.46	2610.66
	5083.47	0.00	13.49	2612.64
	5083.48	0.00	13.48	2632.63
	5083.50	0.00	13.54	2617.57
	5083.51	0.00	13.57	2609.48
	5083.52	0.00	13.61	2611.44
	5083.53	0.00	13.65	2600.39
	5083.54	0.00	13.68	2597.33
	5083.56	0.00	13.66	2584.32
	5083.57	0.00	13.66	2574.31
	5083.58	0.00	13.66	2553.26
	5083.59	0.00	13.69	2551.20
	5083.60	0.00	13.67	2542.20
	5083.62	0.00	13.65	2531.20
	5083.63	0.00	13.63	2519.20
	5083.64	0.00	13.62	2505.19
	5083.65	0.00	13.60	2488.18
	5083.66	0.00	13.56	2467.17
	5083.67	0.00	13.53	2444.12
	5083.68	0.00	13.51	2431.10
	5083.70	0.00	13.49	2419.09
	5083.71	0.00	13.38	2380.10
	5083.72	0.00	13.36	2371.10
	5083.73	0.00	13.36	2363.07
	5083.75	0.00	13.34	2355.07
	5083.76	0.00	13.33	2345.07
	5083.77	0.00	13.29	2321.09
	5083.78	0.00	13.28	2311.10
	5083.79	0.00	13.28	2310.07
	5083.80	0.00	13.27	2296.08
	5083.81	0.00	13.26	2300.08
	5083.83	0.00	13.26	2300.07
	5083.84	0.00	13.25	2297.08
	5083.85	0.00	13.25	2299.08
	5083.86	0.00	13.23	2290.07
	5083.87	0.00	13.23	2289.05
	5083.89	0.00	13.26	2304.05
	5083.90	0.00	13.27	2306.05
	5083.91	0.00	13.31	2323.03
	5083.92	0.00	13.32	2329.03
	5083.93	0.00	13.31	2325.03
	5083.95	0.00	13.31	2325.02
	5083.96	0.00	13.33	2330.02
	5083.97	0.00	13.33	2333.02
	5083.98	0.00	13.33	2330.02
	5083.99	0.00	13.34	2334.02
	5084.01	0.00	13.34	2332.02
	5084.02	0.00	13.34	2335.04
	5084.03	0.00	13.32	2327.07
	5084.04	0.00	13.32	2329.09
	5084.05	0.00	13.31	2330.10
	5084.06	0.00	13.32	2331.10
	5084.08	0.00	13.32	2331.11
	5084.09	0.00	13.32	2334.10
	5084.10	0.00	13.32	2330.08
	5084.11	0.00	13.34	2336.07
	5084.12	0.00	13.34	2334.08
	5084.14	0.00	13.34	2336.07
	5084.15	0.00	13.34	2335.08
	5084.16	0.00	13.33	2337.11
	5084.17	0.00	13.33	2338.09
	5084.18	0.00	13.33	2339.09
	5084.19	0.00	13.42	2340.86
	5084.21	0.00	13.43	2339.82
	5084.22	0.00	13.42	2341.86
	5084.23	0.00	13.42	2341.87
	5084.24	0.00	13.42	2340.88
	5084.25	0.00	13.43	2340.87
	5084.27	0.00	13.42	2337.87
	5084.28	0.00	13.42	2338.87
	5084.29	0.00	13.41	2325.83
	5084.30	0.00	13.38	2327.92
	5084.31	0.00	13.37	2329.97
	5084.33	0.00	13.36	2327.97
	5084.34	0.00	13.37	2326.98
	5084.35	0.00	13.37	2325.00
	5084.36	0.00	13.36	2326.01
	5084.37	0.00	13.36	2326.02
	5084.38	0.00	13.34	2306.99
	5084.40	0.00	13.32	2305.01
	5084.41	0.00	13.34	2314.03
	5084.42	0.00	13.34	2318.04
	5084.43	0.00	13.34	2318.05
	5084.44	0.00	13.34	2322.05
	5084.45	0.00	13.33	2322.08
	5084.47	0.00	13.34	2324.06
	5084.48	0.00	13.34	2322.04
	5084.49	0.00	13.35	2330.05
	5084.50	0.00	13.34	2333.07
	5084.52	0.00	13.35	2333.06
	5084.53	0.00	13.34	2331.06
	5084.54	0.00	13.35	2333.07
	5084.55	0.00	13.35	2337.07
	5084.56	0.00	13.35	2342.06
	5084.57	0.00	13.38	2344.00
	5084.58	0.00	13.39	2347.99
	5084.60	0.00	13.39	2351.99
	5084.61	0.00	13.39	2356.00
	5084.62	0.00	13.39	2358.02
	5084.63	0.00	13.37	2370.09
	5084.64	0.00	13.30	2385.26
	5084.66	0.00	13.23	2387.39
	5084.67	0.00	13.19	2412.49
	5084.68	0.00	13.17	2419.56
	5084.69	0.00	13.09	2436.61
	5084.70	0.00	13.05	2442.64
	5084.72	0.00	13.05	2451.66
	5084.73	0.00	13.03	2458.68
	5084.74	0.00	12.98	2454.70
	5084.75	0.00	12.96	2474.71
	5084.76	0.00	12.95	2480.73
	5084.77	0.00	12.79	2531.76
	5084.79	0.00	12.71	2560.78
	5084.80	0.00	12.65	2585.81
	5084.81	0.00	12.59	2614.84
	5084.82	0.00	12.54	2639.88
	5084.83	0.00	12.48	2667.91
	5084.85	0.00	12.43	2690.95
	5084.86	0.00	12.37	2705.02
	5084.87	0.00	12.30	2732.10
	5084.88	0.00	12.25	2747.14
	5084.89	0.00	12.19	2769.17
	5084.91	0.00	12.16	2785.16
	5084.92	0.00	12.13	2794.19
	5084.93	0.00	12.11	2812.21
	5084.94	0.00	12.09	2823.22
	5084.95	0.00	12.07	2830.25
	5084.96	0.00	12.11	2838.05
	5084.98	0.00	12.11	2838.07
	5084.99	0.00	12.09	2832.09
	5085.00	0.00	12.09	2833.10
	5085.01	0.00	12.04	2822.26
	5085.02	0.00	12.05	2816.27
	5085.04	0.00	12.07	2814.27
	5085.05	0.00	12.07	2806.24
	5085.06	0.00	12.09	2806.23
	5085.07	0.00	12.10	2804.23
	5085.08	0.00	12.11	2801.22
	5085.10	0.00	12.12	2809.23
	5085.11	0.00	12.13	2810.23
	5085.12	0.00	12.14	2816.23
	5085.13	0.00	12.13	2813.23
	5085.14	0.00	12.15	2821.23
	5085.16	0.00	12.15	2820.22
	5085.17	0.00	12.17	2822.19
	5085.18	0.00	12.17	2822.19
	5085.19	0.00	12.19	2822.20
	5085.20	0.00	12.19	2819.19
	5085.21	0.00	12.21	2825.18
	5085.23	0.00	12.21	2823.18
	5085.24	0.00	12.22	2828.18
	5085.25	0.00	12.23	2830.18
	5085.26	0.00	12.27	2844.17
	5085.27	0.00	12.29	2841.17
	5085.29	0.00	12.31	2839.11
	5085.30	0.00	12.29	2833.20
	5085.31	0.00	12.29	2833.20
	5085.32	0.00	12.30	2833.21
	5085.33	0.00	12.33	2833.17
	5085.35	0.00	12.34	2831.16
	5085.36	0.00	12.34	2829.18
	5085.37	0.00	12.34	2828.18
	5085.38	0.00	12.40	2826.00
	5085.39	0.00	12.41	2832.02
	5085.41	0.00	12.41	2826.01
	5085.42	0.00	12.42	2825.01
	5085.43	0.00	12.36	2809.15
	5085.44	0.00	12.37	2816.17
	5085.45	0.00	12.38	2815.17
	5085.46	0.00	12.38	2815.17
	5085.48	0.00	12.38	2805.12
	5085.49	0.00	12.41	2815.13
	5085.50	0.00	12.42	2810.12
	5085.51	0.00	12.43	2808.12
	5085.52	0.00	12.45	2814.11
	5085.54	0.00	12.45	2810.12
	5085.55	0.00	12.45	2810.13
	5085.56	0.00	12.45	2804.12
	5085.57	0.00	12.45	2810.12
	5085.58	0.00	12.45	2812.12
	5085.60	0.00	12.45	2814.12
	5085.61	0.00	12.46	2818.12
	5085.62	0.00	12.47	2815.08
	5085.63	0.00	12.47	2816.08
	5085.64	0.00	12.48	2817.08
	5085.66	0.00	12.49	2817.07
	5085.67	0.00	12.48	2808.07
	5085.68	0.00	12.49	2806.07
	5085.69	0.00	12.50	2805.04
	5085.70	0.00	12.52	2801.05
	5085.71	0.00	12.53	2801.05
	5085.73	0.00	12.55	2798.05
	5085.74	0.00	12.57	2790.04
	5085.75	0.00	12.57	2786.07
	5085.76	0.00	12.59	2778.07
	5085.77	0.00	12.60	277