.28
	4423.88	0.00	12.65	2239.34
	4423.89	0.00	12.63	2243.36
	4423.91	0.00	12.60	2241.39
	4423.92	0.00	12.57	2245.39
	4423.93	0.00	12.56	2251.40
	4423.94	0.00	12.55	2251.37
	4423.95	0.00	12.55	2258.36
	4423.96	0.00	12.53	2264.39
	4423.98	0.00	12.52	2265.40
	4423.99	0.00	12.51	2267.41
	4424.00	0.00	12.49	2268.42
	4424.01	0.00	12.56	2260.16
	4424.02	0.00	12.58	2269.14
	4424.04	0.00	12.57	2272.15
	4424.05	0.00	12.59	2274.10
	4424.06	0.00	12.56	2265.17
	4424.07	0.00	12.55	2263.17
	4424.08	0.00	12.55	2267.18
	4424.10	0.00	12.50	2252.23
	4424.11	0.00	12.47	2251.30
	4424.12	0.00	12.45	2251.36
	4424.13	0.00	12.44	2249.37
	4424.14	0.00	12.44	2249.41
	4424.15	0.00	12.46	2250.41
	4424.17	0.00	12.45	2249.41
	4424.18	0.00	12.43	2231.37
	4424.19	0.00	12.44	2241.40
	4424.20	0.00	12.45	2248.39
	4424.21	0.00	12.45	2245.40
	4424.22	0.00	12.45	2248.40
	4424.24	0.00	12.46	2250.40
	4424.25	0.00	12.45	2253.41
	4424.26	0.00	12.46	2253.37
	4424.27	0.00	12.47	2262.39
	4424.29	0.00	12.47	2259.40
	4424.30	0.00	12.47	2263.40
	4424.31	0.00	12.47	2263.40
	4424.32	0.00	12.47	2259.36
	4424.33	0.00	12.48	2260.37
	4424.34	0.00	12.49	2262.34
	4424.35	0.00	12.48	2263.38
	4424.37	0.00	12.48	2261.38
	4424.38	0.00	12.48	2262.38
	4424.39	0.00	12.47	2261.40
	4424.40	0.00	12.49	2259.33
	4424.41	0.00	12.49	2255.33
	4424.43	0.00	12.49	2257.34
	4424.44	0.00	12.50	2255.34
	4424.45	0.00	12.51	2253.33
	4424.46	0.00	12.51	2256.33
	4424.47	0.00	12.49	2243.33
	4424.48	0.00	12.47	2240.35
	4424.50	0.00	12.47	2232.33
	4424.51	0.00	12.47	2238.33
	4424.52	0.00	12.48	2235.33
	4424.53	0.00	12.48	2238.34
	4424.54	0.00	12.49	2237.33
	4424.56	0.00	12.49	2231.32
	4424.57	0.00	12.52	2238.32
	4424.58	0.00	12.52	2238.34
	4424.59	0.00	12.53	2238.32
	4424.60	0.00	12.53	2236.32
	4424.62	0.00	12.54	2231.32
	4424.63	0.00	12.54	2235.33
	4424.64	0.00	12.54	2233.34
	4424.65	0.00	12.53	2232.37
	4424.66	0.00	12.52	2231.38
	4424.67	0.00	12.52	2232.40
	4424.69	0.00	12.54	2228.39
	4424.70	0.00	12.55	2225.39
	4424.71	0.00	12.55	2228.39
	4424.72	0.00	12.56	2223.39
	4424.73	0.00	12.60	2221.34
	4424.75	0.00	12.64	2205.35
	4424.76	0.00	12.66	2200.36
	4424.77	0.00	12.66	2198.37
	4424.78	0.00	12.67	2198.36
	4424.79	0.00	12.74	2192.14
	4424.81	0.00	12.78	2195.07
	4424.82	0.00	12.78	2195.08
	4424.83	0.00	12.78	2196.08
	4424.84	0.00	12.79	2194.08
	4424.85	0.00	12.78	2185.08
	4424.86	0.00	12.79	2183.06
	4424.88	0.00	12.78	2187.10
	4424.89	0.00	12.77	2184.10
	4424.90	0.00	12.76	2179.10
	4424.91	0.00	12.69	2170.24
	4424.92	0.00	12.67	2169.30
	4424.94	0.00	12.67	2169.33
	4424.95	0.00	12.68	2168.34
	4424.96	0.00	12.68	2170.35
	4424.97	0.00	12.69	2172.34
	4424.98	0.00	12.69	2172.35
	4424.99	0.00	12.66	2153.31
	4425.01	0.00	12.67	2163.33
	4425.02	0.00	12.68	2172.33
	4425.03	0.00	12.69	2166.33
	4425.04	0.00	12.68	2172.34
	4425.05	0.00	12.66	2171.36
	4425.07	0.00	12.67	2170.31
	4425.08	0.00	12.69	2179.31
	4425.09	0.00	12.69	2178.31
	4425.10	0.00	12.69	2182.32
	4425.11	0.00	12.69	2183.33
	4425.12	0.00	12.69	2182.33
	4425.14	0.00	12.68	2181.33
	4425.15	0.00	12.68	2179.33
	4425.16	0.00	12.68	2176.31
	4425.17	0.00	12.69	2181.30
	4425.18	0.00	12.69	2181.31
	4425.20	0.00	12.69	2184.32
	4425.21	0.00	12.70	2184.31
	4425.22	0.00	12.70	2182.31
	4425.23	0.00	12.71	2180.31
	4425.24	0.00	12.70	2180.33
	4425.25	0.00	12.71	2177.27
	4425.27	0.00	12.71	2179.27
	4425.28	0.00	12.72	2181.27
	4425.29	0.00	12.71	2182.28
	4425.30	0.00	12.72	2179.27
	4425.31	0.00	12.71	2181.27
	4425.33	0.00	12.71	2182.27
	4425.34	0.00	12.68	2164.28
	4425.35	0.00	12.68	2160.27
	4425.36	0.00	12.68	2161.27
	4425.37	0.00	12.70	2163.26
	4425.38	0.00	12.71	2157.28
	4425.40	0.00	12.72	2154.26
	4425.41	0.00	12.74	2158.26
	4425.42	0.00	12.73	2154.25
	4425.43	0.00	12.73	2153.25
	4425.44	0.00	12.73	2153.25
	4425.46	0.00	12.75	2147.25
	4425.47	0.00	12.75	2147.24
	4425.48	0.00	12.77	2153.24
	4425.49	0.00	12.77	2155.24
	4425.50	0.00	12.77	2153.24
	4425.52	0.00	12.78	2157.24
	4425.53	0.00	12.78	2157.24
	4425.54	0.00	12.78	2158.25
	4425.55	0.00	12.77	2154.25
	4425.56	0.00	12.77	2157.28
	4425.58	0.00	12.77	2155.29
	4425.59	0.00	12.76	2155.30
	4425.60	0.00	12.77	2157.30
	4425.61	0.00	12.77	2157.29
	4425.62	0.00	12.77	2159.31
	4425.63	0.00	12.78	2157.27
	4425.65	0.00	12.79	2161.28
	4425.66	0.00	12.79	2158.27
	4425.67	0.00	12.80	2162.29
	4425.68	0.00	12.80	2161.29
	4425.69	0.00	12.79	2160.29
	4425.70	0.00	12.90	2161.00
	4425.72	0.00	12.90	2162.00
	4425.73	0.00	12.90	2161.01
	4425.74	0.00	12.89	2152.03
	4425.75	0.00	12.89	2153.02
	4425.76	0.00	12.90	2153.03
	4425.78	0.00	12.89	2152.03
	4425.79	0.00	12.86	2137.05
	4425.80	0.00	12.81	2138.19
	4425.81	0.00	12.80	2142.24
	4425.82	0.00	12.82	2136.25
	4425.83	0.00	12.82	2140.26
	4425.85	0.00	12.84	2131.21
	4425.86	0.00	12.81	2111.21
	4425.87	0.00	12.82	2114.21
	4425.88	0.00	12.83	2123.22
	4425.89	0.00	12.84	2129.23
	4425.91	0.00	12.84	2132.23
	4425.92	0.00	12.86	2133.21
	4425.93	0.00	12.85	2137.24
	4425.94	0.00	12.84	2139.24
	4425.95	0.00	12.84	2140.24
	4425.96	0.00	12.83	2138.25
	4425.98	0.00	12.86	2146.21
	4425.99	0.00	12.87	2153.22
	4426.00	0.00	12.87	2153.23
	4426.01	0.00	12.87	2154.23
	4426.02	0.00	12.86	2155.24
	4426.04	0.00	12.86	2156.23
	4426.05	0.00	12.86	2154.23
	4426.06	0.00	12.86	2152.22
	4426.07	0.00	12.88	2158.21
	4426.08	0.00	12.88	2159.21
	4426.10	0.00	12.88	2157.21
	4426.11	0.00	12.88	2159.22
	4426.12	0.00	12.89	2160.21
	4426.13	0.00	12.89	2155.18
	4426.14	0.00	12.89	2159.18
	4426.15	0.00	12.89	2158.17
	4426.17	0.00	12.89	2163.18
	4426.18	0.00	12.89	2162.18
	4426.19	0.00	12.88	2164.19
	4426.20	0.00	12.87	2160.19
	4426.21	0.00	12.84	2148.20
	4426.23	0.00	12.84	2151.20
	4426.24	0.00	12.83	2158.20
	4426.25	0.00	12.82	2156.21
	4426.26	0.00	12.81	2158.22
	4426.27	0.00	12.82	2159.22
	4426.29	0.00	12.84	2158.15
	4426.30	0.00	12.81	2159.22
	4426.31	0.00	12.81	2168.23
	4426.32	0.00	12.82	2167.23
	4426.33	0.00	12.82	2169.24
	4426.34	0.00	12.82	2167.23
	4426.36	0.00	12.82	2171.23
	4426.37	0.00	12.82	2169.23
	4426.38	0.00	12.80	2171.28
	4426.39	0.00	12.79	2166.28
	4426.40	0.00	12.80	2171.29
	4426.41	0.00	12.79	2170.30
	4426.43	0.00	12.79	2170.32
	4426.44	0.00	12.78	2167.31
	4426.45	0.00	12.80	2171.27
	4426.46	0.00	12.79	2173.29
	4426.47	0.00	12.79	2174.30
	4426.49	0.00	12.79	2175.30
	4426.50	0.00	12.79	2178.31
	4426.51	0.00	12.89	2179.01
	4426.52	0.00	12.89	2179.02
	4426.53	0.00	12.88	2177.02
	4426.55	0.00	12.88	2182.04
	4426.56	0.00	12.87	2175.07
	4426.57	0.00	12.87	2177.07
	4426.58	0.00	12.86	2179.07
	4426.59	0.00	12.79	2165.18
	4426.60	0.00	12.75	2163.28
	4426.62	0.00	12.76	2166.28
	4426.63	0.00	12.77	2160.29
	4426.64	0.00	12.77	2163.30
	4426.65	0.00	12.76	2165.32
	4426.66	0.00	12.73	2144.28
	4426.68	0.00	12.75	2155.29
	4426.69	0.00	12.76	2161.30
	4426.70	0.00	12.76	2161.32
	4426.71	0.00	12.76	2165.31
	4426.72	0.00	12.74	2167.32
	4426.73	0.00	12.71	2177.32
	4426.75	0.00	12.72	2182.31
	4426.76	0.00	12.73	2191.31
	4426.77	0.00	12.73	2192.32
	4426.78	0.00	12.71	2194.33
	4426.79	0.00	12.70	2193.33
	4426.81	0.00	12.70	2192.33
	4426.82	0.00	12.70	2190.29
	4426.83	0.00	12.70	2199.31
	4426.84	0.00	12.71	2203.31
	4426.85	0.00	12.70	2200.32
	4426.87	0.00	12.70	2199.32
	4426.88	0.00	12.70	2203.30
	4426.89	0.00	12.69	2197.28
	4426.90	0.00	12.69	2198.28
	4426.91	0.00	12.69	2200.28
	4426.92	0.00	12.68	2207.25
	4426.94	0.00	12.65	2211.28
	4426.95	0.00	12.64	2212.28
	4426.96	0.00	12.63	2221.28
	4426.97	0.00	12.58	2204.28
	4426.98	0.00	12.57	2210.28
	4427.00	0.00	12.57	2212.28
	4427.01	0.00	12.57	2214.28
	4427.02	0.00	12.57	2212.28
	4427.03	0.00	12.56	2210.28
	4427.04	0.00	12.56	2216.29
	4427.06	0.00	12.55	2214.29
	4427.07	0.00	12.56	2225.29
	4427.08	0.00	12.56	2227.29
	4427.09	0.00	12.55	2228.29
	4427.10	0.00	12.55	2231.29
	4427.11	0.00	12.56	2231.29
	4427.12	0.00	12.54	2230.31
	4427.14	0.00	12.53	2230.34
	4427.15	0.00	12.52	2231.37
	4427.16	0.00	12.52	2229.36
	4427.17	0.00	12.52	2235.37
	4427.18	0.00	12.53	2233.32
	4427.20	0.00	12.53	2234.33
	4427.21	0.00	12.53	2234.34
	4427.22	0.00	12.53	2235.35
	4427.23	0.00	12.53	2236.35
	4427.24	0.00	12.52	2237.36
	4427.25	0.00	12.53	2239.36
	4427.27	0.00	12.62	2237.06
	4427.28	0.00	12.62	2240.08
	4427.29	0.00	12.63	2242.07
	4427.30	0.00	12.62	2239.08
	4427.31	0.00	12.61	2233.10
	4427.33	0.00	12.61	2232.10
	4427.34	0.00	12.60	2233.11
	4427.35	0.00	12.59	2222.10
	4427.36	0.00	12.54	2217.18
	4427.37	0.00	12.52	2220.27
	4427.39	0.00	12.50	2217.30
	4427.40	0.00	12.51	2220.30
	4427.41	0.00	12.52	2219.31
	4427.42	0.00	12.52	2214.32
	4427.43	0.00	12.52	2217.33
	4427.44	0.00	12.52	2220.33
	4427.46	0.00	12.50	2199.30
	4427.47	0.00	12.50	2203.30
	4427.48	0.00	12.50	2206.32
	4427.49	0.00	12.51	2208.32
	4427.50	0.00	12.52	2209.32
	4427.52	0.00	12.56	2210.27
	4427.53	0.00	12.54	2212.33
	4427.54	0.00	12.54	2210.33
	4427.55	0.00	12.54	2204.29
	4427.56	0.00	12.56	2218.32
	4427.58	0.00	12.56	2215.31
	4427.59	0.00	12.58	2222.31
	4427.60	0.00	12.58	2220.32
	4427.61	0.00	12.58	2218.33
	4427.62	0.00	12.58	2217.32
	4427.63	0.00	12.59	2209.29
	4427.65	0.00	12.62	2209.30
	4427.66	0.00	12.62	2204.30
	4427.67	0.00	12.66	2201.30
	4427.68	0.00	12.68	2201.30
	4427.69	0.00	12.70	2192.30
	4427.71	0.00	12.71	2194.30
	4427.72	0.00	12.71	2188.30
	4427.73	0.00	12.72	2189.27
	4427.74	0.00	12.73	2185.25
	4427.75	0.00	12.73	2186.25
	4427.76	0.00	12.74	2184.25
	4427.78	0.00	12.74	2184.25
	4427.79	0.00	12.76	2178.25
	4427.80	0.00	12.77	2177.25
	4427.81	0.00	12.77	2177.24
	4427.82	0.00	12.75	2170.24
	4427.84	0.00	12.73	2160.25
	4427.85	0.00	12.74	2161.24
	4427.86	0.00	12.74	2163.24
	4427.87	0.00	12.74	2161.24
	4427.88	0.00	12.75	2160.23
	4427.89	0.00	12.74	2159.23
	4427.91	0.00	12.74	2158.23
	4427.92	0.00	12.75	2161.24
	4427.93	0.00	12.74	2157.23
	4427.94	0.00	12.75	2165.24
	4427.95	0.00	12.76	2167.23
	4427.97	0.00	12.76	2168.24
	4427.98	0.00	12.76	2168.24
	4427.99	0.00	12.76	2167.24
	4428.00	0.00	12.76	2169.24
	4428.01	0.00	12.78	2169.19
	4428.02	0.00	12.77	2168.22
	4428.04	0.00	12.76	2167.23
	4428.05	0.00	12.76	2168.25
	4428.06	0.00	12.74	2167.28
	4428.07	0.00	12.74	2165.29
	4428.08	0.00	12.74	2167.30
	4428.10	0.00	12.74	2168.31
	4428.11	0.00	12.73	2169.33
	4428.12	0.00	12.74	2168.31
	4428.13	0.00	12.75	2169.27
	4428.14	0.00	12.75	2167.27
	4428.15	0.00	12.74	2167.28
	4428.17	0.00	12.75	2167.29
	4428.18	0.00	12.75	2171.29
	4428.19	0.00	12.75	2172.30
	4428.20	0.00	12.73	2170.31
	4428.21	0.00	12.74	2173.31
	4428.23	0.00	12.83	2173.04
	4428.24	0.00	12.83	2172.03
	4428.25	0.00	12.84	2172.02
	4428.26	0.00	12.84	2177.03
	4428.27	0.00	12.84	2178.04
	4428.29	0.00	12.82	2168.06
	4428.30	0.00	12.83	2171.06
	4428.31	0.00	12.82	2170.06
	4428.32	0.00	12.80	2158.05
	4428.33	0.00	12.77	2158.14
	4428.35	0.00	12.77	2156.13
	4428.36	0.00	12.74	2158.21
	4428.37	0.00	12.72	2158.26
	4428.38	0.00	12.72	2152.29
	4428.39	0.00	12.72	2158.28
	4428.40	0.00	12.72	2158.29
	4428.42	0.00	12.70	2143.25
	4428.43	0.00	12.68	2139.28
	4428.44	0.00	12.70	2144.26
	4428.45	0.00	12.70	2147.27
	4428.46	0.00	12.71	2152.28
	4428.47	0.00	12.72	2150.26
	4428.49	0.00	12.72	2156.29
	4428.50	0.00	12.72	2161.29
	4428.51	0.00	12.71	2160.30
	4428.52	0.00	12.73	2164.27
	4428.53	0.00	12.73	2175.28
	4428.55	0.00	12.73	2174.28
	4428.56	0.00	12.73	2175.28
	4428.57	0.00	12.73	2177.29
	4428.58	0.00	12.71	2181.30
	4428.59	0.00	12.70	2182.30
	4428.60	0.00	12.69	2178.28
	4428.62	0.00	12.70	2183.27
	4428.63	0.00	12.70	2182.27
	4428.64	0.00	12.69	2187.28
	4428.65	0.00	12.69	2192.30
	4428.66	0.00	12.69	2193.29
	4428.68	0.00	12.69	2193.29
	4428.69	0.00	12.69	2188.25
	4428.70	0.00	12.71	2191.22
	4428.71	0.00	12.69	2192.25
	4428.72	0.00	12.69	2192.25
	4428.73	0.00	12.69	2193.25
	4428.75	0.00	12.69	2194.26
	4428.76	0.00	12.69	2194.25
	4428.77	0.00	12.67	2183.25
	4428.78	0.00	12.66	2177.24
	4428.79	0.00	12.66	2178.25
	4428.81	0.00	12.66	2178.24
	4428.82	0.00	12.67	2180.24
	4428.83	0.00	12.68	2180.22
	4428.84	0.00	12.66	2175.25
	4428.85	0.00	12.66	2180.25
	4428.87	0.00	12.67	2183.25
	4428.88	0.00	12.67	2188.26
	4428.89	0.00	12.67	2193.25
	4428.90	0.00	12.67	2194.25
	4428.91	0.00	12.66	2195.25
	4428.92	0.000.90	0.00	12.77	2128.16.88	2139.96
	4450.86	0.00	12.88	2138.96
	4450.87	0.00	12.86	2125.95
	4450.88	0.00	12.80	2127.10
	4450.90	0.00	12.77	2128.16.88	2139.96
	4450.86	0.00	12.88	2138.96
	4450.87	0.00	12.86	2125.95
	4450.88	0.00	12.80	2127.10
	4450.90	0.00	12.77	2128.16.88	2139.96
	4450.86	0.00	12.88	2138.96
	4450.87	0.00	12.86	2125.95
	4450.88	0.00	12.80	2127.10
	4450.90	0.00	12.77	2128.16
	4450.91	0.00	12.78	2122.18
	4450.92	0.00	12.78	2126.19
	4450.93	0.00	12.79	2128.15
	4450.94	0.00	12.77	2129.19
	4450.96	0.00	12.76	2117.17
	4450.97	0.00	12.74	2111.19
	4450.98	0.00	12.75	2120.21
	4450.99	0.00	12.75	2122.21
	4451.00	0.00	12.75	2124.22
	4451.01	0.00	12.74	2134.19
	4451.03	0.00	12.72	2135.23
	4451.04	0.00	12.73	2141.20
	4451.05	0.00	12.73	2152.22
	4451.06	0.00	12.73	2153.22
	4451.07	0.00	12.73	2153.22
	4451.09	0.00	12.73	2152.23
	4451.10	0.00	12.72	2151.23
	4451.11	0.00	12.72	2155.23
	4451.12	0.00	12.71	2150.20
	4451.13	0.00	12.72	2153.20
	4451.14	0.00	12.72	2155.21
	4451.16	0.00	12.72	2160.20
	4451.17	0.00	12.72	2161.23
	4451.18	0.00	12.70	2158.23
	4451.19	0.00	12.71	2162.23
	4451.20	0.00	12.71	2164.22
	4451.22	0.00	12.71	2161.19
	4451.23	0.00	12.71	2164.19
	4451.24	0.00	12.71	2163.19
	4451.25	0.00	12.72	2161.18
	4451.26	0.00	12.72	2164.19
	4451.27	0.00	12.71	2163.19
	4451.29	0.00	12.70	2153.18
	4451.30	0.00	12.67	2145.19
	4451.31	0.00	12.68	2147.19
	4451.32	0.00	12.68	2146.19
	4451.33	0.00	12.68	2151.18
	4451.35	0.00	12.68	2151.18
	4451.36	0.00	12.67	2152.18
	4451.37	0.00	12.67	2156.18
	4451.38	0.00	12.65	2153.19
	4451.39	0.00	12.66	2159.19
	4451.40	0.00	12.67	2162.19
	4451.42	0.00	12.67	2167.19
	4451.43	0.00	12.66	2166.20
	4451.44	0.00	12.67	2170.19
	4451.45	0.00	12.66	2170.19
	4451.46	0.00	12.67	2173.15
	4451.48	0.00	12.62	2170.23
	4451.49	0.00	12.63	2174.25
	4451.50	0.00	12.62	2173.26
	4451.51	0.00	12.63	2176.26
	4451.52	0.00	12.63	2172.22
	4451.53	0.00	12.62	2173.27
	4451.55	0.00	12.63	2172.27
	4451.56	0.00	12.65	2173.23
	4451.57	0.00	12.65	2171.25
	4451.58	0.00	12.66	2168.25
	4451.59	0.00	12.67	2167.25
	4451.61	0.00	12.67	2168.25
	4451.62	0.00	12.68	2164.26
	4451.63	0.00	12.68	2164.25
	4451.64	0.00	12.79	2163.96
	4451.65	0.00	12.79	2162.97
	4451.66	0.00	12.78	2161.99
	4451.68	0.00	12.77	2157.00
	4451.69	0.00	12.77	2159.00
	4451.70	0.00	12.77	2160.01
	4451.71	0.00	12.74	2153.01
	4451.72	0.00	12.72	2146.99
	4451.74	0.00	12.65	2153.14
	4451.75	0.00	12.62	2159.19
	4451.76	0.00	12.58	2167.22
	4451.77	0.00	12.56	2174.23
	4451.78	0.00	12.56	2178.23
	4451.79	0.00	12.55	2181.24
	4451.81	0.00	12.53	2163.20
	4451.82	0.00	12.52	2163.23
	4451.83	0.00	12.53	2168.24
	4451.84	0.00	12.55	2171.25
	4451.85	0.00	12.55	2172.25
	4451.87	0.00	12.55	2174.25
	4451.88	0.00	12.55	2168.22
	4451.89	0.00	12.58	2181.23
	4451.90	0.00	12.58	2183.23
	4451.91	0.00	12.59	2180.23
	4451.93	0.00	12.59	2174.24
	4451.94	0.00	12.60	2169.24
	4451.95	0.00	12.60	2170.24
	4451.96	0.00	12.60	2163.21
	4451.97	0.00	12.61	2170.23
	4451.98	0.00	12.61	2165.22
	4452.00	0.00	12.61	2170.23
	4452.01	0.00	12.61	2169.23
	4452.02	0.00	12.61	2170.24
	4452.03	0.00	12.60	2170.24
	4452.04	0.00	12.60	2164.19
	4452.06	0.00	12.59	2169.20
	4452.07	0.00	12.58	2173.21
	4452.08	0.00	12.60	2175.20
	4452.09	0.00	12.58	2171.20
	4452.10	0.00	12.59	2173.20
	4452.11	0.00	12.60	2172.20
	4452.13	0.00	12.55	2154.19
	4452.14	0.00	12.56	2156.19
	4452.15	0.00	12.56	2157.19
	4452.16	0.00	12.57	2158.20
	4452.17	0.00	12.58	2159.19
	4452.19	0.00	12.57	2162.19
	4452.20	0.00	12.56	2157.19
	4452.21	0.00	12.56	2163.21
	4452.22	0.00	12.55	2162.19
	4452.23	0.00	12.57	2169.19
	4452.25	0.00	12.56	2171.19
	4452.26	0.00	12.58	2173.17
	4452.27	0.00	12.55	2172.22
	4452.28	0.00	12.54	2175.23
	4452.29	0.00	12.53	2176.25
	4452.30	0.00	12.51	2173.27
	4452.32	0.00	12.53	2179.26
	4452.33	0.00	12.53	2180.27
	4452.34	0.00	12.54	2178.24
	4452.35	0.00	12.54	2180.23
	4452.36	0.00	12.54	2181.24
	4452.37	0.00	12.55	2182.25
	4452.39	0.00	12.54	2179.26
	4452.40	0.00	12.55	2182.25
	4452.41	0.00	12.55	2180.25
	4452.42	0.00	12.55	2180.26
	4452.43	0.00	12.65	2178.96
	4452.45	0.00	12.65	2182.97
	4452.46	0.00	12.65	2183.99
	4452.47	0.00	12.63	2176.00
	4452.48	0.00	12.64	2174.97
	4452.49	0.00	12.64	2182.00
	4452.50	0.00	12.62	2178.01
	4452.52	0.00	12.62	2178.01
	4452.53	0.00	12.57	2168.07
	4452.54	0.00	12.54	2171.17
	4452.55	0.00	12.53	2169.21
	4452.56	0.00	12.53	2165.22
	4452.58	0.00	12.53	2169.24
	4452.59	0.00	12.54	2170.22
	4452.60	0.00	12.54	2172.23
	4452.61	0.00	12.51	2152.21
	4452.62	0.00	12.52	2162.24
	4452.63	0.00	12.52	2160.24
	4452.65	0.00	12.54	2166.24
	4452.66	0.00	12.54	2171.24
	4452.67	0.00	12.54	2170.23
	4452.68	0.00	12.53	2164.22
	4452.69	0.00	12.56	2175.21
	4452.71	0.00	12.56	2180.23
	4452.72	0.00	12.56	2180.24
	4452.73	0.00	12.55	2182.24
	4452.74	0.00	12.55	2185.24
	4452.75	0.00	12.55	2182.22
	4452.77	0.00	12.56	2185.22
	4452.78	0.00	12.55	2186.23
	4452.79	0.00	12.56	2186.23
	4452.80	0.00	12.55	2185.25
	4452.81	0.00	12.56	2187.23
	4452.82	0.00	12.56	2187.23
	4452.84	0.00	12.58	2181.18
	4452.85	0.00	12.58	2184.19
	4452.86	0.00	12.57	2175.18
	4452.87	0.00	12.59	2182.18
	4452.88	0.00	12.59	2182.18
	4452.89	0.00	12.59	2179.18
	4452.91	0.00	12.60	2182.18
	4452.92	0.00	12.60	2181.18
	4452.93	0.00	12.56	2159.18
	4452.94	0.00	12.58	2163.17
	4452.95	0.00	12.58	2161.18
	4452.97	0.00	12.59	2161.18
	4452.98	0.00	12.60	2157.18
	4452.99	0.00	12.60	2157.17
	4453.00	0.00	12.60	2157.18
	4453.01	0.00	12.60	2150.17
	4453.02	0.00	12.62	2158.17
	4453.04	0.00	12.62	2161.18
	4453.05	0.00	12.63	2160.17
	4453.06	0.00	12.64	2161.17
	4453.07	0.00	12.64	2161.17
	4453.08	0.00	12.65	2159.17
	4453.10	0.00	12.65	2156.18
	4453.11	0.00	12.65	2152.21
	4453.12	0.00	12.66	2151.22
	4453.13	0.00	12.65	2151.24
	4453.14	0.00	12.65	2149.24
	4453.15	0.00	12.65	2151.24
	4453.17	0.00	12.65	2153.23
	4453.18	0.00	12.67	2154.20
	4453.19	0.00	12.66	2152.21
	4453.20	0.00	12.66	2153.22
	4453.21	0.00	12.66	2153.22
	4453.23	0.00	12.68	2152.23
	4453.24	0.00	12.68	2147.23
	4453.25	0.00	12.69	2147.23
	4453.26	0.00	12.80	2139.98
	4453.27	0.00	12.82	2140.93
	4453.29	0.00	12.82	2141.95
	4453.30	0.00	12.83	2132.96
	4453.31	0.00	12.82	2130.97
	4453.32	0.00	12.82	2130.97
	4453.33	0.00	12.81	2119.94
	4453.35	0.00	12.78	2118.00
	4453.36	0.00	12.77	2120.04
	4453.37	0.00	12.73	2120.13
	4453.38	0.00	12.73	2120.17
	4453.39	0.00	12.74	2119.19
	4453.40	0.00	12.73	2121.19
	4453.41	0.00	12.71	2101.16
	4453.43	0.00	12.69	2095.17
	4453.44	0.00	12.71	2100.15
	4453.45	0.00	12.70	2103.18
	4453.46	0.00	12.72	2113.19
	4453.47	0.00	12.73	2112.20
	4453.49	0.00	12.73	2115.20
	4453.50	0.00	12.73	2120.20
	4453.51	0.00	12.72	2114.17
	4453.52	0.00	12.75	2129.18
	4453.53	0.00	12.75	2130.19
	4453.54	0.00	12.75	2130.19
	4453.56	0.00	12.75	2134.20
	4453.57	0.00	12.74	2133.21
	4453.58	0.00	12.74	2136.21
	4453.59	0.00	12.74	2138.21
	4453.60	0.00	12.75	2138.19
	4453.62	0.00	12.74	2140.21
	4453.63	0.00	12.75	2141.20
	4453.64	0.00	12.74	2143.20
	4453.65	0.00	12.75	2143.20
	4453.66	0.00	12.74	2143.20
	4453.68	0.00	12.75	2146.21
	4453.69	0.00	12.75	2140.16
	4453.70	0.00	12.75	2139.16
	4453.71	0.00	12.75	2142.17
	4453.72	0.00	12.76	2140.16
	4453.73	0.00	12.73	2150.16
	4453.75	0.00	12.73	2151.18
	4453.76	0.00	12.73	2151.16
	4453.77	0.00	12.73	2152.16
	4453.78	0.00	12.69	2136.17
	4453.79	0.00	12.69	2136.18
	4453.81	0.00	12.69	2140.17
	4453.82	0.00	12.70	2138.17
	4453.83	0.00	12.69	2135.17
	4453.84	0.00	12.70	2139.17
	4453.85	0.00	12.71	2142.16
	4453.87	0.00	12.70	2136.17
	4453.88	0.00	12.72	2144.16
	4453.89	0.00	12.74	2146.12
	4453.90	0.00	12.73	2148.16
	4453.91	0.00	12.72	2147.16
	4453.92	0.00	12.73	2147.16
	4453.94	0.00	12.74	2148.13
	4453.95	0.00	12.71	2147.19
	4453.96	0.00	12.71	2148.21
	4453.97	0.00	12.71	2148.21
	4453.98	0.00	12.71	2148.23
	4454.00	0.00	12.70	2147.23
	4454.01	0.00	12.70	2147.23
	4454.02	0.00	12.70	2146.24
	4454.03	0.00	12.72	2151.20
	4454.04	0.00	12.71	2152.21
	4454.05	0.00	12.71	2152.22
	4454.07	0.00	12.70	2152.22
	4454.08	0.00	12.69	2154.23
	4454.09	0.00	12.68	2158.24
	4454.10	0.00	12.76	2157.01
	4454.11	0.00	12.78	2161.95
	4454.12	0.00	12.78	2163.95
	4454.14	0.00	12.77	2166.96
	4454.15	0.00	12.77	2167.97
	4454.16	0.00	12.75	2163.98
	4454.17	0.00	12.75	2164.98
	4454.18	0.00	12.74	2166.99
	4454.20	0.00	12.73	2168.99
	4454.21	0.00	12.71	2154.96
	4454.22	0.00	12.66	2156.10
	4454.23	0.00	12.64	2157.16
	4454.24	0.00	12.64	2151.18
	4454.25	0.00	12.65	2156.20
	4454.27	0.00	12.65	2159.20
	4454.28	0.00	12.61	2139.19
	4454.29	0.00	12.61	2143.19
	4454.30	0.00	12.61	2150.20
	4454.31	0.00	12.61	2155.21
	4454.33	0.00	12.62	2155.22
	4454.34	0.00	12.62	2160.23
	4454.35	0.00	12.61	2161.22
	4454.36	0.00	12.61	2158.19
	4454.37	0.00	12.63	2166.19
	4454.38	0.00	12.64	2171.21
	4454.40	0.00	12.65	2174.20
	4454.41	0.00	12.64	2175.21
	4454.42	0.00	12.64	2175.21
	4454.43	0.00	12.64	2177.22
	4454.44	0.00	12.63	2173.18
	4454.46	0.00	12.64	2178.20
	4454.47	0.00	12.65	2180.22
	4454.48	0.00	12.65	2175.21
	4454.49	0.00	12.67	2174.21
	4454.50	0.00	12.68	2176.21
	4454.52	0.00	12.67	2173.22
	4454.53	0.00	12.68	2173.20
	4454.54	0.00	12.69	2167.17
	4454.55	0.00	12.70	2168.16
	4454.56	0.00	12.70	2169.17
	4454.58	0.00	12.70	2164.16
	4454.59	0.00	12.70	2165.16
	4454.60	0.00	12.70	2167.16
	4454.61	0.00	12.70	2167.18
	4454.62	0.00	12.66	2147.16
	4454.63	0.00	12.67	2152.16
	4454.64	0.00	12.67	2148.16
	4454.66	0.00	12.67	2149.17
	4454.67	0.00	12.68	2148.16
	4454.68	0.00	12.68	2145.16
	4454.69	0.00	12.68	2144.16
	4454.70	0.00	12.69	2144.16
	4454.72	0.00	12.70	2149.16
	4454.73	0.00	12.71	2153.16
	4454.74	0.00	12.72	2151.15
	4454.75	0.00	12.72	2152.15
	4454.76	0.00	12.72	2150.17
	4454.77	0.00	12.72	2150.18
	4454.79	0.00	12.70	2149.21
	4454.80	0.00	12.72	2147.21
	4454.81	0.00	12.71	2147.22
	4454.82	0.00	12.71	2148.22
	4454.83	0.00	12.73	2145.21
	4454.85	0.00	12.72	2146.23
	4454.86	0.00	12.72	2142.21
	4454.87	0.00	12.74	2146.18
	4454.88	0.00	12.73	2146.20
	4454.89	0.00	12.73	2145.21
	4454.90	0.00	12.73	2146.21
	4454.92	0.00	12.73	2148.22
	4454.93	0.00	12.75	2148.15
	4454.94	0.00	12.83	2146.92
	4454.95	0.00	12.83	2150.94
	4454.96	0.00	12.82	2149.95
	4454.98	0.00	12.81	2143.97
	4454.99	0.00	12.82	2145.96
	4455.00	0.00	12.82	2144.96
	4455.01	0.00	12.82	2145.97
	4455.02	0.00	12.80	2137.95
	4455.04	0.00	12.78	2129.97
	4455.05	0.00	12.77	2129.00
	4455.06	0.00	12.74	2131.09
	4455.07	0.00	12.72	2131.14
	4455.08	0.00	12.73	2127.17
	4455.10	0.00	12.73	2132.18
	4455.11	0.00	12.73	2133.19
	4455.12	0.00	12.70	2113.17
	4455.13	0.00	12.71	2123.18
	4455.14	0.00	12.71	2121.18
	4455.15	0.00	12.70	2124.21
	4455.16	0.00	12.72	2127.20
	4455.18	0.00	12.73	2129.20
	4455.19	0.00	12.72	2134.20
	4455.20	0.00	12.72	2127.17
	4455.21	0.00	12.74	2141.19
	4455.22	0.00	12.74	2144.19
	4455.24	0.00	12.74	2144.20
	4455.25	0.00	12.73	2144.22
	4455.26	0.00	12.74	2144.20
	4455.27	0.00	12.73	2147.21
	4455.28	0.00	12.73	2143.18
	4455.30	0.00	12.73	2153.17
	4455.31	0.00	12.72	2152.20
	4455.32	0.00	12.72	2153.20
	4455.33	0.00	12.73	2154.20
	4455.34	0.00	12.72	2153.20
	4455.35	0.00	12.72	2156.20
	4455.37	0.00	12.72	2154.20
	4455.38	0.00	12.73	2148.14
	4455.39	0.00	12.73	2154.16
	4455.40	0.00	12.73	2153.16
	4455.41	0.00	12.73	2154.16
	4455.43	0.00	12.73	2154.16
	4455.44	0.00	12.73	2151.16
	4455.45	0.00	12.70	2138.15
	4455.46	0.00	12.69	2135.15
	4455.47	0.00	12.71	2139.12
	4455.48	0.00	12.70	2140.15
	4455.50	0.00	12.71	2141.15
	4455.51	0.00	12.71	2142.15
	4455.52	0.00	12.70	2140.16
	4455.53	0.00	12.69	2134.15
	4455.54	0.00	12.72	2143.15
	4455.56	0.00	12.72	2146.15
	4455.57	0.00	12.72	2146.15
	4455.58	0.00	12.72	2144.15
	4455.59	0.00	12.73	2146.15
	4455.60	0.00	12.72	2144.18
	4455.62	0.00	12.71	2142.20
	4455.63	0.00	12.71	2148.21
	4455.64	0.00	12.71	2146.21
	4455.65	0.00	12.71	2147.22
	4455.66	0.00	12.73	2144.22
	4455.67	0.00	12.73	2144.22
	4455.69	0.00	12.73	2146.19
	4455.70	0.00	12.74	2145.20
	4455.71	0.00	12.73	2144.20
	4455.72	0.00	12.73	2147.20
	4455.73	0.00	12.73	2144.21
	4455.75	0.00	12.73	2147.21
	4455.76	0.00	12.73	2148.22
	4455.77	0.00	12.83	2146.93
	4455.78	0.00	12.83	2148.93
	4455.79	0.00	12.82	2149.96
	4455.80	0.00	12.82	2144.95
	4455.82	0.00	12.82	2143.95
	4455.83	0.00	12.82	2145.96
	4455.84	0.00	12.82	2142.95
	4455.85	0.00	12.81	2143.97
	4455.86	0.00	12.77	2132.00
	4455.87	0.00	12.73	2131.11
	4455.89	0.00	12.72	2130.15
	4455.90	0.00	12.74	2129.17
	4455.91	0.00	12.73	2129.18
	4455.92	0.00	12.73	2132.18
	4455.93	0.00	12.74	2129.15
	4455.95	0.00	12.69	2109.16
	4455.96	0.00	12.71	2120.18
	4455.97	0.00	12.72	2127.18
	4455.98	0.00	12.73	2125.19
	4455.99	0.00	12.73	2129.19
	4456.01	0.00	12.72	2129.19
	4456.02	0.00	12.72	2129.20
	4456.03	0.00	12.72	2123.16
	4456.04	0.00	12.75	2140.17
	4456.05	0.00	12.74	2142.19
	4456.06	0.00	12.75	2142.18
	4456.08	0.00	12.74	2143.19
	4456.09	0.00	12.74	2146.19
	4456.10	0.00	12.73	2138.16
	4456.11	0.00	12.74	2144.17
	4456.12	0.00	12.74	2144.18
	4456.14	0.00	12.75	2149.18
	4456.15	0.00	12.74	2149.19
	4456.16	0.00	12.75	2150.19
	4456.17	0.00	12.75	2150.19
	4456.18	0.00	12.75	2144.15
	4456.19	0.00	12.75	2148.14
	4456.21	0.00	12.74	2154.15
	4456.22	0.00	12.74	2154.15
	4456.23	0.00	12.74	2153.15
	4456.24	0.00	12.74	2154.15
	4456.25	0.00	12.74	2154.15
	4456.27	0.00	12.70	2138.15
	4456.28	0.00	12.70	2137.15
	4456.29	0.00	12.71	2139.14
	4456.30	0.00	12.71	2141.15
	4456.31	0.00	12.71	2138.15
	4456.33	0.00	12.71	2140.15
	4456.34	0.00	12.70	2139.16
	4456.35	0.00	12.70	2134.14
	4456.36	0.00	12.72	2142.14
	4456.37	0.00	12.73	2147.14
	4456.38	0.00	12.73	2147.14
	4456.40	0.00	12.73	2146.14
	4456.41	0.00	12.73	2146.14
	4456.42	0.00	12.74	2147.14
	4456.43	0.00	12.73	2145.15
	4456.44	0.00	12.72	2145.18
	4456.46	0.00	12.71	2143.20
	4456.47	0.00	12.71	2147.22
	4456.48	0.00	12.72	2151.21
	4456.49	0.00	12.73	2148.21
	4456.50	0.00	12.72	2145.21
	4456.51	0.00	12.73	2146.19
	4456.53	0.00	12.73	2135.18
	4456.54	0.00	12.76	2140.19
	4456.55	0.00	12.76	2138.19
	4456.56	0.00	12.76	2141.21
	4456.57	0.00	12.77	2143.19
	4456.59	0.00	12.87	2141.90
	4456.60	0.00	12.87	2143.91
	4456.61	0.00	12.86	2141.93
	4456.62	0.00	12.87	2143.92
	4456.63	0.00	12.87	2136.93
	4456.64	0.00	12.86	2135.94
	4456.66	0.00	12.86	2136.94
	4456.67	0.00	12.81	2124.00
	4456.68	0.00	12.80	2122.04
	4456.69	0.00	12.79	2123.07
	4456.70	0.00	12.77	2121.11
	4456.72	0.00	12.78	2119.14
	4456.73	0.00	12.78	2120.15
	4456.74	0.00	12.76	2108.12
	4456.75	0.00	12.75	2106.14
	4456.76	0.00	12.76	2113.16
	4456.77	0.00	12.76	2116.16
	4456.79	0.00	12.79	2117.10
	4456.80	0.00	12.78	2115.17
	4456.81	0.00	12.77	2122.17
	4456.82	0.00	12.77	2121.17
	4456.83	0.00	12.78	2122.15
	4456.85	0.00	12.79	2132.16
	4456.86	0.00	12.80	2134.16
	4456.87	0.00	12.79	2134.17
	4456.88	0.00	12.79	2131.18
	4456.89	0.00	12.77	2127.17
	4456.90	0.00	12.78	2134.17
	4456.92	0.00	12.78	2131.14
	4456.93	0.00	12.79	2134.13
	4456.94	0.00	12.79	2139.16
	4456.95	0.00	12.79	2138.16
	4456.96	0.00	12.79	2136.16
	4456.98	0.00	12.79	2138.18
	4456.99	0.00	12.79	2141.17
	4457.00	0.00	12.80	2137.13
	4457.01	0.00	12.80	2137.12
	4457.02	0.00	12.79	2137.14
	4457.03	0.00	12.80	2134.12
	4457.05	0.00	12.81	2136.12
	4457.06	0.00	12.80	2135.12
	4457.07	0.00	12.80	2137.12
	4457.08	0.00	12.80	2139.12
	4457.09	0.00	12.77	2124.12
	4457.11	0.00	12.77	2121.12
	4457.12	0.00	12.77	2123.12
	4457.13	0.00	12.77	2122.12
	4457.14	0.00	12.78	2122.11
	4457.15	0.00	12.78	2122.13
	4457.16	0.00	12.78	2118.11
	4457.18	0.00	12.78	2117.11
	4457.19	0.00	12.80	2120.10
	4457.20	0.00	12.81	2122.10
	4457.21	0.00	12.82	2127.10
	4457.22	0.00	12.83	2130.09
	4457.24	0.00	12.84	2128.09
	4457.25	0.00	12.82	2124.12
	4457.26	0.00	12.81	2122.14
	4457.27	0.00	12.82	2129.14
	4457.28	0.00	12.82	2130.15
	4457.29	0.00	12.81	2128.17
	4457.31	0.00	12.81	2133.17
	4457.32	0.00	12.82	2132.15
	4457.33	0.00	12.82	2132.14
	4457.34	0.00	12.81	2135.16
	4457.35	0.00	12.81	2133.16
	4457.37	0.00	12.82	2135.16
	4457.38	0.00	12.80	2137.17
	4457.39	0.00	12.80	2138.18
	4457.40	0.00	12.89	2135.91
	4457.41	0.00	12.90	2137.89
	4457.42	0.00	12.90	2139.90
	4457.44	0.00	12.89	2136.92
	4457.45	0.00	12.89	2131.92
	4457.46	0.00	12.89	2130.93
	4457.47	0.00	12.88	2135.95
	4457.48	0.00	12.86	2120.92
	4457.50	0.00	12.80	2120.07
	4457.51	0.00	12.79	2124.12
	4457.52	0.00	12.81	2118.12
	4457.53	0.00	12.81	2119.15
	4457.54	0.00	12.82	2124.12
	4457.56	0.00	12.77	2105.14
	4457.57	0.00	12.78	2108.14
	4457.58	0.00	12.79	2114.15
	4457.59	0.00	12.80	2115.16
	4457.60	0.00	12.79	2114.16
	4457.61	0.00	12.79	2121.18
	4457.63	0.00	12.79	2117.14
	4457.64	0.00	12.82	2130.14
	4457.65	0.00	12.82	2133.15
	4457.66	0.00	12.82	2134.16
	4457.67	0.00	12.82	2134.15
	4457.69	0.00	12.82	2135.15
	4457.70	0.00	12.81	2134.16
	4457.71	0.00	12.81	2130.14
	4457.72	0.00	12.82	2140.15
	4457.73	0.00	12.82	2141.15
	4457.75	0.00	12.82	2138.15
	4457.76	0.00	12.82	2138.15
	4457.77	0.00	12.81	2139.16
	4457.78	0.00	12.82	2142.16
	4457.79	0.00	12.85	2136.05
	4457.80	0.00	12.83	2139.11
	4457.82	0.00	12.83	2141.11
	4457.83	0.00	12.83	2141.11
	4457.84	0.00	12.84	2139.10
	4457.85	0.00	12.84	2139.11
	4457.86	0.00	12.84	2138.10
	4457.87	0.00	12.81	2124.11
	4457.89	0.00	12.80	2119.09
	4457.90	0.00	12.80	2124.11
	4457.91	0.00	12.80	2123.11
	4457.92	0.00	12.81	2124.10
	4457.93	0.00	12.80	2125.11
	4457.95	0.00	12.80	2123.10
	4457.96	0.00	12.80	2123.10
	4457.97	0.00	12.80	2125.11
	4457.98	0.00	12.82	2130.10
	4457.99	0.00	12.82	2133.11
	4458.00	0.00	12.82	2134.11
	4458.02	0.00	12.82	2132.09
	4458.03	0.00	12.82	2131.11
	4458.04	0.00	12.81	2132.12
	4458.05	0.00	12.81	2130.14
	4458.06	0.00	12.80	2131.16
	4458.08	0.00	12.80	2133.17
	4458.09	0.00	12.80	2132.17
	4458.10	0.00	12.80	2134.17
	4458.11	0.00	12.84	2134.07
	4458.12	0.00	12.82	2135.14
	4458.13	0.00	12.82	2134.14
	4458.15	0.00	12.82	2136.15
	4458.16	0.00	12.82	2138.15
	4458.17	0.00	12.83	2131.08
	4458.18	0.00	12.93	2137.86
	4458.19	0.00	12.93	2141.88
	4458.21	0.00	12.93	2134.87
	4458.22	0.00	12.92	2133.90
	4458.23	0.00	12.92	2137.90
	4458.24	0.00	12.93	2136.90
	4458.25	0.00	12.87	2128.00
	4458.27	0.00	12.83	2126.07
	4458.28	0.00	12.85	2120.09
	4458.29	0.00	12.86	2126.10
	4458.30	0.00	12.85	2127.11
	4458.31	0.00	12.82	2109.10
	4458.32	0.00	12.83	2117.11
	4458.34	0.00	12.83	2119.11
	4458.35	0.00	12.82	2122.14
	4458.36	0.00	12.84	2122.13
	4458.37	0.00	12.83	2126.14
	4458.38	0.00	12.83	2129.14
	4458.39	0.00	12.83	2131.12
	4458.41	0.00	12.85	2141.12
	4458.42	0.00	12.85	2142.13
	4458.43	0.00	12.85	2143.12
	4458.44	0.00	12.84	2140.14
	4458.45	0.00	12.84	2144.14
	4458.47	0.00	12.84	2143.14
	4458.48	0.00	12.84	2143.11
	4458.49	0.00	12.84	2149.13
	4458.50	0.00	12.84	2147.13
	4458.51	0.00	12.83	2143.14
	4458.52	0.00	12.84	2146.15
	4458.54	0.00	12.84	2145.14
	4458.55	0.00	12.83	2144.14
	4458.56	0.00	12.84	2140.10
	4458.57	0.00	12.85	2141.06
	4458.58	0.00	12.84	2143.10
	4458.60	0.00	12.85	2142.09
	4458.61	0.00	12.85	2143.09
	4458.62	0.00	12.85	2144.09
	4458.63	0.00	12.84	2142.10
	4458.64	0.00	12.81	2126.10
	4458.65	0.00	12.80	2124.10
	4458.67	0.00	12.81	2127.09
	4458.68	0.00	12.82	2126.09
	4458.69	0.00	12.81	2126.10
	4458.70	0.00	12.82	2128.09
	4458.71	0.00	12.82	2129.09
	4458.73	0.00	12.80	2122.09
	4458.74	0.00	12.82	2129.09
	4458.75	0.00	12.83	2135.10
	4458.76	0.00	12.84	2134.09
	4458.77	0.00	12.84	2134.09
	4458.79	0.00	12.84	2135.09
	4458.80	0.00	12.84	2135.09
	4458.81	0.00	12.84	2135.09
	4458.82	0.00	12.82	2134.14
	4458.83	0.00	12.81	2135.15
	4458.85	0.00	12.81	2137.16
	4458.86	0.00	12.81	2138.17
	4458.87	0.00	12.81	2140.17
	4458.88	0.00	12.83	2139.12
	4458.89	0.00	12.81	2135.14
	4458.90	0.00	12.82	2140.14
	4458.91	0.00	12.82	2142.16
	4458.93	0.00	12.81	2139.17
	4458.94	0.00	12.82	2144.16
	4458.95	0.00	12.85	2145.08
	4458.96	0.00	12.92	2141.87
	4458.97	0.00	12.92	2145.89
	4458.99	0.00	12.92	2145.89
	4459.00	0.00	12.91	2145.90
	4459.01	0.00	12.90	2137.93
	4459.02	0.00	12.91	2140.92
	4459.03	0.00	12.88	2127.90
	4459.04	0.00	12.83	2128.05
	4459.06	0.00	12.81	2128.10
	4459.07	0.00	12.82	2126.12
	4459.08	0.00	12.82	2127.12
	4459.09	0.00	12.82	2128.12
	4459.10	0.00	12.82	2128.13
	4459.12	0.00	12.78	2110.12
	4459.13	0.00	12.79	2116.14
	4459.14	0.00	12.80	2123.14
	4459.15	0.00	12.82	2125.14
	4459.16	0.00	12.81	2127.15
	4459.17	0.00	12.81	2129.15
	4459.19	0.00	12.82	2131.12
	4459.20	0.00	12.81	2130.14
	4459.21	0.00	12.81	2129.13
	4459.22	0.00	12.82	2138.14
	4459.23	0.00	12.83	2139.15
	4459.25	0.00	12.81	2141.17
	4459.26	0.00	12.82	2141.16
	4459.27	0.00	12.82	2140.16
	4459.28	0.00	12.81	2140.16
	4459.29	0.00	12.81	2139.13
	4459.31	0.00	12.82	2141.15
	4459.32	0.00	12.82	2144.15
	4459.33	0.00	12.84	2141.11
	4459.34	0.00	12.82	2146.16
	4459.35	0.00	12.82	2144.16
	4459.37	0.00	12.82	2139.12
	4459.38	0.00	12.83	2142.10
	4459.39	0.00	12.82	2142.12
	4459.40	0.00	12.82	2141.12
	4459.41	0.00	12.83	2143.11
	4459.42	0.00	12.82	2141.13
	4459.44	0.00	12.83	2143.11
	4459.45	0.00	12.83	2142.11
	4459.46	0.00	12.79	2125.11
	4459.47	0.00	12.79	2124.12
	4459.48	0.00	12.79	2126.12
	4459.50	0.00	12.79	2124.12
	4459.51	0.00	12.79	2125.12
	4459.52	0.00	12.79	2126.13
	4459.53	0.00	12.79	2127.12
	4459.54	0.00	12.80	2124.11
	4459.55	0.00	12.78	2121.12
	4459.57	0.00	12.81	2130.11
	4459.58	0.00	12.81	2132.11
	4459.59	0.00	12.81	2132.12
	4459.60	0.00	12.81	2131.12
	4459.61	0.00	12.82	2133.11
	4459.62	0.00	12.83	2132.07
	4459.64	0.00	12.80	2130.14
	4459.65	0.00	12.79	2132.18
	4459.66	0.00	12.80	2133.17
	4459.67	0.00	12.79	2131.18
	4459.68	0.00	12.79	2132.18
	4459.70	0.00	12.78	2135.20
	4459.71	0.00	12.79	2135.19
	4459.72	0.00	12.81	2137.15
	4459.73	0.00	12.80	2138.17
	4459.74	0.00	12.80	2138.17
	4459.75	0.00	12.80	2138.17
	4459.77	0.00	12.80	2140.18
	4459.78	0.00	12.80	2138.18
	4459.79	0.00	12.89	2134.90
	4459.80	1.00	12.90	2140.90
	4459.81	1.00	12.90	2142.91
	4459.83	1.00	12.89	2134.92
	4459.84	1.00	12.88	2133.94
	4459.85	1.00	12.89	2136.93
	4459.86	1.00	12.89	2135.93
	4459.87	1.00	12.84	2121.96
	4459.88	1.00	12.80	2122.07
	4459.90	1.00	12.80	2125.12
	4459.91	1.00	12.81	2122.14
	4459.92	1.00	12.81	2125.14
	4459.93	1.00	12.81	2115.08
	4459.94	1.00	12.77	2102.11
	4459.96	1.00	12.77	2108.14
	4459.97	1.00	12.79	2117.15
	4459.98	1.00	12.79	2115.17
	4459.99	0.00	12.80	2118.16
	4460.00	0.00	12.79	2122.16
	4460.02	0.00	12.79	2120.15
	4460.03	0.00	12.80	2127.14
	4460.04	0.00	12.81	2129.14
	4460.05	0.00	12.81	2131.15
	4460.06	0.00	12.81	2132.16
	4460.08	0.00	12.82	2135.16
	4460.09	0.00	12.80	2136.16
	4460.10	0.00	12.80	2137.17
	4460.11	0.00	12.80	2130.14
	4460.12	0.00	12.81	2136.15
	4460.13	0.00	12.81	2143.16
	4460.14	0.00	12.81	2142.16
	4460.16	0.00	12.81	2142.16
	4460.17	0.00	12.81	2140.16
	4460.18	0.00	12.81	2142.16
	4460.19	0.00	12.81	2141.15
	4460.20	0.00	12.82	2137.12
	4460.22	0.00	12.82	2141.12
	4460.23	0.00	12.82	2141.12
	4460.24	0.00	12.82	2139.12
	4460.25	0.00	12.82	2138.12
	4460.26	0.00	12.82	2139.12
	4460.27	0.00	12.80	2134.12
	4460.29	0.00	12.79	2124.11
	4460.30	0.00	12.79	2128.11
	4460.31	0.00	12.79	2126.11
	4460.32	0.00	12.80	2127.11
	4460.33	0.00	12.80	2127.11
	4460.35	0.00	12.78	2117.11
	4460.36	0.00	12.80	2129.11
	4460.37	0.00	12.79	2122.11
	4460.38	0.00	12.80	2129.13
	4460.39	0.00	12.81	2130.11
	4460.40	0.00	12.82	2134.11
	4460.42	0.00	12.82	2135.11
	4460.43	0.00	12.84	2137.07
	4460.44	0.00	12.83	2138.11
	4460.45	0.00	12.82	2135.11
	4460.46	0.00	12.81	2136.15
	4460.48	0.00	12.80	2135.16
	4460.49	0.00	12.80	2135.18
	4460.50	0.00	12.80	2138.18
	4460.51	0.00	12.79	2137.19
	4460.52	0.00	12.81	2138.16
	4460.54	0.00	12.80	2137.16
	4460.55	0.00	12.80	2139.16
	4460.56	0.00	12.80	2140.17
	4460.57	0.00	12.81	2139.17
	4460.58	0.00	12.80	2141.18
	4460.60	0.00	12.80	2142.18
	4460.61	0.00	12.90	2139.89
	4460.62	0.00	12.90	2140.90
	4460.63	0.00	12.89	2137.90
	4460.64	0.00	12.90	2142.92
	4460.65	0.00	12.89	2132.92
	4460.66	0.00	12.90	2136.90
	4460.68	0.00	12.88	2126.88
	4460.69	0.00	12.82	2124.04
	4460.70	0.00	12.79	2123.11
	4460.71	0.00	12.80	2119.13
	4460.72	0.00	12.81	2123.14
	4460.74	0.00	12.81	2124.14
	4460.75	0.00	12.80	2124.15
	4460.76	0.00	12.77	2100.11
	4460.77	0.00	12.78	2110.14
	4460.78	0.00	12.79	2118.15
	4460.79	0.00	12.81	2116.12
	4460.81	0.00	12.80	2122.16
	4460.82	0.00	12.79	2122.16
	4460.83	0.00	12.79	2116.13
	4460.84	0.00	12.80	2120.12
	4460.85	0.00	12.81	2129.14
	4460.87	0.00	12.81	2134.15
	4460.88	0.00	12.82	2133.15
	4460.89	0.00	12.81	2134.17
	4460.90	0.00	12.81	2137.15
	4460.91	0.00	12.81	2137.16
	4460.92	0.00	12.81	2137.16
	4460.94	0.00	12.82	2139.15
	4460.95	0.00	12.80	2133.15
	4460.96	0.00	12.82	2141.15
	4460.97	0.00	12.81	2138.15
	4460.98	0.00	12.81	2142.17
	4461.00	0.00	12.82	2141.15
	4461.01	0.00	12.82	2141.15
	4461.02	0.00	12.82	2137.11
	4461.03	0.00	12.83	2141.11
	4461.04	0.00	12.83	2141.11
	4461.06	0.00	12.83	2140.10
	4461.07	0.00	12.83	2139.11
	4461.08	0.00	12.84	2141.10
	4461.09	0.00	12.80	2124.11
	4461.10	0.00	12.80	2125.10
	4461.12	0.00	12.79	2121.11
	4461.13	0.00	12.81	2127.10
	4461.14	0.00	12.80	2126.10
	4461.15	0.00	12.80	2124.10
	4461.16	0.00	12.81	2127.11
	4461.17	0.00	12.81	2125.10
	4461.19	0.00	12.80	2121.10
	4461.20	0.00	12.81	2126.10
	4461.21	0.00	12.81	2126.10
	4461.22	0.00	12.82	2131.10
	4461.23	0.00	12.83	2134.10
	4461.25	0.00	12.82	2133.10
	4461.26	0.00	12.82	2135.10
	4461.27	0.00	12.82	2134.12
	4461.28	0.00	12.81	2133.13
	4461.29	0.00	12.81	2135.15
	4461.30	0.00	12.80	2133.16
	4461.32	0.00	12.80	2135.17
	4461.33	0.00	12.80	2134.18
	4461.34	0.00	12.81	2132.14
	4461.35	0.00	12.81	2135.15
	4461.36	0.00	12.81	2139.16
	4461.37	0.00	12.81	2137.16
	4461.39	0.00	12.81	2138.16
	4461.40	0.00	12.80	2138.17
	4461.41	0.00	12.80	2138.17
	4461.42	0.00	12.91	2139.88
	4461.43	0.00	12.90	2139.89
	4461.45	0.00	12.91	2139.91
	4461.46	0.00	12.89	2132.92
	4461.47	0.00	12.89	2136.92
	4461.48	0.00	12.89	2134.92
	4461.49	0.00	12.89	2132.92
	4461.50	0.00	12.84	2121.98
	4461.52	0.00	12.80	2122.08
	4461.53	0.00	12.81	2118.09
	4461.54	0.00	12.81	2119.12
	4461.55	0.00	12.81	2121.13
	4461.56	0.00	12.77	2097.11
	4461.58	0.00	12.78	2104.12
	4461.59	0.00	12.78	2108.13
	4461.60	0.00	12.79	2114.14
	4461.61	0.00	12.80	2114.15
	4461.62	0.00	12.81	2117.14
	4461.63	0.00	12.81	2125.15
	4461.65	0.00	12.80	2121.14
	4461.66	0.00	12.81	2126.13
	4461.67	0.00	12.82	2129.13
	4461.68	0.00	12.82	2133.14
	4461.69	0.00	12.82	2132.15
	4461.71	0.00	12.80	2135.17
	4461.72	0.00	12.81	2135.15
	4461.73	0.00	12.81	2135.14
	4461.74	0.00	12.82	2139.14
	4461.75	0.00	12.81	2138.16
	4461.77	0.00	12.82	2141.15
	4461.78	0.00	12.82	2141.15
	4461.79	0.00	12.81	2139.15
	4461.80	0.00	12.81	2142.17
	4461.81	0.00	12.82	2136.11
	4461.83	0.00	12.82	2138.11
	4461.84	0.00	12.82	2137.11
	4461.85	0.00	12.83	2139.10
	4461.86	0.00	12.83	2140.11
	4461.87	0.00	12.82	2138.11
	4461.88	0.00	12.82	2139.11
	4461.89	0.00	12.79	2123.12
	4461.91	0.00	12.79	2121.11
	4461.92	0.00	12.79	2122.11
	4461.93	0.00	12.79	2123.11
	4461.94	0.00	12.79	2123.12
	4461.95	0.00	12.79	2124.11
	4461.97	0.00	12.79	2125.11
	4461.98	0.00	12.79	2124.11
	4461.99	0.00	12.78	2119.12
	4462.00	0.00	12.79	2127.11
	4462.01	0.00	12.80	2132.12
	4462.02	0.00	12.81	2132.12
	4462.04	0.00	12.81	2132.12
	4462.05	0.00	12.81	2132.12
	4462.06	0.00	12.79	2130.16
	4462.07	0.00	12.78	2133.19
	4462.08	0.00	12.77	2125.17
	4462.10	0.00	12.78	2131.18
	4462.11	0.00	12.78	2131.19
	4462.12	0.00	12.77	2133.21
	4462.13	0.00	12.78	2133.19
	4462.14	0.00	12.80	2133.15
	4462.16	0.00	12.79	2133.16
	4462.17	0.00	12.78	2133.18
	4462.18	0.00	12.78	2135.18
	4462.19	0.00	12.78	2134.18
	4462.20	0.00	12.78	2139.19
	4462.21	0.00	12.78	2140.18
	4462.23	0.00	12.89	2140.90
	4462.24	0.00	12.88	2139.90
	4462.25	0.00	12.87	2139.92
	4462.26	0.00	12.87	2133.93
	4462.27	0.00	12.86	2129.94
	4462.29	0.00	12.86	2132.94
	4462.30	0.00	12.83	2120.96
	4462.31	0.00	12.78	2123.09
	4462.32	0.00	12.77	2118.13
	4462.33	0.00	12.78	2118.13
	4462.35	0.00	12.79	2119.14
	4462.36	0.00	12.78	2114.14
	4462.37	0.00	12.79	2124.15
	4462.38	0.00	12.76	2104.14
	4462.39	0.00	12.77	2112.16
	4462.40	0.00	12.77	2113.16
	4462.42	0.00	12.78	2118.17
	4462.43	0.00	12.78	2121.17
	4462.44	0.00	12.78	2122.15
	4462.45	0.00	12.78	2116.14
	4462.46	0.00	12.80	2130.15
	4462.48	0.00	12.80	2133.16
	4462.49	0.00	12.79	2133.18
	4462.50	0.00	12.79	2135.17
	4462.51	0.00	12.79	2135.17
	4462.52	0.00	12.79	2135.15
	4462.53	0.00	12.78	2138.18
	4462.55	0.00	12.79	2139.16
	4462.56	0.00	12.79	2139.16
	4462.57	0.00	12.79	2139.17
	4462.58	0.00	12.78	2140.18
	4462.59	0.00	12.80	2142.14
	4462.61	0.00	12.80	2137.13
	4462.62	0.00	12.80	2137.12
	4462.63	0.00	12.80	2139.12
	4462.64	0.00	12.80	2137.12
	4462.65	0.00	12.80	2138.12
	4462.66	0.00	12.80	2138.12
	4462.68	0.00	12.80	2139.12
	4462.69	0.00	12.77	2121.12
	4462.70	0.00	12.77	2121.12
	4462.71	0.00	12.77	2123.12
	4462.72	0.00	12.77	2122.12
	4462.74	0.00	12.77	2122.12
	4462.75	0.00	12.77	2120.12
	4462.76	0.00	12.77	2122.13
	4462.77	0.00	12.78	2123.12
	4462.78	0.00	12.77	2118.12
	4462.79	0.00	12.78	2125.12
	4462.81	0.00	12.78	2128.13
	4462.82	0.00	12.78	2125.12
	4462.83	0.00	12.79	2129.12
	4462.84	0.00	12.79	2128.12
	4462.85	0.00	12.80	2130.11
	4462.87	0.00	12.80	2131.10
	4462.88	0.00	12.77	2128.16
	4462.89	0.00	12.77	2128.17
	4462.90	0.00	12.77	2129.18
	4462.91	0.00	12.77	2131.19
	4462.92	0.00	12.77	2131.18
	4462.94	0.00	12.77	2130.19
	4462.95	0.00	12.78	2133.17
	4462.96	0.00	12.78	2132.15
	4462.97	0.00	12.78	2132.17
	4462.98	0.00	12.78	2134.18
	4463.00	0.00	12.77	2134.19
	4463.01	0.00	12.78	2135.18
	4463.02	0.00	12.77	2134.18
	4463.03	0.00	12.77	2134.19
	4463.04	0.00	12.86	2131.92
	4463.05	0.00	12.87	2134.90
	4463.07	0.00	12.87	2136.92
	4463.08	0.00	12.86	2128.93
	4463.09	0.00	12.85	2124.94
	4463.10	0.00	12.85	2125.94
	4463.11	0.00	12.85	2123.94
	4463.13	0.00	12.83	2111.90
	4463.14	0.00	12.78	2109.04
	4463.15	0.00	12.76	2114.11
	4463.16	0.00	12.76	2107.14
	4463.17	0.00	12.75	2108.16
	4463.18	0.00	12.77	2113.15
	4463.20	0.00	12.77	2112.15
	4463.21	0.00	12.73	2090.13
	4463.22	0.00	12.72	2092.16
	4463.23	0.00	12.74	2104.16
	4463.24	0.00	12.76	2105.16
	4463.26	0.00	12.76	2110.17
	4463.27	0.00	12.75	2112.17
	4463.28	0.00	12.75	2109.14
	4463.29	0.00	12.78	2124.15
	4463.30	0.00	12.78	2125.15
	4463.31	0.00	12.79	2127.12
	4463.33	0.00	12.79	2131.16
	4463.34	0.00	12.78	2129.17
	4463.35	0.00	12.77	2129.17
	4463.36	0.00	12.77	2125.14
	4463.37	0.00	12.77	2131.16
	4463.39	0.00	12.78	2135.16
	4463.40	0.00	12.78	2135.16
	4463.41	0.00	12.78	2137.16
	4463.42	0.00	12.79	2138.17
	4463.43	0.00	12.78	2136.17
	4463.45	0.00	12.79	2136.13
	4463.46	0.00	12.79	2138.13
	4463.47	0.00	12.79	2136.13
	4463.48	0.00	12.79	2134.12
	4463.49	0.00	12.78	2135.14
	4463.50	0.00	12.79	2137.12
	4463.52	0.00	12.79	2135.12
	4463.53	0.00	12.75	2119.12
	4463.54	0.00	12.76	2119.11
	4463.55	0.00	12.76	2123.12
	4463.56	0.00	12.76	2122.12
	4463.58	0.00	12.74	2127.12
	4463.59	0.00	12.74	2127.12
	4463.60	0.00	12.72	2124.12
	4463.61	0.00	12.72	2127.13
	4463.62	0.00	12.70	2127.13
	4463.63	0.00	12.71	2134.13
	4463.65	0.00	12.71	2137.13
	4463.66	0.00	12.71	2140.13
	4463.67	0.00	12.69	2140.13
	4463.68	0.00	12.67	2146.13
	4463.69	0.00	12.64	2148.14
	4463.71	0.00	12.62	2161.14
	4463.72	0.00	12.58	2166.18
	4463.73	0.00	12.56	2168.20
	4463.74	0.00	12.55	2168.21
	4463.75	0.00	12.54	2171.22
	4463.77	0.00	12.54	2172.22
	4463.78	0.00	12.54	2176.18
	4463.79	0.00	12.53	2178.19
	4463.80	0.00	12.52	2178.20
	4463.81	0.00	12.49	2186.22
	4463.82	0.00	12.48	2190.23
	4463.84	0.00	12.47	2195.24
	4463.85	0.00	12.46	2197.24
	4463.86	0.00	12.55	2200.98
	4463.87	0.00	12.54	2207.98
	4463.88	0.00	12.52	2208.99
	4463.89	0.00	12.51	2211.99
	4463.91	0.00	12.49	2212.02
	4463.92	0.00	12.48	2212.04
	4463.93	0.00	12.46	2217.05
	4463.94	0.00	12.43	2209.02
	4463.95	0.00	12.36	2213.19
	4463.97	0.00	12.32	2218.25
	4463.98	0.00	12.31	2226.26
	4463.99	0.00	12.30	2229.28
	4464.00	0.00	12.28	2240.30
	4464.01	0.00	12.26	2250.32
	4464.02	0.00	12.21	2234.31
	4464.04	0.00	12.21	2251.34
	4464.05	0.00	12.21	2263.36
	4464.06	0.00	12.21	2270.37
	4464.07	0.00	12.20	2278.38
	4464.08	0.00	12.19	2284.39
	4464.10	0.00	12.18	2289.36
	4464.11	0.00	12.20	2309.38
	4464.12	0.00	12.20	2319.40
	4464.13	0.00	12.17	2330.42
	4464.14	0.00	12.17	2332.41
	4464.15	0.00	12.16	2350.43
	4464.17	0.00	12.16	2365.45
	4464.18	0.00	12.13	2381.47
	4464.19	0.00	12.13	2395.45
	4464.20	0.00	12.13	2402.43
	4464.21	0.00	12.11	2414.42
	4464.23	0.00	12.10	2417.42
	4464.24	0.00	12.07	2408.42
	4464.25	0.00	12.08	2412.42
	4464.26	0.00	12.10	2413.41
	4464.27	0.00	12.11	2415.41
	4464.29	0.00	12.14	2413.40
	4464.30	0.00	12.18	2417.38
	4464.31	0.00	12.21	2414.37
	4464.32	0.00	12.24	2404.35
	4464.33	0.00	12.27	2406.36
	4464.35	0.00	12.29	2398.38
	4464.36	0.00	12.32	2386.38
	4464.37	0.00	12.35	2387.37
	4464.38	0.00	12.40	2389.36
	4464.39	0.00	12.45	2388.32
	4464.40	0.00	12.47	2378.34
	4464.42	0.00	12.51	2376.33
	4464.43	0.00	12.55	2374.30
	4464.44	0.00	12.65	2366.11
	4464.45	0.00	12.71	2349.12
	4464.46	0.00	12.79	2332.12
	4464.47	0.00	12.94	2310.11
	4464.49	0.00	13.00	2303.16
	4464.50	0.00	13.12	2302.23
	4464.51	0.00	13.21	2310.21
	4464.52	0.00	13.31	2325.11
	4464.53	0.00	13.45	2332.88
	4464.55	0.00	13.56	2334.68
	4464.56	0.00	13.80	2386.59
	4464.57	0.00	13.87	2395.52
	4464.58	0.00	13.93	2405.47
	4464.59	0.00	13.98	2410.41
	4464.60	0.00	14.04	2420.32
	4464.62	0.00	14.10	2425.29
	4464.63	0.00	14.12	2423.29
	4464.64	0.00	14.15	2418.24
	4464.65	0.00	14.16	2409.23
	4464.66	0.00	14.18	2389.17
	4464.68	0.00	14.18	2361.11
	4464.69	0.00	14.16	2346.08
	4464.70	0.00	14.14	2316.05
	4464.71	0.00	14.06	2257.97
	4464.72	0.00	13.83	2197.08
	4464.73	0.00	13.54	2121.26
	4464.75	0.00	13.39	2073.26
	4464.76	0.00	13.17	2025.34
	4464.77	0.00	13.13	2018.37
	4464.78	0.00	13.35	2147.37
	4464.79	0.00	13.10	2028.37
	4464.81	0.00	13.12	2034.35
	4464.82	0.00	13.15	2044.34
	4464.83	0.00	13.21	2066.33
	4464.84	0.00	13.22	2066.32
	4464.85	0.00	13.22	2064.31
	4464.87	0.00	13.22	2064.31
	4464.88	0.00	13.22	2065.30
	4464.89	0.00	13.20	2055.30
	4464.90	0.00	13.21	2059.30
	4464.91	0.00	13.21	2056.30
	4464.92	0.00	13.21	2060.30
	4464.94	0.00	13.22	2061.30
	4464.95	0.00	13.22	2060.30
	4464.96	0.00	13.23	2067.30
	4464.97	0.00	13.24	2068.30
	4464.98	0.00	13.23	2066.30
	4465.00	0.00	13.23	2062.30
	4465.01	0.00	13.25	2068.30
	4465.02	0.00	13.26	2073.29
	4465.03	0.00	13.26	2076.29
	4465.04	0.00	13.27	2077.28
	4465.05	0.00	13.27	2077.28
	4465.06	0.00	13.27	2077.27
	4465.08	0.00	13.27	2075.26
	4465.09	0.00	13.25	2073.32
	4465.10	0.00	13.25	2075.32
	4465.11	0.00	13.25	2076.32
	4465.12	0.00	13.24	2081.34
	4465.14	0.00	13.27	2082.26
	4465.15	0.00	13.26	2080.29
	4465.16	0.00	13.25	2089.32
	4465.17	0.00	13.22	2086.41
	4465.18	0.00	13.11	2112.43
	4465.20	0.00	12.80	2172.72
	4465.21	0.00	12.42	2270.03
	4465.22	0.00	12.15	2377.23
	4465.23	0.00	12.05	2447.36
	4465.24	0.00	12.05	2492.42
	4465.25	0.00	12.10	2536.46
	4465.27	0.00	12.12	2558.50
	4465.28	0.00	12.07	2557.57
	4465.29	0.00	12.08	2571.55
	4465.30	0.00	12.07	2583.60
	4465.31	0.00	12.10	2586.57
	4465.33	0.00	12.11	2577.57
	4465.34	0.00	12.14	2580.57
	4465.35	0.00	12.20	2581.55
	4465.36	0.00	12.24	2570.53
	4465.37	0.00	12.32	2558.47
	4465.39	0.00	12.37	2539.46
	4465.40	0.00	12.44	2518.44
	4465.41	0.00	12.49	2500.42
	4465.42	0.00	12.55	2493.41
	4465.43	0.00	12.62	2488.39
	4465.44	0.00	12.66	2468.37
	4465.46	0.00	12.73	2460.34
	4465.47	0.00	12.79	2450.27
	4465.48	0.00	12.87	2434.24
	4465.49	0.00	12.96	2425.20
	4465.50	0.00	13.10	2386.08
	4465.52	0.00	13.16	2374.08
	4465.53	0.00	13.24	2347.02
	4465.54	0.00	13.30	2353.96
	4465.55	0.00	13.37	2348.89
	4465.56	0.00	13.41	2350.83
	4465.58	0.00	13.46	2357.77
	4465.59	0.00	13.52	2377.71
	4465.60	0.00	13.58	2387.66
	4465.61	0.00	13.63	2397.60
	4465.62	0.00	13.66	2407.58
	4465.63	0.00	13.77	2428.57
	4465.65	0.00	13.80	2434.55
	4465.66	0.00	13.84	2442.54
	4465.67	0.00	13.85	2438.51
	4465.68	0.00	13.91	2439.42
	4465.69	0.00	14.03	2473.43
	4465.70	0.00	14.05	2460.42
	4465.72	0.00	14.08	2460.38
	4465.73	0.00	14.10	2453.34
	4465.74	0.00	14.15	2445.17
	4465.75	0.00	14.19	2428.00
	4465.76	0.00	14.17	2393.92
	4465.78	0.00	14.10	2341.87
	4465.79	0.00	14.03	2294.84
	4465.80	0.00	13.82	2214.84
	4465.81	0.00	13.62	2147.87
	4465.82	0.00	13.47	2098.96
	4465.83	0.00	13.36	2071.07
	4465.85	0.00	13.24	2047.18
	4465.86	0.00	13.19	2048.27
	4465.87	0.00	13.18	2055.29
	4465.88	0.00	13.14	2054.35
	4465.89	0.00	13.20	2067.36
	4465.90	0.00	13.21	2071.35
	4465.92	0.00	13.21	2069.35
	4465.93	0.00	13.21	2065.35
	4465.94	0.00	13.21	2069.37
	4465.95	0.00	13.21	2072.36
	4465.96	0.00	13.21	2072.37
	4465.98	0.00	13.17	2047.35
	4465.99	0.00	13.19	2060.38
	4466.00	0.00	13.19	2064.38
	4466.01	0.00	13.20	2067.38
	4466.02	0.00	13.20	2072.39
	4466.04	0.00	13.22	2076.40
	4466.05	0.00	13.21	2082.40
	4466.06	0.00	13.21	2085.40
	4466.07	0.00	13.23	2096.40
	4466.08	0.00	13.25	2107.40
	4466.10	0.00	13.25	2108.40
	4466.11	0.00	13.25	2109.40
	4466.12	0.00	13.27	2111.37
	4466.13	0.00	13.27	2115.40
	4466.14	0.00	13.26	2115.40
	4466.15	0.00	13.25	2116.40
	4466.16	0.00	13.25	2113.39
	4466.18	0.00	13.26	2120.39
	4466.19	0.00	13.26	2121.39
	4466.20	0.00	13.26	2124.41
	4466.21	0.00	13.27	2124.39
	4466.22	0.00	13.27	2125.40
	4466.24	0.00	13.26	2125.42
	4466.25	0.00	13.18	2133.55
	4466.26	0.00	12.99	2155.75
	4466.27	0.00	12.72	2217.89
	4466.28	0.00	12.49	2284.05
	4466.29	0.00	12.12	2397.21
	4466.31	0.00	12.03	2439.25
	4466.32	0.00	12.02	2447.37
	4466.33	0.00	11.96	2490.43
	4466.34	0.00	11.90	2551.50
	4466.35	0.00	11.94	2614.56
	4466.37	0.00	11.94	2641.59
	4466.38	0.00	11.92	2648.61
	4466.39	0.00	11.91	2643.62
	4466.40	0.00	11.97	2651.63
	4466.41	0.00	12.03	2642.62
	4466.42	0.00	12.12	2633.58
	4466.44	0.00	12.18	2620.57
	4466.45	0.00	12.25	2600.55
	4466.46	0.00	12.34	2579.53
	4466.47	0.00	12.42	2562.46
	4466.48	0.00	12.51	2537.43
	4466.50	0.00	12.60	2515.40
	4466.51	0.00	12.66	2502.38
	4466.52	0.00	12.73	2483.34
	4466.53	0.00	12.84	2465.17
	4466.54	0.00	12.94	2446.10
	4466.56	0.00	13.10	2416.01
	4466.57	0.00	13.17	2390.90
	4466.58	0.00	13.29	2389.81
	4466.59	0.00	13.36	2374.75
	4466.60	0.00	13.39	2379.69
	4466.62	0.00	13.45	2379.58
	4466.63	0.00	13.48	2383.52
	4466.64	0.00	13.51	2377.43
	4466.65	0.00	13.54	2386.39
	4466.66	0.00	13.55	2392.39
	4466.67	0.00	13.56	2387.36
	4466.68	0.00	13.58	2384.32
	4466.70	0.00	13.61	2394.29
	4466.71	0.00	13.71	2417.28
	4466.72	0.00	13.73	2417.29
	4466.73	0.00	13.74	2414.27
	4466.75	0.00	13.77	2405.23
	4466.76	0.00	13.79	2407.26
	4466.77	0.00	13.83	2400.18
	4466.78	0.00	13.88	2398.13
	4466.79	0.00	13.93	2395.06
	4466.80	0.00	13.98	2399.02
	4466.82	0.00	14.03	2393.94
	4466.83	0.00	14.18	2420.90
	4466.84	0.00	14.21	2417.87
	4466.85	0.00	14.26	2424.86
	4466.86	0.00	14.28	2419.83
	4466.87	0.00	14.34	2406.64
	4466.89	0.00	14.38	2357.42
	4466.90	0.00	14.36	2329.35
	4466.91	0.00	14.26	2294.44
	4466.92	0.00	14.02	2252.75
	4466.93	0.00	13.73	2190.94
	4466.95	0.00	13.56	2154.13
	4466.96	0.00	13.35	2116.21
	4466.97	0.00	13.43	2178.25
	4466.98	0.00	13.24	2095.31
	4466.99	0.00	13.21	2099.36
	4467.00	0.00	13.27	2126.35
	4467.02	0.00	13.27	2119.35
	4467.03	0.00	13.27	2118.34
	4467.04	0.00	13.27	2112.33
	4467.05	0.00	13.27	2111.34
	4467.06	0.00	13.30	2116.32
	4467.08	0.00	13.30	2114.29
	4467.09	0.00	13.28	2114.35
	4467.10	0.00	13.27	2112.36
	4467.11	0.00	13.28	2114.36
	4467.12	0.00	13.29	2117.37
	4467.13	0.00	13.29	2118.38
	4467.15	0.00	13.29	2120.38
	4467.16	0.00	13.29	2114.37
	4467.17	0.00	13.30	2116.35
	4467.18	0.00	13.30	2114.34
	4467.19	0.00	13.31	2118.35
	4467.21	0.00	13.30	2117.36
	4467.22	0.00	13.30	2115.36
	4467.23	0.00	13.30	2117.35
	4467.24	0.00	13.31	2120.35
	4467.25	0.00	13.38	2115.15
	4467.26	0.00	13.37	2110.16
	4467.28	0.00	13.36	2108.18
	4467.29	0.00	13.35	2113.22
	4467.30	0.00	13.35	2112.23
	4467.31	0.00	13.36	2119.24
	4467.32	0.00	13.40	2135.18
	4467.33	0.00	13.36	2136.27
	4467.35	0.00	13.35	2139.31
	4467.36	0.00	13.35	2143.31
	4467.37	0.00	13.34	2147.35
	4467.38	0.00	13.22	2167.49
	4467.39	0.00	13.02	2190.74
	4467.41	0.00	12.55	2305.03
	4467.42	0.00	12.28	2391.23
	4467.43	0.00	12.12	2455.37
	4467.44	0.00	12.05	2485.43
	4467.45	0.00	12.04	2517.47
	4467.46	0.00	12.11	2562.47
	4467.48	0.00	12.09	2582.53
	4467.49	0.00	12.03	2588.59
	4467.50	0.00	11.96	2602.64
	4467.51	0.00	11.96	2620.66
	4467.52	0.00	11.96	2626.70
	4467.54	0.00	11.98	2632.71
	4467.55	0.00	12.03	2625.69
	4467.56	0.00	12.07	2619.68
	4467.57	0.00	12.11	2601.64
	4467.58	0.00	12.17	2595.61
	4467.60	0.00	12.22	2577.59
	4467.61	0.00	12.25	2558.57
	4467.62	0.00	12.31	2532.55
	4467.63	0.00	12.37	2514.50
	4467.64	0.00	12.42	2494.49
	4467.65	0.00	12.48	2471.46
	4467.67	0.00	12.56	2462.43
	4467.68	0.00	12.65	2439.40
	4467.69	0.00	12.76	2408.37
	4467.70	0.00	12.82	2399.36
	4467.71	0.00	12.87	2384.35
	4467.73	0.00	13.02	2360.31
	4467.74	0.00	13.09	2346.27
	4467.75	0.00	13.17	2346.17
	4467.76	0.00	13.23	2341.13
	4467.77	0.00	13.28	2347.08
	4467.79	0.00	13.35	2352.97
	4467.80	0.00	13.41	2355.86
	4467.81	0.00	13.49	2364.70
	4467.82	0.00	13.58	2373.48
	4467.83	0.00	13.63	2379.41
	4467.85	0.00	13.66	2388.41
	4467.86	0.00	13.68	2392.40
	4467.87	0.00	13.76	2406.43
	4467.88	0.00	13.80	2411.39
	4467.89	0.00	13.84	2410.34
	4467.90	0.00	13.96	2432.32
	4467.91	0.00	14.03	2435.20
	4467.93	0.00	14.12	2426.06
	4467.94	0.00	14.14	2425.07
	4467.95	0.00	14.16	2417.02
	4467.96	0.00	14.16	2410.00
	4467.97	0.00	14.19	2408.97
	4467.99	0.00	14.17	2387.94
	4468.00	0.00	14.13	2303.92
	4468.01	0.00	14.11	2262.70
	4468.02	0.00	14.18	2213.34
	4468.03	0.00	14.01	2141.30
	4468.04	0.00	13.71	2092.74
	4468.06	0.00	13.50	2060.96
	4468.07	0.00	13.28	2033.26
	4468.08	0.00	13.18	2001.35
	4468.09	0.00	13.11	1990.39
	4468.10	0.00	13.10	1991.39
	4468.12	0.00	13.18	2043.37
	4468.13	0.00	13.23	2063.38
	4468.14	0.00	13.20	2064.42
	4468.15	0.00	13.20	2059.43
	4468.16	0.00	13.20	2048.38
	4468.17	0.00	13.19	2052.43
	4468.19	0.00	13.19	2052.44
	4468.20	0.00	13.20	2055.44
	4468.21	0.00	13.22	2070.43
	4468.22	0.00	13.22	2075.43
	4468.23	0.00	13.22	2077.43
	4468.25	0.00	13.23	2075.39
	4468.26	0.00	13.23	2077.39
	4468.27	0.00	13.23	2077.39
	4468.28	0.00	13.36	2144.38
	4468.29	0.00	13.24	2088.39
	4468.30	0.00	13.27	2096.38
	4468.32	0.00	13.28	2101.37
	4468.33	0.00	13.29	2112.38
	4468.34	0.00	13.29	2117.38
	4468.35	0.00	13.27	2106.38
	4468.36	0.00	13.26	2106.38
	4468.37	0.00	13.26	2111.39
	4468.39	0.00	13.29	2114.34
	4468.40	0.00	13.28	2117.38
	4468.41	0.00	13.27	2117.38
	4468.42	0.00	13.28	2116.37
	4468.43	0.00	13.29	2126.36
	4468.45	0.00	13.30	2128.35
	4468.46	0.00	13.31	2131.35
	4468.47	0.00	13.30	2131.36
	4468.48	0.00	13.32	2135.32
	4468.49	0.00	13.33	2138.33
	4468.50	0.00	13.33	2138.32
	4468.52	0.00	13.30	2139.38
	4468.53	0.00	13.12	2155.62
	4468.54	0.00	12.74	2236.96
	4468.55	0.00	12.41	2328.23
	4468.56	0.00	12.21	2398.38
	4468.58	0.00	12.10	2429.46
	4468.59	0.00	12.09	2452.49
	4468.60	0.00	12.13	2497.52
	4468.61	0.00	12.15	2520.54
	4468.62	0.00	12.10	2526.58
	4468.63	0.00	12.09	2549.56
	4468.65	0.00	12.09	2567.58
	4468.66	0.00	12.11	2577.54
	4468.67	0.00	12.12	2579.54
	4468.68	0.00	12.14	2581.55
	4468.69	0.00	12.13	2578.64
	4468.71	0.00	12.17	2567.64
	4468.72	0.00	12.21	2564.64
	4468.73	0.00	12.26	2554.60
	4468.74	0.00	12.32	2544.58
	4468.75	0.00	12.38	2532.56
	4468.77	0.00	12.43	2519.55
	4468.78	0.00	12.52	2509.49
	4468.79	0.00	12.56	2499.49
	4468.80	0.00	12.61	2491.47
	4468.81	0.00	12.67	2477.46
	4468.83	0.00	12.74	2462.45
	4468.84	0.00	12.79	2452.46
	4468.85	0.00	12.88	2443.44
	4468.86	0.00	12.92	2443.43
	4468.87	0.00	12.93	2449.37
	4468.88	0.00	13.01	2448.33
	4468.90	0.00	13.09	2437.34
	4468.91	0.00	13.16	2434.32
	4468.92	0.00	13.23	2422.30
	4468.93	0.00	13.32	2412.27
	4468.94	0.00	13.36	2415.20
	4468.96	0.00	13.43	2417.12
	4468.97	0.00	13.50	2422.01
	4468.98	0.00	13.58	2425.84
	4468.99	0.00	13.63	2431.76
	4469.00	0.00	13.66	2429.69
	4469.02	0.00	13.67	2429.70
	4469.03	0.00	13.69	2428.66
	4469.04	0.00	13.72	2427.62
	4469.05	0.00	13.76	2422.52
	4469.06	0.00	13.76	2410.49
	4469.07	0.00	13.86	2420.42
	4469.09	0.00	13.86	2397.37
	4469.10	0.00	13.86	2370.31
	4469.11	0.00	13.84	2313.22
	4469.12	0.00	13.93	2316.16
	4469.13	0.00	13.95	2299.09
	4469.14	0.00	14.00	2274.88
	4469.16	0.00	13.88	2223.82
	4469.17	0.00	13.72	2159.82
	4469.18	0.00	13.60	2107.84
	4469.19	0.00	13.47	2065.94
	4469.20	0.00	13.36	2057.05
	4469.22	0.00	13.30	2056.07
	4469.23	0.00	13.24	2070.18
	4469.24	0.00	13.23	2080.22
	4469.25	0.00	13.29	2111.21
	4469.26	0.00	13.22	2094.29
	4469.27	0.00	13.23	2112.37
	4469.29	0.00	13.23	2115.40
	4469.30	0.00	13.22	2114.41
	4469.31	0.00	13.24	2105.41
	4469.32	0.00	13.25	2106.39
	4469.33	0.00	13.24	2103.41
	4469.35	0.00	13.25	2109.41
	4469.36	0.00	13.21	2084.37
	4469.37	0.00	13.23	2095.39
	4469.38	0.00	13.24	2097.39
	4469.39	0.00	13.26	2105.39
	4469.40	0.00	13.25	2110.39
	4469.42	0.00	13.25	2112.40
	4469.43	0.00	13.24	2113.40
	4469.44	0.00	13.25	2113.39
	4469.45	0.00	13.27	2119.37
	4469.46	0.00	13.28	2129.38
	4469.48	0.00	13.28	2132.39
	4469.49	0.00	13.28	2130.39
	4469.50	0.00	13.28	2132.39
	4469.51	0.00	13.27	2129.39
	4469.52	0.00	13.28	2133.38
	4469.54	0.00	13.29	2133.37
	4469.55	0.00	13.28	2128.36
	4469.56	0.00	13.29	2133.34
	4469.57	0.00	13.28	2134.37
	4469.58	0.00	13.29	2131.37
	4469.59	0.00	13.30	2133.35
	4469.61	0.00	13.29	2133.37
	4469.62	0.00	13.32	2130.29
	4469.63	0.00	13.32	2130.28
	4469.64	0.00	13.32	2135.28
	4469.65	0.00	13.34	2137.26
	4469.66	0.00	13.33	2135.26
	4469.68	0.00	13.29	2136.35
	4469.69	0.00	13.17	2154.44
	4469.70	0.00	12.88	2214.69
	4469.71	0.00	12.47	2321.00
	4469.72	0.00	12.13	2438.21
	4469.73	0.00	11.98	2492.32
	4469.75	0.00	11.92	2525.38
	4469.76	0.00	11.92	2565.42
	4469.77	0.00	11.94	2584.43
	4469.78	0.00	11.92	2588.45
	4469.79	0.00	11.92	2605.49
	4469.81	0.00	11.93	2614.50
	4469.82	0.00	11.93	2622.58
	4469.83	0.00	11.96	2631.60
	4469.84	0.00	11.99	2635.60
	4469.85	0.00	12.04	2636.60
	4469.87	0.00	12.10	2623.57
	4469.88	0.00	12.15	2614.53
	4469.89	0.00	12.21	2599.50
	4469.90	0.00	12.26	2583.48
	4469.91	0.00	12.33	2569.36
	4469.92	0.00	12.38	2564.33
	4469.94	0.00	12.42	2540.32
	4469.95	0.00	12.45	2527.30
	4469.96	0.00	12.45	2505.40
	4469.97	0.00	12.46	2494.42
	4469.98	0.00	12.49	2489.40
	4470.00	0.00	12.50	2483.40
	4470.01	0.00	12.49	2473.36
	4470.02	0.00	12.50	2477.35
	4470.03	0.00	12.48	2471.36
	4470.04	0.00	12.48	2476.36
	4470.06	0.00	12.49	2481.36
	4470.07	0.00	12.52	2491.32
	4470.08	0.00	12.54	2492.33
	4470.09	0.00	12.56	2489.31
	4470.10	0.00	12.62	2489.27
	4470.12	0.00	12.66	2494.28
	4470.13	0.00	12.72	2489.20
	4470.14	0.00	12.80	2485.23
	4470.15	0.00	12.88	2471.23
	4470.16	0.00	12.98	2455.14
	4470.17	0.00	13.16	2438.08
	4470.18	0.00	13.26	2417.97
	4470.20	0.00	13.40	2408.78
	4470.21	0.00	13.47	2401.64
	4470.22	0.00	13.50	2393.58
	4470.23	0.00	13.55	2395.48
	4470.25	0.00	13.60	2394.39
	4470.26	0.00	13.76	2412.27
	4470.27	0.00	13.82	2411.16
	4470.28	0.00	13.90	2412.05
	4470.29	0.00	13.98	2416.93
	4470.30	0.00	14.06	2411.79
	4470.32	0.00	14.14	2405.62
	4470.33	0.00	14.19	2392.49
	4470.34	0.00	14.21	2385.46
	4470.35	0.00	14.27	2367.30
	4470.36	0.00	14.32	2346.19
	4470.37	0.00	14.29	2299.08
	4470.39	0.00	14.25	2233.96
	4470.40	0.00	14.01	2172.13
	4470.41	0.00	13.75	2129.52
	4470.42	0.00	13.48	2108.98
	4470.43	0.00	13.30	2095.26
	4470.45	0.00	13.20	2078.35
	4470.46	0.00	13.18	2073.36
	4470.47	0.00	13.18	2085.37
	4470.48	0.00	13.20	2094.36
	4470.49	0.00	13.24	2112.36
	4470.50	0.00	13.25	2111.34
	4470.52	0.00	13.48	2182.08
	4470.53	0.00	13.34	2108.09
	4470.54	0.00	13.34	2106.09
	4470.55	0.00	13.35	2101.09
	4470.56	0.00	13.35	2105.09
	4470.58	0.00	13.35	2106.08
	4470.59	0.00	13.35	2105.08
	4470.60	0.00	13.35	2106.08
	4470.61	0.00	13.32	2088.07
	4470.62	0.00	13.26	2089.21
	4470.63	0.00	13.25	2094.27
	4470.65	0.00	13.26	2088.28
	4470.66	0.00	13.27	2092.30
	4470.67	0.00	13.28	2099.31
	4470.68	0.00	13.25	2081.27
	4470.69	0.00	13.23	2071.28
	4470.71	0.00	13.24	2072.28
	4470.72	0.00	13.24	2082.31
	4470.73	0.00	13.27	2093.30
	4470.74	0.00	13.27	2093.30
	4470.75	0.00	13.28	2095.30
	4470.76	0.00	13.28	2097.29
	4470.78	0.00	13.28	2100.30
	4470.79	0.00	13.30	2109.27
	4470.80	0.00	13.31	2111.26
	4470.81	0.00	13.31	2118.28
	4470.82	0.00	13.29	2115.29
	4470.83	0.00	13.30	2117.30
	4470.85	0.00	13.29	2117.29
	4470.86	0.00	13.29	2118.29
	4470.87	0.00	13.31	2119.29
	4470.88	0.00	13.29	2112.30
	4470.89	0.00	13.30	2112.30
	4470.90	0.00	13.30	2113.31
	4470.92	0.00	13.23	2116.47
	4470.93	0.00	13.00	2146.77
	4470.94	0.00	12.67	2234.98
	4470.95	0.00	12.24	2355.23
	4470.96	0.00	11.92	2477.28
	4470.98	0.00	11.82	2542.33
	4470.99	0.00	11.81	2563.37
	4471.00	0.00	11.83	2560.41
	4471.01	0.00	11.82	2572.45
	4471.02	0.00	11.86	2586.50
	4471.04	0.00	11.81	2632.57
	4471.05	0.00	11.81	2650.59
	4471.06	0.00	11.78	2654.62
	4471.07	0.00	11.79	2658.63
	4471.08	0.00	11.82	2656.65
	4471.10	0.00	11.86	2650.64
	4471.11	0.00	11.97	2672.62
	4471.12	0.00	12.01	2648.59
	4471.13	0.00	12.07	2639.57
	4471.14	0.00	12.12	2621.58
	4471.15	0.00	12.19	2604.55
	4471.17	0.00	12.25	2583.52
	4471.18	0.00	12.30	2562.50
	4471.19	0.00	12.37	2542.46
	4471.20	0.00	12.42	2529.45
	4471.21	0.00	12.48	2503.43
	4471.22	0.00	12.56	2482.32
	4471.24	0.00	12.63	2464.27
	4471.25	0.00	12.66	2452.25
	4471.26	0.00	12.72	2433.22
	4471.27	0.00	12.75	2422.21
	4471.28	0.00	12.75	2406.28
	4471.30	0.00	12.78	2394.30
	4471.31	0.00	12.81	2394.29
	4471.32	0.00	12.86	2390.28
	4471.33	0.00	12.95	2368.23
	4471.34	0.00	13.06	2358.21
	4471.36	0.00	13.14	2360.22
	4471.37	0.00	13.20	2377.18
	4471.38	0.00	13.29	2384.12
	4471.39	0.00	13.38	2387.97
	4471.40	0.00	13.46	2397.84
	4471.41	0.00	13.56	2399.66
	4471.43	0.00	13.61	2400.60
	4471.44	0.00	13.73	2425.58
	4471.45	0.00	13.75	2428.57
	4471.46	0.00	13.87	2449.54
	4471.47	0.00	13.97	2463.49
	4471.49	0.00	14.06	2473.38
	4471.50	0.00	14.21	2492.21
	4471.51	0.00	14.29	2495.11
	4471.52	0.00	14.37	2508.05
	4471.53	0.00	14.43	2511.01
	4471.54	0.00	14.47	2510.99
	4471.56	0.00	14.50	2492.92
	4471.57	0.00	14.50	2474.85
	4471.58	0.00	14.64	2463.45
	4471.59	0.00	14.65	2436.31
	4471.60	0.00	14.65	2394.10
	4471.62	0.00	14.58	2343.02
	4471.63	0.00	14.41	2282.07
	4471.64	0.00	14.00	2187.54
	4471.65	0.00	13.69	2152.92
	4471.66	0.00	13.34	2074.19
	4471.67	0.00	13.21	2050.30
	4471.69	0.00	13.15	2043.35
	4471.70	0.00	13.10	2047.43
	4471.71	0.00	13.14	2070.42
	4471.72	0.00	13.23	2102.38
	4471.73	0.00	13.19	2105.46
	4471.75	0.00	13.19	2105.48
	4471.76	0.00	13.18	2099.50
	4471.77	0.00	13.16	2086.52
	4471.78	0.00	13.15	2084.52
	4471.79	0.00	13.14	2078.54
	4471.80	0.00	13.14	2078.55
	4471.82	0.00	13.14	2078.55
	4471.83	0.00	13.13	2075.56
	4471.84	0.00	13.15	2075.52
	4471.85	0.00	13.16	2076.52
	4471.86	0.00	13.15	2077.52
	4471.87	0.00	13.16	2080.52
	4471.89	0.00	13.17	2084.53
	4471.90	0.00	13.16	2081.53
	4471.91	0.00	13.16	2083.53
	4471.92	0.00	13.16	2084.55
	4471.93	0.00	13.18	2095.52
	4471.95	0.00	13.30	2098.24
	4471.96	0.00	13.30	2100.23
	4471.97	0.00	13.31	2102.23
	4471.98	0.00	13.30	2103.24
	4471.99	0.00	13.30	2103.25
	4472.00	0.00	13.30	2100.26
	4472.02	0.00	13.29	2098.26
	4472.03	0.00	13.29	2098.26
	4472.04	0.00	13.29	2100.26
	4472.05	0.00	13.29	2103.27
	4472.06	0.00	13.20	2088.43
	4472.08	0.00	13.20	2098.46
	4472.09	0.00	13.21	2107.45
	4472.10	0.00	13.23	2112.43
	4472.11	0.00	13.20	2101.42
	4472.12	0.00	13.25	2123.40
	4472.13	0.00	13.26	2129.39
	4472.15	0.00	13.27	2134.39
	4472.16	0.00	13.19	2141.55
	4472.17	0.00	12.88	2181.86
	4472.18	0.00	12.29	2330.16
	4472.19	0.00	11.63	2561.53
	4472.20	0.00	11.53	2632.63
	4472.22	0.00	11.57	2642.69
	4472.23	0.00	11.71	2619.70
	4472.24	0.00	11.75	2633.70
	4472.25	0.00	11.81	2669.72
	4472.26	0.00	11.81	2663.73
	4472.28	0.00	11.82	2670.76
	4472.29	0.00	11.88	2679.75
	4472.30	0.00	11.93	2689.75
	4472.31	0.00	11.99	2685.69
	4472.32	0.00	12.06	2678.66
	4472.34	0.00	12.14	2662.63
	4472.35	0.00	12.22	2643.61
	4472.36	0.00	12.31	2627.59
	4472.37	0.00	12.40	2600.54
	4472.38	0.00	12.48	2572.51
	4472.39	0.00	12.61	2556.46
	4472.41	0.00	12.73	2521.41
	4472.42	0.00	12.83	2502.35
	4472.43	0.00	12.94	2475.27
	4472.44	0.00	13.13	2424.20
	4472.45	0.00	13.26	2392.08
	4472.47	0.00	13.39	2375.89
	4472.48	0.00	13.44	2360.77
	4472.49	0.00	13.50	2362.67
	4472.50	0.00	13.53	2360.58
	4472.51	0.00	13.58	2356.46
	4472.52	0.00	13.59	2352.43
	4472.54	0.00	13.60	2346.40
	4472.55	0.00	13.60	2340.37
	4472.56	0.00	13.60	2340.35
	4472.57	0.00	13.64	2340.26
	4472.58	0.00	13.66	2346.24
	4472.60	0.00	13.69	2338.18
	4472.61	0.00	13.69	2341.20
	4472.62	0.00	13.79	2363.21
	4472.63	0.00	13.83	2376.23
	4472.64	0.00	13.87	2394.27
	4472.65	0.00	13.93	2417.31
	4472.67	0.00	14.04	2446.28
	4472.68	0.00	14.11	2469.28
	4472.69	0.00	14.24	2496.23
	4472.70	0.00	14.33	2516.18
	4472.71	0.00	14.46	2536.01
	4472.72	0.00	14.59	2535.78
	4472.74	0.00	14.68	2533.60
	4472.75	0.00	14.82	2540.33
	4472.76	0.00	14.84	2527.27
	4472.77	0.00	14.90	2513.09
	4472.78	0.00	14.92	2464.90
	4472.80	0.00	14.86	2412.81
	4472.81	0.00	14.72	2350.83
	4472.82	0.00	14.42	2289.20
	4472.83	0.00	14.01	2228.80
	4472.84	0.00	13.48	2110.07
	4472.85	0.00	13.29	2066.24
	4472.87	0.00	13.14	2038.37
	4472.88	0.00	13.10	2037.46
	4472.89	0.00	13.10	2058.52
	4472.90	0.00	13.16	2082.50
	4472.91	0.00	13.14	2079.53
	4472.93	0.00	13.15	2081.52
	4472.94	0.00	13.15	2077.49
	4472.95	0.00	13.17	2081.47
	4472.96	0.00	13.14	2071.48
	4472.97	0.00	13.16	2082.49
	4472.98	0.00	13.18	2086.49
	4473.00	0.00	13.18	2086.48
	4473.01	0.00	13.17	2081.49
	4473.02	0.00	13.18	2077.50
	4473.03	0.00	13.12	2038.54
	4473.04	0.00	13.11	2036.55
	4473.06	0.00	13.12	2035.53
	4473.07	0.00	13.13	2037.52
	4473.08	0.00	13.11	2027.51
	4473.09	0.00	13.12	2034.51
	4473.10	0.00	13.16	2050.48
	4473.11	0.00	13.22	2086.43
	4473.13	0.00	13.23	2089.42
	4473.14	0.00	13.23	2091.42
	4473.15	0.00	13.24	2090.41
	4473.16	0.00	13.26	2100.40
	4473.17	0.00	13.26	2102.40
	4473.18	0.00	13.27	2107.40
	4473.20	0.00	13.28	2113.39
	4473.21	0.00	13.29	2113.38
	4473.22	0.00	13.29	2114.38
	4473.23	0.00	13.25	2110.44
	4473.24	0.00	13.27	2121.42
	4473.26	0.00	13.27	2125.42
	4473.27	0.00	13.28	2127.41
	4473.28	0.00	13.27	2126.42
	4473.29	0.00	13.26	2126.44
	4473.30	0.00	13.19	2089.41
	4473.31	0.00	13.28	2130.42
	4473.33	0.00	13.27	2131.44
	4473.34	0.00	13.24	2131.50
	4473.35	0.00	12.82	2192.08
	4473.36	0.00	11.84	2478.57
	4473.37	0.00	11.11	2750.93
	4473.38	0.00	11.18	2745.97
	4473.40	0.00	11.42	2699.94
	4473.41	0.00	11.55	2667.97
	4473.42	0.00	11.58	2667.99
	4473.43	0.00	11.51	2669.01
	4473.44	0.00	11.69	2705.99
	4473.46	0.00	11.84	2785.93
	4473.47	0.00	11.86	2773.95
	4473.48	0.00	11.94	2770.92
	4473.49	0.00	12.03	2761.90
	4473.50	0.00	12.12	2744.87
	4473.52	0.00	12.20	2716.79
	4473.53	0.00	12.29	2687.79
	4473.54	0.00	12.36	2656.75
	4473.55	0.00	12.44	2632.72
	4473.56	0.00	12.54	2603.70
	4473.58	0.00	12.63	2577.66
	4473.59	0.00	12.71	2543.61
	4473.60	0.00	12.80	2517.53
	4473.61	0.00	12.95	2474.44
	4473.62	0.00	13.13	2426.29
	4473.63	0.00	13.29	2410.12
	4473.65	0.00	13.35	2404.97
	4473.66	0.00	13.40	2402.87
	4473.67	0.00	13.41	2388.81
	4473.68	0.00	13.45	2361.73
	4473.69	0.00	13.46	2350.69
	4473.71	0.00	13.48	2354.65
	4473.72	0.00	13.48	2353.64
	4473.73	0.00	13.49	2351.61
	4473.74	0.00	13.50	2343.56
	4473.75	0.00	13.53	2347.53
	4473.77	0.00	13.52	2344.54
	4473.78	0.00	13.61	2360.55
	4473.79	0.00	13.63	2355.55
	4473.80	0.00	13.66	2353.56
	4473.81	0.00	13.66	2351.59
	4473.82	0.00	13.75	2366.54
	4473.84	0.00	13.92	2406.51
	4473.85	0.00	14.02	2432.53
	4473.86	0.00	14.11	2460.54
	4473.87	0.00	14.19	2486.54
	4473.88	0.00	14.25	2502.52
	4473.89	0.00	14.31	2513.45
	4473.91	0.00	14.32	2516.42
	4473.92	0.00	14.34	2517.41
	4473.93	0.00	14.36	2507.34
	4473.94	0.00	14.34	2482.25
	4473.95	0.00	14.30	2448.16
	4473.96	0.00	14.27	2403.04
	4473.98	0.00	14.20	2351.91
	4473.99	0.00	14.01	2283.95
	4474.00	0.00	13.84	2223.03
	4474.01	0.00	13.58	2165.29
	4474.02	0.00	13.28	2084.41
	4474.04	0.00	13.14	2047.54
	4474.05	0.00	12.97	1984.72
	4474.06	0.00	13.04	2034.67
	4474.07	0.00	13.06	2043.61
	4474.08	0.00	13.11	2060.60
	4474.10	0.00	13.01	2001.68
	4474.11	0.00	13.02	1997.64
	4474.12	0.00	13.02	2002.69
	4474.13	0.00	13.03	2011.71
	4474.14	0.00	13.04	2018.71
	4474.15	0.00	13.05	2023.72
	4474.17	0.00	13.06	2022.72
	4474.18	0.00	13.06	2024.71
	4474.19	0.00	13.06	2027.71
	4474.20	0.00	13.05	2027.71
	4474.21	0.00	13.07	2029.70
	4474.22	0.00	13.08	2028.66
	4474.24	0.00	13.10	2042.66
	4474.25	0.00	13.10	2044.67
	4474.26	0.00	13.12	2044.66
	4474.27	0.00	13.11	2047.66
	4474.29	0.00	13.10	2047.67
	4474.30	0.00	13.12	2045.62
	4474.31	0.00	13.12	2052.64
	4474.32	0.00	13.13	2054.64
	4474.33	0.00	13.12	2055.66
	4474.34	0.00	13.12	2054.68
	4474.35	0.00	13.12	2052.66
	4474.37	0.00	13.12	2056.66
	4474.38	0.00	13.15	2054.59
	4474.39	0.00	13.16	2056.58
	4474.40	0.00	13.16	2057.57
	4474.41	0.00	13.16	2056.56
	4474.43	0.00	13.16	2059.55
	4474.44	0.00	13.22	2097.50
	4474.45	0.00	13.23	2106.47
	4474.46	0.00	13.24	2111.46
	4474.47	0.00	13.24	2113.45
	4474.48	0.00	13.26	2117.44
	4474.50	0.00	13.26	2118.45
	4474.51	0.00	13.29	2127.42
	4474.52	0.00	13.26	2112.42
	4474.53	0.00	13.14	2126.67
	4474.54	0.00	12.76	2208.06
	4474.56	0.00	12.16	2383.43
	4474.57	0.00	11.76	2529.70
	4474.58	0.00	11.67	2586.80
	4474.59	0.00	11.72	2592.87
	4474.60	0.00	11.73	2587.87
	4474.61	0.00	11.77	2603.87
	4474.63	0.00	11.83	2630.88
	4474.64	0.00	11.89	2636.88
	4474.65	0.00	11.96	2652.85
	4474.66	0.00	12.01	2681.85
	4474.67	0.00	12.09	2693.84
	4474.69	0.00	12.18	2689.75
	4474.70	0.00	12.26	2679.73
	4474.71	0.00	12.36	2678.68
	4474.72	0.00	12.44	2655.63
	4474.73	0.00	12.50	2628.68
	4474.75	0.00	12.60	2604.63
	4474.76	0.00	12.69	2582.58
	4474.77	0.00	12.80	2561.52
	4474.78	0.00	12.99	2511.45
	4474.79	0.00	13.15	2468.32
	4474.80	0.00	13.30	2439.22
	4474.82	0.00	13.36	2427.11
	4474.83	0.00	13.39	2431.03
	4474.84	0.00	13.41	2425.94
	4474.85	0.00	13.45	2424.83
	4474.86	0.00	13.47	2428.77
	4474.87	0.00	13.49	2425.71
	4474.89	0.00	13.51	2423.68
	4474.90	0.00	13.52	2424.64
	4474.91	0.00	13.54	2426.61
	4474.92	0.00	13.55	2428.59
	4474.93	0.00	13.58	2412.57
	4474.95	0.00	13.59	2415.55
	4474.96	0.00	13.61	2418.50
	4474.97	0.00	13.62	2422.48
	4474.98	0.00	13.63	2419.47
	4474.99	0.00	13.63	2420.45
	4475.00	0.00	13.64	2417.44
	4475.02	0.00	13.63	2412.46
	4475.03	0.00	13.65	2403.41
	4475.04	0.00	13.75	2420.39
	4475.05	0.00	13.78	2423.39
	4475.06	0.00	13.80	2423.38
	4475.08	0.00	13.84	2427.36
	4475.09	0.00	13.97	2463.41
	4475.10	0.00	14.05	2480.40
	4475.11	0.00	14.17	2505.33
	4475.12	0.00	14.22	2518.36
	4475.13	0.00	14.28	2525.36
	4475.15	0.00	14.36	2546.32
	4475.16	0.00	14.40	2538.25
	4475.17	0.00	14.54	2541.00
	4475.18	0.00	14.66	2535.70
	4475.19	0.00	14.73	2527.50
	4475.20	0.00	14.73	2475.32
	4475.22	0.00	14.71	2424.22
	4475.23	0.00	14.59	2369.23
	4475.24	0.00	14.28	2297.42
	4475.25	0.00	13.89	2249.04
	4475.27	0.00	13.62	2216.37
	4475.28	0.00	13.33	2115.36
	4475.29	0.00	13.24	2100.45
	4475.30	0.00	13.23	2094.43
	4475.31	0.00	13.21	2099.45
	4475.32	0.00	13.24	2121.45
	4475.33	0.00	13.24	2120.45
	4475.35	0.00	13.24	2106.46
	4475.36	0.00	13.23	2103.47
	4475.37	0.00	13.23	2101.47
	4475.38	0.00	13.22	2091.49
	4475.39	0.00	13.19	2072.51
	4475.41	0.00	13.12	2052.60
	4475.42	0.00	13.09	2052.71
	4475.43	0.00	13.09	2055.73
	4475.44	0.00	13.10	2060.73
	4475.45	0.00	13.11	2055.76
	4475.46	0.00	13.11	2059.76
	4475.48	0.00	13.12	2060.75
	4475.49	0.00	13.12	2063.75
	4475.50	0.00	13.19	2092.67
	4475.51	0.00	13.22	2111.63
	4475.52	0.00	13.25	2126.63
	4475.54	0.00	13.26	2134.63
	4475.55	0.00	13.24	2127.62
	4475.56	0.00	13.26	2136.61
	4475.57	0.00	13.26	2140.61
	4475.58	0.00	13.30	2150.54
	4475.60	0.00	13.30	2154.57
	4475.61	0.00	13.29	2153.59
	4475.62	0.00	13.31	2171.58
	4475.63	0.00	13.31	2173.58
	4475.64	0.00	13.30	2176.60
	4475.65	0.00	13.30	2172.61
	4475.67	0.00	13.30	2174.62
	4475.68	0.00	13.30	2174.62
	4475.69	0.00	13.30	2171.61
	4475.70	0.00	13.28	2162.61
	4475.71	0.00	13.30	2172.61
	4475.72	0.00	13.34	2172.52
	4475.74	0.00	13.34	2173.51
	4475.75	0.00	13.34	2172.49
	4475.76	0.00	13.34	2171.49
	4475.77	0.00	13.35	2173.48
	4475.78	0.00	13.31	2179.56
	4475.79	0.00	13.10	2211.83
	4475.81	0.00	12.53	2348.25
	4475.82	0.00	11.91	2553.58
	4475.83	0.00	11.69	2629.77
	4475.84	0.00	11.70	2633.81
	4475.85	0.00	11.80	2607.79
	4475.87	0.00	11.78	2611.82
	4475.88	0.00	11.74	2643.87
	4475.89	0.00	11.75	2666.91
	4475.90	0.00	11.77	2673.94
	4475.91	0.00	11.77	2681.94
	4475.92	0.00	11.76	2679.01
	4475.94	0.00	11.82	2681.00
	4475.95	0.00	11.90	2664.97
	4475.96	0.00	11.99	2650.93
	4475.97	0.00	12.11	2637.88
	4475.98	0.00	12.23	2619.84
	4476.00	0.00	12.34	2623.78
	4476.01	0.00	12.51	2604.62
	4476.02	0.00	12.70	2551.54
	4476.03	0.00	12.83	2516.51
	4476.04	0.00	13.03	2469.44
	4476.06	0.00	13.18	2419.43
	4476.07	0.00	13.25	2398.44
	4476.08	0.00	13.34	2388.35
	4476.09	0.00	13.43	2378.20
	4476.10	0.00	13.51	2380.02
	4476.12	0.00	13.55	2388.95
	4476.13	0.00	13.59	2400.93
	4476.14	0.00	13.61	2402.87
	4476.15	0.00	13.63	2410.87
	4476.16	0.00	13.67	2432.85
	4476.17	0.00	13.70	2442.85
	4476.19	0.00	13.71	2444.87
	4476.20	0.00	13.74	2441.85
	4476.21	0.00	13.77	2451.83
	4476.22	0.00	13.80	2460.81
	4476.23	0.00	13.77	2423.87
	4476.25	0.00	13.77	2409.89
	4476.26	0.00	13.80	2410.81
	4476.27	0.00	13.90	2435.80
	4476.28	0.00	13.93	2440.78
	4476.29	0.00	14.06	2472.75
	4476.30	0.00	14.10	2474.74
	4476.32	0.00	14.11	2466.72
	4476.33	0.00	14.16	2461.68
	4476.34	0.00	14.17	2451.63
	4476.35	0.00	14.18	2433.56
	4476.36	0.00	14.18	2407.47
	4476.38	0.00	14.28	2372.16
	4476.39	0.00	14.37	2331.67
	4476.40	0.00	14.42	2287.41
	4476.41	0.00	14.36	2242.39
	4476.42	0.00	14.03	2188.89
	4476.43	0.00	13.68	2120.28
	4476.45	0.00	13.37	2058.51
	4476.46	0.00	13.10	1999.59
	4476.47	0.00	13.00	1985.72
	4476.48	0.00	12.95	1981.79
	4476.49	0.00	12.94	1983.81
	4476.50	0.00	13.00	2010.81
	4476.52	0.00	12.99	2006.81
	4476.53	0.00	13.02	2021.81
	4476.54	0.00	13.02	2022.81
	4476.55	0.00	13.02	2024.80
	4476.56	0.00	13.04	2025.77
	4476.58	0.00	13.05	2028.75
	4476.59	0.00	13.05	2032.76
	4476.60	0.00	13.06	2041.77
	4476.61	0.00	13.08	2046.76
	4476.62	0.00	13.08	2045.76
	4476.63	0.00	13.15	2091.71
	4476.65	0.00	13.16	2105.71
	4476.66	0.00	13.28	2115.44
	4476.67	0.00	13.29	2120.43
	4476.68	0.00	13.29	2119.43
	4476.69	0.00	13.28	2116.44
	4476.70	0.00	13.28	2121.45
	4476.72	0.00	13.25	2110.48
	4476.73	0.00	13.18	2104.64
	4476.74	0.00	13.15	2104.70
	4476.75	0.00	13.18	2102.69
	4476.77	0.00	13.18	2102.69
	4476.78	0.00	13.20	2102.63
	4476.79	0.00	13.17	2084.65
	4476.80	0.00	13.18	2094.65
	4476.81	0.00	13.18	2095.66
	4476.82	0.00	13.18	2095.67
	4476.83	0.00	13.17	2095.66
	4476.85	0.00	13.17	2095.66
	4476.86	0.00	13.17	2094.66
	4476.87	0.00	13.20	2107.65
	4476.88	0.00	13.20	2109.65
	4476.89	0.00	13.19	2103.66
	4476.91	0.00	13.19	2103.66
	4476.92	0.00	13.18	2100.65
	4476.93	0.00	13.18	2106.68
	4476.94	0.00	13.19	2110.67
	4476.95	0.00	13.19	2110.68
	4476.96	0.00	13.20	2111.67
	4476.98	0.00	13.20	2113.68
	4476.99	0.00	13.20	2117.67
	4477.00	0.00	13.20	2125.69
	4477.01	0.00	12.88	2170.13
	4477.02	0.00	12.28	2327.54
	4477.04	0.00	11.76	2492.88
	4477.05	0.00	11.75	2518.99
	4477.06	0.00	11.72	2546.98
	4477.07	0.00	11.74	2539.95
	4477.08	0.00	11.80	2548.92
	4477.09	0.00	11.84	2567.90
	4477.11	0.00	11.87	2576.92
	4477.12	0.00	11.94	2586.92
	4477.13	0.00	11.98	2598.91
	4477.14	0.00	12.03	2612.91
	4477.15	0.00	12.09	2618.91
	4477.17	0.00	12.15	2613.93
	4477.18	0.00	12.21	2605.92
	4477.19	0.00	12.29	2591.88
	4477.20	0.00	12.37	2567.86
	4477.21	0.00	12.45	2545.82
	4477.22	0.00	12.54	2520.80
	4477.24	0.00	12.60	2502.77
	4477.25	0.00	12.70	2475.75
	4477.26	0.00	12.80	2458.57
	4477.27	0.00	12.90	2426.56
	4477.29	0.00	12.97	2405.54
	4477.30	0.00	13.03	2389.50
	4477.31	0.00	13.04	2386.54
	4477.32	0.00	13.06	2350.57
	4477.33	0.00	13.11	2357.50
	4477.34	0.00	13.13	2352.47
	4477.36	0.00	13.14	2371.39
	4477.37	0.00	13.15	2365.38
	4477.38	0.00	13.16	2368.38
	4477.39	0.00	13.17	2371.35
	4477.40	0.00	13.18	2373.33
	4477.41	0.00	13.18	2375.32
	4477.43	0.00	13.29	2397.27
	4477.44	0.00	13.32	2408.26
	4477.45	0.00	13.33	2408.25
	4477.46	0.00	13.34	2410.24
	4477.47	0.00	13.36	2408.23
	4477.48	0.00	13.35	2404.23
	4477.50	0.00	13.36	2415.24
	4477.51	0.00	13.38	2419.24
	4477.52	0.00	13.39	2421.24
	4477.53	0.00	13.40	2421.23
	4477.54	0.00	13.39	2425.23
	4477.56	0.00	13.39	2421.24
	4477.57	0.00	13.39	2422.25
	4477.58	0.00	13.39	2412.21
	4477.59	0.00	13.40	2415.21
	4477.60	0.00	13.40	2417.23
	4477.62	0.00	13.38	2410.25
	4477.63	2111.78
	4483.91	0.00	13.22	2101.80
	4483.92	0.00	13.17	2082.85
	4483.93	0.00	13.17	2063.82
	4483.95	0.00	13.16	2064.84
	4483.96	0.00	13.16	2064.84
	4483.97	0.00	13.17	2065.84
	4483.98	0.00	13.17	2065.84
	4483.99	0.00	13.17	2065.84
	4484.00	0.00	13.16	2066.85
	4484.02	0.00	13.21	2114.81
	4484.03	0.00	13.20	2116.83
	4484.04	0.00	13.31	2132.59
	4484.05	0.00	13.21	2162.72
	4484.06	0.00	13.07	2197.95
	4484.08	0.00	12.81	2280.11
	4484.09	0.00	12.72	2359.25
	4484.10	0.00	12.58	2396.32
	4484.11	0.00	12.50	2418.36
	4484.12	0.00	12.46	2424.33
	4484.13	0.00	12.35	2425.57
	4484.15	0.00	12.34	2426.61
	4484.16	0.00	12.33	2433.64
	4484.17	0.00	12.31	2438.67
	4484.18	0.00	12.31	2437.63
	4484.19	0.00	12.29	2443.64
	4484.21	0.00	12.27	2448.66
	4484.22	0.00	12.25	2453.67
	4484.23	0.00	12.21	2463.68
	4484.24	0.00	12.20	2474.70
	4484.25	0.00	12.17	2485.72
	4484.27	0.00	12.14	2491.73
	4484.28	0.00	12.13	2504.77
	4484.29	0.00	12.12	2511.77
	4484.30	0.00	12.11	2516.78
	4484.31	0.00	12.10	2523.79
	4484.33	0.00	12.10	2526.75
	4484.34	0.00	12.10	2526.75
	4484.35	0.00	12.10	2524.75
	4484.36	0.00	12.10	2526.74
	4484.37	0.00	12.10	2523.75
	4484.38	0.00	12.09	2516.74
	4484.40	0.00	12.10	2515.73
	4484.41	0.00	12.11	2513.73
	4484.42	0.00	12.12	2511.72
	4484.43	0.00	12.12	2515.73
	4484.44	0.00	12.13	2514.73
	4484.46	0.00	12.13	2515.73
	4484.47	0.00	12.10	2511.77
	4484.48	0.00	12.12	2515.72
	4484.49	0.00	12.11	2523.79
	4484.50	0.00	12.12	2529.77
	4484.52	0.00	12.11	2532.79
	4484.53	0.00	12.10	2537.80
	4484.54	0.00	12.13	2537.68
	4484.55	0.00	12.14	2544.67
	4484.56	0.00	12.14	2551.68
	4484.58	0.00	12.15	2553.64
	4484.59	0.00	12.13	2552.69
	4484.60	0.00	12.07	2547.82
	4484.61	0.00	12.07	2546.83
	4484.62	0.00	12.07	2550.84
	4484.63	0.00	12.08	2548.80
	4484.64	0.00	12.08	2549.80
	4484.66	0.00	12.07	2548.81
	4484.67	0.00	12.07	2551.81
	4484.68	0.00	12.09	2559.78
	4484.69	0.00	12.08	2562.81
	4484.70	0.00	12.07	2570.81
	4484.72	0.00	12.07	2576.81
	4484.73	0.00	12.07	2576.81
	4484.74	0.00	12.06	2579.81
	4484.75	0.00	12.06	2582.82
	4484.76	0.00	12.06	2586.82
	4484.78	0.00	12.07	2584.76
	4484.79	0.00	12.07	2590.79
	4484.80	0.00	12.05	2587.79
	4484.81	0.00	12.04	2583.79
	4484.82	0.00	12.02	2572.79
	4484.84	0.00	12.03	2574.79
	4484.85	0.00	12.02	2594.78
	4484.86	0.00	12.03	2596.78
	4484.87	0.00	12.03	2599.79
	4484.88	0.00	12.05	2599.76
	4484.89	0.00	12.05	2599.78
	4484.91	0.00	12.04	2596.82
	4484.92	0.00	12.04	2591.83
	4484.93	0.00	12.06	2586.83
	4484.94	0.00	12.08	2581.79
	4484.95	0.00	12.08	2570.80
	4484.97	0.00	12.10	2553.80
	4484.98	0.00	12.13	2547.78
	4484.99	0.00	12.15	2514.74
	4485.00	0.00	12.26	2501.50
	4485.01	0.00	12.28	2485.51
	4485.02	0.00	12.29	2463.50
	4485.04	0.00	12.31	2450.49
	4485.05	0.00	12.28	2415.62
	4485.06	0.00	12.30	2396.60
	4485.07	0.00	12.37	2361.65
	4485.08	0.00	12.40	2352.65
	4485.10	0.00	12.48	2325.63
	4485.11	0.00	12.56	2300.60
	4485.12	0.00	12.72	2246.59
	4485.13	0.00	12.80	2186.51
	4485.14	0.00	12.87	2171.46
	4485.15	0.00	12.87	2166.47
	4485.17	0.00	12.91	2156.40
	4485.18	0.00	12.94	2139.34
	4485.19	0.00	12.98	2133.27
	4485.20	0.00	12.98	2124.22
	4485.21	0.00	13.03	2130.17
	4485.23	0.00	13.05	2127.11
	4485.24	0.00	13.07	2120.06
	4485.25	0.00	13.08	2117.05
	4485.26	0.00	13.08	2108.01
	4485.27	0.00	13.10	2113.01
	4485.29	0.00	13.10	2114.01
	4485.30	0.00	13.11	2116.00
	4485.31	0.00	13.10	2116.00
	4485.32	0.00	13.11	2115.98
	4485.33	0.00	13.14	2115.90
	4485.35	0.00	13.12	2115.95
	4485.36	0.00	13.12	2111.94
	4485.37	0.00	13.13	2113.93
	4485.38	0.00	13.14	2105.85
	4485.39	0.00	13.13	2111.90
	4485.40	0.00	13.13	2111.90
	4485.41	0.00	13.13	2113.90
	4485.43	0.00	13.12	2105.91
	4485.44	0.00	13.11	2100.91
	4485.45	0.00	13.12	2105.91
	4485.46	0.00	13.13	2105.90
	4485.47	0.00	13.13	2104.89
	4485.49	0.00	13.13	2099.86
	4485.50	0.00	13.13	2097.86
	4485.51	0.00	13.12	2094.85
	4485.52	0.00	13.12	2093.85
	4485.53	0.00	13.13	2098.85
	4485.54	0.00	13.14	2097.85
	4485.56	0.00	13.13	2096.85
	4485.57	0.00	13.13	2096.85
	4485.58	0.00	13.15	2100.84
	4485.59	0.00	13.11	2080.83
	4485.60	0.00	13.11	2082.83
	4485.62	0.00	13.11	2081.84
	4485.63	0.00	13.12	2084.83
	4485.64	0.00	13.12	2084.82
	4485.65	0.00	13.13	2083.81
	4485.66	0.00	13.12	2082.82
	4485.68	0.00	13.13	2082.81
	4485.69	0.00	13.12	2079.81
	4485.70	0.00	13.16	2086.74
	4485.71	0.00	13.05	2073.93
	4485.72	0.00	13.02	2079.00
	4485.73	0.00	13.04	2147.07
	4485.75	0.00	12.97	2166.21
	4485.76	0.00	12.92	2191.33
	4485.77	0.00	12.86	2222.42
	4485.78	0.00	12.82	2243.50
	4485.79	0.00	12.72	2267.57
	4485.81	0.00	12.63	2298.59
	4485.82	0.00	12.55	2322.62
	4485.83	0.00	12.46	2357.65
	4485.84	0.00	12.40	2386.71
	4485.85	0.00	12.38	2415.73
	4485.87	0.00	12.34	2435.74
	4485.88	0.00	12.30	2447.77
	4485.89	0.00	12.24	2461.82
	4485.90	0.00	12.19	2481.83
	4485.91	0.00	12.20	2492.70
	4485.92	0.00	12.20	2507.60
	4485.94	0.00	12.16	2515.64
	4485.95	0.00	12.15	2522.65
	4485.96	0.00	12.07	2512.81
	4485.97	0.00	12.06	2512.86
	4485.98	0.00	12.11	2514.85
	4486.00	0.00	12.12	2505.85
	4486.01	0.00	12.13	2486.79
	4486.02	0.00	12.15	2489.79
	4486.03	0.00	12.18	2487.78
	4486.04	0.00	12.19	2483.77
	4486.06	0.00	12.21	2482.75
	4486.07	0.00	12.23	2488.76
	4486.08	0.00	12.22	2489.76
	4486.09	0.00	12.21	2484.77
	4486.10	0.00	12.22	2494.76
	4486.12	0.00	12.22	2495.76
	4486.13	0.00	12.22	2502.76
	4486.14	0.00	12.22	2506.77
	4486.15	0.00	12.20	2515.72
	4486.16	0.00	12.20	2524.72
	4486.17	0.00	12.19	2532.72
	4486.18	0.00	12.20	2540.68
	4486.20	0.00	12.16	2538.71
	4486.21	0.00	12.16	2546.72
	4486.22	0.00	12.15	2551.72
	4486.23	0.00	12.16	2562.69
	4486.25	0.00	12.14	2568.72
	4486.26	0.00	12.13	2577.72
	4486.27	0.00	12.13	2586.73
	4486.28	0.00	12.11	2586.76
	4486.29	0.00	12.10	2593.77
	4486.30	0.00	12.09	2597.79
	4486.32	0.00	12.08	2601.80
	4486.33	0.00	12.08	2603.77
	4486.34	0.00	12.07	2606.79
	4486.35	0.00	12.05	2610.80
	4486.36	0.00	12.04	2614.80
	4486.38	0.00	12.06	2614.65
	4486.39	0.00	12.04	2613.66
	4486.40	0.00	12.01	2606.69
	4486.41	0.00	11.99	2611.74
	4486.42	0.00	11.95	2608.83
	4486.43	0.00	11.93	2607.84
	4486.45	0.00	11.94	2615.84
	4486.46	0.00	11.95	2616.79
	4486.47	0.00	11.92	2603.81
	4486.48	0.00	11.93	2608.82
	4486.50	0.00	11.93	2605.81
	4486.51	0.00	11.95	2608.77
	4486.52	0.00	11.98	2612.71
	4486.53	0.00	11.96	2605.78
	4486.54	0.00	11.95	2601.78
	4486.55	0.00	11.96	2595.77
	4486.56	0.00	11.97	2591.75
	4486.58	0.00	11.99	2585.73
	4486.59	0.00	12.00	2578.73
	4486.60	0.00	12.01	2571.72
	4486.61	0.00	12.03	2562.68
	4486.62	0.00	12.05	2551.68
	4486.64	0.00	12.05	2543.68
	4486.65	0.00	12.08	2529.67
	4486.66	0.00	12.11	2520.65
	4486.67	0.00	12.13	2507.64
	4486.68	0.00	12.14	2478.63
	4486.70	0.00	12.19	2457.61
	4486.71	0.00	12.25	2433.59
	4486.72	0.00	12.31	2415.58
	4486.73	0.00	12.36	2395.54
	4486.74	0.00	12.44	2368.52
	4486.75	0.00	12.53	2339.51
	4486.77	0.00	12.64	2308.46
	4486.78	0.00	12.81	2252.44
	4486.79	0.00	12.91	2221.40
	4486.80	0.00	12.99	2199.32
	4486.81	0.00	13.03	2187.24
	4486.83	0.00	13.07	2176.15
	4486.84	0.00	13.08	2171.10
	4486.85	0.00	13.11	2165.04
	4486.86	0.00	13.12	2158.00
	4486.87	0.00	13.13	2152.97
	4486.88	0.00	13.13	2151.96
	4486.90	0.00	13.14	2146.94
	4486.91	0.00	13.14	2143.89
	4486.92	0.00	13.12	2138.93
	4486.93	0.00	13.12	2138.94
	4486.94	0.00	13.12	2140.94
	4486.96	0.00	13.13	2137.94
	4486.97	0.00	13.13	2139.93
	4486.98	0.00	13.15	2141.87
	4486.99	0.00	13.14	2139.92
	4487.00	0.00	13.14	2142.92
	4487.02	0.00	13.14	2141.92
	4487.03	0.00	13.14	2141.93
	4487.04	0.00	13.14	2142.92
	4487.05	0.00	13.15	2138.90
	4487.06	0.00	13.17	2139.86
	4487.07	0.00	13.15	2138.87
	4487.09	0.00	13.16	2134.86
	4487.10	0.00	13.16	2134.87
	4487.11	0.00	13.13	2125.91
	4487.12	0.00	13.15	2131.89
	4487.13	0.00	13.15	2136.91
	4487.14	0.00	13.15	2140.92
	4487.16	0.00	13.16	2153.92
	4487.17	0.00	13.14	2157.95
	4487.18	0.00	13.14	2163.97
	4487.19	0.00	13.13	2170.00
	4487.20	0.00	13.13	2173.01
	4487.22	0.00	13.11	2172.04
	4487.23	0.00	13.23	2179.76
	4487.24	0.00	13.23	2186.76
	4487.25	0.00	13.22	2194.80
	4487.26	0.00	13.23	2204.82
	4487.27	0.00	13.23	2208.83
	4487.29	0.00	13.21	2211.86
	4487.30	0.00	13.19	2201.88
	4487.31	0.00	13.19	2214.92
	4487.32	0.00	13.18	2222.95
	4487.33	0.00	13.12	2208.02
	4487.35	0.00	13.04	2218.17
	4487.36	0.00	13.00	2221.26
	4487.37	0.00	12.98	2223.31
	4487.38	0.00	12.96	2224.35
	4487.39	0.00	12.94	2225.36
	4487.40	0.00	12.93	2232.39
	4487.42	0.00	12.94	2239.35
	4487.43	0.00	12.87	2226.39
	4487.44	0.00	12.85	2221.43
	4487.45	0.00	12.84	2228.45
	4487.46	0.00	12.83	2233.49
	4487.48	0.00	12.83	2247.50
	4487.49	0.00	12.82	2251.52
	4487.50	0.00	12.82	2252.53
	4487.51	0.00	12.81	2257.56
	4487.52	0.00	12.81	2262.53
	4487.54	0.00	12.82	2273.53
	4487.55	0.00	12.81	2280.54
	4487.56	0.00	12.80	2281.55
	4487.57	0.00	12.79	2289.55
	4487.58	0.00	12.77	2299.55
	4487.60	0.00	12.72	2315.56
	4487.61	0.00	12.69	2323.53
	4487.62	0.00	12.69	2331.54
	4487.63	0.00	12.67	2337.54
	4487.64	0.00	12.69	2342.48
	4487.65	0.00	12.66	2343.55
	4487.66	0.00	12.65	2350.56
	4487.68	0.00	12.63	2351.52
	4487.69	0.00	12.60	2357.55
	4487.70	0.00	12.59	2366.55
	4487.71	0.00	12.58	2367.55
	4487.72	0.00	12.56	2376.57
	4487.74	0.00	12.51	2392.57
	4487.75	0.00	12.49	2401.58
	4487.76	0.00	12.45	2391.58
	4487.77	0.00	12.44	2394.59
	4487.78	0.00	12.43	2400.59
	4487.79	0.00	12.43	2404.59
	4487.81	0.00	12.42	2407.59
	4487.82	0.00	12.41	2412.59
	4487.83	0.00	12.41	2418.60
	4487.84	0.00	12.41	2422.60
	4487.85	0.00	12.39	2431.60
	4487.87	0.00	12.38	2433.60
	4487.88	0.00	12.41	2435.52
	4487.89	0.00	12.38	2437.60
	4487.90	0.00	12.37	2438.62
	4487.91	0.00	12.35	2438.65
	4487.93	0.00	12.35	2438.66
	4487.94	0.00	12.35	2439.66
	4487.95	0.00	12.34	2442.67
	4487.96	0.00	12.34	2443.67
	4487.97	0.00	12.33	2444.69
	4487.98	0.00	12.35	2446.63
	4488.00	0.00	12.34	2447.65
	4488.01	0.00	12.34	2447.66
	4488.02	0.00	12.35	2452.66
	4488.03	0.00	12.35	2452.66
	4488.04	0.00	12.35	2453.66
	4488.06	0.00	12.35	2454.66
	4488.07	0.00	12.44	2456.36
	4488.08	0.00	12.44	2459.38
	4488.09	0.00	12.42	2451.40
	4488.10	0.00	12.41	2451.41
	4488.12	0.00	12.41	2452.41
	4488.13	0.00	12.35	2440.54
	4488.14	0.00	12.33	2437.60
	4488.15	0.00	12.31	2439.65
	4488.16	0.00	12.33	2438.66
	4488.17	0.00	12.33	2441.66
	4488.19	0.00	12.33	2442.67
	4488.20	0.00	12.31	2433.64
	4488.21	0.00	12.33	2442.63
	4488.22	0.00	12.34	2439.63
	4488.23	0.00	12.34	2444.64
	4488.25	0.00	12.33	2446.64
	4488.26	0.00	12.36	2457.60
	4488.27	0.00	12.36	2463.62
	4488.28	0.00	12.36	2464.63
	4488.29	0.00	12.35	2468.63
	4488.31	0.00	12.35	2470.64
	4488.32	0.00	12.34	2472.64
	4488.33	0.00	12.35	2468.60
	4488.34	0.00	12.35	247