62.13
	3948.58	0.00	12.49	1871.16
	3948.59	0.00	12.49	1872.16
	3948.60	0.00	12.49	1872.17
	3948.61	0.00	12.49	1872.17
	3948.62	0.00	12.49	1873.17
	3948.64	0.00	12.50	1868.13
	3948.65	0.00	12.50	1868.12
	3948.66	0.00	12.50	1870.13
	3948.67	0.00	12.50	1869.12
	3948.68	0.00	12.50	1870.12
	3948.70	0.00	12.50	1870.12
	3948.71	0.00	12.50	1867.12
	3948.72	0.00	12.51	1870.12
	3948.73	0.00	12.51	1871.12
	3948.74	0.00	12.48	1858.12
	3948.75	0.00	12.48	1860.12
	3948.77	0.00	12.47	1858.13
	3948.78	0.00	12.48	1858.11
	3948.79	0.00	12.48	1859.12
	3948.80	0.00	12.48	1859.12
	3948.81	0.00	12.49	1860.12
	3948.83	0.00	12.48	1860.13
	3948.84	0.00	12.49	1858.12
	3948.85	0.00	12.49	1862.11
	3948.86	0.00	12.50	1861.11
	3948.87	0.00	12.49	1860.13
	3948.89	0.00	12.50	1863.11
	3948.90	0.00	12.51	1862.11
	3948.91	0.00	12.52	1862.07
	3948.92	0.00	12.49	1861.14
	3948.93	0.00	12.49	1860.15
	3948.94	0.00	12.47	1856.16
	3948.96	0.00	12.48	1859.16
	3948.97	0.00	12.48	1860.17
	3948.98	0.00	12.48	1860.17
	3948.99	0.00	12.48	1859.18
	3949.00	0.00	12.50	1859.13
	3949.01	0.00	12.50	1860.15
	3949.03	0.00	12.49	1860.16
	3949.04	0.00	12.49	1860.17
	3949.05	0.00	12.49	1858.16
	3949.06	0.00	12.49	1860.17
	3949.07	0.00	12.57	1853.92
	3949.09	0.00	12.63	1863.82
	3949.10	0.00	12.62	1864.84
	3949.11	0.00	12.61	1856.86
	3949.12	0.00	12.60	1853.87
	3949.13	0.00	12.57	1840.86
	3949.14	0.00	12.52	1839.96
	3949.16	0.00	12.49	1842.06
	3949.17	0.00	12.48	1837.12
	3949.18	0.00	12.48	1840.13
	3949.19	0.00	12.48	1843.15
	3949.20	0.00	12.42	1818.12
	3949.22	0.00	12.42	1821.13
	3949.23	0.00	12.43	1824.14
	3949.24	0.00	12.44	1835.15
	3949.25	0.00	12.44	1839.17
	3949.26	0.00	12.44	1840.18
	3949.27	0.00	12.43	1845.19
	3949.29	0.00	12.42	1847.19
	3949.30	0.00	12.45	1851.14
	3949.31	0.00	12.45	1860.17
	3949.32	0.00	12.46	1862.17
	3949.33	0.00	12.47	1861.16
	3949.34	0.00	12.47	1858.16
	3949.36	0.00	12.49	1862.15
	3949.37	0.00	12.49	1859.14
	3949.38	0.00	12.50	1854.10
	3949.39	0.00	12.51	1859.12
	3949.40	0.00	12.53	1863.12
	3949.42	0.00	12.54	1863.11
	3949.43	0.00	12.55	1864.11
	3949.44	0.00	12.55	1868.12
	3949.45	0.00	12.54	1868.13
	3949.46	0.00	12.54	1870.13
	3949.47	0.00	12.54	1874.13
	3949.49	0.00	12.54	1868.09
	3949.50	0.00	12.54	1872.09
	3949.51	0.00	12.53	1872.10
	3949.52	0.00	12.54	1874.10
	3949.53	0.00	12.53	1876.10
	3949.55	0.00	12.53	1874.11
	3949.56	0.00	12.52	1875.13
	3949.57	0.00	12.53	1880.11
	3949.58	0.00	12.50	1871.12
	3949.59	0.00	12.49	1867.12
	3949.60	0.00	12.49	1870.12
	3949.62	0.00	12.49	1872.13
	3949.63	0.00	12.50	1875.12
	3949.64	0.00	12.51	1876.12
	3949.65	0.00	12.51	1878.12
	3949.66	0.00	12.51	1879.12
	3949.68	0.00	12.52	1883.12
	3949.69	0.00	12.53	1887.12
	3949.70	0.00	12.54	1892.12
	3949.71	0.00	12.54	1894.12
	3949.72	0.00	12.54	1895.13
	3949.73	0.00	12.56	1900.11
	3949.75	0.00	12.57	1901.09
	3949.76	0.00	12.55	1899.15
	3949.77	0.00	12.54	1903.17
	3949.78	0.00	12.54	1904.18
	3949.79	0.00	12.54	1905.18
	3949.80	0.00	12.55	1911.19
	3949.82	0.00	12.55	1913.19
	3949.83	0.00	12.55	1912.19
	3949.84	0.00	12.58	1912.15
	3949.85	0.00	12.58	1916.17
	3949.86	0.00	12.57	1910.17
	3949.88	0.00	12.57	1909.17
	3949.89	0.00	12.71	1908.83
	3949.90	0.00	12.72	1907.81
	3949.91	0.00	12.72	1905.82
	3949.92	0.00	12.72	1892.83
	3949.93	0.00	12.73	1891.81
	3949.95	0.00	12.74	1880.78
	3949.96	0.00	12.68	1866.92
	3949.97	0.00	12.68	1860.96
	3949.98	0.00	12.70	1854.94
	3950.00	0.00	12.72	1850.91
	3950.01	0.00	12.78	1839.89
	3950.02	0.00	12.80	1837.84
	3950.03	0.00	12.84	1834.76
	3950.04	0.00	12.85	1802.64
	3950.05	0.00	12.84	1799.63
	3950.06	0.00	12.87	1802.59
	3950.08	0.00	13.04	1826.53
	3950.09	0.00	13.07	1823.47
	3950.10	0.00	13.08	1825.48
	3950.11	0.00	13.10	1820.47
	3950.12	0.00	13.09	1813.45
	3950.14	0.00	13.10	1813.43
	3950.15	0.00	13.08	1807.42
	3950.16	0.00	13.07	1796.38
	3950.17	0.00	13.08	1808.40
	3950.18	0.00	13.06	1807.40
	3950.19	0.00	13.06	1808.40
	3950.21	0.00	13.05	1804.40
	3950.22	0.00	13.07	1805.36
	3950.23	0.00	13.05	1798.36
	3950.24	0.00	13.02	1793.38
	3950.25	0.00	13.03	1795.37
	3950.26	0.00	13.01	1791.39
	3950.28	0.00	12.99	1778.36
	3950.29	0.00	12.98	1783.40
	3950.30	0.00	12.97	1781.40
	3950.31	0.00	12.84	1754.37
	3950.32	0.00	12.96	1776.38
	3950.34	0.00	12.93	1767.38
	3950.35	0.00	12.82	1747.38
	3950.36	0.00	12.93	1767.39
	3950.37	0.00	12.94	1769.38
	3950.38	0.00	12.94	1768.37
	3950.39	0.00	12.95	1768.37
	3950.41	0.00	12.96	1772.37
	3950.42	0.00	12.95	1772.38
	3950.43	0.00	12.98	1779.37
	3950.44	0.00	13.00	1782.33
	3950.45	0.00	13.02	1785.31
	3950.46	0.00	13.03	1790.31
	3950.48	0.00	13.03	1791.32
	3950.49	0.00	13.03	1791.31
	3950.50	0.00	12.92	1773.31
	3950.51	0.00	13.05	1796.30
	3950.52	0.00	13.05	1797.30
	3950.53	0.00	13.05	1798.31
	3950.55	0.00	13.06	1798.30
	3950.56	0.00	13.06	1797.29
	3950.57	0.00	12.95	1779.29
	3950.58	0.00	12.95	1777.29
	3950.59	0.00	12.95	1777.29
	3950.61	0.00	12.95	1779.29
	3950.62	0.00	12.95	1780.29
	3950.63	0.00	12.93	1769.28
	3950.64	0.00	12.93	1768.28
	3950.65	0.00	12.93	1769.29
	3950.66	0.00	12.94	1772.28
	3950.68	0.00	12.93	1769.28
	3950.69	0.00	12.94	1769.28
	3950.70	0.00	12.93	1768.28
	3950.71	0.00	12.93	1769.30
	3950.72	0.00	12.94	1772.28
	3950.73	0.00	12.94	1769.28
	3950.75	0.00	12.94	1768.28
	3950.76	0.00	12.92	1762.28
	3950.77	0.00	12.92	1764.29
	3950.78	0.00	12.93	1765.28
	3950.79	0.00	12.93	1767.28
	3950.81	0.00	12.94	1768.27
	3950.82	0.00	12.94	1767.28
	3950.83	0.00	12.94	1768.27
	3950.84	0.00	12.95	1768.27
	3950.85	0.00	12.95	1768.27
	3950.86	0.00	12.95	1768.27
	3950.88	0.00	12.96	1769.24
	3950.89	0.00	12.97	1771.23
	3950.90	0.00	12.95	1769.27
	3950.91	0.00	12.93	1768.30
	3950.92	0.00	12.92	1768.32
	3950.93	0.00	12.92	1769.34
	3950.95	0.00	12.91	1762.32
	3950.96	0.00	12.92	1769.33
	3950.97	0.00	12.92	1769.34
	3950.98	0.00	12.92	1770.34
	3950.99	0.00	12.91	1769.36
	3951.00	0.00	12.91	1771.36
	3951.02	0.00	12.93	1770.32
	3951.03	0.00	12.93	1772.32
	3951.04	0.00	12.93	1773.34
	3951.05	0.00	12.92	1775.34
	3951.06	0.00	12.93	1775.34
	3951.08	0.00	12.93	1776.34
	3951.09	0.00	12.92	1774.34
	3951.10	0.00	12.93	1777.35
	3951.11	0.00	12.91	1776.36
	3951.12	0.00	13.05	1776.05
	3951.13	0.00	13.08	1779.00
	3951.15	0.00	13.09	1781.99
	3951.16	0.00	13.07	1780.02
	3951.17	0.00	13.08	1784.02
	3951.18	0.00	13.07	1781.03
	3951.19	0.00	13.06	1776.05
	3951.21	0.00	13.06	1779.05
	3951.22	0.00	13.06	1780.06
	3951.23	0.00	12.97	1761.15
	3951.24	0.00	12.95	1760.19
	3951.25	0.00	12.91	1759.27
	3951.26	0.00	12.90	1755.28
	3951.28	0.00	12.87	1756.33
	3951.29	0.00	12.88	1747.35
	3951.30	0.00	12.87	1747.37
	3951.31	0.00	12.87	1750.38
	3951.32	0.00	12.85	1735.33
	3951.33	0.00	12.80	1721.36
	3951.35	0.00	12.81	1730.39
	3951.36	0.00	12.80	1739.41
	3951.37	0.00	12.76	1740.48
	3951.38	0.00	12.74	1745.52
	3951.39	0.00	12.73	1748.54
	3951.41	0.00	12.72	1753.56
	3951.42	0.00	12.70	1754.56
	3951.43	0.00	12.74	1757.51
	3951.44	0.00	12.75	1765.52
	3951.45	0.00	12.76	1762.50
	3951.46	0.00	12.77	1761.50
	3951.48	0.00	12.75	1765.53
	3951.49	0.00	12.75	1760.52
	3951.50	0.00	12.76	1763.52
	3951.51	0.00	12.75	1765.53
	3951.52	0.00	12.74	1765.56
	3951.54	0.00	12.73	1760.55
	3951.55	0.00	12.73	1766.56
	3951.56	0.00	12.72	1766.57
	3951.57	0.00	12.69	1756.56
	3951.58	0.00	12.69	1763.58
	3951.59	0.00	12.68	1765.60
	3951.61	0.00	12.68	1765.61
	3951.62	0.00	12.67	1770.66
	3951.63	0.00	12.67	1770.67
	3951.64	0.00	12.67	1768.68
	3951.65	0.00	12.67	1769.69
	3951.66	0.00	12.66	1772.70
	3951.68	0.00	12.66	1773.71
	3951.69	0.00	12.67	1775.71
	3951.70	0.00	12.67	1770.66
	3951.71	0.00	12.68	1776.68
	3951.72	0.00	12.68	1774.67
	3951.73	0.00	12.68	1776.67
	3951.75	0.00	12.68	1776.68
	3951.76	0.00	12.69	1780.68
	3951.77	0.00	12.70	1784.67
	3951.78	0.00	12.70	1780.67
	3951.79	0.00	12.69	1780.68
	3951.81	0.00	12.70	1779.66
	3951.82	0.00	12.70	1783.67
	3951.83	0.00	12.67	1776.68
	3951.84	0.00	12.68	1776.68
	3951.85	0.00	12.68	1772.67
	3951.86	0.00	12.63	1761.69
	3951.88	0.00	12.63	1757.69
	3951.89	0.00	12.62	1754.70
	3951.90	0.00	12.59	1749.73
	3951.91	0.00	12.57	1740.74
	3951.92	0.00	12.56	1736.75
	3951.94	0.00	12.52	1719.78
	3951.95	0.00	12.50	1712.79
	3951.96	0.00	12.49	1712.80
	3951.97	0.00	12.48	1709.80
	3951.98	0.00	12.48	1707.80
	3951.99	0.00	12.45	1699.81
	3952.01	0.00	12.43	1691.83
	3952.02	0.00	12.43	1694.84
	3952.03	0.00	12.43	1695.85
	3952.04	0.00	12.41	1694.87
	3952.05	0.00	12.39	1683.86
	3952.06	0.00	12.40	1693.86
	3952.08	0.00	12.39	1691.87
	3952.09	0.00	12.36	1687.89
	3952.10	0.00	12.09	1595.90
	3952.11	0.00	12.09	1587.86
	3952.12	0.00	12.05	1583.91
	3952.14	0.00	12.05	1580.89
	3952.15	0.00	12.01	1575.94
	3952.16	0.00	12.00	1576.96
	3952.17	0.00	12.00	1575.97
	3952.18	0.00	11.99	1577.99
	3952.19	0.00	11.99	1574.99
	3952.21	0.00	12.01	1579.99
	3952.22	0.00	12.04	1592.99
	3952.23	0.00	12.08	1608.97
	3952.24	0.00	12.09	1615.01
	3952.25	0.00	12.15	1635.97
	3952.26	0.00	12.15	1634.97
	3952.28	0.00	12.16	1638.97
	3952.29	0.00	12.20	1645.93
	3952.30	0.00	12.22	1652.92
	3952.31	0.00	12.23	1655.91
	3952.32	0.00	12.24	1660.92
	3952.33	0.00	12.27	1672.90
	3952.35	0.00	12.31	1687.89
	3952.36	0.00	12.31	1687.90
	3952.37	0.00	12.32	1689.89
	3952.38	0.00	12.33	1695.89
	3952.39	0.00	12.34	1702.89
	3952.41	0.00	12.59	1799.90
	3952.42	0.00	12.60	1800.90
	3952.43	0.00	12.73	1801.57
	3952.44	0.00	12.76	1806.53
	3952.45	0.00	12.75	1807.54
	3952.46	0.00	12.75	1807.55
	3952.48	0.00	12.74	1798.56
	3952.49	0.00	12.74	1796.55
	3952.50	0.00	12.73	1794.56
	3952.51	0.00	12.74	1794.55
	3952.52	0.00	12.74	1793.55
	3952.53	0.00	12.73	1794.56
	3952.55	0.00	12.72	1788.56
	3952.56	0.00	12.65	1774.65
	3952.57	0.00	12.65	1774.64
	3952.58	0.00	12.65	1774.64
	3952.59	0.00	12.62	1778.73
	3952.61	0.00	12.58	1776.80
	3952.62	0.00	12.57	1778.83
	3952.63	0.00	12.60	1772.84
	3952.64	0.00	12.60	1775.85
	3952.65	0.00	12.60	1778.86
	3952.66	0.00	12.59	1776.86
	3952.68	0.00	12.59	1768.81
	3952.69	0.00	12.58	1768.83
	3952.70	0.00	12.56	1759.83
	3952.71	0.00	12.58	1773.86
	3952.72	0.00	12.60	1778.86
	3952.74	0.00	12.58	1779.88
	3952.75	0.00	12.56	1783.89
	3952.76	0.00	12.55	1784.89
	3952.77	0.00	12.53	1776.87
	3952.78	0.00	12.58	1798.87
	3952.79	0.00	12.57	1796.88
	3952.81	0.00	12.56	1796.88
	3952.82	0.00	12.55	1794.90
	3952.83	0.00	12.55	1794.89
	3952.84	0.00	12.55	1793.89
	3952.85	0.00	12.54	1792.90
	3952.86	0.00	12.54	1790.87
	3952.88	0.00	12.53	1790.91
	3952.89	0.00	12.52	1787.91
	3952.90	0.00	12.52	1783.88
	3952.91	0.00	12.51	1786.91
	3952.92	0.00	12.49	1776.90
	3952.93	0.00	12.52	1785.90
	3952.95	0.00	12.53	1785.90
	3952.96	0.00	12.52	1784.91
	3952.97	0.00	12.53	1785.90
	3952.98	0.00	12.52	1782.90
	3953.00	0.00	12.52	1782.90
	3953.01	0.00	12.53	1777.84
	3953.02	0.00	12.53	1777.85
	3953.03	0.00	12.53	1775.84
	3953.04	0.00	12.53	1770.85
	3953.05	0.00	12.51	1766.86
	3953.06	0.00	12.52	1765.85
	3953.08	0.00	12.52	1762.85
	3953.09	0.00	12.52	1763.84
	3953.10	0.00	12.52	1763.85
	3953.11	0.00	12.52	1764.84
	3953.12	0.00	12.50	1754.83
	3953.14	0.00	12.51	1755.83
	3953.15	0.00	12.53	1761.82
	3953.16	0.00	12.54	1764.82
	3953.17	0.00	12.55	1765.81
	3953.18	0.00	12.55	1766.80
	3953.19	0.00	12.55	1765.81
	3953.21	0.00	12.56	1764.80
	3953.22	0.00	12.56	1765.80
	3953.23	0.00	12.57	1767.80
	3953.24	0.00	12.57	1765.79
	3953.25	0.00	12.58	1766.79
	3953.26	0.00	12.57	1764.79
	3953.28	0.00	12.56	1757.79
	3953.29	0.00	12.57	1759.78
	3953.30	0.00	12.58	1762.78
	3953.31	0.00	12.59	1764.77
	3953.32	0.00	12.62	1768.71
	3953.34	0.00	12.62	1775.76
	3953.35	0.00	12.63	1780.75
	3953.36	0.00	12.64	1782.75
	3953.37	0.00	12.64	1784.76
	3953.38	0.00	12.67	1789.74
	3953.39	0.00	12.67	1793.76
	3953.41	0.00	12.67	1794.78
	3953.42	0.00	12.66	1797.81
	3953.43	0.00	12.66	1795.81
	3953.44	0.00	12.66	1795.80
	3953.45	0.00	12.67	1794.78
	3953.47	0.00	12.66	1793.80
	3953.48	0.00	12.67	1799.81
	3953.49	0.00	12.67	1799.81
	3953.50	0.00	12.70	1798.73
	3953.51	0.00	12.69	1800.76
	3953.52	0.00	12.68	1802.78
	3953.54	0.00	12.68	1800.79
	3953.55	0.00	12.67	1795.80
	3953.56	0.00	12.68	1797.78
	3953.57	0.00	12.67	1797.79
	3953.58	0.00	12.65	1795.80
	3953.59	0.00	12.64	1794.81
	3953.61	0.00	12.79	1793.46
	3953.62	0.00	12.80	1792.43
	3953.63	0.00	12.80	1793.43
	3953.64	0.00	12.81	1793.42
	3953.65	0.00	12.80	1793.44
	3953.67	0.00	12.80	1793.45
	3953.68	0.00	12.78	377.67
	3975.02	0.00	12.82	1863.67
	3975.03	0.00	12.82	1866.67
	3975.04	0.00	12.82	1865.67
	3975.05	0.00	12.82	1866.68
	3975.06	0.00	12.83	1868.67
	3975.08	0.00	12.82	1863.67
	3975.09	0.00	12.81	1862.67
	3975.10	0.00	12.83	1867.66
	3975.11	0.00	12.84	1871.67
	3975.12	0.00	12.84	1871.67
	3975.14	0.00	12.85	1873.67
	3975.15	0.00	12.84	1873.69
	3975.16	0.00	12.82	1872.72
	3975.17	0.00	12.82	1873.73
	3975.18	0.00	12.82	1873.74
	3975.19	0.00	12.82	1872.74
	3975.21	0.00	12.84	1884.75
	3975.22	0.00	12.83	1874.72
	3975.23	0.00	12.83	1875.71
	3975.24	0.00	12.85	1877.67
	3975.25	0.00	12.83	1878.73
	3975.27	0.00	12.81	1877.79
	3975.28	0.00	12.81	1876.77
	3975.29	0.00	12.81	1878.77
	3975.30	0.00	12.95	1880.43
	3975.31	0.00	12.96	1883.43
	3975.32	0.00	12.95	1883.45
	3975.34	0.00	12.94	1874.46
	3975.35	0.00	12.94	1873.47
	3975.36	0.00	12.94	1871.46
	3975.37	0.00	12.94	1866.41
	3975.38	0.00	12.87	1860.55
	3975.40	0.00	12.82	1861.66
	3975.41	0.00	12.86	1863.68
	3975.42	0.00	12.84	1860.69
	3975.43	0.00	12.79	1835.67
	3975.44	0.00	12.80	1844.70
	3975.45	0.00	12.79	1843.71
	3975.47	0.00	12.81	1848.71
	3975.48	0.00	12.82	1852.71
	3975.49	0.00	12.82	1859.69
	3975.50	0.00	12.81	1852.68
	3975.51	0.00	12.83	1870.70
	3975.52	0.00	12.84	1873.70
	3975.54	0.00	12.82	1872.73
	3975.55	0.00	12.80	1861.72
	3975.56	0.00	12.83	1868.68
	3975.57	0.00	12.84	1877.71
	3975.58	0.00	12.84	1878.71
	3975.60	0.00	12.84	1877.71
	3975.61	0.00	12.84	1876.72
	3975.62	0.00	12.84	1878.72
	3975.63	0.00	12.84	1879.72
	3975.64	0.00	12.84	1874.68
	3975.65	0.00	12.85	1876.67
	3975.67	0.00	12.86	1880.67
	3975.68	0.00	12.85	1876.67
	3975.69	0.00	12.85	1875.67
	3975.70	0.00	12.84	1873.67
	3975.71	0.00	12.82	1862.67
	3975.73	0.00	12.83	1868.67
	3975.74	0.00	12.82	1866.68
	3975.75	0.00	12.82	1864.68
	3975.76	0.00	12.82	1867.68
	3975.77	0.00	12.82	1869.68
	3975.78	0.00	12.82	1869.69
	3975.80	0.00	12.79	1860.69
	3975.81	0.00	12.82	1869.69
	3975.82	0.00	12.83	1872.69
	3975.83	0.00	12.82	1873.70
	3975.84	0.00	12.83	1868.65
	3975.86	0.00	12.81	1873.72
	3975.87	0.00	12.81	1876.74
	3975.88	0.00	12.81	1877.75
	3975.89	0.00	12.80	1877.77
	3975.90	0.00	12.80	1878.78
	3975.91	0.00	12.79	1879.79
	3975.93	0.00	12.80	1878.76
	3975.94	0.00	12.80	1878.76
	3975.95	0.00	12.80	1883.76
	3975.96	0.00	12.80	1884.77
	3975.97	0.00	12.80	1882.78
	3975.99	0.00	12.79	1884.80
	3976.00	0.00	12.79	1884.79
	3976.01	0.00	12.92	1881.45
	3976.02	0.00	12.92	1884.47
	3976.03	0.00	12.91	1881.49
	3976.04	0.00	12.91	1876.49
	3976.06	0.00	12.90	1876.50
	3976.07	0.00	12.90	1875.50
	3976.08	0.00	12.86	1862.50
	3976.09	0.00	12.80	1863.65
	3976.10	0.00	12.79	1857.71
	3976.12	0.00	12.79	1857.73
	3976.13	0.00	12.80	1859.71
	3976.14	0.00	12.74	1838.74
	3976.15	0.00	12.76	1847.75
	3976.16	0.00	12.76	1846.76
	3976.17	0.00	12.78	1848.74
	3976.19	0.00	12.75	1852.76
	3976.20	0.00	12.75	1852.74
	3976.21	0.00	12.78	1859.73
	3976.22	0.00	12.78	1866.75
	3976.23	0.00	12.78	1865.76
	3976.25	0.00	12.77	1868.76
	3976.26	0.00	12.78	1870.76
	3976.27	0.00	12.77	1868.76
	3976.28	0.00	12.78	1866.73
	3976.29	0.00	12.76	1867.76
	3976.30	0.00	12.79	1876.76
	3976.32	0.00	12.78	1873.77
	3976.33	0.00	12.78	1875.78
	3976.34	0.00	12.78	1869.73
	3976.35	0.00	12.80	1874.72
	3976.36	0.00	12.80	1872.72
	3976.37	0.00	12.82	1870.66
	3976.39	0.00	12.80	1872.71
	3976.40	0.00	12.81	1874.71
	3976.41	0.00	12.77	1859.71
	3976.42	0.00	12.77	1861.72
	3976.43	0.00	12.78	1863.71
	3976.44	0.00	12.78	1862.71
	3976.46	0.00	12.78	1859.71
	3976.47	0.00	12.78	1859.71
	3976.48	0.00	12.78	1859.70
	3976.49	0.00	12.78	1859.71
	3976.50	0.00	12.79	1864.71
	3976.52	0.00	12.79	1864.71
	3976.53	0.00	12.79	1865.71
	3976.54	0.00	12.78	1865.73
	3976.55	0.00	12.78	1867.75
	3976.56	0.00	12.77	1866.76
	3976.58	0.00	12.77	1865.77
	3976.59	0.00	12.77	1868.78
	3976.60	0.00	12.77	1869.79
	3976.61	0.00	12.79	1871.74
	3976.62	0.00	12.78	1872.77
	3976.63	0.00	12.78	1869.77
	3976.65	0.00	12.78	1873.78
	3976.66	0.00	12.77	1874.78
	3976.67	0.00	12.91	1872.44
	3976.68	0.00	12.92	1871.44
	3976.69	0.00	12.91	1879.46
	3976.71	0.00	12.90	1872.48
	3976.72	0.00	12.91	1870.45
	3976.73	0.00	12.90	1871.49
	3976.74	0.00	12.85	1856.53
	3976.75	0.00	12.81	1856.62
	3976.76	0.00	12.79	1857.67
	3976.78	0.00	12.80	1853.70
	3976.79	0.00	12.80	1855.72
	3976.80	0.00	12.78	1843.69
	3976.81	0.00	12.75	1839.73
	3976.82	0.00	12.77	1848.74
	3976.84	0.00	12.78	1847.74
	3976.85	0.00	12.77	1853.74
	3976.86	0.00	12.77	1851.74
	3976.87	0.00	12.79	1849.68
	3976.88	0.00	12.79	1860.71
	3976.89	0.00	12.80	1868.73
	3976.91	0.00	12.80	1866.73
	3976.92	0.00	12.79	1868.74
	3976.93	0.00	12.80	1868.73
	3976.94	0.00	12.80	1868.72
	3976.95	0.00	12.80	1868.73
	3976.97	0.00	12.85	1871.64
	3976.98	0.00	12.81	1872.73
	3976.99	0.00	12.81	1870.73
	3977.00	0.00	12.81	1872.73
	3977.01	0.00	12.83	1867.67
	3977.02	0.00	12.83	1869.68
	3977.04	0.00	12.83	1869.68
	3977.05	0.00	12.83	1870.68
	3977.06	0.00	12.83	1871.68
	3977.07	0.00	12.82	1868.68
	3977.08	0.00	12.82	1867.68
	3977.09	0.00	12.79	1856.68
	3977.11	0.00	12.80	1858.68
	3977.12	0.00	12.80	1858.68
	3977.13	0.00	12.80	1857.68
	3977.14	0.00	12.80	1860.68
	3977.15	0.00	12.80	1858.68
	3977.16	0.00	12.81	1856.66
	3977.18	0.00	12.80	1857.68
	3977.19	0.00	12.8077.94	0.00	12.80	1868.70
	3977.96	0.00	12.78	1872.76
	3977.97	0.00	12.78	1870.76
	3977.98	0.00	12.77	1870.77
	3977.99	0.00	12.77	1871.78
	3978.00	0.00	12.78	1872.78
	3978.01	0.00	12.91	1871.45
	3978.03	0.00	12.91	1874.46
	3978.04	0.00	12.91	1875.48
	3978.05	0.00	12.89	1868.49
	3978.06	0.00	12.88	1866.49
	3978.07	0.00	12.89	1867.50
	3978.09	0.00	12.85	1853.52
	3978.10	0.00	12.78	1855.68
	3978.11	0.00	12.79	1848.70
	3978.12	0.00	12.79	1852.72
	3978.13	0.00	12.81	1852.68
	3978.14	0.00	12.73	1827.72
	3978.16	0.00	12.75	1833.72
	3978.17	0.00	12.76	1839.74
	3978.18	0.00	12.77	1847.75
	3978.19	0.00	12.76	1850.76
	3978.20	0.00	12.75	1848.74
	3978.22	0.00	12.78	1858.73
	3978.23	0.00	12.79	1866.73
	3978.24	0.00	12.78	1866.76
	3978.25	0.00	12.79	1866.74
	3978.26	0.00	12.78	1867.75
	3978.27	0.00	12.78	1868.75
	3978.29	0.00	12.79	1866.73
	3978.30	0.00	12.78	1870.75
	3978.31	0.00	12.79	1875.75
	3978.32	0.00	12.79	1873.76
	3978.33	0.00	12.79	1874.76
	3978.35	0.00	12.79	1877.77
	3978.36	0.00	12.80	1871.72
	3978.37	0.00	12.80	1875.72
	3978.38	0.00	12.80	1875.72
	3978.39	0.00	12.80	1875.73
	3978.40	0.00	12.78	1863.71
	3978.42	0.00	12.77	1864.72
	3978.43	0.00	12.77	1861.72
	3978.44	0.00	12.77	1860.72
	3978.45	0.00	12.77	1863.72
	3978.46	0.00	12.78	1862.72
	3978.48	0.00	12.77	1859.72
	3978.49	0.00	12.78	1861.71
	3978.50	0.00	12.78	1861.72
	3978.51	0.00	12.79	1867.72
	3978.52	0.00	12.78	1864.72
	3978.53	0.00	12.80	1866.68
	3978.55	0.00	12.79	1869.72
	3978.56	0.00	12.78	1869.75
	3978.57	0.00	12.76	1866.78
	3978.58	0.00	12.75	1864.80
	3978.59	0.00	12.70	12.72	1853.77
	3978.89	0.00	12.75	1868.78
	3978.90	0.00	12.76	1874.79
	3978.91	0.00	12.76	1873.79
	3978.92	0.00	12.76	1870.78
	3978.94	0.00	12.76	1873.79
	3978.95	0.00	12.78	1873.74
	3978.96	0.00	12.77	1872.77
	3978.97	0.00	12.77	1876.78
	3978.98	0.00	12.78	1876.76
	3979.00	0.00	12.77	1876.78
	3979.01	0.00	12.77	1875.79
	3979.02	0.00	12.78	1880.77
	3979.03	0.00	12.77	1872.75
	3979.04	0.00	12.78	1875.74
	3979.05	0.00	12.79	1877.74
	3979.07	0.00	12.79	1876.73
	3979.08	0.00	12.79	1878.74
	3979.09	0.00	12.77	1867.73
	3979.10	0.00	12.76	1864.73
	3979.11	0.00	12.76	1864.74
	3979.12	0.00	12.75	1864.75
	3979.14	0.00	12.76	1866.73
	3979.15	0.00	12.76	1863.74
	3979.16	0.00	12.76	1865.74
	3979.17	0.00	12.75	1861.74
	3979.18	0.00	12.77	1864.73
	3979.20	0.00	12.77	1865.73
	3979.21	0.00	12.78	1869.73
	3979.22	0.00	12.80	1868.68
	3979.23	0.00	12.76	1863.76
	3979.24	0.00	12.76	1867.78
	3979.25	0.00	12.76	1865.79
	3979.27	0.00	12.76	1867.80
	3979.28	0.00	12.76	1868.80
	3979.29	0.00	12.75	1860.77
	3979.30	0.00	12.77	1868.77
	3979.31	0.00	12.77	1869.78
	3979.33	0.00	12.76	1869.80
	3979.34	0.00	12.76	1871.80
	3979.35	0.00	12.77	1872.78
	3979.36	0.00	12.86	1866.53
	3979.37	0.00	12.90	1873.46
	3979.38	0.00	12.90	1875.49
	3979.40	0.00	12.88	1866.50
	3979.41	0.00	12.88	1867.50
	3979.42	0.00	12.89	1865.48
	3979.43	0.00	12.88	1868.51
	3979.44	0.00	12.80	1852.60
	3979.45	0.00	12.77	1856.70
	3979.47	0.00	12.78	1848.73
	3979.48	0.00	12.78	1854.74
	3979.49	0.00	12.72	1828.73
	3979.50	0.00	12.74	1839.75
	3979.51	0.00	12.74	1842.76
	3979.53	0.00	12.75	1843.76
	3979.54	0.00	12.75	1846.76
	3979.55	0.00	12.75	1850.76
	3979.56	0.00	12.75	1847.72
	3979.57	0.00	12.78	1863.73
	3979.58	0.00	12.78	1866.75
	3979.60	0.00	12.78	1866.76
	3979.61	0.00	12.77	1868.76
	3979.62	0.00	12.77	1864.74
	3979.63	0.00	12.77	1866.75
	3979.64	0.00	12.78	1871.76
	3979.66	0.00	12.78	1873.76
	3979.67	0.00	12.78	1874.77
	3979.68	0.00	12.76	1867.77
	3979.69	0.00	12.79	1875.75
	3979.70	0.00	12.79	1872.73
	3979.71	0.00	12.79	1872.73
	3979.73	0.00	12.80	1875.72
	3979.74	0.00	12.80	1872.72
	3979.75	0.00	12.81	1873.71
	3979.76	0.00	12.82	1871.67
	3979.77	0.00	12.77	1858.71
	3979.79	0.00	12.77	1859.71
	3979.80	0.00	12.77	1858.71
	3979.81	0.00	12.78	1860.71
	3979.82	0.00	12.78	1860.71
	3979.83	0.00	12.78	1862.71
	3979.84	0.00	12.78	1860.71
	3979.86	0.00	12.78	1856.70
	3979.87	0.00	12.79	1863.69
	3979.88	0.00	12.79	1861.70
	3979.89	0.00	12.80	1867.70
	3979.90	0.00	12.78	1862.73
	3979.92	0.00	12.78	1864.75
	3979.93	0.00	12.78	1863.75
	3979.94	0.00	12.77	1865.77
	3979.95	0.00	12.76	1864.78
	3979.96	0.00	12.76	1868.79
	3979.97	0.00	12.79	1867.73
	3979.99	0.00	12.78	1869.76
	3980.00	0.00	12.79	1870.77
	3980.01	0.00	12.76	1869.80
	3980.02	0.00	12.78	1872.78
	3980.03	0.00	12.77	1872.78
	3980.05	0.00	12.89	1869.47
	3980.06	0.00	12.92	1873.43
	3980.07	0.00	12.89	1871.48
	3980.08	0.00	12.89	1867.50
	3980.09	0.00	12.89	1868.50
	3980.10	0.00	12.87	1868.50
	3980.12	0.00	12.88	1857.44
	3980.13	0.00	12.80	1854.62
	3980.14	0.00	12.76	1855.70
	3980.15	0.00	12.78	1849.72
	3980.16	0.00	12.77	1851.75
	3980.18	0.00	12.70	1815.72
	3980.19	0.00	12.74	1839.75
	3980.20	0.00	12.75	1840.75
	3980.21	0.00	12.75	1845.76
	3980.22	0.00	12.75	1849.76
	3980.23	0.00	12.74	1850.77
	3980.25	0.00	12.76	1855.73
	3980.26	0.00	12.77	1866.75
	3980.27	0.00	12.77	1865.76
	3980.28	0.00	12.77	1869.76
	3980.29	0.00	12.77	1869.76
	3980.30	0.00	12.76	1865.76
	3980.32	0.00	12.78	1870.75
	3980.33	0.00	12.78	1872.75
	3980.34	0.00	12.78	1870.75
	3980.35	0.00	12.78	1870.76
	3980.36	0.00	12.76	1858.75
	3980.38	0.00	12.79	1863.71
	3980.39	0.00	12.80	1865.70
	3980.40	0.00	12.81	1869.69
	3980.41	0.00	12.81	1872.70
	3980.42	0.00	12.81	1870.69
	3980.43	0.00	12.81	1869.69
	3980.45	0.00	12.82	1870.69
	3980.46	0.00	12.79	1855.65
	3980.47	0.00	12.78	1858.69
	3980.48	0.00	12.78	1856.68
	3980.49	0.00	12.79	1857.68
	3980.51	0.00	12.79	1859.69
	3980.52	0.00	12.78	1853.68
	3980.53	0.00	12.79	1854.68
	3980.54	0.00	12.80	1858.68
	3980.55	0.00	12.81	1861.68
	3980.56	0.00	12.81	1860.68
	3980.58	0.00	12.79	1861.70
	3980.59	0.00	12.79	1861.72
	3980.60	0.00	12.79	1861.73
	3980.61	0.00	12.78	1865.75
	3980.62	0.00	12.79	1866.75
	3980.64	0.00	12.78	1869.76
	3980.65	0.00	12.79	1868.75
	3980.66	0.00	12.80	1869.73
	3980.67	0.00	12.79	1870.75
	3980.68	0.00	12.80	1873.75
	3980.69	0.00	12.79	1873.76
	3980.71	0.00	12.81	1867.67
	3980.72	0.00	12.93	1874.41
	3980.73	0.00	12.93	1875.43
	3980.74	0.00	12.93	1879.45
	3980.75	0.00	12.93	1867.42
	3980.77	0.00	12.91	1868.46
	3980.78	0.00	12.88	1853.45
	3980.79	0.00	12.82	1857.62
	3980.80	0.00	12.81	1857.64
	3980.81	0.00	12.82	1849.68
	3980.82	0.00	12.82	1853.69
	3980.84	0.00	12.79	1843.67
	3980.85	0.00	12.77	1840.71
	3980.86	0.00	12.78	1851.73
	3980.87	0.00	12.79	1856.74
	3980.88	0.00	12.78	1864.75
	3980.90	0.00	12.79	1866.74
	3980.91	0.00	12.81	1874.72
	3980.92	0.00	12.81	1878.73
	3980.93	0.00	12.83	1880.73
	3980.94	0.00	12.82	1880.73
	3980.95	0.00	12.83	1875.68
	3980.97	0.00	12.83	1881.72
	3980.98	0.00	12.83	1883.72
	3980.99	0.00	12.83	1883.72
	3981.00	0.00	12.83	1886.73
	3981.01	0.00	12.83	1881.69
	3981.03	0.00	12.83	1875.68
	3981.04	0.00	12.85	1884.68
	3981.05	0.00	12.85	1884.69
	3981.06	0.00	12.85	1886.68
	3981.07	0.00	12.85	1886.68
	3981.08	0.00	12.83	1875.68
	3981.10	0.00	12.82	1877.70
	3981.11	0.00	12.84	1875.67
	3981.12	0.00	12.84	1875.67
	3981.13	0.00	12.84	1874.67
	3981.14	0.00	12.84	1874.67
	3981.15	0.00	12.83	1868.66
	3981.17	0.00	12.85	1875.66
	3981.18	0.00	12.86	1876.66
	3981.19	0.00	12.85	1876.65
	3981.20	0.00	12.86	1879.67
	3981.21	0.00	12.85	1878.67
	3981.23	0.00	12.84	1879.70
	3981.24	0.00	12.83	1880.74
	3981.25	0.00	12.83	1880.74
	3981.26	0.00	12.83	1883.74
	3981.27	0.00	12.84	1882.71
	3981.28	0.00	12.84	1884.72
	3981.30	0.00	12.83	1886.74
	3981.31	0.00	12.83	1885.75
	3981.32	0.00	12.83	1884.75
	3981.33	0.00	12.82	1887.76
	3981.34	0.00	12.81	1890.77
	3981.36	0.00	12.95	1889.44
	3981.37	0.00	12.94	1893.47
	3981.38	0.00	12.92	1884.48
	3981.39	0.00	12.92	1882.50
	3981.40	0.00	12.92	1884.49
	3981.41	0.00	12.90	1871.45
	3981.43	0.00	12.81	1867.65
	3981.44	0.00	12.79	1864.73
	3981.45	0.00	12.79	1866.75
	3981.46	0.00	12.81	1871.73
	3981.47	0.00	12.74	1853.78
	3981.49	0.00	12.75	1865.81
	3981.50	0.00	12.75	1865.81
	3981.51	0.00	12.74	1865.82
	3981.52	0.00	12.73	1870.83
	3981.53	0.00	12.76	1873.76
	3981.54	0.00	12.75	1883.83
	3981.56	0.00	12.74	1880.84
	3981.57	0.00	12.73	1881.86
	3981.58	0.00	12.75	1879.78
	3981.59	0.00	12.73	1884.86
	3981.60	0.00	12.73	1886.87
	3981.62	0.00	12.73	1885.87
	3981.63	0.00	12.74	1883.85
	3981.64	0.00	12.70	1875.89
	3981.65	0.00	12.71	1881.86
	3981.66	0.00	12.72	1883.86
	3981.67	0.00	12.72	1883.86
	3981.69	0.00	12.72	1883.86
	3981.70	0.00	12.71	1885.87
	3981.71	0.00	12.71	1884.87
	3981.72	0.00	12.71	1886.88
	3981.73	0.00	12.71	1887.88
	3981.75	0.00	12.68	1874.87
	3981.76	0.00	12.68	1874.88
	3981.77	0.00	12.67	1875.89
	3981.78	0.00	12.68	1875.89
	3981.79	0.00	12.68	1872.88
	3981.80	0.00	12.68	1872.88
	3981.82	0.00	12.67	1872.89
	3981.83	0.00	12.68	1874.88
	3981.84	0.00	12.67	1868.88
	3981.85	0.00	12.68	1869.88
	3981.86	0.00	12.68	1872.90
	3981.87	0.00	12.69	1876.88
	3981.89	0.00	12.69	1873.88
	3981.90	0.00	12.70	1879.88
	3981.91	0.00	12.72	1873.80
	3981.92	0.00	12.69	1873.88
	3981.93	0.00	12.70	1873.84
	3981.95	0.00	12.68	1872.89
	3981.96	0.00	12.67	1872.93
	3981.97	0.00	12.67	1876.94
	3981.98	0.00	12.67	1874.94
	3981.99	0.00	12.66	1873.95
	3982.00	0.00	12.66	1874.95
	3982.02	0.00	12.66	1875.95
	3982.03	0.00	12.66	1871.95
	3982.04	0.00	12.68	1875.91
	3982.05	0.00	12.69	1878.92
	3982.06	0.00	12.69	1874.92
	3982.07	0.00	12.68	1880.94
	3982.09	0.00	12.68	1877.93
	3982.10	0.00	12.69	1878.93
	3982.11	0.00	12.82	1875.59
	3982.12	0.00	12.83	1878.59
	3982.13	0.00	12.81	1872.61
	3982.15	0.00	12.81	1870.62
	3982.16	0.00	12.81	1868.61
	3982.17	0.00	12.81	1867.61
	3982.18	0.00	12.80	1856.57
	3982.19	0.00	12.73	1857.73
	3982.20	0.00	12.72	1858.78
	3982.22	0.00	12.73	1852.82
	3982.23	0.00	12.73	1853.82
	3982.24	0.00	12.68	1828.81
	3982.25	0.00	12.69	1839.84
	3982.26	0.00	12.70	1842.84
	3982.28	0.00	12.71	1845.84
	3982.29	0.00	12.71	1845.83
	3982.30	0.00	12.71	1850.83
	3982.31	0.00	12.70	1844.79
	3982.32	0.00	12.74	1863.80
	3982.34	0.00	12.74	1867.81
	3982.35	0.00	12.73	1864.81
	3982.36	0.00	12.74	1866.81
	3982.37	0.00	12.74	1867.81
	3982.38	0.00	12.75	1861.77
	3982.39	0.00	12.75	1867.80
	3982.41	0.00	12.76	1868.80
	3982.42	0.00	12.76	1865.80
	3982.43	0.00	12.76	1867.80
	3982.44	0.00	12.77	1863.75
	3982.45	0.00	12.76	1862.75
	3982.47	0.00	12.78	1868.74
	3982.48	0.00	12.78	1865.74
	3982.49	0.00	12.78	1863.74
	3982.50	0.00	12.79	1865.71
	3982.51	0.00	12.79	1867.73
	3982.52	0.00	12.75	1851.73
	3982.54	0.00	12.76	1852.73
	3982.55	0.00	12.75	1850.74
	3982.56	0.00	12.77	1852.72
	3982.57	0.00	12.76	1852.72
	3982.58	0.00	12.76	1851.72
	3982.60	0.00	12.76	1851.72
	3982.61	0.00	12.75	1847.72
	3982.62	0.00	12.75	1845.72
	3982.63	0.00	12.76	1849.72
	3982.64	0.00	12.77	1852.72
	3982.65	0.00	12.78	1854.71
	3982.67	0.00	12.77	1855.71
	3982.68	0.00	12.76	1853.75
	3982.69	0.00	12.76	1854.76
	3982.70	0.00	12.75	1855.78
	3982.71	0.00	12.75	1858.79
	3982.73	0.00	12.75	1858.80
	3982.74	0.00	12.77	1858.75
	3982.75	0.00	12.77	1859.75
	3982.76	0.00	12.76	1861.78
	3982.77	0.00	12.76	1862.79
	3982.78	0.00	12.76	1862.79
	3982.80	0.00	12.75	1865.79
	3982.81	0.00	12.85	1862.54
	3982.82	0.00	12.89	1866.47
	3982.83	0.00	12.89	1870.49
	3982.84	0.00	12.88	1863.49
	3982.86	0.00	12.87	1861.51
	3982.87	0.00	12.87	1863.51
	3982.88	0.00	12.86	1863.51
	3982.89	0.00	12.80	1849.60
	3982.90	0.00	12.76	1851.70
	3982.91	0.00	12.78	1845.72
	3982.93	0.00	12.77	1846.74
	3982.94	0.00	12.71	1821.73
	3982.95	0.00	12.72	1837.77
	3982.96	0.00	12.75	1840.77
	3982.97	0.00	12.75	1844.77
	3982.98	0.00	12.74	1846.77
	3983.00	0.00	12.73	1851.80
	3983.01	0.00	12.75	1850.74
	3983.02	0.00	12.77	1860.75
	3983.03	0.00	12.77	1861.76
	3983.04	0.00	12.76	1862.77
	3983.06	0.00	12.77	1865.77
	3983.07	0.00	12.75	1863.77
	3983.08	0.00	12.77	1862.73
	3983.09	0.00	12.79	1868.72
	3983.10	0.00	12.78	1871.76
	3983.11	0.00	12.78	1866.76
	3983.13	0.00	12.78	1871.77
	3983.14	0.00	12.78	1865.73
	3983.15	0.00	12.79	1868.73
	3983.16	0.00	12.79	1868.72
	3983.17	0.00	12.79	1872.72
	3983.18	0.00	12.80	1871.72
	3983.20	0.00	12.79	1870.72
	3983.21	0.00	12.76	1859.72
	3983.22	0.00	12.76	1858.71
	3983.23	0.00	12.77	1861.72
	3983.25	0.00	12.77	1859.71
	3983.26	0.00	12.77	1861.71
	3983.27	0.00	12.77	1861.72
	3983.28	0.00	12.76	1857.72
	3983.29	0.00	12.77	1861.72
	3983.30	0.00	12.78	1865.72
	3983.31	0.00	12.78	1865.72
	3983.33	0.00	12.81	1866.67
	3983.34	0.00	12.76	1862.77
	3983.35	0.00	12.76	1865.78
	3983.36	0.00	12.76	1864.78
	3983.37	0.00	12.76	1863.78
	3983.39	0.00	12.76	1867.80
	3983.40	0.00	12.76	1868.80
	3983.41	0.00	12.78	1868.75
	3983.42	0.00	12.77	1869.77
	3983.43	0.00	12.77	1870.79
	3983.45	0.00	12.78	1875.79
	3983.46	0.00	12.76	1871.79
	3983.47	0.00	12.89	1870.46
	3983.48	0.00	12.90	1874.45
	3983.49	0.00	12.90	1872.46
	3983.50	0.00	12.88	1872.49
	3983.52	0.00	12.88	1865.50
	3983.53	0.00	12.87	1868.51
	3983.54	0.00	12.87	1869.51
	3983.55	0.00	12.84	1854.51
	3983.56	0.00	12.79	1856.64
	3983.58	0.00	12.77	1857.70
	3983.59	0.00	12.77	1850.74
	3983.60	0.00	12.78	1857.74
	3983.61	0.00	12.73	1829.73
	3983.62	0.00	12.74	1841.76
	3983.63	0.00	12.76	1846.77
	3983.65	0.00	12.75	1852.77
	3983.66	0.00	12.74	1853.78
	3983.67	0.00	12.74	1853.77
	3983.68	0.00	12.76	1849.70
	3983.69	0.00	12.77	1866.75
	3983.71	0.00	12.78	1869.76
	3983.72	0.00	12.77	1868.77
	3983.73	0.00	12.77	1868.77
	3983.74	0.00	12.77	1869.77
	3983.75	0.00	12.78	1863.72
	3983.76	0.00	12.77	1872.77
	3983.78	0.00	12.78	1873.76
	3983.79	0.00	12.78	1871.77
	3983.80	0.00	12.78	1872.76
	3983.81	0.00	12.79	1871.74
	3983.82	0.00	12.79	1868.72
	3983.83	0.00	12.80	1872.71
	3983.85	0.00	12.79	1871.71
	3983.86	0.00	12.80	1868.71
	3983.87	0.00	12.80	1871.71
	3983.88	0.00	12.80	1870.72
	3983.89	0.00	12.77	1857.70
	3983.90	0.00	12.77	1857.70
	3983.92	0.00	12.78	1856.70
	3983.93	0.00	12.78	1856.70
	3983.94	0.00	12.78	1856.70
	3983.95	0.00	12.78	1855.70
	3983.96	0.00	12.77	1850.69
	3983.98	0.00	12.78	1854.71
	3983.99	0.00	12.79	1855.69
	3984.00	0.00	12.79	1858.69
	3984.01	0.00	12.79	1858.69
	3984.02	0.00	12.78	1858.71
	3984.03	0.00	12.78	1859.75
	3984.05	0.00	12.77	1860.75
	3984.06	0.00	12.77	1857.75
	3984.07	0.00	12.77	1857.76
	3984.08	0.00	12.77	1860.77
	3984.09	0.00	12.80	1861.71
	3984.11	0.00	12.78	1860.73
	3984.12	0.00	12.79	1864.74
	3984.13	0.00	12.78	1863.75
	3984.14	0.00	12.78	1865.75
	3984.15	0.00	12.78	1863.75
	3984.16	0.00	12.87	1859.53
	3984.18	0.00	12.92	1862.41
	3984.19	0.00	12.92	1866.43
	3984.20	0.00	12.91	1862.45
	3984.21	0.00	12.90	1859.46
	3984.22	0.00	12.91	1859.44
	3984.24	0.00	12.90	1856.46
	3984.25	0.00	12.88	1844.44
	3984.26	0.00	12.82	1845.58
	3984.27	0.00	12.79	1846.66
	3984.28	0.00	12.79	1833.68
	3984.29	0.00	12.81	1844.68
	3984.31	0.00	12.76	1816.66
	3984.32	0.00	12.76	1830.70
	3984.33	0.00	12.78	1834.70
	3984.34	0.00	12.78	1837.71
	3984.35	0.00	12.78	1836.71
	3984.37	0.00	12.77	1841.71
	3984.38	0.00	12.76	1835.69
	3984.39	0.00	12.80	1853.69
	3984.40	0.00	12.80	1859.70
	3984.41	0.00	12.79	1858.71
	3984.42	0.00	12.81	1860.68
	3984.44	0.00	12.79	1860.72
	3984.45	0.00	12.80	1862.70
	3984.46	0.00	12.81	1865.70
	3984.47	0.00	12.80	1864.72
	3984.48	0.00	12.80	1866.72
	3984.50	0.00	12.80	1867.72
	3984.51	0.00	12.81	1868.72
	3984.52	0.00	12.80	1867.73
	3984.53	0.00	12.81	1866.70
	3984.54	0.00	12.80	1863.69
	3984.55	0.00	12.81	1866.68
	3984.57	0.00	12.80	1864.70
	3984.58	0.00	12.82	1866.68
	3984.59	0.00	12.82	1868.68
	3984.60	0.00	12.82	1868.68
	3984.61	0.00	12.79	1856.68
	3984.62	0.00	12.80	1857.68
	3984.64	0.00	12.79	1856.68
	3984.65	0.00	12.79	1857.68
	3984.66	0.00	12.79	1857.68
	3984.67	0.00	12.79	1857.69
	3984.68	0.00	12.78	1853.68
	3984.70	0.00	12.79	1856.68
	3984.71	0.00	12.80	1860.68
	3984.72	0.00	12.83	1861.61
	3984.73	0.00	12.81	1864.68
	3984.74	0.00	12.80	1859.68
	3984.75	0.00	12.81	1861.66
	3984.77	0.00	12.79	1861.72
	3984.78	0.00	12.77	1859.74
	3984.79	0.00	12.77	1861.75
	3984.80	0.00	12.77	1863.77
	3984.81	0.00	12.77	1863.76
	3984.83	0.00	12.79	1867.73
	3984.84	0.00	12.79	1865.73
	3984.85	0.00	12.79	1866.74
	3984.86	0.00	12.79	1868.73
	3984.87	0.00	12.78	1867.76
	3984.88	0.00	12.78	1871.77
	3984.90	0.00	12.77	1868.77
	3984.91	0.00	12.92	1870.42
	3984.92	0.00	12.92	1872.43
	3984.93	0.00	12.91	1872.44
	3984.94	0.00	12.91	1874.45
	3984.96	0.00	12.90	1866.47
	3984.97	0.00	12.90	1866.47
	3984.98	0.00	12.89	1866.48
	3984.99	0.00	12.84	1852.53
	3985.00	0.00	12.79	1852.65
	3985.01	0.00	12.79	1851.65
	3985.03	0.00	12.79	1848.68
	3985.04	0.00	12.79	1847.70
	3985.05	0.00	12.79	1851.71
	3985.06	0.00	12.74	1825.69
	3985.07	0.00	12.75	1834.72
	3985.08	0.00	12.76	1844.74
	3985.10	0.00	12.76	1843.74
	3985.11	0.00	12.75	1850.76
	3985.12	0.00	12.76	1847.71
	3985.13	0.00	12.78	1859.72
	3985.14	0.00	12.79	1867.73
	3985.16	0.00	12.79	1866.74
	3985.17	0.00	12.79	1864.73
	3985.18	0.00	12.78	1866.74
	3985.19	0.00	12.77	1867.75
	3985.20	0.00	12.78	1863.71
	3985.21	0.00	12.78	1871.75
	3985.23	0.00	12.78	1868.74
	3985.24	0.00	12.79	1871.75
	3985.25	0.00	12.79	1872.75
	3985.26	0.00	12.78	1871.77
	3985.27	0.00	12.77	1862.73
	3985.29	0.00	12.80	1869.71
	3985.30	0.00	12.80	1870.71
	3985.31	1.00	12.79	1867.71
	3985.32	1.00	12.81	1870.70
	3985.33	1.00	12.80	1870.70
	3985.34	1.00	12.80	1869.70
	3985.36	1.00	12.80	1870.70
	3985.37	1.00	12.76	1854.70
	3985.38	1.00	12.77	1857.70
	3985.39	1.00	12.78	1859.70
	3985.40	1.00	12.77	1858.71
	3985.42	1.00	12.78	1858.70
	3985.43	1.00	12.78	1858.70
	3985.44	1.00	12.77	1853.70
	3985.45	1.00	12.77	1855.70
	3985.46	1.00	12.80	1860.66
	3985.47	1.00	12.79	1862.70
	3985.49	1.00	12.79	1861.70
	3985.50	1.00	12.80	1863.69
	3985.51	1.00	12.76	1860.75
	3985.52	1.00	12.77	1864.76
	3985.53	0.00	12.76	1859.77
	3985.55	0.00	12.76	1862.77
	3985.56	0.00	12.78	1864.73
	3985.57	0.00	12.75	1865.79
	3985.58	0.00	12.78	1864.74
	3985.59	0.00	12.77	1864.75
	3985.60	0.00	12.76	1866.78
	3985.62	0.00	12.75	1861.78
	3985.63	0.00	12.76	1866.78
	3985.64	0.00	12.76	1867.78
	3985.65	0.00	12.76	1868.78
	3985.66	0.00	12.90	1870.44
	3985.67	0.00	12.89	1872.47
	3985.69	0.00	12.89	1865.48
	3985.70	0.00	12.88	1864.49
	3985.71	0.00	12.86	1860.50
	3985.72	0.00	12.81	1847.58
	3985.73	0.00	12.76	1849.68
	3985.75	0.00	12.77	1850.69
	3985.76	0.00	12.77	1844.71
	3985.77	0.00	12.77	1851.72
	3985.78	0.00	12.78	1851.72
	3985.79	0.00	12.73	1830.73
	3985.80	0.00	12.76	1842.71
	3985.82	0.00	12.75	1845.76
	3985.83	0.00	12.74	1848.76
	3985.84	0.00	12.74	1849.77
	3985.85	0.00	12.74	1850.76
	3985.86	0.00	12.76	1860.74
	3985.87	0.00	12.77	1864.75
	3985.89	0.00	12.76	1861.76
	3985.90	0.00	12.75	1865.78
	3985.91	0.00	12.75	1865.77
	3985.92	0.00	12.77	1867.75
	3985.93	0.00	12.77	1866.75
	3985.95	0.00	12.77	1871.76
	3985.96	0.00	12.77	1870.76
	3985.97	0.00	12.77	1869.76
	3985.98	0.00	12.77	1870.76
	3985.99	0.00	12.77	1873.76
	3986.01	0.00	12.77	1867.72
	3986.02	0.00	12.78	1868.72
	3986.03	0.00	12.78	1869.72
	3986.04	0.00	12.78	1869.73
	3986.05	0.00	12.79	1869.72
	3986.06	0.00	12.79	1868.71
	3986.08	0.00	12.78	1869.72
	3986.09	0.00	12.76	1862.72
	3986.10	0.00	12.74	1852.72
	3986.11	0.00	12.75	1859.71
	3986.12	0.00	12.75	1855.71
	3986.14	0.00	12.75	1857.72
	3986.15	0.00	12.73	1845.71
	3986.16	0.00	12.75	1855.72
	3986.17	0.00	12.75	1856.71
	3986.18	0.00	12.75	1852.72
	3986.19	0.00	12.76	1856.71
	3986.21	0.00	12.76	1856.72
	3986.22	0.00	12.77	1856.71
	3986.23	0.00	12.77	1859.71
	3986.24	0.00	12.76	1859.72
	3986.25	0.00	12.77	1858.69
	3986.26	0.00	12.75	1859.75
	3986.28	0.00	12.74	1859.77
	3986.29	0.00	12.73	1857.80
	3986.30	0.00	12.73	1858.79
	3986.31	0.00	12.74	1861.79
	3986.32	0.00	12.74	1860.79
	3986.33	0.00	12.75	1860.76
	3986.35	0.00	12.76	1861.76
	3986.36	0.00	12.75	1861.78
	3986.37	0.00	12.74	1862.79
	3986.38	0.00	12.74	1863.79
	3986.39	0.00	12.74	1866.80
	3986.41	0.00	12.88	1866.45
	3986.42	0.00	12.88	1869.47
	3986.43	0.00	12.87	1866.49
	3986.44	0.00	12.87	1871.49
	3986.45	0.00	12.85	1858.50
	3986.46	0.00	12.85	1860.51
	3986.48	0.00	12.82	1848.50
	3986.49	0.00	12.76	1846.64
	3986.50	0.00	12.74	1849.70
	3986.51	0.00	12.76	1842.72
	3986.52	0.00	12.75	1844.74
	3986.54	0.00	12.76	1846.73
	3986.55	0.00	12.77	1849.70
	3986.56	0.00	12.69	1822.74
	3986.57	0.00	12.72	1835.75
	3986.58	0.00	12.72	1832.77
	3986.59	0.00	12.72	1843.77
	3986.61	0.00	12.72	1845.78
	3986.62	0.00	12.71	1845.78
	3986.63	0.00	12.71	1837.74
	3986.64	0.00	12.74	1854.75
	3986.65	0.00	12.75	1859.76
	3986.67	0.00	12.74	1859.77
	3986.68	0.00	12.75	1863.77
	3986.69	0.00	12.74	1857.74
	3986.70	0.00	12.75	1862.75
	3986.71	0.00	12.75	1862.76
	3986.72	0.00	12.75	1866.78
	3986.74	0.00	12.75	1867.77
	3986.75	0.00	12.75	1866.78
	3986.76	0.00	12.75	1866.78
	3986.77	0.00	12.75	1862.75
	3986.78	0.00	12.76	1866.73
	3986.80	0.00	12.76	1867.73
	3986.81	0.00	12.76	1869.73
	3986.82	0.00	12.80	1865.66
	3986.83	0.00	12.77	1869.73
	3986.84	0.00	12.77	1869.73
	3986.85	0.00	12.74	1858.73
	3986.87	0.00	12.73	1853.73
	3986.88	0.00	12.74	1852.73
	3986.89	0.00	12.74	1855.73
	3986.90	0.00	12.74	1853.73
	3986.91	0.00	12.74	1854.73
	3986.92	0.00	12.74	1854.73
	3986.94	0.00	12.72	1848.74
	3986.95	0.00	12.74	1857.74
	3986.96	0.00	12.73	1851.74
	3986.97	0.00	12.75	1857.73
	3986.98	0.00	12.75	1858.74
	3987.00	0.00	12.75	1860.74
	3987.01	0.00	12.75	1859.74
	3987.02	0.00	12.75	1861.74
	3987.03	0.00	12.76	1862.74
	3987.04	0.00	12.76	1861.72
	3987.05	0.00	12.74	1859.77
	3987.07	0.00	12.74	1861.77
	3987.08	0.00	12.73	1865.81
	3987.09	0.00	12.73	1863.81
	3987.10	0.00	12.72	1862.82
	3987.11	0.00	12.72	1864.83
	3987.13	0.00	12.72	1862.83
	3987.14	0.00	12.74	1866.79
	3987.15	0.00	12.73	1865.81
	3987.16	0.00	12.73	1864.82
	3987.17	0.00	12.73	1868.83
	3987.18	0.00	12.72	1867.83
	3987.20	0.00	12.86	1869.49
	3987.21	0.00	12.86	1870.51
	3987.22	0.00	12.87	1869.48
	3987.23	0.00	12.86	1873.52
	3987.24	0.00	12.84	1861.53
	3987.26	0.00	12.84	1863.54
	3987.27	0.00	12.83	1862.56
	3987.28	0.00	12.77	1852.63
	3987.29	0.00	12.74	1850.70
	3987.30	0.00	12.72	1854.73
	3987.31	0.00	12.74	1848.75
	3987.33	0.00	12.73	1851.79
	3987.34	0.00	12.68	1829.77
	3987.35	0.00	12.67	1835.82
	3987.36	0.00	12.68	1844.85
	3987.37	0.00	12.68	1843.85
	3987.39	0.00	12.69	1852.85
	3987.40	0.00	12.68	1853.86
	3987.41	0.00	12.67	1846.83
	3987.42	0.00	12.69	1854.83
	3987.43	0.00	12.71	1865.84
	3987.44	0.00	12.71	1866.85
	3987.46	0.00	12.70	1867.86
	3987.47	0.00	12.70	1868.87
	3987.48	0.00	12.69	1863.84
	3987.49	0.00	12.71	1872.85
	3987.50	0.00	12.71	1874.86
	3987.51	0.00	12.70	1871.87
	3987.53	0.00	12.71	1871.86
	3987.54	0.00	12.71	1872.87
	3987.55	0.00	12.71	1877.87
	3987.56	0.00	12.72	1871.83
	3987.57	0.00	12.71	1868.82
	3987.59	0.00	12.72	1871.82
	3987.60	0.00	12.73	1874.82
	3987.61	0.00	12.73	1873.82
	3987.62	0.00	12.72	1875.82
	3987.63	0.00	12.73	1875.82
	3987.64	0.00	12.69	1864.83
	3987.66	0.00	12.69	1862.83
	3987.67	0.00	12.69	1862.83
	3987.68	0.00	12.69	1864.83
	3987.69	0.00	12.69	1863.83
	3987.70	0.00	12.69	1864.83
	3987.72	0.00	12.68	1862.84
	3987.73	0.00	12.69	1864.83
	3987.74	0.00	12.68	1864.84
	3987.75	0.00	12.67	1859.84
	3987.76	0.00	12.69	1863.84
	3987.77	0.00	12.68	1861.84
	3987.79	0.00	12.69	1864.84
	3987.80	0.00	12.69	1867.84
	3987.81	0.00	12.70	1868.84
	3987.82	0.00	12.70	1870.85
	3987.83	0.00	12.71	1869.82
	3987.85	0.00	12.68	1867.88
	3987.86	0.00	12.68	1868.88
	3987.87	0.00	12.67	1868.91
	3987.88	0.00	12.66	1871.92
	3987.89	0.00	12.67	1871.93
	3987.90	0.00	12.67	1872.92
	3987.92	0.00	12.67	1870.91
	3987.93	0.00	12.68	1873.90
	3987.94	0.00	12.66	1869.92
	3987.95	0.00	12.66	1872.93
	3987.96	0.00	12.66	1875.93
	3987.98	0.00	12.66	1874.94
	3987.99	0.00	12.65	1875.94
	3988.00	0.00	12.77	1871.65
	3988.01	0.00	12.78	1876.63
	3988.02	0.00	12.78	1878.65
	3988.03	0.00	12.76	1867.67
	3988.05	0.00	12.75	1868.68
	3988.06	0.00	12.76	1864.64
	3988.07	0.00	12.73	1855.66
	3988.08	0.00	12.69	1853.73
	3988.09	0.00	12.65	1855.83
	3988.11	0.00	12.65	1853.85
	3988.12	0.00	12.65	1852.90
	3988.13	0.00	12.65	1852.91
	3988.14	0.00	12.59	1826.90
	3988.15	0.00	12.61	1839.93
	3988.16	0.00	12.63	1846.94
	3988.18	0.00	12.63	1847.94
	3988.19	0.00	12.62	1850.95
	3988.20	0.00	12.62	1855.95
	3988.21	0.00	12.61	1845.91
	3988.22	0.00	12.65	1862.92
	3988.23	0.00	12.65	1867.93
	3988.25	0.00	12.65	1866.95
	3988.26	0.00	12.65	1870.94
	3988.27	0.00	12.65	1868.94
	3988.28	0.00	12.65	1872.93
	3988.29	0.00	12.65	1874.94
	3988.31	0.00	12.63	1864.94
	3988.32	0.00	12.66	1876.94
	3988.33	0.00	12.66	1876.94
	3988.34	0.00	12.66	1877.94
	3988.35	0.00	12.66	1872.90
	3988.36	0.00	12.68	1874.90
	3988.38	0.00	12.67	1874.90
	3988.39	0.00	12.68	1877.89
	3988.40	0.00	12.67	1876.91
	3988.41	0.00	12.68	1877.89
	3988.42	0.00	12.68	1876.89
	3988.43	0.00	12.65	1864.89
	3988.45	0.00	12.65	1862.90
	3988.46	0.00	12.65	1865.89
	3988.47	0.00	12.65	1863.89
	3988.48	0.00	12.65	1863.89
	3988.50	0.00	12.65	1863.89
	3988.51	0.00	12.65	1862.89
	3988.52	0.00	12.65	1863.89
	3988.53	0.00	12.66	1865.89
	3988.54	0.00	12.69	1865.82
	3988.55	0.00	12.68	1869.87
	3988.57	0.00	12.65	1867.93
	3988.58	0.00	12.64	1866.95
	3988.59	0.00	12.64	1868.96
	3988.60	0.00	12.64	1868.96
	3988.61	0.00	12.63	1869.97
	3988.62	0.00	12.63	1868.97
	3988.64	0.00	12.65	1868.93
	3988.65	0.00	12.63	1868.96
	3988.66	0.00	12.64	1868.96
	3988.67	0.00	12.65	1868.96
	3988.68	0.00	12.63	1869.97
	3988.70	0.00	12.63	1870.96
	3988.71	0.00	12.76	1872.65
	3988.72	0.00	12.77	1873.65
	3988.73	0.00	12.76	1875.67
	3988.74	0.00	12.75	1866.66
	3988.75	0.00	12.75	1865.69
	3988.77	0.00	12.74	1865.69
	3988.78	0.00	12.75	1860.63
	3988.79	0.00	12.67	1849.77
	3988.80	0.00	12.61	1841.86
	3988.81	0.00	12.65	1846.89
	3988.83	0.00	12.64	1846.91
	3988.84	0.00	12.63	1834.86
	3988.85	0.00	12.59	1827.92
	3988.86	0.00	12.61	1839.94
	3988.87	0.00	12.61	1840.94
	3988.88	0.00	12.61	1839.96
	3988.90	0.00	12.61	1846.95
	3988.91	0.00	12.60	1845.95
	3988.92	0.00	12.62	1851.92
	3988.93	0.00	12.63	1857.94
	3988.94	0.00	12.63	1856.94
	3988.95	0.00	12.62	1857.95
	3988.97	0.00	12.61	1857.95
	3988.98	0.00	12.61	1853.95
	3988.99	0.00	12.61	1850.92
	3989.00	0.00	12.61	1853.94
	3989.01	0.00	12.61	1856.95
	3989.03	0.00	12.61	1850.95
	3989.04	0.00	12.61	1854.95
	3989.05	0.00	12.61	1856.95
	3989.06	0.00	12.61	1847.91
	3989.07	0.00	12.61	1848.91
	3989.08	0.00	12.60	1845.92
	3989.10	0.00	12.62	1848.91
	3989.11	0.00	12.61	1845.91
	3989.12	0.00	12.60	1844.91
	3989.13	0.00	12.60	1843.91
	3989.14	0.00	12.60	1841.90
	3989.15	0.00	12.59	1841.91
	3989.17	0.00	12.58	1833.91
	3989.18	0.00	12.59	1838.90
	3989.19	0.00	12.56	1831.92
	3989.20	0.00	12.54	1819.92
	3989.21	0.00	12.51	1812.92
	3989.23	0.00	12.48	1806.94
	3989.24	0.00	12.48	1803.94
	3989.25	0.00	12.45	1798.94
	3989.26	0.00	12.44	1796.95
	3989.27	0.00	12.43	1794.95
	3989.28	0.00	12.43	1793.95
	3989.30	0.00	12.43	1793.96
	3989.31	0.00	12.41	1789.97
	3989.32	0.00	12.40	1785.98
	3989.33	0.00	12.38	1788.00
	3989.34	0.00	12.39	1796.01
	3989.36	0.00	12.38	1798.02
	3989.37	0.00	12.37	1798.03
	3989.38	0.00	12.37	1803.06
	3989.39	0.00	12.36	1807.06
	3989.40	0.00	12.35	1807.07
	3989.41	0.00	12.36	1812.05
	3989.43	0.00	12.34	1818.11
	3989.44	0.00	12.34	1823.13
	3989.45	0.00	12.33	1828.14
	3989.46	0.00	12.33	1837.17
	3989.47	0.00	12.34	1846.19
	3989.49	0.00	12.35	1857.22
	3989.50	0.00	12.35	1866.23
	3989.51	0.00	12.34	1892.22
	3989.52	0.00	12.30	1914.26
	3989.53	0.00	12.28	1938.29
	3989.54	0.00	12.26	1953.30
	3989.56	0.00	12.25	1983.32
	3989.57	0.00	12.30	2007.01
	3989.58	0.00	12.21	2046.06
	3989.59	0.00	12.17	2060.09
	3989.60	0.00	12.15	2080.11
	3989.62	0.00	12.03	2086.35
	3989.63	0.00	12.02	2097.39
	3989.64	0.00	12.04	2104.39
	3989.65	0.00	12.06	2106.32
	3989.66	0.00	12.04	2097.33
	3989.68	0.00	12.06	2106.34
	3989.69	0.00	12.07	2106.35
	3989.70	0.00	12.07	2109.33
	3989.71	0.00	12.07	2106.30
	3989.72	0.00	12.09	2116.30
	3989.73	0.00	12.09	2114.31
	3989.75	0.00	12.07	2112.32
	3989.76	0.00	12.06	2112.32
	3989.77	0.00	12.04	2112.33
	3989.78	0.00	12.04	2114.34
	3989.79	0.00	12.03	2117.35
	3989.81	0.00	12.03	2116.35
	3989.82	0.00	12.04	2116.35
	3989.83	0.00	12.05	2112.31
	3989.84	0.00	12.09	2111.31
	3989.85	0.00	12.15	2107.29
	3989.86	0.00	12.22	2096.28
	3989.88	0.00	12.32	2082.27
	3989.89	0.00	12.50	2031.26
	3989.90	0.00	12.58	2024.24
	3989.91	0.00	12.65	2024.22
	3989.92	0.00	12.69	2020.19
	3989.94	0.00	12.73	2021.16
	3989.95	0.00	12.77	2027.15
	3989.96	0.00	12.88	2057.09
	3989.97	0.00	12.97	2078.04
	3989.98	0.00	13.07	2085.97
	3989.99	0.00	13.20	2109.90
	3990.01	0.00	13.33	2123.78
	3990.02	0.00	13.47	2134.61
	3990.03	0.00	13.65	2167.55
	3990.04	0.00	13.71	2181.51
	3990.05	0.00	13.77	2188.46
	3990.06	0.00	13.84	2194.39
	3990.08	0.00	13.87	2186.37
	3990.09	0.00	13.98	2198.32
	3990.10	0.00	14.06	2198.20
	3990.11	0.00	13.97	2154.27
	3990.12	0.00	14.05	2145.09
	3990.13	0.00	14.05	2113.98
	3990.15	0.00	13.96	2056.90
	3990.16	0.00	13.80	1994.94
	3990.17	0.00	13.44	1907.15
	3990.18	0.00	13.13	1831.22
	3990.19	0.00	12.96	1784.30
	3990.21	0.00	12.95	1770.16
	3990.22	0.00	12.93	1759.11
	3990.23	0.00	12.91	1750.11
	3990.24	0.00	12.91	1749.10
	3990.25	0.00	12.91	1750.11
	3990.26	0.00	12.96	1765.10
	3990.28	0.00	12.97	1768.10
	3990.29	0.00	12.98	1766.10
	3990.30	0.00	12.98	1765.09
	3990.31	0.00	12.96	1760.09
	3990.32	0.00	12.99	1771.09
	3990.34	0.00	13.00	1772.08
	3990.35	0.00	13.03	1779.07
	3990.36	0.00	13.03	1777.07
	3990.37	0.00	13.03	1782.06
	3990.38	0.00	13.01	1768.03
	3990.39	0.00	12.96	1771.16
	3990.41	0.00	12.93	1774.23
	3990.42	0.00	12.94	1773.24
	3990.43	0.00	12.96	1773.23
	3990.44	0.00	12.96	1769.23
	3990.45	0.00	12.97	1771.24
	3990.47	0.00	12.98	1778.24
	3990.48	0.00	12.97	1775.21
	3990.49	0.00	12.89	1749.26
	3990.50	0.00	12.92	1757.26
	3990.51	0.00	12.93	1768.27
	3990.52	0.00	12.96	1773.27
	3990.54	0.00	12.97	1791.28
	3990.55	0.00	12.96	1795.29
	3990.56	0.00	12.96	1797.29
	3990.57	0.00	12.98	1801.26
	3990.58	0.00	12.99	1808.26
	3990.59	0.00	12.94	1808.34
	3990.61	0.00	12.76	1834.46
	3990.62	0.00	12.35	1910.83
	3990.63	0.00	11.96	1998.05
	3990.64	0.00	11.81	2050.23
	3990.65	0.00	11.80	2087.30
	3990.67	0.00	11.88	2110.31
	3990.68	0.00	11.94	2144.33
	3990.69	0.00	11.96	2152.26
	3990.70	0.00	11.98	2184.29
	3990.71	0.00	11.98	2206.30
	3990.73	0.00	12.00	2230.37
	3990.74	0.00	12.01	2233.39
	3990.75	0.00	12.05	2237.41
	3990.76	0.00	12.09	2237.40
	3990.77	0.00	12.16	2233.37
	3990.79	0.00	12.23	2222.36
	3990.80	0.00	12.30	2222.33
	3990.81	0.00	12.37	2213.31
	3990.82	0.00	12.45	2200.29
	3990.83	0.00	12.62	2165.25
	3990.84	0.00	12.73	2141.24
	3990.86	0.00	12.87	2121.22
	3990.87	0.00	12.98	2112.18
	3990.88	0.00	13.11	2090.15
	3990.89	0.00	13.18	2103.07
	3990.90	0.00	13.21	2104.04
	3990.92	0.00	13.25	2109.99
	3990.93	0.00	13.30	2110.93
	3990.94	0.00	13.36	2119.85
	3990.95	0.00	13.47	2123.62
	3990.96	0.00	13.51	2129.58
	3990.97	0.00	13.53	2133.55
	3990.99	0.00	13.57	2141.48
	3991.00	0.00	13.68	2165.47
	3991.01	0.00	13.64	2159.57
	3991.02	0.00	13.67	2166.54
	3991.03	0.00	13.70	2164.51
	3991.04	0.00	13.81	2184.46
	3991.06	0.00	13.87	2185.43
	3991.07	0.00	13.92	2188.36
	3991.08	0.00	13.98	2184.26
	3991.09	0.00	14.03	2186.21
	3991.10	0.00	14.04	2179.20
	3991.11	0.00	14.10	2183.14
	3991.13	0.00	14.16	2171.02
	3991.14	0.00	14.15	2159.02
	3991.15	0.00	14.21	2157.91
	3991.16	0.00	14.24	2135.76
	3991.17	0.00	14.21	2084.61
	3991.19	0.00	14.05	2027.64
	3991.20	0.00	13.70	1935.79
	3991.21	0.00	13.40	1869.04
	3991.22	0.00	13.14	1811.16
	3991.23	0.00	12.87	1759.29
	3991.25	0.00	12.80	1753.34
	3991.26	0.00	12.79	1750.35
	3991.27	0.00	12.79	1749.34
	3991.28	0.00	12.80	1749.32
	3991.29	0.00	12.82	1752.30
	3991.30	0.00	12.83	1761.31
	3991.32	0.00	12.84	1762.31
	3991.33	0.00	12.86	1763.29
	3991.34	0.00	12.88	1768.28
	3991.35	0.00	12.87	1768.29
	3991.36	0.00	12.87	1771.29
	3991.37	0.00	12.88	1774.29
	3991.39	0.00	12.89	1773.30
	3991.40	0.00	12.90	1778.30
	3991.41	0.00	12.90	1779.30
	3991.42	0.00	12.91	1782.30
	3991.43	0.00	12.91	1778.28
	3991.44	0.00	12.95	1786.24
	3991.46	0.00	12.94	1783.23
	3991.47	0.00	12.95	1784.22
	3991.48	0.00	12.95	1786.23
	3991.49	0.00	12.96	1789.22
	3991.50	0.00	12.96	1790.21
	3991.52	0.00	12.94	1788.23
	3991.53	0.00	12.96	1792.22
	3991.54	0.00	12.94	1786.22
	3991.55	0.00	12.96	1792.22
	3991.56	0.00	12.96	1793.22
	3991.57	0.00	12.94	1788.24
	3991.59	0.00	12.96	1790.21
	3991.60	0.00	12.98	1796.19
	3991.61	0.00	12.98	1787.18
	3991.62	0.00	12.95	1790.24
	3991.63	0.00	12.87	1802.35
	3991.65	0.00	12.41	1881.73
	3991.66	0.00	11.96	1991.02
	3991.67	0.00	11.72	2068.20
	3991.68	0.00	11.62	2113.28
	3991.69	0.00	11.62	2161.33
	3991.70	0.00	11.70	2200.34
	3991.72	0.00	11.78	2240.36
	3991.73	0.00	11.82	2277.39
	3991.74	0.00	11.86	2307.44
	3991.75	0.00	11.89	2329.45
	3991.76	0.00	11.97	2347.35
	3991.78	0.00	12.00	2347.35
	3991.79	0.00	12.03	2339.34
	3991.80	0.00	12.10	2324.32
	3991.81	0.00	12.13	2304.40
	3991.82	0.00	12.20	2276.38
	3991.83	0.00	12.27	2250.36
	3991.85	0.00	12.32	2234.34
	3991.86	0.00	12.39	2211.27
	3991.87	0.00	12.44	2199.26
	3991.88	0.00	12.50	2212.25
	3991.89	0.00	12.65	2168.23
	3991.91	0.00	12.74	2136.20
	3991.92	0.00	12.86	2129.15
	3991.93	0.00	12.93	2119.13
	3991.94	0.00	12.98	2115.11
	3991.95	0.00	13.08	2111.09
	3991.96	0.00	13.10	2103.05
	3991.98	0.00	13.16	2126.04
	3991.99	0.00	13.20	2125.00
	3992.00	0.00	13.26	2140.96
	3992.01	0.00	13.30	2151.90
	3992.02	0.00	13.35	2160.84
	3992.04	0.00	13.43	2167.68
	3992.05	0.00	13.50	2176.57
	3992.06	0.00	13.54	2186.54
	3992.07	0.00	13.57	2192.49
	3992.08	0.00	13.61	2192.46
	3992.09	0.00	13.64	2195.42
	3992.11	0.00	13.68	2196.35
	3992.12	0.00	13.71	2198.28
	3992.13	0.00	13.76	2191.17
	3992.14	0.00	13.88	2208.10
	3992.15	0.00	14.03	2218.97
	3992.17	0.00	14.11	2219.88
	3992.18	0.00	14.16	2212.78
	3992.19	0.00	14.21	2204.69
	3992.20	0.00	14.22	2189.65
	3992.21	0.00	14.22	2143.57
	3992.22	0.00	14.20	2076.49
	3992.24	0.00	14.21	1997.23
	3992.25	0.00	14.06	1953.23
	3992.26	0.00	13.80	1913.34
	3992.27	0.00	13.37	1838.72
	3992.28	0.00	13.15	1788.91
	3992.29	0.00	12.89	1745.18
	3992.31	0.00	12.84	1734.20
	3992.32	0.00	12.78	1737.27
	3992.33	0.00	12.82	1754.22
	3992.34	0.00	12.82	1751.23
	3992.35	0.00	12.83	1755.23
	3992.37	0.00	12.86	1763.22
	3992.38	0.00	12.87	1766.22
	3992.39	0.00	12.87	1767.23
	3992.40	0.00	12.88	1769.23
	3992.41	0.00	12.88	1770.23
	3992.42	0.00	12.88	1776.24
	3992.44	0.00	12.89	1777.24
	3992.45	0.00	12.87	1777.27
	3992.46	0.00	13.02	1773.93
	3992.47	0.00	13.03	1778.94
	3992.48	0.00	13.03	1782.96
	3992.50	0.00	13.03	1785.97
	3992.51	0.00	13.02	1780.99
	3992.52	0.00	13.01	1781.01
	3992.53	0.00	13.01	1781.01
	3992.54	0.00	12.89	1773.21
	3992.55	0.00	12.87	1778.27
	3992.57	0.00	12.88	1779.27
	3992.58	0.00	12.90	1783.27
	3992.59	0.00	12.91	1793.27
	3992.60	0.00	12.89	1791.31
	3992.61	0.00	12.93	1788.21
	3992.62	0.00	12.92	1789.22
	3992.64	0.00	12.93	1791.22
	3992.65	0.00	12.93	1790.22
	3992.66	0.00	12.92	1796.22
	3992.67	0.00	12.93	1798.22
	3992.68	0.00	12.97	1807.17
	3992.69	0.00	12.96	1809.19
	3992.71	0.00	12.99	1809.12
	3992.72	0.00	12.96	1811.20
	3992.73	0.00	12.89	1814.33
	3992.74	0.00	12.65	1846.48
	3992.75	0.00	12.15	1951.88
	3992.77	0.00	11.67	2096.14
	3992.78	0.00	11.43	2189.25
	3992.79	0.00	11.36	2254.32
	3992.80	0.00	11.39	2289.36
	3992.81	0.00	11.54	2334.28
	3992.82	0.00	11.61	2348.28
	3992.84	0.00	11.67	2362.30
	3992.85	0.00	11.74	2374.31
	3992.86	0.00	11.77	2401.33
	3992.87	0.00	11.82	2413.37
	3992.88	0.00	11.88	2410.34
	3992.90	0.00	11.95	2403.32
	3992.91	0.00	12.02	2387.30
	3992.92	0.00	12.09	2370.26
	3992.93	0.00	12.18	2348.26
	3992.94	0.00	12.25	2325.27
	3992.96	0.00	12.33	2305.26
	3992.97	0.00	12.45	2285.22
	3992.98	0.00	12.51	2262.20
	3992.99	0.00	12.59	2245.16
	3993.00	0.00	12.69	2208.09
	3993.01	0.00	12.84	2168.05
	3993.03	0.00	12.90	2154.00
	3993.04	0.00	12.98	2141.92
	3993.05	0.00	13.09	2131.74
	3993.06	0.00	13.14	2120.68
	3993.07	0.00	13.20	2112.64
	3993.09	0.00	13.20	2132.62
	3993.10	0.00	13.23	2138.57
	3993.11	0.00	13.20	2134.62
	3993.12	0.00	13.23	2145.60
	3993.13	0.00	13.33	2153.48
	3993.14	0.00	13.35	2161.47
	3993.16	0.00	13.42	2147.41
	3993.17	0.00	13.47	2161.39
	3993.18	0.00	13.53	2179.34
	3993.19	0.00	13.56	2187.32
	3993.20	0.00	13.59	2196.28
	3993.22	0.00	13.64	2208.23
	3993.23	0.00	13.70	2208.08
	3993.24	0.00	13.74	2202.01
	3993.25	0.00	13.87	2219.94
	3993.26	0.00	13.88	2206.89
	3993.27	0.00	13.92	2201.78
	3993.29	0.00	13.96	2197.71
	3993.30	0.00	13.97	2190.70
	3993.31	0.00	14.00	2187.64
	3993.32	0.00	14.00	2178.63
	3993.33	0.00	14.05	2157.46
	3993.35	0.00	14.10	2146.35
	3993.36	0.00	14.09	2121.29
	3993.37	0.00	14.07	2088.23
	3993.38	0.00	13.90	2035.21
	3993.39	0.00	13.77	1981.28
	3993.40	0.00	13.64	1946.40
	3993.42	0.00	13.34	1887.73
	3993.43	0.00	13.12	1825.83
	3993.44	0.00	12.99	1802.94
	3993.45	0.00	12.84	1773.10
	3993.46	0.00	12.81	1768.13
	3993.48	0.00	12.75	1753.16
	3993.49	0.00	12.76	1754.14
	3993.50	0.00	12.76	1757.14
	3993.51	0.00	12.77	1758.14
	3993.52	0.00	12.83	1760.04
	3993.53	0.00	12.81	1763.13
	3993.55	0.00	12.80	1758.13
	3993.56	0.00	12.80	1759.14
	3993.57	0.00	12.80	1761.15
	3993.58	0.00	12.82	1763.14
	3993.59	0.00	12.81	1762.14
	3993.61	0.00	12.82	1765.14
	3993.62	0.00	12.83	1765.13
	3993.63	0.00	12.83	1772.15
	3993.64	0.00	12.83	1773.16
	3993.65	0.00	12.83	1778.20
	3993.66	0.00	12.82	1782.23
	3993.68	0.00	12.82	1785.25
	3993.69	0.00	12.81	1786.27
	3993.70	0.00	12.81	1788.28
	3993.71	0.00	12.80	1783.28
	3993.72	0.00	12.83	1789.25
	3993.73	0.00	12.83	1789.25
	3993.75	0.00	12.85	1784.24
	3993.76	0.00	12.83	1788.28
	3993.77	0.00	12.84	1790.26
	3993.78	0.00	12.85	1788.25
	3993.79	0.00	12.90	1792.14
	3993.80	0.00	12.91	1790.12
	3993.82	0.00	12.91	1792.12
	3993.83	0.00	12.91	1792.12
	3993.84	0.00	12.91	1790.12
	3993.85	0.00	12.90	1792.14
	3993.86	0.00	12.91	1791.13
	3993.88	0.00	12.88	1792.19
	3993.89	0.00	12.88	1799.20
	3993.90	0.00	12.90	1803.18
	3993.91	0.00	12.90	1804.21
	3993.92	0.00	12.73	1822.34
	3993.93	0.00	12.53	1849.57
	3993.95	0.00	12.10	1938.89
	3993.96	0.00	11.59	2096.04
	3993.97	0.00	11.33	2197.16
	3993.98	0.00	11.24	2239.21
	3994.00	0.00	11.32	2233.23
	3994.01	0.00	11.31	2259.26
	3994.02	0.00	11.42	2307.23
	3994.03	0.00	11.51	2345.26
	3994.04	0.00	11.57	2370.28
	3994.05	0.00	11.61	2393.30
	3994.06	0.00	11.65	2426.35
	3994.08	0.00	11.70	2436.35
	3994.09	0.00	11.77	2436.33
	3994.10	0.00	11.87	2443.32
	3994.11	0.00	11.95	2430.26
	3994.12	0.00	12.05	2411.23
	3994.14	0.00	12.12	2397.20
	3994.15	0.00	12.21	2373.17
	3994.16	0.00	12.30	2353.14
	3994.17	0.00	12.40	2324.11
	3994.18	0.00	12.51	2302.07
	3994.19	0.00	12.58	2277.03
	3994.21	0.00	12.66	2259.98
	3994.22	0.00	12.73	2224.95
	3994.23	0.00	12.81	2211.88
	3994.24	0.00	12.88	2197.85
	3994.25	0.00	12.94	2183.81
	3994.27	0.00	13.01	2172.77
	3994.28	0.00	13.06	2167.71
	3994.29	0.00	13.09	2182.65
	3994.30	0.00	13.17	2180.54
	3994.31	0.00	13.26	2190.48
	3994.33	0.00	13.31	2200.45
	3994.34	0.00	13.37	2205.31
	3994.35	0.00	13.52	2204.00
	3994.36	0.00	13.56	2210.96
	3994.37	0.00	13.59	2207.90
	3994.38	0.00	13.59	2207.92
	3994.40	0.00	13.58	2206.97
	3994.41	0.00	13.61	2180.96
	3994.42	0.00	13.66	2184.92
	3994.43	0.00	13.66	2184.95
	3994.44	0.00	13.69	2184.90
	3994.46	0.00	13.78	2193.90
	3994.47	0.00	13.81	2191.87
	3994.48	0.00	13.84	2189.84
	3994.49	0.00	13.84	2177.80
	3994.50	0.00	13.88	2176.73
	3994.51	0.00	13.93	2179.65
	3994.53	0.00	13.96	2176.57
	3994.54	0.00	13.98	2173.55
	3994.55	0.00	14.03	2167.42
	3994.56	0.00	14.12	2162.23
	3994.57	0.00	14.17	2153.09
	3994.59	0.00	14.20	2132.98
	3994.60	0.00	14.17	2105.94
	3994.61	0.00	14.15	2083.92
	3994.62	0.00	13.98	2015.93
	3994.63	0.00	13.75	1976.22
	3994.64	0.00	13.45	1927.63
	3994.66	0.00	13.24	1873.80
	3994.67	0.00	13.01	1842.07
	3994.68	0.00	12.90	1806.11
	3994.69	0.00	12.83	1794.16
	3994.70	0.00	12.78	1785.19
	3994.72	0.00	12.77	1771.15
	3994.73	0.00	12.81	1789.14
	3994.74	0.00	12.83	1794.14
	3994.75	0.00	12.87	1800.10
	3994.76	0.00	12.85	1794.12
	3994.77	0.00	12.83	1790.12
	3994.79	0.00	12.84	1787.12
	3994.80	0.00	12.87	1786.04
	3994.81	0.00	12.83	1782.11
	3994.82	0.00	12.84	1785.11
	3994.83	0.00	12.84	1786.11
	3994.85	0.00	12.85	1789.11
	3994.86	0.00	12.86	1790.11
	3994.87	0.00	12.86	1794.11
	3994.88	0.00	12.84	1783.12
	3994.89	0.00	12.85	1785.12
	3994.90	0.00	12.86	1791.12
	3994.92	0.00	12.86	1789.12
	3994.93	0.00	12.86	1790.13
	3994.94	0.00	12.86	1795.15
	3994.95	0.00	12.85	1791.16
	3994.96	0.00	12.85	1797.19
	3994.98	0.00	12.85	1801.20
	3994.99	0.00	12.88	1806.16
	3995.00	0.00	12.87	1806.20
	3995.01	0.00	12.87	1806.19
	3995.02	0.00	12.87	1806.18
	3995.03	0.00	12.88	1807.15
	3995.05	0.00	12.88	1811.17
	3995.06	0.00	12.88	1810.18
	3995.07	0.00	12.88	1811.18
	3995.08	0.00	12.87	1809.17
	3995.09	0.00	12.94	1812.05
	3995.10	0.00	12.94	1818.05
	3995.12	0.00	12.95	1822.06
	3995.13	0.00	12.94	1822.08
	3995.14	0.00	12.93	1837.13
	3995.15	0.00	12.84	1850.19
	3995.16	0.00	12.57	1879.51
	3995.18	0.00	12.12	1971.89
	3995.19	0.00	11.78	2075.06
	3995.20	0.00	11.62	2130.15
	3995.21	0.00	11.56	2164.21
	3995.22	0.00	11.51	2189.24
	3995.23	0.00	11.57	2239.28
	3995.25	0.00	11.63	2277.26
	3995.26	0.00	11.62	2300.30
	3995.27	0.00	11.62	2324.34
	3995.28	0.00	11.65	2342.32
	3995.29	0.00	11.65	2352.38
	3995.31	0.00	11.66	2353.38
	3995.32	0.00	11.68	2352.39
	3995.33	0.00	11.68	2336.39
	3995.34	0.00	11.72	2328.42
	3995.35	0.00	11.76	2316.39
	3995.37	0.00	11.79	2302.38
	3995.38	0.00	11.85	2283.32
	3995.39	0.00	11.89	2269.30
	3995.40	0.00	11.94	2264.26
	3995.41	0.00	11.96	2245.26
	3995.42	0.00	12.00	2228.25
	3995.44	0.00	12.01	2238.23
	3995.45	0.00	12.03	2226.22
	3995.46	0.00	12.07	2227.22
	3995.47	0.00	12.08	2222.21
	3995.48	0.00	12.10	2219.20
	3995.50	0.00	12.12	2213.22
	3995.51	0.00	12.12	2215.24
	3995.52	0.00	12.11	2209.24
	3995.53	0.00	12.14	2221.25
	3995.54	0.00	12.16	2233.23
	3995.55	0.00	12.16	2240.26
	3995.57	0.00	12.19	2255.25
	3995.58	0.00	12.24	2257.15
	3995.59	0.00	12.27	2258.14
	3995.60	0.00	12.32	2263.15
	3995.61	0.00	12.39	2260.13
	3995.63	0.00	12.42	2253.18
	3995.64	0.00	12.47	2255.22
	3995.65	0.00	12.56	2257.23
	3995.66	0.00	12.67	2255.18
	3995.67	0.00	12.83	2237.13
	3995.69	0.00	12.98	2232.08
	3995.70	0.00	13.11	2228.01
	3995.71	0.00	13.28	2205.90
	3995.72	0.00	13.37	2205.79
	3995.73	0.00	13.48	2210.60
	3995.75	0.00	13.54	2215.48
	3995.76	0.00	13.59	2217.39
	3995.77	0.00	13.65	2223.29
	3995.78	0.00	13.70	2224.18
	3995.79	0.00	13.76	2215.03
	3995.80	0.00	13.80	2201.90
	3995.81	0.00	13.92	2197.78
	3995.83	0.00	13.94	2166.68
	3995.84	0.00	14.06	2143.34
	3995.85	0.00	13.99	2046.25
	3995.86	0.00	13.84	1964.14
	3995.87	0.00	13.64	1898.24
	3995.89	0.00	13.31	1865.70
	3995.90	0.00	13.09	1832.86
	3995.91	0.00	12.82	1755.04
	3995.92	0.00	12.76	1736.03
	3995.93	0.00	12.79	1765.03
	3995.94	0.00	12.80	1766.03
	3995.96	0.00	12.77	1753.03
	3995.97	0.00	12.79	1757.03
	3995.98	0.00	12.78	1745.04
	3995.99	0.00	12.74	1719.07
	3996.00	0.00	12.75	1721.06
	3996.02	0.00	12.75	1724.06
	3996.03	0.00	12.76	1725.06
	3996.04	0.00	12.75	1721.06
	3996.05	0.00	12.76	1723.06
	3996.06	0.00	12.76	1727.07
	3996.08	0.00	12.84	1760.02
	3996.09	0.00	12.85	1770.01
	3996.10	0.00	12.87	1774.01
	3996.11	0.00	12.86	1771.00
	3996.12	0.00	12.90	1791.00
	3996.13	0.00	12.91	1793.00
	3996.15	0.00	12.91	1795.00
	3996.16	0.00	12.90	1797.03
	3996.17	0.00	12.89	1797.05
	3996.18	0.00	12.89	1797.06
	3996.19	0.00	12.89	1797.06
	3996.21	0.00	12.89	1798.06
	3996.22	0.00	12.89	1797.06
	3996.23	0.00	12.89	1796.05
	3996.24	0.00	12.92	1798.00
	3996.25	0.00	12.91	1799.02
	3996.26	0.00	12.92	1802.03
	3996.28	0.00	12.91	1803.03
	3996.29	0.00	12.91	1805.03
	3996.30	0.00	12.91	1805.03
	3996.31	0.00	12.91	1805.04
	3996.32	0.00	12.95	1804.94
	3996.33	0.00	12.96	1812.95
	3996.35	0.00	12.96	1815.96
	3996.36	0.00	12.94	1814.00
	3996.37	0.00	12.85	1821.18
	3996.38	0.00	12.60	1871.46
	3996.39	0.00	12.06	1985.87
	3996.40	0.00	11.33	2207.12
	3996.42	0.00	11.09	2299.25
	3996.43	0.00	11.09	2309.31
	3996.44	0.00	11.13	2312.31
	3996.45	0.00	11.15	2317.34
	3996.46	0.00	11.21	2318.32
	3996.48	0.00	11.21	2357.38
	3996.49	0.00	11.26	2383.40
	3996.50	0.00	11.34	2412.40
	3996.51	0.00	11.39	2421.38
	3996.52	0.00	11.45	2436.38
	3996.54	0.00	11.50	2430.39
	3996.55	0.00	11.57	2425.35
	3996.56	0.00	11.65	2415.34
	3996.57	0.00	11.72	2409.33
	3996.58	0.00	11.82	2416.32
	3996.60	0.00	11.91	2404.29
	3996.61	0.00	12.03	2384.26
	3996.62	0.00	12.17	2365.19
	3996.63	0.00	12.32	2338.14
	3996.64	0.00	12.48	2301.09
	3996.65	0.00	12.66	2264.96
	3996.67	0.00	12.80	2209.86
	3996.68	0.00	13.01	2175.69
	3996.69	0.00	13.17	2160.40
	3996.70	0.00	13.30	2170.16
	3996.71	0.00	13.41	2133.05
	3996.73	0.00	13.45	2129.00
	3996.74	0.00	13.47	2119.96
	3996.75	0.00	13.49	2112.95
	3996.76	0.00	13.48	2104.94
	3996.77	0.00	13.47	2088.93
	3996.78	0.00	13.50	2097.93
	3996.80	0.00	13.48	2100.01
	3996.81	0.00	13.63	2126.96
	3996.82	0.00	13.65	2130.97
	3996.83	0.00	13.69	2152.00
	3996.84	0.00	13.72	2168.02
	3996.85	0.00	13.75	2186.06
	3996.87	0.00	13.78	2196.04
	3996.88	0.00	13.82	2200.99
	3996.89	0.00	13.89	2214.92
	3996.90	0.00	13.99	2237.85
	3996.91	0.00	14.04	2239.78
	3996.93	0.00	14.11	2243.66
	3996.94	0.00	14.16	2245.61
	3996.95	0.00	14.31	2265.54
	3996.96	0.00	14.44	2258.23
	3996.97	0.00	14.53	2240.08
	3996.98	0.00	14.60	2228.89
	3997.00	0.00	14.69	2199.68
	3997.01	0.00	14.70	2161.52
	3997.02	0.00	14.63	2108.48
	3997.03	0.00	14.40	2037.53
	3997.04	0.00	14.10	1964.81
	3997.06	0.00	13.54	1876.33
	3997.07	0.00	13.10	1804.88
	3997.08	0.00	12.88	1765.03
	3997.09	0.00	12.73	1742.17
	3997.10	0.00	12.64	1735.26
	3997.11	0.00	12.63	1737.27
	3997.13	0.00	12.74	1761.19
	3997.14	0.00	12.77	1776.21
	3997.15	0.00	12.77	1776.23
	3997.16	0.00	12.77	1772.25
	3997.17	0.00	12.75	1757.27
	3997.19	0.00	12.71	1737.31
	3997.20	0.00	12.72	1740.28
	3997.21	0.00	12.76	1769.27
	3997.22	0.00	12.77	1770.25
	3997.23	0.00	12.82	1790.21
	3997.25	0.00	12.81	1794.23
	3997.26	0.00	12.82	1800.26
	3997.27	0.00	12.84	1804.23
	3997.28	0.00	12.84	1804.22
	3997.29	0.00	12.84	1806.22
	3997.30	0.00	12.87	1803.15
	3997.32	0.00	12.88	1807.13
	3997.33	0.00	12.89	1808.12
	3997.34	0.00	12.89	1804.11
	3997.35	0.00	12.89	1810.12
	3997.36	0.00	12.88	1804.11
	3997.37	0.00	12.89	1806.10
	3997.39	0.00	12.90	1806.10
	3997.40	0.00	12.90	1805.10
	3997.41	0.00	12.90	1805.09
	3997.42	0.00	12.92	1807.09
	3997.43	0.00	12.91	1801.08
	3997.45	0.00	12.91	1803.08
	3997.46	0.00	12.91	1805.07
	3997.47	0.00	12.92	1806.06
	3997.48	0.00	12.95	1818.04
	3997.49	0.00	12.95	1820.05
	3997.50	0.00	12.96	1821.03
	3997.52	0.00	12.94	1822.08
	3997.53	0.00	12.93	1822.10
	3997.54	0.00	12.93	1821.10
	3997.55	0.00	12.77	1829.42
	3997.56	0.00	12.28	1916.81
	3997.57	0.00	11.56	2101.13
	3997.59	0.00	11.03	2269.39
	3997.60	0.00	11.01	2295.48
	3997.61	0.00	11.10	2291.50
	3997.62	0.00	11.24	2266.52
	3997.63	0.00	11.22	2312.52
	3997.65	0.00	11.26	2374.52
	3997.66	0.00	11.40	2407.48
	3997.67	0.00	11.54	2430.43
	3997.68	0.00	11.63	2451.44
	3997.69	0.00	11.68	2477.51
	3997.71	0.00	11.78	2473.52
	3997.72	0.00	11.88	2451.49
	3997.73	0.00	12.04	2440.40
	3997.74	0.00	12.14	2418.40
	3997.75	0.00	12.24	2384.37
	3997.76	0.00	12.40	2359.32
	3997.78	0.00	12.51	2319.28
	3997.79	0.00	12.64	2285.15
	3997.80	0.00	12.89	2236.05
	3997.81	0.00	13.03	2194.90
	3997.82	0.00	13.28	2198.73
	3997.84	0.00	13.33	2171.52
	3997.85	0.00	13.37	2147.41
	3997.86	0.00	13.40	2115.33
	3997.87	0.00	13.40	2097.29
	3997.88	0.00	13.44	2089.23
	3997.89	0.00	13.45	2079.20
	3997.91	0.00	13.47	2074.18
	3997.92	0.00	13.52	2071.11
	3997.93	0.00	13.56	2072.08
	3997.94	0.00	13.57	2062.07
	3997.95	0.00	13.61	2072.06
	3997.96	0.00	13.63	2073.06
	3997.98	0.00	13.79	2094.05
	3997.99	0.00	13.81	2094.05
	3998.00	0.00	13.86	2102.07
	3998.01	0.00	13.91	2111.07
	3998.02	0.00	13.96	2126.10
	3998.03	0.00	14.03	2141.08
	3998.05	0.00	14.10	2160.06
	3998.06	0.00	14.15	2163.03
	3998.07	0.00	14.24	2197.02
	3998.08	0.00	14.28	2206.99
	3998.09	0.00	14.33	2217.95
	3998.11	0.00	14.39	2229.93
	3998.12	0.00	14.40	2232.92
	3998.13	0.00	14.38	2208.82
	3998.14	0.00	14.42	2206.71
	3998.15	0.00	14.38	2176.63
	3998.17	0.00	14.36	2153.56
	3998.18	0.00	14.24	2117.63
	3998.19	0.00	13.98	2037.74
	3998.20	0.00	13.69	1961.86
	3998.21	0.00	13.33	1880.01
	3998.22	0.00	12.92	1780.13
	3998.24	0.00	12.58	1692.30
	3998.25	0.00	12.57	1697.33
	3998.26	0.00	12.61	1727.33
	3998.27	0.00	12.59	1717.34
	3998.28	0.00	12.63	1729.33
	3998.29	0.00	12.63	1725.35
	3998.31	0.00	12.60	1713.39
	3998.32	0.00	12.61	1720.40
	3998.33	0.00	12.68	1718.25
	3998.34	0.00	12.79	1730.06
	3998.35	0.00	12.80	1733.05
	3998.36	0.00	12.81	1734.05
	3998.38	0.00	12.81	1738.06
	3998.39	0.00	12.81	1737.06
	3998.40	0.00	12.81	1736.07
	3998.41	0.00	12.81	1737.07
	3998.42	0.00	12.68	1720.27
	3998.44	0.00	12.66	1725.34
	3998.45	0.00	12.68	1724.36
	3998.46	0.00	12.69	1724.35
	3998.47	0.00	12.73	1745.32
	3998.48	0.00	12.76	1759.30
	3998.50	0.00	12.77	1754.23
	3998.51	0.00	12.79	1766.23
	3998.52	0.00	12.81	1777.23
	3998.53	0.00	12.80	1780.23
	3998.54	0.00	12.81	1780.21
	3998.55	0.00	12.83	1788.19
	3998.57	0.00	12.84	1795.22
	3998.58	0.00	12.83	1793.23
	3998.59	0.00	12.83	1791.23
	3998.60	0.00	12.82	1790.24
	3998.61	0.00	12.83	1794.23
	3998.62	0.00	12.80	1789.25
	3998.64	0.00	12.82	1792.24
	3998.65	0.00	12.83	1794.23
	3998.66	0.00	12.83	1797.23
	3998.67	0.00	12.83	1798.24
	3998.68	0.00	12.84	1799.23
	3998.70	0.00	12.88	1799.12
	3998.71	0.00	12.90	1802.11
	3998.72	0.00	12.91	1805.10
	3998.73	0.00	12.91	1805.09
	3998.74	0.00	12.76	1832.38
	3998.75	0.00	12.12	1951.90
	3998.77	0.00	11.35	2175.28
	3998.78	0.00	10.97	2320.51
	3998.79	0.00	11.00	2328.55
	3998.80	0.00	11.10	2310.52
	3998.81	0.00	11.15	2277.51
	3998.83	0.00	11.18	2323.57
	3998.84	0.00	11.27	2369.57
	3998.85	0.00	11.35	2374.58
	3998.86	0.00	11.43	2424.61
	3998.87	0.00	11.51	2453.66
	3998.88	0.00	11.56	2453.65
	3998.90	0.00	11.62	2447.63
	3998.91	0.00	11.70	2434.57
	3998.92	0.00	11.76	2409.55
	3998.93	0.00	11.84	2393.53
	3998.94	0.00	11.94	2347.50
	3998.96	0.00	12.04	2317.45
	3998.97	0.00	12.14	2306.36
	3998.98	0.00	12.25	2279.33
	3998.99	0.00	12.32	2257.30
	3999.00	0.00	12.39	2216.34
	3999.01	0.00	12.49	2202.34
	3999.03	0.00	12.63	2171.31
	3999.04	0.00	12.75	2146.30
	3999.05	0.00	12.86	2132.23
	3999.06	0.00	12.97	2117.16
	3999.07	0.00	13.03	2120.10
	3999.09	0.00	13.08	2118.03
	3999.10	0.00	13.14	2116.94
	3999.11	0.00	13.24	2122.77
	3999.12	0.00	13.30	2128.64
	3999.13	0.00	13.32	2133.62
	3999.14	0.00	13.32	2132.61
	3999.16	0.00	13.34	2132.56
	3999.17	0.00	13.35	2129.53
	3999.18	0.00	13.38	2132.46
	3999.19	0.00	13.53	2151.38
	3999.20	0.00	13.59	2158.32
	3999.22	0.00	13.75	2174.17
	3999.23	0.00	13.82	2182.12
	3999.24	0.00	13.89	2197.10
	3999.25	0.00	13.95	2207.11
	3999.26	0.00	14.02	2215.06
	3999.28	0.00	14.06	2219.04
	3999.29	0.00	14.05	2209.07
	3999.30	0.00	14.07	2206.04
	3999.31	0.00	14.11	2192.96
	3999.32	0.00	14.11	2186.91
	3999.33	0.00	14.16	2169.76
	3999.35	0.00	14.23	2150.54
	3999.36	0.00	14.28	2127.31
	3999.37	0.00	14.25	2085.17
	3999.38	0.00	14.16	2037.14
	3999.39	0.00	13.79	1961.45
	3999.41	0.00	13.39	1890.86
	3999.42	0.00	12.93	1784.10
	3999.43	0.00	12.72	1742.26
	3999.44	0.00	12.59	1716.36
	3999.45	0.00	12.53	1703.40
	3999.46	0.00	12.52	1706.42
	3999.48	0.00	12.54	1711.41
	3999.49	0.00	12.58	1720.40
	3999.50	0.00	12.54	1701.44
	3999.51	0.00	12.56	1706.44
	3999.52	0.00	12.57	1703.41
	3999.54	0.00	12.60	1711.41
	3999.55	0.00	12.62	1715.40
	3999.56	0.00	12.64	1720.38
	3999.57	0.00	12.64	1724.39
	3999.58	0.00	12.64	1723.39
	3999.59	0.00	12.65	1727.39
	3999.61	0.00	12.67	1726.32
	3999.62	0.00	12.66	1731.39
	3999.63	0.00	12.80	1732.05
	3999.64	0.00	12.80	1734.08
	3999.65	0.00	12.79	1735.10
	3999.67	0.00	12.79	1736.10
	3999.68	0.00	12.79	1735.11
	3999.69	0.00	12.79	1735.12
	3999.70	0.00	12.67	1723.30
	3999.71	0.00	12.63	1722.38
	3999.72	0.00	12.65	1716.39
	3999.74	0.00	12.66	1718.38
	3999.75	0.00	12.66	1719.39
	3999.76	0.00	12.71	1744.35
	3999.77	0.00	12.70	1727.26
	3999.78	0.00	12.73	1744.27
	3999.79	0.00	12.76	1753.26
	3999.81	0.00	12.76	1760.26
	3999.82	0.00	12.78	1771.25
	3999.83	0.00	12.78	1775.24
	3999.84	0.00	12.83	1784.20
	3999.85	0.00	12.79	1780.24
	3999.86	0.00	12.82	1790.23
	3999.88	0.00	12.81	1787.23
	3999.89	0.00	12.81	1788.23
	3999.90	0.00	12.82	1787.22
	3999.91	0.00	12.80	1782.23
	3999.92	0.00	12.80	1784.23
	3999.94	0.00	12.81	1785.23
	3999.95	0.00	12.80	1785.25
	3999.96	0.00	12.73	1806.44
	3999.97	0.00	12.30	1875.91
	3999.98	0.00	11.48	2084.33
	4000.00	0.00	11.05	2230.50
	4000.01	0.00	10.94	2287.60
	4000.02	0.00	10.98	2286.61
	4000.03	0.00	11.07	2266.59
	4000.04	0.00	11.16	2257.58
	4000.05	0.00	11.11	2269.60
	4000.07	0.00	11.16	2322.66
	4000.08	0.00	11.25	2349.64
	4000.09	0.00	11.29	2356.65
	4000.10	0.00	11.32	2360.65
	4000.11	0.00	11.40	2367.64
	4000.12	0.00	11.47	2384.57
	4000.14	0.00	11.52	2377.60
	4000.15	0.00	11.61	2360.59
	4000.16	0.00	11.70	2328.60
	4000.17	0.00	11.77	2330.59
	4000.18	0.00	11.85	2282.57
	4000.20	0.00	11.94	2256.52
	4000.21	0.00	12.04	2223.50
	4000.22	0.00	12.13	2201.47
	4000.23	0.00	12.23	2184.44
	4000.24	0.00	12.40	2148.32
	4000.26	0.00	12.57	2118.27
	4000.27	0.00	12.67	2116.23
	4000.28	0.00	12.78	2100.17
	4000.29	0.00	12.89	2093.07
	4000.30	0.00	12.91	2089.12
	4000.31	0.00	12.98	2073.05
	4000.33	0.00	13.03	2074.96
	4000.34	0.00	13.09	2075.88
	4000.35	0.00	13.14	2074.76
	4000.36	0.00	13.18	2080.69
	4000.37	0.00	13.21	2092.66
	4000.39	0.00	13.22	2096.66
	4000.40	0.00	13.25	2102.63
	4000.41	0.00	13.27	2103.58
	4000.42	0.00	13.31	2109.52
	4000.43	0.00	13.36	2117.49
	4000.44	0.00	13.40	2121.43
	4000.46	0.00	13.44	2133.40
	4000.47	0.00	13.65	2179.40
	4000.48	0.00	13.71	2190.37
	4000.49	0.00	13.79	2212.35
	4000.50	0.00	13.85	2225.32
	4000.52	0.00	13.95	2241.27
	4000.53	0.00	14.02	2255.22
	4000.54	0.00	14.11	2271.13
	4000.55	0.00	14.20	2268.98
	4000.56	0.00	14.29	2274.86
	4000.57	0.00	14.40	2266.59
	4000.59	0.00	14.57	2257.17
	4000.60	0.00	14.56	2216.05
	4000.61	0.00	14.68	2167.65
	4000.62	0.00	14.49	2082.62
	4000.63	0.00	14.33	2034.73
	4000.65	0.00	14.05	1954.95
	4000.66	0.00	13.25	1849.76
	4000.67	0.00	12.86	1750.12
	4000.68	0.00	12.62	1708.41
	4000.69	0.00	12.55	1696.44
	4000.70	0.00	12.48	1688.46
	4000.72	0.00	12.48	1682.44
	4000.73	0.00	12.49	1680.46
	4000.74	0.00	12.54	1695.45
	4000.75	0.00	12.56	1693.39
	4000.76	0.00	12.52	1690.44
	4000.78	0.00	12.55	1700.44
	4000.79	0.00	12.56	1700.43
	4000.80	0.00	12.58	1701.39
	4000.81	0.00	12.57	1701.43
	4000.82	0.00	12.58	1703.42
	4000.83	0.00	12.58	1704.42
	4000.85	0.00	12.61	1708.38
	4000.86	0.00	12.59	1710.44
	4000.87	0.00	12.58	1712.46
	4000.88	0.00	12.58	1714.48
	4000.89	0.00	12.58	1716.49
	4000.91	0.00	12.58	1714.49
	4000.92	0.00	12.59	1716.49
	4000.93	0.00	12.66	1736.40
	4000.94	0.00	12.66	1739.42
	4000.95	0.00	12.66	1739.43
	4000.96	0.00	12.68	1748.42
	4000.98	0.00	12.69	1755.42
	4000.99	0.00	12.85	1763.07
	4001.00	0.00	12.86	1769.09
	4001.01	0.00	12.87	1775.09
	4001.02	0.00	12.87	1780.11
	4001.03	0.00	12.87	1775.11
	4001.05	0.00	12.87	1777.11
	4001.06	0.00	12.79	1774.26
	4001.07	0.00	12.74	1777.36
	4001.08	0.00	12.73	1775.36
	4001.09	0.00	12.75	1779.35
	4001.10	0.00	12.75	1777.36
	4001.12	0.00	12.77	1778.35
	4001.13	0.00	12.75	1778.36
	4001.14	0.00	12.78	1776.28
	4001.15	0.00	12.78	1775.28
	4001.16	0.00	12.79	1777.27
	4001.18	0.00	12.78	1779.27
	4001.19	0.00	12.73	1797.41
	4001.20	0.00	12.42	1847.77
	4001.21	0.00	11.79	2024.09
	4001.22	0.00	11.19	2215.39
	4001.23	0.00	11.01	2286.57
	4001.25	0.00	11.00	2307.61
	4001.26	0.00	11.11	2280.60
	4001.27	0.00	11.16	2281.60
	4001.28	0.00	11.17	2295.64
	4001.29	0.00	11.22	2325.64
	4001.31	0.00	11.29	2332.64
	4001.32	0.00	11.32	2329.61
	4001.33	0.00	11.45	2375.57
	4001.34	0.00	11.53	2384.56
	4001.35	0.00	11.62	2388.55
	4001.37	0.00	11.70	2376.54
	4001.38	0.00	11.77	2362.50
	4001.39	0.00	11.87	2352.48
	4001.40	0.00	11.96	2334.46
	4001.41	0.00	12.04	2315.42
	4001.42	0.00	12.14	2288.38
	4001.44	0.00	12.24	2266.35
	4001.45	0.00	12.33	2243.32
	4001.46	0.00	12.41	2223.28
	4001.47	0.00	12.50	2192.29
	4001.48	0.00	12.66	2149.22
	4001.50	0.00	12.76	2124.15
	4001.51	0.00	12.85	2105.09
	4001.52	0.00	12.95	2079.99
	4001.53	0.00	12.99	2074.91
	4001.54	0.00	13.06	2078.79
	4001.55	0.00	13.07	2093.71
	4001.57	0.00	13.09	2095.67
	4001.58	0.00	13.14	2097.51
	4001.59	0.00	13.17	2100.49
	4001.60	0.00	13.17	2095.48
	4001.61	0.00	13.21	2073.49
	4001.63	0.00	13.23	2082.49
	4001.64	0.00	13.28	2096.47
	4001.65	0.00	13.28	2104.52
	4001.66	0.00	13.42	2132.50
	4001.67	0.00	13.46	2139.47
	4001.68	0.00	13.60	2167.43
	4001.70	0.00	13.68	2182.39
	4001.71	0.00	13.75	2201.39
	4001.72	0.00	13.84	2217.31
	4001.73	0.00	13.90	2232.30
	4001.74	0.00	13.97	2237.27
	4001.76	0.00	14.07	2275.24
	4001.77	0.00	14.14	2280.19
	4001.78	0.00	14.16	2277.17
	4001.79	0.00	14.23	2294.11
	4001.80	0.00	14.29	2294.97
	4001.81	0.00	14.40	2270.60
	4001.83	0.00	14.48	2235.20
	4001.84	0.00	14.53	2158.93
	4001.85	0.00	14.42	2083.67
	4001.86	0.00	14.23	2018.78
	4001.87	0.00	13.78	1913.11
	4001.89	0.00	13.19	1851.91
	4001.90	0.00	12.82	1765.31
	4001.91	0.00	12.60	1705.42
	4001.92	0.00	12.57	1701.45
	4001.93	0.00	12.60	1732.41
	4001.94	0.00	12.58	1723.42
	4001.96	0.00	12.64	1740.41
	4001.97	0.00	12.59	1712.41
	4001.98	0.00	12.58	1705.41
	4001.99	0.00	12.60	1710.41
	4002.00	0.00	12.60	1708.40
	4002.02	0.00	12.61	1707.40
	4002.03	0.00	12.62	1709.39
	4002.04	0.00	12.61	1709.40
	4002.05	0.00	12.59	1694.39
	4002.06	0.00	12.60	1705.38
	4002.07	0.00	12.61	1707.38
	4002.09	0.00	12.67	1733.34
	4002.10	0.00	12.72	1750.30
	4002.11	0.00	12.73	1752.29
	4002.12	0.00	12.73	1752.29
	4002.13	0.00	12.73	1753.30
	4002.15	0.00	12.72	1748.28
	4002.16	0.00	12.77	1765.28
	4002.17	0.00	12.76	1758.27
	4002.18	0.00	12.78	1756.22
	4002.19	0.00	12.75	1756.29
	4002.20	0.00	12.74	1755.31
	4002.22	0.00	12.73	1754.33
	4002.23	0.00	12.72	1753.34
	4002.24	0.00	12.73	1757.35
	4002.25	0.00	12.72	1753.34
	4002.26	0.00	12.74	1755.31
	4002.27	0.00	12.73	1756.33
	4002.29	0.00	12.74	1756.33
	4002.30	0.00	12.74	1757.33
	4002.31	0.00	12.74	1759.32
	4002.32	0.00	12.73	1762.35
	4002.33	0.00	12.79	1757.18
	4002.34	0.00	12.84	1768.13
	4002.36	0.00	12.83	1770.17
	4002.37	0.00	12.85	1769.12
	4002.38	0.00	12.83	1770.18
	4002.39	0.00	12.84	1769.16
	4002.40	0.00	12.77	1762.28
	4002.42	0.00	12.76	1767.30
	4002.43	0.00	12.77	1773.30
	4002.44	0.00	12.78	1785.33
	4002.45	0.00	12.57	1805.68
	4002.46	0.00	12.10	1915.97
	4002.48	0.00	11.44	2143.24
	4002.49	0.00	11.07	2284.45
	4002.50	0.00	11.06	2326.57
	4002.51	0.00	11.07	2352.55
	4002.52	0.00	11.14	2361.51
	4002.53	0.00	11.22	2361.49
	4002.55	0.00	11.36	2389.44
	4002.56	0.00	11.43	2409.43
	4002.57	0.00	11.54	2422.44
	4002.58	0.00	11.63	2433.44
	4002.59	0.00	11.70	2423.45
	4002.61	0.00	11.78	2429.45
	4002.62	0.00	11.87	2410.43
	4002.63	0.00	11.95	2391.41
	4002.64	0.00	12.03	2367.31
	4002.65	0.00	12.13	2341.27
	4002.66	0.00	12.24	2309.23
	4002.68	0.00	12.33	2282.19
	4002.69	0.00	12.40	2252.14
	4002.70	0.00	12.45	2226.10
	4002.71	0.00	12.51	2207.06
	4002.72	0.00	12.67	2154.03
	4002.74	0.00	12.72	2139.98
	4002.75	0.00	12.81	2116.92
	4002.76	0.00	12.91	2110.86
	4002.77	0.00	13.06	2129.84
	4002.78	0.00	13.09	2132.80
	4002.79	0.00	13.14	2135.76
	4002.81	0.00	13.13	2131.78
	4002.82	0.00	13.15	2140.79
	4002.83	0.00	13.15	2140.79
	4002.84	0.00	13.16	2145.80
	4002.85	0.00	13.17	2143.81
	4002.87	0.00	13.18	2141.78
	4002.88	0.00	13.16	2139.79
	4002.89	0.00	13.16	2139.81
	4002.90	0.00	13.16	2144.83
	4002.91	0.00	13.14	2141.85
	4002.92	0.00	13.19	2138.71
	4002.94	0.00	13.21	2141.69
	4002.95	0.00	13.21	2137.68
	4002.96	0.00	13.24	2143.68
	4002.97	0.00	13.24	2137.67
	4002.98	0.00	13.24	2129.66
	4003.00	0.00	13.26	2128.64
	4003.01	0.00	13.22	2112.71
	4003.02	0.00	13.21	2112.74
	4003.03	0.00	13.22	2108.72
	4003.04	0.00	13.25	2104.66
	4003.05	0.00	13.24	2107.69
	4003.06	0.00	13.24	2105.68
	4003.08	0.00	13.25	2105.67
	4003.09	0.00	13.25	2093.62
	4003.10	0.00	13.24	2099.64
	4003.11	0.00	13.25	2100.63
	4003.12	0.00	13904.09
	4006.97	0.00	12.47	1905.10
	4006.98	0.00	12.47	1906.10
	4006.99	0.00	12.46	1906.10
	4007.01	0.00	12.47	1908.10
	4007.02	0.00	12.46	1906.08
	4007.03	0.00	12.46	1908.10
	4007.04	0.00	12.48	1912.10
	4007.05	0.00	12.48	1910.10
	4007.06	0.00	12.48	1913.10
	4007.08	0.00	12.47	1910.10
	4007.09	0.00	12.48	1914.10
	4007.10	0.00	12.48	1909.06
	4007.11	0.00	12.49	1911.06
	4007.12	0.00	12.49	1913.05
	4007.13	0.00	12.49	1911.05
	4007.15	0.00	12.49	1908.05
	4007.16	0.00	12.52	1908.98
	4007.17	0.00	12.50	1909.04
	4007.18	0.00	12.48	1902.04
	4007.19	0.00	12.47	1898.04
	4007.20	0.00	12.47	1898.04
	4007.22	0.00	12.47	1899.05
	4007.23	0.00	12.48	1898.04
	4007.24	0.00	12.48	1897.04
	4007.25	0.00	12.48	1898.04
	4007.26	0.00	12.47	1890.04
	4007.28	0.00	12.47	1893.04
	4007.29	0.00	12.47	1893.04
	4007.30	0.00	12.47	1890.03
	4007.31	0.00	12.47	1890.04
	4007.32	0.00	12.48	1891.03
	4007.33	0.00	12.47	1890.03
	4007.35	0.00	12.48	1893.03
	4007.36	0.00	12.48	1895.03
	4007.37	0.00	12.48	1894.03
	4007.38	0.00	12.48	1895.03
	4007.39	0.00	12.48	1893.03
	4007.41	0.00	12.48	1893.03
	4007.42	0.00	12.49	1895.03
	4007.43	0.00	12.49	1897.03
	4007.44	0.00	12.49	1896.03
	4007.45	0.00	12.50	1894.03
	4007.46	0.00	12.50	1896.03
	4007.48	0.00	12.52	1894.01
	4007.49	0.00	12.50	1889.02
	4007.50	0.00	12.51	1893.02
	4007.51	0.00	12.51	1894.02
	4007.52	0.00	12.53	1894.98
	4007.54	0.00	12.50	1894.05
	4007.55	0.00	12.50	1896.07
	4007.56	0.00	12.50	1896.08
	4007.57	0.00	12.49	1896.09
	4007.58	0.00	12.49	1896.09
	4007.59	0.00	12.50	1896.09
	4007.61	0.00	12.50	1896.09
	4007.69.12	0.00	13.83	2205.18
	4009.13	0.00	13.84	2202.17
	4009.14	0.00	13.85	2205.17
	4009.15	0.00	13.88	2208.15
	4009.16	0.00	13.85	2192.17
	4009.17	0.00	13.85	2187.16
	4009.19	0.00	13.85	2181.16
	4009.20	0.00	13.84	2176.16
	4009.21	0.00	13.80	2156.15
	4009.22	0.00	13.71	2105.12
	4009.23	0.00	13.52	2051.12
	4009.25	0.00	13.38	2001.11
	4009.26	0.00	13.32	1979.16
	4009.27	0.00	13.27	1953.18
	4009.28	0.00	13.22	1934.19
	4009.29	0.00	13.14	1906.25
	4009.30	0.00	13.07	1878.26
	4009.32	0.00	13.01	1849.26
	4009.33	0.00	12.94	1826.31
	4009.34	0.00	12.87	1809.36
	4009.35	0.00	12.82	1794.39
	4009.36	0.00	12.80	1787.40
	4009.37	0.00	12.78	1781.40
	4009.39	0.00	12.76	1775.42
	4009.40	0.00	12.76	1776.42
	4009.41	0.00	12.73	1767.42
	4009.42	0.00	12.73	1765.41
	4009.43	0.00	12.74	1762.37
	4009.44	0.00	12.74	1758.36
	4009.46	0.00	12.71	1751.38
	4009.47	0.00	12.72	1751.38
	4009.48	0.00	12.71	1750.40
	4009.49	0.00	12.72	1755.39
	4009.50	0.00	12.74	1763.39
	4009.52	0.00	12.76	1768.40
	4009.53	0.00	12.90	1772.09
	4009.54	0.00	12.90	1774.09
	4009.55	0.00	12.91	1777.10
	4009.56	0.00	12.88	1761.11
	4009.57	0.00	12.89	1769.12
	4009.59	0.00	12.90	1770.12
	4009.60	0.00	12.89	1759.08
	4009.61	0.00	12.86	1758.12
	4009.62	0.00	12.88	1756.10
	4009.63	0.00	12.83	1760.21
	4009.65	0.00	12.81	1762.28
	4009.66	0.00	12.82	1758.31
	4009.67	0.00	12.81	1757.32
	4009.68	0.00	12.81	1761.33
	4009.69	0.00	12.75	1729.31
	4009.70	0.00	12.77	1736.32
	4009.72	0.00	12.77	1739.33
	4009.73	0.00	12.78	1748.35
	4009.74	0.00	12.79	1757.37
	4009.75	0.00	12.81	1763.36
	4009.76	0.00	12.81	1766.37
	4009.77	0.00	12.80	1769.37
	4009.79	0.00	12.81	1759.32
	4009.80	0.00	12.82	1771.34
	4009.81	0.00	12.84	1781.35
	4009.82	0.00	12.85	1784.35
	4009.83	0.00	12.84	1784.37
	4009.84	0.00	12.84	1786.36
	4009.86	0.00	12.84	1785.37
	4009.87	0.00	12.84	1789.37
	4009.88	0.00	12.83	1787.39
	4009.89	0.00	12.84	1789.37
	4009.90	0.00	12.85	1785.34
	4009.92	0.00	12.84	1786.36
	4009.93	0.00	12.84	1788.36
	4009.94	0.00	12.83	1787.38
	4009.95	0.00	12.80	1793.43
	4009.96	0.00	12.77	1801.51
	4009.97	0.00	12.73	1822.61
	4009.99	0.00	12.66	1839.73
	4010.00	0.00	12.64	1862.81
	4010.01	0.00	12.59	1875.88
	4010.02	0.00	12.56	1887.91
	4010.03	0.00	12.53	1887.91
	4010.04	0.00	12.52	1906.95
	4010.06	0.00	12.50	1915.98
	4010.07	0.00	12.45	1930.04
	4010.08	0.00	12.41	1945.08
	4010.09	0.00	12.33	1950.15
	4010.10	0.00	12.30	1968.19
	4010.12	0.00	12.26	1984.26
	4010.13	0.00	12.24	2002.30
	4010.14	0.00	12.22	2023.35
	4010.15	0.00	12.22	2039.37
	4010.16	0.00	12.21	2058.41
	4010.17	0.00	12.21	2067.43
	4010.19	0.00	12.21	2078.48
	4010.20	0.00	12.21	2082.51
	4010.21	0.00	12.22	2087.52
	4010.22	0.00	12.23	2090.53
	4010.23	0.00	12.24	2083.51
	4010.25	0.00	12.29	2095.47
	4010.26	0.00	12.30	2091.47
	4010.27	0.00	12.32	2092.47
	4010.28	0.00	12.33	2088.46
	4010.29	0.00	12.39	2093.33
	4010.31	0.00	12.42	2094.30
	4010.32	0.00	12.43	2097.31
	4010.33	0.00	12.42	2090.31
	4010.34	0.00	12.43	2095.31
	4010.35	0.00	12.36	2089.45
	4010.36	0.00	12.36	2093.47
	4010.38	0.00	12.37	2093.47
	4010.39	0.00	12.38	2095.47
	4010.40	0.00	12.39	2094.47
	4010.41	0.00	12.40	2090.42
	4010.42	0.00	12.41	2097.44
	4010.44	0.00	12.43	2100.44
	4010.45	0.00	12.43	2107.44
	4010.46	0.00	12.44	2110.43
	4010.47	0.00	12.48	2120.39
	4010.48	0.00	12.46	2116.42
	4010.49	0.00	12.48	2120.42
	4010.51	0.00	12.47	2119.42
	4010.52	0.00	12.47	2119.41
	4010.53	0.00	12.47	2114.42
	4010.54	0.00	12.48	2118.43
	4010.55	0.00	12.49	2119.43
	4010.56	0.00	12.50	2117.42
	4010.58	0.00	12.51	2116.42
	4010.59	0.00	12.53	2108.36
	4010.60	0.00	12.54	2110.36
	4010.61	0.00	12.55	2113.35
	4010.62	0.00	12.57	2110.34
	4010.64	0.00	12.58	2113.33
	4010.65	0.00	12.57	2102.33
	4010.66	0.00	12.58	2107.34
	4010.67	0.00	12.61	2107.31
	4010.68	0.00	12.61	2102.31
	4010.69	0.00	12.60	2098.31
	4010.71	0.00	12.62	2100.30
	4010.72	0.00	12.64	2096.29
	4010.73	0.00	12.66	2094.29
	4010.74	0.00	12.68	2090.27
	4010.75	0.00	12.69	2086.28
	4010.77	0.00	12.71	2081.29
	4010.78	0.00	12.73	2070.28
	4010.79	0.00	12.75	2069.27
	4010.80	0.00	12.77	2066.26
	4010.81	0.00	12.80	2053.21
	4010.82	0.00	12.86	2055.11
	4010.84	0.00	12.89	2043.08
	4010.85	0.00	12.93	2035.04
	4010.86	0.00	12.96	2031.99
	4010.87	0.00	12.98	2025.94
	4010.88	0.00	13.10	2018.63
	4010.90	0.00	13.12	2014.58
	4010.91	0.00	13.16	2007.51
	4010.92	0.00	13.18	1993.42
	4010.93	0.00	13.20	1986.39
	4010.94	0.00	13.21	1974.34
	4010.95	0.00	13.16	1948.36
	4010.97	0.00	13.13	1942.39
	4010.98	0.00	13.14	1934.32
	4010.99	0.00	13.16	1916.26
	4011.00	0.00	13.15	1914.25
	4011.01	0.00	13.14	1915.26
	4011.03	0.00	13.10	1891.24
	4011.04	0.00	13.08	1890.29
	4011.05	0.00	13.07	1891.32
	4011.06	0.00	13.05	1888.36
	4011.07	0.00	13.01	1890.43
	4011.08	0.00	12.97	1888.50
	4011.10	0.00	12.94	1886.56
	4011.11	0.00	12.89	1890.66
	4011.12	0.00	12.84	1897.71
	4011.13	0.00	12.81	1900.78
	4011.14	0.00	12.78	1899.80
	4011.15	0.00	12.76	1906.87
	4011.17	0.00	12.76	1913.87
	4011.18	0.00	12.75	1917.89
	4011.19	0.00	12.73	1914.90
	4011.20	0.00	12.72	1912.91
	4011.21	0.00	12.72	1914.91
	4011.23	0.00	12.71	1916.92
	4011.24	0.00	12.69	1909.93
	4011.25	0.00	12.66	1899.93
	4011.26	0.00	12.63	1896.97
	4011.27	0.00	12.62	1893.98
	4011.28	0.00	12.60	1895.00
	4011.30	0.00	12.59	1895.02
	4011.31	0.00	12.58	1896.04
	4011.32	0.00	12.56	1896.05
	4011.33	0.00	12.54	1891.07
	4011.34	0.00	12.53	1893.07
	4011.36	0.00	12.51	1884.04
	4011.37	0.00	12.50	1886.05
	4011.38	0.00	12.47	1888.05
	4011.39	0.00	12.44	1888.06
	4011.40	0.00	12.43	1891.08
	4011.41	0.00	12.40	1885.10
	4011.43	0.00	12.38	1888.12
	4011.44	0.00	12.36	1885.13
	4011.45	0.00	12.27	1902.15
	4011.46	0.00	12.23	1899.18
	4011.47	0.00	12.14	1904.19
	4011.49	0.00	12.12	1907.19
	4011.50	0.00	12.06	1897.20
	4011.51	0.00	12.04	1898.21
	4011.52	0.00	12.01	1894.23
	4011.53	0.00	12.00	1892.22
	4011.54	0.00	11.98	1895.25
	4011.56	0.00	11.96	1889.24
	4011.57	0.00	11.94	1896.24
	4011.58	0.00	11.92	1899.24
	4011.59	0.00	11.89	1897.25
	4011.60	0.00	11.84	1889.26
	4011.62	0.00	11.82	1887.26
	4011.63	0.00	11.83	1896.26
	4011.64	0.00	11.84	1906.27
	4011.65	0.00	11.83	1912.27
	4011.66	0.00	11.83	1916.27
	4011.67	0.00	11.82	1924.28
	4011.69	0.00	11.83	1930.26
	4011.70	0.00	11.83	1937.28
	4011.71	0.00	11.83	1939.29
	4011.72	0.00	11.83	1944.27
	4011.73	0.00	11.82	1944.29
	4011.75	0.00	11.81	1945.30
	4011.76	0.00	11.82	1947.27
	4011.77	0.00	11.81	1952.32
	4011.78	0.00	11.81	1958.34
	4011.79	0.00	11.81	1960.36
	4011.80	0.00	11.80	1959.36
	4011.82	0.00	11.81	1962.37
	4011.83	0.00	11.81	1966.38
	4011.84	0.00	11.80	1968.39
	4011.85	0.00	11.82	1971.38
	4011.86	0.00	11.83	1976.38
	4011.87	0.00	11.86	1980.33
	4011.89	0.00	11.89	1989.34
	4011.90	0.00	11.92	2003.35
	4011.91	0.00	11.95	2010.36
	4011.92	0.00	11.96	2009.36
	4011.93	0.00	11.98	2016.37
	4011.94	0.00	11.98	2014.38
	4011.96	0.00	12.01	2008.37
	4011.97	0.00	12.15	2003.07
	4011.98	0.00	12.18	1996.09
	4011.99	0.00	12.20	1991.12
	4012.00	0.00	12.19	1980.12
	4012.02	0.00	12.19	1975.12
	4012.03	0.00	12.19	1972.12
	4012.04	0.00	12.21	1967.12
	4012.05	0.00	12.22	1964.11
	4012.06	0.00	12.22	1945.07
	4012.08	0.00	12.17	1942.21
	4012.09	0.00	12.17	1940.26
	4012.10	0.00	12.18	1933.28
	4012.11	0.00	12.20	1936.29
	4012.12	0.00	12.21	1938.30
	4012.13	0.00	12.21	1937.30
	4012.15	0.00	12.22	1937.29
	4012.16	0.00	12.19	1908.28
	4012.17	0.00	12.21	1917.29
	4012.18	0.00	12.22	1921.30
	4012.19	0.00	12.23	1921.31
	4012.21	0.00	12.24	1921.31
	4012.22	0.00	12.25	1930.31
	4012.23	0.00	12.24	1931.31
	4012.24	0.00	12.24	1930.31
	4012.25	0.00	12.24	1931.32
	4012.26	0.00	12.25	1929.27
	4012.28	0.00	12.28	1940.28
	4012.29	0.00	12.28	1944.29
	4012.30	0.00	12.28	1944.30
	4012.31	0.00	12.28	1945.30
	4012.32	0.00	12.29	1945.30
	4012.34	0.00	12.29	1945.30
	4012.35	0.00	12.29	1944.30
	4012.36	0.00	12.28	1946.30
	4012.37	0.00	12.28	1942.27
	4012.38	0.00	12.28	1945.29
	4012.39	0.00	12.29	1946.29
	4012.41	0.00	12.30	1946.26
	4012.42	0.00	12.29	1945.30
	4012.