	923.34
	1855.05	0.00	10.86	926.41
	1855.07	0.00	10.85	924.40
	1855.08	0.00	10.83	928.43
	1855.09	0.00	10.87	940.45
	1855.10	0.00	10.92	954.46
	1855.11	0.00	10.94	962.47
	1855.12	0.00	10.98	958.50
	1855.14	0.00	10.97	991.55
	1855.15	0.00	11.03	1004.52
	1855.16	0.00	11.05	1010.53
	1855.17	0.00	11.08	1019.54
	1855.18	0.00	11.06	1017.53
	1855.19	0.00	11.06	1023.58
	1855.20	0.00	11.05	1028.59
	1855.22	0.00	11.08	1037.60
	1855.23	0.00	11.08	1040.60
	1855.24	0.00	11.11	1042.60
	1855.25	0.00	11.09	1040.60
	1855.26	0.00	11.11	1046.60
	1855.28	0.00	11.12	1049.61
	1855.29	0.00	11.11	1048.60
	1855.30	0.00	11.13	1056.61
	1855.31	0.00	11.14	1059.63
	1855.32	0.00	11.17	1066.61
	1855.33	0.00	11.18	1067.62
	1855.34	0.00	11.18	1070.62
	1855.36	0.00	11.21	1075.60
	1855.37	0.00	11.20	1074.61
	1855.38	0.00	11.17	1073.66
	1855.39	0.00	11.18	1073.67
	1855.40	0.00	11.15	1073.71
	1855.42	0.00	11.19	1076.67
	1855.43	0.00	11.19	1075.67
	1855.44	0.00	11.23	1075.61
	1855.45	0.00	11.21	1077.67
	1855.46	0.00	11.20	1077.68
	1855.47	0.00	11.21	1078.68
	1855.48	0.00	11.25	1077.63
	1855.50	0.00	11.26	1078.63
	1855.51	0.00	11.27	1080.64
	1855.52	0.00	11.28	1079.63
	1855.53	0.00	11.28	1080.64
	1855.54	0.00	11.28	1078.64
	1855.56	0.00	11.28	1080.64
	1855.57	0.00	11.28	1080.64
	1855.58	0.00	11.40	1079.41
	1855.59	0.00	11.49	1083.31
	1855.60	0.00	11.49	1082.30
	1855.61	0.00	11.48	1078.31
	1855.63	0.00	11.46	1072.33
	1855.64	0.00	11.49	1076.31
	1855.65	0.00	11.46	1074.32
	1855.66	0.00	11.35	1060.42
	1855.67	0.00	11.27	1057.52
	1855.68	0.00	11.21	1058.62
	1855.69	0.00	11.22	1057.63
	1855.71	0.00	11.25	1059.63
	1855.72	0.00	11.24	1058.67
	1855.73	0.00	11.27	1052.57
	1855.74	0.00	11.23	1044.56
	1855.75	0.00	11.22	1042.57
	1855.77	0.00	11.21	1044.60
	1855.78	0.00	11.27	1053.59
	1855.79	0.00	11.26	1053.59
	1855.80	0.00	11.25	1052.59
	1855.81	0.00	11.25	1058.60
	1855.82	0.00	11.25	1060.59
	1855.83	0.00	11.25	1061.60
	1855.85	0.00	11.30	1068.55
	1855.86	0.00	11.32	1075.57
	1855.87	0.00	11.32	1073.57
	1855.88	00	11.77	948.53
	1886.22	0.00	11.81	952.50
	1886.23	0.00	11.84	952.46
	1886.24	0.00	11.85	951.45
	1886.25	0.00	11.88	952.42
	1886.27	0.00	11.88	953.41
	1886.28	0.00	11.89	952.40
	1886.29	0.00	11.90	952.39
	1886.30	0.00	11.92	950.35
	1886.31	0.00	11.92	948.31
	1886.32	0.00	11.94	948.29
	1886.33	0.00	11.89	934.28
	1886.35	0.00	11.88	930.27
	1886.36	0.00	11.91	929.22
	1886.37	0.00	11.90	930.24
	1886.38	0.00	11.91	928.22
	1886.39	0.00	11.93	927.18
	1886.40	0.00	11.97	930.16
	1886.42	0.00	11.96	928.15
	1886.43	0.00	11.95	923.13
	1886.44	0.00	12.01	928.09
	1886.45	0.00	12.04	931.08
	1886.46	0.00	12.05	929.07
	1886.47	0.00	12.06	929.05
	1886.48	0.00	12.04	928.07
	1886.50	0.00	12.05	929.07
	1886.51	0.00	12.04	928.07
	1886.52	0.00	12.04	928.07
	1886.53	0.00	12.03	927.08
	1886.54	0.00	12.04	928.08
	1886.55	0.00	12.04	929.08
	1886.57	0.00	12.01	926.10
	1886.58	0.00	12.00	925.10
	1886.59	0.00	12.01	926.10
	1886.60	0.00	12.00	926.11
	1886.61	0.00	12.00	924.10
	1886.62	0.00	11.95	918.12
	1886.64	0.00	11.97	922.13
	1886.65	0.00	11.97	923.14
	1886.66	0.00	11.91	925.22
	1886.67	0.00	11.90	925.27
	1886.68	0.00	11.87	924.29
	1886.69	0.00	11.87	905.30
	1886.70	0.00	11.86	925.31
	1886.72	0.00	11.89	905.30
	1886.73	0.00	11.84	895.30
	1886.74	0.00	11.88	926.29
	1886.75	0.00	11.86	925.30
	1886.76	0.00	11.88	925.28
	1886.77	0.00	11.87	923.28
	1886.79	0.00	11.88	925.27
	1886.80	0.00	11.86	923.27
	1886.81	0.00	11.86	921.27
	1886.82	0.00	11.87	923.27
	1886.83	0.00	11.92	923.20
	1886.84	0.00	11.83	923.29
	1886.86	0.00	11.82	919.30
	1886.87	0.00	11.85	924.30
	1886.88	0.00	11.85	924.29
	1886.89	0.00	11.85	922.29
	1886.90	0.00	11.84	922.30
	1886.91	0.00	11.83	927.31
	1886.92	0.00	11.83	922.31
	1886.94	0.00	11.83	922.32
	1886.95	0.00	11.83	922.31
	1886.96	0.00	11.83	922.32
	1886.97	0.00	11.78	924.36
	1886.98	0.00	11.77	923.39
	1886.99	0.00	11.76	923.39
	1887.01	0.00	11.75	921.41
	1887.02	0.00	11.74	920.42
	1887.03	0.00	11.74	923.43
	1887.04	0.00	11.73	919.43
	1887.05	0.00	11.73	920.43
	1887.06	0.00	11.74	921.43
	1887.07	0.00	11.73	920.43
	1887.09	0.00	11.73	918.41
	1887.10	0.00	11.75	919.39
	1887.11	0.00	11.77	921.38
	1887.12	0.00	11.76	919.38
	1887.13	0.00	11.76	921.39
	1887.14	0.00	11.76	923.39
	1887.16	0.00	11.77	924.40
	1887.17	0.00	11.77	923.40
	1887.18	0.00	11.77	924.40
	1887.19	0.00	11.76	925.41
	1887.20	0.00	11.78	923.40
	1887.21	0.00	11.77	924.40
	1887.22	0.00	11.78	925.40
	1887.24	0.00	11.78	925.40
	1887.25	0.00	11.78	925.40
	1887.26	0.00	11.79	927.39
	1887.27	0.00	11.80	926.38
	1887.28	0.00	11.80	924.38
	1887.30	0.00	11.79	925.38
	1887.31	0.00	11.80	925.37
	1887.32	0.00	11.83	927.35
	1887.33	0.00	11.83	928.35
	1887.34	0.00	11.82	926.35
	1887.35	0.00	11.81	922.34
	1887.36	0.00	11.82	927.36
	1887.38	0.00	11.86	926.31
	1887.39	0.00	11.85	928.31
	1887.40	0.00	11.81	921.31
	1887.41	0.00	11.89	924.22
	1887.42	0.00	11.94	924.17
	1887.43	0.00	11.95	925.15
	1887.45	0.00	11.98	927.13
	1887.46	0.00	12.03	926.06
	1887.47	0.00	12.06	926.01
	1887.48	0.00	12.07	926.00
	1887.49	0.00	12.10	928.98
	1887.50	0.00	12.13	928.97
	1887.52	0.00	12.12	930.98
	1887.53	0.00	12.14	930.97
	1887.54	0.00	12.13	929.97
	1887.55	0.00	12.15	928.95
	1887.56	0.00	12.17	933.94
	1887.57	0.00	12.17	930.93
	1887.58	0.00	12.19	932.93
	1887.60	0.00	12.19	933.94
	1887.61	0.00	12.17	934.95
	1887.62	0.00	12.19	936.96
	1887.63	0.00	12.17	933.96
	1887.64	0.00	12.17	933.96
	1887.65	0.00	12.17	933.96
	1887.67	0.00	12.17	933.96
	1887.68	0.00	12.17	933.96
	1887.69	0.00	12.18	934.96
	1887.70	0.00	12.17	932.95
	1887.71	0.00	12.17	932.95
	1887.72	0.00	12.18	933.95
	1887.73	0.00	12.20	934.95
	1887.75	0.00	12.18	934.95
	1887.76	0.00	12.18	934.95
	1887.77	0.00	12.16	921.89
	1887.78	0.00	12.13	918.90
	1887.79	0.00	12.10	919.94
	1887.80	0.00	12.15	920.89
	1887.82	0.00	12.16	923.91
	1887.83	0.00	12.15	920.89
	1887.84	0.00	12.11	917.91
	1887.85	0.00	12.09	920.95
	1887.86	0.00	12.07	918.97
	1887.87	0.00	12.06	918.99
	1887.89	0.00	12.04	919.02
	1887.90	0.00	12.06	915.00
	1887.91	0.00	12.06	914.03
	1887.92	0.00	12.05	912.04
	1887.93	0.00	12.03	913.05
	1887.94	0.00	12.05	913.05
	1887.95	0.00	12.04	913.04
	1887.97	0.00	12.04	915.05
	1887.98	0.00	12.04	914.05
	1887.99	0.00	12.02	912.06
	1888.00	0.00	12.03	914.07
	1888.01	0.00	12.03	913.06
	1888.02	0.00	12.04	917.07
	1888.04	0.00	12.01	912.07
	1888.05	0.00	12.02	913.07
	1888.06	0.00	12.02	916.07
	1888.07	0.00	12.03	914.06
	1888.08	0.00	11.94	899.06
	1888.09	0.00	11.88	887.07
	1888.10	0.00	11.89	887.07
	1888.12	0.00	11.91	888.04
	1888.13	0.00	11.98	905.07
	1888.14	0.00	12.04	917.07
	1888.15	0.00	11.99	907.07
	1888.16	0.00	11.90	889.05
	1888.18	0.00	11.87	888.07
	1888.19	0.00	11.91	892.07
	1888.20	0.00	11.90	892.080	11.76	938.47
	1888.88	0.00	11.76	938.47
	1888.89	0.00	11.76	940.48
	1888.90	0.00	11.74	937.49
	1888.92	0.00	11.74	937.49
	1888.93	0.00	11.73	935.50
	1888.94	0.00	11.73	935.50
	1888.95	0.00	11.73	937.51
	1888.96	0.00	11.71	935.52
	1888.97	0.00	11.70	934.53
	1888.98	0.00	11.66	931.55
	1889.00	0.00	11.64	926.56
	1889.01	0.00	11.62	923.56
	1889.02	0.00	11.59	920.58
	1889.03	0.00	11.57	919.60
	1889.04	0.00	11.55	915.60
	1889.05	0.00	11.53	914.62
	1889.06	0.00	11.54	915.63
	1889.08	0.00	11.52	914.64
	1889.09	0.00	11.52	915.66
	1889.10	0.00	11.52	919.66
	1889.11	0.00	11.51	917.67
	1889.12	0.00	11.47	921.73
	1889.14	0.00	11.41	924.80
	1889.15	0.00	11.38	931.86
	1889.16	0.00	11.20	933.10
	1889.17	0.00	11.21	921.14
	1889.18	0.00	11.13	925.23
	1889.19	0.00	11.14	924.20
	1889.20	0.00	11.11	926.22
	1889.22	0.00	11.10	928.23
	1889.23	0.00	11.09	930.22
	1889.24	0.00	11.08	940.29
	1889.25	0.00	11.07	943.30
	1889.26	0.00	11.02	948.36
	1889.27	0.00	10.99	955.43
	1889.29	0.00	11.00	963.43
	1889.30	0.00	10.98	967.44
	1889.31	0.00	10.97	973.46
	1889.32	0.00	10.95	980.49
	1889.33	0.00	10.96	986.50
	1889.34	0.00	10.96	994.51
	1889.36	0.00	10.92	1002.53
	1889.37	0.00	10.89	1015.57
	1889.38	0.00	10.88	1023.58
	1889.39	0.00	10.82	1025.60
	1889.40	0.00	10.82	1034.61
	1889.42	0.00	10.78	1037.64
	1889.43	0.00	10.78	1044.64
	1889.44	0.00	10.85	1049.54
	1889.45	0.00	10.79	1052.65
	1889.46	0.00	10.75	1048.64
	1889.47	0.00	10.77	1058.65
	1889.48	0.00	10.75	1061.65
	1889.50	0.00	10.73	1065.68
	1889.51	0.00	10.73	1071.66
	1889.52	0.00	10.71	1073.66
	1889.53	0.32.79
	1896.41	0.00	10.90	830.81
	1896.43	0.00	10.83	818.79
	1896.44	0.00	10.93	831.79
	1896.45	0.00	10.93	832.78
	1896.46	0.00	10.92	829.79
	1896.47	0.00	11.03	853.78
	1896.48	0.00	10.95	833.78
	1896.50	0.00	11.02	856.79
	1896.51	0.00	10.92	835.80
	1896.52	0.00	11.03	857.79
	1896.53	0.00	11.01	856.80
	1896.54	0.00	11.02	858.80
	1896.55	0.00	11.00	857.82
	1896.56	0.00	10.93	836.78
	1896.58	0.00	10.92	835.79
	1896.59	0.00	10.91	834.80
	1896.60	0.00	10.92	837.81
	1896.61	0.00	10.92	836.78
	1896.62	0.00	10.92	836.80
	1896.63	0.00	10.89	834.81
	1896.65	0.00	10.93	839.81
	1896.66	0.00	10.94	840.80
	1896.67	0.00	10.93	838.80
	1896.68	0.00	10.93	838.80
	1896.69	0.00	10.95	839.80
	1896.70	0.00	10.97	837.78
	1896.71	0.00	10.95	841.80
	1896.73	0.00	10.95	840.79
	1896.74	0.00	10.95	840.79
	1896.75	0.00	10.95	840.79
	1896.76	0.00	10.96	842.79
	1896.77	0.00	10.96	840.79
	1896.78	0.00	11.00	845.78
	1896.80	0.00	11.08	852.72
	1896.81	0.00	11.04	845.72
	1896.82	0.00	11.24	873.72
	1896.83	0.00	11.30	885.73
	1896.84	0.00	11.51	935.75
	1896.85	0.00	11.57	946.80
	1896.86	0.00	11.52	962.94
	1896.88	0.00	11.52	990.12
	1896.89	0.00	11.45	1011.28
	1896.90	0.00	11.33	1054.44
	1896.91	0.00	11.21	1060.56
	1896.92	0.00	11.22	1079.63
	1896.94	0.00	11.17	1086.63
	1896.95	0.00	11.14	1106.73
	1896.96	0.00	11.10	1119.76
	1896.97	0.00	11.09	1140.81
	1896.98	0.00	11.04	1144.88
	1896.99	0.00	11.02	1158.91
	1897.01	0.00	10.97	1165.96
	1897.02	0.00	10.98	1174.93
	1897.03	0.00	10.95	1178.94
	1897.04	0.00	10.93	1185.95
	1897.05	0.00	10.92	1186.95
	1897.06	0.00	10.90	8
	1898.75	0.00	11.03	881.96
	1898.76	0.00	11.03	879.96
	1898.77	0.00	11.04	878.96
	1898.78	0.00	11.05	876.92
	1898.79	0.00	10.97	865.95
	1898.80	0.00	11.02	874.95
	1898.81	0.00	10.99	869.94
	1898.83	0.00	11.01	872.94
	1898.84	0.00	11.04	872.91
	1898.85	0.00	11.03	869.90
	1898.86	0.00	11.02	868.89
	1898.87	0.00	11.02	867.88
	1898.89	0.00	11.02	867.89
	1898.90	0.00	10.95	848.88
	1898.91	0.00	10.93	846.87
	1898.92	0.00	10.92	842.88
	1898.93	0.00	10.94	849.90
	1898.94	0.00	10.95	849.89
	1898.95	0.00	10.93	846.89
	1898.97	0.00	10.94	847.89
	1898.98	0.00	10.94	846.88
	1898.99	0.00	10.92	844.90
	1899.00	0.00	10.94	848.88
	1899.01	0.00	10.94	846.88
	1899.02	0.00	10.94	844.88
	1899.04	0.00	10.92	844.89
	1899.05	0.00	10.94	845.88
	1899.06	0.00	10.93	843.88
	1899.07	0.00	10.94	844.88
	1899.08	0.00	10.93	842.88
	1899.09	0.00	10.93	844.88
	1899.10	0.00	10.94	846.88
	1899.12	0.00	10.92	841.86
	1899.13	0.00	10.90	837.85
	1899.14	0.00	10.91	837.85
	1899.15	0.00	10.93	841.85
	1899.16	0.00	10.95	842.84
	1899.17	0.00	10.95	843.84
	1899.19	0.00	10.97	845.83
	1899.20	0.00	10.94	842.84
	1899.21	0.00	10.95	842.84
	1899.22	0.00	10.98	851.86
	1899.23	0.00	10.98	851.87
	1899.24	0.00	10.96	850.88
	1899.26	0.00	10.96	846.87
	1899.27	0.00	10.96	849.87
	1899.28	0.00	10.96	850.87
	1899.29	0.00	10.96	850.87
	1899.30	0.00	10.96	850.88
	1899.31	0.00	10.99	848.86
	1899.32	0.00	10.98	850.86
	1899.34	0.00	10.98	849.86
	1899.35	0.00	10.98	850.86
	1899.36	0.00	10.98	851.87
	1899.37	0.00	10.90	838.86
	1899.38	0.00	10.97	850.86
	1899.40	0.00	10.98	851.86
	1899.41	0.00	10.98	851.86
	1899.42	0.00	11.02	854.86
	1899.43	0.00	10.95	847.86
	1899.44	0.00	10.92	841.85
	1899.45	0.00	10.96	847.85
	1899.46	0.00	10.92	841.86
	1899.47	0.00	10.97	845.85
	1899.49	0.00	10.92	840.84
	1899.50	0.00	10.97	847.84
	1899.51	0.00	10.93	840.83
	1899.52	0.00	10.95	843.83
	1899.53	0.00	10.95	845.83
	1899.55	0.00	10.96	845.83
	1899.56	0.00	10.98	846.80
	1899.57	0.00	10.95	845.83
	1899.58	0.00	10.96	845.83
	1899.59	0.00	10.95	843.83
	1899.60	0.00	10.95	843.82
	1899.61	0.00	10.96	844.82
	1899.63	0.00	10.97	845.82
	1899.64	0.00	10.95	844.82
	1899.65	0.00	10.95	840.82
	1899.66	0.00	10.95	840.82
	1899.67	0.00	10.94	840.82
	1899.68	0.00	10.97	89	837.88
	1903.22	0.00	10.87	834.88
	1903.24	0.00	10.88	835.88
	1903.25	0.00	10.88	836.88.00	10.87	834.90
	1903.21	0.00	10.89	837.88
	1903.22	0.00	10.87	834.88
	1903.24	0.00	10.88	835.88
	1903.25	0.00	10.88	836.88.00	10.87	834.90
	1903.21	0.00	10.89	837.88
	1903.22	0.00	10.87	834.88
	1903.24	0.00	10.88	835.88
	1903.25	0.00	10.88	836.88
	1903.26	0.00	10.87	836.89
	1903.27	0.00	10.89	841.88
	1903.28	0.00	10.88	838.88
	1903.29	0.00	10.86	833.84
	1903.31	0.00	10.87	835.86
	1903.32	0.00	10.88	836.85
	1903.33	0.00	10.87	831.84
	1903.34	0.00	10.87	835.87
	1903.35	0.00	10.88	834.85
	1903.36	0.00	10.88	834.84
	1903.38	0.00	10.87	836.87
	1903.39	0.00	10.88	837.88
	1903.40	0.00	10.87	837.87
	1903.41	0.00	10.91	836.82
	1903.42	0.00	10.90	838.86
	1903.43	0.00	10.87	836.86
	1903.44	0.00	10.88	838.86
	1903.46	0.00	10.88	834.87
	1903.47	0.00	10.89	838.86
	1903.48	0.00	10.90	835.85
	1903.49	0.00	10.89	835.86
	1903.50	0.00	10.95	834.77
	1903.51	0.00	10.89	833.86
	1903.53	0.00	10.84	830.86
	1903.54	0.00	108.87
	1903.64	0.00	10.89	839.87
	1903.65	0.00	10.89	837.87
	1903.67	0.00	10.89	838.89
	1903.68	0.00	10.91	842.88
	1903.69	0.00	10.89	839.88
	1903.70	0.00	10.89	841.89
	1903.71	0.00	10.88	839.91
	1903.72	0.00	10.91	845.89
	1903.73	0.00	10.90	840.89
	1903.75	0.00	10.89	840.90
	1903.76	0.00	10.89	843.90
	1903.77	0.00	10.89	843.91
	1903.78	0.00	10.87	839.91
	1903.79	0.00	10.90	843.90
	1903.80	0.00	10.89	843.90
	1903.81	0.00	10.91	845.90
	1903.83	0.00	10.90	845.90
	1903.84	0.00	10.93	846.90
	1903.85	0.00	10.90	844.90
	1903.86	0.00	10.95	845.88
	1903.87	0.00	10.95	841.84
	1903.89	0.00	10.99	850.84
	1903.90	0.00	11.04	854.81
	1903.91	0.00	11.10	861.81
	1903.92	0.00	11.12	868.84
	1903.93	0.00	11.25	909.91
	1903.94	0.00	11.25	932.03
	1903.95	0.00	11.24	960.17
	1903.97	0.00	11.21	959.29
	1903.98	0.00	11.14	972.43
	1903.99	0.00	11.13	978.45
	1904.00	0.00	11.14	986.44
	1904.01	0.00	11.14	990.45
	1904.02	0.00	11.13	1000.52
	1904.04	0.00	11.16	1009.52
	1904.05	0.00	11.13	1011.57
	1904.06	0.00	11.10	1018.61
	1904.07	0.00	11.09	1022.66
	1904.08	0.00	11.08	1030.70
	1904.09	0.00	11.04	1035.75
	1904.10	0.00	11.04	1043.78
	1904.12	0.00	11.01	1050.81
	1904.13	0.00	10.99	1059.83
	1904.14	0.00	10.96	1064.88
	1904.15	0.00	10.93	1068.86
	1904.16	0.00	10.93	1098.89
	1904.18	0.00	10.88	1098.93
	1904.19	0.00	10.90	1105.91
	1904.20	0.00	10.90	1106.91
	1904.21	0.00	10.91	1109.91
	1904.22	0.00	10.91	1116.92
	1904.23	0.00	10.92	1119.91
	1904.25	0.00	10.93	1124.91
	1904.26	0.00	10.93	1127.91
	1904.27	0.00	10.96	1126.81
	1904.28	0.00	10.93	1131.91
	1904.29	0.001907.31	0.00	10.95	838.81
	1907.32	0.00	10.96	836.80
	1907.33	0.00	10.96	837.79
	1907.34	0.00	10.95	835.79
	1907.35	0.00	10.92	830.79
	1907.36	0.00	10.96	835.78
	1907.38	0.00	10.97	835.78
	1907.39	0.00	10.96	836.78
	1907.40	0.00	10.98	837.77
	1907.41	0.00	10.98	837.77
	1907.42	0.00	10.97	835.77
	1907.44	0.00	10.94	831.77
	1907.45	0.00	10.97	836.77
	1907.46	0.00	10.97	837.76
	1907.47	0.00	10.98	836.75
	1907.48	0.00	10.94	829.75
	1907.49	0.00	10.93	830.77
	1907.51	0.00	10.95	831.75
	1907.52	0.00	10.95	831.75
	1907.53	0.00	10.94	832.76
	1907.54	0.00	10.94	832.76
	1907.55	0.00	10.93	832.77
	1907.56	0.00	10.93	831.76
	1907.57	0.00	10.95	833.76
	1907.59	0.00	10.95	833.76
	1907.60	0.00	10.97	834.74
	1907.61	0.00	10.97	836.76
	1907.62	0.00	10.95	834.77
	1907.63	0.00	10.95	834.77
	1907.64	0.00	10.94	834.78
	1907.66	0.00	10.97	838.77
	1907.67	0.00	10.95	835.77
	1907.68	0.00	10.95	835.78
	1907.69	0.00	10.95	836.78
	1907.70	0.00	10.97	838.77
	1907.71	0.00	10.97	839.78
	1907.72	0.00	10.96	836.77
	1907.74	0.00	10.96	837.77
	1907.75	0.00	10.96	835.77
	1907.76	0.00	10.98	840.77
	1907.77	0.00	10.97	837.77
	1907.78	0.00	10.97	838.77
	1907.79	0.00	10.96	837.78
	1907.81	0.00	10.97	840.78
	1907.82	0.00	10.96	837.78
	1907.83	0.00	10.93	832.78
	1907.84	0.00	10.94	835.78
	1907.85	0.00	10.93	834.79
	1907.86	0.00	10.96	835.78
	1907.88	0.00	10.94	833.78
	1907.89	0.00	10.96	835.77
	1907.90	0.00	10.96	834.77
	1907.91	0.00	11.04	845.76
	1907.92	0.00	11.12	849.69
	1907.93	0.00	11.10	850.73
	1907.94	0.00	11.15	856.71
	1907.96	0.00	11.21	866.70
	1907.97	0.00	11.24	874.71
	1907.98	0.00	11.29	880.71
	1907.99	0.00	11.29	887.77
	1908.00	0.00	11.40	929.82
	1908.01	0.00	11.41	954.94
	1908.03	0.00	11.37	978.08
	1908.04	0.00	11.29	990.21
	1908.05	0.00	11.20	998.33
	1908.06	0.00	11.17	1010.35
	1908.07	0.00	11.10	996.45
	1908.08	0.00	11.06	1000.50
	1908.10	0.00	11.07	1007.48
	1908.11	0.00	11.02	1014.59
	1908.12	0.00	10.99	1020.62
	1908.13	0.00	10.96	1029.66
	1908.14	0.00	10.94	1039.69
	1908.15	0.00	10.89	1048.75
	1908.17	0.00	10.83	1051.80
	1908.18	0.00	10.82	1083.84
	1908.19	0.00	10.80	1091.88
	1908.20	0.00	10.79	1102.88
	1908.21	0.00	10.80	1113.89
	1908.22	0.00	10.81	1125.89
	1908.23	0.00	10.79	1128.90
	1908.25	0.00	10.82	1133.86
	1908.26	0.00	10.83	1138.86
	1908.27	0.00	10.82	1136.84
	1908.28	0.00	10.83	1139.85
	1908.29	0.00	10.87	1143.83
	1908.31	0.00	10.89	1150.83
	1908.32	0.00	10.91	1155.83
	1908.33	0.00	10.92	1160.84
	1908.34	0.00	10.94	1163.84
	1908.35	0.00	10.95	1167.84
	1908.36	0.00	10.97	1172.84
	1908.38	0.00	10.95	1171.88
	1908.39	0.00	10.95	1170.89
	1908.40	0.00	10.96	1173.89
	1908.41	0.00	10.97	1170.89
	1908.42	0.00	10.98	1170.89
	1908.43	0.00	10.98	1166.90
	1908.44	0.00	10.98	1157.88
	1908.46	0.00	11.02	1160.84
	1908.47	0.00	11.04	1162.82
	1908.48	0.00	11.04	1158.85
	1908.49	0.00	11.04	1157.84
	1908.50	0.00	11.04	1157.84
	1908.52	0.00	11.04	1154.84
	1908.53	0.00	11.04	1154.85
	1908.54	0.00	11.05	1151.82
	1908.55	0.00	11.07	1148.79
	1908.56	0.00	11.17	1144.60
	1908.57	0.00	11.19	1144.59
	1908.58	0.00	11.20	1144.58
	1908.60	0.00	11.22	1142.57
	1908.61	0.00	11.23	1137.57
	1908.62	0
	1911.13	0.00	10.95	1034.68
	1911.14	0.00	10.98	1036.66
	1911.15	0.00	10.97	1036.67
	1911.17	0.00	10.97	1036.66
	1911.18	0.00	10.97	1034.66
	1911.19	0.00	10.96	1036.69
	1911.20	0.00	10.98	1037.66
	1911.21	0.00	10.93	1027.66
	1911.22	0.00	10.95	1034.67
	1911.24	0.00	10.93	1030.69
	1911.25	0.00	10.94	1029.66
	1911.26	0.00	10.95	1032.67
	1911.27	0.00	10.95	1033.66
	1911.28	0.00	10.93	1029.67
	1911.29	0.00	10.93	1030.67
	1911.31	0.00	10.94	1032.67
	1911.32	0.00	10.90	1024.67
	1911.33	0.00	10.94	1031.67
	1911.34	0.00	10.92	1030.69
	1911.35	0.00	10.94	1030.67
	1911.36	0.00	10.94	1030.67
	1911.38	0.00	10.95	1029.67
	1911.39	0.00	10.94	1031.67
	1911.40	0.00	10.99	1031.58
	1911.41	0.00	10.94	1031.68
	1911.42	0.00	10.92	1031.71
	1911.43	0.00	10.90	1032.73
	1911.45	0.00	10.90	1033.74
	1911.46	0.00	10.91	1033.73
	1911.47	0.00	10.90	1034.74
	1911.48	0.00	10.89	1034.74
	1911.49	0.00	10.89	1035.75
	1911.50	0.00	10.91	1033.70
	1911.52	0.00	10.89	1029.70
	1911.53	0.00	10.92	1039.72
	1911.54	0.00	10.92	1038.72
	1911.55	0.00	10.92	1038.73
	1911.56	0.00	10.90	1037.74
	1911.57	0.00	10.90	1039.74
	1911.58	0.00	10.90	1039.75
	1911.60	0.00	10.86	1032.75
	1911.61	0.00	11.06	1038.46
	1911.62	0.00	11.09	1041.42
	1911.63	0.00	11.09	1044.42
	1911.64	0.00	11.11	1045.42
	1911.66	0.00	11.08	1041.44
	1911.67	0.00	11.08	1041.44
	1911.68	0.00	11.09	1042.44
	1911.69	0.00	11.06	1041.45
	1911.70	0.00	11.04	1028.38
	1911.71	0.00	11.01	1026.41
	1911.73	0.00	10.93	1029.56
	1911.74	0.00	10.94	1026.55
	1911.75	0.00	10.91	1030.62
	1911.76	0.00	10.89	1024.67
	1911.77	0.00	10.90	1027.68
	1911.78	0.00	10.91	1029.69
	1911.80	0.00	10.87	1019.65
	1911.81	0.00	10.79	1007.70
	1911.82	0.00	10.83	1016.70
	1911.83	0.00	10.85	1023.73
	1911.84	0.00	10.88	1023.73
	1911.85	0.00	10.87	1021.73
	1911.87	0.00	10.88	1022.73
	1911.88	0.00	10.87	1028.75
	1911.89	0.00	10.85	1023.73
	1911.90	0.00	10.86	1026.74
	1911.91	0.00	10.86	1025.73
	1911.92	0.00	10.81	1017.74
	1911.94	0.00	10.87	1021.68
	1911.95	0.00	10.93	1035.70
	1911.96	0.00	10.94	1038.70
	1911.97	0.00	10.93	1037.71
	1911.98	0.00	10.92	1037.71
	1911.99	0.00	10.92	1039.72
	1912.01	0.00	10.92	1032.66
	1912.02	0.00	10.92	1039.72
	1912.03	0.00	10.94	1040.69
	1912.04	0.00	10.90	1035.72
	1912.05	0.00	10.91	1038.72
	1912.06	0.00	10.91	1039.74
	1912.08	0.00	10.91	1039.74
	1912.09	0.00	10.92	1039.74
	1912.10	0.00	10.91	1040.74
	1912.11	0.00	10.90	1038.75
	1912.12	0.00	10.90	1037.75
	1912.13	0.00	10.90	1038.76
	1912.15	0.00	10.90	1036.74
	1912.16	0.00	10.90	1038.74
	1912.17	0.00	10.89	1032.70
	1912.18	0.00	10.91	1035.70
	1912.19	0.00	10.93	1036.69
	1912.20	0.00	10.91	1036.69
	1912.21	0.00	10.93	1039.69
	1912.23	0.00	10.93	1038.69
	1912.24	0.00	10.92	1038.68
	1912.25	0.00	10.93	1039.69
	1912.26	0.00	10.92	1036.69
	1912.27	0.00	10.88	1029.69
	1912.29	0.00	10.89	1033.69
	1912.30	0.00	10.89	1033.68
	1912.31	0.00	10.92	1035.68
	1912.32	0.00	10.89	1031.68
	1912.33	0.00	10.88	1031.69
	1912.34	0.00	10.89	1031.68
	1912.35	0.00	10.86	1022.68
	1912.37	0.00	10.90	1032.68
	1912.38	0.00	10.87	1027.68
	1912.39	0.00	10.90	1029.68
	1912.40	0.00	10.88	1030.70
	1912.41	0.00	10.92	1034.68
.91	1032.71
	1913.17	0.00	10.91	1029.71
	1913.18	0.00	10.91	1031.71
	1913.19	0.00	10.90	1030.72
	1913.21	0.00	10.92	1033.71
	1913.22	0.00	10.91	1028.68
	1913.23	0.00	10.91	1028.68
	1913.24	0.00	10.90	1028.69
	1913.25	0.00	10.91	1031.68
	1913.27	0.00	10.92	1028.67
	1913.28	0.00	10.93	1029.67
	1913.29	0.00	10.93	1029.67
	1913.30	0.00	10.94	1029.64
	1913.31	0.00	10.93	1033.66
	1913.32	0.00	10.93	1032.66
	1913.33	0.00	10.93	1033.67
	1913.35	0.00	10.89	1023.66
	1913.36	0.00	10.93	1029.66
	1913.37	0.00	10.90	1026.66
	1913.38	0.00	10.90	1026.66
	1913.39	0.00	10.90	1023.66
	1913.41	0.00	10.90	1023.66
	1913.42	0.00	10.90	1022.66
	1913.43	0.00	10.90	1024.66
	1913.44	0.00	10.90	1026.66
	1913.45	0.00	10.92	1025.62
	1913.46	0.00	10.90	1022.66
	1913.48	0.00	10.89	1023.66
	1913.49	0.00	10.89	1020.66
	1913.50	0.00	10.91	1025.66
	1913.51	0.00	10.90	1025.69
	1913.52	0.00	10.91	1025.66
	1913.53	0.00	10.91	1026.66
	1913.55	0.00	10.91	1027.66
	1913.56	0.00	10.93	1024.61
	1913.57	0.00	10.87	1019.66
	1913.58	0.00	10.89	1025.69
	1913.59	0.00	10.89	1026.70
	1913.60	0.00	10.88	1028.71
	1913.61	0.00	10.88	1027.73
	1913.63	0.00	10.84	1019.72
	1913.64	1.00	10.88	1026.72
	1913.65	1.00	10.88	1029.73
	1913.66	1.00	10.86	1027.75
	1913.67	1.00	10.91	1028.67
	1913.69	1.00	10.91	1028.69
	1913.70	1.00	10.90	1029.69
	1913.71	1.00	10.90	1030.70
	1913.72	1.00	10.93	1029.65
	1913.73	1.00	10.89	1029.71
	1913.74	1.00	10.89	1031.72
	1913.76	1.00	10.88	1031.72
	1913.77	1.00	11.02	1029.46
	1913.78	1.00	11.03	1032.46
	1913.79	1.00	11.02	1029.46
	1913.80	1.00	11.08	1031.38
	1913.81	1.00	11.08	1033.38
	1913.83	1.00	11.08	1034.40
	1913.84	1.00	11.07	1028.39
	1913.85	1.00	11.06	1027.40
	1913.86	1.00	11.07	1028.40
	1913.87	0.00	11.10	1021.27
	1913.88	0.00	11.13	1027.28
	1913.90	0.00	11.11	1022.24
	1913.91	0.00	11.10	1019.23
	1913.92	0.00	10.97	1012.40
	1913.93	0.00	10.95	1016.48
	1913.94	0.00	10.88	1015.59
	1913.95	0.00	10.88	1009.62
	1913.97	0.00	10.89	1012.63
	1913.98	0.00	10.88	1011.66
	1913.99	0.00	10.91	1014.62
	1914.00	0.00	10.77	988.63
	1914.01	0.00	10.82	993.60
	1914.02	0.00	10.78	990.62
	1914.04	0.00	10.79	990.62
	1914.05	0.00	10.80	998.67
	1914.06	0.00	10.79	997.68
	1914.07	0.00	10.82	1002.68
	1914.08	0.00	10.83	1002.69
	1914.09	0.00	10.84	1009.69
	1914.10	0.00	10.83	1006.69
	1914.12	0.00	10.83	1008.69
	1914.13	0.00	10.83	1010.69
	1914.14	0.00	10.78	997.65
	1914.15	0.00	10.84	1009.65
	1914.16	0.00	10.89	1019.65
	1914.18	0.00	10.91	1023.66
	1914.19	0.00	10.91	1022.64
	1914.20	0.00	10.90	1024.67
	1914.21	0.00	10.91	1023.67
	1914.22	0.00	10.90	1025.67
	1914.23	0.00	10.90	1025.67
	1914.25	0.00	10.87	1020.68
	1914.26	0.00	10.90	1024.66
	1914.27	0.00	10.90	1026.69
	1914.28	0.00	10.90	1026.69
	1914.29	0.00	10.90	1029.69
	1914.30	0.00	10.89	1027.70
	1914.31	0.00	10.87	1021.70
	1914.33	0.00	10.90	1027.70
	1914.34	0.00	10.90	1029.71
	1914.35	0.00	10.90	1028.70
	1914.36	0.00	10.86	1023.71
	1914.37	0.00	10.89	1028.71
	1914.39	0.00	10.90	1030.71
	1914.40	0.00	10.89	1023.66
	1914.41	0.00	10.89	1027.70
	1914.42	0.00	10.92	1029.66
	1914.43	0.00	10.93	1029.65
	1914.44	0.00	10.93	1028.65
	1914.45	0.00	10.92	103012.07	923.99
	1917.45	0.00	11.77	909.25
	1917.46	0.00	11.35	899.75
	1917.47	0.00	11.24	890.85
	1917.48	0.00	11.20	883.85
	1917.50	0.00	11.20	879.83
	1917.51	0.00	11.07	858.81
	1917.52	0.00	11.20	877.80
	1917.53	0.00	11.19	877.83
	1917.54	0.00	11.17	876.83
	1917.55	0.00	11.18	875.83
	1917.57	0.00	11.17	877.83
	1917.58	0.00	11.15	874.82
	1917.59	0.00	11.17	870.78
	1917.60	0.00	11.20	872.74
	1917.61	0.00	11.10	857.77
	1917.62	0.00	11.18	870.77
	1917.64	0.00	11.10	852.77
	1917.65	0.00	11.10	852.76
	1917.66	0.00	11.09	850.76
	1917.67	0.00	11.11	852.77
	1917.68	0.00	11.11	852.77
	1917.69	0.00	11.11	855.77
	1917.71	0.00	11.10	853.77
	1917.72	0.00	11.12	855.76
	1917.73	0.00	11.13	855.75
	1917.74	0.00	11.13	855.75
	1917.75	0.00	11.13	856.75
	1917.76	0.00	11.15	861.77
	1917.78	0.00	11.14	857.75
	1917.79	0.00	11.28	858.56
	1917.80	0.00	11.29	859.56
	1917.81	0.00	11.33	862.53
	1917.82	0.00	11.23	858.63
	1917.83	0.00	11.12	856.77
	1917.84	0.00	11.20	858.67
	1917.86	0.00	11.26	861.62
	1917.87	0.00	11.18	852.65
	1917.88	0.00	11.26	864.66
	1917.89	0.00	11.28	864.63
	1917.90	0.00	11.28	866.65
	1917.91	0.00	11.27	866.66
	1917.93	0.00	11.14	846.67
	1917.94	0.00	11.24	864.68
	1917.95	0.00	11.25	862.67
	1917.96	0.00	11.28	865.66
	1917.97	0.00	11.19	865.75
	1917.98	0.00	10.91	881.11
	1918.00	0.00	10.56	943.64
	1918.01	0.00	9.89	1119.01
	1918.02	0.00	9.73	1175.10
	1918.03	0.00	9.78	1209.09
	1918.04	0.00	9.95	1236.01
	1918.05	0.00	9.99	1252.05
	1918.06	0.00	10.08	1297.05
	1918.08	0.00	10.11	1319.08
	1918.09	0.00	10.38	1365.07
	1918.10	0.00	10.60	1359.93
	1918.11	0.00	10.61	1365.06
	1918.12	0.00	10.61	1353.17
	1918.14	0.00	10.67	1340.20
	1918.15	0.00	10.78	1331.19
	1918.16	0.00	10.92	1316.16
	1918.17	0.00	11.05	1292.11
	1918.18	0.00	11.19	1266.99
	1918.19	0.00	11.38	1252.91
	1918.20	0.00	11.55	1236.80
	1918.22	0.00	11.78	1208.55
	1918.23	0.00	12.01	1188.24
	1918.24	0.00	12.18	1167.95
	1918.25	0.00	12.34	1153.66
	1918.26	0.00	12.43	1136.47
	1918.28	0.00	12.52	1134.33
	1918.29	0.00	12.52	1123.29
	1918.30	0.00	12.51	1112.25
	1918.31	0.00	12.51	1104.23
	1918.32	0.00	12.53	1098.19
	1918.33	0.00	12.55	1094.14
	1918.35	0.00	12.54	1087.12
	1918.36	0.00	12.53	1079.11
	1918.37	0.00	12.47	1066.12
	1918.38	0.00	12.43	1055.14
	1918.39	0.00	12.43	1049.15
	1918.40	0.00	12.38	1036.19
	1918.42	0.00	12.59	1048.19
	1918.43	0.00	12.63	1052.20
	1918.44	0.00	12.64	1058.26
	1918.45	0.00	12.65	1057.29
	1918.46	0.00	12.71	1065.29
	1918.47	0.00	12.76	1068.28
	1918.49	0.00	12.90	1089.20
	1918.50	0.00	12.84	1062.21
	1918.51	0.00	12.96	1059.11
	1918.52	0.00	13.00	1054.07
	1918.53	0.00	13.03	1042.98
	1918.54	0.00	13.03	1032.95
	1918.56	0.00	13.07	1036.91
	1918.57	0.00	13.14	1039.87
	1918.58	0.00	13.15	1039.84
	1918.59	0.00	13.13	1041.83
	1918.60	0.00	13.08	1035.80
	1918.61	0.00	12.88	1009.82
	1918.63	0.00	12.54	974.92
	1918.64	0.00	12.11	936.02
	1918.65	0.00	11.91	924.14
	1918.66	0.00	11.65	909.39
	1918.67	0.00	11.26	895.81
	1918.68	0.00	11.18	886.85
	1918.69	0.00	11.16	876.83
	1918.71	0.00	11.13	872.83
	1918.72	0.00	11.14	871.83
	1918.73	0.00	11.15	871.80
	1918.74	0.00	11.08	853.80
	1918.75	0.00	11.10	850.74
	1918.77	0.00	11.09	852.79
	1918.78	0.00	11.10	852.78
	1918.79	0.00	11.08	849.78
	1918.80	0.00	11.09	851.78
	1918.81	0.00	11.09	848.76
	1918.82	0.00	11.10	849.76
	1918.83	0.00	11.09	846.74
	1918.84	0.00	11.14	851.72
	1918.86	0.00	11.15	853.72
	1918.87	0.00	11.18	857.71
	1918.88	0.00	11.19	852.70
	1918.89	0.00	11.13	847.70
	1918.90	0.00	11.18	854.70
	1918.92	0.00	11.19	857.69
	1918.93	0.00	11.20	857.69
	1918.94	0.00	11.19	857.69
	1918.95	0.00	11.20	858.69
	1918.96	0.00	11.24	865.69
	1918.97	0.00	11.21	860.69
	1918.98	0.00	11.20	858.69
	1919.00	0.00	11.21	859.69
	1919.01	0.00	11.18	859.72
	1919.02	0.00	11.14	850.69
	1919.03	0.00	11.21	858.68
	1919.04	0.00	11.21	858.68
	1919.05	0.00	11.20	857.70
	1919.07	0.00	11.23	858.67
	1919.08	0.00	11.24	861.66
	1919.09	0.00	11.26	859.63
	1919.10	0.00	11.28	863.62
	1919.11	0.00	11.27	863.63
	1919.12	0.00	11.31	865.61
	1919.14	0.00	11.29	861.61
	1919.15	0.00	11.13	870.85
	1919.16	0.00	10.60	897.49
	1919.17	0.00	10.01	1002.03
	1919.18	0.00	9.65	1093.35
	1919.19	0.00	9.51	1136.41
	1919.20	0.00	9.61	1157.32
	1919.22	0.00	9.85	1186.20
	1919.23	0.00	9.99	1229.16
	1919.24	0.00	10.11	1281.13
	1919.25	0.00	10.29	1322.18
	1919.26	0.00	10.44	1358.18
	1919.28	0.00	10.53	1368.19
	1919.29	0.00	10.60	1372.20
	1919.30	0.00	10.67	1364.20
	1919.31	0.00	10.71	1344.19
	1919.32	0.00	10.79	1317.15
	1919.33	0.00	10.84	1288.12
	1919.34	0.00	10.96	1259.08
	1919.36	0.00	11.01	1238.05
	1919.37	0.00	11.10	1205.00
	1919.38	0.00	11.18	1173.95
	1919.39	0.00	11.30	1151.82
	1919.41	0.00	11.41	1133.72
	1919.42	0.00	11.54	1115.58
	1919.43	0.00	11.73	1108.35
	1919.44	0.00	11.89	1107.16
	1919.45	0.00	12.06	1107.95
	1919.46	0.00	12.17	1111.83
	1919.47	0.00	12.23	1113.75
	1919.49	0.00	12.28	1112.68
	1919.50	0.00	12.32	1109.62
	1919.51	0.00	12.35	1108.56
	1919.52	0.00	12.39	1104.51
	1919.53	0.00	12.39	1096.51
	1919.55	0.00	12.35	1082.52
	1919.56	0.00	12.30	1061.52
	1919.57	0.00	12.25	1058.60
	1919.58	0.00	12.25	1046.57
	1919.59	0.00	12.23	1039.56
	1919.60	0.00	12.20	1038.61
	1919.62	0.00	12.24	1035.55
	1919.63	0.00	12.18	1022.56
	1919.64	0.00	12.23	1017.47
	1919.65	0.00	12.55	1039.36
	1919.66	0.00	12.66	1045.31
	1919.67	0.00	12.77	1042.19
	1919.69	0.00	12.90	1037.05
	1919.70	0.00	12.96	1042.02
	1919.71	0.00	12.98	1039.00
	1919.72	0.00	12.98	1029.98
	1919.73	0.00	13.02	1028.96
	1919.74	0.00	13.05	1029.92
	1919.76	0.00	13.06	1017.87
	1919.77	0.00	13.10	1021.87
	1919.78	0.00	13.15	1025.84
	1919.79	0.00	13.18	1027.80
	1919.80	0.00	13.21	1034.78
	1919.81	0.00	13.12	1020.77
	1919.82	0.00	12.82	979.81
	1919.84	0.00	12.22	926.94
	1919.85	0.00	12.03	908.02
	1919.86	0.00	11.82	888.13
	1919.87	0.00	11.39	848.42
	1919.88	0.00	11.17	861.80
	1919.89	0.00	11.13	854.81
	1919.91	0.00	11.17	856.77
	1919.92	0.00	11.16	853.77
	1919.93	0.00	11.15	852.77
	1919.94	0.00	11.15	851.77
	1919.95	0.00	11.15	851.76
	1919.96	0.00	11.15	850.76
	1919.97	0.00	11.17	850.73
	1919.99	0.00	11.16	850.75
	1920.00	0.00	11.15	849.75
	1920.01	0.00	11.15	849.75
	1920.02	0.00	11.17	849.74
	1920.03	0.00	11.15	848.74
	1920.05	0.00	11.16	849.74
	1920.06	0.00	11.14	844.73
	1920.07	0.00	11.02	823.71
	1920.08	0.00	11.09	833.70
	1920.09	0.00	11.02	823.71
	1920.10	0.00	11.06	830.72
	1920.11	0.00	11.10	837.72
	1920.13	0.00	11.13	839.72
	1920.14	0.00	11.13	843.73
	1920.15	0.00	11.14	845.74
	1920.16	0.00	11.17	847.73
	1920.17	0.00	11.16	844.73
	1920.18	0.00	11.15	844.73
	1920.19	0.00	11.17	844.70
	1920.21	0.00	11.15	844.73
	1920.22	0.00	11.18	846.72
	1920.23	0.00	11.19	847.72
	1920.24	0.00	11.20	849.71
	1920.25	0.00	11.17	850.72
	1920.27	0.00	11.22	849.70
	1920.28	0.00	11.20	852.70
	1920.29	0.00	11.22	853.70
	1920.30	0.00	11.24	854.68
	1920.31	0.00	11.27	858.63
	1920.32	0.00	11.26	860.67
	1920.33	0.00	11.27	862.65
	1920.35	0.00	11.29	862.63
	1920.36	0.00	11.28	861.63
	1920.37	0.00	11.29	859.62
	1920.38	0.00	10.98	871.05
	1920.39	0.00	10.48	912.64
	1920.40	0.00	9.98	1021.14
	1920.42	0.00	9.69	1107.34
	1920.43	0.00	9.63	1134.41
	1920.44	0.00	9.75	1184.33
	1920.45	0.00	9.89	1215.28
	1920.46	0.00	9.99	1226.26
	1920.47	0.00	10.09	1261.24
	1920.48	0.00	10.20	1292.25
	1920.50	0.00	10.31	1314.20
	1920.51	0.00	10.39	1333.18
	1920.52	0.00	10.43	1332.19
	1920.53	0.00	10.51	1330.19
	1920.54	0.00	10.59	1323.18
	1920.56	0.00	10.64	1303.15
	1920.57	0.00	10.69	1274.15
	1920.58	0.00	10.77	1257.12
	1920.59	0.00	10.83	1229.09
	1920.60	0.00	10.89	1200.00
	1920.61	0.00	10.95	1172.97
	1920.63	0.00	11.02	1152.93
	1920.64	0.00	11.06	1132.88
	1920.65	0.00	11.08	1098.78
	1920.66	0.00	11.15	1080.77
	1920.67	0.00	11.25	1069.70
	1920.69	0.00	11.31	1051.61
	1920.70	0.00	11.40	1034.48
	1920.71	0.00	11.47	1029.41
	1920.72	0.00	11.55	1028.33
	1920.73	0.00	11.60	1025.27
	1920.74	0.00	11.70	1032.18
	1920.75	0.00	11.77	1032.11
	1920.77	0.00	11.87	1034.98
	1920.78	0.00	11.94	1045.95
	1920.79	0.00	12.02	1045.86
	1920.80	0.00	12.08	1045.77
	1920.81	0.00	12.14	1049.71
	1920.82	0.00	12.17	1053.68
	1920.84	0.00	12.17	1046.67
	1920.85	0.00	12.22	1049.62
	1920.86	0.00	12.45	1062.58
	1920.87	0.00	12.45	1044.56
	1920.88	0.00	12.49	1041.54
	1920.89	0.00	12.54	1040.48
	1920.91	0.00	12.58	1037.45
	1920.92	0.00	12.70	1033.28
	1920.93	0.00	12.73	1023.21
	1920.94	0.00	12.76	1018.17
	1920.95	0.00	12.85	1014.04
	1920.96	0.00	12.87	1007.97
	1920.98	0.00	12.92	1008.91
	1920.99	0.00	12.95	1006.85
	1921.00	0.00	13.05	997.69
	1921.01	0.00	13.06	995.64
	1921.02	0.00	12.72	960.66
	1921.03	0.00	12.58	949.73
	1921.05	0.00	12.39	939.86
	1921.06	0.00	12.16	922.99
	1921.07	0.00	11.84	916.31
	1921.08	0.00	11.45	905.73
	1921.09	0.00	11.30	891.80
	1921.10	0.00	11.26	881.77
	1921.11	0.00	11.26	879.76
	1921.13	0.00	11.24	854.75
	1921.14	0.00	11.21	869.76
	1921.15	0.00	11.20	869.76
	1921.16	0.00	11.22	869.75
	1921.17	0.00	11.22	866.74
	1921.18	0.00	11.20	866.74
	1921.20	0.00	11.19	864.74
	1921.21	0.00	11.20	863.71
	1921.22	0.00	11.21	865.72
	1921.23	0.00	11.21	863.72
	1921.24	0.00	11.21	865.72
	1921.25	0.00	11.20	863.71
	1921.27	0.00	11.23	864.70
	1921.28	0.00	11.22	861.69
	1921.29	0.00	11.24	864.69
	1921.30	0.00	11.23	864.70
	1921.31	0.00	11.24	867.69
	1921.32	0.00	11.24	865.69
	1921.33	0.00	11.25	866.69
	1921.35	0.00	11.27	864.66
	1921.36	0.00	11.26	863.68
	1921.37	0.00	11.24	862.68
	1921.38	0.00	11.25	865.68
	1921.39	0.00	11.25	865.69
	1921.40	0.00	11.26	865.68
	1921.42	0.00	11.26	866.68
	1921.43	0.00	11.27	866.67
	1921.44	0.00	11.27	866.67
	1921.45	0.00	11.31	873.69
	1921.46	0.00	11.27	866.67
	1921.47	0.00	11.28	863.65
	1921.48	0.00	11.27	861.65
	1921.50	0.00	11.27	860.66
	1921.51	0.00	11.30	864.63
	1921.52	0.00	11.29	862.62
	1921.53	0.00	11.29	861.61
	1921.54	0.00	11.30	859.60
	1921.56	0.00	11.29	857.60
	1921.57	0.00	11.32	859.58
	1921.58	0.00	11.30	856.58
	1921.59	0.00	11.16	860.77
	1921.60	0.00	10.63	889.45
	1921.61	0.00	10.04	996.02
	1921.63	0.00	9.43	1124.38
	1921.64	0.00	9.37	1163.51
	1921.65	0.00	9.40	1197.47
	1921.66	0.00	9.62	1230.38
	1921.67	0.00	9.80	1207.30
	1921.68	0.00	9.89	1224.27
	1921.69	0.00	9.90	1271.31
	1921.71	0.00	10.06	1298.29
	1921.72	0.00	10.13	1314.29
	1921.73	0.00	10.20	1331.29
	1921.74	0.00	10.25	1339.35
	1921.75	0.00	10.33	1336.29
	1921.77	0.00	10.39	1320.29
	1921.78	0.00	10.47	1299.28
	1921.79	0.00	10.55	1286.26
	1921.80	0.00	10.64	1262.22
	1921.81	0.00	10.76	1241.14
	1921.82	0.00	10.86	1223.09
	1921.83	0.00	10.99	1201.98
	1921.85	0.00	11.10	1175.92
	1921.86	0.00	11.23	1158.82
	1921.87	0.00	11.37	1139.75
	1921.88	0.00	11.50	1123.61
	1921.89	0.00	11.64	1110.43
	1921.91	0.00	11.76	1102.28
	1921.92	0.00	11.96	1096.00
	1921.93	0.00	12.03	1086.87
	1921.94	0.00	12.03	1069.84
	1921.95	0.00	12.02	1059.83
	1921.96	0.00	12.02	1052.83
	1921.98	0.00	11.98	1043.85
	1921.99	0.00	12.00	1045.84
	1922.00	0.00	11.93	1032.89
	1922.01	0.00	11.91	1030.91
	1922.02	0.00	11.95	1035.90
	1922.03	0.00	11.97	1032.86
	1922.05	0.00	12.01	1033.85
	1922.06	0.00	12.06	1034.81
	1922.07	0.00	12.06	1034.79
	1922.08	0.00	12.35	1063.75
	1922.09	0.00	12.61	1080.72
	1922.10	0.00	12.69	1077.63
	1922.11	0.00	12.80	1082.54
	1922.13	0.00	12.92	1085.44
	1922.14	0.00	12.81	1068.36
	1922.15	0.00	12.92	1068.24
	1922.16	0.00	12.95	1062.17
	1922.17	0.00	13.06	1056.01
	1922.19	0.00	13.03	1045.99
	1922.20	0.00	13.09	1040.91
	1922.21	0.00	13.03	1032.88
	1922.22	0.00	13.02	1033.86
	1922.23	0.00	13.08	1031.76
	1922.24	0.00	12.92	1015.79
	1922.26	0.00	12.71	988.81
	1922.27	0.00	12.24	947.94
	1922.28	0.00	11.87	905.14
	1922.29	0.00	11.65	889.34
	1922.30	0.00	11.23	875.82
	1922.31	0.00	11.16	866.84
	1922.32	0.00	11.09	850.82
	1922.34	0.00	11.07	842.80
	1922.35	0.00	11.02	838.79
	1922.36	0.00	11.00	834.78
	1922.37	0.00	10.96	826.77
	1922.38	0.00	10.98	827.76
	1922.39	0.00	10.98	828.76
	1922.41	0.00	10.98	828.78
	1922.42	0.00	11.00	831.76
	1922.43	0.00	11.02	830.75
	1922.44	0.00	11.02	830.74
	1922.45	0.00	11.01	829.75
	1922.46	0.00	11.00	826.73
	1922.48	0.00	11.05	832.74
	1922.49	0.00	11.07	835.74
	1922.50	0.00	11.08	837.72
	1922.51	0.00	11.10	839.72
	1922.52	0.00	11.13	841.71
	1922.53	0.00	11.13	843.70
	1922.55	0.00	11.15	842.70
	1922.56	0.00	11.15	845.71
	1922.57	0.00	11.21	850.70
	1922.58	0.00	11.17	848.70
	1922.59	0.00	11.18	850.70
	1922.60	0.00	11.16	852.71
	1922.61	0.00	11.17	855.70
	1922.63	0.00	11.18	852.70
	1922.64	0.00	11.18	849.70
	1922.65	0.00	11.20	852.69
	1922.66	0.00	11.18	854.72
	1922.67	0.00	11.20	855.69
	1922.68	0.00	11.20	855.69
	1922.70	0.00	11.20	857.69
	1922.71	0.00	11.20	857.69
	1922.72	0.00	11.15	848.69
	1922.73	0.00	11.21	857.68
	1922.74	0.00	11.22	858.67
	1922.75	0.00	11.25	859.66
	1922.76	0.00	11.29	861.62
	1922.78	0.00	11.26	860.65
	1922.79	0.00	11.27	862.65
	1922.80	0.00	11.21	865.74
	1922.81	0.00	10.83	880.21
	1922.82	0.00	10.35	932.75
	1922.83	0.00	9.90	1030.19
	1922.85	0.00	9.69	1099.35
	1922.86	0.00	9.66	1126.33
	1922.87	0.00	9.84	1168.25
	1922.88	0.00	9.94	1190.16
	1922.89	0.00	10.05	1228.18
	1922.90	0.00	10.17	1288.19
	1922.92	0.00	10.27	1318.21
	1922.93	0.00	10.38	1340.18
	1922.94	0.00	10.45	1358.18
	1922.95	0.00	10.49	1368.20
	1922.96	0.00	10.55	1365.20
	1922.97	0.00	10.60	1353.19
	1922.99	0.00	10.65	1342.19
	1923.00	0.00	10.68	1324.21
	1923.01	0.00	10.82	1311.15
	1923.02	0.00	10.92	1291.15
	1923.03	0.00	11.02	1273.09
	1923.05	0.00	11.12	1261.04
	1923.06	0.00	11.22	1238.99
	1923.07	0.00	11.36	1229.87
	1923.08	0.00	11.51	1208.70
	1923.09	0.00	11.64	1198.61
	1923.10	0.00	11.79	1197.43
	1923.11	0.00	11.92	1190.28
	1923.13	0.00	12.06	1188.11
	1923.14	0.00	12.13	1191.01
	1923.15	0.00	12.19	1189.92
	1923.16	0.00	12.28	1198.86
	1923.17	0.00	12.25	1178.80
	1923.19	0.00	12.46	1197.63
	1923.20	0.00	12.48	1198.61
	1923.21	0.00	12.50	1194.58
	1923.22	0.00	12.42	1189.68
	1923.23	0.00	12.46	1188.66
	1923.24	0.00	12.47	1181.63
	1923.26	0.00	12.46	1170.63
	1923.27	0.00	12.45	1164.65
	1923.28	0.00	12.44	1147.64
	1923.29	0.00	12.45	1137.61
	1923.30	0.00	12.45	1136.64
	1923.31	0.00	12.47	1127.62
	1923.32	0.00	12.44	1126.66
	1923.34	0.00	12.87	1163.63
	1923.35	0.00	12.98	1154.54
	1923.36	0.00	13.10	1151.48
	1923.37	0.00	13.21	1159.41
	1923.38	0.00	13.38	1159.26
	1923.40	0.00	13.47	1156.17
	1923.41	0.00	13.61	1144.00
	1923.42	0.00	13.60	1131.94
	1923.43	0.00	13.55	1119.90
	1923.44	0.00	13.29	1087.85
	1923.45	0.00	13.32	1089.83
	1923.47	0.00	13.31	1072.72
	1923.48	0.00	13.29	1067.68
	1923.49	0.00	13.20	1052.68
	1923.50	0.00	13.00	1034.75
	1923.51	0.00	12.58	986.81
	1923.52	0.00	12.36	972.98
	1923.54	0.00	11.99	952.28
	1923.55	0.00	11.57	933.72
	1923.56	0.00	11.45	925.77
	1923.57	0.00	11.37	913.78
	1923.58	0.00	11.36	906.76
	1923.59	0.00	11.34	899.74
	1923.60	0.00	11.20	877.80
	1923.62	0.00	11.16	867.77
	1923.63	0.00	11.20	874.77
	1923.64	0.00	11.20	873.77
	1923.65	0.00	11.19	872.77
	1923.66	0.00	11.20	872.76
	1923.67	0.00	11.21	871.75
	1923.69	0.00	11.21	871.75
	1923.70	0.00	11.20	870.75
	1923.71	0.00	11.23	873.74
	1923.72	0.00	11.23	871.73
	1923.73	0.00	11.23	872.73
	1923.74	0.00	11.24	871.71
	1923.76	0.00	11.28	875.68
	1923.77	0.00	11.28	876.69
	1923.78	0.00	11.29	877.69
	1923.79	0.00	11.29	879.70
	1923.80	0.00	11.28	877.70
	1923.81	0.00	11.32	880.69
	1923.82	0.00	11.29	876.69
	1923.84	0.00	11.29	876.69
	1923.85	0.00	11.31	876.67
	1923.86	0.00	11.29	875.68
	1923.87	0.00	11.30	873.67
	1923.88	0.00	11.31	874.67
	1923.90	0.00	11.28	872.68
	1923.91	0.00	11.24	865.67
	1923.92	0.00	11.26	868.67
	1923.93	0.00	11.27	869.67
	1923.94	0.00	11.25	867.68
	1923.95	0.00	11.27	867.66
	1923.96	0.00	11.27	866.67
	1923.98	0.00	11.26	866.67
	1923.99	0.00	11.27	866.67
	1924.00	0.00	11.27	867.66
	1924.01	0.00	11.15	872.85
	1924.02	0.00	10.95	884.11
	1924.03	0.00	10.54	907.63
	1924.05	0.00	10.16	973.99
	1924.06	0.00	10.15	1070.10
	1924.07	0.00	10.16	1127.15
	1924.08	0.00	10.24	1156.14
	1924.09	0.00	10.48	1187.09
	1924.10	0.00	10.71	1208.97
	1924.11	0.00	10.90	1218.89
	1924.13	0.00	11.06	1225.77
	1924.14	0.00	11.11	1224.80
	1924.15	0.00	11.19	1228.76
	1924.16	0.00	11.23	1226.74
	1924.17	0.00	11.46	1245.75
	1924.19	0.00	11.51	1230.72
	1924.20	0.00	11.63	1222.72
	1924.21	0.00	11.74	1200.70
	1924.22	0.00	11.81	1176.63
	1924.23	0.00	11.95	1152.52
	1924.24	0.00	12.09	1133.33
	1924.26	0.00	12.25	1112.03
	1924.27	0.00	12.31	1088.88
	1924.28	0.00	12.43	1082.70
	1924.29	0.00	12.46	1076.63
	1924.30	0.00	12.44	1067.61
	1924.31	0.00	12.43	1068.61
	1924.33	0.00	12.38	1060.61
	1924.34	0.00	12.18	1040.59
	1924.35	0.00	12.22	1052.58
	1924.36	0.00	12.24	1053.58
	1924.37	0.00	12.22	1052.62
	1924.38	0.00	12.22	1055.64
	1924.40	0.00	12.20	1054.66
	1924.41	0.00	12.20	1058.69
	1924.42	0.00	12.19	1058.72
	1924.43	0.00	12.17	1061.75
	1924.44	0.00	12.20	1069.76
	1924.45	0.00	12.23	1077.76
	1924.47	0.00	12.22	1080.80
	1924.48	0.00	12.23	1094.86
	1924.49	0.00	12.23	1105.91
	1924.50	0.00	12.14	1122.10
	1924.51	0.00	12.18	1147.17
	1924.53	0.00	12.18	1150.19
	1924.54	0.00	12.22	1165.16
	1924.55	0.00	12.31	1163.06
	1924.56	0.00	12.38	1143.94
	1924.57	0.00	12.45	1144.81
	1924.58	0.00	12.47	1131.76
	1924.59	0.00	12.47	1122.69
	1924.61	0.00	12.56	1110.51
	1924.62	0.00	12.62	1105.38
	1924.63	0.00	12.63	1092.31
	1924.64	0.00	12.91	1111.22
	1924.65	0.00	12.94	1108.17
	1924.67	0.00	13.05	1107.05
	1924.68	0.00	13.03	1097.01
	1924.69	0.00	13.02	1086.97
	1924.70	0.00	13.01	1076.92
	1924.71	0.00	13.05	1068.87
	1924.72	0.00	13.05	1060.86
	1924.74	0.00	13.06	1056.85
	1924.75	0.00	13.07	1050.81
	1924.76	0.00	13.03	1043.81
	1924.77	0.00	12.77	1014.80
	1924.78	0.00	12.71	1000.80
	1924.79	0.00	12.61	988.82
	1924.81	0.00	12.43	977.97
	1924.82	0.00	12.20	969.17
	1924.83	0.00	11.68	929.62
	1924.84	0.00	11.51	920.78
	1924.85	0.00	11.44	915.82
	1924.86	0.00	11.41	907.80
	1924.88	0.00	11.35	896.80
	1924.89	0.00	11.38	898.79
	1924.90	0.00	11.37	897.79
	1924.91	0.00	11.35	894.79
	1924.92	0.00	11.34	894.80
	1924.93	0.00	11.35	894.78
	1924.94	0.00	11.35	893.78
	1924.96	0.00	11.36	889.74
	1924.97	0.00	11.39	891.71
	1924.98	0.00	11.37	890.72
	1924.99	0.00	11.36	889.75
	1925.00	0.00	11.37	888.72
	1925.01	0.00	11.36	886.72
	1925.03	0.00	11.39	890.72
	1925.04	0.00	11.41	893.70
	1925.05	0.00	11.41	892.70
	1925.06	0.00	11.42	894.70
	1925.07	0.00	11.38	892.74
	1925.08	0.00	11.40	895.74
	1925.09	0.00	11.40	895.74
	1925.11	0.00	11.40	895.74
	1925.12	0.00	11.38	893.75
	1925.13	0.00	11.39	894.74
	1925.14	0.00	11.37	890.74
	1925.15	0.00	11.38	891.74
	1925.17	0.00	11.39	894.75
	1925.18	0.00	11.41	896.74
	1925.19	0.00	11.40	896.74
	1925.20	0.00	11.40	896.75
	1925.21	0.00	11.40	894.74
	1925.22	0.00	11.39	895.76
	1925.23	0.00	11.39	896.76
	1925.25	0.00	11.38	894.75
	1925.26	0.00	11.41	894.75
	1925.27	0.00	11.43	899.72
	1925.28	0.00	11.34	882.74
	1925.29	0.00	11.41	892.72
	1925.30	0.00	11.28	897.89
	1925.31	0.00	11.16	902.02
	1925.33	0.00	11.00	913.21
	1925.34	0.00	10.59	947.74
	1925.35	0.00	10.49	1027.94
	1925.36	0.00	10.42	1073.02
	1925.37	0.00	10.44	1113.05
	1925.39	0.00	10.46	1129.05
	1925.40	0.00	10.50	1147.08
	1925.41	0.00	10.54	1168.09
	1925.42	0.00	10.61	1197.06
	1925.43	0.00	10.62	1220.08
	1925.44	0.00	10.69	1245.04
	1925.45	0.00	10.67	1264.12
	1925.47	0.00	10.69	1279.14
	1925.48	0.00	10.72	1294.15
	1925.49	0.00	10.73	1302.20
	1925.50	0.00	10.88	1310.02
	1925.51	0.00	10.93	1316.02
	1925.53	0.00	10.97	1315.03
	1925.54	0.00	11.00	1312.03
	1925.55	0.00	11.05	1308.03
	1925.56	0.00	11.02	1295.10
	1925.57	0.00	11.05	1294.13
	1925.58	0.00	11.08	1285.13
	1925.60	0.00	11.14	1285.13
	1925.61	0.00	11.18	1282.11
	1925.62	0.00	11.22	1275.08
	1925.63	0.00	11.28	1272.01
	1925.64	0.00	11.33	1274.01
	1925.65	0.00	11.39	1285.99
	1925.67	0.00	11.43	1282.96
	1925.68	0.00	11.47	1283.93
	1925.69	0.00	11.51	1284.90
	1925.70	0.00	11.56	1283.83
	1925.71	0.00	11.63	1290.79
	1925.72	0.00	11.63	1286.78
	1925.74	0.00	11.67	1288.76
	1925.75	0.00	11.69	1293.78
	1925.76	0.00	11.70	1288.77
	1925.77	0.00	11.72	1291.79
	1925.78	0.00	11.77	1291.78
	1925.79	0.00	11.80	1288.78
	1925.81	0.00	11.86	1285.73
	1925.82	0.00	11.96	1277.63
	1925.83	0.00	12.04	1278.53
	1925.84	0.00	12.13	1267.41
	1925.85	0.00	12.22	1256.24
	1925.86	0.00	12.37	1252.05
	1925.88	0.00	12.46	1248.88
	1925.89	0.00	12.63	1237.58
	1925.90	0.00	12.71	1227.47
	1925.91	0.00	12.77	1207.37
	1925.92	0.00	12.86	1191.24
	1925.94	0.00	12.92	1173.16
	1925.95	0.00	13.02	1171.04
	1925.96	0.00	13.02	1148.00
	1925.97	0.00	13.04	1133.94
	1925.98	0.00	13.11	1131.86
	1925.99	0.00	13.01	1096.86
	1926.01	0.00	13.04	1096.84
	1926.02	0.00	13.02	1088.84
	1926.03	0.00	12.99	1075.78
	1926.04	0.00	12.96	1066.77
	1926.05	0.00	12.93	1056.77
	1926.06	0.00	12.80	1043.83
	1926.07	0.00	12.68	1031.92
	1926.09	0.00	12.42	1015.12
	1926.10	0.00	12.11	999.40
	1926.11	0.00	11.79	987.75
	1926.12	0.00	11.68	972.80
	1926.13	0.00	11.65	966.81
	1926.15	0.00	11.61	958.81
	1926.16	0.00	11.59	955.81
	1926.17	0.00	11.59	952.80
	1926.18	0.00	11.54	946.81
	1926.19	0.00	11.54	945.80
	1926.20	0.00	11.55	944.80
	1926.21	0.00	11.52	942.81
	1926.23	0.00	11.46	922.80
	1926.24	0.00	11.45	918.79
	1926.25	0.00	11.44	917.79
	1926.26	0.00	11.42	916.81
	1926.27	0.00	11.44	916.79
	1926.28	0.00	11.43	912.78
	1926.30	0.00	11.42	911.78
	1926.31	0.00	11.41	908.78
	1926.32	0.00	11.40	909.78
	1926.33	0.00	11.41	908.77
	1926.34	0.00	11.41	907.77
	1926.35	0.00	11.40	906.77
	1926.37	0.00	11.41	908.78
	1926.38	0.00	11.41	907.76
	1926.39	0.00	11.42	906.76
	1926.40	0.00	11.42	908.76
	1926.41	0.00	11.42	905.76
	1926.42	0.00	11.43	910.75
	1926.43	0.00	11.44	910.75
	1926.45	0.00	11.44	912.75
	1926.46	0.00	11.43	911.76
	1926.47	0.00	11.44	909.75
	1926.48	0.00	11.43	908.75
	1926.49	0.00	11.45	911.75
	1926.50	0.00	11.45	910.74
	1926.52	0.00	11.46	910.73
	1926.53	0.00	11.46	907.71
	1926.54	0.00	11.44	905.71
	1926.55	0.00	11.42	902.71
	1926.56	0.00	11.41	905.75
	1926.57	0.00	11.32	906.86
	1926.58	0.00	11.25	912.95
	1926.60	0.00	11.10	919.12
	1926.61	0.00	10.76	945.56
	1926.62	0.00	10.62	1008.79
	1926.63	0.00	10.49	1047.94
	1926.64	0.00	10.44	1084.99
	1926.66	0.00	10.42	1116.03
	1926.67	0.00	10.49	1154.02
	1926.68	0.00	10.53	1176.03
	1926.69	0.00	10.57	1205.04
	1926.70	0.00	10.61	1234.06
	1926.71	0.00	10.64	1263.07
	1926.72	0.00	10.71	1277.08
	1926.74	0.00	10.72	1286.16
	1926.75	0.00	10.75	1296.16
	1926.76	0.00	10.81	1307.17
	1926.77	0.00	10.85	1304.19
	1926.78	0.00	10.89	1297.18
	1926.80	0.00	10.93	1287.18
	1926.81	0.00	11.04	1289.15
	1926.82	0.00	11.16	1284.07
	1926.83	0.00	11.24	1281.06
	1926.84	0.00	11.32	1274.00
	1926.85	0.00	11.41	1265.96
	1926.86	0.00	11.53	1264.86
	1926.88	0.00	11.55	1254.81
	1926.89	0.00	11.62	1249.77
	1926.90	0.00	11.73	1236.65
	1926.91	0.00	11.77	1236.59
	1926.92	0.00	11.83	1236.57
	1926.94	0.00	11.84	1231.55
	1926.95	0.00	11.88	1224.52
	1926.96	0.00	11.88	1225.52
	1926.97	0.00	11.85	1219.57
	1926.98	0.00	11.85	1215.58
	1926.99	0.00	11.87	1212.55
	1927.01	0.00	11.87	1210.54
	1927.02	0.00	11.91	1214.51
	1927.03	0.00	11.92	1206.49
	1927.04	0.00	11.90	1194.48
	1927.05	0.00	11.94	1197.45
	1927.06	0.00	12.00	1195.39
	1927.08	0.00	12.05	1196.35
	1927.09	0.00	12.13	1194.28
	1927.10	0.00	12.24	1194.14
	1927.11	0.00	12.35	1189.02
	1927.12	0.00	12.47	1190.86
	1927.14	0.00	12.50	1176.79
	1927.15	0.00	12.50	1164.77
	1927.16	0.00	12.52	1150.70
	1927.17	0.00	12.56	1142.63
	1927.18	0.00	12.78	1145.56
	1927.19	0.00	12.91	1135.34
	1927.20	0.00	12.96	1135.28
	1927.22	0.00	13.03	1130.18
	1927.23	0.00	13.07	1131.13
	1927.24	0.00	13.12	1121.03
	1927.25	0.00	13.11	1107.98
	1927.26	0.00	13.10	1096.92
	1927.28	0.00	12.88	1062.89
	1927.29	0.00	12.92	1061.84
	1927.30	0.00	12.93	1052.79
	1927.31	0.00	12.80	1025.79
	1927.32	0.00	12.63	1011.90
	1927.33	0.00	12.47	1004.02
	1927.35	0.00	12.13	993.36
	1927.36	0.00	11.80	977.69
	1927.37	0.00	11.73	975.78
	1927.38	0.00	11.50	925.77
	1927.39	0.00	11.53	934.78
	1927.40	0.00	11.51	930.78
	1927.42	0.00	11.49	928.78
	1927.43	0.00	11.44	918.78
	1927.44	0.00	11.48	925.78
	1927.45	0.00	11.46	919.78
	1927.46	0.00	11.46	919.78
	1927.47	0.00	11.44	918.78
	1927.48	0.00	11.42	915.78
	1927.50	0.00	11.44	915.78
	1927.51	0.00	11.43	916.78
	1927.52	0.00	11.43	912.74
	1927.53	0.00	11.44	913.75
	1927.54	0.00	11.44	915.75
	1927.56	0.00	11.45	916.74
	1927.57	0.00	11.45	914.74
	1927.58	0.00	11.45	917.75
	1927.59	0.00	11.46	918.74
	1927.60	0.00	11.47	915.73
	1927.61	0.00	11.48	916.72
	1927.62	0.00	11.48	913.70
	1927.64	0.00	11.49	918.72
	1927.65	0.00	11.49	915.71
	1927.66	0.00	11.50	918.71
	1927.67	0.00	11.50	918.71
	1927.68	0.00	11.51	919.71
	1927.69	0.00	11.48	918.72
	1927.70	0.00	11.42	908.72
	1927.72	0.00	11.46	911.72
	1927.73	0.00	11.45	912.71
	1927.74	0.00	11.46	912.71
	1927.75	0.00	11.44	907.71
	1927.76	0.00	11.46	910.71
	1927.78	0.00	11.44	905.71
	1927.79	0.00	11.46	908.70
	1927.80	0.00	11.47	911.71
	1927.81	0.00	11.49	914.72
	1927.82	0.00	11.51	916.71
	1927.83	0.00	11.50	916.71
	1927.84	0.00	11.38	920.88
	1927.86	0.00	11.28	921.95
	1927.87	0.00	10.96	939.34
	1927.88	0.00	10.59	980.80
	1927.89	0.00	10.57	1069.95
	1927.90	0.00	10.54	1116.05
	1927.91	0.00	10.61	1138.01
	1927.93	0.00	10.64	1158.03
	1927.94	0.00	10.72	1181.05
	1927.95	0.00	10.71	1186.00
	1927.96	0.00	10.79	1223.01
	1927.97	0.00	10.78	1246.02
	1927.98	0.00	10.78	1259.03
	1928.00	0.00	10.73	1259.07
	1928.01	0.00	10.79	1279.09
	1928.02	0.00	10.83	1283.10
	1928.03	0.00	10.88	1286.09
	1928.04	0.00	10.92	1275.09
	1928.05	0.00	10.99	1261.06
	1928.07	0.00	11.03	1250.05
	1928.08	0.00	11.06	1233.03
	1928.09	0.00	11.09	1214.00
	1928.10	0.00	11.10	1201.99
	1928.11	0.00	11.16	1190.98
	1928.13	0.00	11.19	1178.94
	1928.14	0.00	11.23	1165.91
	1928.15	0.00	11.24	1159.92
	1928.16	0.00	11.36	1157.80
	1928.17	0.00	11.38	1145.77
	1928.18	0.00	11.39	1133.76
	1928.20	0.00	11.45	1136.74
	1928.21	0.00	11.52	1133.63
	1928.22	0.00	11.56	1130.60
	1928.23	0.00	11.65	1132.58
	1928.24	0.00	11.71	1129.54
	1928.25	0.00	11.76	1121.48
	1928.27	0.00	11.90	1121.32
	1928.28	0.00	11.97	1116.27
	1928.29	0.00	12.09	1110.11
	1928.30	0.00	12.20	1107.97
	1928.31	0.00	12.18	1084.93
	1928.32	0.00	12.26	1100.88
	1928.34	0.00	12.24	1096.88
	1928.35	0.00	12.24	1088.84
	1928.36	0.00	12.25	1080.81
	1928.37	0.00	12.52	1098.70
	1928.38	0.00	12.60	1095.60
	1928.39	0.00	12.60	1092.56
	1928.41	0.00	12.69	1060.35
	1928.42	0.00	12.83	1055.17
	1928.43	0.00	13.06	1065.04
	1928.44	0.00	12.95	1046.94
	1928.45	0.00	12.76	1023.90
	1928.46	0.00	12.76	1012.86
	1928.48	0.00	12.77	1008.80
	1928.49	0.00	12.83	995.67
	1928.50	0.00	12.71	982.73
	1928.51	0.00	12.52	965.84
	1928.52	0.00	12.26	948.00
	1928.53	0.00	11.88	928.34
	1928.55	0.00	11.54	923.73
	1928.56	0.00	11.50	918.76
	1928.57	0.00	11.44	909.77
	1928.58	0.00	11.41	905.77
	1928.59	0.00	11.32	884.75
	1928.60	0.00	11.35	895.77
	1928.61	0.00	11.35	895.77
	1928.63	0.00	11.33	890.78
	1928.64	0.00	11.33	890.77
	1928.65	0.00	11.32	887.77
	1928.66	0.00	11.32	887.77
	1928.67	0.00	11.31	885.77
	1928.68	0.00	11.30	887.77
	1928.70	0.00	11.32	884.77
	1928.71	0.00	11.31	884.77
	1928.72	0.00	11.31	880.76
	1928.73	0.00	11.32	880.75
	1928.74	0.00	11.32	885.76
	1928.75	0.00	11.33	885.76
	1928.77	0.00	11.34	887.76
	1928.78	0.00	11.32	888.79
	1928.79	0.00	11.37	893.76
	1928.80	0.00	11.35	890.76
	1928.81	0.00	11.37	889.75
	1928.82	0.00	11.41	889.70
	1928.84	0.00	11.39	889.73
	1928.85	0.00	11.40	891.72
	1928.86	0.00	11.41	890.72
	1928.87	0.00	11.40	889.71
	1928.88	0.00	11.41	889.72
	1928.89	0.00	11.40	891.72
	1928.90	0.00	11.41	889.72
	1928.92	0.00	11.44	892.69
	1928.93	0.00	11.42	890.71
	1928.94	0.00	11.46	892.70
	1928.95	0.00	11.46	896.70
	1928.96	0.00	11.40	898.77
	1928.97	0.00	11.34	905.88
	1928.99	0.00	11.30	911.91
	1929.00	0.00	11.22	917.98
	1929.01	0.00	10.96	925.30
	1929.02	0.00	10.70	985.73
	1929.03	0.00	10.63	1054.91
	1929.04	0.00	10.60	1094.01
	1929.06	0.00	10.64	1119.99
	1929.07	0.00	10.76	1153.97
	1929.08	0.00	10.83	1171.97
	1929.09	0.00	10.89	1191.97
	1929.10	0.00	10.93	1219.98
	1929.11	0.00	11.08	1242.91
	1929.13	0.00	11.13	1259.95
	1929.14	0.00	11.18	1267.95
	1929.15	0.00	11.22	1265.95
	1929.16	0.00	11.32	1273.92
	1929.17	0.00	11.37	1264.86
	1929.18	0.00	11.42	1263.86
	1929.20	0.00	11.49	1249.80
	1929.21	0.00	11.57	1241.79
	1929.22	0.00	11.62	1233.74
	1929.23	0.00	11.68	1222.68
	1929.24	0.00	11.77	1214.60
	1929.25	0.00	11.85	1195.48
	1929.27	0.00	11.94	1190.38
	1929.28	0.00	12.02	1180.26
	1929.29	0.00	12.13	1174.09
	1929.30	0.00	12.22	1167.98
	1929.31	0.00	12.26	1162.91
	1929.32	0.00	12.32	1159.81
	1929.34	0.00	12.40	1161.70
	1929.35	0.00	12.41	1161.69
	1929.36	0.00	12.48	1155.57
	1929.37	0.00	12.52	1159.54
	1929.38	0.00	12.57	1151.45
	1929.40	0.00	12.61	1152.42
	1929.41	0.00	12.61	1148.43
	1929.42	0.00	12.64	1147.39
	1929.43	0.00	12.63	1138.38
	1929.44	0.00	12.66	1128.34
	1929.45	0.00	12.68	1124.31
	1929.46	0.00	12.70	1115.27
	1929.48	0.00	12.74	1113.21
	1929.49	0.00	12.85	1111.06
	1929.50	0.00	13.05	1120.03
	1929.51	0.00	13.17	1123.99
	1929.52	0.00	13.17	1109.97
	1929.54	0.00	13.31	1133.96
	1929.55	0.00	13.40	1137.93
	1929.56	0.00	13.44	1138.92
	1929.57	0.00	13.50	1142.90
	1929.58	0.00	13.54	1141.87
	1929.59	0.00	13.74	1159.84
	1929.60	0.00	13.72	1157.82
	1929.62	0.00	13.70	1136.69
	1929.63	0.00	13.38	1095.67
	1929.64	0.00	13.04	1054.67
	1929.65	0.00	13.04	1051.66
	1929.66	0.00	12.97	1039.66
	1929.67	0.00	12.95	1034.65
	1929.69	0.00	12.79	1016.74
	1929.70	0.00	12.59	1000.86
	1929.71	0.00	12.25	983.15
	1929.72	0.00	11.70	948.70
	1929.73	0.00	11.52	930.78
	1929.75	0.00	11.55	923.71
	1929.76	0.00	11.59	919.63
	1929.77	0.00	11.59	913.58
	1929.78	0.00	11.61	915.56
	1929.79	0.00	11.60	911.55
	1929.80	0.00	11.61	913.55
	1929.81	0.00	11.56	907.58
	1929.83	0.00	11.57	906.56
	1929.84	0.00	11.50	892.54
	1929.85	0.00	11.59	909.54
	1929.86	0.00	11.60	908.54
	1929.87	0.00	11.60	907.54
	1929.88	0.00	11.59	908.55
	1929.90	0.00	11.60	909.54
	1929.91	0.00	11.59	907.55
	1929.92	0.00	11.58	905.55
	1929.93	0.00	11.554
	1930.03	0.00	11.58	905.55
	1930.05	0.00	11.60	907.54
	1930.06	0.00	11.60	906.55
	1930.07	0.00	11.59	903.54
	1930.08	0.00	11.57	902.57
	1930.09	0.00	11.56	903.58
	1930.10	0.00	11.50	895.58
	1930.12	0.00	11.58	906.57
	1930.13	0.00	11.57	902.57
	1930.14	0.00	11.51	903.63
	1930.15	0.00	11.44	910.75
	1930.16	0.00	11.41	918.80
	1930.17	0.00	11.25	912.91
	1930.18	0.00	11.08	936.20
	1930.20	0.00	10.65	979.68
	1930.21	0.00	10.50	1071.90
	1930.22	0.00	10.35	1173.02
	1930.23	0.00	10.47	1209.08
	1930.24	0.00	10.59	1228.05
	1930.26	0.00	10.72	1256.04
	1930.27	0.00	10.84	1276.03
	1930.28	0.00	10.90	1286.02
	1930.29	0.00	10.99	1303.02
	1930.30	0.00	11.01	1308.09
	1930.31	0.00	11.08	1303.08
	1930.32	0.00	11.14	1300.06
	1930.34	0.00	11.22	1291.06
	1930.35	0.00	11.34	1282.99
	1930.36	0.00	11.47	1263.81
	1930.37	0.00	11.55	1258.75
	1930.38	0.00	11.64	1244.68
	1930.40	0.00	11.73	1229.62
	1930.41	0.00	11.77	1212.54
	1930.42	0.00	11.89	1209.44
	1930.43	0.00	11.93	1199.39
	1930.44	0.00	12.04	1186.23
	1930.45	0.00	12.11	1189.14
	1930.47	0.00	12.16	1186.05
	1930.48	0.00	12.21	1177.99
	1930.49	0.00	12.24	1177.94
	1930.50	0.00	12.26	1174.91
	1930.51	0.00	12.23	1159.88
	1930.52	0.00	12.27	1171.89
	1930.54	0.00	12.28	1174.89
	1930.55	0.00	12.26	1169.90
	1930.56	0.00	12.23	1166.92
	1930.57	0.00	12.21	1164.95
	1930.58	0.00	12.17	1157.97
	1930.59	0.00	12.11	1166.07
	1930.61	0.00	12.05	1174.16
	1930.62	0.00	12.03	1181.19
	1930.63	0.00	12.03	1181.20
	1930.64	0.00	12.03	1182.20
	1930.65	0.00	12.04	1178.19
	1930.66	0.00	12.06	1171.17
	1930.68	0.00	12.09	1171.15
	1930.69	0.00	12.08	1167.15
	1930.70	0.00	12.10	1166.14
	1930.71	0.00	12.10	1161.13
	1930.72	0.00	12.12	1163.14
	1930.73	0.00	12.11	1155.11
	1930.75	0.00	12.12	1143.07
	1930.76	0.00	12.14	1137.03
	1930.77	0.00	12.17	1130.99
	1930.78	0.00	12.14	1121.97
	1930.79	0.00	12.12	1112.96
	1930.81	0.00	12.10	1105.96
	1930.82	0.00	12.09	1097.94
	1930.83	0.00	12.07	1091.98
	1930.84	0.00	12.03	1085.99
	1930.85	0.00	12.03	1084.99
	1930.86	0.00	12.02	1080.99
	1930.88	0.00	12.03	1077.95
	1930.89	0.00	12.03	1075.94
	1930.90	0.00	12.03	1074.94
	1930.91	0.00	12.00	1071.96
	1930.92	0.00	11.95	1066.00
	1930.93	0.00	11.95	1071.01
	1930.95	0.00	11.91	1068.05
	1930.96	0.00	11.95	1064.94
	1930.97	0.00	11.96	1070.95
	1930.98	0.00	11.94	1067.97
	1930.99	0.00	11.93	1064.96
	1931.00	0.00	11.93	1064.96
	1931.02	0.00	11.90	1060.97
	1931.03	0.00	11.89	1067.00
	1931.04	0.00	11.87	1068.02
	1931.05	0.00	11.87	1054.90
	1931.06	0.00	11.80	1055.00
	1931.07	0.00	11.73	1053.10
	1931.09	0.00	11.69	1055.17
	1931.10	0.00	11.70	1051.16
	1931.11	0.00	11.69	1051.17
	1931.12	0.00	11.67	1050.19
	1931.13	0.00	11.68	1050.20
	1931.15	0.00	11.66	1053.23
	1931.16	0.00	11.65	1053.23
	1931.17	0.00	11.59	1036.21
	1931.18	0.00	11.53	1030.25
	1931.19	0.00	11.55	1037.29
	1931.20	0.00	11.57	1040.28
	1931.21	0.00	11.59	1039.29
	1931.23	0.00	11.57	1042.29
	1931.24	0.00	11.55	1043.32
	1931.25	0.00	11.52	1031.26
	1931.26	0.00	11.58	1049.28
	1931.27	0.00	11.59	1053.30
	1931.29	0.00	11.59	1055.32
	1931.30	0.00	11.56	1056.37
	1931.31	0.00	11.52	1058.40
	1931.32	0.00	11.51	1062.43
	1931.33	0.00	11.49	1063.45
	1931.34	0.00	11.48	1062.44
	1931.36	0.00	11.47	1070.51
	1931.37	0.00	11.46	1073.53
	1931.38	0.00	11.45	1075.54
	1931.39	0.00	11.43	1078.57
	1931.40	0.00	11.43	1079.55
	1931.41	0.00	11.41	1084.61
	1931.43	0.00	11.38	1086.63
	1931.44	0.00	11.36	1085.62
	1931.45	0.00	11.36	1087.63
	1931.46	0.00	11.33	1090.65
	1931.47	0.00	11.34	1096.67
	1931.48	0.00	11.31	1100.70
	1931.50	0.00	11.29	1104.72
	1931.51	0.00	11.25	1101.73
	1931.52	0.00	11.23	1107.74
	1931.53	0.00	11.21	1109.75
	1931.54	0.00	11.20	1110.77
	1931.56	0.00	11.18	1111.79
	1931.57	0.00	11.15	1113.80
	1931.58	0.00	11.13	1117.81
	1931.59	0.00	11.11	1119.83
	1931.60	0.00	11.08	1119.86
	1931.61	0.00	11.08	1122.87
	1931.63	0.00	11.08	1123.87
	1931.64	0.00	11.08	1125.88
	1931.65	0.00	11.08	1127.89
	1931.66	0.00	11.11	1125.82
	1931.67	0.00	11.07	1126.90
	1931.68	0.00	11.06	1127.92
	1931.70	0.00	11.06	1126.93
	1931.71	0.00	11.05	1128.94
	1931.72	0.00	11.05	1130.94
	1931.73	0.00	11.08	1125.88
	1931.74	0.00	11.08	1129.90
	1931.75	0.00	11.07	1131.94
	1931.77	0.00	11.09	1133.92
	1931.78	0.00	11.07	1129.93
	1931.79	0.00	11.08	1130.93
	1931.80	0.00	11.10	1123.82
	1931.81	0.00	11.20	1128.70
	1931.82	0.00	11.23	1128.66
	1931.84	0.00	11.24	1126.66
	1931.85	0.00	11.24	1123.65
	1931.86	0.00	11.24	1122.65
	1931.87	0.00	11.25	1122.65
	1931.88	0.00	11.26	1122.64
	1931.89	0.00	11.28	1109.49
	1931.91	0.00	11.18	1108.68
	1931.92	0.00	11.18	1105.72
	1931.93	0.00	11.18	1101.73
	1931.94	0.00	11.19	1100.74
	1931.95	0.00	11.10	1078.73
	1931.96	0.00	11.13	1083.75
	1931.98	0.00	11.14	1086.76
	1931.99	0.00	11.16	1087.76
	1932.00	0.00	11.17	1082.76
	1932.01	0.00	11.18	1086.77
	1932.02	0.00	11.18	1088.77
	1932.04	0.00	11.15	1075.72
	1932.05	0.00	11.21	1090.74
	1932.06	0.00	11.21	1092.77
	1932.07	0.00	11.22	1095.75
	1932.08	0.00	11.23	1096.75
	1932.09	0.00	11.21	1096.75
	1932.10	0.00	11.20	1094.76
	1932.12	0.00	11.21	1096.76
	1932.13	0.00	11.21	1099.78
	1932.14	0.00	11.21	1100.78
	1932.15	0.00	11.20	1098.79
	1932.16	0.00	11.21	1100.79
	1932.18	0.00	11.20	1098.79
	1932.19	0.00	11.20	1101.79
	1932.20	0.00	11.21	1099.75
	1932.21	0.00	11.22	1101.74
	1932.22	0.00	11.24	1102.74
	1932.23	0.00	11.23	1100.74
	1932.25	0.00	11.23	1102.74
	1932.26	0.00	11.20	1096.74
	1932.27	0.00	11.21	1099.74
	1932.28	0.00	11.21	1100.73
	1932.29	0.00	11.20	1100.74
	1932.31	0.00	11.20	1098.74
	1932.32	0.00	11.19	1096.74
	1932.33	0.00	11.20	1097.74
	1932.34	0.00	11.20	1096.74
	1932.35	0.00	11.17	1093.74
	1932.36	0.00	11.19	1095.73
	1932.38	0.00	11.20	1094.73
	1932.39	0.00	11.20	1093.73
	1932.40	0.00	11.20	1095.73
	1932.41	0.00	11.20	1098.73
	1932.42	0.00	11.18	1096.77
	1932.43	0.00	11.16	1094.79
	1932.44	0.00	11.18	1097.79
	1932.46	0.00	11.16	1097.80
	1932.47	0.00	11.20	1099.74
	1932.48	0.00	11.20	1098.76
	1932.49	0.00	11.18	1098.78
	1932.50	0.00	11.21	1098.73
	1932.52	0.00	11.18	1099.78
	1932.53	0.00	11.18	1101.79
	1932.54	0.00	11.14	1092.78
	1932.55	0.00	11.27	1099.61
	1932.56	0.00	11.33	1102.53
	1932.57	0.00	11.33	1105.54
	1932.58	0.00	11.32	1100.55
	1932.60	0.00	11.31	1101.55
	1932.61	0.00	11.30	1102.56
	1932.62	0.00	11.30	1090.48
	1932.63	0.00	11.22	1091.61
	1932.64	0.00	11.20	1085.66
	1932.66	0.00	11.21	1087.66
	1932.67	0.00	11.20	1089.70
	1932.68	0.00	11.12	1070.67
	1932.69	0.00	11.09	1069.71
	1932.70	0.00	11.13	1078.73
	1932.71	0.00	11.13	1078.76
	1932.73	0.00	11.15	1083.75
	1932.74	0.00	11.15	1086.76
	1932.75	0.00	11.12	1083.76
	1932.76	0.00	11.07	1067.72
	1932.77	0.00	11.15	1082.71
	1932.79	0.00	11.18	1094.73
	1932.80	0.00	11.20	1096.73
	1932.81	0.00	11.18	1097.74
	1932.82	0.00	11.22	1098.69
	1932.83	0.00	11.19	1099.74
	1932.84	0.00	11.18	1091.69
	1932.85	0.00	11.18	1099.76
	1932.87	0.00	11.21	1100.72
	1932.88	0.00	11.19	1101.77
	1932.89	0.00	11.20	1102.77
	1932.90	0.00	11.20	1106.77
	1932.91	0.00	11.17	1096.76
	1932.93	0.00	11.21	1103.73
	1932.94	0.00	11.22	1103.72
	1932.95	0.00	11.22	1104.72
	1932.96	0.00	11.23	1103.72
	1932.97	0.00	11.22	1106.72
	1932.98	0.00	11.21	1106.72
	1933.00	0.00	11.19	1101.72
	1933.01	0.00	11.19	1104.74
	1933.02	0.00	11.21	1104.72
	1933.03	0.00	11.21	1099.71
	1933.04	0.00	11.21	1100.71
	1933.05	0.00	11.16	1094.73
	1933.07	0.00	11.15	1086.71
	1933.08	0.00	11.20	1098.71
	1933.09	0.00	11.20	1094.71
	1933.10	0.00	11.21	1097.70
	1933.11	0.00	11.21	1097.71
	1933.12	0.00	11.22	1098.70
	1933.14	0.00	11.20	1096.71
	1933.15	0.00	11.19	1098.74
	1933.16	0.00	11.18	1097.76
	1933.17	0.00	11.18	1101.77
	1933.18	0.00	11.18	1101.77
	1933.19	0.00	11.20	1100.74
	1933.21	0.00	11.21	1101.74
	1933.22	0.00	11.19	1098.75
	1933.23	0.00	11.19	1101.76
	1933.24	0.00	11.16	1098.76
	1933.25	0.00	11.30	1098.56
	1933.27	0.00	11.32	1104.52
	1933.28	0.00	11.33	1103.52
	1933.29	0.00	11.32	1105.52
	1933.30	0.00	11.33	1103.52
	1933.31	0.00	11.32	1101.53
	1933.32	0.00	11.32	1100.53
	1933.33	0.00	11.32	1102.53
	1933.35	0.00	11.32	1103.53
	1933.36	0.00	11.35	1090.38
	1933.37	0.00	11.23	1091.57
	1933.38	0.00	11.19	1085.66
	1933.39	0.00	11.21	1089.66
	1933.41	0.00	11.20	1088.67
	1933.42	0.00	11.08	1065.69
	1933.43	0.00	11.12	1074.71
	1933.44	0.00	11.15	1076.73
	1933.45	0.00	11.15	1075.73
	1933.46	0.00	11.15	1078.73
	1933.48	0.00	11.16	1083.72
	1933.49	0.00	11.07	1065.71
	1933.50	0.00	11.15	1083.70
	1933.51	0.00	11.19	1091.71
	1933.52	0.00	11.18	1092.74
	1933.54	0.00	11.20	1099.72
	1933.55	0.00	11.19	1096.72
	1933.56	0.00	11.19	1097.72
	1933.57	0.00	11.13	1090.76
	1933.58	0.00	11.17	1097.75
	1933.59	0.00	11.18	1097.75
	1933.60	0.00	11.19	1101.76
	1933.62	0.00	11.18	1101.76
	1933.63	0.00	11.17	1100.76
	1933.64	0.00	11.17	1100.76
	1933.65	0.00	11.17	1096.72
	1933.66	0.00	11.20	1101.71
	1933.68	0.00	11.15	1090.71
	1933.69	0.00	11.20	1100.70
	1933.70	0.00	11.19	1100.71
	1933.71	0.00	11.17	1096.71
	1933.72	0.00	11.19	1100.72
	1933.73	0.00	11.16	1098.72
	1933.75	0.00	11.17	1098.72
	1933.76	0.00	11.16	1097.74
	1933.77	0.00	11.17	1096.72
	1933.78	0.00	11.15	1095.72
	1933.79	0.00	11.14	1090.72
	1933.80	0.00	11.13	1087.74
	1933.81	0.00	11.17	1090.71
	1933.83	0.00	11.14	1085.71
	1933.84	0.00	11.13	1081.70
	1933.85	0.00	11.06	1079.77
	1933.86	0.00	11.01	1072.79
	1933.88	0.00	10.95	1065.84
	1933.89	0.00	10.92	1061.86
	1933.90	0.00	10.91	1057.86
	1933.91	0.00	10.87	1051.88
	1933.92	0.00	10.85	1044.87
	1933.93	0.00	10.86	1045.87
	1933.94	0.00	10.86	1039.84
	1933.96	0.00	10.89	1038.80
	1933.97	0.00	10.90	1037.79
	1933.98	0.00	10.89	1035.78
	1933.99	0.00	10.89	1030.79
	1934.00	0.00	10.89	1029.78
	1934.02	0.00	10.89	1029.77
	1934.03	0.00	10.90	1032.78
	1934.04	0.00	10.90	1034.79
	1934.05	0.00	10.85	1029.81
	1934.06	0.00	11.00	1040.61
	1934.07	0.00	11.05	1045.55
	1934.08	0.00	11.06	1049.55
	1934.10	0.00	11.06	1052.56
	1934.11	0.00	11.03	1056.58
	1934.12	0.00	11.03	1062.59
	1934.13	0.00	11.10	1079.59
	1934.14	0.00	11.11	1089.61
	1934.16	0.00	11.18	1090.43
	1934.17	0.00	11.12	1101.60
	1934.18	0.00	11.08	1109.70
	1934.19	0.00	11.10	1119.74
	1934.20	0.00	11.11	1133.78
	1934.21	0.00	11.14	1146.80
	1934.23	0.00	11.06	1140.82
	1934.24	0.00	11.13	1168.88
	1934.25	0.00	11.17	1187.91
	1934.26	0.00	11.21	1215.91
	1934.27	0.00	11.23	1232.93
	1934.28	0.00	11.25	1246.93
	1934.30	0.00	11.33	1268.92
	1934.31	0.00	11.31	1271.94
	1934.32	0.00	11.37	1283.95
	1934.33	0.00	11.40	1289.96
	1934.34	0.00	11.44	1286.95
	1934.35	0.00	11.53	1285.91
	1934.37	0.00	11.59	1286.89
	1934.38	0.00	11.69	1282.84
	1934.39	0.00	11.74	1283.80
	1934.40	0.00	11.81	1279.74
	1934.41	0.00	11.87	1273.70
	1934.43	0.00	11.91	1272.66
	1934.44	0.00	12.04	1268.49
	1934.45	0.00	12.10	1266.44
	1934.46	0.00	12.18	1261.34
	1934.47	0.00	12.27	1259.22
	1934.48	0.00	12.34	1261.15
	1934.49	0.00	12.41	1261.07
	1934.51	0.00	12.45	1253.97
	1934.52	0.00	12.55	1249.80
	1934.53	0.00	12.64	1248.67
	1934.54	0.00	12.72	1246.58
	1934.55	0.00	12.73	1240.54
	1934.56	0.00	12.78	1238.46
	1934.58	0.00	12.84	1237.38
	1934.59	0.00	12.84	1233.36
	1934.60	0.00	12.87	1228.31
	1934.61	0.00	12.89	1234.33
	1934.62	0.00	12.90	1232.33
	1934.64	0.00	12.94	1232.26
	1934.65	0.00	12.96	1231.25
	1934.66	0.00	12.96	1229.27
	1934.67	0.00	12.97	1230.28
	1934.68	0.00	12.95	1227.32
	1934.69	0.00	12.95	1227.34
	1934.70	0.00	12.94	1225.37
	1934.72	0.00	12.96	1227.35
	1934.73	0.00	12.94	1225.40
	1934.74	0.00	12.97	1226.39
	1934.75	0.00	12.96	1223.39
	1934.76	0.00	12.94	1219.41
	1934.78	0.00	12.94	1221.42
	1934.79	0.00	12.90	1212.44
	1934.80	0.00	12.96	1208.36
	1934.81	0.00	12.93	1200.38
	1934.82	0.00	12.91	1191.39
	1934.83	0.00	12.89	1174.37
	1934.84	0.00	12.91	1155.27
	1934.86	0.00	12.89	1146.26
	1934.87	0.00	12.88	1139.25
	1934.88	0.00	12.84	1119.19
	1934.89	0.00	12.72	1105.28
	1934.90	0.00	12.60	1084.35
	1934.92	0.00	12.52	1057.30
	1934.93	0.00	12.51	1054.31
	1934.94	0.00	12.42	1039.38
	1934.95	0.00	12.29	1025.48
	1934.96	0.00	12.20	1010.51
	1934.97	0.00	12.06	998.62
	1934.98	0.00	11.96	985.65
	1935.00	0.00	11.93	982.67
	1935.01	0.00	11.90	975.67
	1935.02	0.00	11.85	970.70
	1935.03	0.00	11.78	954.67
	1935.04	0.00	11.81	967.73
	1935.06	0.00	11.78	963.73
	1935.07	0.00	11.76	960.73
	1935.08	0.00	11.74	961.75
	1935.09	0.00	11.75	960.73
	1935.10	0.00	11.85	972.72
	1935.11	0.00	11.65	934.73
	1935.13	0.00	11.64	933.74
	1935.14	0.00	11.64	933.73
	1935.15	0.00	11.62	930.74
	1935.16	0.00	11.61	928.74
	1935.17	0.00	11.61	928.75
	1935.18	0.00	11.63	929.74
	1935.19	0.00	11.61	925.74
	1935.21	0.00	11.61	924.74
	1935.22	0.00	11.62	924.71
	1935.23	0.00	11.59	923.73
	1935.24	0.00	11.58	923.74
	1935.25	0.00	11.59	920.75
	1935.27	0.00	11.59	924.76
	1935.28	0.00	11.58	923.76
	1935.29	0.00	11.52	908.73
	1935.30	0.00	11.52	908.73
	1935.31	0.00	11.56	920.77
	1935.32	0.00	11.57	922.76
	1935.33	0.00	11.56	917.76
	1935.35	0.00	11.55	916.76
	1935.36	0.00	11.56	917.76
	1935.37	0.00	11.56	917.76
	1935.38	0.00	11.49	903.75
	1935.39	0.00	11.56	917.75
	1935.41	0.00	11.58	917.75
	1935.42	0.00	11.54	914.76
	1935.43	0.00	11.55	9