34.87
	4192.84	0.00	12.75	1933.88
	4192.85	0.00	12.73	1935.96
	4192.86	0.00	12.71	1934.01
	4192.87	0.00	12.71	1928.03
	4192.88	0.00	12.71	1931.04
	4192.89	0.00	12.72	1931.04
	4192.91	0.00	12.71	1933.04
	4192.92	0.00	12.71	1933.04
	4192.93	0.00	12.65	1909.07
	4192.94	0.00	12.66	1921.10
	4192.95	0.00	12.66	1924.12
	4192.97	0.00	12.67	1923.13
	4192.98	0.00	12.68	1928.13
	4192.99	0.00	12.67	1930.13
	4193.00	0.00	12.67	1926.10
	4193.01	0.00	12.68	1933.10
	4193.02	0.00	12.68	1934.09
	4193.04	0.00	12.69	1940.11
	4193.05	0.00	12.69	1940.12
	4193.06	0.00	12.69	1945.12
	4193.07	0.00	12.69	1946.12
	4193.08	0.00	12.70	1944.08
	4193.10	0.00	12.70	1950.11
	4193.11	0.00	12.70	1952.11
	4193.12	0.00	12.70	1951.10
	4193.13	0.00	12.70	1953.12
	4193.14	0.00	12.70	1953.12
	4193.15	0.00	12.71	1955.12
	4193.17	0.00	12.70	1952.13
	4193.18	0.00	12.71	1948.07
	4193.19	0.00	12.73	1953.06
	4193.20	0.00	12.73	1953.06
	4193.21	0.00	12.74	1954.04
	4193.22	0.00	12.74	1953.05
	4193.24	0.00	12.74	1953.05
	4193.25	0.00	12.74	1953.05
	4193.26	0.00	12.71	1946.07
	4193.27	0.00	12.71	1945.05
	4193.29	0.00	12.71	1945.05
	4193.30	0.00	12.70	1942.05
	4193.31	0.00	12.71	1943.05
	4193.32	0.00	12.71	1942.05
	4193.33	0.00	12.71	1944.05
	4193.34	0.00	12.71	1943.05
	4193.35	0.00	12.70	1943.07
	4193.37	0.00	12.70	1940.05
	4193.38	0.00	12.71	1940.05
	4193.39	0.00	12.71	1942.05
	4193.40	0.00	12.71	1942.04
	4193.41	0.00	12.71	1942.05
	4193.43	0.00	12.71	1943.05
	4193.44	0.00	12.74	1943.99
	4193.45	0.00	12.69	1939.08
	4193.46	0.00	12.71	1947.09
	4193.47	0.00	12.70	1948.10
	4193.48	0.00	12.70	1948.12
	4193.50	0.00	12.69	1943.12
	4193.51	0.00	12.69	1947.13
	4193.52	0.00	12.70	1949.13
	4193.53	0.00	12.71	1950.09
	4193.54	0.00	12.72	1953.10
	4193.56	0.00	12.71	1954.11
	4193.57	0.00	12.71	1955.12
	4193.58	0.00	12.71	1953.13
	4193.59	0.00	12.71	1953.12
	4193.60	0.00	12.70	1953.13
	4193.61	0.00	12.69	1956.14
	4193.63	0.00	12.79	1950.86
	4193.64	0.00	12.81	1957.86
	4193.65	0.00	12.80	1959.89
	4193.66	0.00	12.79	1954.89
	4193.67	0.00	12.78	1951.90
	4193.69	0.00	12.78	1955.91
	4193.70	0.00	12.78	1952.91
	4193.71	0.00	12.80	1944.80
	4193.72	0.00	12.77	1939.86
	4193.73	0.00	12.73	1944.98
	4193.74	0.00	12.72	1938.02
	4193.76	0.00	12.71	1938.04
	4193.77	0.00	12.72	1941.05
	4193.78	0.00	12.72	1940.05
	4193.79	0.00	12.71	1939.06
	4193.80	0.00	12.64	1917.11
	4193.81	0.00	12.66	1926.12
	4193.83	0.00	12.66	1931.14
	4193.84	0.00	12.67	1933.14
	4193.85	0.00	12.66	1937.14
	4193.86	0.00	12.65	1931.12
	4193.87	0.00	12.66	1935.12
	4193.89	0.00	12.67	1938.13
	4193.90	0.00	12.66	1945.16
	4193.91	0.00	12.68	1950.15
	4193.92	0.00	12.66	1949.16
	4193.93	0.00	12.67	1954.16
	4193.94	0.00	12.66	1949.14
	4193.96	0.00	12.66	1955.16
	4193.97	0.00	12.67	1955.16
	4193.98	0.00	12.67	1957.17
	4193.99	0.00	12.67	1958.17
	4194.00	0.00	12.68	1959.17
	4194.02	0.00	12.67	1957.18
	4194.03	0.00	12.67	1960.18
	4194.04	0.00	12.68	1957.13
	4194.05	0.00	12.68	1959.13
	4194.06	0.00	12.68	1959.12
	4194.08	0.00	12.69	1960.12
	4194.09	0.00	12.68	1958.13
	4194.10	0.00	12.68	1959.13
	4194.11	0.00	12.67	1949.13
	4194.12	0.00	12.65	1946.14
	4194.13	0.00	12.65	1950.13
	4194.15	0.00	12.66	1947.13
	4194.16	0.00	12.66	1947.13
	4194.17	0.00	12.66	1947.13
	4194.18	0.00	12.67	1950.13
	4194.19	0.00	12.66	1948.13
	4194.20	0.00	12.67	1950.13
	4194.22	0.00	12.64	1940.13
	4194.23	0.00	12.66	1943.12
	4194.24	0.00	12.67	1947.12
	4194.25	0.00	12.67	1944.12
	4194.26	0.00	12.67	1946.12
	4194.28	0.00	12.67	1944.12
	4194.29	0.00	12.67	1944.11
	4194.30	0.00	12.67	1946.13
	4194.31	0.00	12.66	1947.17
	4194.32	0.00	12.65	1947.18
	4194.33	0.00	12.65	1949.19
	4194.35	0.00	12.65	1949.20
	4194.36	0.00	12.65	1950.20
	4194.37	0.00	12.65	1951.20
	4194.38	0.00	12.66	1949.18
	4194.39	0.00	12.67	1950.15
	4194.40	0.00	12.67	1954.17
	4194.42	0.00	12.67	1954.18
	4194.43	0.00	12.66	1953.19
	4194.44	0.00	12.65	1954.20
	4194.45	0.00	12.65	1955.20
	4194.46	0.00	12.65	1955.20
	4194.48	0.00	12.71	1952.03
	4194.49	0.00	12.78	1962.92
	4194.50	0.00	12.75	1956.94
	4194.51	0.00	12.75	1951.96
	4194.52	0.00	12.74	1950.97
	4194.54	0.00	12.75	1951.96
	4194.55	0.00	12.75	1939.87
	4194.56	0.00	12.71	1937.96
	4194.57	0.00	12.71	1940.99
	4194.58	0.00	12.69	1943.05
	4194.59	0.00	12.68	1934.08
	4194.61	0.00	12.69	1939.09
	4194.62	0.00	12.64	1922.11
	4194.63	0.00	12.62	1916.14
	4194.64	0.00	12.63	1926.16
	4194.65	0.00	12.63	1927.17
	4194.66	0.00	12.62	1924.17
	4194.68	0.00	12.64	1928.18
	4194.69	0.00	12.64	1934.18
	4194.70	0.00	12.63	1937.20
	4194.71	0.00	12.64	1934.15
	4194.72	0.00	12.65	1943.16
	4194.74	0.00	12.65	1943.17
	4194.75	0.00	12.66	1945.16
	4194.76	0.00	12.65	1947.17
	4194.77	0.00	12.64	1947.18
	4194.78	0.00	12.65	1947.17
	4194.79	0.00	12.65	1950.18
	4194.81	0.00	12.65	1953.18
	4194.82	0.00	12.66	1954.17
	4194.83	0.00	12.65	1953.18
	4194.84	0.00	12.66	1953.19
	4194.85	0.00	12.66	1955.18
	4194.87	0.00	12.66	1955.18
	4194.88	0.00	12.66	1953.15
	4194.89	0.00	12.67	1955.14
	4194.90	0.00	12.67	1957.13
	4194.91	0.00	12.67	1956.13
	4194.92	0.00	12.67	1957.14
	4194.94	0.00	12.67	1952.13
	4194.95	0.00	12.67	1954.13
	4194.96	0.00	12.68	1954.12
	4194.97	0.00	12.67	1956.14
	4194.98	0.00	12.65	1946.12
	4195.00	0.00	12.66	1946.12
	4195.01	0.00	12.65	1945.12
	4195.02	0.00	12.68	1945.07
	4195.03	0.00	12.66	1946.12
	4195.04	0.00	12.66	1945.12
	4195.05	0.00	12.66	1946.12
	4195.07	0.00	12.67	1947.11
	4195.08	0.00	12.66	1941.11
	4195.09	0.00	12.66	1944.12
	4195.10	0.00	12.67	1944.11
	4195.11	0.00	12.67	1946.11
	4195.12	0.00	12.67	1945.11
	4195.14	0.00	12.67	1946.11
	4195.15	0.00	12.69	1947.08
	4195.16	0.00	12.66	1945.15
	4195.17	0.00	12.65	1946.17
	4195.18	0.00	12.64	1944.18
	4195.19	0.00	12.65	1947.18
	4195.21	0.00	12.66	1951.18
	4195.22	0.00	12.65	1947.19
	4195.23	0.00	12.65	1948.19
	4195.24	0.00	12.66	1948.16
	4195.25	0.00	12.65	1944.15
	4195.27	0.00	12.67	1948.16
	4195.28	0.00	12.67	1949.17
	4195.29	0.00	12.67	1948.16
	4195.30	0.00	12.66	1946.17
	4195.31	0.00	12.66	1948.17
	4195.33	0.00	12.67	1949.14
	4195.34	0.00	12.76	1946.90
	4195.35	0.00	12.77	1950.91
	4195.36	0.00	12.76	1952.92
	4195.37	0.00	12.77	1944.88
	4195.38	0.00	12.75	1942.93
	4195.40	0.00	12.76	1941.92
	4195.41	0.00	12.76	1940.92
	4195.42	0.00	12.76	1939.92
	4195.43	0.00	12.78	1930.81
	4195.44	0.00	12.74	1928.91
	4195.46	0.00	12.70	1924.98
	4195.47	0.00	12.69	1922.04
	4195.48	0.00	12.70	1921.04
	4195.49	0.00	12.70	1926.05
	4195.50	0.00	12.70	1925.05
	4195.51	0.00	12.71	1925.02
	4195.53	0.00	12.70	1926.05
	4195.54	0.00	12.63	1903.09
	4195.55	0.00	12.63	1913.12
	4195.56	0.00	12.64	1918.14
	4195.57	0.00	12.64	1918.15
	4195.58	0.00	12.64	1922.15
	4195.60	0.00	12.63	1923.17
	4195.61	0.00	12.63	1925.16
	4195.62	0.00	12.63	1925.16
	4195.63	0.00	12.64	1923.13
	4195.64	0.00	12.66	1933.13
	4195.66	0.00	12.66	1937.15
	4195.67	0.00	12.65	1936.15
	4195.68	0.00	12.65	1938.16
	4195.69	0.00	12.64	1936.14
	4195.70	0.00	12.65	1944.15
	4195.71	0.00	12.66	1946.16
	4195.73	0.00	12.66	1947.16
	4195.74	0.00	12.65	1948.18
	4195.75	0.00	12.66	1948.16
	4195.76	0.00	12.66	1949.17
	4195.77	0.00	12.66	1949.17
	4195.79	0.00	12.65	1950.18
	4195.80	0.00	12.66	1947.13
	4195.81	0.00	12.66	1947.13
	4195.82	0.00	12.66	1948.13
	4195.83	0.00	12.67	1951.12
	4195.85	0.00	12.67	1952.12
	4195.86	0.00	12.67	1949.12
	4195.87	0.00	12.67	1951.11
	4195.88	0.00	12.67	1950.12
	4195.89	0.00	12.67	1949.12
	4195.90	0.00	12.65	1941.12
	4195.91	0.00	12.65	1941.11
	4195.93	0.00	12.65	1941.12
	4195.94	0.00	12.65	1942.12
	4195.95	0.00	12.65	1942.12
	4195.96	0.00	12.64	1942.14
	4195.97	0.00	12.66	1945.12
	4195.99	0.00	12.64	1940.12
	4196.00	0.00	12.64	1942.13
	4196.01	0.00	12.63	1936.13
	4196.02	0.00	12.65	1941.12
	4196.03	0.00	12.65	1941.12
	4196.04	0.00	12.65	1942.12
	4196.06	0.00	12.64	1941.13
	4196.07	0.00	12.65	1942.12
	4196.08	0.00	12.66	1943.10
	4196.09	0.00	12.65	1940.10
	4196.10	0.00	12.64	1940.13
	4196.12	0.00	12.64	1944.17
	4196.13	0.00	12.63	1943.19
	4196.14	0.00	12.62	1942.20
	4196.15	0.00	12.63	1946.18
	4196.16	0.00	12.62	1943.21
	4196.17	0.00	12.64	1945.16
	4196.19	0.00	12.64	1942.16
	4196.20	0.00	12.62	1945.20
	4196.21	0.00	12.64	1944.19
	4196.22	0.00	12.64	1947.20
	4196.23	0.00	12.63	1947.20
	4196.25	0.00	12.64	1946.16
	4196.26	0.00	12.71	1942.96
	4196.27	0.00	12.72	1947.93
	4196.28	0.00	12.73	1949.93
	4196.29	0.00	12.72	1946.95
	4196.30	0.00	12.70	1938.96
	4196.32	0.00	12.71	1940.97
	4196.33	0.00	12.70	1939.97
	4196.34	0.00	12.73	1932.84
	4196.35	0.00	12.67	1928.97
	4196.36	0.00	12.65	1931.03
	4196.37	0.00	12.64	1929.05
	4196.39	0.00	12.63	1925.09
	4196.40	0.00	12.65	1925.09
	4196.41	0.00	12.65	1928.10
	4196.42	0.00	12.60	1906.10
	4196.43	0.00	12.59	1909.15
	4196.45	0.00	12.59	1910.15
	4196.46	0.00	12.59	1910.16
	4196.47	0.00	12.60	1918.17
	4196.48	0.00	12.61	1919.18
	4196.49	0.00	12.61	1921.18
	4196.50	0.00	12.61	1925.19
	4196.52	0.00	12.60	1916.15
	4196.53	0.00	12.63	1932.16
	4196.54	0.00	12.63	1936.17
	4196.55	0.00	12.63	1935.17
	4196.56	0.00	12.63	1935.17
	4196.58	0.00	12.63	1934.17
	4196.59	0.00	12.63	1937.17
	4196.60	0.00	12.63	1937.17
	4196.61	0.00	12.62	1933.15
	4196.62	0.00	12.64	1937.14
	4196.63	0.00	12.64	1934.13
	4196.65	0.00	12.64	1938.16
	4196.66	0.00	12.63	1943.18
	4196.67	0.00	12.64	1942.17
	4196.68	0.00	12.64	1943.17
	4196.69	0.00	12.63	1943.18
	4196.71	0.00	12.65	1943.13
	4196.72	0.00	12.64	1940.14
	4196.73	0.00	12.64	1941.14
	4196.74	0.00	12.64	1943.13
	4196.75	0.00	12.64	1943.15
	4196.76	0.00	12.64	1944.13
	4196.78	0.00	12.65	1942.13
	4196.79	0.00	12.64	1942.13
	4196.80	0.00	12.64	1943.13
	4196.81	0.00	12.63	1939.14
	4196.82	0.00	12.62	1934.13
	4196.84	0.00	12.61	1930.13
	4196.85	0.00	12.60	1932.15
	4196.86	0.00	12.62	1933.13
	4196.87	0.00	12.61	1933.13
	4196.88	0.00	12.62	1934.13
	4196.89	0.00	12.62	1932.13
	4196.91	0.00	12.62	1932.13
	4196.92	0.00	12.60	1926.13
	4196.93	0.00	12.61	1928.13
	4196.94	0.00	12.62	1931.13
	4196.95	0.00	12.61	1930.13
	4196.96	0.00	12.62	1931.13
	4196.98	0.00	12.62	1931.13
	4196.99	0.00	12.63	1931.13
	4197.00	0.00	12.63	1932.13
	4197.01	0.00	12.65	1933.08
	4197.02	0.00	12.67	1931.03
	4197.04	0.00	12.62	1929.14
	4197.05	0.00	12.63	1935.12
	4197.06	0.00	12.62	1932.15
	4197.07	0.00	12.62	1933.17
	4197.08	0.00	12.61	1935.18
	4197.10	0.00	12.61	1935.19
	4197.11	0.00	12.61	1936.20
	4197.12	0.00	12.61	1937.20
	4197.13	0.00	12.62	1938.20
	4197.14	0.00	12.62	1935.16
	4197.15	0.00	12.63	1936.16
	4197.17	0.00	12.63	1936.17
	4197.18	0.00	12.63	1937.18
	4197.19	0.00	12.63	1938.18
	4197.20	0.00	12.62	1938.19
	4197.21	0.00	12.63	1940.17
	4197.22	0.00	12.66	1936.05
	4197.24	0.00	12.73	1940.92
	4197.25	0.00	12.73	1940.92
	4197.26	0.00	12.73	1941.90
	4197.27	0.00	12.71	1940.96
	4197.28	0.00	12.70	1938.97
	4197.29	0.00	12.70	1937.98
	4197.31	0.00	12.71	1931.89
	4197.32	0.00	12.65	1921.98
	4197.33	0.00	12.62	1925.06
	4197.34	0.00	12.63	1925.07
	4197.35	0.00	12.63	1927.07
	4197.37	0.00	12.63	1916.09
	4197.38	0.00	12.63	1919.10
	4197.39	0.00	12.64	1922.08
	4197.40	0.00	12.57	1899.13
	4197.41	0.00	12.56	1897.14
	4197.42	0.00	12.55	1898.16
	4197.44	0.00	12.56	1910.18
	4197.45	0.00	12.57	1915.20
	4197.46	0.00	12.57	1914.21
	4197.47	0.00	12.56	1918.22
	4197.48	0.00	12.56	1921.22
	4197.50	0.00	12.55	1914.19
	4197.51	0.00	12.56	1927.22
	4197.52	0.00	12.56	1929.23
	4197.53	0.00	12.57	1930.19
	4197.54	0.00	12.55	1933.25
	4197.56	0.00	12.54	1937.26
	4197.57	0.00	12.53	1939.27
	4197.58	0.00	12.54	1935.23
	4197.59	0.00	12.54	1941.25
	4197.60	0.00	12.54	1946.27
	4197.61	0.00	12.55	1948.27
	4197.62	0.00	12.55	1946.25
	4197.64	0.00	12.56	1947.26
	4197.65	0.00	12.55	1946.26
	4197.66	0.00	12.55	1946.27
	4197.67	0.00	12.55	1946.26
	4197.68	0.00	12.55	1945.24
	4197.70	0.00	12.55	1942.22
	4197.71	0.00	12.56	1944.22
	4197.72	0.00	12.58	1948.20
	4197.73	0.00	12.58	1947.21
	4197.74	0.00	12.57	1946.21
	4197.75	0.00	12.58	1947.21
	4197.77	0.00	12.58	1947.21
	4197.78	0.00	12.56	1937.20
	4197.79	0.00	12.56	1937.20
	4197.80	0.00	12.56	1937.20
	4197.81	0.00	12.56	1938.21
	4197.83	0.00	12.56	1937.20
	4197.84	0.00	12.57	1937.19
	4197.85	0.00	12.56	1936.20
	4197.86	0.00	12.57	1934.19
	4197.87	0.00	12.57	1934.19
	4197.88	0.00	12.56	1926.18
	4197.90	0.00	12.57	1928.18
	4197.91	0.00	12.57	1929.20
	4197.92	0.00	12.57	1926.18
	4197.93	0.00	12.58	1930.18
	4197.94	0.00	12.58	1929.18
	4197.95	0.00	12.57	1929.20
	4197.97	0.00	12.61	1932.13.18	0.00	12.713	0.00	12.71	1948.98
	4224.14	0.00	12.70	1948.02
	4224.15	0.00	12.70	1941.06
	4224.17	0.00	12.70	1946.07
	4224.18	0.00	12.71	1947.06
	4224.19	0.00	12.64	1923.12
	4224.20	0.00	12.64	1935.15
	4224.21	0.00	12.65	1937.16
	4224.22	0.00	12.65	1938.16
	4224.24	0.00	12.66	1938.16
	4224.25	0.00	12.66	1944.16
	4224.26	0.00	12.65	1946.17
	4224.27	0.00	12.65	1941.13
	4224.28	0.00	12.68	1954.14
	4224.29	0.00	12.67	1954.15
	4224.31	0.00	12.68	1958.15
	4224.32	0.00	12.67	1957.15
	4224.33	0.00	12.67	1956.15
	4224.34	0.00	12.68	1958.12
	4224.35	0.00	12.68	1964.15
	4224.37	0.00	12.69	1966.16
	4224.38	0.00	12.69	1967.16
	4224.39	0.00	12.69	1967.16
	4224.40	0.00	12.69	1968.16
	4224.41	0.00	12.69	1967.16
	4224.42	0.00	12.69	1965.15
	4224.44	0.00	12.70	1965.12
	4224.45	0.00	12.71	1966.09
	4224.46	0.00	12.71	1967.09
	4224.47	0.00	12.73	1965.08
	4224.48	0.00	12.75	1966.01
	4224.50	0.00	12.71	1963.08
	4224.51	0.00	12.73	1966.07
	4224.52	0.00	12.73	1967.07
	4224.53	0.00	12.70	1953.07
	4224.54	0.00	12.71	1953.06
	4224.56	0.00	12.70	1952.07
	4224.57	0.00	12.72	1956.06
	4224.58	0.00	12.72	1954.06
	4224.59	0.00	12.72	1954.06
	4224.60	0.00	12.70	1945.06
	4224.61	0.00	12.72	1951.05
	4224.63	0.00	12.71	1949.05
	4224.64	0.00	12.72	1953.05
	4224.65	0.00	12.73	1954.05
	4224.66	0.00	12.73	1954.05
	4224.67	0.00	12.74	1955.04
	4224.68	0.00	12.75	1955.02
	4224.70	0.00	12.74	1954.02
	4224.71	0.00	12.73	1954.06
	4224.72	0.00	12.72	1956.09
	4224.73	0.00	12.72	1959.10
	4224.74	0.00	12.71	1958.12
	4224.76	0.00	12.72	1960.12
	4224.77	0.00	12.72	1962.12
	4224.78	0.00	12.73	1957.07
	4224.79	0.00	12.72	1956.09
	4224.80	0.00	12.74	1960.07
	4224.81	0.00	12.73	1958.07
	4224.83	0.00	12.73	1961.08
	4224.84	0.00	12.73	1959.09
	4224.85	0.00	12.73	1961.09
	4224.86	0.00	12.73	1961.09
	4224.87	0.00	12.73	1964.10
	4224.88	0.00	12.83	1963.83
	4224.90	0.00	12.85	1965.81
	4224.91	0.00	12.84	1962.81
	4224.92	0.00	12.84	1967.83
	4224.93	0.00	12.83	1969.85
	4224.94	0.00	12.83	1962.86
	4224.96	0.00	12.83	1962.86
	4224.97	0.00	12.82	1961.87
	4224.98	0.00	12.82	1949.77
	4224.99	0.00	12.82	1949.78
	4225.00	0.00	12.80	1946.84
	4225.02	0.00	12.77	1948.93
	4225.03	0.00	12.76	1945.96
	4225.04	0.00	12.75	1938.99
	4225.05	0.00	12.76	1946.00
	4225.06	0.00	12.77	1948.98
	4225.07	0.00	12.69	1925.05
	4225.09	0.00	12.69	1933.09
	4225.10	0.00	12.71	1945.09
	4225.11	0.00	12.70	1940.10
	4225.12	0.00	12.71	1940.10
	4225.13	0.00	12.71	1944.10
	4225.14	0.00	12.70	1949.12
	4225.16	0.00	12.71	1945.08
	4225.17	0.00	12.70	1950.09
	4225.18	0.00	12.71	1957.10
	4225.19	0.00	12.71	1960.11
	4225.20	0.00	12.71	1957.11
	4225.21	0.00	12.70	1960.12
	4225.23	0.00	12.70	1964.12
	4225.24	0.00	12.71	1964.11
	4225.25	0.00	12.72	1970.12
	4225.26	0.00	12.71	1970.12
	4225.27	0.00	12.72	1970.12
	4225.29	0.00	12.72	1970.13
	4225.30	0.00	12.72	1969.13
	4225.31	0.00	12.72	1971.13
	4225.32	0.00	12.71	1963.09
	4225.33	0.00	12.73	1967.08
	4225.35	0.00	12.74	1969.07
	4225.36	0.00	12.74	1969.07
	4225.37	0.00	12.74	1968.07
	4225.38	0.00	12.74	1968.07
	4225.39	0.00	12.74	1971.07
	4225.40	0.00	12.74	1969.07
	4225.42	0.00	12.73	1968.07
	4225.43	0.00	12.70	1955.07
	4225.44	0.00	12.73	1958.01
	4225.45	0.00	12.72	1958.06
	4225.46	0.00	12.72	1956.06
	4225.47	0.00	12.72	1957.06
	4225.49	0.00	12.71	1954.07
	4225.50	0.00	12.72	1957.06
	4225.51	0.00	12.71	1954.07
	4225.52	0.00	12.70	1949.07
	4225.53	0.00	12.73	1953.02
	4225.55	0.00	12.70	1951.07
	4225.56	0.00	12.71	1956.07
	4225.57	0.00	12.72	1958.07
	4225.58	0.00	12.72	1956.06
	4225.59	0.00	12.69	1954.11
	4225.60	0.00	12.71	1959.12
	4225.62	0.00	12.70	1959.13
	4225.63	0.00	12.69	1960.14
	4225.64	0.00	12.69	1959.15
	4225.65	0.00	12.69	1959.15
	4225.66	0.00	12.72	1960.10
	4225.67	0.00	12.71	1960.11
	4225.69	0.00	12.70	1958.12
	4225.70	0.00	12.71	1965.12
	4225.71	0.00	12.70	1962.13
	4225.72	0.00	12.69	1962.14
	4225.73	0.00	12.69	1965.15
	4225.75	0.00	12.70	1965.15
	4225.76	0.00	12.76	1956.94
	4225.77	0.00	12.79	1962.88
	4225.78	0.00	12.82	1966.84
	4225.79	0.00	12.80	1966.90
	4225.81	0.00	12.78	1960.91
	4225.82	0.00	12.78	1959.92
	4225.83	0.00	12.77	1960.93
	4225.84	0.00	12.79	1949.83
	4225.85	0.00	12.77	1948.85
	4225.86	0.00	12.74	1948.95
	4225.87	0.00	12.71	1952.02
	4225.89	0.00	12.72	1944.04
	4225.90	0.00	12.72	1947.06
	4225.91	0.00	12.72	1948.05
	4225.92	0.00	12.64	1926.12
	4225.93	0.00	12.66	1936.14
	4225.95	0.00	12.65	1937.15
	4225.96	0.00	12.67	1939.16
	4225.97	0.00	12.67	1939.16
	4225.98	0.00	12.66	1946.17
	4225.99	0.00	12.67	1949.17
	4226.01	0.00	12.67	1946.14
	4226.02	0.00	12.68	1955.15
	4226.03	0.00	12.68	1959.16
	4226.04	0.00	12.68	1961.17
	4226.05	0.00	12.68	1961.17
	4226.06	0.00	12.68	1961.17
	4226.08	0.00	12.68	1962.14
	4226.09	0.00	12.68	1964.16
	4226.10	0.00	12.68	1969.17
	4226.11	0.00	12.68	1970.18
	4226.12	0.00	12.69	1971.18
	4226.14	0.00	12.68	1973.18
	4226.15	0.00	12.69	1975.18
	4226.16	0.00	12.68	1971.18
	4226.17	0.00	12.68	1969.15
	4226.18	0.00	12.70	1971.12
	4226.19	0.00	12.70	1972.12
	4226.21	0.00	12.70	1971.12
	4226.22	0.00	12.70	1970.12
	4226.23	0.00	12.67	1960.12
	4226.24	0.00	12.67	1959.12
	4226.25	0.00	12.67	1957.12
	4226.27	0.00	12.67	1960.12
	4226.28	0.00	12.69	1960.08
	4226.29	0.00	12.67	1958.12
	4226.30	0.00	12.68	1958.12
	4226.31	0.00	12.68	1960.12
	4226.32	0.00	12.66	1954.12
	4226.34	0.00	12.67	1957.12
	4226.35	0.00	12.67	1954.12
	4226.36	0.00	12.67	1958.12
	4226.37	0.00	12.68	1958.13
	4226.38	0.00	12.69	1960.12
	4226.40	0.00	12.71	1961.07
	4226.41	0.00	12.67	1960.16
	4226.42	0.00	12.66	1963.19
	4226.43	0.00	12.67	1964.19
	4226.44	0.00	12.66	1965.20
	4226.45	0.00	12.66	1963.20
	4226.47	0.00	12.65	1967.22
	4226.48	0.00	12.66	1964.20
	4226.49	0.00	12.68	1966.16
	4226.50	0.00	12.67	1967.18
	4226.51	0.00	12.68	1969.18
	4226.52	0.00	12.68	1969.19
	4226.54	0.00	12.67	1967.19
	4226.55	0.00	12.67	1968.20
	4226.56	0.00	12.67	1972.20
	4226.57	0.00	12.78	1969.91
	4226.58	0.00	12.77	1972.94
	4226.60	0.00	12.76	1975.96
	4226.61	0.00	12.75	1966.97
	4226.62	0.00	12.75	1967.98
	4226.63	0.00	12.76	1970.97
	4226.64	0.00	12.75	1971.98
	4226.65	0.00	12.77	1958.86
	4226.67	0.00	12.71	1960.00
	4226.68	0.00	12.68	1956.06
	4226.69	0.00	12.69	1951.09
	4226.70	0.00	12.70	1952.09
	4226.71	0.00	12.69	1953.12
	4226.72	0.00	12.70	1959.11
	4226.74	0.00	12.63	1933.13
	4226.75	0.00	12.64	1941.17
	4226.76	0.00	12.65	1947.18
	4226.77	0.00	12.66	1947.19
	4226.79	0.00	12.65	1950.19
	4226.80	0.00	12.65	1953.19
	4226.81	0.00	12.65	1954.19
	4226.82	0.00	12.64	1941.16
	4226.83	0.00	12.66	1951.16
	4226.84	0.00	12.67	1959.17
	4226.85	0.00	12.68	1958.17
	4226.87	0.00	12.67	1961.18
	4226.88	0.00	12.68	1966.17
	4226.89	0.00	12.68	1963.17
	4226.90	0.00	12.68	1966.16
	4226.91	0.00	12.68	1967.17
	4226.93	0.00	12.69	1971.17
	4226.94	0.00	12.69	1968.17
	4226.95	0.00	12.69	1971.17
	4226.96	0.00	12.68	1969.18
	4226.97	0.00	12.70	1965.13
	4226.98	0.00	12.71	1966.11
	4227.00	0.00	12.71	1969.11
	4227.01	0.00	12.71	1969.11
	4227.02	0.00	12.72	1968.10
	4227.03	0.00	12.71	1967.10
	4227.04	0.00	12.71	1968.10
	4227.06	0.00	12.69	1960.10
	4227.07	0.00	12.68	1956.10
	4227.08	0.00	12.69	1955.09
	4227.09	0.00	12.69	1957.09
	4227.10	0.00	12.69	1956.09
	4227.12	0.00	12.69	1956.10
	4227.13	0.00	12.70	1956.09
	4227.14	0.00	12.70	1956.09
	4227.15	0.00	12.68	1950.09
	4227.16	0.00	12.69	1954.10
	4227.17	0.00	12.69	1953.09
	4227.19	0.00	12.70	1957.09
	4227.20	0.00	12.70	1958.09
	4227.21	0.00	12.70	1957.08
	4227.22	0.00	12.71	1960.07
	4227.23	0.00	12.69	1958.13
	4227.25	0.00	12.69	1961.15
	4227.26	0.00	12.69	1958.15
	4227.27	0.00	12.69	1962.16
	4227.28	0.00	12.69	1961.16
	4227.29	0.00	12.68	1959.16
	4227.30	0.00	12.69	1960.14
	4227.32	0.00	12.70	1962.12
	4227.33	0.00	12.70	1964.14
	4227.34	0.00	12.70	1963.14
	4227.35	0.00	12.69	1963.15
	4227.36	0.00	12.69	1964.16
	4227.37	0.00	12.69	1965.15
	4227.39	0.00	12.69	1965.15
	4227.40	0.00	12.80	1961.88
	4227.41	0.00	12.80	1965.89
	4227.42	0.00	12.80	1966.90
	4227.43	0.00	12.79	1960.91
	4227.44	0.00	12.79	1960.91
	4227.46	0.00	12.80	1961.88
	4227.47	0.00	12.80	1946.81
	4227.48	0.00	12.80	1943.81
	4227.49	0.00	12.75	1947.94
	4227.50	0.00	12.72	1948.01
	4227.52	0.00	12.73	1942.03
	4227.53	0.00	12.74	1944.04
	4227.54	0.00	12.72	1941.04
	4227.55	0.00	12.73	1946.05
	4227.56	0.00	12.66	1919.08
	4227.58	0.00	12.67	1928.10
	4227.59	0.00	12.68	1935.12
	4227.60	0.00	12.69	1936.13
	4227.61	0.00	12.70	1941.10
	4227.62	0.00	12.68	1941.12
	4227.63	0.00	12.69	1944.11
	4227.65	0.00	12.70	1952.12
	4227.66	0.00	12.72	1955.07
	4227.67	0.00	12.71	1953.12
	4227.68	0.00	12.70	1956.13
	4227.69	0.00	12.70	1955.13
	4227.70	0.00	12.70	1953.10
	4227.72	0.00	12.70	1963.13
	4227.73	0.00	12.70	1964.14
	4227.74	0.00	12.71	1965.14
	4227.75	0.00	12.71	1964.11
	4227.77	0.00	12.70	1964.14
	4227.78	0.00	12.70	1961.12
	4227.79	0.00	12.70	1960.11
	4227.80	0.00	12.72	1961.08
	4227.81	0.00	12.71	1962.09
	4227.82	0.00	12.72	1963.08
	4227.83	0.00	12.72	1962.08
	4227.85	0.00	12.72	1964.09
	4227.86	0.00	12.67	1941.08
	4227.87	0.00	12.69	1950.08
	4227.88	0.00	12.69	1952.08
	4227.89	0.00	12.69	1951.08
	4227.91	0.00	12.69	1951.08
	4227.92	0.00	12.70	1951.08
	4227.93	0.00	12.69	1950.08
	4227.94	0.00	12.68	1943.08
	4227.95	0.00	12.68	1942.08
	4227.96	0.00	12.68	1944.08
	4227.98	0.00	12.69	1946.08
	4227.99	0.00	12.69	1950.08
	4228.00	0.00	12.70	1953.08
	4228.01	0.00	12.72	1953.02
	4228.02	0.00	12.69	1949.10
	4228.04	0.00	12.68	1952.12
	4228.05	0.00	12.68	1954.13
	4228.06	0.00	12.68	1955.14
	4228.07	0.00	12.68	1955.16
	4228.08	0.00	12.68	1956.16
	4228.10	0.00	12.68	1956.15
	4228.11	0.00	12.69	1954.12
	4228.12	0.00	12.69	1958.14
	4228.13	0.00	12.69	1959.14
	4228.14	0.00	12.68	1959.16
	4228.15	0.00	12.68	1960.15
	4228.17	0.00	12.68	1962.16
	4228.18	0.00	12.77	1957.89
	4228.19	0.00	12.78	1960.90
	4228.20	0.00	12.79	1963.91
	4228.21	0.00	12.77	1956.92
	4228.23	0.00	12.77	1957.92
	4228.24	0.00	12.76	1958.94
	4228.25	0.00	12.77	1958.93
	4228.26	0.00	12.77	1945.86
	4228.27	0.00	12.72	1945.98
	4228.28	0.00	12.71	1947.01
	4228.30	0.00	12.71	1942.05
	4228.31	0.00	12.71	1942.07
	4228.32	0.00	12.68	1929.07
	4228.33	0.00	12.65	1923.10
	4228.34	0.00	12.65	1929.13
	4228.35	0.00	12.65	1938.15
	4228.37	0.00	12.66	1938.16
	4228.38	0.00	12.68	1943.12
	4228.39	0.00	12.66	1948.17
	4228.40	0.00	12.65	1939.13
	4228.41	0.00	12.67	1953.15
	4228.43	0.00	12.67	1956.18
	4228.44	0.00	12.66	1953.17
	4228.45	0.00	12.67	1960.17
	4228.46	0.00	12.67	1962.17
	4228.47	0.00	12.67	1963.17
	4228.48	0.00	12.67	1960.15
	4228.50	0.00	12.68	1966.17
	4228.51	0.00	12.68	1967.17
	4228.52	0.00	12.68	1967.19
	4228.53	0.00	12.69	1969.17
	4228.54	0.00	12.69	1968.17
	4228.56	0.00	12.69	1968.16
	4228.57	0.00	12.71	1963.09
	4228.58	0.00	12.71	1965.10
	4228.59	0.00	12.71	1965.10
	4228.60	0.00	12.71	1963.09
	4228.62	0.00	12.73	1964.05
	4228.63	0.00	12.71	1963.09
	4228.64	0.00	12.72	1966.09
	4228.65	0.00	12.69	1953.09
	4228.66	0.00	12.69	1951.08
	4228.67	0.00	12.69	1952.08
	4228.68	0.00	12.70	1950.08
	4228.70	0.00	12.70	1950.07
	4228.71	0.00	12.70	1950.07
	4228.72	0.00	12.70	1949.08
	4228.73	0.00	12.70	1946.07
	4228.75	0.00	12.69	1944.07
	4228.76	0.00	12.70	1947.06
	4228.77	0.00	12.71	1950.05
	4228.78	0.00	12.71	1949.06
	4228.79	0.00	12.72	1948.04
	4228.80	0.00	12.70	1950.09
	4228.81	0.00	12.71	1952.08
	4228.83	0.00	12.70	1955.12
	4228.84	0.00	12.70	1952.11
	4228.85	0.00	12.70	1952.12
	4228.86	0.00	12.70	1954.11
	4228.87	0.00	12.70	1950.12
	4228.89	0.00	12.70	1955.13
	4228.90	0.00	12.71	1952.09
	4228.91	0.00	12.71	1954.10
	4228.92	0.00	12.72	1958.10
	4228.93	0.00	12.72	1954.11
	4228.94	0.00	12.71	1957.11
	4228.96	0.00	12.71	1957.12
	4228.97	0.00	12.81	1954.84
	4228.98	0.00	12.82	1959.84
	4228.99	0.00	12.82	1961.86
	4229.00	0.00	12.80	1955.87
	4229.02	0.00	12.80	1954.88
	4229.03	0.00	12.80	1954.88
	4229.04	0.00	12.80	1951.88
	4229.05	0.00	12.82	1943.77
	4229.06	0.00	12.78	1942.88
	4229.07	0.00	12.75	1942.95
	4229.09	0.00	12.75	1936.99
	4229.10	0.00	12.75	1937.99
	4229.11	0.00	12.74	1937.01
	4229.12	0.00	12.74	1936.99
	4229.13	0.00	12.71	1926.01
	4229.15	0.00	12.67	1921.08
	4229.16	0.00	12.69	1930.09
	4229.17	0.00	12.70	1932.10
	4229.18	0.00	12.69	1937.11
	4229.19	0.00	12.71	1940.08
	4229.20	0.00	12.69	1932.07
	4229.22	0.00	12.69	1931.07
	4229.23	0.00	12.69	1932.07
	4229.24	0.00	12.71	1946.09
	4229.25	0.00	12.72	1951.09
	4229.26	0.00	12.71	1952.10
	4229.27	0.00	12.70	1951.10
	4229.29	0.00	12.71	1954.10
	4229.30	0.00	12.71	1954.10
	4229.31	0.00	12.72	1954.08
	4229.32	0.00	12.72	1960.10
	4229.33	0.00	12.72	1965.12
	4229.35	0.00	12.72	1962.11
	4229.36	0.00	12.72	1963.11
	4229.37	0.00	12.73	1964.11
	4229.38	0.00	12.72	1964.12
	4229.39	0.00	12.72	1966.11
	4229.40	0.00	12.73	1959.06
	4229.42	0.00	12.74	1963.05
	4229.43	0.00	12.74	1963.05
	4229.44	0.00	12.74	1963.05
	4229.45	0.00	12.75	1965.05
	4229.46	0.00	12.75	1966.05
	4229.48	0.00	12.71	1953.07
	4229.49	0.00	12.71	1947.05
	4229.50	0.00	12.71	1953.05
	4229.51	0.00	12.71	1953.05
	4229.52	0.00	12.72	1954.04
	4229.54	0.00	12.71	1950.05
	4229.55	0.00	12.72	1954.05
	4229.56	0.00	12.72	1954.05
	4229.57	0.00	12.71	1948.05
	4229.58	0.00	12.71	1949.05
	4229.59	0.00	12.72	1953.05
	4229.61	0.00	12.72	1954.05
	4229.62	0.00	12.73	1955.05
	4229.63	0.00	12.73	1958.06
	4229.64	0.00	12.72	1958.07
	4229.65	0.00	12.71	1958.10
	4229.66	0.00	12.71	1960.11
	4229.68	0.00	12.72	1958.08
	4229.69	0.00	12.71	1958.12
	4229.70	0.00	12.70	1958.13
	4229.71	0.00	12.71	1962.13
	4229.72	0.00	12.74	1960.04
	4229.73	0.00	12.72	1962.09
	4229.75	0.00	12.72	1960.09
	4229.76	0.00	12.73	1966.10
	4229.77	0.00	12.71	1962.12
	4229.78	0.00	12.72	1965.12
	4229.79	0.00	12.72	1963.12
	4229.81	0.00	12.72	1967.12
	4229.82	0.00	12.78	1959.92
	4229.83	0.00	12.82	1962.85
	4229.84	0.00	12.82	1968.87
	4229.85	0.00	12.81	1963.88
	4229.87	0.00	12.80	1959.90
	4229.88	0.00	12.81	1964.89
	4229.89	0.00	12.81	1963.89
	4229.90	0.00	12.80	1963.90
	4229.91	0.00	12.79	1947.84
	4229.92	0.00	12.75	1945.94
	4229.94	0.00	12.74	1948.99
	4229.95	0.00	12.74	1944.01
	4229.96	0.00	12.74	1946.03
	4229.97	0.00	12.74	1947.02
	4229.98	0.00	12.74	1948.03
	4230.00	0.00	12.68	1923.05
	4230.01	0.00	12.68	1929.07
	4230.02	0.00	12.69	1935.10
	4230.03	0.00	12.70	1937.11
	4230.04	0.00	12.70	1937.12
	4230.05	0.00	12.69	1942.13
	4230.07	0.00	12.67	1931.12
	4230.08	0.00	12.70	1944.12
	4230.09	0.00	12.70	1945.10
	4230.10	0.00	12.70	1940.08
	4230.11	0.00	12.71	1950.10
	4230.12	0.00	12.71	1953.10
	4230.14	0.00	12.71	1954.11
	4230.15	0.00	12.71	1952.11
	4230.16	0.00	12.71	1955.11
	4230.17	0.00	12.71	1955.11
	4230.18	0.00	12.71	1953.07
	4230.19	0.00	12.70	1960.13
	4230.21	0.00	12.72	1963.12
	4230.22	0.00	12.71	1962.12
	4230.23	0.00	12.72	1964.12
	4230.24	0.00	12.72	1964.12
	4230.25	0.00	12.72	1959.08
	4230.27	0.00	12.73	1960.06
	4230.28	0.00	12.72	1960.07
	4230.29	0.00	12.73	1962.06
	4230.30	0.00	12.74	1961.06
	4230.31	0.00	12.73	1961.06
	4230.33	0.00	12.74	1963.05
	4230.34	0.00	12.71	1948.05
	4230.35	0.00	12.70	1947.06
	4230.36	0.00	12.71	1950.05
	4230.37	0.00	12.71	1949.05
	4230.38	0.00	12.71	1949.05
	4230.39	0.00	12.71	1947.06
	4230.41	0.00	12.71	1950.05
	4230.42	0.00	12.71	1950.05
	4230.43	0.00	12.69	1942.05
	4230.44	0.00	12.70	1944.06
	4230.45	0.00	12.71	1945.05
	4230.47	0.00	12.72	1949.05
	4230.48	0.00	12.72	1948.05
	4230.49	0.00	12.72	1949.05
	4230.50	0.00	12.73	1947.02
	4230.51	0.00	12.71	1950.05
	4230.52	0.00	12.70	1950.09
	4230.54	0.00	12.70	1952.11
	4230.55	0.00	12.70	1952.11
	4230.56	0.00	12.69	1953.13
	4230.57	0.00	12.70	1954.13
	4230.58	0.00	12.72	1954.06
	4230.60	0.00	12.71	1955.09
	4230.61	0.00	12.70	1955.10
	4230.62	0.00	12.71	1958.11
	4230.63	0.00	12.71	1955.11
	4230.64	0.00	12.71	1954.11
	4230.66	0.00	12.70	1954.12
	4230.67	0.00	12.70	1957.12
	4230.68	0.00	12.72	1957.08
	4230.69	0.00	12.81	1960.85
	4230.70	0.00	12.80	1960.87
	4230.71	0.00	12.80	1961.88
	4230.73	0.00	12.79	1959.90
	4230.74	0.00	12.79	1952.89
	4230.75	0.00	12.79	1955.90
	4230.76	0.00	12.79	1956.90
	4230.77	0.00	12.80	1944.80
	4230.79	0.00	12.74	1941.93
	4230.80	0.00	12.72	1942.99
	4230.81	0.00	12.72	1943.00
	4230.82	0.00	12.72	1936.02
	4230.83	0.00	12.73	1941.03
	4230.84	0.00	12.73	1941.03
	4230.86	0.00	12.66	1920.08
	4230.87	0.00	12.67	1930.11
	4230.88	0.00	12.68	1933.12
	4230.89	0.00	12.68	1938.13
	4230.90	0.00	12.67	1941.13
	4230.92	0.00	12.68	1941.12
	4230.93	0.00	12.66	1929.09
	4230.94	0.00	12.66	1932.09
	4230.95	0.00	12.69	1948.11
	4230.96	0.00	12.70	1953.11
	4230.97	0.00	12.70	1951.12
	4230.99	0.00	12.69	1953.12
	4231.00	0.00	12.69	1954.13
	4231.01	0.00	12.69	1960.13
	4231.02	0.00	12.71	1963.12
	4231.03	0.00	12.70	1961.12
	4231.04	0.00	12.70	1961.13
	4231.06	0.00	12.72	1962.09
	4231.07	0.00	12.70	1965.13
	4231.08	0.00	12.70	1963.13
	4231.09	0.00	12.71	1958.09
	4231.10	0.00	12.71	1960.08
	4231.12	0.00	12.72	1960.08
	4231.13	0.00	12.72	1960.07
	4231.14	0.00	12.72	1962.07
	4231.15	0.00	12.72	1961.08
	4231.16	0.00	12.72	1960.07
	4231.17	0.00	12.73	1962.06
	4231.19	0.00	12.70	1950.06
	4231.20	0.00	12.70	1949.06
	4231.21	0.00	12.70	1950.06
	4231.22	0.00	12.70	1948.06
	4231.23	0.00	12.70	1949.06
	4231.25	0.00	12.71	1949.06
	4231.26	0.00	12.71	1950.06
	4231.27	0.00	12.71	1949.06
	4231.28	0.00	12.69	1941.06
	4231.29	0.00	12.70	1945.06
	4231.31	0.00	12.70	1943.06
	4231.32	0.00	12.70	1947.06
	4231.33	0.00	12.71	1949.06
	4231.34	0.00	12.71	1950.06
	4231.35	0.00	12.73	1950.02
	4231.36	0.00	12.70	1951.09
	4231.37	0.00	12.69	1951.12
	4231.39	0.00	12.69	1952.12
	4231.40	0.00	12.69	1951.11
	4231.41	0.00	12.68	1948.13
	4231.42	0.00	12.69	1953.14
	4231.43	0.00	12.69	1953.14
	4231.45	0.00	12.70	1954.10
	4231.46	0.00	12.70	1955.11
	4231.47	0.00	12.70	1956.12
	4231.48	0.00	12.70	1956.12
	4231.49	0.00	12.70	1955.11
	4231.50	0.00	12.69	1957.13
	4231.52	0.00	12.69	1958.14
	4231.53	0.00	12.78	1954.89
	4231.54	0.00	12.81	1959.82
	4231.55	0.00	12.80	1961.88
	4231.56	0.00	12.78	1954.90
	4231.58	0.00	12.78	1955.91
	4231.59	0.00	12.81	1944.77
	4231.60	0.00	12.71	1931.94
	4231.61	0.00	12.72	1942.98
	4231.62	0.00	12.72	1942.00
	4231.63	0.00	12.72	1937.04
	4231.65	0.00	12.72	1942.04
	4231.66	0.00	12.65	1919.08
	4231.67	0.00	12.66	1928.11
	4231.68	0.00	12.66	1930.11
	4231.69	0.00	12.67	1929.12
	4231.71	0.00	12.67	1936.13
	4231.72	0.00	12.67	1939.13
	4231.73	0.00	12.66	1937.12
	4231.74	0.00	12.69	1949.12
	4231.75	0.00	12.69	1951.12
	4231.76	0.00	12.68	1952.13
	4231.78	0.00	12.67	1949.13
	4231.79	0.00	12.68	1953.13
	4231.80	0.00	12.68	1953.13
	4231.81	0.00	12.68	1951.10
	4231.82	0.00	12.69	1959.13
	4231.84	0.00	12.69	1960.13
	4231.85	0.00	12.70	1961.13
	4231.86	0.00	12.70	1962.13
	4231.87	0.00	12.71	1962.11
	4231.88	0.00	12.70	1961.13
	4231.89	0.00	12.69	1960.13
	4231.91	0.00	12.71	1958.08
	4231.92	0.00	12.71	1959.08
	4231.93	0.00	12.71	1958.07
	4231.94	0.00	12.72	1960.07
	4231.95	0.00	12.72	1959.07
	4231.96	0.00	12.72	1960.06
	4231.98	0.00	12.72	1959.07
	4231.99	0.00	12.71	1958.07
	4232.00	0.00	12.69	1949.07
	4232.01	0.00	12.69	1948.08
	4232.02	0.00	12.69	1950.07
	4232.04	0.00	12.69	1948.07
	4232.05	0.00	12.70	1948.07
	4232.06	0.00	12.69	1947.08
	4232.07	0.00	12.70	1949.07
	4232.08	0.00	12.69	1945.07
	4232.10	0.00	12.68	1941.07
	4232.11	0.00	12.70	1947.06
	4232.12	0.00	12.70	1948.07
	4232.13	0.00	12.70	1950.06
	4232.14	0.00	12.71	1948.04
	4232.15	0.00	12.70	1948.06
	4232.17	0.00	12.72	1948.03
	4232.18	0.00	12.69	1949.09
	4232.19	0.00	12.69	1952.12
	4232.20	0.00	12.68	1950.13
	4232.21	0.00	12.69	1954.14
	4232.22	0.00	12.68	1953.14
	4232.24	0.00	12.68	1950.13
	4232.25	0.00	12.71	1954.08
	4232.26	0.00	12.69	1954.11
	4232.27	0.00	12.69	1955.12
	4232.29	0.00	12.68	1953.13
	4232.30	0.00	12.69	1957.13
	4232.31	0.00	12.69	1958.14
	4232.32	0.00	12.69	1958.14
	4232.33	0.00	12.80	1958.86
	4232.34	0.00	12.79	1959.88
	4232.35	0.00	12.79	1963.89
	4232.37	0.00	12.78	1955.90
	4232.38	0.00	12.78	1955.91
	4232.39	0.00	12.78	1955.91
	4232.40	0.00	12.77	1946.87
	4232.41	0.00	12.71	1939.98
	4232.43	0.00	12.72	1938.03
	4232.44	0.00	12.72	1941.04
	4232.45	0.00	12.67	1918.04
	4232.46	0.00	12.66	1929.11
	4232.47	0.00	12.66	1931.12
	4232.48	0.00	12.67	1930.13
	4232.50	0.00	12.68	1939.12
	4232.51	0.00	12.66	1929.11
	4232.52	0.00	12.68	1942.11
	4232.53	0.00	12.70	1952.12
	4232.54	0.00	12.68	1950.14
	4232.56	0.00	12.69	1953.12
	4232.57	0.00	12.69	1953.13
	4232.58	0.00	12.69	1955.13
	4232.59	0.00	12.69	1952.12
	4232.60	0.00	12.69	1959.13
	4232.61	0.00	12.69	1961.14
	4232.63	0.00	12.70	1963.14
	4232.64	0.00	12.70	1962.14
	4232.65	0.00	12.70	1962.14
	4232.66	0.00	12.70	1962.14
	4232.67	0.00	12.69	1963.14
	4232.68	0.00	12.70	1960.11
	4232.70	0.00	12.72	1963.09
	4232.71	0.00	12.72	1964.08
	4232.72	0.00	12.72	1964.08
	4232.73	0.00	12.71	1964.09
	4232.74	0.00	12.72	1961.08
	4232.76	0.00	12.71	1962.08
	4232.77	0.00	12.72	1963.08
	4232.78	0.00	12.69	1951.08
	4232.79	0.00	12.69	1953.08
	4232.80	0.00	12.69	1949.08
	4232.81	0.00	12.69	1949.08
	4232.83	0.00	12.69	1949.08
	4232.84	0.00	12.68	1947.08
	4232.85	0.00	12.67	1943.08
	4232.86	0.00	12.67	1943.08
	4232.87	0.00	12.70	1944.03
	4232.89	0.00	12.69	1948.07
	4232.90	0.00	12.70	1949.07
	4232.91	0.00	12.70	1948.07
	4232.92	0.00	12.69	1950.09
	4232.93	0.00	12.72	1953.03
	4232.94	0.00	12.71	1951.05
	4232.96	0.00	12.70	1950.08
	4232.97	0.00	12.71	1953.07
	4232.98	0.00	12.69	1955.14
	4232.99	0.00	12.68	1954.15
	4233.00	0.00	12.69	1957.15
	4233.02	0.00	12.68	1956.16
	4233.03	0.00	12.68	1956.16
	4233.04	0.00	12.70	1955.11
	4233.05	0.00	12.70	1955.11
	4233.06	0.00	12.69	1957.13
	4233.08	0.00	12.69	1958.14
	4233.09	0.00	12.69	1957.14
	4233.10	0.00	12.68	1958.15
	4233.11	0.00	12.70	1962.12
	4233.12	0.00	12.79	1959.88
	4233.13	0.00	12.79	1964.89
	4233.15	0.00	12.79	1964.90
	4233.16	0.00	12.79	1964.90
	4233.17	0.00	12.77	1956.92
	4233.18	0.00	12.78	1958.92
	4233.19	0.00	12.79	1944.81
	4233.20	0.00	12.76	1945.86
	4233.22	0.00	12.75	1944.89
	4233.23	0.00	12.72	1944.97
	4233.24	1.00	12.72	1941.02
	4233.25	1.00	12.72	1943.04
	4233.26	1.00	12.73	1944.03
	4233.28	1.00	12.66	1929.11
	4233.29	1.00	12.66	1935.13
	4233.30	1.00	12.67	1935.13
	4233.31	1.00	12.68	1934.13
	4233.32	1.00	12.68	1935.13
	4233.33	1.00	12.67	1941.14
	4233.35	1.00	12.67	1939.11
	4233.36	1.00	12.68	1948.13
	4233.37	1.00	12.70	1956.12
	4233.38	1.00	12.69	1955.13
	4233.39	1.00	12.69	1957.13
	4233.40	1.00	12.68	1956.15
	4233.42	1.00	12.68	1956.14
	4233.43	1.00	12.69	1956.13
	4233.44	1.00	12.69	1959.13
	4233.45	0.00	12.70	1962.13
	4233.46	0.00	12.70	1964.14
	4233.48	0.00	12.69	1961.14
	4233.49	0.00	12.70	1962.14
	4233.50	0.00	12.69	1963.15
	4233.51	0.00	12.71	1962.11
	4233.52	0.00	12.71	1961.09
	4233.54	0.00	12.72	1963.08
	4233.55	0.00	12.72	1961.08
	4233.56	0.00	12.71	1964.08
	4233.57	0.00	12.72	1963.08
	4233.58	0.00	12.70	1956.07
	4233.59	0.00	12.69	1950.08
	4233.61	0.00	12.69	1949.08
	4233.62	0.00	12.69	1950.08
	4233.63	0.00	12.69	1952.07
	4233.64	0.00	12.69	1948.08
	4233.65	0.00	12.70	1948.07
	4233.66	0.00	12.70	1948.07
	4233.68	0.00	12.68	1940.07
	4233.69	0.00	12.69	1942.05
	4233.70	0.00	12.69	1947.07
	4233.71	0.00	12.69	1945.06
	4233.72	0.00	12.69	1948.07
	4233.74	0.00	12.70	1948.07
	4233.75	0.00	12.70	1948.07
	4233.76	0.00	12.71	1949.05
	4233.77	0.00	12.69	1948.10
	4233.78	0.00	12.69	1953.11
	4233.79	0.00	12.67	1945.12
	4233.81	0.00	12.69	1950.12
	4233.82	0.00	12.68	1951.13
	4233.83	0.00	12.67	1952.16
	4233.84	0.00	12.68	1953.15
	4233.85	0.00	12.69	1951.12
	4233.87	0.00	12.69	1953.11
	4233.88	0.00	12.71	1955.10
	4233.89	0.00	12.68	1949.13
	4233.90	0.00	12.69	1955.13
	4233.91	0.00	12.69	1954.13
	4233.92	0.00	12.69	1955.13
	4233.94	0.00	12.68	1957.14
	4233.95	0.00	12.79	1955.86
	4233.96	0.00	12.79	1959.88
	4233.97	0.00	12.78	1957.90
	4233.98	0.00	12.77	1952.91
	4234.00	0.00	12.77	1953.91
	4234.01	0.00	12.77	1951.91
	4234.02	0.00	12.76	1952.91
	4234.03	0.00	12.76	1940.86
	4234.04	0.00	12.71	1941.99
	4234.05	0.00	12.71	1934.02
	4234.06	0.00	12.71	1937.04
	4234.08	0.00	12.65	1917.06
	4234.09	0.00	12.65	1926.12
	4234.10	0.00	12.65	1930.13
	4234.11	0.00	12.67	1930.13
	4234.12	0.00	12.67	1932.13
	4234.14	0.00	12.66	1936.14
	4234.15	0.00	12.64	1924.10
	4234.16	0.00	12.67	1941.11
	4234.17	0.00	12.69	1947.09
	4234.18	0.00	12.68	1949.13
	4234.19	0.00	12.67	1948.13
	4234.21	0.00	12.67	1945.13
	4234.22	0.00	12.66	1948.15
	4234.23	0.00	12.66	1939.10
	4234.24	0.00	12.68	1953.13
	4234.25	0.00	12.68	1956.14
	4234.27	0.00	12.67	1955.16
	4234.28	0.00	12.68	1957.14
	4234.29	0.00	12.68	1955.14
	4234.30	0.00	12.68	1956.14
	4234.31	0.00	12.69	1952.10
	4234.33	0.00	12.67	1946.09
	4234.34	0.00	12.70	1954.08
	4234.35	0.00	12.70	1957.08
	4234.36	0.00	12.69	1952.10
	4234.37	0.00	12.71	1956.08
	4234.38	0.00	12.70	1954.08
	4234.40	0.00	12.70	1954.08
	4234.41	0.00	12.67	1944.08
	4234.42	0.00	12.67	1944.08
	4234.43	0.00	12.67	1942.08
	4234.44	0.00	12.67	1942.08
	4234.46	0.00	12.67	1942.09
	4234.47	0.00	12.67	1942.08
	4234.48	0.00	12.66	1935.08
	4234.49	0.00	12.66	1933.07
	4234.50	0.00	12.66	1933.08
	4234.52	0.00	12.66	1932.08
	4234.53	0.00	12.67	1939.08
	4234.54	0.00	12.68	1941.08
	4234.55	0.00	12.68	1941.07
	4234.56	0.00	12.68	1938.06
	4234.57	0.00	12.67	1941.11
	4234.59	0.00	12.67	1944.11
	4234.60	0.00	12.66	1942.15
	4234.61	0.00	12.66	1945.15
	4234.62	0.00	12.66	1943.15
	4234.63	0.00	12.66	1947.16
	4234.64	0.00	12.68	1948.12
	4234.66	0.00	12.68	1951.13
	4234.67	0.00	12.68	1951.14
	4234.68	0.00	12.68	1951.14
	4234.69	0.00	12.66	1951.16
	4234.70	0.00	12.66	1949.15
	4234.72	0.00	12.67	1951.15
	4234.73	0.00	12.75	1947.91
	4234.74	0.00	12.78	1953.87
	4234.75	0.00	12.76	1951.90
	4234.76	0.00	12.76	1956.91
	4234.77	0.00	12.76	1948.91
	4234.79	0.00	12.75	1948.93
	4234.80	0.00	12.79	1940.80
	4234.81	0.00	12.72	1935.94
	4234.82	0.00	12.69	1938.01
	4234.83	0.00	12.70	1930.03
	4234.85	0.00	12.70	1933.04
	4234.86	0.00	12.71	1937.05
	4234.87	0.00	12.63	1912.09
	4234.88	0.00	12.65	1923.12
	4234.89	0.00	12.65	1927.14
	4234.90	0.00	12.66	1931.14
	4234.92	0.00	12.65	1935.14
	4234.93	0.00	12.65	1925.10
	4234.94	0.00	12.67	1942.12
	4234.95	0.00	12.68	1942.12
	4234.96	0.00	12.67	1944.12
	4234.97	0.00	12.67	1943.13
	4234.99	0.00	12.67	1948.14
	4235.00	0.00	12.67	1950.14
	4235.01	0.00	12.68	1946.10
	4235.02	0.00	12.68	1953.13
	4235.03	0.00	12.70	1957.10
	4235.04	0.00	12.68	1954.14
	4235.06	0.00	12.68	1956.14
	4235.07	0.00	12.68	1955.14
	4235.08	0.00	12.68	1957.14
	4235.09	0.00	12.69	1957.14
	4235.10	0.00	12.69	1953.10
	4235.12	0.00	12.69	1955.09
	4235.13	0.00	12.71	1957.07
	4235.14	0.00	12.71	1955.08
	4235.15	0.00	12.71	1956.08
	4235.16	0.00	12.71	1957.08
	4235.17	0.00	12.70	1956.10
	4235.19	0.00	12.71	1958.08
	4235.20	0.00	12.69	1950.08
	4235.21	0.00	12.67	1944.08
	4235.22	0.00	12.68	1945.08
	4235.23	0.00	12.68	1945.08
	4235.25	0.00	12.68	1944.07
	4235.26	0.00	12.68	1946.08
	4235.27	0.00	12.69	1945.07
	4235.28	0.00	12.68	1945.08
	4235.29	0.00	12.69	1944.07
	4235.31	0.00	12.67	1938.07
	4235.32	0.00	12.69	1944.06
	4235.33	0.00	12.68	1941.07
	4235.34	0.00	12.68	1941.07
	4235.35	0.00	12.69	1945.07
	4235.37	0.00	12.68	1944.09
	4235.38	0.00	12.71	1947.03
	4235.39	0.00	12.68	1946.10
	4235.40	0.00	12.68	1948.12
	4235.41	0.00	12.67	1948.14
	4235.42	0.00	12.68	1948.14
	4235.44	0.00	12.67	1950.15
	4235.45	0.00	12.67	1949.15
	4235.46	0.00	12.68	1949.13
	4235.47	0.00	12.69	1950.10
	4235.48	0.00	12.69	1950.11
	4235.49	0.00	12.68	1950.12
	4235.51	0.00	12.68	1950.14
	4235.52	0.00	12.68	1953.14
	4235.53	0.00	12.68	1953.14
	4235.54	0.00	12.78	1951.87
	4235.55	0.00	12.78	1951.86
	4235.56	0.00	12.78	1952.87
	4235.58	0.00	12.78	1956.89
	4235.59	0.00	12.78	1950.90
	4235.60	0.00	12.76	1949.93
	4235.61	0.00	12.78	1933.79
	4235.62	0.00	12.73	1937.93
	4235.64	0.00	12.71	1937.98
	4235.65	0.00	12.70	1938.00
	4235.66	0.00	12.71	1933.03
	4235.67	0.00	12.71	1937.04
	4235.68	0.00	12.64	1912.07
	4235.69	0.00	12.64	1922.12
	4235.71	0.00	12.66	1930.12
	4235.72	0.00	12.67	1931.13
	4235.73	0.00	12.67	1937.13
	4235.74	0.00	12.66	1937.14
	4235.75	0.00	12.65	1924.10
	4235.77	0.00	12.67	1940.11
	4235.78	0.00	12.68	1948.12
	4235.79	0.00	12.69	1947.12
	4235.80	0.00	12.68	1950.12
	4235.81	0.00	12.68	1949.12
	4235.83	0.00	12.69	1949.09
	4235.84	0.00	12.68	1946.08
	4235.85	0.00	12.68	1946.10
	4235.86	0.00	12.69	1955.12
	4235.87	0.00	12.69	1957.13
	4235.88	0.00	12.70	1958.13
	4235.89	0.00	12.69	1957.12
	4235.91	0.00	12.69	1960.13
	4235.92	0.00	12.70	1954.09
	4235.93	0.00	12.70	1954.08
	4235.94	0.00	12.71	1957.07
	4235.95	0.00	12.71	1957.07
	4235.97	0.00	12.71	1956.07
	4235.98	0.00	12.71	1955.07
	4235.99	0.00	12.72	1956.04
	4236.00	0.00	12.71	1957.07
	4236.01	0.00	12.72	1958.07
	4236.02	0.00	12.71	1954.07
	4236.04	0.00	12.68	1944.08
	4236.05	0.00	12.69	1946.07
	4236.06	0.00	12.68	1944.07
	4236.07	0.00	12.69	1944.06
	4236.08	0.00	12.70	1946.06
	4236.10	0.00	12.69	1944.07
	4236.11	0.00	12.68	1940.06
	4236.12	0.00	12.68	1938.06
	4236.13	0.00	12.67	1938.08
	4236.14	0.00	12.69	1942.06
	4236.15	0.00	12.69	1944.07
	4236.17	0.00	12.70	1945.06
	4236.18	0.00	12.69	1945.07
	4236.19	0.00	12.69	1946.07
	4236.20	0.00	12.68	1947.11
	4236.21	0.00	12.69	1948.10
	4236.22	0.00	12.68	1948.12
	4236.24	0.00	12.68	1950.13
	4236.25	0.00	12.68	1950.14
	4236.26	0.00	12.68	1951.14
	4236.27	0.00	12.69	1950.11
	4236.28	0.00	12.68	1948.11
	4236.30	0.00	12.69	1951.11
	4236.31	0.00	12.69	1953.12
	4236.32	0.00	12.68	1953.15
	4236.33	0.00	12.69	1953.13
	4236.34	0.00	12.68	1955.14
	4236.35	0.00	12.73	1947.97
	4236.37	0.00	12.78	1955.88
	4236.38	0.00	12.77	1951.88
	4236.39	0.00	12.78	1957.89
	4236.40	0.00	12.77	1950.90
	4236.41	0.00	12.78	1951.88
	4236.43	0.00	12.75	1942.92
	4236.44	0.00	12.75	1939.89
	4236.45	0.00	12.71	1937.98
	4236.46	0.00	12.71	1932.03
	4236.47	0.00	12.70	1936.05
	4236.48	0.00	12.64	1914.07
	4236.50	0.00	12.64	1922.12
	4236.51	0.00	12.65	1927.12
	4236.52	0.00	12.63	1925.15
	4236.53	0.00	12.65	1932.16
	4236.54	0.00	12.65	1938.16
	4236.56	0.00	12.62	1931.16
	4236.57	0.00	12.65	1947.15
	4236.58	0.00	12.65	1952.17
	4236.59	0.00	12.64	1953.18
	4236.60	0.00	12.63	1956.20
	4236.62	0.00	12.63	1957.19
	4236.63	0.00	12.62	1961.19
	4236.64	0.00	12.62	1967.21
	4236.65	0.00	12.62	1968.23
	4236.66	0.00	12.63	1971.22
	4236.67	0.00	12.62	1973.23
	4236.69	0.00	12.62	1973.22
	4236.70	0.00	12.62	1972.19
	4236.71	0.00	12.61	1970.19
	4236.72	0.00	12.61	1972.19
	4236.73	0.00	12.60	1974.19
	4236.74	0.00	12.59	1974.20
	4236.76	0.00	12.58	1977.20
	4236.77	0.00	12.55	1963.21
	4236.78	0.00	12.54	1965.22
	4236.79	0.00	12.53	1966.22
	4236.80	0.00	12.53	1966.23
	4236.82	0.00	12.52	1962.23
	4236.83	0.00	12.51	1964.25
	4236.84	0.00	12.50	1956.24
	4236.85	0.00	12.49	1957.24
	4236.86	0.00	12.48	1957.25
	4236.87	0.00	12.49	1956.23
	4236.89	0.00	12.46	1950.26
	4236.90	0.00	12.44	1949.26
	4236.91	0.00	12.43	1945.26
	4236.92	0.00	12.39	1943.33
	4236.93	0.00	12.38	1941.33
	4236.95	0.00	12.37	1937.34
	4236.96	0.00	12.38	1936.34
	4236.97	0.00	12.37	1928.34
	4236.98	0.00	12.39	1922.32
	4236.99	0.00	12.42	1916.26
	4237.00	0.00	12.45	1909.25
	4237.02	0.00	12.46	1905.24
	4237.03	0.00	12.48	1897.23
	4237.04	0.00	12.49	1893.21
	4237.05	0.00	12.50	1890.18
	4237.06	0.00	12.53	1884.14
	4237.08	0.00	12.57	1873.09
	4237.09	0.00	12.66	1876.03
	4237.10	0.00	12.73	1874.95
	4237.11	0.00	12.91	1878.61
	4237.12	0.00	12.94	1883.57
	4237.13	0.00	12.97	1889.53
	4237.15	0.00	12.97	1884.51
	4237.16	0.00	12.97	1875.50
	4237.17	0.00	12.97	1878.51
	4237.18	0.00	12.98	1871.48
	4237.19	0.00	12.96	1869.47
	4237.20	0.00	12.97	1869.47
	4237.22	0.00	12.99	1874.46
	4237.23	0.00	12.98	1872.46
	4237.24	0.00	13.03	1866.33
	4237.25	0.00	13.00	1869.41
	4237.26	0.00	13.01	1873.40
	4237.28	0.00	13.01	1872.41
	4237.29	0.00	13.00	1876.45
	4237.30	0.00	12.98	1877.49
	4237.31	0.00	13.00	1872.51
	4237.32	0.00	13.00	1873.53
	4237.33	0.00	13.01	1877.51
	4237.35	0.00	13.02	1875.50
	4237.36	0.00	13.03	1876.49
	4237.37	0.00	13.03	1878.49
	4237.38	0.00	13.05	1882.48
	4237.39	0.00	13.04	1873.46
	4237.40	0.00	12.98	1861.52
	4237.42	0.00	12.99	1869.54
	4237.43	0.00	12.99	1874.56
	4237.44	0.00	13.01	1873.56
	4237.45	0.00	13.02	1879.55
	4237.46	0.00	13.01	1883.58
	4237.47	0.00	13.02	1884.56
	4237.49	0.00	13.01	1874.52
	4237.50	0.00	13.03	1892.53
	4237.51	0.00	13.04	1900.53
	4237.52	0.00	13.08	1902.46
	4237.54	0.00	13.07	1912.50
	4237.55	0.00	13.09	1919.51
	4237.56	0.00	13.09	1922.51
	4237.57	0.00	13.08	1919.53
	4237.58	0.00	13.08	1920.53
	4237.59	0.00	13.08	1920.53
	4237.60	0.00	13.08	1922.54
	4237.62	0.00	12.99	1934.65
	4237.63	0.00	12.83	1939.92
	4237.64	0.00	12.62	1987.09
	4237.65	0.00	12.28	2098.25
	4237.66	0.00	12.14	2143.33
	4237.68	0.00	12.05	2172.39
	4237.69	0.00	12.00	2191.41
	4237.70	0.00	11.98	2213.43
	4237.71	0.00	11.96	2252.49
	4237.72	0.00	11.97	2281.53
	4237.73	0.00	11.97	2299.58
	4237.75	0.00	11.94	2301.62
	4237.76	0.00	11.90	2301.67
	4237.77	0.00	11.85	2290.69
	4237.78	0.00	11.91	2309.69
	4237.79	0.00	11.91	2297.70
	4237.81	0.00	11.94	2288.70
	4237.82	0.00	11.98	2277.69
	4237.83	0.00	12.02	2274.67
	4237.84	0.00	12.07	2255.61
	4237.85	0.00	12.15	2234.60
	4237.87	0.00	12.30	2188.55
	4237.88	0.00	12.41	2164.51
	4237.89	0.00	12.51	2140.44
	4237.90	0.00	12.57	2130.42
	4237.91	0.00	12.63	2119.38
	4237.92	0.00	12.71	2123.38
	4237.94	0.00	12.74	2112.40
	4237.95	0.00	12.81	2107.36
	4237.96	0.00	12.87	2110.32
	4237.97	0.00	12.92	2114.28
	4237.98	0.00	12.94	2120.23
	4238.00	0.00	13.02	2123.13
	4238.01	0.00	13.06	2123.07
	4238.02	0.00	13.12	2119.00
	4238.03	0.00	13.16	2116.92
	4238.04	0.00	13.22	2116.82
	4238.06	0.00	13.27	2119.70
	4238.07	0.00	13.30	2120.66
	4238.08	0.00	13.44	2144.63
	4238.09	0.00	13.49	2148.56
	4238.10	0.00	13.53	2156.58
	4238.11	0.00	13.68	2190.57
	4238.13	0.00	13.83	2221.57
	4238.14	0.00	14.00	2266.55
	4238.15	0.00	14.11	2292.52
	4238.16	0.00	14.30	2348.49
	4238.17	0.00	14.41	2370.48
	4238.18	0.00	14.54	2406.43
	4238.20	0.00	14.68	2433.33
	4238.21	0.00	14.79	2446.21
	4238.22	0.00	14.82	2446.16
	4238.23	0.00	14.82	2428.15
	4238.24	0.00	14.84	2392.99
	4238.26	0.00	14.77	2336.88
	4238.27	0.00	14.72	2268.76
	4238.28	0.00	14.51	2194.78
	4238.29	0.00	14.19	2101.84
	4238.30	0.00	13.75	2000.09
	4238.31	0.00	13.40	1915.20
	4238.33	0.00	13.05	1850.32
	4238.34	0.00	12.99	1848.40
	4238.35	0.00	12.98	1841.36
	4238.36	0.00	12.99	1843.37
	4238.37	0.00	13.05	1872.38
	4238.38	0.00	13.08	1872.34
	4238.40	0.00	13.08	1873.34
	4238.41	0.00	13.08	1876.33
	4238.42	0.00	13.09	1874.33
	4238.43	0.00	13.09	1872.32
	4238.44	0.00	13.10	1877.32
	4238.45	0.00	13.11	1880.31
	4238.47	0.00	13.13	1885.31
	4238.48	0.00	13.15	1888.27
	4238.49	0.00	13.12	1887.34
	4238.50	0.00	13.12	1890.36
	4238.52	0.00	13.12	1893.36
	4238.53	0.00	13.14	1904.37
	4238.54	0.00	13.14	1903.37
	4238.55	0.00	13.15	1906.36
	4238.56	0.00	13.18	1911.33
	4238.57	0.00	13.18	1919.35
	4238.58	0.00	13.17	1917.36
	4238.60	0.00	13.17	1922.36
	4238.61	0.00	13.23	1923.20
	4238.62	0.00	13.27	1929.15
	4238.63	0.00	13.27	1934.16
	4238.64	0.00	13.27	1935.19
	4238.66	0.00	13.28	1934.16
	4238.67	0.00	13.27	1932.19
	4238.68	0.00	13.22	1928.28
	4238.69	0.00	13.19	1928.35
	4238.70	0.00	13.19	1926.34
	4238.71	0.00	13.20	1927.34
	4238.73	0.00	13.21	1932.33
	4238.74	0.00	13.22	1934.32
	4238.75	0.00	13.22	1937.33
	4238.76	0.00	13.25	1934.25
	4238.77	0.00	13.24	1935.25
	4238.79	0.00	13.24	1932.25
	4238.80	0.00	13.18	1938.36
	4238.81	0.00	12.90	1980.64
	4238.82	0.00	12.11	2151.13
	4238.83	0.00	11.28	2402.50
	4238.84	0.00	11.05	2494.63
	4238.86	0.00	11.08	2502.71
	4238.87	0.00	11.19	2477.74
	4238.88	0.00	11.32	2454.76
	4238.89	0.00	11.39	2485.81
	4238.90	0.00	11.46	2506.86
	4238.91	0.00	11.52	2525.87
	4238.93	0.00	11.53	2530.89
	4238.94	0.00	11.56	2534.88
	4238.95	0.00	11.70	2512.83
	4238.96	0.00	11.76	2499.79
	4238.97	0.00	11.82	2475.75
	4238.99	0.00	11.91	2456.68
	4239.00	0.00	12.01	2432.63
	4239.01	0.00	12.09	2397.58
	4239.02	0.00	12.19	2360.53
	4239.03	0.00	12.29	2334.47
	4239.05	0.00	12.35	2305.45
	4239.06	0.00	12.44	2283.41
	4239.07	0.00	12.53	2258.37
	4239.08	0.00	12.73	2207.33
	4239.09	0.00	12.85	2194.34
	4239.11	0.00	12.93	2180.33
	4239.12	0.00	13.00	2169.30
	4239.13	0.00	13.07	2176.27
	4239.14	0.00	13.12	2189.25
	4239.15	0.00	13.20	2194.18
	4239.16	0.00	13.24	2209.16
	4239.18	0.00	13.29	2224.12
	4239.19	0.00	13.37	2242.02
	4239.20	0.00	13.44	2245.89
	4239.21	0.00	13.51	2263.81
	4239.22	0.00	13.57	2260.72
	4239.24	0.00	13.60	2268.69
	4239.25	0.00	13.76	2306.62
	4239.26	0.00	13.75	2309.72
	4239.27	0.00	13.91	2340.69
	4239.28	0.00	14.00	2350.61
	4239.29	0.00	14.12	2373.56
	4239.31	0.00	14.22	2372.45
	4239.32	0.00	14.32	2385.39
	4239.33	0.00	14.40	2390.34
	4239.34	0.00	14.45	2388.30
	4239.35	0.00	14.49	2385.28
	4239.37	0.00	14.54	2377.18
	4239.38	0.00	14.57	2375.10
	4239.39	0.00	14.52	2345.03
	4239.40	0.00	14.48	2273.92
	4239.41	0.00	14.33	2207.84
	4239.42	0.00	14.05	2118.95
	4239.44	0.00	13.61	2026.12
	4239.45	0.00	13.37	1953.21
	4239.46	0.00	13.12	1890.31
	4239.47	0.00	13.05	1875.37
	4239.48	0.00	13.02	1871.36
	4239.50	0.00	13.03	1872.36
	4239.51	0.00	13.10	1899.36
	4239.52	0.00	13.10	1894.33
	4239.53	0.00	13.10	1898.34
	4239.54	0.00	13.10	1897.33
	4239.55	0.00	13.11	1898.33
	4239.56	0.00	13.12	1902.33
	4239.58	0.00	13.14	1906.31
	4239.59	0.00	13.13	1904.31
	4239.60	0.00	13.14	1898.27
	4239.61	0.00	13.13	1897.28
	4239.62	0.00	13.15	1903.25
	4239.64	0.00	13.16	1904.25
	4239.65	0.00	13.17	1906.24
	4239.66	0.00	13.16	1913.24
	4239.67	0.00	13.17	1913.24
	4239.68	0.00	13.15	1906.24
	4239.69	0.00	13.15	1913.25
	4239.71	0.00	13.17	1918.24
	4239.72	0.00	13.19	1924.23
	4239.73	0.00	13.19	1925.23
	4239.74	0.00	13.19	1930.25
	4239.75	0.00	13.19	1932.24
	4239.77	0.00	13.19	1934.26
	4239.78	0.00	13.19	1933.26
	4239.79	0.00	13.18	1935.28
	4239.80	0.00	13.19	1938.27
	4239.81	0.00	13.17	1935.30
	4239.82	0.00	13.16	1935.33
	4239.84	0.00	13.17	1935.32
	4239.85	0.00	13.17	1935.33
	4239.86	0.00	13.16	1937.34
	4239.87	0.00	13.17	1940.31
	4239.88	0.00	13.18	1940.30
	4239.89	0.00	13.17	1939.32
	4239.91	0.00	13.19	1943.31
	4239.92	0.00	13.17	1936.32
	4239.93	0.00	13.17	1939.31
	4239.94	0.00	13.08	1944.52
	4239.95	0.00	12.69	2005.89
	4239.97	0.00	11.76	2248.20
	4239.98	0.00	11.21	2430.49
	4239.99	0.00	11.09	2493.62
	4240.00	0.00	11.13	2497.66
	4240.01	0.00	11.28	2463.65
	4240.02	0.00	11.38	2448.65
	4240.04	0.00	11.47	2465.66
	4240.05	0.00	11.48	2492.77
	4240.06	0.00	11.61	2482.77
	4240.07	0.00	11.69	2494.76
	4240.08	0.00	11.76	2502.76
	4240.10	0.00	11.85	2499.69
	4240.11	0.00	11.94	2493.68
	4240.12	0.00	12.07	2477.64
	4240.13	0.00	12.20	2448.60
	4240.14	0.00	12.33	2435.50
	4240.15	0.00	12.44	2416.46
	4240.17	0.00	12.56	2385.42
	4240.18	0.00	12.68	2356.37
	4240.19	0.00	12.83	2306.32
	4240.20	0.00	13.05	2252.26
	4240.21	0.00	13.17	2225.19
	4240.23	0.00	13.21	2227.13
	4240.24	0.00	13.27	2220.03
	4240.25	0.00	13.32	2211.90
	4240.26	0.00	13.35	2207.81
	4240.27	0.00	13.37	2202.76
	4240.29	0.00	13.41	2203.72
	4240.30	0.00	13.44	2206.68
	4240.31	0.00	13.45	2203.66
	4240.32	0.00	13.44	2192.64
	4240.33	0.00	13.47	2198.62
	4240.35	0.00	13.50	2204.61
	4240.36	0.00	13.53	2211.60
	4240.37	0.00	13.56	2213.55
	4240.38	0.00	13.61	2229.54
	4240.39	0.00	13.65	2239.51
	4240.40	0.00	13.68	2248.49
	4240.41	0.00	13.82	2280.47
	4240.43	0.00	13.83	2291.51
	4240.44	0.00	13.89	2308.48
	4240.45	0.00	13.94	2318.46
	4240.46	0.00	13.99	2334.45
	4240.47	0.00	14.15	2354.37
	4240.49	0.00	14.20	2369.37
	4240.50	0.00	14.24	2372.33
	4240.51	0.00	14.28	2373.29
	4240.52	0.00	14.33	2371.22
	4240.53	0.00	14.38	2357.15
	4240.54	0.00	14.53	2336.84
	4240.56	0.00	14.53	2321.78
	4240.57	0.00	14.49	2273.64
	4240.58	0.00	14.59	2220.18
	4240.59	0.00	14.57	2154.93
	4240.60	0.00	14.14	2051.20
	4240.62	0.00	13.71	1982.82
	4240.63	0.00	13.44	1918.10
	4240.64	0.00	13.20	1859.22
	4240.65	0.00	13.05	1809.36
	4240.66	0.00	12.95	1782.41
	4240.67	0.00	13.01	1820.35
	4240.69	0.00	13.07	1846.35
	4240.70	0.00	13.09	1853.34
	4240.71	0.00	13.09	1854.34
	4240.72	0.00	13.09	1854.34
	4240.73	0.00	13.08	1847.34
	4240.75	0.00	13.08	1853.34
	4240.76	0.00	13.01	1817.30
	4240.77	0.00	13.05	1835.32
	4240.78	0.00	13.04	1829.31
	4240.79	0.00	13.06	1840.31
	4240.80	0.00	13.07	1844.31
	4240.82	0.00	13.08	1849.31
	4240.83	0.00	13.09	1851.32
	4240.84	0.00	13.08	1858.32
	4240.85	0.00	13.08	1863.33
	4240.86	0.00	13.09	1865.29
	4240.87	0.00	13.11	1876.31
	4240.89	0.00	13.12	1888.34
	4240.90	0.00	13.14	1894.32
	4240.91	0.00	13.13	1896.34
	4240.92	0.00	13.13	1898.35
	4240.93	0.00	13.11	1893.35
	4240.95	0.00	13.11	1898.37
	4240.96	0.00	13.13	1905.37
	4240.97	0.00	13.13	1908.38
	4240.98	0.00	13.13	1910.39
	4240.99	0.00	13.14	1913.37
	4241.00	0.00	13.15	1914.36
	4241.02	0.00	13.19	1914.27
	4241.03	0.00	13.18	1914.28
	4241.04	0.00	13.21	1925.25
	4241.05	0.00	13.22	1923.23
	4241.06	0.00	13.22	1925.23
	4241.08	0.00	13.22	1928.23
	4241.09	0.00	13.20	1921.22
	4241.10	0.00	13.22	1923.22
	4241.11	0.00	13.21	1920.22
	4241.12	0.00	13.22	1920.20
	4241.13	0.00	13.24	1920.17
	4241.14	0.00	13.12	1930.43
	4241.16	0.00	12.73	1992.76
	4241.17	0.00	11.80	2218.13
	4241.18	0.00	11.37	2363.36
	4241.19	0.00	11.34	2389.44
	4241.20	0.00	11.36	2396.48
	4241.22	0.00	11.50	2377.46
	4241.23	0.00	11.62	2360.52
	4241.24	0.00	11.62	2404.60
	4241.25	0.00	11.63	2426.66
	4241.26	0.00	11.65	2452.70
	4241.27	0.00	11.66	2473.70
	4241.29	0.00	11.67	2485.72
	4241.30	0.00	11.70	2482.73
	4241.31	0.00	11.74	2469.73
	4241.32	0.00	11.87	2461.60
	4241.33	0.00	11.95	2441.56
	4241.35	0.00	12.04	2413.52
	4241.36	0.00	12.12	2386.51
	4241.37	0.00	12.20	2358.46
	4241.38	0.00	12.26	2319.51
	4241.39	0.00	12.35	2292.47
	4241.41	0.00	12.46	2269.43
	4241.42	0.00	12.59	2233.34
	4241.43	0.00	12.79	2194.32
	4241.44	0.00	12.95	2171.27
	4241.45	0.00	13.08	2169.21
	4241.47	0.00	13.14	2170.13
	4241.48	0.00	13.22	2180.02
	4241.49	0.00	13.29	2192.88
	4241.50	0.00	13.34	2195.80
	4241.51	0.00	13.45	2209.75
	4241.52	0.00	13.49	2221.72
	4241.54	0.00	13.51	2218.70
	4241.55	0.00	13.54	2225.69
	4241.56	0.00	13.60	2233.67
	4241.57	0.00	13.63	2236.66
	4241.58	0.00	13.67	2241.64
	4241.60	0.00	13.81	2263.62
	4241.61	0.00	13.90	2275.60
	4241.62	0.00	13.99	2286.54
	4241.63	0.00	14.06	2300.50
	4241.64	0.00	14.15	2309.45
	4241.65	0.00	14.23	2328.42
	4241.67	0.00	14.29	2334.41
	4241.68	0.00	14.36	2343.33
	4241.69	0.00	14.41	2349.33
	4241.70	0.00	14.46	2363.31
	4241.71	0.00	14.47	2355.29
	4241.72	0.00	14.44	2341.27
	4241.74	0.00	14.41	2319.24
	4241.75	0.00	14.41	2298.15
	4241.76	0.00	14.32	2274.19
	4241.77	0.00	14.25	2239.13
	4241.78	0.00	14.17	2205.08
	4241.80	0.00	14.08	2170.09
	4241.81	0.00	13.88	2086.08
	4241.82	0.00	13.51	1985.19
	4241.83	0.00	13.30	1913.26
	4241.84	0.00	13.05	1858.34
	4241.85	0.00	12.95	1839.44
	4241.87	0.00	12.89	1844.48
	4241.88	0.00	12.94	1867.47
	4241.89	0.00	12.99	1882.47
	4241.90	0.00	12.95	1872.50
	4241.91	0.00	12.97	1878.48
	4241.93	0.00	12.98	1881.48
	4241.94	0.00	12.98	1881.48
	4241.95	0.00	13.01	1887.44
	4241.96	0.00	13.01	1889.45
	4241.97	0.00	13.01	1893.47
	4241.98	0.00	13.03	1893.43
	4242.00	0.00	13.04	1896.44
	4242.01	0.00	13.05	1899.42
	4242.02	0.00	13.05	1898.43
	4242.03	0.00	13.05	1900.43
	4242.04	0.00	13.06	1903.44
	4242.06	0.00	13.06	1906.43
	4242.07	0.00	13.07	1907.43
	4242.08	0.00	13.07	1912.43
	4242.09	0.00	13.12	1908.30
	4242.10	0.00	13.20	1918.15
	4242.11	0.00	13.21	1926.17
	4242.12	0.00	13.21	1920.16
	4242.14	0.00	13.20	1920.18
	4242.15	0.00	13.24	1915.07
	4242.16	0.00	13.24	1923.10
	4242.17	0.00	13.21	1925.19
	4242.18	0.00	13.19	1926.26
	4242.20	0.00	13.20	1922.28
	4242.21	0.00	13.20	1928.29
	4242.22	0.00	13.18	1919.28
	4242.23	0.00	13.16	1914.31
	4242.24	0.00	13.17	1921.32
	4242.25	0.00	13.18	1925.33
	4242.27	0.00	13.19	1935.32
	4242.28	0.00	13.20	1938.30
	4242.29	0.00	13.20	1946.32
	4242.30	0.00	13.22	1948.28
	4242.31	0.00	13.22	1953.29
	4242.33	0.00	13.22	1952.29
	4242.34	0.00	13.24	1951.25
	4242.35	0.00	13.23	1953.27
	4242.36	0.00	13.16	1956.38
	4242.37	0.00	12.85	2002.75
	4242.38	0.00	12.15	2169.07
	4242.40	0.00	11.52	2359.38
	4242.41	0.00	11.29	2454.55
	4242.42	0.00	11.27	2478.58
	4242.43	0.00	11.35	2463.58
	4242.44	0.00	11.46	2440.51
	4242.45	0.00	11.50	2444.48
	4242.47	0.00	11.56	2468.53
	4242.48	0.00	11.53	2475.57
	4242.49	0.00	11.59	2512.60
	4242.50	0.00	11.62	2527.61
	4242.51	0.00	11.66	2530.61
	4242.53	0.00	11.72	2525.59
	4242.54	0.00	11.80	2522.57
	4242.55	0.00	11.87	2514.55
	4242.56	0.00	11.96	2500.52
	4242.57	0.00	12.06	2483.48
	4242.59	0.00	12.16	2463.44
	4242.60	0.00	12.24	2443.43
	4242.61	0.00	12.36	2415.39
	4242.62	0.00	12.43	2395.37
	4242.63	0.00	12.54	2374.29
	4242.65	0.00	12.62	2354.26
	4242.66	0.00	12.69	2341.22
	4242.67	0.00	12.79	2329.12
	4242.68	0.00	12.91	2302.16
	4242.69	0.00	13.05	2289.01
	4242.70	0.00	13.18	2270.97
	4242.72	0.00	13.28	2253.93
	4242.73	0.00	13.32	2264.89
	4242.74	0.00	13.34	2273.85
	4242.75	0.00	13.32	2274.88
	4242.76	0.00	13.34	2284.84
	4242.78	0.00	13.38	2289.80
	4242.79	0.00	13.41	2290.74
	4242.80	0.00	13.43	2284.69
	4242.81	0.00	13.44	2285.67
	4242.82	0.00	13.55	2298.62
	4242.83	0.00	13.60	2307.61
	4242.85	0.00	13.69	2311.55
	4242.86	0.00	13.75	2324.53
	4242.87	0.00	13.81	2337.52
	4242.88	0.00	13.97	2362.49
	4242.89	0.00	14.06	2367.42
	4242.91	0.00	14.16	2388.41
	4242.92	0.00	14.28	2401.36
	4242.93	0.00	14.35	2409.35
	4242.94	0.00	14.45	2409.24
	4242.95	0.00	14.52	2420.20
	4242.96	0.00	14.61	2414.05
	4242.98	0.00	14.66	2408.93
	4242.99	0.00	14.67	2376.77
	4243.00	0.00	14.68	2347.57
	4243.01	0.00	14.69	2273.28
	4243.02	0.00	14.49	2218.46
	4243.04	0.00	14.20	2146.68
	4243.05	0.00	13.88	2070.89
	4243.06	0.00	13.53	1971.01
	4243.07	0.00	13.18	1891.14
	4243.08	0.00	13.05	1854.21
	4243.09	0.00	13.00	1851.26
	4243.10	0.00	13.01	1874.30
	4243.12	0.00	13.06	1900.32
	4243.13	0.00	13.06	1894.31
	4243.14	0.00	13.06	1895.31
	4243.15	0.00	13.07	1900.32
	4243.16	0.00	13.07	1902.33
	4243.18	0.00	13.05	1893.33
	4243.19	0.00	13.09	1906.32
	4243.20	0.00	13.10	1901.32
	4243.21	0.00	13.10	1903.33
	4243.22	0.00	13.10	1899.32
	4243.23	0.00	13.12	1907.31
	4243.25	0.00	13.13	1910.31
	4243.26	0.00	13.12	1908.32
	4243.27	0.00	13.12	1908.31
	4243.28	0.00	13.13	1911.30
	4243.29	0.00	13.11	1911.36
	4243.31	0.00	13.13	1925.38
	4243.32	0.00	13.14	1931.39
	4243.33	0.00	13.15	1935.39
	4243.34	0.00	13.15	1937.40
	4243.35	0.00	13.18	1939.34
	4243.37	0.00	13.17	1941.37
	4243.38	0.00	13.17	1941.37
	4243.39	0.00	13.17	1942.37
	4243.40	0.00	13.17	1944.37
	4243.41	0.00	13.28	1948.11
	4243.42	0.00	13.29	1949.09
	4243.44	0.00	13.30	1951.10
	4243.45	0.00	13.29	1951.11
	4243.46	0.00	13.29	1945.11
	4243.47	0.00	13.28	1947.13
	4243.48	0.00	13.27	1952.15
	4243.49	0.00	13.20	1945.28
	4243.51	0.00	13.18	1947.33
	4243.52	0.00	13.17	1939.31
	4243.53	0.00	13.18	1943.31
	4243.54	0.00	13.19	1944.31
	4243.55	0.00	13.20	1949.31
	4243.56	0.00	13.00	1969.67
	4243.58	0.00	12.60	2062.85
	4243.59	0.00	11.73	2307.21
	4243.60	0.00	11.12	2511.49
	4243.61	0.00	11.03	2553.61
	4243.62	0.00	11.15	2535.61
	4243.64	0.00	11.32	2502.55
	4243.65	0.00	11.52	2474.53
	4243.66	0.00	11.57	2519.57
	4243.67	0.00	11.64	2529.58
	4243.68	0.00	11.67	2523.58
	4243.69	0.00	11.73	2526.59
	4243.71	0.00	11.81	2528.58
	4243.72	0.00	11.89	2517.56
	4243.73	0.00	11.93	2462.53
	4243.74	0.00	12.12	2452.44
	4243.75	0.00	12.24	2429.39
	4243.77	0.00	12.36	2399.35
	4243.78	0.00	12.50	2364.31
	4243.79	0.00	12.62	2321.28
	4243.80	0.00	12.74	2288.23
	4243.81	0.00	12.88	2250.17
	4243.83	0.00	13.08	2200.11
	4243.84	0.00	13.15	2179.04
	4243.85	0.00	13.24	2161.97
	4243.86	0.00	13.29	2162.88
	4243.87	0.00	13.32	2155.81
	4243.88	0.00	13.34	2153.77
	4243.90	0.00	13.37	2168.76
	4243.91	0.00	13.38	2172.78
	4243.92	0.00	13.41	2182.77
	4243.93	0.00	13.42	2185.75
	4243.94	0.00	13.43	2192.74
	4243.95	0.00	13.46	2199.69
	4243.97	0.00	13.48	2207.71
	4243.98	0.00	13.48	2205.71
	4243.99	0.00	13.48	2209.70
	4244.00	0.00	13.49	2212.68
	4244.02	0.00	13.53	2211.58
	4244.03	0.00	13.56	2215.56
	4244.04	0.00	13.66	2231.55
	4244.05	0.00	13.69	2232.53
	4244.06	0.00	13.70	2232.54
	4244.07	0.00	13.65	2217.57
	4244.08	0.00	13.66	2205.57
	4244.10	0.00	13.68	2189.55
	4244.11	0.00	13.67	2170.60
	4244.12	0.00	13.79	2184.51
	4244.13	0.00	13.80	2184.52
	4244.14	0.00	13.79	2167.50
	4244.16	0.00	13.67	2140.52
	4244.17	0.00	13.69	2138.48
	4244.18	0.00	13.68	2123.46
	4244.19	0.00	13.67	2118.44
	4244.20	0.00	13.60	2085.43
	4244.21	0.00	13.44	2030.42
	4244.23	0.00	13.38	1987.40
	4244.24	0.00	13.29	1944.39
	4244.25	0.00	13.18	1902.39
	4244.26	0.00	13.08	1864.43
	4244.27	0.00	12.99	1843.47
	4244.29	0.00	12.93	1835.51
	4244.30	0.00	12.89	1829.53
	4244.31	0.00	12.86	1822.55
	4244.32	0.00	12.90	1845.51
	4244.33	0.00	12.88	1837.51
	4244.35	0.00	12.98	1876.51
	4244.36	0.00	12.98	1877.51
	4244.37	0.00	12.99	1876.49
	4244.38	0.00	13.00	1876.47
	4244.39	0.00	13.00	1866.43
	4244.40	0.00	13.00	1869.43
	4244.42	0.00	13.04	1888.41
	4244.43	0.00	13.06	1897.39
	4244.44	0.00	13.09	1901.33
	4244.45	0.00	13.08	1904.38
	4244.46	0.00	13.08	1902.38
	4244.47	0.00	13.08	1903.38
	4244.49	0.00	13.07	1904.40
	4244.50	0.00	13.08	1903.38
	4244.51	0.00	13.05	1892.38
	4244.52	0.00	13.06	1896.38
	4244.53	0.00	13.07	1897.37
	4244.55	0.00	13.07	1898.38
	4244.56	0.00	13.07	1898.38
	4244.57	0.00	13.09	1899.37
	4244.58	0.00	13.08	1900.38
	4244.59	0.00	13.09	1899.37
	4244.60	0.00	13.09	1902.37
	4244.62	0.00	13.10	1901.36
	4244.63	0.00	13.10	1900.35
	4244.64	0.00	13.10	1901.36
	4244.65	0.00	13.09	1895.35
	4244.66	0.00	13.07	1886.37
	4244.67	0.00	13.09	1885.35
	4244.69	0.00	13.08	1882.35
	4244.70	0.00	13.09	1878.34
	4244.71	0.00	13.10	1883.34
	4244.72	0.00	13.11	1884.32
	4244.73	0.00	13.13	1893.31
	4244.75	0.00	13.15	1900.30
	4244.76	0.00	13.16	1902.29
	4244.77	0.00	13.16	1904.30
	4244.78	0.00	13.15	1902.31
	4244.79	0.00	13.14	1904.34
	4244.81	0.00	13.14	1905.33
	4244.82	0.00	13.13	1911.38
	4244.83	0.00	13.06	1915.53
	4244.84	0.00	12.92	1956.64
	4244.85	0.00	12.58	2030.86
	4244.86	0.00	12.31	2114.00
	4244.88	0.00	12.16	2176.14
	4244.89	0.00	12.03	2229.23
	4244.90	0.00	11.93	2267.30
	4244.91	0.00	11.93	2308.34
	4244.92	0.00	11.95	2337.37
	4244.93	0.00	11.97	2363.32
	4244.95	0.00	11.93	2379.35
	4244.96	0.00	11.89	2399.38
	4244.97	0.00	11.87	2421.39
	4244.98	0.00	11.85	2437.48
	4244.99	0.00	11.84	2446.50
	4245.01	0.00	11.87	2457.50
	4245.02	0.00	11.89	2462.50
	4245.03	0.00	11.92	2458.46
	4245.04	0.00	11.96	2458.44
	4245.05	0.00	12.00	2450.43
	4245.06	0.00	12.05	2448.40
	4245.08	0.00	12.13	2444.35
	4245.09	0.00	12.18	2439.33
	4245.10	0.00	12.23	2429.32
	4245.11	0.00	12.29	2422.30
	4245.12	0.00	12.36	2407.28
	4245.14	0.00	12.43	2400.25
	4245.15	0.00	12.48	2395.26
	4245.16	0.00	12.54	2384.24
	4245.17	0.00	12.60	2375.23
	4245.18	0.00	12.69	2367.07
	4245.19	0.00	12.69	2368.15
	4245.21	0.00	12.72	2369.14
	4245.22	0.00	12.74	2388.13
	4245.23	0.00	12.75	2398.13
	4245.24	0.00	12.77	2396.10
	4245.25	0.00	12.77	2399.11
	4245.27	0.00	12.80	2404.10
	4245.28	0.00	12.83	2405.10
	4245.29	0.00	12.86	2382.09
	4245.30	0.00	12.95	2401.07
	4245.31	0.00	13.08	2379.04
	4245.33	0.00	13.15	2370.01
	4245.34	0.00	13.24	2346.03
	4245.35	0.00	13.40	2320.96
	4245.36	0.00	13.44	2317.88
	4245.37	0.00	13.47	2335.78
	4245.38	0.00	13.48	2323.69
	4245.40	0.00	13.56	2330.55
	4245.41	0.00	13.56	2351.50
	4245.42	0.00	13.60	2341.41
	4245.43	0.00	13.66	2318.33
	4245.44	0.00	13.69	2304.25
	4245.45	0.00	13.79	2303.01
	4245.47	0.00	13.92	2310.91
	4245.48	0.00	13.96	2296.83
	4245.49	0.00	13.97	2277.77
	4245.50	0.00	14.00	2265.73
	4245.52	0.00	13.97	2232.74
	4245.53	0.00	13.93	2209.80
	4245.54	0.00	13.93	2192.81
	4245.55	0.00	13.89	2164.80
	4245.56	0.00	13.86	2127.80
	4245.57	0.00	13.70	2077.83
	4245.58	0.00	13.68	2053.82
	4245.60	0.00	13.52	2019.04
	4245.61	0.00	13.42	1984.09
	4245.62	0.00	13.31	1956.17
	4245.63	0.00	13.17	1911.23
	4245.64	0.00	13.12	1910.30
	4245.66	0.00	13.09	1907.32
	4245.67	0.00	13.09	1909.33
	4245.68	0.00	13.18	1946.33
	4245.69	0.00	13.14	1927.32
	4245.70	0.00	13.16	1941.32
	4245.71	0.00	13.16	1944.33
	4245.73	0.00	13.17	1940.28
	4245.74	0.00	13.19	1954.30
	4245.75	0.00	13.19	1958.31
	4245.76	0.00	13.20	1958.31
	4245.77	0.00	13.20	1959.31
	4245.79	0.00	13.20	1963.33
	4245.80	0.00	13.21	1967.31
	4245.81	0.00	13.21	1966.31
	4245.82	0.00	13.21	1968.31
	4245.83	0.00	13.22	1973.30
	4245.85	0.00	13.23	1981.30
	4245.86	0.00	13.24	1984.30
	4245.87	0.00	13.25	1991.30
	4245.88	0.00	13.25	1992.30
	4245.89	0.00	13.26	1992.30
	4245.90	0.00	13.26	1995.30
	4245.92	0.00	13.28	1996.27
	4245.93	0.00	13.25	1991.29
	4245.94	0.00	13.27	1991.24
	4245.95	0.00	13.28	1993.23
	4245.96	0.00	13.28	1994.23
	4245.97	0.00	13.28	1989.22
	4245.99	0.00	13.29	1992.21
	4246.00	0.00	13.30	1996.20
	4246.01	0.00	13.30	1994.20
	4246.02	0.00	13.30	1995.19
	4246.03	0.00	13.30	1993.18
	4246.04	0.00	13.29	1984.18
	4246.06	0.00	13.28	1983.18
	4246.07	0.00	13.23	1986.29
	4246.08	0.00	12.99	2016.63
	4246.09	0.00	12.66	2093.87
	4246.10	0.00	12.31	2193.07
	4246.12	0.00	12.01	2283.21
	4246.13	0.00	11.91	2319.25
	4246.14	0.00	11.90	2335.33
	4246.15	0.00	11.89	2371.36
	4246.16	0.00	11.91	2389.38
	4246.17	0.00	11.88	2393.41
	4246.19	0.00	11.88	2416.48
	4246.20	0.00	11.86	2421.52
	4246.21	0.00	11.90	2443.54
	4246.22	0.00	11.94	2456.51
	4246.23	0.00	11.98	2462.52
	4246.25	0.00	12.03	2467.51
	4246.26	0.00	12.09	2459.47
	4246.27	0.00	12.15	2450.44
	4246.28	0.00	12.25	2440.34
	4246.29	0.00	12.33	2430.30
	4246.31	0.00	12.43	2415.27
	4246.32	0.00	12.48	2396.28
	4246.33	0.00	12.55	2378.30
	4246.34	0.00	12.62	2368.28
	4246.35	0.00	12.68	2354.25
	4246.37	0.00	12.77	2351.22
	4246.38	0.00	12.85	2350.13
	4246.39	0.00	12.89	2337.11
	4246.40	0.00	12.95	2336.08
	4246.41	0.00	13.06	2314.05
	4246.42	0.00	13.13	2300.98
	4246.44	0.00	13.23	2297.96
	4246.45	0.00	13.28	2296.94
	4246.46	0.00	13.36	2289.89
	4246.47	0.00	13.38	2297.86
	4246.48	0.00	13.37	2303.82
	4246.50	0.00	13.41	2314.77
	4246.51	0.00	13.44	2315.70
	4246.52	0.00	13.47	2323.64
	4246.53	0.00	13.52	2324.55
	4246.54	0.00	13.55	2318.48
	4246.55	0.00	13.58	2317.41
	4246.57	0.00	13.60	2311.37
	4246.58	0.00	13.62	2304.32
	4246.59	0.00	13.65	2300.29
	4246.60	0.00	13.76	2310.24
	4246.61	0.00	13.79	2308.19
	4246.62	0.00	13.80	2299.18
	4246.64	0.00	13.82	2296.17
	4246.65	0.00	13.87	2295.10
	4246.66	0.00	13.89	2294.10
	4246.67	0.00	13.90	2289.07
	4246.68	0.00	13.98	2299.99
	4246.69	0.00	14.00	2287.96
	4246.71	0.00	13.99	2257.92
	4246.72	0.00	14.05	2249.85
	4246.73	0.00	14.10	2246.77
	4246.74	0.00	14.13	2227.71
	4246.75	0.00	14.15	2180.50
	4246.77	0.00	14.23	2140.15
	4246.78	0.00	13.88	2076.61
	4246.79	0.00	13.73	2035.75
	4246.80	0.00	13.51	1990.01
	4246.81	0.00	13.35	1950.15
	4246.83	0.00	13.24	1921.24
	4246.84	0.00	13.14	1902.32
	4246.85	0.00	13.12	1899.31
	4246.86	0.00	13.09	1905.36
	4246.87	0.00	13.17	1946.37
	4246.88	0.00	13.17	1946.37
	4246.90	0.00	13.25	1934.11
	4246.91	0.00	13.25	1940.13
	4246.92	0.00	13.24	1938.14
	4246.93	0.00	13.24	1940.14
	4246.94	0.00	13.24	1937.15
	4246.96	0.00	13.23	1929.16
	4246.97	0.00	13.24	1935.16
	4246.98	0.00	13.24	1934.16
	4246.99	0.00	13.26	1940.13
	4247.00	0.00	13.19	1930.24
	4247.02	0.00	13.17	1936.31
	4247.03	0.00	13.16	1937.32
	4247.04	0.00	13.17	1947.35
	4247.05	0.00	13.18	1951.33
	4247.06	0.00	13.20	1964.31
	4247.07	0.00	13.24	1964.31
	4247.09	0.00	13.24	1967.31
	4247.10	0.00	13.25	1970.31
	4247.11	0.00	13.21	1945.26
	4247.12	0.00	13.22	1959.28
	4247.13	0.00	13.24	1971.27
	4247.14	0.00	13.25	1973.26
	4247.16	0.00	13.25	1972.26
	4247.17	0.00	13.25	1974.27
	4247.18	0.00	13.25	1979.27
	4247.19	0.00	13.24	1979.27
	4247.20	0.00	13.25	1981.24
	4247.22	0.00	13.26	1987.27
	4247.23	0.00	13.26	1990.27
	4247.24	0.00	13.25	1989.28
	4247.25	0.00	13.20	1991.37
	4247.26	0.00	13.11	1989.51
	4247.27	0.00	12.89	2026.77
	4247.29	0.00	12.52	2128.01
	4247.30	0.00	12.27	2200.17
	4247.31	0.00	12.16	2242.28
	4247.32	0.00	12.11	2297.34
	4247.33	0.00	12.15	2315.23
	4247.35	0.00	12.09	2314.29
	4247.36	0.00	12.05	2323.31
	4247.37	0.00	12.03	2350.35
	4247.38	0.00	12.01	2373.38
	4247.39	0.00	12.02	2399.41
	4247.40	0.00	12.04	2420.42
	4247.42	0.00	12.08	2440.43
	4247.43	0.00	12.09	2437.45
	4247.44	0.00	12.11	2434.45
	4247.45	0.00	12.16	2429.43
	4247.46	0.00	12.21	2421.40
	4247.48	0.00	12.26	2411.40
	4247.49	0.00	12.31	2396.40
	4247.50	0.00	12.37	2379.37
	4247.51	0.00	12.44	2357.36
	4247.52	0.00	12.53	2346.31
	4247.54	0.00	12.61	2330.29
	4247.55	0.00	12.68	2322.25
	4247.56	0.00	12.73	2319.25
	4247.57	0.00	12.79	2308.15
	4247.58	0.00	12.86	2304.10
	4247.60	0.00	12.92	2292.08
	4247.61	0.00	13.05	2268.05
	4247.62	0.00	13.14	2250.02
	4247.63	0.00	13.20	2250.98
	4247.64	0.00	13.22	2247.04
	4247.65	0.00	13.27	2240.02
	4247.66	0.00	13.31	2248.97
	4247.68	0.00	13.34	2257.87
	4247.69	0.00	13.38	2264.82
	4247.70	0.00	13.41	2267.78
	4247.71	0.00	13.43	2269.73
	4247.72	0.00	13.47	2273.66
	4247.74	0.00	13.51	2273.57
	4247.75	0.00	13.56	2276.48
	4247.76	0.00	13.68	2295.46
	4247.77	0.00	13.70	2291.39
	4247.78	0.00	13.74	2290.33
	4247.79	0.00	13.78	2293.29
	4247.81	0.00	13.83	2292.21
	4247.82	0.00	13.87	2270.08
	4247.83	0.00	13.94	2267.96
	4247.84	0.00	13.99	2270.87
	4247.85	0.00	14.00	2255.82
	4247.87	0.00	14.03	2248.78
	4247.88	0.00	14.07	2235.70
	4247.89	0.00	14.08	2217.64
	4247.90	0.00	14.10	2200.54
	4247.91	0.00	14.21	2173.26
	4247.92	0.00	14.14	2108.13
	4247.94	0.00	14.04	2058.19
	4247.95	0.00	13.74	2017.61
	4247.96	0.00	13.56	1968.81
	4247.97	0.00	13.37	1929.05
	4247.98	0.00	13.24	1899.18
	4248.00	0.00	13.16	1884.24
	4248.01	0.00	13.10	1881.29
	4248.02	0.00	13.04	1868.35
	4248.03	0.00	13.21	1951.36
	4248.04	0.00	13.16	1920.36
	4248.06	0.00	13.15	1919.38
	4248.07	0.00	13.16	1923.36
	4248.08	0.00	13.16	1926.36
	4248.09	0.00	13.16	1927.35
	4248.10	0.00	13.19	1928.28
	4248.11	0.00	13.18	1932.34
	4248.13	0.00	13.15	1931.39
	4248.14	0.00	13.15	1931.40
	4248.15	0.00	13.15	1932.41
	4248.16	0.00	13.15	1936.42
	4248.17	0.00	13.15	1936.43
	4248.18	0.00	13.15	1937.43
	4248.20	0.00	13.17	1940.39
	4248.21	0.00	13.17	1941.39
	4248.22	0.00	13.17	1944.40
	4248.23	0.00	13.18	1952.40
	4248.24	0.00	13.18	1954.41
	4248.26	0.00	13.17	1948.41
	4248.27	0.00	13.21	1972.40
	4248.28	0.00	13.22	1979.40
	4248.29	0.00	13.22	1984.41
	4248.30	0.00	13.31	1981.17
	4248.31	0.00	13.34	1990.12
	4248.33	0.00	13.34	1993.14
	4248.34	0.00	13.33	1987.15
	4248.35	0.00	13.32	1985.15
	4248.36	0.00	13.28	1967.19
	4248.37	0.00	13.24	1971.30
	4248.38	0.00	13.22	1966.36
	4248.40	0.00	13.23	1976.37
	4248.41	0.00	13.23	1981.37
	4248.42	0.00	13.24	1985.36
	4248.43	0.00	13.25	1980.32
	4248.44	0.00	13.26	1987.31
	4248.46	0.00	13.26	1991.32
	4248.47	0.00	13.18	1999.50
	4248.48	0.00	12.95	2037.74
	4248.49	0.00	12.59	2128.97
	4248.50	0.00	12.35	2200.14
	4248.52	0.00	12.23	2243.21
	4248.53	0.00	12.17	2287.29
	4248.54	0.00	12.16	2324.32
	4248.55	0.00	12.11	2314.33
	4248.56	0.00	12.05	2316.37
	4248.57	0.00	12.04	2334.40
	4248.59	0.00	12.03	2350.42
	4248.60	0.00	11.99	2373.46
	4248.61	0.00	12.01	2387.41
	4248.62	0.00	12.02	2399.39
	4248.63	0.00	12.02	2404.41
	4248.65	0.00	12.04	2416.42
	4248.66	0.00	12.06	2418.44
	4248.67	0.00	12.09	2414.43
	4248.68	0.00	12.13	2403.42
	4248.69	0.00	12.17	2396.40
	4248.71	0.00	12.21	2387.39
	4248.72	0.00	12.26	2371.36
	4248.73	0.00	12.34	2357.34
	4248.74	0.00	12.39	2348.34
	4248.75	0.00	12.45	2331.34
	4248.76	0.00	12.52	2316.32
	4248.78	0.00	12.55	2300.31
	4248.79	0.00	12.62	2296.26
	4248.80	0.00	12.65	2289.26
	4248.81	0.00	12.69	2287.25
	4248.82	0.00	12.73	2285.25
	4248.84	0.00	12.80	2277.14
	4248.85	0.00	12.94	2262.13
	4248.86	0.00	13.01	2261.11
	4248.87	0.00	13.07	2256.11
	4248.88	0.00	13.10	2252.17
	4248.89	0.00	13.17	2246.14
	4248.91	0.00	13.25	2248.09
	4248.92	0.00	13.31	2244.03
	4248.93	0.00	13.37	2256.94
	4248.94	0.00	13.46	2257.80
	4248.95	0.00	13.54	2269.66
	4248.97	0.00	13.58	2281.61
	4248.98	0.00	13.64	2289.53
	4248.99	0.00	13.67	2286.47
	4249.00	0.00	13.69	2286.46
	4249.01	0.00	13.72	2275.38
	4249.02	0.00	13.81	2284.34
	4249.04	0.00	13.85	2285.27
	4249.05	0.00	13.88	2281.22
	4249.06	0.00	13.99	2289.15
	4249.07	0.00	14.00	2282.15
	4249.08	0.00	13.90	2243.12
	4249.10	0.00	13.93	2237.07
	4249.11	0.00	13.91	2200.02
	4249.12	0.00	13.95	2170.85
	4249.13	0.00	13.93	2123.77
	4249.14	0.00	13.75	2045.76
	4249.15	0.00	13.58	1997.86
	4249.17	0.00	13.38	1948.08
	4249.18	0.00	13.24	1915.19
	4249.19	0.00	13.12	1889.29
	4249.20	0.00	13.05	1873.35
	4249.21	0.00	13.04	1892.39
	4249.22	0.00	13.05	1900.38
	4249.24	0.00	13.10	1922.37
	4249.25	0.00	13.10	1922.37
	4249.26	0.00	13.09	1918.38
	4249.27	0.00	13.08	1915.38
	4249.28	0.00	13.09	1912.38
	4249.30	0.00	13.09	1910.37
	4249.31	0.00	13.08	1906.37
	4249.32	0.00	13.08	1905.37
	4249.33	0.00	13.08	1905.36
	4249.34	0.00	13.09	1906.36
	4249.35	0.00	13.10	1912.37
	4249.37	0.00	13.10	1914.36
	4249.38	0.00	13.11	1914.36
	4249.39	0.00	13.11	1917.36
	4249.40	0.00	13.11	1919.37
	4249.41	0.00	13.09	1909.36
	4249.42	0.00	13.10	1921.39
	4249.44	0.00	13.09	1919.41
	4249.45	0.00	13.10	1921.40
	4249.46	0.00	13.10	1933.44
	4249.47	0.00	13.12	1945.43
	4249.48	0.00	13.15	1956.43
	4249.50	0.00	13.15	1964.43
	4249.51	0.00	13.18	1970.37
	4249.52	0.00	13.20	1984.36
	4249.53	0.00	13.20	1986.37
	4249.54	0.00	13.20	1987.38
	4249.56	0.00	13.19	1985.39
	4249.57	0.00	13.19	1985.39
	4249.58	0.00	13.32	1988.10
	4249.59	0.00	13.31	1984.11
	4249.60	0.00	13.32	1986.10
	4249.62	0.00	13.30	1986.15
	4249.63	0.00	13.30	1979.14
	4249.64	0.00	13.26	1980.22
	4249.65	0.00	13.25	1983.25
	4249.66	0.00	13.13	1975.49
	4249.67	0.00	12.93	2000.69
	4249.69	0.00	12.55	2096.96
	4249.70	0.00	12.22	2190.15
	4249.71	0.00	12.05	2265.27
	4249.72	0.00	11.98	2300.29
	4249.73	0.00	11.97	2340.32
	4249.75	0.00	11.99	2357.34
	4249.76	0.00	11.96	2365.37
	4249.77	0.00	11.92	2376.37
	4249.78	0.00	11.87	2399.41
	4249.79	0.00	11.84	2418.46
	4249.80	0.00	11.82	2435.49
	4249.82	0.00	11.83	2437.50
	4249.83	0.00	11.87	2444.50
	4249.84	0.00	11.92	2448.48
	4249.85	0.00	11.99	2448.37
	4249.86	0.00	12.01	2443.45
	4249.87	0.00	12.05	2435.44
	4249.89	0.00	12.10	2424.37
	4249.90	0.00	12.15	2411.35
	4249.91	0.00	12.19	2399.33
	4249.92	0.00	12.23	2383.31
	4249.93	0.00	12.29	2368.28
	4249.95	0.00	12.34	2352.27
	4249.96	0.00	12.43	2342.19
	4249.97	0.00	12.48	2332.24
	4249.98	0.00	12.55	2319.22
	4249.99	0.00	12.60	2312.21
	4250.00	0.00	12.67	2309.19
	4250.02	0.00	12.71	2305.19
	4250.03	0.00	12.76	2306.19
	4250.04	0.00	12.79	2300.20
	4250.05	0.00	12.84	2295.20
	4250.06	0.00	12.89	2300.20
	4250.08	0.00	13.03	2275.17
	4250.09	0.00	13.10	2280.11
	4250.10	0.00	13.17	2270.09
	4250.11	0.00	13.26	2265.05
	4250.12	0.00	13.32	2268.98
	4250.13	0.00	13.41	2267.81
	4250.15	0.00	13.48	2268.68
	4250.16	0.00	13.63	2294.58
	4250.17	0.00	13.67	2297.51
	4250.18	0.00	13.71	2290.43
	4250.19	0.00	13.72	2292.41
	4250.21	0.00	13.72	2287.44
	4250.22	0.00	13.74	2281.40
	4250.23	0.00	13.75	2277.38
	4250.24	0.00	13.79	2270.30
	4250.25	0.00	13.83	2272.21
	4250.27	0.00	13.90	2258.06
	4250.28	0.00	13.91	2250.05
	4250.29	0.00	13.90	2241.04
	4250.30	0.00	13.94	2244.01
	4250.31	0.00	13.92	2235.02
	4250.32	0.00	13.91	2223.00
	4250.34	0.00	13.93	2210.94
	4250.35	0.00	13.91	2191.92
	4250.36	0.00	13.89	2168.90
	4250.37	0.00	13.80	2139.93
	4250.38	0.00	13.63	2095.97
	4250.39	0.00	13.54	2068.05
	4250.41	0.00	13.47	2038.09
	4250.42	0.00	13.36	2010.19
	4250.43	0.00	13.26	1981.26
	4250.44	0.00	13.20	1965.29
	4250.45	0.00	13.13	1946.33
	4250.47	0.00	13.11	1939.34
	4250.48	0.00	13.08	1937.38
	4250.49	0.00	13.08	1940.39
	4250.50	0.00	13.09	1943.38
	4250.51	0.00	13.17	1978.39
	4250.52	0.00	13.18	1977.38
	4250.54	0.00	13.17	1969.38
	4250.55	0.00	13.18	1971.38
	4250.56	0.00	13.17	1967.38
	4250.57	0.00	13.19	1967.38
	4250.58	0.00	13.19	1963.33
	4250.60	0.00	13.20	1962.32
	4250.61	0.00	13.21	1960.32
	4250.62	0.00	13.19	1954.31
	4250.63	0.00	13.22	1966.31
	4250.64	0.00	13.20	1954.31
	4250.65	0.00	13.19	1952.30
	4250.67	0.00	13.21	1958.30
	4250.68	0.00	13.21	1956.30
	4250.69	0.00	13.22	1956.29
	4250.70	0.00	13.22	1956.30
	4250.71	0.00	13.21	1953.29
	4250.73	0.00	13.22	1954.29
	4250.74	0.00	13.22	1955.29
	4250.75	0.00	13.22	1956.30
	4250.76	0.00	13.23	1955.28
	4250.77	0.00	13.21	1946.30
	4250.78	0.00	13.20	1943.32
	4250.80	0.00	13.18	1940.36
	4250.81	0.00	13.17	1941.37
	4250.82	0.00	13.17	1944.38
	4250.83	0.00	13.17	1943.39
	4250.84	0.00	13.18	1945.36
	4250.86	0.00	13.18	1942.35
	4250.87	0.00	13.18	1946.35
	4250.88	0.00	13.19	1949.36
	4250.89	0.00	13.20	1944.34
	4250.90	0.00	13.24	1996.37
	4250.91	0.00	13.24	2006.36
	4250.93	0.00	13.25	2013.35
	4250.94	0.00	13.33	2012.14
	4250.95	0.00	13.33	2024.16
	4250.96	0.00	13.30	2025.22
	4250.97	0.00	13.26	2019.28
	4250.98	0.00	13.21	2021.36
	4251.00	0.00	13.12	2003.42
	4251.01	0.00	13.04	2007.62
	4251.02	0.00	13.00	2011.69
	4251.03	0.00	12.99	2010.73
	4251.04	0.00	12.97	2016.78
	4251.06	0.00	12.97	2015.74
	4251.07	0.00	12.94	2018.79
	4251.08	0.00	12.92	2025.81
	4251.09	0.00	12.94	2035.81
	4251.10	0.00	12.93	2038.81
	4251.12	0.00	12.95	2053.82
	4251.13	0.00	12.95	2059.85
	4251.14	0.00	12.94	2062.86
	4251.15	0.00	12.93	2068.89
	4251.16	0.00	12.92	2059.86
	4251.17	0.00	12.93	2069.89
	4251.19	0.00	12.92	2069.91
	4251.20	0.00	12.92	2073.92
	4251.21	0.00	12.92	2072.89
	4251.22	0.00	12.90	2066.90
	4251.23	0.00	12.95	2077.82
	4251.25	0.00	12.91	2073.90
	4251.26	0.00	12.93	2079.89
	4251.27	0.00	12.93	2076.89
	4251.28	0.00	12.90	2070.89
	4251.29	0.00	12.91	2072.90
	4251.30	0.00	12.91	2075.90
	4251.32	0.00	12.91	2076.90
	4251.33	0.00	12.92	2084.91
	4251.34	0.00	12.93	2095.91
	4251.35	0.00	12.93	2097.92
	4251.36	0.00	12.93	2100.93
	4251.38	0.00	12.90	2101.99
	4251.39	0.00	12.89	2105.02
	4251.40	0.00	12.87	2106.05
	4251.41	0.00	12.87	2107.06
	4251.42	0.00	12.88	2112.99
	4251.44	0.00	12.82	2124.07
	4251.45	0.00	12.81	2128.08
	4251.46	0.00	12.79	2133.09
	4251.47	0.00	12.80	2136.05
	4251.48	0.00	12.86	2141.86
	4251.49	0.00	12.84	2146.89
	4251.51	0.00	12.77	2155.91
	4251.52	0.00	12.76	2158.93
	4251.53	0.00	12.68	2146.08
	4251.54	0.00	12.63	2157.11
	4251.55	0.00	12.62	2161.13
	4251.57	0.00	12.64	2163.15
	4251.58	0.00	12.62	2167.11
	4251.59	0.00	12.59	2164.13
	4251.60	0.00	12.59	2170.14
	4251.61	0.00	12.60	2171.15
	4251.62	0.00	12.58	2175.15
	4251.64	0.00	12.57	2179.16
	4251.65	0.00	12.58	2190.15
	4251.66	0.00	12.58	2191.16
	4251.67	0.00	12.56	2192.17
	4251.68	0.00	12.55	2194.19
	4251.70	0.00	12.56	2195.16
	4251.71	0.00	12.55	2197.17
	4251.72	0.00	12.56	2197.17
	4251.73	0.00	12.56	2198.19
	4251.74	0.00	12.57	2196.15
	4251.75	0.00	12.57	2195.12
	4251.77	0.00	12.58	2197.12
	4251.78	0.00	12.57	2195.13
	4251.79	0.00	12.59	2197.11
	4251.80	0.00	12.56	2182.11
	4251.81	0.00	12.57	2183.11
	4251.83	0.00	12.57	2182.11
	4251.84	0.00	12.59	2180.10
	4251.85	0.00	12.57	2181.11
	4251.86	0.00	12.59	2183.10
	4251.87	0.00	12.60	2184.10
	4251.88	0.00	12.60	2184.10
	4251.90	0.00	12.59	2187.14
	4251.91	0.00	12.58	2185.17
	4251.92	0.00	12.59	2183.16
	4251.93	0.00	12.60	2184.17
	4251.94	0.00	12.60	2181.17
	4251.96	0.00	12.63	2180.09
	4251.97	0.00	12.62	2182.15
	4251.98	0.00	12.64	2177.15
	4251.99	0.00	12.64	2176.15
	4252.00	0.00	12.74	2173.89
	4252.02	0.00	12.74	2176.91
	4252.03	0.00	12.74	2167.92
	4252.04	0.00	12.74	2166.94
	4252.05	0.00	12.75	2165.92
	4252.06	0.00	12.69	2151.04
	4252.08	0.00	12.67	2152.11
	4252.09	0.00	12.70	2148.11
	4252.10	0.00	12.69	2152.12
	4252.11	0.00	12.69	2132.07
	4252.12	0.00	12.69	2133.08
	4252.13	0.00	12.70	2138.11
	4252.14	0.00	12.73	2136.10
	4252.16	0.00	12.73	2139.10
	4252.17	0.00	12.75	2140.05
	4252.18	0.00	12.76	2146.08
	4252.19	0.00	12.76	2144.08
	4252.20	0.00	12.76	2144.08
	4252.22	0.00	12.76	2144.08
	4252.23	0.00	12.74	2139.07
	4252.24	0.00	12.76	2145.08
	4252.25	0.00	12.76	2145.08
	4252.26	0.00	12.76	2147.08
	4252.28	0.00	12.75	2135.04
	4252.29	0.00	12.78	2143.03
	4252.30	0.00	12.78	2140.03
	4252.31	0.00	12.78	2140.03
	4252.32	0.00	12.76	2130.03
	4252.33	0.00	12.75	2125.03
	4252.35	0.00	12.77	2124.98
	4252.36	0.00	12.76	2126.03
	4252.37	0.00	12.75	2126.03
	4252.38	0.00	12.75	2122.03
	4252.39	0.00	12.76	2130.04
	4252.41	0.00	12.76	2133.03
	4252.42	0.00	12.75	2132.04
	4252.43	0.00	12.75	2130.05
	4252.44	0.00	12.72	2133.11
	4252.45	0.00	12.72	2132.11
	4252.47	0.00	12.72	2133.12
	4252.48	0.00	12.73	2133.08
	4252.49	0.00	12.72	2134.10
	4252.50	0.00	12.72	2134.11
	4252.51	0.00	12.71	2138.11
	4252.52	0.00	12.72	2138.10
	4252.54	0.00	12.80	2139.87
	4252.55	0.00	12.78	2138.90
	4252.56	0.00	12.78	2136.90
	4252.57	0.00	12.77	2134.88
	4252.58	0.00	12.70	2128.04
	4252.60	0.00	12.67	2128.09
	4252.61	0.00	12.69	2124.09
	4252.62	0.00	12.69	2123.06
	4252.63	0.00	12.65	2109.08
	4252.64	0.00	12.67	2122.10
	4252.65	0.00	12.67	2123.11
	4252.67	0.00	12.65	2121.12
	4252.68	0.00	12.68	2134.08
	4252.69	0.00	12.68	2136.10
	4252.70	0.00	12.70	2135.04
	4252.71	0.00	12.67	2138.11
	4252.73	0.00	12.65	2135.12
	4252.74	0.00	12.66	2140.11
	4252.75	0.00	12.67	2140.10
	4252.76	0.00	12.65	2138.12
	4252.77	0.00	12.66	2141.08
	4252.79	0.00	12.65	2142.08
	4252.80	0.00	12.66	2141.05
	4252.81	0.00	12.65	2142.07
	4252.82	0.00	12.65	2144.07
	4252.83	0.00	12.63	2133.03
	4252.85	0.00	12.62	2132.07
	4252.86	0.00	12.62	2133.07
	4252.87	0.00	12.62	2133.07
	4252.88	0.00	12.62	2133.06
	4252.89	0.00	12.63	2139.07
	4252.90	0.00	12.63	2138.07
	4252.91	0.00	12.64	2137.07
	4252.93	0.00	12.64	2138.06
	4252.94	0.00	12.62	2138.13
	4252.95	0.00	12.61	2138.14
	4252.96	0.00	12.61	2138.15
	4252.97	0.00	12.62	2139.11
	4252.99	0.00	12.62	2140.12
	4253.00	0.00	12.62	2141.13
	4253.01	0.00	12.61	2140.15
	4253.02	0.00	12.62	2143.14
	4253.03	0.00	12.71	2142.88
	4253.04	0.00	12.70	2143.91
	4253.06	0.00	12.68	2137.93
	4253.07	0.00	12.68	2139.93
	4253.08	0.00	12.62	2126.03
	4253.09	0.00	12.60	2128.09
	4253.10	0.00	12.60	2123.12
	4253.12	0.00	12.61	2127.11
	4253.13	0.00	12.59	2111.08
	4253.14	0.00	12.59	2120.11
	4253.15	0.00	12.60	2121.12
	4253.16	0.00	12.61	2126.12
	4253.18	0.00	12.61	2124.09
	4253.19	0.00	12.62	2134.12
	4253.20	0.00	12.63	2133.11
	4253.21	0.00	12.62	2134.11
	4253.22	0.00	12.62	2134.11
	4253.24	0.00	12.61	2133.10
	4253.25	0.00	12.62	2136.10
	4253.26	0.00	12.63	2134.11
	4253.27	0.00	12.63	2134.10
	4253.28	0.00	12.63	2129.08
	4253.29	0.00	12.64	2131.06
	4253.31	0.00	12.65	2127.06
	4253.32	0.00	12.65	2127.05
	4253.33	0.00	12.63	2117.06
	4253.34	0.00	12.62	2112.05
	4253.35	0.00	12.63	2114.05
	4253.37	0.00	12.63	2111.05
	4253.38	0.00	12.63	2110.05
	4253.39	0.00	12.64	2113.05
	4253.40	0.00	12.64	2115.05
	4253.41	0.00	12.64	2116.05
	4253.42	0.00	12.63	2110.05
	4253.44	0.00	12.63	2114.09
	4253.45	0.00	12.62	2117.11
	4253.46	0.00	12.62	2119.13
	4253.47	0.00	12.63	2117.10
	4253.48	0.00	12.63	2118.09
	4253.50	0.00	12.62	2119.13
	4253.51	0.00	12.63	2120.12
	4253.52	0.00	12.63	2123.12
	4253.53	0.00	12.69	2117.91
	4253.54	0.00	12.71	2123.89
	4253.56	0.00	12.69	2114.90
	4253.57	0.00	12.70	2119.91
	4253.58	0.00	12.70	2114.87
	4253.59	0.00	12.61	2110.05
	4253.60	0.00	12.60	2106.06
	4253.62	0.00	12.60	2111.08
	4253.63	0.00	12.61	2112.10
	4253.64	0.00	12.62	2114.07
	4253.65	0.00	12.58	2105.10
	4253.66	0.00	12.59	2112.11
	4253.67	0.00	12.60	2114.11
	4253.68	0.00	12.60	2114.10
	4253.70	0.00	12.61	2116.08
	4253.71	0.00	12.61	2123.10
	4253.72	0.00	12.61	2123.11
	4253.73	0.00	12.60	2126.12
	4253.75	0.00	12.61	2126.09
	4253.76	0.00	12.61	2129.10
	4253.77	0.00	12.61	2129.11
	4253.78	0.00	12.61	2131.11
	4253.79	0.00	12.61	2128.07
	4253.80	0.00	12.62	2130.06
	4253.81	0.00	12.62	2130.06
	4253.83	0.00	12.62	2129.06
	4253.84	0.00	12.59	2116.06
	4253.85	0.00	12.59	2116.06
	4253.86	0.00	12.59	2118.08
	4253.87	0.00	12.59	2112.06
	4253.89	0.00	12.60	2119.06
	4253.90	0.00	12.60	2118.06
	4253.91	0.00	12.60	2122.08
	4253.92	0.00	12.60	2124.06
	4253.93	0.00	12.61	2123.06
	4253.94	0.00	12.60	2125.09
	4253.96	0.00	12.59	2124.09
	4253.97	0.00	12.58	2124.13
	4253.98	0.00	12.58	2127.13
	4253.99	0.00	12.58	2128.14
	4254.00	0.00	12.60	2129.08
	4254.02	0.00	12.59	2129.12
	4254.03	0.00	12.58	2131.13
	4254.04	0.00	12.58	2130.13
	4254.05	0.00	12.68	2133.87
	4254.06	0.00	12.67	2136.90
	4254.08	0.00	12.66	2128.91
	4254.09	0.00	12.66	2127.91
	4254.10	0.00	12.66	2127.92
	4254.11	0.00	12.62	2118.96
	4254.12	0.00	12.57	2120.07
	4254.13	0.00	12.58	2117.10
	4254.15	0.00	12.57	2121.12
	4254.16	0.00	12.56	2108.09
	4254.17	0.00	12.57	2118.10
	4254.18	0.00	12.58	2115.10
	4254.19	0.00	12.57	2119.12
	4254.21	0.00	12.58	2123.11
	4254.22	0.00	12.60	2128.08
	4254.23	0.00	12.59	2130.10
	4254.24	0.00	12.59	2133.11
	4254.25	0.00	12.60	2132.10
	4254.27	0.00	12.59	2129.08
	4254.28	0.00	12.60	2134.09
	4254.29	0.00	12.61	2134.10
	4254.30	0.00	12.62	2135.09
	4254.31	0.00	12.62	2130.06
	4254.32	0.00	12.62	2131.05
	4254.34	0.00	12.63	2135.06
	4254.35	0.00	12.63	2135.05
	4254.36	0.00	12.63	2133.05
	4254.37	0.00	12.60	2122.05
	4254.38	0.00	12.60	2124.05
	4254.40	0.00	12.61	2124.04
	4254.41	0.00	12.60	2123.05
	4254.42	0.00	12.60	2121.05
	4254.43	0.00	12.60	2127.05
	4254.44	0.00	12.61	2129.05
	4254.45	0.00	12.61	2130.05
	4254.47	0.00	12.60	2129.07
	4254.48	0.00	12.59	2131.11
	4254.49	0.00	12.58	2131.12
	4254.50	0.00	12.58	2131.12
	4254.51	0.00	12.58	2131.13
	4254.53	0.00	12.59	2135.09
	4254.54	0.00	12.58	2139.11
	4254.55	0.00	12.57	2138.12
	4254.56	0.00	12.57	2140.12
	4254.57	0.00	12.66	2141.86
	4254.58	0.00	12.66	2142.87
	4254.60	0.00	12.65	2142.89
	4254.61	0.00	12.64	2136.90
	4254.62	0.00	12.64	2136.91
	4254.63	0.00	12.60	2125.94
	4254.64	0.00	12.56	2127.06
	4254.66	0.00	12.57	2121.08
	4254.67	0.00	12.57	2125.09
	4254.68	0.00	12.54	2109.08
	4254.69	0.00	12.57	2116.09
	4254.70	0.00	12.58	2120.09
	4254.71	0.00	12.59	2117.10
	4254.73	0.00	12.58	2118.10
	4254.74	0.00	12.60	2126.07
	4254.75	0.00	12.61	2127.08
	4254.76	0.00	12.61	2126.09
	4254.77	0.00	12.61	2127.09
	4254.79	0.00	12.61	2122.05
	4254.80	0.00	12.62	2127.06
	4254.81	0.00	12.61	2127.08
	4254.82	0.00	12.62	2130.08
	4254.83	0.00	12.62	2128.06
	4254.85	0.00	12.63	2125.03
	4254.86	0.00	12.63	2127.04
	4254.87	0.00	12.63	2126.04
	4254.88	0.00	12.63	2126.04
	4254.89	0.00	12.61	2118.04
	4254.90	0.00	12.60	2113.04
	4254.92	0.00	12.61	2114.04
	4254.93	0.00	12.61	2113.03
	4254.94	0.00	12.60	2108.03
	4254.95	0.00	12.62	2114.03
	4254.96	0.00	12.62	2115.03
	4254.98	0.00	12.62	2117.03
	4254.99	0.00	12.63	2116.02
	4255.00	0.00	12.61	2116.06
	4255.01	0.00	12.60	2117.09
	4255.02	0.00	12.60	2117.10
	4255.04	0.00	12.59	2118.13
	4255.05	0.00	12.61	2121.08
	4255.06	0.00	12.60	2122.09
	4255.07	0.00	12.60	2121.10
	4255.08	0.00	12.61	2121.09
	4255.09	0.00	12.60	2123.11
	4255.11	0.00	12.68	2121.85
	4255.12	0.00	12.68	2125.87
	4255.13	0.00	12.67	2118.89
	4255.14	0.00	12.67	2121.89
	4255.15	0.00	12.64	2107.89
	4255.16	0.00	12.59	2109.04
	4255.18	0.00	12.59	2103.07
	4255.19	0.00	12.59	2102.07
	4255.20	0.00	12.59	2109.08
	4255.21	0.00	12.56	2090.06
	4255.22	0.00	12.58	2105.07
	4255.24	0.00	12.60	2105.09
	4255.25	0.00	12.60	2108.09
	4255.26	0.00	12.59	2108.09
	4255.27	0.00	12.59	2100.05
	4255.28	0.00	12.60	2114.07
	4255.29	0.00	12.61	2116.08
	4255.31	0.00	12.60	2118.09
	4255.32	0.00	12.59	2113.06
	4255.33	0.00	12.60	2120.08
	4255.34	0.00	12.61	2122.08
	4255.35	0.00	12.61	2123.08
	4255.37	0.00	12.61	2121.07
	4255.38	0.00	12.62	2117.04
	4255.39	0.00	12.62	2118.03
	4255.40	0.00	12.63	2120.03
	4255.41	0.00	12.62	2120.05
	4255.43	0.00	12.62	2116.03
	4255.44	0.00	12.60	2108.03
	4255.45	0.00	12.61	2106.03
	4255.46	0.00	12.62	2106.99
	4255.47	0.00	12.59	2101.03
	4255.48	0.00	12.60	2103.03
	4255.50	0.00	12.61	2108.03
	4255.51	0.00	12.64	2109.97
	4255.52	0.00	12.63	2109.02
	4255.53	0.00	12.62	2107.06
	4255.54	0.00	12.61	2109.08
	4255.56	0.00	12.60	2110.11
	4255.57	0.00	12.62	2110.10
	4255.58	0.00	12.61	2109.10
	4255.59	0.00	12.63	2111.06
	4255.60	0.00	12.62	2111.09
	4255.62	0.00	12.62	2114.09
	4255.63	0.00	12.65	2113.01
	4255.64	0.00	12.71	2115.84
	4255.65	0.00	12.70	2115.87
	4255.66	0.00	12.70	2110.87
	4255.67	0.00	12.70	2109.87
	4255.69	0.00	12.70	2111.88
	4255.70	0.00	12.63	2099.98
	4255.71	0.00	12.61	2102.04
	4255.72	0.00	12.62	2098.06
	4255.73	0.00	12.64	2100.02
	4255.75	0.00	12.62	2089.01
	4255.76	0.00	12.61	2094.06
	4255.77	0.00	12.61	2098.07
	4255.78	0.00	12.61	2097.08
	4255.79	0.00	12.62	2103.07
	4255.81	0.00	12.63	2105.05
	4255.82	0.00	12.63	2112.07
	4255.83	0.00	12.63	2111.07
	4255.84	0.00	12.62	2111.08
	4255.85	0.00	12.61	2106.06
	4255.86	0.00	12.63	2114.06
	4255.88	0.00	12.64	2114.06
	4255.89	0.00	12.63	2114.07
	4255.90	0.00	12.64	2116.07
	4255.91	0.00	12.64	2112.03
	4255.92	0.00	12.65	2116.03
	4255.93	0.00	12.64	2113.04
	4255.95	0.00	12.63	2106.02
	4255.96	0.00	12.62	2101.02
	4255.97	0.00	12.62	2101.02
	4255.98	0.00	12.62	2102.01
	4255.99	0.00	12.63	2103.02
	4256.01	0.00	12.62	2102.02
	4256.02	0.00	12.63	2103.02
	4256.03	0.00	12.63	2103.01
	4256.04	0.00	12.63	2108.02
	4256.05	0.00	12.63	2108.03
	4256.06	0.00	12.64	2108.01
	4256.08	0.00	12.61	2107.08
	4256.09	0.00	12.61	2110.09
	4256.10	0.00	12.60	2110.10
	4256.11	0.00	12.61	2108.06
	4256.12	0.00	12.62	2111.05
	4256.14	0.00	12.61	2111.09
	4256.15	0.00	12.60	2112.09
	4256.16	0.00	12.60	2112.09
	4256.17	0.00	12.68	2108.87
	4256.18	0.00	12.70	2113.85
	4256.19	0.00	12.69	2109.87
	4256.21	0.00	12.68	2108.88
	4256.22	0.00	12.67	2097.85
	4256.23	0.00	12.61	2097.01
	4256.24	0.00	12.60	2097.04
	4256.25	0.00	12.61	2093.05
	4256.27	0.00	12.61	2098.06
	4256.28	0.00	12.58	2080.05
	4256.29	0.00	12.59	2093.07
	4256.30	0.00	12.61	2094.07
	4256.31	0.00	12.60	2100.08
	4256.33	0.00	12.60	2095.04
	4256.34	0.00	12.62	2108.06
	4256.35	0.00	12.62	2109.07
	4256.36	0.00	12.60	2113.08
	4256.37	0.00	12.60	2107.04
	4256.38	0.00	12.60	2114.06
	4256.40	0.00	12.60	2118.08
	4256.41	0.00	12.59	2113.07
	4256.42	0.00	12.60	2119.07
	4256.43	0.00	12.60	2116.04
	4256.44	0.00	12.60	2121.05
	4256.45	0.00	12.61	2122.03
	4256.47	0.00	12.60	2122.03
	4256.48	0.00	12.58	2112.03
	4256.49	0.00	12.57	2108.03
	4256.50	0.00	12.56	2106.03
	4256.52	0.00	12.58	2109.03
	4256.53	0.00	12.58	2109.03
	4256.54	0.00	12.57	2103.04
	4256.55	0.00	12.58	2110.03
	4256.56	0.00	12.59	2111.03
	4256.57	0.00	12.59	2112.03
	4256.58	0.00	12.62	2112.95
	4256.60	0.00	12.57	2107.07
	4256.61	0.00	12.56	2111.09
	4256.62	0.00	12.57	2113.10
	4256.63	0.00	12.57	2114.08
	4256.64	0.00	12.57	2111.08
	4256.66	0.00	12.57	2116.09
	4256.67	0.00	12.57	2114.09
	4256.68	0.00	12.56	2121.07
	4256.69	0.00	12.54	2118.10
	4256.70	0.00	12.64	2123.84
	4256.71	0.00	12.64	2124.86
	4256.73	0.00	12.63	2121.87
	4256.74	0.00	12.61	2123.89
	4256.75	0.00	12.58	2113.88
	4256.76	0.00	12.55	2113.98
	4256.77	0.00	12.53	2115.03
	4256.79	0.00	12.54	2113.07
	4256.80	0.00	12.54	2116.08
	4256.81	0.00	12.50	2097.06
	4256.82	0.00	12.52	2108.08
	4256.83	0.00	12.54	2114.08
	4256.85	0.00	12.54	2115.09
	4256.86	0.00	12.54	2117.09
	4256.87	0.00	12.54	2116.06
	4256.88	0.00	12.56	2128.07
	4256.89	0.00	12.56	2127.08
	4256.90	0.00	12.56	2128.08
	4256.92	0.00	12.56	2128.07
	4256.93	0.00	12.57	2134.07
	4256.94	0.00	12.59	2131.07
	4256.95	0.00	12.61	2133.07
	4256.96	0.00	12.62	2125.03
	4256.98	0.00	12.64	2130.02
	4256.99	0.00	12.66	2128.01
	4257.00	0.00	12.67	2126.01
	4257.01	0.00	12.68	2126.01
	4257.02	0.00	12.66	2113.00
	4257.04	0.00	12.68	2113.00
	4257.05	0.00	12.70	2111.99
	4257.06	0.00	12.70	2110.00
	4257.07	0.00	12.71	2111.99
	4257.08	0.00	12.70	2107.99
	4257.09	0.00	12.71	2114.99
	4257.11	0.00	12.71	2116.02
	4257.12	0.00	12.72	2119.98
	4257.13	0.00	12.70	2118.05
	4257.14	0.00	12.69	2117.07
	4257.15	0.00	12.69	2120.09
	4257.17	0.00	12.70	2120.06
	4257.18	0.00	12.71	2120.03
	4257.19	0.00	12.71	2123.05
	4257.20	0.00	12.70	2121.08
	4257.21	0.00	12.70	2126.07
	4257.22	0.00	12.74	2119.91
	4257.24	0.00	12.79	2125.82
	4257.25	0.00	12.78	2124.86
	4257.26	0.00	12.78	2119.85
	4257.27	0.00	12.77	2120.85
	4257.28	0.00	12.77	2122.86
	4257.30	0.00	12.71	2109.94
	4257.31	0.00	12.69	2111.01
	4257.32	0.00	12.69	2106.03
	4257.33	0.00	12.69	2109.04
	4257.34	0.00	12.67	2094.00
	4257.35	0.00	12.67	2103.04
	4257.37	0.00	12.69	2104.05
	4257.38	0.00	12.68	2105.05
	4257.39	0.00	12.69	2111.05
	4257.40	0.00	12.70	2115.03
	4257.41	0.00	12.70	2120.04
	4257.43	0.00	12.68	2121.05
	4257.44	0.00	12.68	2123.05
	4257.45	0.00	12.68	2121.03
	4257.46	0.00	12.68	2123.04
	4257.47	0.00	12.68	2127.05
	4257.48	0.00	12.68	2127.07
	4257.50	0.00	12.69	2128.05
	4257.51	0.00	12.69	2125.01
	4257.52	0.00	12.70	2126.01
	4257.53	0.00	12.69	2126.02
	4257.54	0.00	12.71	2125.00
	4257.56	0.00	12.70	2125.00
	4257.57	0.00	12.67	2113.00
	4257.58	0.00	12.67	2113.02
	4257.59	0.00	12.68	2115.00
	4257.60	0.00	12.68	2112.00
	4257.62	0.00	12.67	2108.00
	4257.63	0.00	12.67	2112.01
	4257.64	0.00	12.68	2115.00
	4257.65	0.00	12.69	2113.00
	4257.66	0.00	12.69	2114.99
	4257.67	0.00	12.67	2113.04
	4257.69	0.00	12.67	2115.06
	4257.70	0.00	12.66	2114.07
	4257.71	0.00	12.67	2116.07
	4257.72	0.00	12.70	2113.96
	4257.73	0.00	12.67	2113.04
	4257.75	0.00	12.67	2118.06
	4257.76	0.00	12.66	2116.07
	4257.77	0.00	12.66	2120.09
	4257.78	0.00	12.77	2122.81
	4257.79	0.00	12.75	2120.84
	4257.80	0.00	12.75	2114.85
	4257.82	0.00	12.73	2112.88
	4257.83	0.00	12.74	2113.86
	4257.84	0.00	12.68	2101.94
	4257.85	0.00	12.65	2104.01
	4257.86	0.00	12.67	2101.04
	4257.87	0.00	12.66	2105.04
	4257.89	0.00	12.64	2091.03
	4257.90	0.00	12.65	2098.04
	4257.91	0.00	12.66	2101.06
	4257.92	0.00	12.65	2106.05
	4257.93	0.00	12.64	2106.06
	4257.95	0.00	12.65	2104.02
	4257.96	0.00	12.66	2114.05
	4257.97	0.00	12.66	2118.05
	4257.98	0.00	12.65	2118.06
	4257.99	0.00	12.65	2115.04
	4258.01	0.00	12.66	2122.04
	4258.02	0.00	12.65	2120.05
	4258.03	0.00	12.66	2121.05
	4258.04	0.00	12.65	2122.05
	4258.05	0.00	12.66	2118.02
	4258.06	0.00	12.67	2120.00
	4258.08	0.00	12.67	2118.01
	4258.09	0.00	12.67	2119.00
	4258.10	0.00	12.64	2107.01
	4258.11	0.00	12.64	2106.00
	4258.12	0.00	12.64	2107.00
	4258.14	0.00	12.65	2107.00
	4258.15	0.00	12.65	2107.00
	4258.16	0.00	12.64	2099.00
	4258.17	0.00	12.65	2106.00
	4258.18	0.00	12.66	2106.00
	4258.19	0.00	12.67	2107.97
	4258.21	0.00	12.68	2109.95
	4258.22	0.00	12.65	2107.02
	4258.23	0.00	12.64	2107.06
	4258.24	0.00	12.65	2106.07
	4258.25	0.00	12.65	2107.07
	4258.27	0.00	12.66	2106.04
	4258.28	0.00	12.67	2107.05
	4258.29	0.00	12.66	2105.06
	4258.30	0.00	12.67	2108.06
	4258.31	0.00	12.66	2109.06
	4258.33	0.00	12.75	2106.81
	4258.34	0.00	12.75	2108.83
	4258.35	0.00	12.75	2102.84
	4258.36	0.00	12.74	2104.85
	4258.37	0.00	12.72	2091.83
	4258.38	0.00	12.67	2091.98
	4258.40	0.00	12.68	2087.01
	4258.41	0.00	12.68	2089.02
	4258.42	0.00	12.65	2069.99
	4258.43	0.00	12.66	2082.03
	4258.44	0.00	12.67	2085.03
	4258.45	0.00	12.68	2084.04
	4258.47	0.00	12.67	2088.04
	4258.48	0.00	12.67	2083.01
	4258.49	0.00	12.69	2097.02
	4258.50	0.00	12.69	2096.03
	4258.51	0.00	12.68	2100.04
	4258.53	0.00	12.67	2094.02
	4258.54	0.00	12.68	2101.03
	4258.55	0.00	12.68	2102.03
	4258.56	0.00	12.68	2101.04
	4258.57	0.00	12.66	2108.05
	4258.58	0.00	12.66	2103.01
	4258.60	0.00	12.66	2109.01
	4258.61	0.00	12.66	2111.01
	4258.62	0.00	12.66	2108.01
	4258.63	0.00	12.65	2111.01
	4258.64	0.00	12.66	2112.01
	4258.66	0.00	12.63	2098.00
	4258.67	0.00	12.63	2099.01
	4258.68	0.00	12.64	2101.00
	4258.69	0.00	12.64	2100.00
	4258.70	0.00	12.64	2101.00
	4258.71	0.00	12.62	2095.01
	4258.73	0.00	12.64	2100.00
	4258.74	0.00	12.65	2102.00
	4258.75	0.00	12.65	2102.00
	4258.76	0.00	12.65	2102.02
	4258.77	0.00	12.64	2104.06
	4258.79	0.00	12.64	2103.07
	4258.80	0.00	12.65	2102.07
	4258.81	0.00	12.64	2102.08
	4258.82	0.00	12.66	2105.04
	4258.83	0.00	12.66	2103.05
	4258.85	0.00	12.66	2103.06
	4258.86	0.00	12.66	2104.07
	4258.87	0.00	12.76	2103.80
	4258.88	0.00	12.75	2106.82
	4258.89	0.00	12.75	2107.83
	4258.90	0.00	12.74	2099.84
	4258.92	0.00	12.75	2100.84
	4258.93	0.00	12.75	2096.79
	4258.94	0.00	12.68	2087.93
	4258.95	0.00	12.66	2089.00
	4258.96	0.00	12.69	2084.01
	4258.97	0.00	12.70	2087.98
	4258.99	0.00	12.65	2074.02
	4259.00	0.00	12.66	2083.03
	4259.01	0.00	12.68	2081.03
	4259.02	0.00	12.68	2084.03
	4259.04	0.00	12.67	2086.04
	4259.05	0.00	12.69	2086.01
	4259.06	0.00	12.70	2093.02
	4259.07	0.00	12.70	2093.02
	4259.08	0.00	12.69	2091.03
	4259.09	0.00	12.70	2091.02
	4259.10	0.00	12.71	2096.02
	4259.12	0.00	12.71	2094.02
	4259.13	0.00	12.71	2091.02
	4259.14	0.00	12.71	2092.02
	4259.15	0.00	12.70	2086.98
	4259.16	0.00	12.71	2086.98
	4259.18	0.00	12.71	2084.97
	4259.19	0.00	12.72	2083.94
	4259.20	0.00	12.72	2076.97
	4259.21	0.00	12.73	2080.97
	4259.22	0.00	12.71	2066.97
	4259.23	0.00	12.74	2064.90
	4259.25	0.00	12.71	2063.96
	4259.26	0.00	12.72	2065.96
	4259.27	0.00	12.72	2063.96
	4259.28	0.00	12.71	2058.97
	4259.29	0.00	12.73	2065.96
	4259.31	0.00	12.74	2066.96
	4259.32	0.00	12.74	2065.96
	4259.33	0.00	12.75	2067.96
	4259.34	0.00	12.73	2069.99
	4259.35	0.00	12.72	2074.02
	4259.37	0.00	12.71	2080.04
	4259.38	0.00	12.70	2082.05
	4259.39	0.00	12.72	2087.05
	4259.40	0.00	12.72	2091.01
	4259.41	0.00	12.72	2097.02
	4259.42	0.00	12.72	2098.00
	4259.44	0.00	12.72	2105.03
	4259.45	0.00	12.83	2113.76
	4259.46	0.00	12.83	2114.79
	4259.47	0.00	12.82	2114.81
	4259.48	0.00	12.84	2118.81
	4259.50	0.00	12.84	2122.81
	4259.51	0.00	12.82	2111.86
	4259.52	0.00	12.80	2115.94
	4259.53	0.00	12.82	2110.96
	4259.54	0.00	12.83	2116.96
	4259.56	0.00	12.82	2099.94
	4259.57	0.00	12.88	2102.92
	4259.58	0.00	12.91	2102.96
	4259.59	0.00	12.91	2106.96
	4259.60	0.00	12.92	2109.96
	4259.61	0.00	12.91	2102.94
	4259.62	0.00	12.93	2116.94
	4259.64	0.00	12.94	2120.95
	4259.65	0.00	12.93	2124.96
	4259.66	0.00	12.92	2121.96
	4259.67	0.00	12.93	2126.95
	4259.68	0.00	12.93	2127.95
	4259.70	0.00	12.94	2130.95
	4259.71	0.00	12.94	2130.96
	4259.72	0.00	12.94	2127.91
	4259.73	0.00	12.95	2129.91
	4259.74	0.00	12.95	2130.91
	4259.76	0.00	12.95	2129.91
	4259.77	0.00	12.95	2126.91
	4259.78	0.00	12.92	2117.91
	4259.79	0.00	12.91	2124.91
	4259.80	0.00	12.91	2122.91
	4259.81	0.00	12.91	2121.91
	4259.83	0.00	12.91	2123.91
	4259.84	0.00	12.90	2121.91
	4259.85	0.00	12.91	2127.92
	4259.86	0.00	12.91	2129.91
	4259.87	0.00	12.91	2128.91
	4259.89	0.00	12.88	2130.97
	4259.90	0.00	12.87	2129.99
	4259.91	0.00	12.87	2135.00
	4259.92	0.00	12.87	2134.00
	4259.93	0.00	12.89	2135.96
	4259.94	0.00	12.89	2135.93
	4259.96	0.00	12.88	2133.98
	4259.97	0.00	12.87	2136.99
	4259.98	0.00	12.87	2138.99
	4259.99	0.00	12.88	2138.96
	4260.00	0.00	12.96	2142.75
	4260.02	0.00	12.93	2150.78
	4260.03	0.00	12.91	2143.80
	4260.04	0.00	12.90	2