2.00
	1949.30	0.00	10.63	1133.05
	1949.31	0.00	10.65	1139.08
	1949.33	0.00	10.65	1143.11
	1949.34	0.00	10.67	1143.11
	1949.35	0.00	10.66	1146.12
	1949.36	0.00	10.66	1148.12
	1949.37	0.00	10.65	1146.14
	1949.38	0.00	10.60	1132.07
	1949.40	0.00	10.68	1149.08
	1949.41	0.00	10.68	1153.09
	1949.42	0.00	10.69	1154.09
	1949.43	0.00	10.69	1153.10
	1949.44	0.00	10.68	1158.10
	1949.45	0.00	10.68	1158.11
	1949.47	0.00	10.67	1154.07
	1949.48	0.00	10.68	1161.12
	1949.49	0.00	10.66	1161.15
	1949.50	0.00	10.67	1159.14
	1949.51	0.00	10.66	1159.15
	1949.52	0.00	10.66	1160.15
	1949.54	0.00	10.67	1162.14
	1949.55	0.00	10.68	1161.12
	1949.56	0.00	10.68	1159.12
	1949.57	0.00	10.69	1161.11
	1949.58	0.00	10.70	1164.11
	1949.59	0.00	10.74	1162.03
	1949.61	0.00	10.71	1166.10
	1949.62	0.00	10.71	1165.10
	1949.63	0.00	10.68	1159.10
	1949.64	0.00	10.68	1158.11
	1949.65	0.00	10.72	1166.10
	1949.67	0.00	10.71	1163.10
	1949.68	0.00	10.72	1161.10
	1949.69	0.00	10.72	1159.10
	1949.70	0.00	10.71	1159.11
	1949.71	0.00	10.70	1155.10
	1949.72	0.00	10.71	1157.10
	1949.74	0.00	10.72	1155.09
	1949.75	0.00	10.72	1153.09
	1949.76	0.00	10.73	1151.09
	1949.77	0.00	10.74	1153.09
	1949.78	0.00	10.83	1147.88
	1949.80	0.00	10.82	1146.93
	1949.81	0.00	10.81	1144.97
	1949.82	0.00	10.80	1138.97
	1949.83	0.00	10.80	1135.98
	1949.84	0.00	10.81	1137.98
	1949.85	0.00	10.81	1137.99
	1949.86	0.00	10.76	1129.03
	1949.88	0.00	10.74	1130.09
	1949.89	0.00	10.73	1128.12
	1949.90	0.00	10.74	1123.12
	1949.91	0.00	10.73	1122.13
	1949.92	0.00	10.73	1122.13
	1949.94	0.00	10.72	1119.13
	1949.95	0.00	10.77	1107.91
	1949.96	0.00	10.85	1117.85
	1949.97	0.00	10.87	1121.86
	1949.98	0.00	10.86	1118.87
	1949.99	0.00	10.85	1117.87
	1950.01	0.00	10.86	1120.87
	1950.02	0.00	10.93	1112.67
	1950.03	0.00	10.92	1110.70
	1950.04	0.00	10.88	1112.79
	1950.05	0.00	10.83	1111.89
	1950.06	0.00	10.80	1106.95
	1950.07	0.00	10.80	1107.97
	1950.09	0.00	10.78	1103.99
	1950.10	0.00	10.72	1093.98
	1950.11	0.00	10.67	1091.05
	1950.12	0.00	10.69	1092.05
	1950.14	0.00	10.68	1091.06
	1950.15	0.00	10.69	1096.08
	1950.16	0.00	10.71	1096.10
	1950.17	0.00	10.71	1101.09
	1950.18	0.00	10.70	1099.09
	1950.19	0.00	10.67	1091.05
	1950.20	0.00	10.70	1101.06
	1950.22	0.00	10.72	1109.08
	1950.23	0.00	10.71	1109.07
	1950.24	0.00	10.73	1112.08
	1950.25	0.00	10.71	1113.08
	1950.26	0.00	10.71	1117.08
	1950.28	0.00	10.71	1116.09
	1950.29	0.00	10.71	1116.05
	1950.30	0.00	10.72	1120.07
	1950.31	0.00	10.73	1123.07
	1950.32	0.00	10.74	1122.07
	1950.33	0.00	10.73	1126.09
	1950.34	0.00	10.74	1122.06
	1950.36	0.00	10.76	1125.00
	1950.37	0.00	10.76	1126.00
	1950.38	0.00	10.76	1128.00
	1950.39	0.00	10.75	1125.98
	1950.40	0.00	10.73	1119.97
	1950.42	0.00	10.78	1129.96
	1950.43	0.00	10.78	1129.96
	1950.44	0.00	10.80	1132.95
	1950.45	0.00	10.77	1126.95
	1950.46	0.00	10.76	1123.95
	1950.47	0.00	10.77	1124.94
	1950.49	0.00	10.78	1127.95
	1950.50	0.00	10.80	1128.94
	1950.51	0.00	10.86	1130.85
	1950.52	0.00	10.82	1131.95
	1950.53	0.00	10.80	1126.94
	1950.54	0.00	10.80	1126.94
	1950.56	0.00	10.81	1128.96
	1950.57	0.00	10.82	1130.97
	1950.58	0.00	10.82	1131.01
	1950.59	0.00	10.83	1134.01
	1950.60	0.00	10.83	1134.00
	1950.61	0.00	10.81	1135.07
	1950.63	0.00	10.81	1132.06
	1950.64	0.00	10.82	1134.06
	1950.65	0.00	10.82	1131.04
	1950.66	0.00	10.86	1132.00
	1950.67	0.00	10.90	1132.94
	1950.69	0.00	10.89	1130.97
	1950.70	0.00	10.89	1130.98
	1950.71	0.00	10.90	1132.98
	1950.72	0.00	10.95	1124.82
	1950.73	0.00	11.04	1131.71
	1950.74	0.00	11.05	1133.69
	1950.76	0.00	11.07	1135.69
	1950.77	0.00	11.05	1132.70
	1950.78	0.00	11.07	1138.72
	1950.79	0.00	11.05	1134.72
	1950.80	0.00	11.07	1137.72
	1950.81	0.00	11.08	1126.59
	1950.83	0.00	11.00	1127.76
	1950.84	0.00	11.00	1128.81
	1950.85	0.00	10.98	1123.84
	1950.86	0.00	11.01	1128.81
	1950.87	0.00	10.85	1107.91
	1950.88	0.00	10.88	1116.93
	1950.90	0.00	10.90	1118.93
	1950.91	0.00	10.90	1122.95
	1950.92	0.00	10.94	1125.95
	1950.93	0.00	10.95	1131.96
	1950.94	0.00	10.88	1115.91
	1950.95	0.00	10.97	1136.93
	1950.97	0.00	10.99	1142.95
	1950.98	0.00	11.00	1141.94
	1950.99	0.00	11.01	1144.94
	1951.00	0.00	11.01	1143.92
	1951.01	0.00	11.01	1148.97
	1951.03	0.00	11.02	1150.98
	1951.04	0.00	11.02	1145.98
	1951.05	0.00	11.02	1146.98
	1951.06	0.00	11.03	1146.98
	1951.07	0.00	11.04	1144.95
	1951.08	0.00	11.03	1140.94
	1951.09	0.00	11.05	1142.93
	1951.11	0.00	11.05	1143.93
	1951.12	0.00	11.08	1142.88
	1951.13	0.00	11.08	1142.91
	1951.14	0.00	11.08	1142.91
	1951.15	0.00	11.08	1143.91
	1951.17	0.00	11.06	1136.91
	1951.18	0.00	11.08	1139.90
	1951.19	0.00	11.08	1138.90
	1951.20	0.00	11.08	1136.90
	1951.21	0.00	11.08	1134.90
	1951.22	0.00	11.13	1133.80
	1951.24	0.00	11.07	1131.90
	1951.25	0.00	11.06	1128.89
	1951.26	0.00	11.08	1130.89
	1951.27	0.00	11.08	1130.90
	1951.28	0.00	11.09	1129.89
	1951.29	0.00	11.07	1129.91
	1951.31	0.00	11.08	1131.91
	1951.32	0.00	11.12	1129.84
	1951.33	0.00	11.08	1132.95
	1951.34	0.00	11.07	1130.96
	1951.35	0.00	11.07	1129.96
	1951.36	0.00	11.11	1130.91
	1951.38	0.00	11.07	1123.93
	1951.39	0.00	11.10	1128.93
	1951.40	0.00	11.10	1128.94
	1951.41	0.00	11.10	1128.94
	1951.42	0.00	11.12	1129.94
	1951.44	0.00	11.27	1128.65
	1951.45	0.00	11.28	1129.65
	1951.46	0.00	11.27	1123.66
	1951.47	0.00	11.25	1121.69
	1951.48	0.00	11.26	1120.67
	1951.49	0.00	11.35	1112.44
	1951.51	0.00	11.33	1113.49
	1951.52	0.00	11.22	1113.68
	1951.53	0.00	11.19	1104.74
	1951.54	0.00	11.20	1107.76
	1951.55	0.00	11.24	1107.73
	1951.56	0.00	11.09	1091.83
	1951.58	0.00	11.13	1095.84
	1951.59	0.00	11.16	1091.84
	1951.60	0.00	11.16	1094.85
	1951.61	0.00	11.21	1095.75
	1951.62	0.00	11.16	1095.84
	1951.63	0.00	11.14	1087.79
	1951.65	0.00	11.22	1103.80
	1951.66	0.00	11.22	1104.81
	1951.67	0.00	11.22	1108.81
	1951.68	0.00	11.22	1105.81
	1951.69	0.00	11.23	1109.82
	1951.70	0.00	11.24	1111.83
	1951.72	0.00	11.26	1113.82
	1951.73	0.00	11.26	1111.82
	1951.74	0.00	11.27	1111.82
	1951.75	0.00	11.26	1112.82
	1951.76	0.00	11.27	1106.79
	1951.78	0.00	11.30	1110.76
	1951.79	0.00	11.32	1112.75
	1951.80	0.00	11.30	1109.75
	1951.81	0.00	11.32	1113.75
	1951.82	0.00	11.32	1114.75
	1951.83	0.00	11.31	1113.75
	1951.84	0.00	11.31	1111.74
	1951.86	0.00	11.30	1107.74
	1951.87	0.00	11.34	1109.73
	1951.88	0.00	11.33	1104.73
	1951.89	0.00	11.35	1102.71
	1951.90	0.00	11.34	1098.70
	1951.92	0.00	11.35	1095.69
	1951.93	0.00	11.36	1093.69
	1951.94	0.00	11.38	1091.68
	1951.95	0.00	11.40	1091.67
	1951.96	0.00	11.41	1091.66
	1951.97	0.00	11.45	1090.60
	1951.99	0.00	11.41	1085.66
	1952.00	0.00	11.42	1091.68
	1952.01	0.00	11.42	1089.69
	1952.02	0.00	11.43	1091.69
	1952.03	0.00	11.45	1091.65
	1952.05	0.00	11.45	1090.64
	1952.06	0.00	11.45	1092.63
	1952.07	0.00	11.47	1091.62
	1952.08	0.00	11.46	1089.64
	1952.09	0.00	11.45	1085.62
	1952.10	0.00	11.48	1090.61
	1952.11	0.00	11.59	1087.39
	1952.13	0.00	11.63	1092.36
	1952.14	0.00	11.63	1090.35
	1952.15	0.00	11.64	1087.35
	1952.16	0.00	11.64	1087.35
	1952.17	0.00	11.67	1074.21
	1952.19	0.00	11.61	1074.31
	1952.20	0.00	11.59	1074.35
	1952.21	0.00	11.57	1066.38
	1952.22	0.00	11.56	1065.41
	1952.23	0.00	11.56	1066.41
	1952.24	0.00	11.46	1047.43
	1952.26	0.00	11.49	1054.46
	1952.27	0.00	11.51	1053.46
	1952.28	0.00	11.53	1056.47
	1952.29	0.00	11.52	1059.47
	1952.30	0.00	11.53	1062.47
	1952.31	0.00	11.51	1066.50
	1952.33	0.00	11.51	1061.44
	1952.34	0.00	11.55	1071.45
	1952.35	0.00	11.55	1073.47
	1952.36	0.00	11.53	1075.50
	1952.37	0.00	11.52	1079.50
	1952.39	0.00	11.52	1081.51
	1952.40	0.00	11.51	1082.52
	1952.41	0.00	11.50	1084.54
	1952.42	0.00	11.51	1088.55
	1952.43	0.00	11.50	1086.56
	1952.44	0.00	11.52	1088.56
	1952.45	0.00	11.50	1087.56
	1952.47	0.00	11.52	1087.56
	1952.48	0.00	11.51	1087.56
	1952.49	0.00	11.51	1082.52
	1952.50	0.00	11.51	1083.51
	1952.51	0.00	11.53	1089.51
	1952.53	0.00	11.54	1088.52
	1952.54	0.00	11.53	1091.52
	1952.55	0.00	11.51	1092.54
	1952.56	0.00	11.46	1087.57
	1952.57	0.00	11.46	1091.58
	1952.58	0.00	11.44	1092.61
	1952.59	0.00	11.43	1090.60
	1952.61	0.00	11.45	1094.60
	1952.62	0.00	11.45	1094.61
	1952.63	0.00	11.40	1087.63
	1952.64	0.00	11.38	1081.61
	1952.66	0.00	11.42	1088.61
	1952.67	0.00	11.43	1087.60
	1952.68	0.00	11.44	1084.60
	1952.69	0.00	11.44	1086.60
	1952.70	0.00	11.47	1085.53
	1952.71	0.00	11.42	1086.63
	1952.72	0.00	11.40	1086.67
	1952.74	0.00	11.38	1084.66
	1952.75	0.00	11.40	1090.67
	1952.76	0.00	11.41	1089.63
	1952.77	0.00	11.41	1095.66
	1952.78	0.00	11.42	1097.65
	1952.80	0.00	11.41	1096.68
	1952.81	0.00	11.39	1098.69
	1952.82	0.00	11.37	1100.73
	1952.83	0.00	11.38	1088.60
	1952.84	0.00	11.51	1101.48
	1952.85	0.00	11.52	1102.46
	1952.87	0.00	11.53	1103.45
	1952.88	0.00	11.52	1099.47
	1952.89	0.00	11.52	1099.47
	1952.90	0.00	11.53	1098.45
	1952.91	0.00	11.54	1084.34
	1952.92	0.00	11.43	1083.50
	1952.94	0.00	11.42	1080.54
	1952.95	0.00	11.43	1082.57
	1952.96	0.00	11.44	1087.56
	1952.97	0.00	11.29	1064.63
	1952.98	0.00	11.30	1073.67
	1952.99	0.00	11.29	1074.68
	1953.01	0.00	11.28	1078.72
	1953.02	0.00	11.32	1082.72
	1953.03	0.00	11.30	1083.73
	1953.04	0.00	11.24	1069.70
	1953.05	0.00	11.31	1086.69
	1953.06	0.00	11.32	1087.69
	1953.08	0.00	11.33	1090.70
	1953.09	0.00	11.35	1090.70
	1953.10	0.00	11.39	1094.63
	1953.11	0.00	11.34	1094.71
	1953.12	0.00	11.33	1090.69
	1953.14	0.00	11.33	1098.74
	1953.15	0.00	11.33	1099.76
	1953.16	0.00	11.27	1084.75
	1953.17	0.00	11.33	1099.75
	1953.18	0.00	11.34	1098.75
	1953.19	0.00	11.31	1097.77
	1953.20	0.00	11.32	1097.75
	1953.22	0.00	11.34	1097.71
	1953.23	0.00	11.36	1100.70
	1953.24	0.00	11.37	1102.69
	1953.25	0.00	11.36	1101.70
	1953.26	0.00	11.37	1102.70
	1953.28	0.00	11.37	1104.70
	1953.29	0.00	11.37	1103.69
	1953.30	0.00	11.35	1096.69
	1953.31	0.00	11.35	1098.69
	1953.32	0.00	11.34	1097.69
	1953.33	0.00	11.35	1095.69
	1953.35	0.00	11.35	1094.69
	1953.36	0.00	11.35	1095.69
	1953.37	0.00	11.33	1090.69
	1953.38	0.00	11.31	1085.69
	1953.39	0.00	11.35	1090.68
	1953.40	0.00	11.34	1091.68
	1953.42	0.00	11.33	1092.71
	1953.43	0.00	11.33	1083.64
	1953.44	0.00	11.33	1091.71
	1953.45	0.00	11.33	1092.72
	1953.46	0.00	11.32	1093.74
	1953.47	0.00	11.33	1094.74
	1953.49	0.00	11.32	1094.75
	1953.50	0.00	11.34	1092.70
	1953.51	0.00	11.33	1093.73
	1953.52	0.00	11.33	1091.73
	1953.53	0.00	11.33	1093.74
	1953.55	0.00	11.32	1094.74
	1953.56	0.00	11.45	1094.51
	1953.57	0.00	11.48	1097.48
	1953.58	0.00	11.48	1098.48
	1953.59	0.00	11.47	1096.49
	1953.60	0.00	11.45	1093.51
	1953.61	0.00	11.46	1095.51
	1953.63	0.00	11.50	1084.35
	1953.64	0.00	11.41	1084.50
	1953.65	0.00	11.37	1077.58
	1953.66	0.00	11.38	1082.60
	1953.67	0.00	11.37	1077.60
	1953.69	0.00	11.37	1079.61
	1953.70	0.00	11.23	1056.65
	1953.71	0.00	11.27	1066.68
	1953.72	0.00	11.27	1071.70
	1953.73	0.00	11.31	1070.71
	1953.74	0.00	11.30	1075.72
	1953.76	0.00	11.30	1078.71
	1953.77	0.00	11.29	1074.71
	1953.78	0.00	11.27	1068.67
	1953.79	0.00	11.31	1083.70
	1953.80	0.00	11.33	1086.70
	1953.81	0.00	11.34	1091.70
	1953.83	0.00	11.33	1094.71
	1953.84	0.00	11.36	1092.62
	1953.85	0.00	11.32	1091.68
	1953.86	0.00	11.31	1099.74
	1953.87	0.00	11.32	1101.75
	1953.89	0.00	11.30	1100.78
	1953.90	0.00	11.33	1106.76
	1953.91	0.00	11.32	1102.76
	1953.92	0.00	11.32	1097.72
	1953.93	0.00	11.35	1100.68
	1953.94	0.00	11.35	1101.70
	1953.95	0.00	11.35	1101.70
	1953.97	0.00	11.35	1100.70
	1953.98	0.00	11.35	1102.69
	1953.99	0.00	11.37	1107.70
	1954.00	0.00	11.33	1100.70
	1954.01	0.00	11.33	1101.70
	1954.03	0.00	11.31	1100.72
	1954.04	0.00	11.31	1099.71
	1954.05	0.00	11.31	1101.71
	1954.06	0.00	11.32	1103.71
	1954.07	0.00	11.35	1104.66
	1954.08	0.00	11.28	1096.72
	1954.10	0.00	11.31	1100.71
	1954.11	0.00	11.31	1098.71
	1954.12	0.00	11.29	1098.74
	1954.13	0.00	11.38	1101.61
	1954.14	0.00	11.30	1100.73
	1954.16	0.00	11.31	1101.74
	1954.17	0.00	11.30	1100.75
	1954.18	0.00	11.30	1101.76
	1954.19	0.00	11.30	1102.77
	1954.20	0.00	11.32	1100.72
	1954.21	0.00	11.39	1102.61
	1954.22	0.00	11.33	1106.75
	1954.24	0.00	11.31	1101.75
	1954.25	0.00	11.32	1103.75
	1954.26	0.00	11.31	1103.78
	1954.27	0.00	11.40	1100.58
	1954.28	0.00	11.46	1103.50
	1954.30	0.00	11.46	1105.51
	1954.31	0.00	11.45	1097.52
	1954.32	0.00	11.47	1102.52
	1954.33	0.00	11.53	1089.31
	1954.34	0.00	11.46	1088.43
	1954.35	0.00	11.42	1088.51
	1954.37	0.00	11.39	1088.56
	1954.38	0.00	11.38	1081.60
	1954.39	0.00	11.312
	1978.75	0.00	11.26	1046.621.23	1041.64
	1978.72	0.00	11.25	1044.63
	1978.73	0.00	11.25	1045.63
	1978.74	0.00	11.22	1036.62
	1978.75	0.00	11.26	1046.62
	1978.76	0.00	11.25	1044.62
	1978.77	0.00	11.27	1047.61
	1978.79	0.00	11.24	1042.62
	1978.80	0.00	11.24	1043.62
	1978.81	0.00	11.25	1041.61
	1978.82	0.00	11.25	1040.61
	1978.83	0.00	11.24	1039.61
	1978.84	0.00	11.25	1040.61
	1978.86	0.00	11.24	1042.62
	1978.87	0.00	11.19	1033.64
	1978.88	0.00	11.25	1040.61
	1978.89	0.00	11.25	1038.61
	1978.90	0.00	11.24	1038.61
	1978.91	0.00	11.27	1040.58
	1978.93	0.00	11.24	1038.62
	1978.94	0.00	11.23	1040.66
	1978.95	0.00	11.23	1042.66
	1978.96	0.00	11.23	1041.67
	1978.97	0.00	11.21	1038.67
	1978.98	0.00	11.23	1043.68
	1979.00	0.00	11.26	1044.63
	1979.01	0.00	11.23	1045.67
	1979.02	0.00	11.25	1043.66
	1979.03	0.00	11.24	1047.67
	1979.04	0.00	11.24	1048.67
	1979.06	0.00	11.38	1046.43
	1979.07	0.00	11.40	1051.41
	1979.08	0.00	11.38	1047.42
	1979.09	0.00	11.38	1043.42
	1979.10	0.00	11.39	1043.40
	1979.11	0.00	11.37	1045.43
	1979.13	0.00	11.35	1045.44
	1979.14	0.00	11.40	1036.29
	1979.15	0.00	11.28	1035.46
	1979.16	0.00	11.28	1030.50
	1979.17	0.00	11.27	1030.53
	1979.18	0.00	11.25	1028.55
	1979.20	0.00	11.26	1029.52
	1979.21	0.00	11.12	1013.61
	1979.22	0.00	11.15	1020.63
	1979.23	0.00	11.15	1023.64
	1979.24	0.00	11.18	1022.66
	1979.25	0.00	11.17	1027.66
	1979.27	0.00	11.16	1028.66
	1979.28	0.00	11.17	1026.62
	1979.29	0.00	11.21	1040.64
	1979.30	0.00	11.22	1041.64
	1979.31	0.00	11.21	1042.65
	1979.32	0.00	11.21	1043.65
	1979.34	0.00	11.20	1036.61
	1979.35	0.00	11.20	1043.66
	1979.36	0.00	11.21	1048.67
	1979.37	0.00	11.23	1048.64
	1979.38	0.00	11.17	1039.69
	1979.40	0.00	11.20	1049.69
	1979.41	0.00	11.20	1049.69
	1979.42	0.00	11.21	1050.68
	1979.43	0.00	11.22	1046.65
	1979.44	0.00	11.24	1048.64
	1979.45	0.00	11.25	1050.63
	1979.46	0.00	11.26	1048.60
	1979.48	0.00	11.23	1047.63
	1979.49	0.00	11.24	1049.63
	1979.50	0.00	11.24	1051.63
	1979.51	0.00	11.20	1046.66
	1979.52	0.00	11.22	1048.63
	1979.54	0.00	11.22	1046.63
	1979.55	0.00	11.22	1044.63
	1979.56	0.00	11.28	1047.54
	1979.57	0.00	11.22	1046.63
	1979.58	0.00	11.19	1038.63
	1979.59	0.00	11.19	1041.63
	1979.61	0.00	11.21	1042.63
	1979.62	0.00	11.23	1044.62
	1979.63	0.00	11.22	1042.63
	1979.64	0.00	11.22	1041.62
	1979.65	0.00	11.24	1044.59
	1979.66	0.00	11.22	1044.64
	1979.68	0.00	11.20	1045.67
	1979.69	0.00	11.19	1045.68
	1979.70	0.00	11.25	1046.58
	1979.71	0.00	11.22	1048.65
	1979.72	0.00	11.21	1046.65
	1979.73	0.00	11.22	1048.66
	1979.75	0.00	11.21	1046.68
	1979.76	0.00	11.17	1038.67
	1979.77	0.00	11.21	1049.68
	1979.78	0.00	11.25	1043.55
	1979.79	0.00	11.36	1050.41
	1979.81	0.00	11.37	1053.42
	1979.82	0.00	11.38	1054.42
	1979.83	0.00	11.36	1048.43
	1979.84	0.00	11.33	1047.46
	1979.85	0.00	11.41	1040.24
	1979.86	0.00	11.31	1037.40
	1979.88	0.00	11.26	1041.50
	1979.89	0.00	11.27	1033.49
	1979.90	0.00	11.26	1032.53
	1979.91	0.00	11.25	1033.54
	1979.92	0.00	11.26	1035.55
	1979.93	0.00	11.10	1010.60
	1979.94	0.00	11.13	1019.63
	1979.96	0.00	11.15	1025.65
	1979.97	0.00	11.17	1023.65
	1979.98	0.00	11.16	1026.66
	1979.99	0.00	11.16	1027.66
	1980.00	0.00	11.16	1030.66
	1980.02	0.00	11.11	1017.62
	1980.03	0.00	11.18	1034.63
	1980.04	0.00	11.18	1036.64
	1980.05	0.00	11.20	1044.65
	1980.06	0.00	11.19	1043.65
	1980.07	0.00	11.20	1045.66
	1980.09	0.00	11.20	1046.66
	1980.10	0.00	11.20	1049.68
	1980.11	0.00	11.20	1051.69
	1980.12	0.00	11.20	1050.69
	1980.13	0.00	11.20	1053.69
	1980.14	0.00	11.21	1052.69
	1980.16	0.00	11.20	1051.69
	1980.17	0.00	11.19	1045.66
	1980.18	0.00	11.22	1049.65
	1980.19	0.00	11.22	1051.65
	1980.20	0.00	11.23	1052.64
	1980.21	0.00	11.22	1052.67
	1980.23	0.00	11.25	1055.64
	1980.24	0.00	11.23	1055.64
	1980.25	0.00	11.20	1046.64
	1980.26	0.00	11.20	1049.65
	1980.27	0.00	11.20	1047.64
	1980.28	0.00	11.21	1048.63
	1980.30	0.00	11.19	1048.64
	1980.31	0.00	11.21	1048.64
	1980.32	0.00	11.20	1048.64
	1980.33	0.00	11.20	1047.64
	1980.34	0.00	11.17	1040.63
	1980.35	0.00	11.17	1041.66
	1980.37	0.00	11.20	1046.63
	1980.38	0.00	11.19	1043.63
	1980.39	0.00	11.19	1045.64
	1980.40	0.00	11.21	1045.61
	1980.41	0.00	11.20	1047.63
	1980.43	0.00	11.18	1046.67
	1980.44	0.00	11.17	1047.69
	1980.45	0.00	11.19	1047.68
	1980.46	0.00	11.16	1047.70
	1980.47	0.00	11.20	1048.65
	1980.48	0.00	11.19	1049.67
	1980.50	0.00	11.19	1047.69
	1980.51	0.00	11.19	1051.68
	1980.52	0.00	11.17	1049.69
	1980.53	0.00	11.23	1044.55
	1980.54	0.00	11.30	1050.45
	1980.56	0.00	11.33	1053.43
	1980.57	0.00	11.33	1051.44
	1980.58	0.00	11.32	1050.45
	1980.59	0.00	11.32	1052.45
	1980.60	0.00	11.31	1049.46
	1980.61	0.00	11.32	1035.31
	1980.62	0.00	11.25	1040.46
	1980.64	0.00	11.20	1031.53
	1980.65	0.00	11.21	1034.56
	1980.66	0.00	11.21	1038.57
	1980.67	0.00	11.07	1014.62
	1980.68	0.00	11.09	1022.65
	1980.69	0.00	11.10	1024.67
	1980.71	0.00	11.13	1027.67
	1980.72	0.00	11.12	1032.68
	1980.73	0.00	11.06	1017.63
	1980.74	0.00	11.11	1025.63
	1980.75	0.00	11.15	1037.65
	1980.77	0.00	11.16	1038.65
	1980.78	0.00	11.17	1042.65
	1980.79	0.00	11.17	1042.66
	1980.80	0.00	11.16	1045.67
	1980.81	0.00	11.16	1047.67
	1980.82	0.00	11.17	1049.68
	1980.83	0.00	11.17	1053.69
	1980.85	0.00	11.16	1053.71
	1980.86	0.00	11.17	1052.71
	1980.87	0.00	11.16	1053.72
	1980.88	0.00	11.17	1055.71
	1980.89	0.00	11.15	1054.71
	1980.91	0.00	11.16	1050.69
	1980.92	0.00	11.19	1056.66
	1980.93	0.00	11.20	1055.66
	1980.94	0.00	11.20	1056.66
	1980.95	0.00	11.18	1055.68
	1980.96	0.00	11.12	1041.65
	1980.98	0.00	11.16	1052.66
	1980.99	0.00	11.16	1051.65
	1981.00	0.00	11.17	1052.65
	1981.01	0.00	11.18	1050.65
	1981.02	0.00	11.17	1050.65
	1981.04	0.00	11.17	1050.65
	1981.05	0.00	11.13	1044.68
	1981.06	0.00	11.17	1048.65
	1981.07	0.00	11.16	1048.65
	1981.08	0.00	11.17	1046.65
	1981.09	0.00	11.16	1047.67
	1981.10	0.00	11.17	1049.65
	1981.12	0.00	11.17	1048.64
	1981.13	0.00	11.15	1047.69
	1981.14	0.00	11.14	1046.72
	1981.15	0.00	11.14	1051.71
	1981.16	0.00	11.15	1051.71
	1981.18	0.00	11.13	1049.71
	1981.19	0.00	11.16	1052.71
	1981.20	0.00	11.18	1052.67
	1981.21	0.00	11.16	1053.69
	1981.22	0.00	11.16	1049.70
	1981.23	0.00	11.16	1053.72
	1981.25	0.00	11.17	1057.70
	1981.26	0.00	11.15	1044.63
	1981.27	0.00	11.25	1048.50
	1981.28	0.00	11.33	1056.44
	1981.29	0.00	11.26	1044.45
	1981.30	0.00	11.30	1052.46
	1981.32	0.00	11.31	1053.46
	1981.33	0.00	11.38	1046.28
	1981.34	0.00	11.30	1042.37
	1981.35	0.00	11.24	1042.48
	1981.36	0.00	11.21	1036.53
	1981.38	0.00	11.20	1034.57
	1981.39	0.00	11.22	1040.58
	1981.40	0.00	11.07	1013.61
	1981.41	0.00	11.09	1022.65
	1981.42	0.00	11.10	1026.67
	1981.43	0.00	11.13	1026.67
	1981.44	0.00	11.13	1025.67
	1981.46	0.00	11.13	1030.68
	1981.47	0.00	11.12	1033.70
	1981.48	0.00	11.13	1035.68
	1981.49	0.00	11.06	1013.63
	1981.50	0.00	11.14	1032.64
	1981.52	0.00	11.20	1040.61
	1981.53	0.00	11.19	1043.65
	1981.54	0.00	11.18	1045.66
	1981.55	0.00	11.19	1044.66
	1981.56	0.00	11.19	1046.66
	1981.57	0.00	11.20	1051.68
	1981.58	0.00	11.19	1050.69
	1981.60	0.00	11.19	1050.69
	1981.61	0.00	11.21	1055.70
	1981.62	0.00	11.20	1049.67
	1981.63	0.00	11.21	1050.65
	1981.64	0.00	11.22	1050.64
	1981.66	0.00	11.22	1052.66
	1981.67	0.00	11.24	1053.63
	1981.68	0.00	11.23	1050.63
	1981.69	0.00	11.20	1045.63
	1981.70	0.00	11.18	1042.65
	1981.71	0.00	11.21	1047.63
	1981.72	0.00	11.21	1047.63
	1981.74	0.00	11.22	1048.63
	1981.75	0.00	11.22	1047.63
	1981.76	0.00	11.18	1040.63
	1981.77	0.00	11.22	1049.63
	1981.79	0.00	11.22	1047.63
	1981.80	0.00	11.17	1041.65
	1981.81	0.00	11.19	1042.63
	1981.82	0.00	11.20	1044.63
	1981.83	0.00	11.21	1042.63
	1981.84	0.00	11.20	1044.63
	1981.85	0.00	11.22	1045.61
	1981.87	0.00	11.21	1046.64
	1981.88	0.00	11.19	1044.67
	1981.89	0.00	11.17	1043.69
	1981.90	0.00	11.18	1047.69
	1981.91	0.00	11.18	1048.69
	1981.93	0.00	11.22	1048.65
	1981.94	0.00	11.15	1037.66
	1981.95	0.00	11.20	1048.67
	1981.96	0.00	11.20	1047.67
	1981.97	0.00	11.19	1047.68
	1981.98	0.00	11.19	1050.68
	1982.00	0.00	11.33	1050.44
	1982.01	0.00	11.34	1051.42
	1982.02	0.00	11.33	1048.45
	1982.03	0.00	11.28	1038.44
	1982.04	0.00	11.33	1049.44
	1982.05	0.00	11.31	1047.45
	1982.06	0.00	11.36	1038.29
	1982.08	0.00	11.28	1039.44
	1982.09	0.00	11.24	1036.50
	1982.10	0.00	11.24	1034.54
	1982.11	0.00	11.22	1035.58
	1982.13	0.00	11.09	1011.60
	1982.14	0.00	11.10	1020.64
	1982.15	0.00	11.12	1024.65
	1982.16	0.00	11.13	1024.68
	1982.17	0.00	11.15	1026.66
	1982.18	0.00	11.14	1026.66
	1982.19	0.00	11.15	1031.67
	1982.21	0.00	11.08	1018.64
	1982.22	0.00	11.17	1035.64
	1982.23	0.00	11.19	1038.65
	1982.24	0.00	11.19	1038.65
	1982.25	0.00	11.19	1043.65
	1982.27	0.00	11.18	1043.66
	1982.28	0.00	11.16	1036.62
	1982.29	0.00	11.20	1050.68
	1982.30	0.00	11.17	1048.71
	1982.31	0.00	11.19	1050.69
	1982.32	0.00	11.20	1051.69
	1982.34	0.00	11.19	1050.69
	1982.35	0.00	11.19	1050.70
	1982.36	0.00	11.21	1052.68
	1982.37	0.00	11.21	1048.65
	1982.38	0.00	11.21	1048.64
	1982.39	0.00	11.23	1050.63
	1982.41	0.00	11.21	1049.63
	1982.42	0.00	11.22	1051.63
	1982.43	0.00	11.19	1045.63
	1982.44	0.00	11.18	1045.66
	1982.45	0.00	11.22	1050.63
	1982.46	0.00	11.20	1047.63
	1982.48	0.00	11.21	1047.63
	1982.49	0.00	11.21	1044.62
	1982.50	0.00	11.21	1045.63
	1982.51	0.00	11.17	1037.63
	1982.52	0.00	11.19	1042.63
	1982.53	0.00	11.20	1042.63
	1982.55	0.00	11.19	1039.63
	1982.56	0.00	11.20	1041.63
	1982.57	0.00	11.24	1042.56
	1982.58	0.00	11.19	1040.63
	1982.59	0.00	11.20	1043.65
	1982.60	0.00	11.18	1041.67
	1982.62	0.00	11.18	1041.68
	1982.63	0.00	11.17	1042.70
	1982.64	0.00	11.20	1048.69
	1982.65	0.00	11.18	1043.69
	1982.66	0.00	11.20	1039.63
	1982.67	0.00	11.20	1044.67
	1982.69	0.00	11.19	1040.67
	1982.70	0.00	11.20	1043.67
	1982.71	0.00	11.20	1043.67
	1982.72	0.00	11.19	1043.68
	1982.73	0.00	11.35	1044.43
	1982.75	0.00	11.36	1046.41
	1982.76	0.00	11.36	1043.42
	1982.77	0.00	11.35	1041.43
	1982.78	0.00	11.34	1042.44
	1982.79	0.00	11.38	1031.28
	1982.80	0.00	11.28	1030.45
	1982.82	0.00	11.25	1025.51
	1982.83	0.00	11.24	1025.53
	1982.84	0.00	11.24	1026.55
	1982.85	0.00	11.11	1004.59
	1982.86	0.00	11.10	1006.61
	1982.87	0.00	11.14	1014.63
	1982.89	0.00	11.14	1014.63
	1982.90	0.00	11.17	1014.64
	1982.91	0.00	11.17	1021.65
	1982.92	0.00	11.16	1024.66
	1982.93	0.00	11.09	1005.61
	1982.94	0.00	11.14	1017.61
	1982.96	0.00	11.20	1031.62
	1982.97	0.00	11.20	1032.63
	1982.98	0.00	11.20	1035.64
	1982.99	0.00	11.18	1036.67
	1983.00	0.00	11.18	1029.59
	1983.01	0.00	11.22	1038.62
	1983.03	0.00	11.21	1038.63
	1983.04	0.00	11.24	1040.61
	1983.05	0.00	11.17	1033.67
	1983.06	0.00	11.21	1042.68
	1983.07	0.00	11.22	1044.68
	1983.08	0.00	11.22	1044.68
	1983.10	0.00	11.22	1040.64
	1983.11	0.00	11.23	1042.63
	1983.12	0.00	11.24	1043.62
	1983.13	0.00	11.24	1042.63
	1983.14	0.00	11.27	1043.62
	1983.16	0.00	11.26	1043.61
	1983.17	0.00	11.26	1043.61
	1983.18	0.00	11.30	1038.49
	1983.19	0.00	11.25	1042.61
	1983.20	0.00	11.23	1038.61
	1983.21	0.00	11.24	1035.61
	1983.22	0.00	11.27	1036.55
	1983.24	0.00	11.23	1034.61
	1983.25	0.00	11.20	1029.61
	1983.26	0.00	11.22	1031.61
	1983.27	0.00	11.24	1034.58
	1983.28	0.00	11.24	1033.61
	1983.30	0.00	11.23	1032.61
	1983.31	0.00	11.26	1033.57
	1983.32	0.00	11.21	1033.65
	1983.33	0.00	11.18	1030.66
	1983.34	0.00	11.21	1035.66
	1983.35	0.00	11.21	1039.67
	1983.37	0.00	11.28	1037.56
	1983.38	0.00	11.25	1036.62
	1983.39	0.00	11.23	1038.63
	1983.40	0.00	11.24	1037.65
	1983.41	0.00	11.21	1037.68
	1983.43	0.00	11.24	1043.66
	1983.44	0.00	11.23	1041.66
	1983.45	0.00	11.33	1035.44
	1983.46	0.00	11.39	1044.40
	1983.47	0.00	11.38	1043.41
	1983.48	0.00	11.37	1040.42
	1983.50	0.00	11.37	1041.42
	1983.51	0.00	11.43	1030.23
	1983.52	0.00	11.37	1029.32
	1983.53	0.00	11.30	1031.44
	1983.54	0.00	11.26	1027.46
	1983.55	0.00	11.26	1026.53
	1983.56	0.00	11.28	1029.53
	1983.58	0.00	11.22	1018.52
	1983.59	0.00	11.12	1008.60
	1983.60	0.00	11.16	1018.62
	1983.61	0.00	11.18	1017.64
	1983.62	0.00	11.17	1022.65
	1983.64	0.00	11.18	1027.65
	1983.65	0.00	11.15	1011.54
	1983.66	0.00	11.21	1034.62
	1983.67	0.00	11.22	1037.63
	1983.68	0.00	11.23	1040.63
	1983.69	0.00	11.22	1040.60
	1983.71	0.00	11.20	1040.64
	1983.72	0.00	11.22	1038.59
	1983.73	0.00	11.21	1040.62
	1983.74	0.00	11.20	1044.66
	1983.75	0.00	11.21	1048.67
	1983.76	0.00	11.21	1048.68
	1983.78	0.00	11.22	1049.68
	1983.79	0.00	11.21	1050.68
	1983.80	0.00	11.21	1046.65
	1983.81	0.00	11.22	1047.64
	1983.82	0.00	11.24	1049.63
	1983.83	0.00	11.24	1051.63
	1983.85	0.00	11.25	1049.62
	1983.86	0.00	11.25	1049.62
	1983.87	0.00	11.22	1050.65
	1983.88	0.00	11.20	1042.62
	1983.89	0.00	11.23	1047.62
	1983.91	0.00	11.22	1046.62
	1983.92	0.00	11.22	1044.62
	1983.93	0.00	11.24	1047.62
	1983.94	0.00	11.23	1044.62
	1983.95	0.00	11.23	1044.62
	1983.96	0.00	11.19	1038.64
	1983.97	0.00	11.22	1042.62
	1983.99	0.00	11.22	1041.62
	1984.00	0.00	11.22	1043.62
	1984.01	0.00	11.25	1044.57
	1984.02	0.00	11.22	1042.64
	1984.03	0.00	11.20	1044.66
	1984.05	0.00	11.21	1046.66
	1984.06	0.00	11.19	1044.68
	1984.07	0.00	11.20	1046.68
	1984.08	0.00	11.20	1048.68
	1984.09	0.00	11.23	1048.63
	1984.10	0.00	11.25	1049.62
	1984.12	0.00	11.23	1048.65
	1984.13	0.00	11.22	1047.66
	1984.14	0.00	11.22	1049.67
	1984.15	0.00	11.20	1051.70
	1984.16	0.00	11.37	1052.41
	1984.18	0.00	11.39	1055.41
	1984.19	0.00	11.37	1047.42
	1984.20	0.00	11.37	1050.43
	1984.21	0.00	11.45	1042.22
	1984.22	0.00	11.33	1037.39
	1984.23	0.00	11.27	1037.48
	1984.25	0.00	11.26	1034.52
	1984.26	0.00	11.28	1032.51
	1984.27	0.00	11.28	1036.53
	1984.28	0.00	11.24	1025.52
	1984.29	0.00	11.14	1016.60
	1984.30	0.00	11.16	1022.63
	1984.32	0.00	11.19	1023.64
	1984.33	0.00	11.18	1024.65
	1984.34	0.00	11.17	1030.67
	1984.35	0.00	11.20	1032.65
	1984.36	0.00	11.15	1022.65
	1984.37	0.00	11.19	1027.61
	1984.39	0.00	11.23	1039.63
	1984.40	0.00	11.24	1040.63
	1984.41	0.00	11.24	1040.63
	1984.42	0.00	11.25	1043.63
	1984.43	0.00	11.24	1045.64
	1984.44	0.00	11.26	1041.59
	1984.46	0.00	11.25	1047.64
	1984.47	0.00	11.24	1048.66
	1984.48	0.00	11.25	1046.67
	1984.49	0.00	11.25	1049.67
	1984.50	0.00	11.26	1050.67
	1984.52	0.00	11.26	1044.61
	1984.53	0.00	11.26	1045.63
	1984.54	0.00	11.29	1049.61
	1984.55	0.00	11.30	1050.61
	1984.56	0.00	11.29	1050.61
	1984.57	0.00	11.31	1053.61
	1984.58	0.00	11.29	1049.61
	1984.60	0.00	11.29	1049.61
	1984.61	0.00	11.26	1047.63
	1984.62	0.00	11.26	1045.61
	1984.63	0.00	11.26	1043.61
	1984.64	0.00	11.25	1041.61
	1984.66	0.00	11.26	1043.61
	1984.67	0.00	11.25	1040.61
	1984.68	0.00	11.25	1041.61
	1984.69	0.00	11.24	1039.61
	1984.70	0.00	11.25	1042.63
	1984.71	0.00	11.27	1043.61
	1984.73	0.00	11.26	1041.61
	1984.74	0.00	11.27	1042.59
	1984.75	0.00	11.25	1042.63
	1984.76	0.00	11.23	1043.65
	1984.77	0.00	11.23	1045.66
	1984.78	0.00	11.23	1046.67
	1984.80	0.00	11.22	1047.69
	1984.81	0.00	11.24	1045.62
	1984.82	0.00	11.26	1047.62
	1984.83	0.00	11.26	1047.63
	1984.84	0.00	11.27	1047.62
	1984.85	0.00	11.25	1051.66
	1984.87	0.00	11.24	1050.66
	1984.88	0.00	11.38	1048.42
	1984.89	0.00	11.38	1051.42
	1984.90	0.00	11.39	1052.41
	1984.91	0.00	11.40	1054.41
	1984.92	0.00	11.38	1048.42
	1984.94	0.00	11.37	1050.43
	1984.95	0.00	11.45	1042.22
	1984.96	0.00	11.35	1037.36
	1984.97	0.00	11.27	1033.47
	1984.98	0.00	11.28	1032.52
	1985.00	0.00	11.27	1033.53
	1985.01	0.00	11.28	1035.53
	1985.02	0.00	11.28	1036.54
	1985.03	0.00	11.12	1013.62
	1985.04	0.00	11.18	1025.62
	1985.05	0.00	11.19	1024.64
	1985.06	0.00	11.20	1029.65
	1985.08	0.00	11.18	1031.67
	1985.09	0.00	11.20	1036.65
	1985.10	0.00	11.14	1018.60
	1985.11	0.00	11.22	1036.62
	1985.12	0.00	11.24	1042.63
	1985.14	0.00	11.23	1044.63
	1985.15	0.00	11.24	1046.64
	1985.16	0.00	11.24	1044.60
	1985.17	0.00	11.22	1050.68
	1985.18	0.00	11.25	1054.67
	1985.19	0.00	11.25	1053.67
	1985.21	0.00	11.25	1053.67
	1985.22	0.00	11.23	1051.69
	1985.23	0.00	11.25	1056.68
	1985.24	0.00	11.25	1051.64
	1985.25	0.00	11.27	1053.62
	1985.26	0.00	11.29	1053.61
	1985.28	0.00	11.27	1051.62
	1985.29	0.00	11.28	1054.61
	1985.30	0.00	11.28	1055.61
	1985.31	0.00	11.26	1054.64
	1985.32	0.00	11.27	1051.61
	1985.33	0.00	11.26	1051.61
	1985.35	0.00	11.26	1049.61
	1985.36	0.00	11.28	1049.58
	1985.37	0.00	11.26	1049.61
	1985.38	0.00	11.23	1040.61
	1985.39	0.00	11.24	1043.61
	1985.40	0.00	11.24	1043.61
	1985.42	0.00	11.25	1045.61
	1985.43	0.00	11.26	1044.61
	1985.44	0.00	11.26	1043.61
	1985.45	0.00	11.29	1045.56
	1985.46	0.00	11.25	1045.63
	1985.47	0.00	11.25	1047.65
	1985.49	0.00	11.24	1046.66
	1985.50	0.00	11.23	1045.67
	1985.51	0.00	11.24	1047.67
	1985.52	0.00	11.26	1043.62
	1985.53	0.00	11.27	1046.62
	1985.55	0.00	11.29	1051.63
	1985.56	0.00	11.28	1049.64
	1985.57	0.00	11.27	1047.65
	1985.58	0.00	11.26	1048.67
	1985.59	0.00	11.24	1046.66
	1985.60	0.00	11.40	1048.41
	1985.61	0.00	11.42	1051.40
	1985.63	0.00	11.41	1048.41
	1985.64	0.00	11.42	1050.42
	1985.65	0.00	11.48	1048.29
	1985.66	0.00	11.40	1036.34
	1985.68	0.00	11.39	1036.35
	1985.69	0.00	11.32	1032.51
	1985.70	0.00	11.31	1033.52
	1985.71	0.00	11.31	1032.53
	1985.72	0.00	11.27	1021.49
	1985.73	0.00	11.17	1014.59
	1985.74	0.00	11.20	1022.61
	1985.76	0.00	11.21	1019.63
	1985.77	0.00	11.23	1027.63
	1985.78	0.00	11.23	1028.63
	1985.79	0.00	11.22	1029.64
	1985.80	0.00	11.18	1017.59
	1985.81	0.00	11.23	1033.63
	1985.83	0.00	11.27	1039.61
	1985.84	0.00	11.26	1041.62
	1985.85	0.00	11.26	1042.63
	1985.86	0.00	11.26	1043.63
	1985.87	0.00	11.25	1041.63
	1985.89	0.00	11.26	1044.62
	1985.90	0.00	11.26	1047.65
	1985.91	0.00	11.28	1049.63
	1985.92	0.00	11.28	1048.66
	1985.93	0.00	11.27	1048.66
	1985.94	0.00	11.28	1050.66
	1985.95	0.00	11.28	1045.62
	1985.97	0.00	11.30	1047.61
	1985.98	0.00	11.30	1047.61
	1985.99	0.00	11.30	1048.60
	1986.00	0.00	11.29	1048.63
	1986.01	0.00	11.32	1054.60
	1986.03	0.00	11.28	1045.60
	1986.04	0.00	11.29	1046.59
	1986.05	0.00	11.26	1043.62
	1986.06	0.00	11.29	1046.60
	1986.07	0.00	11.29	1043.59
	1986.08	0.00	11.29	1043.59
	1986.10	0.00	11.30	1044.59
	1986.11	0.00	11.29	1044.59
	1986.12	0.00	11.26	1037.59
	1986.13	0.00	11.28	1041.59
	1986.14	0.00	11.29	1038.57
	1986.16	0.00	11.29	1040.59
	1986.17	0.00	11.33	1039.51
	1986.18	0.00	11.28	1041.59
	1986.19	0.00	11.28	1043.63
	1986.20	0.00	11.28	1043.63
	1986.21	0.00	11.26	1042.65
	1986.22	0.00	11.26	1043.65
	1986.24	0.00	11.27	1041.63
	1986.25	0.00	11.28	1043.61
	1986.26	0.00	11.28	1045.63
	1986.27	0.00	11.28	1045.64
	1986.28	0.00	11.26	1046.66
	1986.30	0.00	11.28	1048.64
	1986.31	0.00	11.38	1044.44
	1986.32	0.00	11.43	1047.38
	1986.33	0.00	11.44	1049.40
	1986.34	0.00	11.42	1046.40
	1986.35	0.00	11.41	1046.41
	1986.37	0.00	11.51	1039.20
	1986.38	0.00	11.46	1033.22
	1986.39	0.00	11.38	1034.36
	1986.40	0.00	11.34	1037.46
	1986.41	0.00	11.32	1029.50
	1986.42	0.00	11.32	1033.52
	1986.44	0.00	11.21	1012.53
	1986.45	0.00	11.19	1014.59
	1986.46	0.00	11.26	1024.55
	1986.47	0.00	11.22	1018.62
	1986.48	0.00	11.25	1030.63
	1986.50	0.00	11.23	1028.63
	1986.51	0.00	11.24	1030.63
	1986.52	0.00	11.18	1013.58
	1986.53	0.00	11.25	1030.59
	1986.54	0.00	11.28	1037.60
	1986.55	0.00	11.28	1038.63
	1986.56	0.00	11.29	1043.62
	1986.58	0.00	11.29	1043.61
	1986.59	0.00	11.29	1043.61
	1986.60	0.00	11.26	1035.58
	1986.61	0.00	11.29	1047.63
	1986.62	0.00	11.29	1048.64
	1986.64	0.00	11.29	1048.65
	1986.65	0.00	11.29	1049.67
	1986.66	0.00	11.31	1052.65
	1986.67	0.00	11.31	1050.64
	1986.68	0.00	11.30	1044.61
	1986.69	0.00	11.31	1047.61
	1986.71	0.00	11.31	1046.59
	1986.72	0.00	11.34	1050.59
	1986.73	0.00	11.33	1051.59
	1986.74	0.00	11.29	1043.60
	1986.75	0.00	11.28	1041.59
	1986.76	0.00	11.32	1047.58
	1986.78	0.00	11.32	1047.58
	1986.79	0.00	11.37	1046.50
	1986.80	0.00	11.32	1046.58
	1986.81	0.00	11.32	1044.58
	1986.82	0.00	11.31	1042.58
	1986.83	0.00	11.30	1040.58
	1986.85	0.00	11.28	1036.58
	1986.86	0.00	11.30	1039.58
	1986.87	0.00	11.31	1042.58
	1986.88	0.00	11.30	1042.60
	1986.89	0.00	11.31	1038.55
	1986.91	0.00	11.30	1043.61
	1986.92	0.00	11.29	1046.63
	1986.93	0.00	11.26	1044.66
	1986.94	0.00	11.28	1047.65
	1986.95	0.00	11.29	1044.60
	1986.96	0.00	11.31	1047.60
	1986.97	0.00	11.29	1046.62
	1986.99	0.00	11.30	1047.62
	1987.00	0.00	11.29	1047.63
	1987.01	0.00	11.29	1049.64
	1987.02	0.00	11.40	1048.42
	1987.03	0.00	11.45	1054.38
	1987.05	0.00	11.44	1053.39
	1987.06	0.00	11.43	1048.40
	1987.07	0.00	11.43	1049.40
	1987.08	0.00	11.42	1049.40
	1987.09	0.00	11.42	1050.41
	1987.10	0.00	11.42	1038.30
	1987.12	0.00	11.35	1039.42
	1987.13	0.00	11.32	1032.48
	1987.14	0.00	11.32	1035.51
	1987.15	0.00	11.32	1038.52
	1987.16	0.00	11.29	1028.50
	1987.17	0.00	11.20	1014.53
	1987.19	0.00	11.18	1016.59
	1987.20	0.00	11.19	1026.64
	1987.21	0.00	11.24	1026.62
	1987.22	0.00	11.23	1030.63
	1987.23	0.00	11.18	1018.61
	1987.25	0.00	11.23	1029.59
	1987.26	0.00	11.27	1040.60
	1987.27	0.00	11.28	1041.61
	1987.28	0.00	11.28	1042.61
	1987.29	0.00	11.31	1043.55
	1987.30	0.00	11.28	1047.62
	1987.31	0.00	11.25	1038.58
	1987.33	0.00	11.27	1050.64
	1987.34	0.00	11.26	1051.67
	1987.35	0.00	11.29	1053.65
	1987.36	0.00	11.28	1052.66
	1987.37	0.00	11.29	1054.66
	1987.39	0.00	11.30	1055.65
	1987.40	0.00	11.27	1045.62
	1987.41	0.00	11.31	1052.60
	1987.42	0.00	11.33	1051.59
	1987.43	0.00	11.31	1053.61
	1987.44	0.00	11.33	1054.59
	1987.46	0.00	11.31	1047.59
	1987.47	0.00	11.31	1051.59
	1987.48	0.00	11.30	1045.59
	1987.49	0.00	11.32	1050.59
	1987.50	0.00	11.31	1047.59
	1987.51	0.00	11.31	1046.59
	1987.53	0.00	11.27	1038.60
	1987.54	0.00	11.29	1041.59
	1987.55	0.00	11.30	1043.59
	1987.56	0.00	11.31	1045.59
	1987.57	0.00	11.30	1044.60
	1987.58	0.00	11.37	1045.52
	1987.60	0.00	11.31	1045.60
	1987.61	0.00	11.30	1047.63
	1987.62	0.00	11.28	1046.66
	1987.63	1.00	11.28	1043.64
	1987.64	1.00	11.32	1046.59
	1987.66	1.00	11.32	1048.60
	1987.67	1.00	11.32	1049.61
	1987.68	1.00	11.32	1051.63
	1987.69	1.00	11.31	1050.63
	1987.70	1.00	11.34	1043.52
	1987.71	1.00	11.46	1050.36
	1987.73	1.00	11.47	1053.38
	1987.74	1.00	11.45	1049.39
	1987.75	1.00	11.45	1050.40
	1987.76	1.00	11.53	1041.19
	1987.77	1.00	11.42	1037.34
	1987.78	1.00	11.38	1037.41
	1987.80	1.00	11.35	1031.47
	1987.81	1.00	11.32	1029.50
	1987.82	1.00	11.37	1037.49
	1987.83	1.00	11.21	1015.57
	1987.84	0.00	11.22	1018.58
	1987.85	0.00	11.24	1021.59
	1987.87	0.00	11.25	1027.60
	1987.88	0.00	11.27	1027.61
	1987.89	0.00	11.30	1030.56
	1987.90	0.00	11.20	1015.57
	1987.91	0.00	11.28	1033.58
	1987.92	0.00	11.31	1040.59
	1987.94	0.00	11.31	1041.62
	1987.95	0.00	11.32	1043.60
	1987.96	0.00	11.31	1044.60
	1987.97	0.00	11.30	1044.61
	1987.98	0.00	11.30	1045.62
	1988.00	0.00	11.31	1049.63
	1988.01	0.00	11.30	1050.64
	1988.02	0.00	11.30	1048.64
	1988.03	0.00	11.30	1049.64
	1988.04	0.00	11.31	1052.65
	1988.05	0.00	11.30	1048.63
	1988.07	0.00	11.30	1048.61
	1988.08	0.00	11.32	1049.59
	1988.09	0.00	11.33	1051.59
	1988.10	0.00	11.33	1051.59
	1988.11	0.00	11.32	1049.59
	1988.12	0.00	11.31	1047.59
	1988.14	0.00	11.32	1049.59
	1988.15	0.00	11.31	1047.59
	1988.16	0.00	11.31	1047.59
	1988.17	0.00	11.32	1046.58
	1988.18	0.00	11.31	1045.59
	1988.19	0.00	11.31	1046.59
	1988.21	0.00	11.28	1040.59
	1988.22	0.00	11.28	1042.61
	1988.23	0.00	11.29	1039.59
	1988.24	0.00	11.29	1043.59
	1988.25	0.00	11.30	1045.59
	1988.26	0.00	11.34	1044.52
	1988.28	0.00	11.30	1044.59
	1988.29	0.00	11.28	1045.63
	1988.30	0.00	11.27	1045.64
	1988.31	0.00	11.27	1046.65
	1988.32	0.00	11.29	1047.62
	1988.33	0.00	11.29	1045.60
	1988.35	0.00	11.30	1049.61
	1988.36	0.00	11.29	1048.61
	1988.37	0.00	11.29	1048.63
	1988.38	0.00	11.28	1049.64
	1988.39	0.00	11.27	1051.65
	1988.41	0.00	11.41	1050.40
	1988.42	0.00	11.43	1052.39
	1988.43	0.00	11.43	1053.40
	1988.44	0.00	11.41	1050.40
	1988.45	0.00	11.40	1048.41
	1988.46	0.00	11.41	1051.41
	1988.48	0.00	11.48	1040.20
	1988.49	0.00	11.38	1039.36
	1988.50	0.00	11.29	1034.46
	1988.51	0.00	11.31	1033.50
	1988.52	0.00	11.30	1036.52
	1988.54	0.00	11.31	1039.53
	1988.55	0.00	11.18	1013.53
	1988.56	0.00	11.16	1018.59
	1988.57	0.00	11.18	1024.61
	1988.58	0.00	11.19	1025.65
	1988.59	0.00	11.20	1031.64
	1988.60	0.00	11.20	1031.64
	1988.62	0.00	11.17	1023.59
	1988.63	0.00	11.23	1031.54
	1988.64	0.00	11.21	1034.60
	1988.65	0.00	11.23	1039.61
	1988.66	0.00	11.24	1042.62
	1988.68	0.00	11.23	1045.63
	1988.69	0.00	11.23	1047.63
	1988.70	0.00	11.24	1046.62
	1988.71	0.00	11.23	1050.65
	1988.72	0.00	11.22	1052.68
	1988.73	0.00	11.24	1052.66
	1988.75	0.00	11.24	1052.66
	1988.76	0.00	11.24	1053.66
	1988.77	0.00	11.22	1052.68
	1988.78	0.00	11.23	1049.64
	1988.79	0.00	11.25	1049.62
	1988.80	0.00	11.27	1052.61
	1988.81	0.00	11.25	1051.63
	1988.83	0.00	11.27	1052.61
	1988.84	0.00	11.26	1053.61
	1988.85	0.00	11.27	1054.61
	1988.86	0.00	11.22	1043.60
	1988.87	0.00	11.24	1048.61
	1988.89	0.00	11.24	1049.61
	1988.90	0.00	11.24	1051.60
	1988.91	0.00	11.23	1050.62
	1988.92	0.00	11.24	1050.61
	1988.93	0.00	11.24	1049.61
	1988.94	0.00	11.23	1048.61
	1988.96	0.00	11.18	1038.61
	1988.97	0.00	11.21	1044.61
	1988.98	0.00	11.21	1044.61
	1988.99	0.00	11.22	1044.61
	1989.00	0.00	11.21	1046.61
	1989.02	0.00	11.20	1041.60
	1989.03	0.00	11.20	1047.64
	1989.04	0.00	11.19	1047.66
	1989.05	0.00	11.20	1049.65
	1989.06	0.00	11.19	1046.66
	1989.07	0.00	11.18	1048.67
	1989.08	0.00	11.20	1046.63
	1989.10	0.00	11.19	1048.65
	1989.11	0.00	11.21	1052.65
	1989.12	0.00	11.20	1050.66
	1989.13	0.00	11.21	1051.66
	1989.14	0.00	11.20	1052.66
	1989.16	0.00	11.25	1044.51
	1989.17	0.00	11.35	1052.40
	1989.18	0.00	11.36	1055.41
	1989.19	0.00	11.33	1049.44
	1989.20	0.00	11.34	1052.42
	1989.21	0.00	11.33	1051.43
	1989.23	0.00	11.43	1043.21
	1989.24	0.00	11.30	1041.41
	1989.25	0.00	11.21	1031.48
	1989.26	0.00	11.25	1036.52
	1989.27	0.00	11.23	1035.54
	1989.28	0.00	11.13	1015.55
	1989.30	0.00	11.11	1021.62
	1989.31	0.00	11.14	1029.63
	1989.32	0.00	11.15	1026.64
	1989.33	0.00	11.16	1031.67
	1989.34	0.00	11.18	1034.65
	1989.35	0.00	11.16	1035.65
	1989.37	0.00	11.12	1023.60
	1989.38	0.00	11.20	1040.62
	1989.39	0.00	11.22	1047.63
	1989.40	0.00	11.21	1048.63
	1989.41	0.00	11.21	1050.64
	1989.43	0.00	11.21	1051.65
	1989.44	0.00	11.23	1052.63
	1989.45	0.00	11.22	1051.63
	1989.46	0.00	11.22	1054.66
	1989.47	0.00	11.21	1056.67
	1989.48	0.00	11.22	1056.67
	1989.50	0.00	11.22	1057.67
	1989.51	0.00	11.23	1057.66
	1989.52	0.00	11.23	1054.63
	1989.53	0.00	11.24	1056.63
	1989.54	0.00	11.24	1057.63
	1989.55	0.00	11.26	1058.62
	1989.57	0.00	11.22	1052.62
	1989.58	0.00	11.26	1061.62
	1989.59	0.00	11.22	1053.62
	1989.60	0.00	11.24	1057.61
	1989.61	0.00	11.24	1057.62
	1989.62	0.00	11.24	1058.62
	1989.64	0.00	11.23	1056.62
	1989.65	0.00	11.28	1054.54
	1989.66	0.00	11.24	1056.62
	1989.67	0.00	11.21	1049.62
	1989.68	0.00	11.22	1050.62
	1989.69	0.00	11.21	1050.65
	1989.71	0.00	11.24	1054.62
	1989.72	0.00	11.22	1051.62
	1989.73	0.00	11.22	1050.61
	1989.74	0.00	11.20	1052.68
	1989.75	0.00	11.20	1055.67
	1989.77	0.00	11.21	1056.68
	1989.78	0.00	11.20	1055.69
	1989.79	0.00	11.25	1057.60
	1989.80	0.00	11.23	1059.66
	1989.81	0.00	11.23	1056.66
	1989.82	0.00	11.22	1057.67
	1989.83	0.00	11.23	1058.64
	1989.85	0.00	11.21	1060.67
	1989.86	0.00	11.35	1057.42
	1989.87	0.00	11.38	1061.41
	1989.88	0.00	11.36	1058.43
	1989.89	0.00	11.33	1051.43
	1989.91	0.00	11.35	1058.44
	1989.92	0.00	11.41	1047.24
	1989.93	0.00	11.35	1044.32
	1989.94	0.00	11.28	1046.46
	1989.95	0.00	11.24	1038.52
	1989.96	0.00	11.26	1041.54
	1989.98	0.00	11.23	1042.58
	1989.99	0.00	11.12	1020.59
	1990.00	0.00	11.13	1026.62
	1990.01	0.00	11.13	1026.63
	1990.02	0.00	11.13	1030.66
	1990.04	0.00	11.18	1033.65
	1990.05	0.00	11.17	1036.65
	1990.06	0.00	11.10	1024.64
	1990.07	0.00	11.14	1032.65
	1990.08	0.00	11.22	1046.62
	1990.09	0.00	11.22	1047.63
	1990.10	0.00	11.21	1048.64
	1990.12	0.00	11.23	1049.62
	1990.13	0.00	11.21	1050.64
	1990.14	0.00	11.21	1046.61
	1990.15	0.00	11.21	1053.66
	1990.16	0.00	11.21	1055.67
	1990.18	0.00	11.23	1059.68
	1990.19	0.00	11.23	1059.68
	1990.20	0.00	11.23	1056.66
	1990.21	0.00	11.21	1052.66
	1990.22	0.00	11.24	1056.63
	1990.23	0.00	11.25	1057.63
	1990.25	0.00	11.26	1059.62
	1990.26	0.00	11.27	1059.60
	1990.27	0.00	11.24	1058.62
	1990.28	0.00	11.22	1053.62
	1990.29	0.00	11.23	1056.62
	1990.30	0.00	11.22	1056.64
	1990.32	0.00	11.24	1055.62
	1990.33	0.00	11.24	1053.61
	1990.34	0.00	11.23	1053.62
	1990.35	0.00	11.24	1054.62
	1990.36	0.00	11.22	1047.61
	1990.38	0.00	11.23	1049.61
	1990.39	0.00	11.23	1049.61
	1990.40	0.00	11.23	1049.61
	1990.41	0.00	11.24	1052.61
	1990.42	0.00	11.28	1049.53
	1990.43	0.00	11.23	1048.62
	1990.44	0.00	11.21	1047.65
	1990.46	0.00	11.20	1049.66
	1990.47	0.00	11.23	1053.67
	1990.48	0.00	11.24	1052.61
	1990.49	0.00	11.25	1053.63
	1990.50	0.00	11.25	1053.63
	1990.52	0.00	11.26	1056.64
	1990.53	0.00	11.30	1055.55
	1990.54	0.00	11.24	1058.66
	1990.55	0.00	11.32	1050.47
	1990.56	0.00	11.40	1057.40
	1990.57	0.00	11.41	1058.40
	1990.59	0.00	11.39	1055.42
	1990.60	0.00	11.39	1054.42
	1990.61	0.00	11.46	1045.23
	1990.62	0.00	11.41	1043.29
	1990.63	0.00	11.32	1043.45
	1990.64	0.00	11.30	1037.50
	1990.66	0.00	11.29	1036.52
	1990.67	0.00	11.26	1031.53
	1990.68	0.00	11.18	1023.59
	1990.69	0.00	11.19	1027.61
	1990.70	0.00	11.22	1029.63
	1990.71	0.00	11.22	1030.65
	1990.73	0.00	11.23	1034.63
	1990.74	0.00	11.22	1037.64
	1990.75	0.00	11.15	1019.59
	1990.76	0.00	11.25	1042.60
	1990.77	0.00	11.26	1046.61
	1990.79	0.00	11.27	1048.62
	1990.80	0.00	11.27	1048.62
	1990.81	0.00	11.25	1051.64
	1990.82	0.00	11.26	1053.63
	1990.83	0.00	11.26	1053.63
	1990.84	0.00	11.28	1059.65
	1990.85	0.00	11.25	1059.68
	1990.87	0.00	11.25	1058.67
	1990.88	0.00	11.26	1060.67
	1990.89	0.00	11.24	1057.67
	1990.90	0.00	11.25	1060.67
	1990.91	0.00	11.23	1052.63
	1990.93	0.00	11.26	1059.62
	1990.94	0.00	11.28	1062.61
	1990.95	0.00	11.27	1063.63
	1990.96	0.00	11.28	1065.61
	1990.97	0.00	11.25	1058.61
	1990.98	0.00	11.25	1063.61
	1991.00	0.00	11.25	1061.61
	1991.01	0.00	11.24	1060.62
	1991.02	0.00	11.25	1059.61
	1991.03	0.00	11.25	1056.61
	1991.04	0.00	11.24	1054.61
	1991.06	0.00	11.24	1054.61
	1991.07	0.00	11.22	1050.61
	1991.08	0.00	11.23	1050.61
	1991.09	0.00	11.22	1052.63
	1991.10	0.00	11.21	1047.61
	1991.11	0.00	11.22	1051.62
	1991.12	0.00	11.20	1051.65
	1991.14	0.00	11.21	1054.66
	1991.15	0.00	11.19	1053.67
	1991.16	0.00	11.20	1056.68
	1991.17	0.00	11.19	1059.69
	1991.18	0.00	11.20	1059.67
	1991.19	0.00	11.23	1066.66
	1991.21	0.00	11.20	1060.68
	1991.22	0.00	11.21	1064.68
	1991.23	0.00	11.16	1056.69
	1991.24	0.00	11.30	1060.44
	1991.25	0.00	11.33	1069.44
	1991.27	0.00	11.32	1069.45
	1991.28	0.00	11.34	1070.42
	1991.29	0.00	11.31	1074.47
	1991.30	0.00	11.31	1076.48
	1991.31	0.00	11.35	1066.30
	1991.32	0.00	11.24	1066.47
	1991.33	0.00	11.19	1061.56
	1991.35	0.00	11.18	1065.60
	1991.36	0.00	11.18	1067.61
	1991.37	0.00	11.01	1048.71
	1991.38	0.00	10.97	1046.75
	1991.40	0.00	11.00	1056.77
	1991.41	0.00	11.03	1061.79
	1991.42	0.00	11.01	1068.81
	1991.43	0.00	11.01	1072.81
	1991.44	0.00	10.97	1063.76
	1991.45	0.00	11.02	1081.79
	1991.46	0.00	11.02	1084.80
	1991.48	0.00	11.00	1086.83
	1991.49	0.00	11.01	1096.82
	1991.50	0.00	11.00	1096.82
	1991.51	0.00	10.99	1094.80
	1991.52	0.00	10.99	1103.86
	1991.54	0.00	11.00	1103.85
	1991.55	0.00	11.00	1101.86
	1991.56	0.00	11.00	1100.86
	1991.57	0.00	11.01	1099.85
	1991.58	0.00	11.00	1089.81
	1991.59	0.00	11.03	1093.80
	1991.61	0.00	11.04	1090.79
	1991.62	0.00	11.04	1086.78
	1991.63	0.00	11.05	1081.77
	1991.64	0.00	11.03	1069.76
	1991.65	0.00	11.05	1066.75
	1991.66	0.00	11.08	1063.72
	1991.68	0.00	11.11	1052.69
	1991.69	0.00	11.13	1045.66
	1991.70	0.00	11.15	1039.65
	1991.71	0.00	11.14	1031.64
	1991.72	0.00	11.17	1021.57
	1991.73	0.00	11.09	1001.60
	1991.75	0.00	11.17	1006.57
	1991.76	0.00	11.17	995.55
	1991.77	0.00	11.19	988.52
	1991.78	0.00	11.20	981.49
	1991.79	0.00	11.23	970.41
	1991.80	0.00	11.27	963.35
	1991.82	0.00	11.32	953.23
	1991.83	0.00	11.32	939.16
	1991.84	0.00	11.35	933.13
	1991.85	0.00	11.32	927.12
	1991.86	0.00	11.29	924.12
	1991.87	0.00	11.27	916.12
	1991.89	0.00	11.29	914.10
	1991.90	0.00	11.27	913.11
	1991.91	0.00	11.24	910.12
	1991.92	0.00	11.24	911.12
	1991.93	0.00	11.22	907.13
	1991.94	0.00	11.21	909.13
	1991.96	0.00	11.21	907.13
	1991.97	0.00	11.23	905.09
	1991.98	0.00	11.21	905.12
	1991.99	0.00	11.24	906.08
	1992.00	0.00	11.25	906.07
	1992.01	0.00	11.24	906.08
	1992.03	0.00	11.24	906.08
	1992.04	0.00	11.24	906.10
	1992.05	0.00	11.26	909.09
	1992.06	0.00	11.25	908.09
	1992.07	0.00	11.26	908.09
	1992.08	0.00	11.29	907.04
	1992.10	0.00	11.21	901.09
	1992.11	0.00	11.26	908.09
	1992.12	0.00	11.25	911.10
	1992.13	0.00	11.24	911.12
	1992.14	0.00	11.27	915.11
	1992.16	0.00	11.26	912.10
	1992.17	0.00	11.15	893.11
	1992.18	0.00	11.35	910.95
	1992.19	0.00	11.36	910.93
	1992.20	0.00	11.41	914.89
	1992.21	0.00	11.42	914.88
	1992.22	0.00	11.41	915.89
	1992.24	0.00	11.33	894.91
	1992.25	0.00	11.34	895.91
	1992.26	0.00	11.34	896.91
	1992.27	0.00	11.35	895.90
	1992.28	0.00	11.35	894.91
	1992.29	0.00	11.35	895.90
	1992.31	0.00	11.35	894.90
	1992.32	0.00	11.38	883.76
	1992.33	0.00	11.32	883.85
	1992.34	0.00	11.24	887.00
	1992.35	0.00	11.24	886.01
	1992.36	0.00	11.24	887.01
	1992.38	0.00	11.27	886.00
	1992.39	0.00	11.37	906.97
	1992.40	0.00	11.35	907.00
	1992.41	0.00	11.16	893.15
	1992.42	0.00	10.89	902.49
	1992.43	0.00	10.79	954.73
	1992.44	0.00	10.69	1006.74
	1992.46	0.00	10.73	1054.58
	1992.47	0.00	10.69	1081.72
	1992.48	0.00	10.72	1102.74
	1992.49	0.00	10.73	1123.79
	1992.50	0.00	10.75	1159.82
	1992.52	0.00	10.74	1192.85
	1992.53	0.00	10.76	1221.89
	1992.54	0.00	10.77	1245.92
	1992.55	0.00	10.77	1260.94
	1992.56	0.00	10.80	1279.00
	1992.57	0.00	10.84	1292.01
	1992.59	0.00	10.87	1292.01
	1992.60	0.00	10.91	1289.01
	1992.61	0.00	10.93	1286.03
	1992.62	0.00	10.96	1278.03
	1992.63	0.00	11.04	1276.01
	1992.64	0.00	11.09	1267.99
	1992.66	0.00	11.15	1257.95
	1992.67	0.00	11.25	1249.91
	1992.68	0.00	11.28	1239.91
	1992.69	0.00	11.38	1240.85
	1992.70	0.00	11.43	1229.83
	1992.71	0.00	11.49	1229.80
	1992.73	0.00	11.53	1227.77
	1992.74	0.00	11.59	1219.72
	1992.75	0.00	11.67	1223.70
	1992.76	0.00	11.73	1224.68
	1992.77	0.00	11.80	1227.65
	1992.79	0.00	11.84	1228.64
	1992.80	0.00	11.94	1235.58
	1992.81	0.00	12.00	1233.51
	1992.82	0.00	12.04	1235.48
	1992.83	0.00	12.08	1234.45
	1992.84	0.00	12.16	1225.33
	1992.85	0.00	12.27	1211.18
	1992.87	0.00	12.37	1203.05
	1992.88	0.00	12.41	1189.95
	1992.89	0.00	12.44	1176.91
	1992.90	0.00	12.49	1168.83
	1992.91	0.00	12.70	1180.81
	1992.93	0.00	12.79	1172.71
	1992.94	0.00	12.81	1161.71
	1992.95	0.00	13.04	1179.74
	1992.96	0.00	13.10	1176.70
	1992.97	0.00	13.18	1175.65
	1992.98	0.00	13.27	1172.55
	1993.00	0.00	13.32	1157.49
	1993.01	0.00	13.43	1144.31
	1993.02	0.00	13.60	1137.05
	1993.03	0.00	13.47	1111.00
	1993.04	0.00	13.24	1075.92
	1993.05	0.00	13.25	1059.81
	1993.07	0.00	13.16	1040.76
	1993.08	0.00	13.08	1037.79
	1993.09	0.00	12.59	981.88
	1993.10	0.00	12.36	961.01
	1993.11	0.00	11.99	950.42
	1993.12	0.00	11.65	937.79
	1993.14	0.00	11.61	941.85
	1993.15	0.00	11.64	947.84
	1993.16	0.00	11.58	935.84
	1993.17	0.00	11.55	923.79
	1993.18	0.00	11.44	899.81
	1993.19	0.00	11.41	896.81
	1993.20	0.00	11.44	900.82
	1993.22	0.00	11.47	904.83
	1993.23	0.00	11.46	907.83
	1993.24	0.00	11.45	902.81
	1993.25	0.00	11.49	903.76
	1993.26	0.00	11.45	903.81
	1993.28	0.00	11.47	908.81
	1993.29	0.00	11.48	907.82
	1993.30	0.00	11.49	911.81
	1993.31	0.00	11.49	909.82
	1993.32	0.00	11.50	910.82
	1993.33	0.00	11.52	908.82
	1993.34	0.00	11.42	886.81
	1993.36	0.00	11.49	908.80
	1993.37	0.00	11.43	891.81
	1993.38	0.00	11.44	890.81
	1993.39	0.00	11.46	886.81
	1993.40	0.00	11.46	889.82
	1993.41	0.00	11.46	889.81
	1993.43	0.00	11.47	893.81
	1993.44	0.00	11.45	889.81
	1993.45	0.00	11.46	889.80
	1993.46	0.00	11.46	891.81
	1993.47	0.00	11.37	881.80
	1993.48	0.00	11.48	898.78
	1993.50	0.00	11.49	903.78
	1993.51	0.00	11.50	903.77
	1993.52	0.00	11.49	901.77
	1993.53	0.00	11.51	905.77
	1993.54	0.00	11.51	906.76
	1993.55	0.00	11.50	903.76
	1993.57	0.00	11.51	903.76
	1993.58	0.00	11.39	912.93
	1993.59	0.00	11.23	921.16
	1993.60	0.00	10.83	949.63
	1993.61	0.00	10.65	1020.83
	1993.62	0.00	10.58	1069.88
	1993.64	0.00	10.57	1102.93
	1993.65	0.00	10.63	1132.97
	1993.66	0.00	10.66	1134.93
	1993.67	0.00	10.67	1150.94
	1993.68	0.00	10.74	1190.95
	1993.69	0.00	10.70	1221.02
	1993.70	0.00	10.71	1248.07
	1993.72	0.00	10.76	1279.12
	1993.73	0.00	10.77	1290.13
	1993.74	0.00	10.86	1305.08
	1993.75	0.00	10.94	1309.07
	1993.76	0.00	10.98	1301.08
	1993.78	0.00	11.08	1297.03
	1993.79	0.00	11.14	1286.01
	1993.80	0.00	11.21	1270.01
	1993.81	0.00	11.29	1255.97
	1993.82	0.00	11.36	1241.93
	1993.83	0.00	11.49	1231.85
	1993.85	0.00	11.57	1212.76
	1993.86	0.00	11.65	1197.71
	1993.87	0.00	11.71	1188.66
	1993.88	0.00	11.81	1183.58
	1993.89	0.00	11.88	1181.49
	1993.91	0.00	11.95	1173.41
	1993.92	0.00	12.05	1165.31
	1993.93	0.00	12.15	1160.17
	1993.94	0.00	12.23	1154.05
	1993.95	0.00	12.26	1144.98
	1993.96	0.00	12.33	1140.90
	1993.97	0.00	12.37	1137.83
	1993.99	0.00	12.36	1130.83
	1994.00	0.00	12.35	1119.80
	1994.01	0.00	12.39	1116.73
	1994.02	0.00	12.60	1132.71
	1994.03	0.00	12.69	1132.63
	1994.05	0.00	12.65	1124.68
	1994.06	0.00	12.70	1117.62
	1994.07	0.00	12.79	1113.49
	1994.08	0.00	12.75	1107.52
	1994.09	0.00	12.83	1104.43
	1994.10	0.00	12.93	1106.34
	1994.12	0.00	13.00	1103.28
	1994.13	0.00	13.08	1102.19
	1994.14	0.00	13.09	1092.13
	1994.15	0.00	13.17	1099.09
	1994.16	0.00	13.22	1089.00
	1994.17	0.00	13.21	1079.98
	1994.19	0.00	13.23	1079.96
	1994.20	0.00	13.22	1077.94
	1994.21	0.00	13.25	1075.88
	1994.22	0.00	13.25	1069.86
	1994.23	0.00	13.16	1057.84
	1994.24	0.00	13.02	1041.85
	1994.26	0.00	12.65	1004.92
	1994.27	0.00	12.35	974.08
	1994.28	0.00	12.02	957.40
	1994.29	0.00	11.71	950.75
	1994.30	0.00	11.51	925.85
	1994.31	0.00	11.54	931.86
	1994.33	0.00	11.49	923.86
	1994.34	0.00	11.54	932.88
	1994.35	0.00	11.56	933.87
	1994.36	0.00	11.55	931.88
	1994.37	0.00	11.42	905.85
	1994.38	0.00	11.45	908.83
	1994.40	0.00	11.50	913.82
	1994.41	0.00	11.51	918.82
	1994.42	0.00	11.51	913.81
	1994.43	0.00	11.43	899.81
	1994.44	0.00	11.37	882.81
	1994.45	0.00	11.42	888.79
	1994.46	0.00	11.45	894.79
	1994.48	0.00	11.47	897.79
	1994.49	0.00	11.42	889.79
	1994.50	0.00	11.39	884.78
	1994.51	0.00	11.40	886.78
	1994.52	0.00	11.45	892.77
	1994.53	0.00	11.51	903.76
	1994.55	0.00	11.49	900.78
	1994.56	0.00	11.55	910.78
	1994.57	0.00	11.56	913.78
	1994.58	0.00	11.57	915.78
	1994.59	0.00	11.59	915.77
	1994.60	0.00	11.57	915.78
	1994.62	0.00	11.58	917.79
	1994.63	0.00	11.57	915.79
	1994.64	0.00	11.59	919.78
	1994.65	0.00	11.56	918.80
	1994.66	0.00	11.57	920.80
	1994.67	0.00	11.58	923.80
	1994.69	0.00	11.59	924.79
	1994.70	0.00	11.60	921.77
	1994.71	0.00	11.59	921.77
	1994.72	0.00	11.59	920.77
	1994.73	0.00	11.59	922.77
	1994.74	0.00	11.59	922.77
	1994.76	0.00	11.56	914.76
	1994.77	0.00	11.42	919.96
	1994.78	0.00	11.20	929.22
	1994.79	0.00	10.66	970.88
	1994.80	0.00	10.51	1082.01
	1994.81	0.00	10.41	1138.10
	1994.82	0.00	10.51	1199.18
	1994.84	0.00	10.53	1209.18
	1994.85	0.00	10.61	1230.16
	1994.86	0.00	10.71	1259.13
	1994.87	0.00	10.80	1296.13
	1994.89	0.00	10.92	1326.03
	1994.90	0.00	11.01	1355.03
	1994.91	0.00	11.06	1371.08
	1994.92	0.00	11.10	1374.09
	1994.93	0.00	11.16	1376.09
	1994.94	0.00	11.22	1377.09
	1994.95	0.00	11.28	1368.08
	1994.97	0.00	11.33	1353.07
	1994.98	0.00	11.37	1329.03
	1994.99	0.00	11.40	1312.01
	1995.00	0.00	11.42	1287.96
	1995.01	0.00	11.44	1271.93
	1995.03	0.00	11.45	1256.90
	1995.04	0.00	11.46	1241.88
	1995.05	0.00	11.48	1232.85
	1995.06	0.00	11.49	1225.86
	1995.07	0.00	11.53	1217.85
	1995.08	0.00	11.59	1212.79
	1995.10	0.00	11.69	1211.74
	1995.11	0.00	11.77	1213.67
	1995.12	0.00	11.88	1214.58
	1995.13	0.00	11.85	1202.61
	1995.14	0.00	11.99	1218.53
	1995.15	0.00	12.09	1220.45
	1995.17	0.00	12.16	1217.36
	1995.18	0.00	12.27	1213.19
	1995.19	0.00	12.40	1211.03
	1995.20	0.00	12.43	1203.97
	1995.21	0.00	12.48	1195.87
	1995.22	0.00	12.50	1186.84
	1995.24	0.00	12.52	1178.78
	1995.25	0.00	12.45	1158.79
	1995.26	0.00	12.45	1148.79
	1995.27	0.00	12.67	1156.72
	1995.28	0.00	12.73	1150.66
	1995.29	0.00	12.83	1136.52
	1995.31	0.00	12.92	1118.34
	1995.32	0.00	13.02	1117.23
	1995.33	0.00	13.10	1116.12
	1995.34	0.00	13.21	1117.01
	1995.35	0.00	13.24	1113.99
	1995.36	0.00	13.25	1110.97
	1995.38	0.00	13.23	1101.95
	1995.39	0.00	13.24	1099.95
	1995.40	0.00	13.26	1095.90
	1995.41	0.00	13.33	1100.85
	1995.42	0.00	13.33	1097.82
	1995.44	0.00	13.35	1092.76
	1995.45	0.00	13.32	1079.70
	1995.46	0.00	13.28	1068.70
	1995.47	0.00	13.12	1050.75
	1995.48	0.00	12.77	1013.80
	1995.49	0.00	12.63	1003.90
	1995.50	0.00	12.45	994.02
	1995.52	0.00	12.13	986.36
	1995.53	0.00	11.79	967.73
	1995.54	0.00	11.68	965.88
	1995.55	0.00	11.63	954.89
	1995.56	0.00	11.60	949.89
	1995.57	0.00	11.58	945.88
	1995.59	0.00	11.57	942.88
	1995.60	0.00	11.58	944.88
	1995.61	0.00	11.55	936.86
	1995.62	0.00	11.55	935.86
	1995.63	0.00	11.53	935.88
	1995.64	0.00	11.47	914.87
	1995.66	0.00	11.47	912.86
	1995.67	0.00	11.46	912.87
	1995.68	0.00	11.47	913.86
	1995.69	0.00	11.47	914.87
	1995.70	0.00	11.48	912.86
	1995.71	0.00	11.47	910.86
	1995.72	0.00	11.48	911.85
	1995.74	0.00	11.47	911.87
	1995.75	0.00	11.49	909.82
	1995.76	0.00	11.48	907.82
	1995.77	0.00	11.50	910.81
	1995.78	0.00	11.51	912.81
	1995.80	0.00	11.51	914.81
	1995.81	0.00	11.51	913.81
	1995.82	0.00	11.52	914.81
	1995.83	0.00	11.53	915.81
	1995.84	0.00	11.56	919.79
	1995.85	0.00	11.54	915.79
	1995.86	0.00	11.53	914.79
	1995.88	0.00	11.55	916.78
	1995.89	0.00	11.54	914.78
	1995.90	0.00	11.54	914.78
	1995.91	0.00	11.54	914.78
	1995.92	0.00	11.53	913.78
	1995.93	0.00	11.54	912.77
	1995.95	0.00	11.54	908.73
	1995.96	0.00	11.57	912.72
	1995.97	0.00	11.56	911.73
	1995.98	0.00	11.56	911.74
	1995.99	0.00	11.57	913.72
	1996.00	0.00	11.57	910.71
	1996.02	0.00	11.54	911.75
	1996.03	0.00	11.38	916.93
	1996.04	0.00	11.18	929.20
	1996.05	0.00	10.75	983.72
	1996.06	0.00	10.57	1076.92
	1996.07	0.00	10.41	1158.05
	1996.09	0.00	10.43	1220.08
	1996.10	0.00	10.45	1247.09
	1996.11	0.00	10.53	1276.09
	1996.12	0.00	10.59	1301.09
	1996.13	0.00	10.62	1325.10
	1996.14	0.00	10.70	1350.11
	1996.16	0.00	10.73	1368.14
	1996.17	0.00	10.81	1386.14
	1996.18	0.00	10.88	1394.16
	1996.19	0.00	10.96	1393.17
	1996.20	0.00	11.12	1371.11
	1996.21	0.00	11.18	1357.19
	1996.23	0.00	11.26	1346.16
	1996.24	0.00	11.37	1333.07
	1996.25	0.00	11.47	1323.08
	1996.26	0.00	11.53	1318.05
	1996.27	0.00	11.64	1307.94
	1996.29	0.00	11.73	1301.86
	1996.30	0.00	11.81	1290.78
	1996.31	0.00	11.99	1289.60
	1996.32	0.00	12.07	1289.51
	1996.33	0.00	12.15	1281.39
	1996.34	0.00	12.27	1290.30
	1996.35	0.00	12.39	1299.16
	1996.37	0.00	12.51	1299.01
	1996.38	0.00	12.62	1297.82
	1996.39	0.00	12.70	1303.70
	1996.40	0.00	12.74	1303.64
	1996.41	0.00	12.83	1302.52
	1996.43	0.00	12.88	1305.46
	1996.44	0.00	12.89	1298.40
	1996.45	0.00	12.91	1291.33
	1996.46	0.00	12.90	1285.33
	1996.47	0.00	12.89	1273.32
	1996.48	0.00	12.89	1251.24
	1996.50	0.00	12.98	1252.15
	1996.51	0.00	12.96	1250.20
	1996.52	0.00	12.99	1238.15
	1996.53	0.00	13.00	1233.16
	1996.54	0.00	13.03	1229.12
	1996.55	0.00	13.10	1227.05
	1996.57	0.00	13.16	1220.99
	1996.58	0.00	13.17	1215.98
	1996.59	0.00	13.20	1213.94
	1996.60	0.00	13.20	1200.91
	1996.61	0.00	13.40	1209.89
	1996.62	0.00	13.47	1207.84
	1996.64	0.00	13.50	1204.83
	1996.65	0.00	13.49	1201.85
	1996.66	0.00	13.52	1199.83
	1996.67	0.00	13.54	1194.81
	1996.68	0.00	13.53	1184.79
	1996.69	0.00	13.49	1175.78
	1996.70	0.00	13.42	1156.79
	1996.72	0.00	13.36	1146.80
	1996.73	0.00	13.16	1098.82
	1996.74	0.00	12.80	1055.88
	1996.75	0.00	12.65	1038.96
	1996.76	0.00	12.42	1030.17
	1996.78	0.00	12.03	1007.57
	1996.79	0.00	11.81	998.83
	1996.80	0.00	11.74	990.88
	1996.81	0.00	11.71	983.88
	1996.82	0.00	11.69	980.88
	1996.83	0.00	11.67	975.88
	1996.85	0.00	11.66	972.88
	1996.86	0.00	11.66	971.88
	1996.87	0.00	11.65	968.87
	1996.88	0.00	11.63	963.87
	1996.89	0.00	11.65	964.85
	1996.90	0.00	11.60	956.86
	1996.92	0.00	11.63	960.85
	1996.93	0.00	11.63	961.85
	1996.94	0.00	11.64	961.84
	1996.95	0.00	11.56	943.85
	1996.96	0.00	11.60	946.84
	1996.97	0.00	11.58	946.85
	1996.98	0.00	11.58	944.85
	1997.00	0.00	11.59	944.84
	1997.01	0.00	11.60	946.84
	1997.02	0.00	11.61	945.83
	1997.03	0.00	11.62	943.83
	1997.04	0.00	11.61	944.83
	1997.05	0.00	11.63	945.81
	1997.07	0.00	11.62	944.82
	1997.08	0.00	11.61	946.82
	1997.09	0.00	11.62	945.82
	1997.10	0.00	11.61	944.83
	1997.11	0.00	11.51	923.81
	1997.12	0.00	11.61	941.80
	1997.14	0.00	11.61	941.79
	1997.15	0.00	11.62	940.78
	1997.16	0.00	11.59	935.80
	1997.17	0.00	11.64	939.77
	1997.18	0.00	11.62	937.77
	1997.19	0.00	11.63	938.77
	1997.21	0.00	11.64	939.77
	1997.22	0.00	11.65	937.76
	1997.23	0.00	11.66	935.75
	1997.24	0.00	11.59	938.84
	1997.25	0.00	11.45	944.01
	1997.26	0.00	11.11	958.46
	1997.28	0.00	10.85	1042.81
	1997.29	0.00	10.68	1105.98
	1997.30	0.00	10.61	1164.03
	1997.31	0.00	10.62	1200.05
	1997.32	0.00	10.66	1215.07
	1997.33	0.00	10.75	1236.06
	1997.35	0.00	10.87	1278.06
	1997.36	0.00	10.93	1298.07
	1997.37	0.00	10.95	1311.08
	1997.38	0.00	10.95	1326.17
	1997.39	0.00	10.97	1332.16
	1997.41	0.00	10.99	1339.20
	1997.42	0.00	11.01	1334.19
	1997.43	0.00	11.07	1329.15
	1997.44	0.00	11.09	1317.17
	1997.45	0.00	11.14	1299.13
	1997.46	0.00	11.20	1287.12
	1997.47	0.00	11.26	1274.07
	1997.49	0.00	11.35	1259.96
	1997.50	0.00	11.49	1246.78
	1997.51	0.00	11.52	1233.83
	1997.52	0.00	11.57	1219.76
	1997.53	0.00	11.63	1207.72
	1997.55	0.00	11.68	1191.68
	1997.56	0.00	11.72	1186.65
	1997.57	0.00	11.71	1173.65
	1997.58	0.00	11.76	1170.60
	1997.59	0.00	11.86	1168.50
	1997.60	0.00	11.96	1171.41
	1997.62	0.00	12.04	1162.27
	1997.63	0.00	12.18	1167.14
	1997.64	0.00	12.24	1164.06
	1997.65	0.00	12.28	1164.00
	1997.66	0.00	12.31	1161.95
	1997.67	0.00	12.34	1157.89
	1997.69	0.00	12.41	1149.80
	1997.70	0.00	12.48	1145.69
	1997.71	0.00	12.49	1136.66
	1997.72	0.00	12.55	1134.59
	1997.73	0.00	12.55	1129.54
	1997.75	0.00	12.65	1123.36
	1997.76	0.00	12.83	1120.29
	1997.77	0.00	12.88	1113.18
	1997.78	0.00	12.98	1116.08
	1997.79	0.00	13.00	1115.07
	1997.80	0.00	13.05	1110.01
	1997.81	0.00	13.07	1107.99
	1997.83	0.00	13.09	1107.96
	1997.84	0.00	13.07	1096.94
	1997.85	0.00	13.07	1096.94
	1997.86	0.00	13.11	1093.91
	1997.87	0.00	13.12	1089.87
	1997.89	0.00	13.20	1085.78
	1997.90	0.00	13.22	1076.72
	1997.91	0.00	13.03	1056.69
	1997.92	0.00	13.00	1050.68
	1997.93	0.00	12.97	1044.69
	1997.94	0.00	12.87	1033.73
	1997.95	0.00	12.64	1019.92
	1997.97	0.00	12.53	1008.96
	1997.98	0.00	12.20	1001.35
	1997.99	0.00	11.77	989.89
	1998.00	0.00	11.70	979.91
	1998.01	0.00	11.68	972.89
	1998.02	0.00	11.68	974.88
	1998.04	0.00	11.65	967.87
	1998.05	0.00	11.58	946.87
	1998.06	0.00	11.58	944.86
	1998.07	0.00	11.58	944.86
	1998.08	0.00	11.57	941.87
	1998.09	0.00	11.60	943.85
	1998.11	0.00	11.57	940.84
	1998.12	0.00	11.57	940.84
	1998.13	0.00	11.63	940.76
	1998.14	0.00	11.55	935.83
	1998.15	0.00	11.58	941.83
	1998.16	0.00	11.54	931.82
	1998.18	0.00	11.55	934.82
	1998.19	0.00	11.58	939.82
	1998.20	0.00	11.56	936.82
	1998.21	0.00	11.59	939.81
	1998.22	0.00	11.59	939.82
	1998.23	0.00	11.59	940.81
	1998.25	0.00	11.61	937.80
	1998.26	0.00	11.60	941.80
	1998.27	0.00	11.60	940.81
	1998.28	0.00	11.60	939.79
	1998.29	0.00	11.62	939.78
	1998.30	0.00	11.63	939.77
	1998.31	0.00	11.63	937.77
	1998.33	0.00	11.62	938.78
	1998.34	0.00	11.62	936.78
	1998.35	0.00	11.61	934.78
	1998.36	0.00	11.58	931.79
	1998.37	0.00	11.64	936.74
	1998.39	0.00	11.61	934.78
	1998.40	0.00	11.62	937.78
	1998.41	0.00	11.63	935.76
	1998.42	0.00	11.60	933.78
	1998.43	0.00	11.43	931.94
	1998.44	0.00	11.39	934.99
	1998.45	0.00	11.03	950.46
	1998.47	0.00	10.66	999.83
	1998.48	0.00	10.64	1081.95
	1998.49	0.00	10.59	1124.07
	1998.50	0.00	10.63	1148.07
	1998.51	0.00	10.71	1168.06
	1998.53	0.00	10.77	1195.05
	1998.54	0.00	10.81	1215.04
	1998.55	0.00	10.84	1251.05
	1998.56	0.00	10.87	1281.07
	1998.57	0.00	10.88	1303.13
	1998.58	0.00	10.90	1319.19
	1998.60	0.00	10.91	1322.21
	1998.61	0.00	10.97	1331.23
	1998.62	0.00	11.07	1328.15
	1998.63	0.00	11.13	1323.16
	1998.64	0.00	11.21	1315.15
	1998.65	0.00	11.28	1302.11
	1998.67	0.00	11.37	1291.13
	1998.68	0.00	11.46	1277.05
	1998.69	0.00	11.63	1258.81
	1998.70	0.00	11.74	1258.74
	1998.71	0.00	11.86	1240.68
	1998.72	0.00	11.98	1233.52
	1998.74	0.00	12.11	1231.36
	1998.75	0.00	12.23	1234.23
	1998.76	0.00	12.29	1222.14
	1998.77	0.00	12.40	1225.01
	1998.78	0.00	12.56	1226.78
	1998.79	0.00	12.71	1222.55
	1998.81	0.00	12.76	1220.47
	1998.82	0.00	12.78	1215.44
	1998.83	0.00	12.79	1206.41
	1998.84	0.00	12.81	1204.36
	1998.85	0.00	12.80	1200.36
	1998.86	0.00	12.79	1196.36
	1998.88	0.00	12.76	1194.38
	1998.89	0.00	12.73	1187.39
	1998.90	0.00	12.70	1183.41
	1998.91	0.00	12.67	1172.42
	1998.92	0.00	12.64	1169.48
	1998.94	0.00	12.59	1166.56
	1998.95	0.00	12.60	1163.56
	1998.96	0.00	12.76	1173.63
	1998.97	0.00	12.79	1162.59
	1998.98	0.00	13.06	1185.53
	1998.99	0.00	12.81	1159.65
	1999.01	0.00	13.15	1183.51
	1999.02	0.00	13.25	1175.41
	1999.03	0.00	13.21	1158.26
	1999.04	0.00	13.43	1157.04
	1999.05	0.00	13.48	1148.98
	1999.06	0.00	13.51	1146.96
	1999.07	0.00	13.55	1137.88
	1999.09	0.00	13.63	1125.75
	1999.10	0.00	13.64	1122.72
	1999.11	0.00	13.65	1119.68
	1999.12	0.00	13.62	1121.68
	1999.13	0.00	13.57	1110.67
	1999.14	0.00	13.31	1070.68
	1999.16	0.00	12.78	1017.79
	1999.17	0.00	12.57	998.92
	1999.18	0.00	12.43	991.00
	1999.19	0.00	12.12	985.35
	1999.20	0.00	11.73	981.82
	1999.21	0.00	11.64	969.86
	1999.23	0.00	11.60	946.80
	1999.24	0.00	11.59	943.79
	1999.25	0.00	11.56	937.80
	1999.26	0.00	11.54	935.82
	1999.27	0.00	11.52	934.83
	1999.29	0.00	11.54	934.81
	1999.30	0.00	11.52	932.81
	1999.31	0.00	11.53	933.81
	1999.32	0.00	11.53	933.81
	1999.33	0.00	11.51	931.84
	1999.34	0.00	11.53	933.82
	1999.35	0.00	11.54	934.81
	1999.37	0.00	11.54	934.81
	1999.38	0.00	11.53	934.82
	1999.39	0.00	11.52	929.80
	1999.40	0.00	11.54	934.80
	1999.41	0.00	11.55	933.79
	1999.42	0.00	11.57	934.77
	1999.44	0.00	11.58	936.77
	1999.45	0.00	11.55	928.76
	1999.46	0.00	11.55	929.76
	1999.47	0.00	11.57	931.75
	1999.48	0.00	11.48	913.73
	1999.49	0.00	11.58	930.72
	1999.51	0.00	11.59	930.71
	1999.52	0.00	11.59	931.72
	1999.53	0.00	11.57	928.72
	1999.54	0.00	11.60	932.71
	1999.55	0.00	11.59	931.72
	1999.56	0.00	11.60	931.71
	1999.58	0.00	11.62	933.70
	1999.59	0.00	11.61	931.69
	1999.60	0.00	11.65	936.68
	1999.61	0.00	11.64	937.69
	1999.62	0.00	11.62	935.71
	1999.63	0.00	11.62	932.70
	1999.65	0.00	11.61	929.69
	1999.66	0.00	11.62	931.67
	1999.67	0.00	11.65	927.65
	1999.68	0.00	11.64	927.66
	1999.69	0.00	11.38	934.03
	1999.70	0.00	10.98	949.51
	1999.71	0.00	10.54	1015.97
	1999.73	0.00	10.11	1114.20
	1999.74	0.00	10.04	1144.24
	1999.75	0.00	10.08	1146.22
	1999.76	0.00	10.15	1139.18
	1999.77	0.00	10.27	1171.15
	1999.78	0.00	10.30	1214.20
	1999.80	0.00	10.41	1273.16
	1999.81	0.00	10.48	1297.18
	1999.82	0.00	10.57	1309.18
	1999.83	0.00	10.67	1331.22
	1999.84	0.00	10.81	1349.20
	1999.85	0.00	10.92	1346.17
	1999.87	0.00	11.04	1334.20
	1999.88	0.00	11.18	1321.16
	1999.89	0.00	11.37	1303.05
	1999.90	0.00	11.53	1284.94
	1999.91	0.00	11.69	1256.82
	1999.93	0.00	11.85	1233.67
	1999.94	0.00	12.02	1210.44
	1999.95	0.00	12.21	1195.17
	1999.96	0.00	12.38	1176.89
	1999.97	0.00	12.60	1159.51
	1999.98	0.00	12.67	1142.35
	2000.00	0.00	12.68	1130.28
	2000.01	0.00	12.71	1116.21
	2000.02	0.00	12.75	1110.12
	2000.03	0.00	12.74	1092.07
	2000.04	0.00	12.73	1089.07
	2000.05	0.00	12.71	1077.06
	2000.07	0.00	12.69	1069.06
	2000.08	0.00	12.67	1062.05
	2000.09	0.00	12.62	1048.06
	2000.10	0.00	12.60	1047.07
	2000.11	0.00	13.01	1087.09
	2000.12	0.00	13.02	1084.10
	2000.14	0.00	12.88	1073.10
	2000.15	0.00	12.93	1073.10
	2000.16	0.00	12.99	1078.10
	2000.17	0.00	13.03	1080.09
	2000.18	0.00	13.06	1076.08
	2000.19	0.00	13.12	1082.06
	2000.20	0.00	13.14	1083.06
	2000.22	0.00	13.19	1085.03
	2000.23	0.00	13.20	1085.03
	2000.24	0.00	13.24	1081.99
	2000.25	0.00	13.27	1087.98
	2000.26	0.00	13.34	1090.93
	2000.28	0.00	13.41	1097.88
	2000.29	0.00	13.46	1102.84
	2000.30	0.00	13.49	1109.82
	2000.31	0.00	13.46	1107.81
	2000.32	0.00	13.27	1082.82
	2000.33	0.00	12.80	1015.92
	2000.35	0.00	12.37	974.01
	2000.36	0.00	12.23	958.07
	2000.37	0.00	11.80	938.45
	2000.38	0.00	11.42	913.83
	2000.39	0.00	11.35	902.91
	2000.40	0.00	11.41	901.85
	2000.42	0.00	11.41	901.84
	2000.43	0.00	11.42	903.84
	2000.44	0.00	11.42	903.82
	2000.45	0.00	11.43	904.81
	2000.46	0.00	11.43	903.81
	2000.47	0.00	11.39	895.81
	2000.48	0.00	11.43	902.80
	2000.50	0.00	11.43	899.78
	2000.51	0.00	11.40	899.80
	2000.52	0.00	11.40	905.83
	2000.53	0.00	11.38	901.80
	2000.54	0.00	11.49	915.77
	2000.56	0.00	11.51	919.77
	2000.57	0.00	11.51	919.78
	2000.58	0.00	11.56	922.75
	2000.59	0.00	11.56	922.74
	2000.60	0.00	11.56	921.75
	2000.61	0.00	11.57	920.75
	2000.62	0.00	11.55	920.75
	2000.64	0.00	11.55	918.74
	2000.65	0.00	11.55	918.74
	2000.66	0.00	11.55	918.74
	2000.67	0.00	11.54	913.73
	2000.68	0.00	11.57	916.71
	2000.69	0.00	11.57	911.69
	2000.71	0.00	11.58	916.70
	2000.72	0.00	11.59	916.70
	2000.73	0.00	11.59	922.71
	2000.74	0.00	11.61	919.70
	2000.75	0.00	11.60	918.72
	2000.76	0.00	11.61	920.71
	2000.78	0.00	11.56	918.76
	2000.79	0.00	11.58	923.77
	2000.80	0.00	11.57	920.76
	2000.81	0.00	11.58	921.74
	2000.82	0.00	11.60	922.74
	2000.83	0.00	11.46	923.93
	2000.84	0.00	11.08	929.38
	2000.86	0.00	10.60	992.87
	2000.87	0.00	10.09	1108.29
	2000.88	0.00	9.90	1180.45
	2000.89	0.00	9.89	1197.40
	2000.90	0.00	9.92	1200.33
	2000.92	0.00	10.05	1224.29
	2000.93	0.00	10.18	1277.30
	2000.94	0.00	10.20	1298.31
	2000.95	0.00	10.31	1330.29
	2000.96	0.00	10.45	1357.32
	2000.97	0.00	10.57	1373.30
	2000.99	0.00	10.62	1372.29
	2001.00	0.00	10.70	1362.26
	2001.01	0.00	10.81	1347.20
	2001.02	0.00	10.92	1324.14
	2001.03	0.00	11.02	1300.12
	2001.04	0.00	11.07	1275.08
	2001.06	0.00	11.14	1249.03
	2001.07	0.00	11.17	1214.06
	2001.08	0.00	11.21	1183.02
	2001.09	0.00	11.23	1145.99
	2001.10	0.00	11.30	1131.96
	2001.11	0.00	11.30	1099.92
	2001.13	0.00	11.38	1082.86
	2001.14	0.00	11.49	1076.72
	2001.15	0.00	11.56	1068.65
	2001.16	0.00	11.58	1065.59
	2001.17	0.00	11.62	1060.50
	2001.18	0.00	11.68	1057.45
	2001.20	0.00	11.74	1045.31
	2001.21	0.00	11.90	1054.15
	2001.22	0.00	11.97	1056.09
	2001.23	0.00	11.96	1037.04
	2001.24	0.00	12.13	1060.93
	2001.26	0.00	12.14	1063.96
	2001.27	0.00	12.16	1061.93
	2001.28	0.00	12.43	1082.87
	2001.29	0.00	12.41	1080.92
	2001.30	0.00	12.48	1090.95
	2001.31	0.00	12.61	1094.87
	2001.33	0.00	12.78	1120.82
	2001.34	0.00	12.92	1129.76
	2001.35	0.00	12.97	1126.71
	2001.36	0.00	13.05	1128.67
	2001.37	0.00	13.19	1119.50
	2001.38	0.00	13.19	1124.52
	2001.40	0.00	13.29	1117.33
	2001.41	0.00	13.24	1102.26
	2001.42	0.00	13.35	1090.02
	2001.43	0.00	13.43	1091.89
	2001.44	0.00	13.42	1096.85
	2001.45	0.00	13.38	1092.82
	2001.47	0.00	13.26	1069.77
	2001.48	0.00	12.88	1027.81
	2001.49	0.00	12.61	1007.01
	2001.50	0.00	12.34	983.16
	2001.51	0.00	11.89	964.63
	2001.52	0.00	11.58	948.92
	2001.54	0.00	11.51	936.93
	2001.55	0.00	11.49	928.88
	2001.56	0.00	11.50	927.86
	2001.57	0.00	11.50	923.85
	2001.58	0.00	11.47	917.86
	2001.59	0.00	11.36	896.85
	2001.60	0.00	11.46	915.87
	2001.62	0.00	11.45	911.86
	2001.63	0.00	11.45	911.86
	2001.64	0.00	11.43	906.86
	2001.65	0.00	11.47	912.85
	2001.66	0.00	11.44	906.84
	2001.68	0.00	11.46	908.84
	2001.69	0.00	11.46	907.82
	2001.70	0.00	11.47	909.83
	2001.71	0.00	11.44	899.79
	2001.72	0.00	11.49	909.80
	2001.73	0.00	11.52	916.79
	2001.74	0.00	11.54	919.79
	2001.76	0.00	11.55	925.80
	2001.77	0.00	11.54	918.80
	2001.78	0.00	11.54	920.79
	2001.79	0.00	11.56	918.77
	2001.80	0.00	11.57	921.80
	2001.81	0.00	11.54	922.80
	2001.82	0.00	11.55	925.80
	2001.84	0.00	11.55	922.79
	2001.85	0.00	11.56	923.79
	2001.86	0.00	11.56	922.79
	2001.87	0.00	11.55	922.79
	2001.88	0.00	11.56	923.79
	2001.90	0.00	11.55	923.78
	2001.91	0.00	11.54	923.80
	2001.92	0.00	11.53	922.81
	2001.93	0.00	11.54	923.80
	2001.94	0.00	11.55	924.80
	2001.95	0.00	11.54	920.78
	2001.96	0.00	11.52	919.79
	2001.98	0.00	11.57	928.78
	2001.99	0.00	11.54	920.77
	2002.00	0.00	11.43	922.93
	2002.01	0.00	10.89	949.67
	2002.02	0.00	10.36	1039.14
	2002.03	0.00	9.88	1158.60
	2002.05	0.00	9.77	1203.64
	2002.06	0.00	9.83	1208.56
	2002.07	0.00	9.93	1196.43
	2002.08	0.00	10.00	1214.43
	2002.09	0.00	9.89	1235.40
	2002.10	0.00	10.41	1347.35
	2002.12	0.00	10.53	1363.28
	2002.13	0.00	10.69	1395.24
	2002.14	0.00	10.77	1397.23
	2002.15	0.00	10.87	1388.21
	2002.16	0.00	10.99	1374.19
	2002.17	0.00	11.07	1350.20
	2002.19	0.00	11.20	1328.13
	2002.20	0.00	11.33	1302.07
	2002.21	0.00	11.49	1281.97
	2002.22	0.00	11.62	1256.87
	2002.23	0.00	11.76	1237.77
	2002.25	0.00	11.92	1215.57
	2002.26	0.00	12.13	1201.31
	2002.27	0.00	12.25	1184.09
	2002.28	0.00	12.26	1157.98
	2002.29	0.00	12.38	1141.77
	2002.30	0.00	12.46	1127.64
	2002.32	0.00	12.45	1113.58
	2002.33	0.00	12.42	1100.58
	2002.34	0.00	12.39	1080.58
	2002.35	0.00	12.28	1054.57
	2002.36	0.00	12.43	1087.58
	2002.37	0.00	12.37	1069.55
	2002.39	0.00	12.35	1067.56
	2002.40	0.00	12.34	1066.59
	2002.41	0.00	12.37	1067.57
	2002.42	0.00	12.41	1067.51
	2002.43	0.00	12.40	1053.49
	2002.44	0.00	12.32	1052.61
	2002.46	0.00	12.61	1092.58
	2002.47	0.00	12.87	1104.55
	2002.48	0.00	12.99	1112.49
	2002.49	0.00	13.13	1124.42
	2002.50	0.00	13.25	1132.36
	2002.51	0.00	13.36	1132.27
	2002.53	0.00	13.48	1135.14
	2002.54	0.00	13.48	1127.11
	2002.55	0.00	13.58	1140.05
	2002.56	0.00	13.39	1116.03
	2002.57	0.00	13.39	1103.00
	2002.58	0.00	13.39	1097.97
	2002.59	0.00	13.41	1092.91
	2002.61	0.00	13.45	1102.89
	2002.62	0.00	13.51	1102.86
	2002.63	0.00	13.50	1093.80
	2002.64	0.00	13.39	1085.80
	2002.65	0.00	13.18	1054.81
	2002.67	0.00	12.73	1004.92
	2002.68	0.00	12.50	987.04
	2002.69	0.00	12.27	962.11
	2002.70	0.00	11.77	945.68
	2002.71	0.00	11.57	937.92
	2002.72	0.00	11.43	920.96
	2002.74	0.00	11.42	915.92
	2002.75	0.00	11.44	910.85
	2002.76	0.00	11.43	912.89
	2002.77	0.00	11.42	909.89
	2002.78	0.00	11.39	904.89
	2002.79	0.00	11.40	905.90
	2002.81	0.00	11.38	901.90
	2002.82	0.00	11.39	907.94
	2002.83	0.00	11.38	906.94
	2002.84	0.00	11.39	904.92
	2002.85	0.00	11.40	906.92
	2002.86	0.00	11.42	910.92
	2002.88	0.00	11.42	909.91
	2002.89	0.00	11.44	910.90
	2002.90	0.00	11.45	911.89
	2002.91	0.00	11.40	892.84
	2002.92	0.00	11.41	897.83
	2002.93	0.00	11.42	902.84
	2002.94	0.00	11.44	905.84
	2002.96	0.00	11.48	907.80
	2002.97	0.00	11.48	911.83
	2002.98	0.00	11.48	910.83
	2002.99	0.00	11.48	909.82
	2003.00	0.00	11.50	913.82
	2003.01	0.00	11.51	915.83
	2003.03	0.00	11.51	917.83
	2003.04	0.00	11.50	919.82
	2003.05	0.00	11.50	919.83
	2003.06	0.00	11.49	919.82
	2003.07	0.00	11.50	919.83
	2003.08	0.00	11.51	916.80
	2003.09	0.00	11.56	925.79
	2003.11	0.00	11.57	927.79
	2003.12	0.00	11.58	925.77
	2003.13	0.00	11.56	926.79
	2003.14	0.00	11.55	923.80
	2003.15	0.00	11.56	923.80
	2003.17	0.00	11.55	920.80
	2003.18	0.00	11.57	923.80
	2003.19	0.00	11.35	933.10
	2003.20	0.00	10.85	961.71
	2003.21	0.00	10.15	1095.31
	2003.22	0.00	9.77	1190.63
	2003.23	0.00	9.68	1224.68
	2003.25	0.00	9.76	1230.55
	2003.26	0.00	9.82	1218.45
	2003.27	0.00	10.00	1264.48
	2003.28	0.00	10.10	1309.40
	2003.29	0.00	10.26	1334.40
	2003.31	0.00	10.40	1351.31
	2003.32	0.00	10.54	1376.33
	2003.33	0.00	10.65	1377.26
	2003.34	0.00	10.77	1369.23
	2003.35	0.00	10.87	1351.19
	2003.36	0.00	10.96	1337.19
	2003.38	0.00	11.05	1310.13
	2003.39	0.00	11.17	1291.09
	2003.40	0.00	11.32	1273.03
	2003.41	0.00	11.45	1251.97
	2003.42	0.00	11.60	1230.87
	2003.43	0.00	11.80	1206.70
	2003.44	0.00	11.96	1185.50
	2003.46	0.00	12.23	1184.17
	2003.47	0.00	12.29	1174.06
	2003.48	0.00	12.50	1172.73
	2003.49	0.00	12.59	1161.56
	2003.50	0.00	12.71	1150.35
	2003.52	0.00	12.75	1141.27
	2003.53	0.00	12.72	1122.20
	2003.54	0.00	12.75	1121.18
	2003.55	0.00	12.74	1117.15
	2003.56	0.00	12.75	1114.13
	2003.57	0.00	12.76	1110.12
	2003.59	0.00	12.78	1106.10
	2003.60	0.00	12.80	1107.08
	2003.61	0.00	12.81	1112.07
	2003.62	0.00	12.84	1115.05
	2003.63	0.00	12.83	1112.06
	2003.64	0.00	12.86	1116.05
	2003.66	0.00	12.88	1119.05
	2003.67	0.00	13.14	1146.05
	2003.68	0.00	13.21	1150.06
	2003.69	0.00	13.31	1158.06
	2003.70	0.00	13.52	1177.06
	2003.71	0.00	13.68	1185.03
	2003.73	0.00	13.76	1199.04
	2003.74	0.00	13.76	1198.04
	2003.75	0.00	13.72	1187.02
	2003.76	0.00	13.76	1182.98
	2003.77	0.00	13.81	1182.94
	2003.78	0.00	13.84	1184.88
	2003.80	0.00	13.84	1177.84
	2003.81	0.00	13.64	1156.82
	2003.82	0.00	13.67	1159.78
	2003.83	0.00	13.69	1150.71
	2003.84	0.00	13.64	1147.70
	2003.85	0.00	13.53	1133.72
	2003.86	0.00	13.25	1090.76
	2003.88	0.00	12.80	1036.85
	2003.89	0.00	12.46	1001.00
	2003.90	0.00	12.19	969.15
	2003.91	0.00	11.71	953.70
	2003.92	0.00	11.61	945.78
	2003.94	0.00	11.52	932.82
	2003.95	0.00	11.50	923.79
	2003.96	0.00	11.53	918.73
	2003.97	0.00	11.58	915.66
	2003.98	0.00	11.58	924.71
	2003.99	0.00	11.57	914.65
	2004.01	0.00	11.48	910.74
	2004.02	0.00	11.39	910.86
	2004.03	0.00	11.40	910.88
	2004.04	0.00	11.36	911.91
	2004.05	0.00	11.38	910.89
	2004.06	0.00	11.35	904.90
	2004.07	0.00	11.40	910.88
	2004.09	0.00	11.39	911.90
	2004.10	0.00	11.41	906.89
	2004.11	0.00	11.40	901.88
	2004.12	0.00	11.43	905.87
	2004.13	0.00	11.43	906.87
	2004.15	0.00	11.45	908.86
	2004.16	0.00	11.45	906.85
	2004.17	0.00	11.44	900.80
	2004.18	0.00	11.40	896.83
	2004.19	0.00	11.44	900.79
	2004.20	0.00	11.46	901.79
	2004.21	0.00	11.48	905.78
	2004.23	0.00	11.50	906.77
	2004.24	0.00	11.50	905.76
	2004.25	0.00	11.53	909.75
	2004.26	0.00	11.53	909.74
	2004.27	0.00	11.54	911.74
	2004.28	0.00	11.53	914.73
	2004.30	0.00	11.53	914.74
	2004.31	0.00	11.54	916.73
	2004.32	0.00	11.55	917.73
	2004.33	0.00	11.55	917.73
	2004.34	0.00	11.59	917.68
	2004.35	0.00	11.54	914.72
	2004.37	0.00	11.60	921.68
	2004.38	0.00	11.59	922.70
	2004.39	0.00	11.59	922.70
	2004.40	0.00	11.60	922.69
	2004.41	0.00	11.58	919.71
	2004.42	0.00	11.61	923.69
	2004.44	0.00	11.09	937.42
	2004.45	0.00	10.33	1055.15
	2004.46	0.00	9.81	1215.73
	2004.47	0.00	9.87	1313.75
	2004.48	0.00	9.92	1316.63
	2004.49	0.00	10.10	1319.48
	2004.51	0.00	10.20	1339.43
	2004.52	0.00	10.29	1369.43
	2004.53	0.00	10.59	1452.43
	2004.54	0.00	10.59	1448.42
	2004.55	0.00	10.63	1453.43
	2004.56	0.00	10.73	1479.44
	2004.58	0.00	10.80	1478.43
	2004.59	0.00	10.93	1467.30
	2004.60	0.00	10.94	1441.36
	2004.61	0.00	11.08	1430.33
	2004.62	0.00	11.12	1409.27
	2004.63	0.00	11.18	1393.24
	2004.65	0.00	11.24	1372.20
	2004.66	0.00	11.30	1344.15
	2004.67	0.00	11.39	1326.11
	2004.68	0.00	11.48	1295.04
	2004.69	0.00	11.58	1274.96
	2004.70	0.00	11.66	1257.91
	2004.72	0.00	11.84	1235.74
	2004.73	0.00	12.00	1208.53
	2004.74	0.00	12.21	1204.25
	2004.75	0.00	12.29	1194.11
	2004.76	0.00	12.39	1194.98
	2004.77	0.00	12.45	1188.88
	2004.79	0.00	12.53	1178.71
	2004.80	0.00	12.58	1174.64
	2004.81	0.00	12.62	1166.56
	2004.82	0.00	12.60	1155.55