0.00	11.69	1694.44
	3320.48	0.00	11.69	1695.46
	3320.50	0.00	11.68	1693.46
	3320.51	0.00	11.68	1694.46
	3320.52	0.00	11.69	1693.46
	3320.53	0.00	11.70	1695.46
	3320.54	0.00	11.67	1688.46
	3320.55	0.00	11.68	1692.46
	3320.57	0.00	11.71	1692.40
	3320.58	0.00	11.70	1692.46
	3320.59	0.00	11.69	1692.46
	3320.60	0.00	11.71	1692.41
	3320.61	0.00	11.68	1692.48
	3320.63	0.00	11.66	1692.52
	3320.64	0.00	11.66	1694.53
	3320.65	0.00	11.66	1695.53
	3320.66	0.00	11.68	1696.49
	3320.67	0.00	11.67	1695.50
	3320.68	0.00	11.68	1697.51
	3320.70	0.00	11.66	1693.52
	3320.71	0.00	11.67	1699.53
	3320.72	0.00	11.70	1691.37
	3320.73	0.00	11.78	1700.25
	3320.74	0.00	11.76	1700.28
	3320.75	0.00	11.75	1695.29
	3320.77	0.00	11.75	1696.30
	3320.78	0.00	11.74	1696.31
	3320.79	0.00	11.70	1685.29
	3320.80	0.00	11.66	1684.41
	3320.81	0.00	11.66	1680.45
	3320.82	0.00	11.65	1686.47
	3320.84	0.00	11.58	1661.47
	3320.85	0.00	11.59	1671.50
	3320.86	0.00	11.61	1680.51
	3320.87	0.00	11.63	1677.52
	3320.88	0.00	11.63	1682.53
	3320.90	0.00	11.59	1672.52
	3320.91	0.00	11.63	1683.49
	3320.92	0.00	11.66	1692.46
	3320.93	0.00	11.65	1692.51
	3320.94	0.00	11.63	1697.52
	3320.95	0.00	11.64	1696.47
	3320.97	0.00	11.62	1702.54
	3320.98	0.00	11.63	1706.54
	3320.99	0.00	11.62	1704.54
	3321.00	0.00	11.61	1704.54
	3321.01	0.00	11.61	1707.55
	3321.03	0.00	11.61	1703.51
	3321.04	0.00	11.62	1706.50
	3321.05	0.00	11.62	1707.49
	3321.06	0.00	11.62	1706.49
	3321.07	0.00	11.62	1708.50
	3321.08	0.00	11.61	1708.49
	3321.10	0.00	11.59	1702.49
	3321.11	0.00	11.59	1704.51
	3321.12	0.00	11.61	1703.50
	3321.13	0.00	11.59	1703.50
	3321.14	0.00	11.59	1704.49
	3321.15	0.00	11.58	1699.50
	3321.17	0.00	11.58	1701.49
	3321.18	0.00	11.59	1702.49
	3321.19	0.00	11.59	1701.48
	3321.20	0.00	11.60	1703.50
	3321.21	0.00	11.58	1702.52
	3321.23	0.00	11.57	1702.55
	3321.24	0.00	11.57	1703.57
	3321.25	0.00	11.58	1703.56
	3321.26	0.00	11.57	1703.57
	3321.27	0.00	11.59	1703.52
	3321.28	0.00	11.59	1704.52
	3321.30	0.00	11.59	1708.55
	3321.31	0.00	11.58	1706.56
	3321.32	0.00	11.57	1706.56
	3321.33	0.00	11.71	1707.22
	3321.34	0.00	11.67	1709.31
	3321.36	0.00	11.66	1704.32
	3321.37	0.00	11.66	1704.33
	3321.38	0.00	11.66	1707.33
	3321.39	0.00	11.67	1695.22
	3321.40	0.00	11.59	1694.39
	3321.41	0.00	11.58	1695.46
	3321.43	0.00	11.56	1688.49
	3321.44	0.00	11.58	1693.50
	3321.45	0.00	11.50	1672.51
	3321.46	0.00	11.52	1683.55
	3321.47	0.00	11.56	1682.54
	3321.49	0.00	11.55	1683.55
	3321.50	0.00	11.55	1685.55
	3321.51	0.00	11.54	1685.56
	3321.52	0.00	11.57	1690.52
	3321.53	0.00	11.57	1693.53
	3321.54	0.00	11.58	1697.54
	3321.56	0.00	11.59	1699.52
	3321.57	0.00	11.56	1694.52
	3321.58	0.00	11.57	1703.55
	3321.59	0.00	11.56	1702.56
	3321.60	0.00	11.56	1703.58
	3321.61	0.00	11.58	1705.56
	3321.63	0.00	11.57	1701.53
	3321.64	0.00	11.58	1704.51
	3321.65	0.00	11.59	1705.50
	3321.66	0.00	11.60	1706.50
	3321.67	0.00	11.58	1703.50
	3321.69	0.00	11.59	1706.50
	3321.70	0.00	11.56	1698.50
	3321.71	0.00	11.56	1702.50
	3321.72	0.00	11.58	1701.50
	3321.73	0.00	11.57	1700.50
	3321.75	0.00	11.57	1703.50
	3321.76	0.00	11.55	1693.50
	3321.77	0.00	11.56	1695.50
	3321.78	0.00	11.55	1692.49
	3321.79	0.00	11.57	1698.50
	3321.80	0.00	11.59	1696.45
	3321.82	0.00	11.55	1698.54
	3321.83	0.00	11.55	1697.55
	3321.84	0.00	11.55	1701.57
	3321.85	0.00	11.54	1698.57
	3321.86	0.00	11.55	1699.54
	3321.87	0.00	11.58	1698.49
	3321.89	0.00	11.57	1700.54
	3321.90	0.00	11.56	1699.56
	3321.91	0.00	11.56	1701.56
	3321.92	0.00	11.58	1693.44
	3321.93	0.00	11.67	1704.28
	3321.94	0.00	11.66	1704.31
	3321.96	0.00	11.68	1703.28
	3321.97	0.00	11.65	1699.33
	3321.98	0.00	11.64	1699.34
	3321.99	0.00	11.65	1688.23
	3322.00	0.00	11.57	1691.43
	3322.01	0.00	11.57	1686.47
	3322.03	0.00	11.56	1687.49
	3322.04	0.00	11.56	1688.50
	3322.05	0.00	11.53	1676.49
	3322.06	0.00	11.50	1667.50
	3322.07	0.00	11.52	1678.53
	3322.09	0.00	11.54	1676.54
	3322.10	0.00	11.54	1682.57
	3322.11	0.00	11.53	1679.54
	3322.12	0.00	11.57	1690.52
	3322.13	0.00	11.58	1695.53
	3322.14	0.00	11.59	1695.52
	3322.16	0.00	11.58	1702.54
	3322.17	0.00	11.58	1698.54
	3322.18	0.00	11.57	1697.53
	3322.19	0.00	11.58	1704.55
	3322.20	0.00	11.58	1700.56
	3322.22	0.00	11.57	1702.56
	3322.23	0.00	11.57	1706.58
	3322.24	0.00	11.57	1699.52
	3322.25	0.00	11.60	1705.50
	3322.26	0.00	11.60	1704.50
	3322.27	0.00	11.60	1702.52
	3322.29	0.00	11.60	1703.49
	3322.30	0.00	11.61	1705.49
	3322.31	0.00	11.58	1698.49
	3322.32	0.00	11.58	1698.49
	3322.33	0.00	11.58	1696.49
	3322.34	0.00	11.59	1697.49
	3322.36	0.00	11.57	1691.49
	3322.37	0.00	11.59	1697.49
	3322.38	0.00	11.58	1697.49
	3322.39	0.00	11.59	1697.49
	3322.40	0.00	11.59	1695.49
	3322.42	0.00	11.59	1697.50
	3322.43	0.00	11.58	1698.54
	3322.44	0.00	11.57	1696.55
	3322.45	0.00	11.57	1698.56
	3322.46	0.00	11.56	1697.56
	3322.47	0.00	11.59	1700.51
	3322.49	0.00	11.59	1699.52
	3322.50	0.00	11.58	1700.55
	3322.51	0.00	11.58	1701.55
	3322.52	0.00	11.58	1702.55
	3322.53	0.00	11.69	1702.26
	3322.55	0.00	11.70	1705.26
	3322.56	0.00	11.68	1707.30
	3322.57	0.00	11.68	1702.31
	3322.58	0.00	11.65	1699.33
	3322.59	0.00	11.67	1695.25
	3322.60	0.00	11.61	1693.37
	3322.62	0.00	11.57	1692.45
	3322.63	0.00	11.58	1685.48
	3322.64	0.00	11.59	1690.46
	3322.65	0.00	11.59	1690.47
	3322.66	0.00	11.51	1667.49
	3322.68	0.00	11.52	1680.53
	3322.69	0.00	11.54	1676.55
	3322.70	0.00	11.56	1683.54
	3322.71	0.00	11.56	1686.55
	3322.72	0.00	11.57	1689.51
	3322.73	0.00	11.59	1696.52
	3322.75	0.00	11.59	1694.53
	3322.76	0.00	11.58	1699.54
	3322.77	0.00	11.58	1695.50
	3322.78	0.00	11.58	1701.53
	3322.79	0.00	11.58	1703.54
	3322.80	0.00	11.57	1706.56
	3322.82	0.00	11.58	1705.55
	3322.83	0.00	11.58	1709.56
	3322.84	0.00	11.57	1708.56
	3322.85	0.00	11.58	1705.51
	3322.86	0.00	11.59	1706.50
	3322.87	0.00	11.60	1709.50
	3322.89	0.00	11.60	1706.49
	3322.90	0.00	11.60	1708.50
	3322.91	0.00	11.57	1701.51
	3322.92	0.00	11.58	1702.49
	3322.93	0.00	11.58	1700.49
	3322.95	0.00	11.58	1699.49
	3322.96	0.00	11.57	1697.49
	3322.97	0.00	11.58	1701.49
	3322.98	0.00	11.56	1694.49
	3322.99	0.00	11.58	1698.49
	3323.00	0.00	11.58	1698.49
	3323.02	0.00	11.58	1698.49
	3323.03	0.00	11.58	1698.49
	3323.04	0.00	11.58	1698.51
	3323.05	0.00	11.56	1696.53
	3323.06	0.00	11.56	1697.55
	3323.08	0.00	11.56	1699.56
	3323.09	0.00	11.56	1701.58
	3323.10	0.00	11.57	1697.52
	3323.11	0.00	11.57	1702.54
	3323.12	0.00	11.57	1701.55
	3323.13	0.00	11.56	1702.57
	3323.15	0.00	11.57	1705.56
	3323.16	0.00	11.65	1701.32
	3323.17	0.00	11.68	1705.28
	3323.18	0.00	11.68	1707.29
	3323.19	0.00	11.66	1703.32
	3323.20	0.00	11.65	1703.33
	3323.22	0.00	11.64	1691.25
	3323.23	0.00	11.57	1692.42
	3323.24	0.00	11.56	1695.45
	3323.25	0.00	11.56	1693.46
	3323.26	0.00	11.57	1689.47
	3323.28	0.00	11.57	1694.50
	3323.29	0.00	11.49	1673.50
	3323.30	0.00	11.51	1683.53
	3323.31	0.00	11.56	1682.48
	3323.32	0.00	11.54	1687.55
	3323.33	0.00	11.55	1689.55
	3323.35	0.00	11.51	1676.52
	3323.36	0.00	11.56	1696.52
	3323.37	0.00	11.56	1703.54
	3323.38	0.00	11.56	1701.55
	3323.39	0.00	11.55	1702.55
	3323.41	0.00	11.55	1703.53
	3323.42	0.00	11.55	1710.57
	3323.43	0.00	11.55	1710.57
	3323.44	0.00	11.55	1710.58
	3323.45	0.00	11.56	1711.53
	3323.46	0.00	11.54	1713.59
	3323.48	0.00	11.55	1709.54
	3323.49	0.00	11.55	1711.53
	3323.50	0.00	11.56	1713.53
	3323.51	0.00	11.56	1712.52
	3323.52	0.00	11.56	1711.52
	3323.53	0.00	11.53	1703.52
	3323.55	0.00	11.54	1706.52
	3323.56	0.00	11.52	1708.52
	3323.57	0.00	11.53	1709.52
	3323.58	0.00	11.52	1708.54
	3323.59	0.00	11.49	1696.52
	3323.61	0.00	11.52	1704.52
	3323.62	0.00	11.52	1704.52
	3323.63	0.00	11.52	1707.53
	3323.64	0.00	11.52	1706.52
	3323.65	0.00	11.53	1706.51
	3323.66	0.00	11.51	1707.57
	3323.68	0.00	11.50	1707.57
	3323.69	0.00	11.50	1709.59
	3323.70	0.00	11.49	1709.60
	3323.71	0.00	11.52	1710.55
	3323.72	0.00	11.50	1710.59
	3323.74	0.00	11.50	1714.58
	3323.75	0.00	11.49	1711.59
	3323.76	0.00	11.48	1712.60
	3323.77	0.00	11.56	1704.33
	3323.78	0.00	11.59	1718.33
	3323.79	0.00	11.58	1713.36
	3323.81	0.00	11.58	1712.36
	3323.82	0.00	11.56	1714.37
	3323.83	0.00	11.56	1714.37
	3323.84	0.00	11.55	1702.31
	3323.85	0.00	11.48	1703.46
	3323.86	0.00	11.48	1697.51
	3323.88	0.00	11.48	1701.53
	3323.89	0.00	11.42	1679.51
	3323.90	0.00	11.41	1686.56
	3323.91	0.00	11.44	1696.58
	3323.92	0.00	11.46	1692.58
	3323.93	0.00	11.46	1696.59
	3323.95	0.00	11.45	1699.61
	3323.96	0.00	11.48	1703.56
	3323.97	0.00	11.49	1709.57
	3323.98	0.00	11.48	1707.58
	3324.00	0.00	11.47	1709.60
	3324.01	0.00	11.48	1714.58
	3324.02	0.00	11.47	1707.54
	3324.03	0.00	11.47	1716.59
	3324.04	0.00	11.46	1713.60
	3324.05	0.00	11.48	1718.60
	3324.06	0.00	11.47	1720.60
	3324.08	0.00	11.47	1717.56
	3324.09	0.00	11.48	1718.55
	3324.10	0.00	11.49	1718.55
	3324.11	0.00	11.49	1719.54
	3324.12	0.00	11.49	1721.54
	3324.14	0.00	11.49	1723.54
	3324.15	0.00	11.47	1716.54
	3324.16	0.00	11.47	1715.54
	3324.17	0.00	11.48	1714.54
	3324.18	0.00	11.48	1719.54
	3324.19	0.00	11.47	1716.54
	3324.21	0.00	11.46	1712.54
	3324.22	0.00	11.46	1713.56
	3324.23	0.00	11.48	1717.54
	3324.24	0.00	11.48	1716.54
	3324.25	0.00	11.51	1715.44
	3324.26	0.00	11.46	1714.58
	3324.28	0.00	11.46	1716.59
	3324.29	0.00	11.46	1716.60
	3324.30	0.00	11.46	1717.61
	3324.31	0.00	11.42	1706.61
	3324.32	0.00	11.48	1718.56
	3324.34	0.00	11.47	1718.58
	3324.35	0.00	11.47	1718.59
	3324.36	0.00	11.47	1719.60
	3324.37	0.00	11.46	1714.57
	3324.38	0.00	11.58	1722.32
	3324.39	0.00	11.57	1726.36
	3324.41	0.00	11.56	1719.36
	3324.42	0.00	11.56	1720.37
	3324.43	0.00	11.55	1719.37
	3324.44	0.00	11.54	1707.31
	3324.45	0.00	11.48	1709.46
	3324.47	0.00	11.48	1703.51
	3324.48	0.00	11.48	1707.53
	3324.49	0.00	11.41	1685.52
	3324.50	0.00	11.43	1695.56
	3324.51	0.00	11.45	1698.58
	3324.52	0.00	11.46	1696.58
	3324.54	0.00	11.48	1699.56
	3324.55	0.00	11.46	1705.59
	3324.56	0.00	11.45	1699.55
	3324.57	0.00	11.49	1714.56
	3324.58	0.00	11.50	1711.57
	3324.60	0.00	11.47	1710.58
	3324.61	0.00	11.48	1718.58
	3324.62	0.00	11.48	1720.58
	3324.63	0.00	11.47	1720.59
	3324.64	0.00	11.48	1724.59
	3324.65	0.00	11.48	1724.60
	3324.67	0.00	11.47	1726.60
	3324.68	0.00	11.46	1720.57
	3324.69	0.00	11.48	1723.55
	3324.70	0.00	11.48	1725.55
	3324.71	0.00	11.47	1729.57
	3324.72	0.00	11.48	1727.55
	3324.74	0.00	11.48	1728.55
	3324.75	0.00	11.47	1725.55
	3324.76	0.00	11.45	1722.56
	3324.77	0.00	11.45	1722.55
	3324.78	0.00	11.46	1724.55
	3324.79	0.00	11.46	1724.55
	3324.81	0.00	11.44	1722.56
	3324.82	0.00	11.42	1714.55
	3324.83	0.00	11.44	1721.55
	3324.84	0.00	11.45	1723.55
	3324.85	0.00	11.45	1727.55
	3324.87	0.00	11.45	1725.55
	3324.88	0.00	11.42	1724.60
	3324.89	0.00	11.42	1726.62
	3324.90	0.00	11.42	1729.62
	3324.91	0.00	11.42	1732.63
	3324.92	0.00	11.42	1730.63
	3324.94	0.00	11.43	1731.59
	3324.95	0.00	11.42	1732.61
	3324.96	0.00	11.42	1730.62
	3324.97	0.00	11.41	1732.63
	3324.98	0.00	11.50	1733.38
	3325.00	0.00	11.52	1735.34
	3325.01	0.00	11.51	1739.37
	3325.02	0.00	11.50	1734.39
	3325.03	0.00	11.48	1735.42
	3325.04	0.00	11.48	1731.37
	3325.05	0.00	11.42	1726.44
	3325.07	0.00	11.39	1727.53
	3325.08	0.00	11.39	1724.56
	3325.09	0.00	11.38	1726.57
	3325.10	0.00	11.33	1705.54
	3325.11	0.00	11.32	1710.59
	3325.12	0.00	11.35	1721.61
	3325.14	0.00	11.39	1719.62
	3325.15	0.00	11.38	1723.62
	3325.16	0.00	11.36	1715.58
	3325.17	0.00	11.40	1733.62
	3325.18	0.00	11.41	1731.61
	3325.20	0.00	11.41	1733.61
	3325.21	0.00	11.39	1738.62
	3325.22	0.00	11.38	1734.61
	3325.23	0.00	11.38	1741.63
	3325.24	0.00	11.39	1744.64
	3325.25	0.00	11.38	1743.65
	3325.27	0.00	11.39	1745.64
	3325.28	0.00	11.38	1742.60
	3325.29	0.00	11.40	1745.59
	3325.30	0.00	11.39	1744.60
	3325.31	0.00	11.40	1744.58
	3325.33	0.00	11.40	1744.58
	3325.34	0.00	11.38	1737.58
	3325.35	0.00	11.38	1737.57
	3325.36	0.00	11.39	1740.58
	3325.37	0.00	11.37	1738.58
	3325.38	0.00	11.37	1737.58
	3325.40	0.00	11.37	1733.56
	3325.41	0.00	11.36	1736.58
	3325.42	0.00	11.37	1738.58
	3325.43	0.00	11.37	1737.58
	3325.44	0.00	11.44	1737.42
	3325.45	0.00	11.36	1736.61
	3325.47	0.00	11.36	1736.63
	3325.48	0.00	11.36	1735.6.0	11.05	1707.65
	3348.78	0.00	11.05	1707.65
07	1707.60
	3348.75	0.00	11.06	1708.63
	3348.76	0.00	11.05	1706.64
	3348.77	0.00	11.05	1707.65
	3348.78	0.00	11.05	1707.65
07	1707.60
	3348.75	0.00	11.06	1708.63
	3348.76	0.00	11.05	1706.64
	3348.77	0.00	11.05	1707.65
	3348.78	0.00	11.05	1707.65
	3348.80	0.00	11.04	1705.66
	3348.81	0.00	11.04	1707.66
	3348.82	0.00	11.05	1708.66
	3348.83	0.00	11.06	1708.63
	3348.84	0.00	11.06	1710.63
	3348.85	0.00	11.06	1709.64
	3348.87	0.00	11.05	1709.65
	3348.88	0.00	11.05	1710.65
	3348.89	0.00	11.05	1710.65
	3348.90	0.00	11.05	1709.66
	3348.91	0.00	11.05	1712.66
	3348.93	0.00	11.15	1711.38
	3348.94	0.00	11.15	1715.39
	3348.95	0.00	11.14	1714.41
	3348.96	0.00	11.12	1708.42
	3348.97	0.00	11.11	1710.43
	3348.98	0.00	11.11	1708.43
	3349.00	0.00	11.09	1703.43
	3349.01	0.00	11.08	1701.43
	3349.02	0.00	11.05	1712.40
	3349.03	0.00	11.01	1694.53
	3349.04	0.00	10.99	1690.58
	3349.06	0.00	11.00	1687.60
	3349.07	0.00	11.01	1693.60
	3349.08	0.00	10.98	1690.62
	3349.09	0.00	10.93	1673.61
	3349.10	0.00	10.93	1674.62
	3349.11	0.00	10.93	1676.63
	3349.13	0.00	10.95	1685.65
	3349.14	0.00	10.98	1680.65
	3349.15	0.00	11.00	1681.65
	3349.16	0.00	10.99	1682.65
	3349.17	0.00	11.01	1682.61
	3349.18	0.00	10.99	1683.66
	3349.20	0.00	10.97	1678.64
	3349.21	0.00	11.01	1688.62
	3349.22	0.00	11.03	1694.63
	3349.23	0.00	11.03	1694.63
	3349.24	0.00	11.03	1695.64
	3349.26	0.00	11.03	1698.64
	3349.27	0.00	11.02	1697.64
	3349.28	0.00	11.02	1697.63
	3349.29	0.00	11.03	1699.62
	3349.30	0.00	11.02	1700.65
	3349.31	0.00	11.02	1701.65
	3349.33	0.00	11.01	1701.66
	3349.34	0.00	11.01	1702.66
	3349.35	0.00	11.01	1703.66
	3349.36	0.00	11.01	1696.62
	3349.37	0.00	11.02	1700.61
	3349.39	0.00	11.02	1702.62
	3349.40	0.00	11.02	1702.62
	3349.41	0.00	11.01	1700.61
	3349.42	0.00	11.02	1701.61
	3349.43	0.00	11.02	1700.60
	3349.44	0.00	11.01	1698.61
	3349.46	0.00	11.00	1695.60
	3349.47	0.00	11.00	1694.60
	3349.48	0.00	11.01	1695.60
	3349.49	0.00	11.01	1694.61
	3349.50	0.00	10.99	1686.60
	3349.52	0.00	11.01	1695.60
	3349.53	0.00	11.01	1693.60
	3349.54	0.00	10.99	1689.61
	3349.55	0.00	11.01	1691.60
	3349.56	0.00	11.01	1692.60
	3349.57	0.00	11.01	1691.60
	3349.59	0.00	11.01	1692.60
	3349.60	0.00	11.01	1691.61
	3349.61	0.00	11.01	1694.61
	3349.62	0.00	11.01	1696.60
	3349.63	0.00	10.98	1696.66
	3349.64	0.00	10.98	1699.68
	3349.66	0.00	10.98	1702.69
	3349.67	0.00	10.97	1704.70
	3349.68	0.00	10.96	1706.71
	3349.69	0.00	10.96	1710.72
	3349.70	0.00	10.97	1711.69
	3349.71	0.00	10.97	1713.69
	3349.73	0.00	10.95	1712.71
	3349.74	0.00	10.95	1713.72
	3349.75	0.00	10.95	1715.72
	3349.76	0.00	10.93	1713.74
	3349.77	0.00	10.94	1718.74
	3349.79	0.00	10.94	1720.74
	3349.80	0.00	11.05	1720.46
	3349.81	0.00	11.04	1723.47
	3349.82	0.00	11.04	1722.50
	3349.83	0.00	11.01	1718.52
	3349.85	0.00	11.02	1721.51
	3349.86	0.00	11.01	1719.52
	3349.87	0.00	11.02	1721.51
	3349.88	0.00	11.00	1708.45
	3349.89	0.00	10.96	1709.54
	3349.90	0.00	10.92	1711.64
	3349.92	0.00	10.95	1706.62
	3349.93	0.00	10.91	1701.68
	3349.94	0.00	10.92	1710.69
	3349.95	0.00	10.93	1711.69
	3349.96	0.00	10.87	1692.67
	3349.98	0.00	10.86	1694.71
	3349.99	0.00	10.88	1702.73
	3350.00	0.00	10.89	1701.74
	3350.01	0.00	10.91	1701.74
	3350.02	0.00	10.90	1702.76
	3350.03	0.00	10.90	1705.75
	3350.05	0.00	10.89	1706.75
	3350.06	0.00	10.89	1708.72
	3350.07	0.00	10.92	1719.73
	3350.08	0.00	10.92	1724.74
	3350.09	0.00	10.91	1721.75
	3350.11	0.00	10.89	1727.75
	3350.12	0.00	10.87	1725.78
	3350.13	0.00	10.88	1726.72
	3350.14	0.00	10.87	1730.75
	3350.15	0.00	10.87	1737.77
	3350.16	0.00	10.86	1738.78
	3350.18	0.00	10.87	1738.78
	3350.19	0.00	10.86	1738.78
	3350.20	0.00	10.87	1739.78
	3350.21	0.00	10.87	1737.76
	3350.22	0.00	10.87	1736.73
	3350.23	0.00	10.87	1738.73
	3350.25	0.00	10.87	1738.73
	3350.26	0.00	10.89	1735.72
	3350.27	0.00	10.89	1736.73
	3350.28	0.00	10.89	1736.72
	3350.29	0.00	10.87	1730.72
	3350.30	0.00	10.87	1730.72
	3350.32	0.00	10.87	1729.72
	3350.33	0.00	10.88	1730.71
	3350.34	0.00	10.88	1728.71
	3350.35	0.00	10.88	1729.71
	3350.36	0.00	10.87	1727.73
	3350.38	0.00	10.87	1725.71
	3350.39	0.00	10.88	1724.71
	3350.40	0.00	10.88	1725.71
	3350.41	0.00	10.88	1722.71
	3350.42	0.00	10.89	1722.71
	3350.43	0.00	10.89	1723.71
	3350.45	0.00	10.91	1722.65
	3350.46	0.00	10.87	1721.75
	3350.47	0.00	10.89	1722.76
	3350.48	0.00	10.88	1720.76
	3350.50	0.00	10.88	1721.77
	3350.51	0.00	10.89	1721.78
	3350.52	0.00	10.90	1723.77
	3350.53	0.00	10.90	1720.77
	3350.54	0.00	10.91	1719.72
	3350.55	0.00	10.95	1722.66
	3350.56	0.00	10.93	1723.74
	3350.58	0.00	10.92	1720.75
	3350.59	0.00	10.92	1722.75
	3350.60	0.00	10.92	1722.76
	3350.61	0.00	10.89	1708.75
	3350.62	0.00	10.98	1717.58
	3350.64	0.00	11.04	1722.45
	3350.65	0.00	11.04	1725.50
	3350.66	0.00	11.05	1721.49
	3350.67	0.00	11.02	1717.50
	3350.68	0.00	11.03	1720.50
	3350.69	0.00	11.01	1706.42
	3350.71	0.00	10.96	1707.59
	3350.72	0.00	10.96	1708.61
	3350.73	0.00	10.97	1702.64
	3350.74	0.00	10.96	1704.67
	3350.75	0.00	10.93	1695.67
	3350.77	0.00	10.91	1684.67
	3350.78	0.00	10.93	1696.69
	3350.79	0.00	10.96	1697.70
	3350.80	0.00	10.95	1697.71
	3350.81	0.00	10.97	1694.70
	3350.82	0.00	10.97	1699.71
	3350.84	0.00	10.97	1699.71
	3350.85	0.00	10.98	1702.69
	3350.86	0.00	11.02	1710.68
	3350.87	0.00	11.03	1711.68
	3350.88	0.00	11.02	1709.69
	3350.89	0.00	11.03	1716.65
	3350.91	0.00	11.02	1713.66
	3350.92	0.00	11.03	1709.64
	3350.93	0.00	11.04	1715.67
	3350.94	0.00	11.05	1716.68
	3350.95	0.00	11.05	1714.68
	3350.97	0.00	11.06	1712.68
	3350.98	0.00	11.07	1716.68
	3350.99	0.00	11.07	1716.69
	3351.00	0.00	11.07	1716.69
	3351.01	0.00	11.06	1712.68
	3351.02	0.00	11.07	1711.65
	3351.04	0.00	11.08	1712.63
	3351.05	0.00	11.09	1714.63
	3351.06	0.00	11.10	1712.62
	3351.07	0.00	11.10	1711.62
	3351.08	0.00	11.10	1711.62
	3351.10	0.00	11.10	1708.62
	3351.11	0.00	11.10	1724.61
	3351.12	0.00	11.09	1696.60
	3351.13	0.00	11.09	1719.61
	3351.14	0.00	11.10	1719.60
	3351.15	0.00	11.11	1715.58
	3351.17	0.00	11.09	1692.60
	3351.18	0.00	11.09	1694.60
	3351.19	0.00	11.10	1694.60
	3351.20	0.00	11.09	1693.60
	3351.21	0.00	11.10	1693.59
	3351.22	0.00	11.09	1687.59
	3351.24	0.00	11.10	1686.58
	3351.25	0.00	11.11	1687.57
	3351.26	0.00	11.10	1686.58
	3351.27	0.00	11.09	1680.58
	3351.28	0.00	11.12	1686.58
	3351.30	0.00	11.12	1708.57
	3351.31	0.00	11.12	1686.58
	3351.32	0.00	11.13	1680.52
	3351.33	0.00	11.12	1686.60
	3351.34	0.00	11.12	1684.62
	3351.35	0.00	11.13	1684.61
	3351.37	0.00	11.12	1683.63
	3351.38	0.00	11.11	1683.63
	3351.39	0.00	11.12	1683.63
	3351.40	0.00	11.13	1682.64
	3351.41	0.00	11.12	1682.65
	3351.43	0.00	11.15	1701.59
	3351.44	0.00	11.15	1701.61
	3351.45	0.00	11.15	1681.62
	3351.46	0.00	11.16	1701.59
	3351.47	0.00	11.16	1682.63
	3351.48	0.00	11.16	1678.63
	3351.50	0.00	11.16	1698.63
	3351.51	0.00	11.16	1702.63
	3351.52	0.00	11.26	1700.36
	3351.53	0.00	11.27	1701.36
	3351.54	0.00	11.27	1703.38
	3351.56	0.00	11.26	1677.39
	3351.57	0.00	11.23	1679.41
	3351.58	0.00	11.25	1702.39
	3351.59	0.00	11.25	1680.40
	3351.60	0.00	11.23	1698.40
	3351.61	0.00	11.23	1667.33
	3351.63	0.00	11.17	1688.48
	3351.64	0.00	11.17	1669.53
	3351.65	0.00	11.17	1661.55
	3351.66	0.00	11.17	1663.56
	3351.67	0.00	11.18	1664.57
	3351.68	0.00	11.19	1665.56
	3351.70	0.00	11.18	1665.57
	3351.71	0.00	11.11	1644.57
	3351.72	0.00	11.13	1656.61
	3351.73	0.00	11.15	1663.62
	3351.74	0.00	11.17	1657.62
	3351.75	0.00	11.17	1662.63
	3351.77	0.00	11.17	1663.63
	3351.78	0.00	11.17	1665.64
	3351.79	0.00	11.12	1650.61
	3351.80	0.00	11.17	1673.62
	3351.81	0.00	11.19	1679.64
	3351.83	0.00	11.20	1681.64
	3351.84	0.00	11.17	1680.65
	3351.85	0.00	11.18	1688.66
	3351.86	0.00	11.19	1688.61
	3351.87	0.00	11.18	1692.66
	3351.88	0.00	11.19	1694.65
	3351.90	0.00	11.20	1698.66
	3351.91	0.00	11.21	1698.67
	3351.92	0.00	11.22	1705.68
	3351.93	0.00	11.23	1707.67
	3351.94	0.00	11.24	1704.63
	3351.96	0.00	11.26	1708.62
	3351.97	0.00	11.27	1709.61
	3351.98	0.00	11.27	1708.61
	3351.99	0.00	11.26	1708.61
	3352.00	0.00	11.26	1702.60
	3352.01	0.00	11.25	1701.60
	3352.03	0.00	11.26	1702.60
	3352.04	0.00	11.24	1692.60
	3352.05	0.00	11.25	1699.60
	3352.06	0.00	11.25	1698.60
	3352.07	0.00	11.25	1693.57
	3352.08	0.00	11.24	1699.60
	3352.10	0.00	11.24	1698.60
	3352.11	0.00	11.24	1699.60
	3352.12	0.00	11.26	1698.57
	3352.13	0.00	11.22	1698.64
	3352.14	0.00	11.22	1699.65
	3352.16	0.00	11.21	1696.66
	3352.17	0.00	11.21	1700.67
	3352.18	0.00	11.21	1699.67
	3352.19	0.00	11.23	1700.62
	3352.20	0.00	11.22	1704.65
	3352.21	0.00	11.21	1704.66
	3352.23	0.00	11.21	1707.67
	3352.24	0.00	11.32	1708.37
	3352.25	0.00	11.32	1710.37
	3352.26	0.00	11.32	1710.39
	3352.27	0.00	11.31	1712.42
	3352.29	0.00	11.29	1708.43
	3352.30	0.00	11.29	1712.44
	3352.31	0.00	11.26	1702.43
	3352.32	0.00	11.21	1705.56
	3352.33	0.00	11.21	1700.61
	3352.34	0.00	11.22	1710.62
	3352.36	0.00	11.22	1713.62
	3352.37	0.00	11.15	1692.62
	3352.38	0.00	11.17	1707.66
	3352.39	0.00	11.22	1708.67
	3352.40	0.00	11.22	1712.67
	3352.42	0.00	11.20	1708.64
	3352.43	0.00	11.25	1725.66
	3352.44	0.00	11.26	1732.65
	3352.45	0.00	11.28	1736.65
	3352.46	0.00	11.28	1737.66
	3352.47	0.00	11.28	1743.67
	3352.49	0.00	11.26	1743.66
	3352.50	0.00	11.28	1751.68
	3352.51	0.00	11.29	1752.68
	3352.52	0.00	11.29	1756.68
	3352.53	0.00	11.30	1762.70
	3352.54	0.00	11.32	1765.68
	3352.56	0.00	11.33	1764.64
	3352.57	0.00	11.36	1770.63
	3352.58	0.00	11.41	1777.56
	3352.59	0.00	11.40	1778.62
	3352.60	0.00	11.42	1777.61
	3352.61	0.00	11.43	1775.61
	3352.63	0.00	11.48	1779.54
	3352.64	0.00	11.48	1778.60
	3352.65	0.00	11.51	1779.60
	3352.66	0.00	11.53	1781.59
	3352.67	0.00	11.56	1782.55
	3352.69	0.00	11.54	1778.59
	3352.70	0.00	11.57	1784.58
	3352.71	0.00	11.58	1783.58
	3352.72	0.00	11.60	1787.58
	3352.73	0.00	11.60	1787.61
	3352.75	0.00	11.58	1780.62
	3352.76	0.00	11.61	1791.63
	3352.77	0.00	11.62	1793.64
	3352.78	0.00	11.62	1789.64
	3352.79	0.00	11.64	1798.64
	3352.80	0.00	11.68	1801.59
	3352.82	0.00	11.69	1803.60
	3352.83	0.00	11.69	1804.62
	3352.84	0.00	11.71	1811.61
	3352.85	0.00	11.70	1807.61
	3352.86	0.00	11.70	1809.61
	3352.88	0.00	11.84	1814.30
	3352.89	0.00	11.82	1814.34
	3352.90	0.00	11.81	1807.36
	3352.91	0.00	11.80	1805.37
	3352.92	0.00	11.75	1792.43
	3352.93	0.00	11.72	1795.52
	3352.95	0.00	11.73	1796.53
	3352.96	0.00	11.75	1791.55
	3352.97	0.00	11.77	1797.55
	3352.98	0.00	11.75	1784.50
	3352.99	0.00	11.75	1787.54
	3353.00	0.00	11.75	1791.54
	3353.02	0.00	11.78	1786.54
	3353.03	0.00	11.82	1786.44
	3353.04	0.00	11.78	1790.54
	3353.05	0.00	11.78	1785.51
	3353.06	0.00	11.81	1798.51
	3353.07	0.00	11.82	1801.53
	3353.09	0.00	11.81	1798.53
	3353.10	0.00	11.79	1802.53
	3353.11	0.00	11.78	1799.49
	3353.12	0.00	11.78	1803.54
	3353.13	0.00	11.78	1805.55
	3353.15	0.00	11.78	1800.54
	3353.16	0.00	11.79	1800.54
	3353.17	0.00	11.79	1798.54
	3353.18	0.00	11.78	1790.50
	3353.19	0.00	11.80	1793.49
	3353.20	0.00	11.80	1788.48
	3353.22	0.00	11.81	1785.47
	3353.23	0.00	11.80	1784.48
	3353.24	0.00	11.81	1780.47
	3353.25	0.00	11.78	1769.47
	3353.26	0.00	11.77	1766.47
	3353.28	0.00	11.78	1768.47
	3353.29	0.00	11.78	1763.46
	3353.30	0.00	11.77	1759.46
	3353.31	0.00	11.77	1755.45
	3353.32	0.00	11.76	1751.47
	3353.33	0.00	11.77	1753.45
	3353.35	0.00	11.77	1751.45
	3353.36	0.00	11.76	1749.45
	3353.37	0.00	11.77	1749.46
	3353.38	0.00	11.78	1749.42
	3353.39	0.00	11.74	1747.49
	3353.40	0.00	11.74	1748.51
	3353.42	0.00	11.73	1747.53
	3353.43	0.00	11.72	1747.53
	3353.44	0.00	11.72	1746.53
	3353.45	0.00	11.71	1741.54
	3353.46	0.00	11.72	1745.50
	3353.48	0.00	11.72	1745.52
	3353.49	0.00	11.70	1740.53
	3353.50	0.00	11.69	1740.53
	3353.51	0.00	11.68	1739.55
	3353.52	0.00	11.71	1740.45
	3353.53	0.00	11.77	1737.27
	3353.55	0.00	11.76	1742.29
	3353.56	0.00	11.72	1736.31
	3353.57	0.00	11.71	1736.33
	3353.58	0.00	11.69	1741.35
	3353.59	0.00	11.67	1726.26
	3353.61	0.00	11.59	1727.42
	3353.62	0.00	11.55	1730.51
	3353.63	0.00	11.54	1728.54
	3353.64	0.00	11.52	1730.57
	3353.65	0.00	11.50	1736.59
	3353.66	0.00	11.42	1714.58
	3353.68	0.00	11.41	1724.62
	3353.69	0.00	11.42	1735.64
	3353.70	0.00	11.44	1731.65
	3353.71	0.00	11.43	1735.66
	3353.72	0.00	11.41	1732.62
	3353.73	0.00	11.41	1739.64
	3353.75	0.00	11.41	1746.66
	3353.76	0.00	11.41	1744.67
	3353.77	0.00	11.38	1753.68
	3353.78	0.00	11.38	1771.67
	3353.79	0.00	11.37	1780.70
	3353.80	0.00	11.37	1764.70
	3353.82	0.00	11.36	1787.71
	3353.83	0.00	11.36	1793.72
	3353.84	0.00	11.36	1776.70
	3353.85	0.00	11.35	1796.68
	3353.86	0.00	11.36	1785.67
	3353.88	0.00	11.35	1789.70
	3353.89	0.00	11.35	1794.68
	3353.90	0.00	11.32	1791.69
	3353.91	0.00	11.31	1793.69
	3353.92	0.00	11.32	1798.69
	3353.93	0.00	11.31	1799.69
	3353.95	0.00	11.29	1795.69
	3353.96	0.00	11.29	1798.69
	3353.97	0.00	11.30	1801.67
	3353.98	0.00	11.30	1801.69
	3354.00	0.00	11.34	1804.60
	3354.01	0.00	11.30	1804.71
	3354.02	0.00	11.30	1809.75
	3354.03	0.00	11.32	1811.75
	3354.04	0.00	11.31	1814.76
	3354.05	0.00	11.31	1812.74
	3354.06	0.00	11.34	1818.72
	3354.08	0.00	11.34	1818.75
	3354.09	0.00	11.33	1821.76
	3354.10	0.00	11.42	1818.50
	3354.11	0.00	11.46	1822.44
	3354.12	0.00	11.44	1824.49
	3354.14	0.00	11.44	1819.50
	3354.15	0.00	11.44	1819.51
	3354.16	0.00	11.43	1821.53
	3354.17	0.00	11.38	1806.56
	3354.18	0.00	11.35	1808.65
	3354.19	0.00	11.36	1800.68
	3354.21	0.00	11.36	1800.64
	3354.22	0.00	11.30	1783.68
	3354.23	0.00	11.33	1792.69
	3354.24	0.00	11.34	1795.70
	3354.25	0.00	11.37	1790.71
	3354.27	0.00	11.37	1794.71
	3354.28	0.00	11.39	1795.68
	3354.29	0.00	11.38	1798.71
	3354.30	0.00	11.40	1798.70
	3354.31	0.00	11.39	1800.70
	3354.32	0.00	11.39	1793.65
	3354.34	0.00	11.37	1798.72
	3354.35	0.00	11.38	1800.71
	3354.36	0.00	11.37	1796.72
	3354.37	0.00	11.37	1797.72
	3354.38	0.00	11.38	1794.67
	3354.39	0.00	11.38	1792.66
	3354.41	0.00	11.39	1790.65
	3354.42	0.00	11.39	1789.64
	3354.43	0.00	11.38	1786.65
	3354.44	0.00	11.35	1777.65
	3354.45	0.00	11.36	1781.65
	3354.47	0.00	11.37	1775.61
	3354.48	0.00	11.35	1772.65
	3354.49	0.00	11.35	1772.65
	3354.50	0.00	11.35	1795.65
	3354.51	0.00	11.35	1795.64
	3354.52	0.00	11.37	1795.64
	3354.54	0.00	11.37	1795.59
	3354.55	0.00	11.35	1792.68
	3354.56	0.00	11.34	1790.69
	3354.57	0.00	11.35	1794.71
	3354.58	0.00	11.34	1792.70
	3354.60	0.00	11.38	1792.62
	3354.61	0.00	11.36	1794.68
	3354.62	0.00	11.36	1790.69
	3354.63	0.00	11.35	1791.70
	3354.64	0.00	11.47	1790.35
	3354.65	0.00	11.46	1795.42
	3354.67	0.00	11.44	1787.45
	3354.68	0.00	11.43	1787.47
	3354.69	0.00	11.43	1777.36
	3354.70	0.00	11.37	1773.50
	3354.71	0.00	11.35	1773.57
	3354.73	0.00	11.35	1770.61
	3354.74	0.00	11.35	1767.63
	3354.75	0.00	11.36	1771.64
	3354.76	0.00	11.30	1751.65
	3354.77	0.00	11.32	1759.67
	3354.78	0.00	11.37	1754.65
	3354.80	0.00	11.35	1758.67
	3354.81	0.00	11.34	1754.64
	3354.82	0.00	11.37	1764.64
	3354.83	0.00	11.38	1765.65
	3354.84	0.00	11.38	1763.66
	3354.86	0.00	11.37	1770.67
	3354.87	0.00	11.34	1768.68
	3354.88	0.00	11.37	1772.67
	3354.89	0.00	11.36	1775.68
	3354.90	0.00	11.36	1774.68
	3354.91	0.00	11.36	1775.67
	3354.93	0.00	11.36	1778.69
	3354.94	0.00	11.36	1778.69
	3354.95	0.00	11.36	1774.64
	3354.96	0.00	11.37	1777.63
	3354.97	0.00	11.38	1778.63
	3354.98	0.00	11.37	1776.63
	3355.00	0.00	11.37	1777.63
	3355.01	0.00	11.34	1769.63
	3355.02	0.00	11.34	1769.63
	3355.03	0.00	11.34	1771.63
	3355.04	0.00	11.35	1770.62
	3355.06	0.00	11.36	1773.63
	3355.07	0.00	11.34	1772.63
	3355.08	0.00	11.33	1769.63
	3355.09	0.00	11.35	1766.56
	3355.10	0.00	11.34	1773.63
	3355.11	0.00	11.35	1772.63
	3355.13	0.00	11.35	1773.63
	3355.14	0.00	11.35	1773.63
	3355.15	0.00	11.34	1773.67
	3355.16	0.00	11.33	1772.69
	3355.17	0.00	11.33	1775.70
	3355.19	0.00	11.33	1778.71
	3355.20	0.00	11.35	1778.66
	3355.21	0.00	11.35	1779.67
	3355.22	0.00	11.34	1776.68
	3355.23	0.00	11.34	1778.70
	3355.25	0.00	11.34	1781.69
	3355.26	0.00	11.41	1777.45
	3355.27	0.00	11.44	1782.42
	3355.28	0.00	11.43	1785.44
	3355.29	0.00	11.42	1780.45
	3355.30	0.00	11.42	1785.46
	3355.32	0.00	11.41	1781.46
	3355.33	0.00	11.36	1773.51
	3355.34	0.00	11.32	1772.60
	3355.35	0.00	11.33	1767.63
	3355.36	0.00	11.33	1771.66
	3355.37	0.00	11.28	1752.65
	3355.39	0.00	11.29	1763.67
	3355.40	0.00	11.30	1762.67
	3355.41	0.00	11.36	1762.63
	3355.42	0.00	11.32	1764.68
	3355.43	0.00	11.32	1760.64
	3355.44	0.00	11.35	1774.66
	3355.46	0.00	11.38	1772.65
	3355.47	0.00	11.36	1778.67
	3355.48	0.00	11.34	1777.67
	3355.49	0.00	11.34	1782.67
	3355.50	0.00	11.33	1779.69
	3355.51	0.00	11.34	1784.69
	3355.53	0.00	11.36	1783.68
	3355.54	0.00	11.34	1784.70
	3355.55	0.00	11.34	1784.69
	3355.56	0.00	11.34	1780.65
	3355.57	0.00	11.35	1786.64
	3355.59	0.00	11.36	1783.64
	3355.60	0.00	11.36	1783.63
	3355.61	0.00	11.36	1784.63
	3355.62	0.00	11.36	1783.63
	3355.63	0.00	11.33	1774.62
	3355.64	0.00	11.34	1775.63
	3355.66	0.00	11.33	1778.63
	3355.67	0.00	11.34	1777.63
	3355.68	0.00	11.33	1775.65
	3355.69	0.00	11.30	1765.63
	3355.70	0.00	11.32	1772.63
	3355.72	0.00	11.33	1775.63
	3355.73	0.00	11.34	1776.63
	3355.74	0.00	11.33	1778.63
	3355.75	0.00	11.34	1777.62
	3355.76	0.00	11.32	1776.66
	3355.78	0.00	11.32	1776.69
	3355.79	0.00	11.32	1779.70
	3355.80	0.00	11.32	1780.70
	3355.81	0.00	11.31	1779.72
	3355.82	0.00	11.32	1779.67
	3355.83	0.00	11.32	1783.69
	3355.85	0.00	11.31	1781.69
	3355.86	0.00	11.31	1783.71
	3355.87	0.00	11.42	1786.40
	3355.88	0.00	11.42	1787.43
	3355.89	0.00	11.41	1789.44
	3355.90	0.00	11.40	1783.46
	3355.92	0.00	11.39	1787.47
	3355.93	0.00	11.37	1773.40
	3355.94	0.00	11.31	1776.57
	3355.95	0.00	11.30	1770.64
	3355.96	0.00	11.32	1775.64
	3355.97	0.00	11.29	1769.65
	3355.99	0.00	11.25	1757.65
	3356.00	0.00	11.26	1762.66
	3356.01	0.00	11.28	1769.67
	3356.02	0.00	11.31	1765.69
	3356.03	0.00	11.31	1771.68
	3356.05	0.00	11.32	1771.65
	3356.06	0.00	11.34	1780.67
	3356.07	0.00	11.34	1781.67
	3356.08	0.00	11.35	1778.66
	3356.09	0.00	11.33	1784.68
	3356.10	0.00	11.30	1781.68
	3356.12	0.00	11.31	1786.68
	3356.13	0.00	11.30	1789.71
	3356.14	0.00	11.29	1779.70
	3356.15	0.00	11.31	1790.70
	3356.16	0.00	11.31	1790.66
	3356.18	0.00	11.32	1786.61
	3356.19	0.00	11.33	1794.64
	3356.20	0.00	11.33	1791.64
	3356.21	0.00	11.33	1792.64
	3356.22	0.00	11.33	1791.64
	3356.23	0.00	11.32	1790.64
	3356.25	0.00	11.30	1783.64
	3356.26	0.00	11.30	1787.65
	3356.27	0.00	11.31	1786.64
	3356.28	0.00	11.31	1784.64
	3356.29	0.00	11.31	1785.64
	3356.31	0.00	11.30	1782.65
	3356.32	0.00	11.30	1781.64
	3356.33	0.00	11.31	1785.63
	3356.34	0.00	11.32	1786.63
	3356.35	0.00	11.35	1786.55
	3356.36	0.00	11.30	1786.68
	3356.38	0.00	11.31	1786.68
	3356.39	0.00	11.29	1782.69
	3356.40	0.00	11.30	1787.71
	3356.41	0.00	11.31	1789.71
	3356.42	0.00	11.32	1791.66
	3356.43	0.00	11.32	1791.68
	3356.45	0.00	11.31	1790.70
	3356.46	0.00	11.31	1794.70
	3356.47	0.00	11.42	1792.40
	3356.48	0.00	11.43	1794.40
	3356.49	0.00	11.43	1799.43
	3356.51	0.00	11.41	1791.45
	3356.52	0.00	11.39	1788.46
	3356.53	0.00	11.39	1793.48
	3356.54	0.00	11.34	1782.50
	3356.55	0.00	11.31	1782.60
	3356.56	0.00	11.32	1775.62
	3356.58	0.00	11.32	1777.64
	3356.59	0.00	11.32	1780.64
	3356.60	0.00	11.26	1755.62
	3356.61	0.00	11.28	1769.66
	3356.62	0.00	11.31	1766.67
	3356.64	0.00	11.32	1770.67
	3356.65	0.00	11.30	1760.64
	3356.66	0.00	11.34	1779.65
	3356.67	0.00	11.35	1782.68
	3356.68	0.00	11.37	1781.66
	3356.69	0.00	11.35	1784.66
	3356.71	0.00	11.35	1790.66
	3356.72	0.00	11.33	1789.67
	3356.73	0.00	11.33	1790.68
	3356.74	0.00	11.34	1790.68
	3356.75	0.00	11.33	1793.70
	3356.77	0.00	11.34	1787.64
	3356.78	0.00	11.35	1790.63
	3356.79	0.00	11.35	1791.63
	3356.80	0.00	11.35	1791.64
	3356.81	0.00	11.37	1789.62
	3356.82	0.00	11.36	1790.62
	3356.84	0.00	11.33	1782.62
	3356.85	0.00	11.33	1783.63
	3356.86	0.00	11.35	1781.62
	3356.87	0.00	11.35	1781.62
	3356.88	0.00	11.34	1781.62
	3356.89	0.00	11.34	1781.62
	3356.91	0.00	11.32	1777.62
	3356.92	0.00	11.34	1782.62
	3356.93	0.00	11.35	1782.61
	3356.94	0.00	11.35	1783.62
	3356.95	0.00	11.36	1780.58
	3356.96	0.00	11.34	1779.64
	3356.98	0.00	11.33	1780.67
	3356.99	0.00	11.32	1778.67
	3357.00	0.00	11.33	1783.68
	3357.01	0.00	11.32	1782.69
	3357.02	0.00	11.35	1783.65
	3357.04	0.00	11.35	1784.66
	3357.05	0.00	11.34	1785.67
	3357.06	0.00	11.34	1785.68
	3357.07	0.00	11.35	1787.67
	3357.08	0.00	11.43	1784.42
	3357.09	0.00	11.46	1788.39
	3357.11	0.00	11.44	1785.42
	3357.12	0.00	11.43	1782.44
	3357.13	0.00	11.43	1786.44
	3357.14	0.00	11.39	1773.43
	3357.15	0.00	11.35	1773.55
	3357.17	0.00	11.35	1769.59
	3357.18	0.00	11.35	1766.60
	3357.19	0.00	11.35	1769.61
	3357.20	0.00	11.35	1771.62
	3357.21	0.00	11.30	1756.63
	3357.22	0.00	11.31	1763.65
	3357.24	0.00	11.36	1759.65
	3357.25	0.00	11.35	1763.64
	3357.26	0.00	11.37	1768.62
	3357.27	0.00	11.38	1771.63
	3357.28	0.00	11.39	1772.63
	3357.30	0.00	11.39	1770.65
	3357.31	0.00	11.39	1775.64
	3357.32	0.00	11.39	1774.61
	3357.33	0.00	11.40	1780.64
	3357.34	0.00	11.40	1778.65
	3357.35	0.00	11.40	1782.65
	3357.37	0.00	11.41	1780.62
	3357.38	0.00	11.42	1779.60
	3357.39	0.00	11.42	1779.60
	3357.40	0.00	11.42	1781.59
	3357.41	0.00	11.43	1780.59
	3357.43	0.00	11.43	1782.59
	3357.44	0.00	11.41	1774.58
	3357.45	0.00	11.41	1778.58
	3357.46	0.00	11.41	1771.58
	3357.47	0.00	11.40	1774.60
	3357.48	0.00	11.40	1775.59
	3357.50	0.00	11.38	1767.59
	3357.51	0.00	11.40	1773.59
	3357.52	0.00	11.40	1772.59
	3357.53	0.00	11.43	1774.51
	3357.54	0.00	11.39	1774.62
	3357.55	0.00	11.38	1773.64
	3357.57	0.00	11.38	1773.66
	3357.58	0.00	11.38	1775.66
	3357.59	0.00	11.38	1775.66
	3357.60	0.00	11.38	1775.62
	3357.61	0.00	11.38	1778.64
	3357.63	0.00	11.38	1778.65
	3357.64	0.00	11.38	1780.66
	3357.65	0.00	11.45	1782.47
	3357.66	0.00	11.48	1777.36
	3357.67	0.00	11.47	1780.38
	3357.68	0.00	11.47	1776.41
	3357.70	0.00	11.45	1777.44
	3357.71	0.00	11.47	1773.34
	3357.72	0.00	11.39	1767.49
	3357.73	0.00	11.37	1766.57
	3357.74	0.00	11.39	1765.55
	3357.76	0.00	11.35	1763.61
	3357.77	0.00	11.30	1745.60
	3357.78	0.00	11.31	1753.63
	3357.79	0.00	11.33	1760.63
	3357.80	0.00	11.37	1758.65
	3357.81	0.00	11.36	1761.65
	3357.83	0.00	11.37	1763.62
	3357.84	0.00	11.39	1770.63
	3357.85	0.00	11.39	1772.64
	3357.86	0.00	11.38	1775.64
	3357.87	0.00	11.37	1773.63
	3357.89	0.00	11.38	1777.63
	3357.90	0.00	11.37	1779.65
	3357.91	0.00	11.37	1779.66
	3357.92	0.00	11.36	1781.68
	3357.93	0.00	11.37	1778.63
	3357.94	0.00	11.37	1779.61
	3357.96	0.00	11.37	1780.61
	3357.97	0.00	11.37	1781.62
	3357.98	0.00	11.39	1781.61
	3357.99	0.00	11.38	1781.60
	3358.00	0.00	11.35	1774.60
	3358.01	0.00	11.38	1776.56
	3358.03	0.00	11.36	1775.60
	3358.04	0.00	11.36	1774.60
	3358.05	0.00	11.36	1774.60
	3358.06	0.00	11.35	1771.61
	3358.07	0.00	11.34	1770.60
	3358.09	0.00	11.36	1775.60
	3358.10	0.00	11.36	1775.61
	3358.11	0.00	11.34	1766.60
	3358.12	0.00	11.35	1775.63
	3358.13	0.00	11.34	1775.66
	3358.14	0.00	11.33	1774.68
	3358.16	0.00	11.34	1776.67
	3358.17	0.00	11.34	1775.67
	3358.18	0.00	11.36	1776.62
	3358.19	0.00	11.36	1777.63
	3358.20	0.00	11.35	1778.66
	3358.22	0.00	11.34	1779.67
	3358.23	0.00	11.38	1775.52
	3358.24	0.00	11.45	1778.35
	3358.25	0.00	11.43	1772.39
	3358.26	0.00	11.45	1778.41
	3358.27	0.00	11.42	1774.43
	3358.29	0.00	11.42	1772.41
	3358.30	0.00	11.36	1762.49
	3358.31	0.00	11.33	1765.58
	3358.32	0.00	11.34	1761.59
	3358.33	0.00	11.34	1767.61
	3358.35	0.00	11.29	1745.57
	3358.36	0.00	11.26	1740.60
	3358.37	0.00	11.28	1751.65
	3358.38	0.00	11.30	1756.64
	3358.39	0.00	11.33	1753.65
	3358.40	0.00	11.33	1755.65
	3358.42	0.00	11.33	1754.62
	3358.43	0.00	11.36	1765.63
	3358.44	0.00	11.36	1764.64
	3358.45	0.00	11.35	1769.64
	3358.46	0.00	11.32	1768.66
	3358.47	0.00	11.35	1771.60
	3358.49	0.00	11.34	1776.65
	3358.50	0.00	11.34	1776.66
	3358.51	0.00	11.35	1776.65
	3358.52	0.00	11.34	1780.66
	3358.53	0.00	11.35	1777.63
	3358.54	0.00	11.37	1776.55
	3358.56	0.00	11.35	1779.61
	3358.57	0.00	11.35	1778.61
	3358.58	0.00	11.36	1776.61
	3358.59	0.00	11.35	1778.62
	3358.60	0.00	11.36	1782.61
	3358.62	0.00	11.32	1768.60
	3358.63	0.00	11.33	1771.60
	3358.64	0.00	11.33	1770.62
	3358.65	0.00	11.34	1772.60
	3358.66	0.00	11.34	1769.60
	3358.67	0.00	11.32	1766.60
	3358.69	0.00	11.36	1768.54
	3358.70	0.00	11.34	1771.60
	3358.71	0.00	11.34	1769.60
	3358.72	0.00	11.35	1770.58
	3358.73	0.00	11.34	1771.63
	3358.75	0.00	11.34	1772.65
	3358.76	1.00	11.33	1772.66
	3358.77	1.00	11.33	1773.66
	3358.78	1.00	11.33	1771.67
	3358.79	1.00	11.35	1774.62
	3358.81	1.00	11.35	1775.64
	3358.82	1.00	11.34	1774.67
	3358.83	1.00	11.34	1775.66
	3358.84	1.00	11.35	1778.66
	3358.85	1.00	11.44	1775.38
	3358.86	1.00	11.44	1777.39
	3358.88	1.00	11.45	1775.41
	3358.89	1.00	11.43	1774.42
	3358.90	1.00	11.43	1768.34
	3358.91	1.00	11.37	1763.44
	3358.92	1.00	11.31	1749.57
	3358.94	1.00	11.34	1760.59
	3358.95	1.00	11.34	1762.59
	3358.96	1.00	11.34	1761.57
	3358.97	0.00	11.29	1750.62
	3358.98	0.00	11.31	1758.63
	3358.99	0.00	11.34	1757.65
	3359.01	0.00	11.32	1752.64
	3359.02	0.00	11.35	1758.60
	3359.03	0.00	11.37	1768.62
	3359.04	0.00	11.37	1765.64
	3359.05	0.00	11.37	1768.63
	3359.07	0.00	11.36	1771.63
	3359.08	0.00	11.35	1771.62
	3359.09	0.00	11.38	1776.58
	3359.10	0.00	11.35	1776.65
	3359.11	0.00	11.35	1778.65
	3359.12	0.00	11.35	1780.65
	3359.14	0.00	11.36	1777.58
	3359.15	0.00	11.35	1776.60
	3359.16	0.00	11.37	1780.60
	3359.17	0.00	11.37	1777.60
	3359.18	0.00	11.36	1779.60
	3359.19	0.00	11.35	1772.59
	3359.21	0.00	11.34	1772.60
	3359.22	0.00	11.34	1771.61
	3359.23	0.00	11.34	1770.60
	3359.24	0.00	11.34	1772.59
	3359.25	0.00	11.34	1772.59
	3359.26	0.00	11.32	1768.61
	3359.28	0.00	11.34	1768.59
	3359.29	0.00	11.34	1769.59
	3359.30	0.00	11.34	1771.60
	3359.31	0.00	11.37	1773.54
	3359.32	0.00	11.37	1766.50
	3359.34	0.00	11.34	1771.63
	3359.35	0.00	11.33	1773.65
	3359.36	0.00	11.32	1774.67
	3359.37	0.00	11.34	1774.67
	3359.38	0.00	11.34	1773.62
	3359.39	0.00	11.34	1775.64
	3359.41	0.00	11.34	1775.66
	3359.42	0.00	11.33	1776.66
	3359.43	0.00	11.40	1775.43
	3359.44	0.00	11.45	1780.35
	3359.45	0.00	11.44	1783.39
	3359.47	0.00	11.43	1781.40
	3359.48	0.00	11.41	1773.42
	3359.49	0.00	11.40	1776.44
	3359.50	0.00	11.40	1764.36
	3359.51	0.00	11.32	1767.54
	3359.52	0.00	11.31	1758.59
	3359.54	0.00	11.32	1765.61
	3359.55	0.00	11.32	1767.61
	3359.56	0.00	11.25	1745.61
	3359.57	0.00	11.27	1756.64
	3359.58	0.00	11.31	1752.66
	3359.60	0.00	11.32	1760.65
	3359.61	0.00	11.31	1753.61
	3359.62	0.00	11.34	1769.63
	3359.63	0.00	11.36	1768.64
	3359.64	0.00	11.34	1773.64
	3359.65	0.00	11.33	1773.64
	3359.67	0.00	11.33	1774.61
	3359.68	0.00	11.33	1781.65
	3359.69	0.00	11.33	1777.66
	3359.70	0.00	11.32	1781.66
	3359.71	0.00	11.32	1781.68
	3359.72	0.00	11.32	1774.62
	3359.74	0.00	11.33	1779.61
	3359.75	0.00	11.34	1781.61
	3359.76	0.00	11.34	1784.61
	3359.77	0.00	11.34	1780.60
	3359.78	0.00	11.34	1780.60
	3359.80	0.00	11.31	1772.60
	3359.81	0.00	11.33	1774.59
	3359.82	0.00	11.32	1778.60
	3359.83	0.00	11.33	1776.60
	3359.84	0.00	11.33	1775.60
	3359.85	0.00	11.32	1774.61
	3359.87	0.00	11.31	1770.60
	3359.88	0.00	11.32	1772.60
	3359.89	0.00	11.33	1777.60
	3359.90	0.00	11.30	1765.60
	3359.91	0.00	11.33	1775.60
	3359.93	0.00	11.34	1773.58
	3359.94	0.00	11.32	1773.61
	3359.95	0.00	11.32	1775.65
	3359.96	0.00	11.31	1774.66
	3359.97	0.00	11.31	1776.67
	3359.98	0.00	11.31	1772.64
	3360.00	0.00	11.33	1776.64
	3360.01	0.00	11.33	1777.65
	3360.02	0.00	11.33	1778.66
	3360.03	0.00	11.32	1779.67
	3360.04	0.00	11.30	1774.66
	3360.06	0.00	11.43	1779.37
	3360.07	0.00	11.42	1780.40
	3360.08	0.00	11.41	1775.41
	3360.09	0.00	11.40	1781.43
	3360.10	0.00	11.38	1765.36
	3360.11	0.00	11.32	1768.54
	3360.13	0.00	11.31	1760.59
	3360.14	0.00	11.32	1761.59
	3360.15	0.00	11.33	1764.60
	3360.16	0.00	11.30	1755.57
	3360.17	0.00	11.27	1754.62
	3360.18	0.00	11.29	1759.64
	3360.20	0.00	11.33	1757.64
	3360.21	0.00	11.33	1761.64
	3360.22	0.00	11.31	1753.65
	3360.23	0.00	11.35	1766.61
	3360.24	0.00	11.36	1770.62
	3360.26	0.00	11.36	1767.64
	3360.27	0.00	11.35	1773.64
	3360.28	0.00	11.35	1773.59
	3360.29	0.00	11.34	1778.64
	3360.30	0.00	11.33	1780.66
	3360.31	0.00	11.34	1780.65
	3360.33	0.00	11.34	1781.65
	3360.34	0.00	11.34	1783.65
	3360.35	0.00	11.34	1784.63
	3360.36	0.00	11.34	1781.61
	3360.37	0.00	11.35	1782.60
	3360.39	0.00	11.35	1780.61
	3360.40	0.00	11.34	1777.60
	3360.41	0.00	11.34	1775.59
	3360.42	0.00	11.33	1774.59
	3360.43	0.00	11.33	1774.60
	3360.44	0.00	11.33	1772.59
	3360.46	0.00	11.33	1773.59
	3360.47	0.00	11.33	1774.59
	3360.48	0.00	11.33	1769.55
	3360.49	0.00	11.32	1771.59
	3360.50	0.00	11.34	1773.59
	3360.52	0.00	11.34	1773.59
	3360.53	0.00	11.34	1774.60
	3360.54	0.00	11.33	1769.59
	3360.55	0.00	11.33	1773.63
	3360.56	0.00	11.33	1775.64
	3360.57	0.00	11.33	1776.66
	3360.59	0.00	11.32	1775.66
	3360.60	0.00	11.34	1776.62
	3360.61	0.00	11.34	1775.62
	3360.62	0.00	11.34	1779.64
	3360.63	0.00	11.33	1777.65
	3360.64	0.00	11.33	1778.65
	3360.66	0.00	11.45	1778.32
	3360.67	0.00	11.43	1781.39
	3360.68	0.00	11.42	1774.41
	3360.69	0.00	11.41	1775.42
	3360.70	0.00	11.41	1766.32
	3360.72	0.00	11.37	1763.42
	3360.73	0.00	11.33	1765.53
	3360.74	0.00	11.33	1759.58
	3360.75	0.00	11.33	1762.61
	3360.76	0.00	11.27	1743.60
	3360.77	0.00	11.30	1753.62
	3360.79	0.00	11.33	1750.63
	3360.80	0.00	11.33	1752.64
	3360.81	0.00	11.32	1748.59
	3360.82	0.00	11.35	1759.60
	3360.83	0.00	11.37	1765.58
	3360.84	0.00	11.38	1765.62
	3360.86	0.00	11.36	1768.62
	3360.87	0.00	11.33	1766.63
	3360.88	0.00	11.36	1772.56
	3360.89	0.00	11.34	1775.64
	3360.90	0.00	11.35	1774.64
	3360.92	0.00	11.34	1775.64
	3360.93	0.00	11.34	1776.65
	3360.94	0.00	11.33	1774.64
	3360.95	0.00	11.35	1773.60
	3360.96	0.00	11.36	1776.59
	3360.97	0.00	11.36	1775.59
	3360.99	0.00	11.37	1779.59
	3361.00	0.00	11.35	1773.59
	3361.01	0.00	11.34	1769.58
	3361.02	0.00	11.33	1769.60
	3361.03	0.00	11.34	1769.59
	3361.05	0.00	11.33	1768.59
	3361.06	0.00	11.35	1768.59
	3361.07	0.00	11.33	1766.59
	3361.08	0.00	11.32	1762.58
	3361.09	0.00	11.33	1767.59
	3361.10	0.00	11.35	1771.60
	3361.12	0.00	11.35	1770.59
	3361.13	0.00	11.34	1767.58
	3361.14	0.00	11.34	1765.57
	3361.15	0.00	11.33	1768.64
	3361.16	0.00	11.33	1767.64
	3361.17	0.00	11.33	1768.65
	3361.19	0.00	11.33	1770.65
	3361.20	0.00	11.33	1771.66
	3361.21	0.00	11.35	1771.61
	3361.22	0.00	11.34	1772.63
	3361.23	0.00	11.34	1771.64
	3361.25	0.00	11.33	1772.67
	3361.26	0.00	11.43	1771.36
	3361.27	0.00	11.44	1775.37
	3361.28	0.00	11.43	1769.40
	3361.29	0.00	11.42	1771.41
	3361.30	0.00	11.41	1770.41
	3361.32	0.00	11.42	1760.30
	3361.33	0.00	11.36	1760.46
	3361.34	0.00	11.31	1751.55
	3361.35	0.00	11.34	1758.58
	3361.36	0.00	11.34	1760.59
	3361.38	0.00	11.27	1741.61
	3361.39	0.00	11.29	1749.61
	3361.40	0.00	11.30	1755.62
	3361.41	0.00	11.34	1748.63
	3361.42	0.00	11.34	1752.63
	3361.43	0.00	11.33	1749.59
	3361.45	0.00	11.37	1762.61
	3361.46	0.00	11.38	1758.61
	3361.47	0.00	11.36	1764.61
	3361.48	0.00	11.37	1764.57
	3361.49	0.00	11.35	1767.62
	3361.51	0.00	11.34	1770.63
	3361.52	0.00	11.35	1767.64
	3361.53	0.00	11.35	1768.64
	3361.54	0.00	11.35	1772.64
	3361.55	0.00	11.34	1764.61
	3361.56	0.00	11.36	1771.59
	3361.58	0.00	11.36	1771.58
	3361.59	0.00	11.37	1768.58
	3361.60	0.00	11.35	1767.59
	3361.61	0.00	11.37	1771.58
	3361.62	0.00	11.33	1761.58
	3361.63	0.00	11.34	1763.57
	3361.65	0.00	11.35	1765.56
	3361.66	0.00	11.34	1762.58
	3361.67	0.00	11.33	1762.58
	3361.68	0.00	11.33	1758.57
	3361.69	0.00	11.33	1760.59
	3361.71	0.00	11.34	1763.58
	3361.72	0.00	11.34	1761.58
	3361.73	0.00	11.36	1762.53
	3361.74	0.00	11.33	1762.61
	3361.75	0.00	11.33	1759.63
	3361.76	0.00	11.34	1767.64
	3361.78	0.00	11.33	1767.64
	3361.79	0.00	11.35	1766.60
	3361.80	0.00	11.35	1767.61
	3361.81	0.00	11.34	1767.62
	3361.82	0.00	11.34	1767.65
	3361.84	0.00	11.34	1768.64
	3361.85	0.00	11.35	1763.53
	3361.86	0.00	11.44	1772.35
	3361.87	0.00	11.44	1776.39
	3361.88	0.00	11.42	1767.40
	3361.89	0.00	11.41	1771.41
	3361.91	0.00	11.38	1760.37
	3361.92	0.00	11.32	1763.55
	3361.93	0.00	11.32	1758.58
	3361.94	0.00	11.32	1763.59
	3361.95	0.00	11.31	1762.60
	3361.97	0.00	11.25	1745.60
	3361.98	0.00	11.27	1759.63
	3361.99	0.00	11.30	1757.64
	3362.00	0.00	11.30	1765.65
	3362.01	0.00	11.28	1766.66
	3362.02	0.00	11.27	1766.62
	3362.04	0.00	11.30	1761.64
	3362.05	0.00	11.30	1764.65
	3362.06	0.00	11.26	1772.66
	3362.07	0.00	11.23	1773.67
	3362.08	0.00	11.24	1781.67
	3362.09	0.00	11.24	1783.66
	3362.11	0.00	11.23	1783.69
	3362.12	0.00	11.22	1787.69
	3362.13	0.00	11.22	1791.70
	3362.14	0.00	11.21	1788.67
	3362.15	0.00	11.22	1793.65
	3362.16	0.00	11.22	1791.64
	3362.18	0.00	11.21	1794.65
	3362.19	0.00	11.18	1789.64
	3362.20	0.00	11.17	1790.65
	3362.21	0.00	11.17	1793.66
	3362.22	0.00	11.16	1795.66
	3362.24	0.00	11.16	1797.64
	3362.25	0.00	11.12	1794.67
	3362.26	0.00	11.12	1802.67
	3362.27	0.00	11.11	1803.68
	3362.28	0.00	11.10	1805.69
	3362.29	0.00	11.08	1808.68
	3362.31	0.00	11.05	1809.73
	3362.32	0.00	11.01	1812.77
	3362.33	0.00	10.98	1813.79
	3362.34	0.00	10.96	1815.80
	3362.35	0.00	10.94	1808.76
	3362.37	0.00	10.95	1820.79
	3362.38	0.00	10.94	1821.80
	3362.39	0.00	10.93	1818.81
	3362.40	0.00	10.93	1815.80
	3362.41	0.00	10.99	1810.58
	3362.42	0.00	11.02	1810.53
	3362.44	0.00	11.03	1823.55
	3362.45	0.00	11.01	1813.56
	3362.46	0.00	11.01	1793.44
	3362.47	0.00	10.95	1774.63
	3362.48	0.00	10.95	1759.67
	3362.50	0.00	10.96	1729.65
	3362.51	0.00	11.01	1713.65
	3362.52	0.00	11.07	1703.63
	3362.53	0.00	11.08	1639.61
	3362.54	0.00	11.10	1605.56
	3362.55	0.00	11.19	1582.52
	3362.57	0.00	11.32	1547.44
	3362.58	0.00	11.50	1512.31
	3362.59	0.00	11.65	1474.27
	3362.60	0.00	11.68	1466.24
	3362.61	0.00	11.73	1456.21
	3362.63	0.00	11.75	1460.18
	3362.64	0.00	11.76	1463.17
	3362.65	0.00	11.75	1451.13
	3362.66	0.00	11.79	1462.12
	3362.67	0.00	11.82	1470.12
	3362.68	0.00	11.85	1475.11
	3362.70	0.00	11.85	1476.10
	3362.71	0.00	11.87	1476.08
	3362.72	0.00	11.89	1476.07
	3362.73	0.00	11.89	1477.08
	3362.74	0.00	11.88	1479.07
	3362.75	0.00	11.88	1480.07
	3362.77	0.00	11.90	1477.05
	3362.78	0.00	11.91	1481.06
	3362.79	0.00	11.92	1479.05
	3362.80	0.00	11.92	1480.05
	3362.81	0.00	11.93	1482.05
	3362.83	0.00	11.93	1482.05
	3362.84	0.00	11.93	1481.05
	3362.85	0.00	11.92	1481.05
	3362.86	0.00	11.92	1481.05
	3362.87	0.00	11.93	1476.99
	3362.88	0.00	11.96	1478.94
	3362.90	0.00	11.97	1478.93
	3362.91	0.00	11.98	1478.93
	3362.92	0.00	11.99	1477.91
	3362.93	0.00	12.00	1474.90
	3362.94	0.00	12.00	1476.89
	3362.96	0.00	12.00	1475.88
	3362.97	0.00	12.01	1476.87
	3362.98	0.00	12.02	1476.87
	3362.99	0.00	12.03	1475.85
	3363.00	0.00	12.00	1468.86
	3363.01	0.00	12.01	1468.84
	3363.02	0.00	12.02	1467.84
	3363.04	0.00	12.02	1468.84
	3363.05	0.00	12.02	1468.84
	3363.06	0.00	12.04	1472.83
	3363.07	0.00	12.01	1480.86
	3363.08	0.00	11.87	1510.90
	3363.10	0.00	11.70	1535.98
	3363.11	0.00	11.39	1591.17
	3363.12	0.00	11.08	1663.38
	3363.13	0.00	10.96	1701.48
	3363.14	0.00	10.90	1729.55
	3363.15	0.00	10.88	1753.58
	3363.17	0.00	10.88	1776.66
	3363.18	0.00	10.88	1803.72
	3363.19	0.00	10.91	1847.78
	3363.20	0.00	10.87	1881.84
	3363.21	0.00	10.81	1912.91
	3363.23	0.00	10.80	1946.94
	3363.24	0.00	10.83	1973.96
	3363.25	0.00	10.85	1989.97
	3363.26	0.00	10.87	1994.98
	3363.27	0.00	10.95	2004.90
	3363.29	0.00	10.99	2008.88
	3363.30	0.00	11.05	2012.87
	3363.31	0.00	11.05	2004.92
	3363.32	0.00	11.09	2004.96
	3363.33	0.00	11.16	2006.92
	3363.34	0.00	11.20	2000.91
	3363.36	0.00	11.24	1993.86
	3363.37	0.00	11.29	1988.85
	3363.38	0.00	11.34	1981.87
	3363.39	0.00	11.38	1969.83
	3363.40	0.00	11.43	1968.79
	3363.42	0.00	11.46	1962.80
	3363.43	0.00	11.48	1960.79
	3363.44	0.00	11.46	1948.80
	3363.45	0.00	11.51	1963.83
	3363.46	0.00	11.51	1980.84
	3363.47	0.00	11.52	1987.85
	3363.49	0.00	11.55	1994.82
	3363.50	0.00	11.58	1997.81
	3363.51	0.00	11.62	2001.81
	3363.52	0.00	11.67	2011.80
	3363.53	0.00	11.72	2018.78
	3363.55	0.00	11.78	2020.79
	3363.56	0.00	11.85	2019.76
	3363.57	0.00	11.96	2015.73
	3363.58	0.00	12.08	2006.70
	3363.59	0.00	12.27	1999.65
	3363.61	0.00	12.66	1936.55
	3363.62	0.00	12.83	1916.45
	3363.63	0.00	12.99	1923.36
	3363.64	0.00	13.11	1925.20
	3363.65	0.00	13.18	1930.13
	3363.66	0.00	13.32	1949.10
	3363.68	0.00	13.36	1939.03
	3363.69	0.00	13.51	1943.86
	3363.70	0.00	13.57	1936.73
	3363.71	0.00	13.62	1920.57
	3363.72	0.00	13.54	1873.41
	3363.73	0.00	13.38	1810.32
	3363.75	0.00	13.26	1758.35
	3363.76	0.00	13.04	1702.45
	3363.77	0.00	12.79	1638.56
	3363.78	0.00	12.40	1562.85
	3363.79	0.00	12.37	1535.68
	3363.81	0.00	12.30	1519.65
	3363.82	0.00	12.28	1520.66
	3363.83	0.00	12.30	1527.66
	3363.84	0.00	12.29	1524.66
	3363.85	0.00	12.28	1517.64
	3363.86	0.00	12.29	1515.64
	3363.88	0.00	12.27	1507.64
	3363.89	0.00	12.26	1505.65
	3363.90	0.00	12.26	1503.63
	3363.91	0.00	12.27	1506.63
	3363.92	0.00	12.25	1497.62
	3363.94	0.00	12.25	1497.61
	3363.95	0.00	12.26	1495.58
	3363.96	0.00	12.27	1493.56
	3363.97	0.00	12.21	1495.71
	3363.98	0.00	12.19	1498.76
	3363.99	0.00	12.20	1495.79
	3364.01	0.00	12.22	1504.79
	3364.02	0.00	12.23	1508.80
	3364.03	0.00	12.24	1511.80
	3364.04	0.00	12.16	1483.77
	3364.05	0.00	12.16	1482.77
	3364.06	0.00	12.17	1483.76
	3364.08	0.00	12.17	1485.79
	3364.09	0.00	12.19	1493.79
	3364.10	0.00	12.21	1496.78
	3364.11	0.00	12.24	1495.79
	3364.12	0.00	12.23	1501.79
	3364.13	0.00	12.24	1507.79
	3364.15	0.00	12.24	1507.78
	3364.16	0.00	12.25	1506.72
	3364.17	0.00	12.28	1528.75
	3364.18	0.00	12.29	1527.75
	3364.19	0.00	12.28	1526.76
	3364.21	0.00	12.26	1527.79
	3364.22	0.00	11.98	1565.94
	3364.23	0.00	11.52	1617.27
	3364.24	0.00	11.04	1751.61
	3364.25	0.00	10.82	1822.77
	3364.26	0.00	10.73	1855.84
	3364.28	0.00	10.72	1866.83
	3364.29	0.00	10.75	1885.88
	3364.30	0.00	10.83	1912.89
	3364.31	0.00	10.88	1942.84
	3364.32	0.00	10.91	1983.87
	3364.34	0.00	10.91	2014.94
	3364.35	0.00	10.94	2048.98
	3364.36	0.00	10.95	2067.01
	3364.37	0.00	10.98	2079.03
	3364.38	0.00	11.02	2081.02
	3364.39	0.00	11.09	2075.99
	3364.41	0.00	11.17	2076.97
	3364.42	0.00	11.24	2065.95
	3364.43	0.00	11.31	2051.93
	3364.44	0.00	11.38	2037.93
	3364.45	0.00	11.46	2015.90
	3364.47	0.00	11.55	2003.87
	3364.48	0.00	11.65	1988.84
	3364.49	0.00	11.76	1971.75
	3364.50	0.00	11.83	1953.75
	3364.51	0.00	11.91	1935.72
	3364.53	0.00	11.96	1951.68
	3364.54	0.00	12.15	1945.46
	3364.55	0.00	12.25	1936.46
	3364.56	0.00	12.33	1921.43
	3364.57	0.00	12.46	1914.39
	3364.58	0.00	12.56	1885.47
	3364.60	0.00	12.70	1878.43
	3364.61	0.00	12.80	1886.35
	3364.62	0.00	12.90	1873.26
	3364.63	0.00	13.00	1874.08
	3364.64	0.00	13.06	1888.05
	3364.66	0.00	13.11	1896.99
	3364.67	0.00	13.14	1900.97
	3364.68	0.00	13.19	1904.89
	3364.69	0.00	13.25	1907.83
	3364.70	0.00	13.26	1907.81
	3364.71	0.00	13.31	1896.68
	3364.73	0.00	13.36	1890.58
	3364.74	0.00	13.40	1891.51
	3364.75	0.00	13.55	1899.39
	3364.76	0.00	13.62	1907.29
	3364.77	0.00	13.69	1906.23
	3364.78	0.00	13.74	1899.09
	3364.80	0.00	13.81	1883.91
	3364.81	0.00	13.89	1852.62
	3364.82	0.00	13.74	1797.58
	3364.83	0.00	13.71	1764.53
	3364.84	0.00	13.35	1720.01
	3364.85	0.00	13.02	1666.33
	3364.87	0.00	12.68	1614.65
	3364.88	0.00	12.50	1575.74
	3364.89	0.00	12.36	1543.78
	3364.90	0.00	12.29	1527.79
	3364.91	0.00	12.24	1515.77
	3364.93	0.00	12.26	1521.77
	3364.94	0.00	12.25	1519.78
	3364.95	0.00	12.25	1517.76
	3364.96	0.00	12.24	1510.75
	3364.97	0.00	12.24	1508.74
	3364.98	0.00	12.24	1506.74
	3365.00	0.00	12.23	1503.74
	3365.01	0.00	12.25	1505.73
	3365.02	0.00	12.25	1506.74
	3365.03	0.00	12.24	1503.74
	3365.04	0.00	12.22	1501.77
	3365.06	0.00	12.24	1502.74
	3365.07	0.00	12.25	1504.74
	3365.08	0.00	12.26	1506.74
	3365.09	0.00	12.27	1506.73
	3365.10	0.00	12.28	1508.72
	3365.11	0.00	12.28	1508.72
	3365.13	0.00	12.29	1510.71
	3365.14	0.00	12.29	1506.70
	3365.15	0.00	12.30	1506.68
	3365.16	0.00	12.28	1504.72
	3365.17	0.00	12.29	1506.73
	3365.18	0.00	12.29	1506.73
	3365.20	0.00	12.29	1509.75
	3365.21	0.00	12.30	1511.73
	3365.22	0.00	12.31	1511.72
	3365.23	0.00	12.30	1511.72
	3365.24	0.00	12.33	1515.67
	3365.26	0.00	12.33	1517.69
	3365.27	0.00	12.32	1519.72
	3365.28	0.00	12.32	1521.72
	3365.29	0.00	12.28	1522.77
	3365.30	0.00	11.99	1568.96
	3365.31	0.00	11.52	1653.32
	3365.33	0.00	11.02	1791.58
	3365.34	0.00	10.77	1882.74
	3365.35	0.00	10.69	1914.80
	3365.36	0.00	10.69	1961.83
	3365.37	0.00	10.74	1994.91
	3365.38	0.00	10.89	2048.93
	3365.40	0.00	10.96	2083.94
	3365.41	0.00	11.03	2105.91
	3365.42	0.00	11.10	2131.95
	3365.43	0.00	11.16	2151.98
	3365.44	0.00	11.23	2160.97
	3365.46	0.00	11.29	2162.95
	3365.47	0.00	11.38	2155.89
	3365.48	0.00	11.45	2142.87
	3365.49	0.00	11.54	2126.84
	3365.50	0.00	11.64	2114.82
	3365.52	0.00	11.71	2088.81
	3365.53	0.00	11.81	2060.77
	3365.54	0.00	11.93	2044.71
	3365.55	0.00	12.07	2022.61
	3365.56	0.00	12.20	1992.52
	3365.57	0.00	12.34	1962.42
	3365.59	0.00	12.61	1907.28
	3365.60	0.00	12.77	1885.13
	3365.61	0.00	12.95	1893.98
	3365.62	0.00	13.01	1884.86
	3365.63	0.00	13.08	1882.78
	3365.65	0.00	13.15	1879.70
	3365.66	0.00	13.23	1852.59
	3365.67	0.00	13.24	1844.54
	3365.68	0.00	13.27	1844.50
	3365.69	0.00	13.29	1842.48
	3365.70	0.00	13.32	1848.45
	3365.72	0.00	13.34	1849.44
	3365.73	0.00	13.34	1845.44
	3365.74	0.00	13.36	1851.44
	3365.75	0.00	13.39	1851.40
	3365.76	0.00	13.44	1858.38
	3365.77	0.00	13.50	1865.34
	3365.79	0.00	13.57	1874.30
	3365.80	0.00	13.66	1884.20
	3365.81	0.00	13.76	1887.03
	3365.82	0.00	13.80	1889.93
	3365.83	0.00	13.90	1894.79
	3365.85	0.00	14.00	1903.64
	3365.86	0.00	14.05	1902.56
	3365.87	0.00	14.08	1887.51
	3365.88	0.00	14.13	1882.43
	3365.89	0.00	14.16	1870.35
	3365.90	0.00	14.13	1835.26
	3365.92	0.00	14.02	1793.29
	3365.93	0.00	13.73	1719.35
	3365.94	0.00	13.28	1658.85
	3365.95	0.00	12.83	1605.36
	3365.96	0.00	12.53	1567.65
	3365.98	0.00	12.37	1529.69
	3365.99	0.00	12.32	1510.67
	3366.00	0.00	12.29	1515.73
	3366.01	0.00	12.27	1507.73
	3366.02	0.00	12.27	1507.71
	3366.03	0.00	12.28	1502.70
	3366.05	0.00	12.27	1500.70
	3366.06	0.00	12.26	1497.72
	3366.07	0.00	12.25	1494.72
	3366.08	0.00	12.24	1487.70
	3366.09	0.00	12.17	1462.69
	3366.10	0.00	12.18	1464.70
	3366.12	0.00	12.20	1475.71
	3366.13	0.00	12.22	1481.72
	3366.14	0.00	12.24	1479.72
	3366.15	0.00	12.24	1486.74
	3366.16	0.00	12.24	1491.74
	3366.17	0.00	12.23	1481.70
	3366.19	0.00	12.26	1497.71
	3366.20	0.00	12.30	1515.71
	3366.21	0.00	12.33	1523.71
	3366.22	0.00	12.34	1529.71
	3366.23	0.00	12.35	1534.70
	3366.25	0.00	12.33	1530.70
	3366.26	0.00	12.33	1536.72
	3366.27	0.00	12.33	1537.73
	3366.28	0.00	12.34	1533.73
	3366.29	0.00	12.33	1527.72
	3366.30	0.00	12.36	1537.72
	3366.32	0.00	12.37	1543.72
	3366.33	0.00	12.39	1535.64
	3366.34	0.00	12.41	1540.62
	3366.35	0.00	12.42	1540.60
	3366.36	0.00	12.41	1540.60
	3366.37	0.00	12.40	1538.59
	3366.39	0.00	12.40	1539.61
	3366.40	0.00	12.42	1539.57
	3366.41	0.00	12.41	1536.57
	3366.42	0.00	12.30	1544.70
	3366.43	0.00	11.81	1614.09
	3366.45	0.00	11.09	1786.52
	3366.46	0.00	10.69	1911.76
	3366.47	0.00	10.51	1991.88
	3366.48	0.00	10.49	2036.93
	3366.49	0.00	10.54	2063.95
	3366.50	0.00	10.68	2115.97
	3366.52	0.00	10.79	2143.93
	3366.53	0.00	10.88	2172.03
	3366.54	0.00	10.90	2177.06
	3366.55	0.00	10.94	2178.06
	3366.56	0.00	10.97	2181.06
	3366.58	0.00	11.03	2173.01
	3366.59	0.00	11.10	2165.00
	3366.60	0.00	11.16	2150.97
	3366.61	0.00	11.26	2138.91
	3366.62	0.00	11.35	2124.81
	3366.63	0.00	11.43	2108.79
	3366.65	0.00	11.52	2093.76
	3366.66	0.00	11.52	2064.81
	3366.67	0.00	11.58	2049.82
	3366.68	0.00	11.62	2037.81
	3366.69	0.00	11.68	2017.78
	3366.71	0.00	11.75	2011.77
	3366.72	0.00	11.82	1998.68
	3366.73	0.00	11.88	1988.66
	3366.74	0.00	11.97	1982.63
	3366.75	0.00	12.05	1979.61
	3366.76	0.00	12.13	1961.52
	3366.78	0.00	12.24	1969.50
	3366.79	0.00	12.31	1966.47
	3366.80	0.00	12.37	1964.44
	3366.81	0.00	12.45	1952.39
	3366.82	0.00	12.61	1915.38
	3366.84	0.00	12.73	1904.33
	3366.85	0.00	12.79	1916.30
	3366.86	0.00	12.87	1924.22
	3366.87	0.00	12.98	1923.05
	3366.88	0.00	13.06	1930.98
	3366.89	0.00	13.11	1926.90
	3366.91	0.00	13.19	1924.79
	3366.92	0.00	13.26	1917.66
	3366.93	0.00	13.35	1893.51
	3366.94	0.00	13.55	1906.37
	3366.95	0.00	13.72	1900.03
	3366.97	0.00	13.81	1891.87
	3366.98	0.00	13.89	1882.70
	3366.99	0.00	13.89	1873.67
	3367.00	0.00	13.90	1860.65
	3367.01	0.00	13.89	1829.60
	3367.02	0.00	13.88	1800.51
	3367.04	0.00	13.69	1744.49
	3367.05	0.00	13.59	1708.58
	3367.06	0.00	13.29	1672.97
	3367.07	0.00	12.92	1636.43
	3367.08	0.00	12.62	1596.73
	3367.10	0.00	12.42	1553.83
	3367.11	0.00	12.31	1538.89
	3367.12	0.00	12.26	1531.89
	3367.13	0.00	12.26	1530.89
	3367.14	0.00	12.28	1531.88
	3367.15	0.00	12.26	1529.89
	3367.17	0.00	12.26	1528.88
	3367.18	0.00	12.26	1524.87
	3367.19	0.00	12.25	1519.87
	3367.20	0.00	12.24	1512.86
	3367.21	0.00	12.26	1513.82
	3367.22	0.00	12.26	1515.83
	3367.24	0.00	12.27	1517.83
	3367.25	0.00	12.29	1516.82
	3367.26	0.00	12.27	1518.83
	3367.27	0.00	12.27	1519.84
	3367.28	0.00	12.27	1520.84
	3367.30	0.00	12.39	1520.58
	3367.31	0.00	12.44	1527.53
	3367.32	0.00	12.44	1529.55
	3367.33	0.00	12.43	1522.56
	3367.34	0.00	12.42	1523.58
	3367.35	0.00	12.43	1523.57
	3367.37	0.00	12.43	1524.57
	3367.38	0.00	12.43	1527.58
	3367.39	0.00	12.41	1511.51
	3367.40	0.00	12.34	1511.65
	3367.41	0.00	12.31	1511.72
	3367.43	0.00	12.30	1507.77
	3367.44	0.00	12.28	1513.80
	3367.45	0.00	12.29	1516.82
	3367.46	0.00	12.29	1505.75
	3367.47	0.00	12.30	1511.76
	3367.48	0.00	12.31	1510.77
	3367.50	0.00	12.32	1516.76
	3367.51	0.00	12.31	1519.76
	3367.52	0.00	12.31	1523.78
	3367.53	0.00	12.31	1513.70
	3367.54	0.00	12.36	1526.71
	3367.55	0.00	12.29	1537.80
	3367.57	0.00	11.91	1595.09
	3367.58	0.00	11.30	1718.50
	3367.59	0.00	10.97	1815.71
	3367.60	0.00	10.80	1864.81
	3367.61	0.00	10.72	1888.90
	3367.62	0.00	10.70	1917.93
	3367.64	0.00	10.72	1967.96
	3367.65	0.00	10.82	2026.01
	3367.66	0.00	10.93	2081.96
	3367.67	0.00	10.98	2107.97
	3367.68	0.00	11.01	2145.01
	3367.70	0.00	11.07	2165.02
	3367.71	0.00	11.11	2169.02
	3367.72	0.00	11.19	2176.01
	3367.73	0.00	11.23	2163.98
	3367.74	0.00	11.25	2136.96
	3367.76	0.00	11.33	2137.94
	3367.77	0.00	11.39	2113.90
	3367.78	0.00	11.48	2086.86
	3367.79	0.00	11.55	2035.85
	3367.80	0.00	11.59	2009.85
	3367.81	0.00	11.65	1991.84
	3367.83	0.00	11.70	1992.78
	3367.84	0.00	11.75	1983.77
	3367.85	0.00	11.81	1974.76
	3367.86	0.00	11.88	1963.73
	3367.87	0.00	11.99	1945.58
	3367.89	0.00	12.10	1942.53
	3367.90	0.00	12.23	1931.44
	3367.91	0.00	12.33	1924.46
	3367.92	0.00	12.38	1917.51
	3367.93	0.00	12.61	1882.45
	3367.95	0.00	12.78	1871.31
	3367.96	0.00	12.93	1860.17
	3367.97	0.00	12.99	1858.08
	3367.98	0.00	13.02	1849.99
	3367.99	0.00	13.19	1881.95
	3368.00	0.00	13.28	1886.86
	3368.02	0.00	13.34	1879.77
	3368.03	0.00	13.56	1903.62
	3368.04	0.00	13.64	1909.53
	3368.05	0.00	13.70	1908.46
	3368.06	0.00	13.75	1906.36
	3368.07	0.00	13.86	1903.23
	3368.09	0.00	13.88	1903.21
	3368.10	0.00	13.90	1896.20
	3368.11	0.00	13.99	1904.09
	3368.12	0.00	14.10	1913.95
	3368.13	0.00	14.17	1915.86
	3368.14	0.00	14.23	1924.81
	3368.16	0.00	14.29	1926.71
	3368.17	0.00	14.31	1924.61
	3368.18	0.00	14.31	1912.55
	3368.19	0.00	14.28	1886.47
	3368.20	0.00	14.20	1844.44
	3368.21	0.00	14.07	1809.49
	3368.23	0.00	13.67	1741.78
	3368.24	0.00	13.27	1676.21
	3368.25	0.00	12.85	1602.39
	3368.26	0.00	12.58	1553.55
	3368.27	0.00	12.42	1520.61
	3368.29	0.00	12.35	1515.65
	3368.30	0.00	12.29	1517.74
	3368.31	0.00	12.25	1505.74
	3368.32	0.00	12.26	1504.74
	3368.33	0.00	12.26	1504.74
	3368.34	0.00	12.26	1503.73
	3368.36	0.00	12.28	1498.70
	3368.37	0.00	12.26	1499.74
	3368.38	0.00	12.25	1496.75
	3368.39	0.00	12.23	1490.75
	3368.40	0.00	12.24	1491.75
	3368.42	0.00	12.23	1491.76
	3368.43	0.00	12.24	1491.76
	3368.44	0.00	12.23	1493.76
	3368.45	0.00	12.24	1493.76
	3368.46	0.00	12.24	1494.77
	3368.47	0.00	12.25	1500.78
	3368.49	0.00	12.23	1500.82
	3368.50	0.00	12.23	1501.84
	3368.51	0.00	12.23	1502.85
	3368.52	0.00	12.24	1504.84
	3368.53	0.00	12.25	1501.83
	3368.54	0.00	12.25	1503.82
	3368.56	0.00	12.29	1505.77
	3368.57	0.00	12.26	1505.82
	3368.58	0.00	12.27	1505.81
	3368.59	0.00	12.27	1506.81
	3368.60	0.00	12.26	1506.82
	3368.61	0.00	12.28	1507.79
	3368.63	0.00	12.33	1507.68
	3368.64	0.00	12.35	1512.67
	3368.65	0.00	12.35	1512.67
	3368.66	0.00	12.35	1511.67
	3368.67	0.00	12.35	1512.67
	3368.69	0.00	12.35	1511.67
	3368.70	0.00	12.37	1519.66
	3368.71	0.00	12.35	1518.69
	3368.72	0.00	12.30	1508.72
	3368.73	0.00	12.20	1526.90
	3368.74	0.00	11.78	1582.25
	3368.76	0.00	11.21	1721.57
	3368.77	0.00	10.85	1819.81
	3368.78	0.00	10.68	1885.93
	3368.79	0.00	10.62	1911.97
	3368.80	0.00	10.60	1929.00
	3368.81	0.00	10.63	1978.97
	3368.83	0.00	10.74	2026.98
	3368.84	0.00	10.85	2078.00
	3368.85	0.00	10.89	2107.01
	3368.86	0.00	10.91	2118.01
	3368.87	0.00	10.95	2131.98
	3368.89	0.00	11.01	2148.99
	3368.90	0.00	11.04	2157.00
	3368.91	0.00	11.07	2149.01
	3368.92	0.00	11.11	2145.01
	3368.93	0.00	11.18	2140.98
	3368.95	0.00	11.24	2132.96
	3368.96	0.00	11.31	2122.88
	3368.97	0.00	11.39	2111.86
	3368.98	0.00	11.46	2103.85
	3368.99	0.00	11.56	2081.80
	3369.01	0.00	11.63	2062.77
	3369.02	0.00	11.71	2045.75
	3369.03	0.00	11.80	2030.69
	3369.04	0.00	11.87	2013.67
	3369.05	0.00	11.95	1998.63
	3369.06	0.00	12.03	1992.58
	3369.08	0.00	12.15	1976.52
	3369.09	0.00	12.25	1965.47
	3369.10	0.00	12.32	1950.43
	3369.11	0.00	12.50	1928.35
	3369.12	0.00	12.67	1908.28
	3369.14	0.00	12.74	1902.22
	3369.15	0.00	12.81	1904.13
	3369.16	0.00	12.85	1902.07
	3369.17	0.00	12.91	1908.00
	3369.18	0.00	12.94	1907.95
	3369.19	0.00	13.01	1904.85
	3369.21	0.00	13.07	1915.84
	3369.22	0.00	13.10	1910.83
	3369.23	0.00	13.12	1912.85
	3369.24	0.00	13.20	1902.86
	3369.25	0.00	13.19	1898.91
	3369.27	0.00	13.37	1935.91
	3369.28	0.00	13.47	1945.84
	3369.29	0.00	13.62	1971.85
	3369.30	0.00	13.73	1990.79
	3369.31	0.00	13.82	2006.75
	3369.32	0.00	13.92	2024.69
	3369.33	0.00	13.96	2035.70
	3369.35	0.00	14.04	2042.61
	3369.36	0.00	14.14	2049.52
	3369.37	0.00	14.26	2048.28
	3369.38	0.00	14.38	2049.05
	3369.39	0.00	14.49	2034.73
	3369.41	0.00	14.53	1998.56
	3369.42	0.00	14.52	1957.42
	3369.43	0.00	14.50	1897.26
	3369.44	0.00	14.34	1833.22
	3369.45	0.00	13.97	1736.30
	3369.46	0.00	13.49	1659.57
	3369.48	0.00	12.92	1607.33
	3369.49	0.00	12.62	1555.56
	3369.50	0.00	12.35	1501.76
	3369.51	0.00	12.16	1462.87
	3369.52	0.00	12.23	1498.85
	3369.54	0.00	12.21	1489.84
	3369.55	0.00	12.23	1494.83
	3369.56	0.00	12.22	1494.83
	3369.57	0.00	12.22	1490.83
	3369.58	0.00	12.23	1492.83
	3369.59	0.00	12.22	1484.80
	3369.61	0.00	12.25	1495.79
	3369.62	0.00	12.25	1497.79
	3369.63	0.00	12.26	1499.78
	3369.64	0.00	12.29	1506.75
	3369.65	0.00	12.28	1508.76
	3369.66	0.00	12.30	1507.75
	3369.68	0.00	12.30	1511.75
	3369.69	0.00	12.31	1514.76
	3369.70	0.00	12.30	1510.74
	3369.71	0.00	12.30	1510.74
	3369.72	0.00	12.31	1512.73
	3369.74	0.00	12.31	1511.73
	3369.75	0.00	12.32	1510.73
	3369.76	0.00	12.33	1510.72
	3369.77	0.00	12.31	1506.72
	3369.78	0.00	12.32	1505.72
	3369.79	0.00	12.32	1505.71
	3369.81	0.00	12.32	1502.70
	3369.82	0.00	12.32	1503.70
	3369.83	0.00	12.33	1502.69
	3369.84	0.00	12.33	1501.70
	3369.85	0.00	12.30	1500.74
	3369.86	0.00	12.29	1499.76
	3369.88	0.00	12.30	1501.76
	3369.89	0.00	12.32	1501.73
	3369.90	0.00	12.30	1498.74
	3369.91	0.00	12.31	1498.73
	3369.92	0.00	12.34	1500.69
	3369.93	0.00	12.34	1501.69
	3369.95	0.00	12.41	1513.59
	3369.96	0.00	12.38	1517.68
	3369.97	0.00	12.39	1523.66
	3369.98	0.00	12.39	1524.67
	3370.00	0.00	12.40	1527.67
	3370.01	0.00	12.39	1526.68
	3370.02	0.00	12.27	1531.84
	3370.03	0.00	11.69	1618.31
	3370.04	0.00	10.92	1799.70
	3370.05	0.00	10.49	1930.92
	3370.06	0.00	10.43	1952.01
	3370.08	0.00	10.50	1945.01
	3370.09	0.00	10.57	1927.07
	3370.10	0.00	10.50	1967.13
	3370.11	0.00	10.42	2014.21
	3370.12	0.00	10.41	2067.25
	3370.14	0.00	10.48	2075.27
	3370.15	0.00	10.52	2092.24
	3370.16	0.00	10.55	2101.27
	3370.17	0.00	10.59	2103.27
	3370.18	0.00	10.66	2098.21
	3370.19	0.00	10.73	2097.19
	3370.21	0.00	10.83	2091.16
	3370.22	0.00	10.92	2081.12
	3370.23	0.00	11.04	2067.00
	3370.24	0.00	11.11	2054.07
	3370.25	0.00	11.21	2060.01
	3370.27	0.00	11.34	2045.97
	3370.28	0.00	11.47	2019.88
	3370.29	0.00	11.62	1993.77
	3370.30	0.00	11.76	1978.75
	3370.31	0.00	11.88	1955.68
	3370.33	0.00	12.06	1916.56
	3370.34	0.00	12.35	1839.45
	3370.35	0.00	12.62	1796.31
	3370.36	0.00	12.65	1830.21
	3370.37	0.00	12.69	1819.14
	3370.38	0.00	12.73	1817.09
	3370.40	0.00	12.77	1819.04
	3370.41	0.00	12.80	1817.97
	3370.42	0.00	12.83	1795.95
	3370.43	0.00	12.87	1793.90
	3370.44	0.00	12.89	1791.88
	3370.46	0.00	13.05	1819.85
	3370.47	0.00	13.10	1828.88
	3370.48	0.00	13.18	1839.87
	3370.49	0.00	13.26	1851.83
	3370.50	0.00	13.48	1886.84
	3370.51	0.00	13.60	1906.83
	3370.53	0.00	13.75	1932.75
	3370.54	0.00	13.91	1963.69
	3370.55	0.00	14.05	1993.66
	3370.56	0.00	14.21	2020.50
	3370.57	0.00	14.35	2038.36
	3370.58	0.00	14.43	2039.29
	3370.60	0.00	14.65	2057.96
	3370.61	0.00	14.80	2062.73
	3370.62	0.00	14.85	2045.58
	3370.63	0.00	14.81	2014.53
	3370.64	0.00	14.77	1968.41
	3370.65	0.00	14.62	1915.44
	3370.67	0.00	14.38	1845.49
	3370.68	0.00	13.90	1772.88
	3370.69	0.00	13.28	1689.52
	3370.70	0.00	12.56	1554.70
	3370.71	0.00	12.27	1482.81
	3370.73	0.00	12.12	1461.93
	3370.74	0.00	12.11	1460.89
	3370.75	0.00	12.09	1458.90
	3370.76	0.00	12.07	1436.82
	3370.77	0.00	12.06	1435.85
	3370.78	0.00	12.08	1444.86
	3370.80	0.00	12.09	1444.84
	3370.81	0.00	12.11	1448.84
	3370.82	0.00	12.11	1449.85
	3370.83	0.00	12.14	1457.86
	3370.84	0.00	12.16	1467.88
	3370.85	0.00	12.18	1465.85
	3370.87	0.00	12.17	1468.85
	3370.88	0.00	12.19	1471.83
	3370.89	0.00	12.18	1474.84
	3370.90	0.00	12.20	1479.84
	3370.91	0.00	12.26	1489.79
	3370.93	0.00	12.27	1499.82
	3370.94	0.00	12.28	1501.81
	3370.95	0.00	12.28	1499.81
	3370.96	0.00	12.27	1501.81
	3370.97	0.00	12.28	1501.81
	3370.98	0.00	12.30	1509.81
	3371.00	0.00	12.29	1501.80
	3371.01	0.00	12.28	1505.83
	3371.02	0.00	12.28	1505.85
	3371.03	0.00	12.31	1509.83
	3371.04	0.00	12.31	1511.82
	3371.05	0.00	12.34	1520.80
	3371.07	0.00	12.36	1516.71
	3371.08	0.00	12.41	1522.66
	3371.09	0.00	12.41	1529.68
	3371.10	0.00	12.42	1528.67
	3371.11	0.00	12.41	1527.66
	3371.12	0.00	12.40	1526.66
	3371.14	0.00	12.39	1522.66
	3371.15	0.00	12.39	1523.66
	3371.16	0.00	12.39	1524.65
	3371.17	0.00	12.40	1520.64
	3371.18	0.00	12.40	1519.65
	3371.20	0.00	11.96	1563.09
	3371.21	0.00	11.16	1733.60
	3371.22	0.00	10.35	1959.03
	3371.23	0.00	10.24	2004.13
	3371.24	0.00	10.37	1978.09
	3371.25	0.00	10.52	1952.02
	3371.27	0.00	10.50	1969.10
	3371.28	0.00	10.22	1948.18
	3371.29	0.00	10.66	2070.22
	3371.30	0.00	10.81	2148.24
	3371.31	0.00	10.91	2188.22
	3371.33	0.00	11.02	2215.23
	3371.34	0.00	11.07	2214.23
	3371.35	0.00	11.16	2201.20
	3371.36	0.00	11.25	2176.07
	3371.37	0.00	11.35	2157.05
	3371.38	0.00	11.47	2137.99
	3371.40	0.00	11.57	2106.01
	3371.41	0.00	11.71	2070.99
	3371.42	0.00	11.86	2038.95
	3371.43	0.00	12.10	2001.88
	3371.44	0.00	12.29	1947.76
	3371.46	0.00	12.65	1879.68
	3371.47	0.00	12.83	1868.56
	3371.48	0.00	12.95	1867.38
	3371.49	0.00	13.07	1878.26
	3371.50	0.00	13.12	1886.22
	3371.51	0.00	13.16	1889.19
	3371.53	0.00	13.18	1890.16
	3371.54	0.00	13.20	1896.15
	3371.55	0.00	13.20	1895.16
	3371.56	0.00	13.22	1893.15
	3371.57	0.00	13.25	1893.13
	3371.59	0.00	13.25	1894.13
	3371.60	0.00	13.28	1890.03
	3371.61	0.00	13.30	1891.99
	3371.62	0.00	13.31	1891.95
	3371.63	0.00	13.34	1891.91
	3371.64	0.00	13.57	1926.89
	3371.66	0.00	13.67	1946.84
	3371.67	0.00	13.72	1951.84
	3371.68	0.00	13.83	1962.78
	3371.69	0.00	13.91	1969.65
	3371.70	0.00	13.94	1969.69
	3371.72	0.00	14.01	1970.63
	3371.73	0.00	14.08	1979.56
	3371.74	0.00	14.16	1978.47
	3371.75	0.00	14.23	1966.28
	3371.76	0.00	14.28	1944.10
	3371.77	0.00	14.31	1919.96
	3371.79	0.00	14.38	1888.71
	3371.80	0.00	14.15	1841.94
	3371.81	0.00	13.79	1778.25
	3371.82	0.00	13.37	1705.56
	3371.83	0.00	12.95	1614.74
	3371.84	0.00	12.36	1496.78
	3371.86	0.00	12.07	1423.90
	3371.87	0.00	11.92	1410.09
	3371.88	0.00	11.93	1424.09
	3371.89	0.00	11.98	1440.07
	3371.90	0.00	11.96	1432.13
	3371.92	0.00	11.92	1419.16
	3371.93	0.00	11.94	1420.14
	3371.94	0.00	11.94	1413.12
	3371.95	0.00	11.96	1413.10
	3371.96	0.00	12.04	1440.05
	3371.97	0.00	12.10	1461.03
	3371.99	0.00	12.13	1467.01
	3372.00	0.00	12.17	1473.95
	3372.01	0.00	12.18	1477.98
	3372.02	0.00	12.19	1478.97
	3372.03	0.00	12.21	1482.96
	3372.04	0.00	12.22	1487.94
	3372.06	0.00	12.22	1487.93
	3372.07	0.00	12.24	1494.93
	3372.08	0.00	12.23	1495.95
	3372.09	0.00	12.25	1495.90
	3372.10	0.00	12.40	1499.63
	3372.11	0.00	12.40	1505.66
	3372.13	0.00	12.40	1505.68
	3372.14	0.00	12.38	1497.68
	3372.15	0.00	12.40	1498.64
	3372.16	0.00	12.40	1499.64
	3372.17	0.00	12.41	1500.64
	3372.18	0.00	12.29	1488.80
	3372.20	0.00	12.30	1498.84
	3372.21	0.00	12.31	1500.84
	3372.22	0.00	12.32	1498.83
	3372.23	0.00	12.33	1497.81
	3372.24	0.00	12.33	1498.80
	3372.26	0.00	12.36	1498.71
	3372.27	0.00	12.38	1508.71
	3372.28	0.00	12.34	1496.72
	3372.29	0.00	12.38	1511.73
	3372.30	0.00	12.39	1512.72
	3372.31	0.00	12.25	1523.98
	3372.33	0.00	11.71	1604.38
	3372.34	0.00	10.87	1824.84
	3372.35	0.00	10.28	2002.19
	3372.36	0.00	10.25	2019.27
	3372.37	0.00	10.41	1981.25
	3372.39	0.00	10.44	1989.23
	3372.40	0.00	10.56	2036.24
	3372.41	0.00	10.50	2068.31
	3372.42	0.00	10.63	2094.30
	3372.43	0.00	10.75	2138.30
	3372.44	0.00	10.85	2161.24
	3372.46	0.00	10.95	2172.23
	3372.47	0.00	11.06	2172.20
	3372.48	0.00	11.17	2157.16
	3372.49	0.00	11.28	2141.11
	3372.50	0.00	11.39	2127.07
	3372.52	0.00	11.52	2108.02
	3372.53	0.00	11.65	2088.99
	3372.54	0.00	11.83	2060.92
	3372.55	0.00	12.08	2001.77
	3372.56	0.00	12.23	1972.80
	3372.57	0.00	12.55	1900.70
	3372.59	0.00	12.69	1871.57
	3372.60	0.00	12.81	1855.39
	3372.61	0.00	12.89	1817.22
	3372.62	0.00	13.00	1818.19
	3372.63	0.00	13.02	1806.15
	3372.65	0.00	13.04	1796.11
	3372.66	0.00	13.07	1795.08
	3372.67	0.00	13.19	1803.98
	3372.68	0.00	13.21	1797.97
	3372.69	0.00	13.26	1794.93
	3372.70	0.00	13.40	1810.91
	3372.72	0.00	13.47	1807.86
	3372.73	0.00	13.51	1814.84
	3372.74	0.00	13.60	1822.82
	3372.75	0.00	13.68	1822.78
	3372.76	0.00	13.74	1836.83
	3372.77	0.00	13.81	1843.76
	3372.79	0.00	13.88	1851.72
	3372.80	0.00	13.94	1864.71
	3372.81	0.00	13.98	1867.68
	3372.82	0.00	14.01	1870.63
	3372.83	0.00	14.06	1880.60
	3372.85	0.00	14.08	1894.59
	3372.86	0.00	14.10	1898.58
	3372.87	0.00	14.13	1896.51
	3372.88	0.00	14.17	1897.43
	3372.89	0.00	14.17	1898.38
	3372.90	0.00	14.24	1886.17
	3372.92	0.00	14.27	1879.04
	3372.93	0.00	14.25	1875.02
	3372.94	0.00	14.11	1846.11
	3372.95	0.00	13.75	1800.48
	3372.96	0.00	13.41	1718.60
	3372.97	0.00	13.03	1633.68
	3372.99	0.00	12.39	1473.81
	3373.00	0.00	12.02	1407.87
	3373.01	0.00	11.94	1398.93
	3373.02	0.00	11.86	1394.02
	3373.03	0.00	11.86	1400.07
	3373.04	0.00	11.90	1397.99
	3373.06	0.00	11.93	1397.95
	3373.07	0.00	11.95	1411.02
	3373.08	0.00	11.97	1417.03
	3373.09	0.00	11.99	1421.02
	3373.10	0.00	12.01	1424.01
	3373.12	0.00	12.02	1427.01
	3373.13	0.00	12.05	1429.00
	3373.14	0.00	12.07	1429.98
	3373.15	0.00	12.05	1427.97
	3373.16	0.00	12.09	1434.95
	3373.17	0.00	12.09	1434.96
	3373.19	0.00	12.10	1429.90
	3373.20	0.00	12.09	1421.86
	3373.21	0.00	12.26	1476.77
	3373.22	0.00	12.29	1483.75
	3373.23	0.00	12.31	1487.73
	3373.25	0.00	12.28	1480.73
	3373.26	0.00	12.34	1497.71
	3373.27	0.00	12.32	1491.70
	3373.28	0.00	12.32	1491.71
	3373.29	0.00	12.33	1492.70
	3373.30	0.00	12.33	1490.69
	3373.32	0.00	12.34	1492.69
	3373.33	0.00	12.36	1503.73
	3373.34	0.00	12.38	1505.72
	3373.35	0.00	12.34	1496.72
	3373.36	0.00	12.35	1497.71
	3373.37	0.00	12.35	1499.72
	3373.39	0.00	12.36	1500.71
	3373.40	0.00	12.37	1500.69
	3373.41	0.00	12.37	1501.69
	3373.42	0.00	12.36	1502.71
	3373.43	0.00	12.33	1498.74
	3373.44	0.00	12.34	1503.74
	3373.46	0.00	12.32	1500.76
	3373.47	0.00	12.33	1500.76
	3373.48	0.00	12.32	1502.78
	3373.49	0.00	12.32	1506.80
	3373.50	0.00	12.12	1523.10
	3373.51	0.00	11.45	1642.56
	3373.53	0.00	10.63	1869.05
	3373.54	0.00	10.24	2000.32
	3373.55	0.00	10.23	2008.40
	3373.56	0.00	10.38	1978.37
	3373.57	0.00	10.39	1985.34
	3373.59	0.00	10.36	2013.31
	3373.60	0.00	10.41	2053.31
	3373.61	0.00	10.45	2094.29
	3373.62	0.00	10.54	2130.29
	3373.63	0.00	10.64	2159.33
	3373.64	0.00	10.73	2179.33
	3373.66	0.00	10.79	2179.31
	3373.67	0.00	10.87	2172.24
	3373.68	0.00	10.93	2158.22
	3373.69	0.00	11.00	2138.19
	3373.70	0.00	11.09	2122.15
	3373.72	0.00	11.21	2107.08
	3373.73	0.00	11.34	2084.04
	3373.74	0.00	11.46	2047.00
	3373.75	0.00	11.61	2020.95
	3373.76	0.00	11.79	1980.91
	3373.78	0.00	11.99	1943.82
	3373.79	0.00	12.32	1884.72
	3373.80	0.00	12.56	1848.57
	3373.81	0.00	12.70	1843.43
	3373.82	0.00	12.83	1843.21
	3373.83	0.00	12.91	1837.11
	3373.85	0.00	12.95	1808.07
	3373.86	0.00	13.00	1812.03
	3373.87	0.00	13.01	1806.00
	3373.88	0.00	13.04	1799.92
	3373.89	0.00	13.07	1794.86
	3373.90	0.00	13.06	1792.85
	3373.92	0.00	13.06	1787.83
	3373.93	0.00	13.07	1785.83
	3373.94	0.00	13.09	1788.81
	3373.95	0.00	13.11	1789.80
	3373.96	0.00	13.13	1799.79
	3373.98	0.00	13.29	1824.77
	3373.99	0.00	13.44	1855.80
	3374.00	0.00	13.50	1869.76
	3374.01	0.00	13.57	1883.72
	3374.02	0.00	13.65	1896.67
	3374.03	0.00	13.73	1905.61
	3374.05	0.00	13.79	1914.53
	3374.06	0.00	13.84	1917.49
	3374.07	0.00	13.92	1920.37
	3374.08	0.00	13.99	1921.25
	3374.09	0.00	14.05	1919.13
	3374.11	0.00	14.08	1922.09
	3374.12	0.00	14.17	1907.89
	3374.13	0.00	14.24	1895.69
	3374.14	0.00	14.22	1870.60
	3374.15	0.00	14.12	1824.61
	3374.16	0.00	13.88	1769.80
	3374.18	0.00	13.46	1686.00
	3374.19	0.00	12.98	1585.36
	3374.20	0.00	12.52	1509.59
	3374.21	0.00	12.27	1451.66
	3374.22	0.00	12.14	1436.77
	3374.23	0.00	12.09	1433.82
	3374.25	0.00	11.99	1416.90
	3374.26	0.00	11.91	1413.04
	3374.27	0.00	11.89	1416.11
	3374.28	0.00	11.91	1420.11
	3374.29	0.00	11.90	1421.14
	3374.31	0.00	11.92	1426.13
	3374.32	0.00	11.93	1425.13
	3374.33	0.00	11.95	1426.12
	3374.34	0.00	11.98	1421.12
	3374.35	0.00	12.11	1466.05
	3374.36	0.00	12.13	1470.03
	3374.38	0.00	12.14	1475.01
	3374.39	0.00	12.11	1454.94
	3374.40	0.00	12.15	1465.94
	3374.41	0.00	12.11	1453.94
	3374.42	0.00	12.17	1472.94
	3374.43	0.00	12.20	1481.94
	3374.45	0.00	12.20	1482.95
	3374.46	0.00	12.22	1493.93
	3374.47	0.00	12.21	1492.93
	3374.48	0.00	12.22	1492.92
	3374.49	0.00	12.25	1493.87
	3374.50	0.00	12.26	1502.88
	3374.52	0.00	12.28	1510.90
	3374.53	0.00	12.26	1507.91
	3374.54	0.00	12.26	1503.90
	3374.55	0.00	12.26	1504.90
	3374.56	0.00	12.26	1502.89
	3374.58	0.00	12.23	1497.91
	3374.59	0.00	12.23	1502.93
	3374.60	0.00	12.24	1501.92
	3374.61	0.00	12.25	1501.93
	3374.62	0.00	12.24	1499.93
	3374.63	0.00	12.24	1499.93
	3374.65	0.00	12.24	1499.93
	3374.66	0.00	12.23	1497.92
	3374.67	0.00	12.26	1494.84
	3374.68	0.00	12.30	1502.81
	3374.69	0.00	12.31	1502.80
	3374.70	0.00	12.31	1502.80
	3374.72	0.00	12.32	1504.79
	3374.73	0.00	12.33	1506.78
	3374.74	0.00	12.22	1526.96
	3374.75	0.00	11.54	1618.54
	3374.76	0.00	10.83	1824.97
	3374.77	0.00	10.47	1952.24
	3374.79	0.00	10.54	1959.24
	3374.80	0.00	10.61	1944.18
	3374.81	0.00	10.64	1944.16
	3374.82	0.00	10.61	1970.16
	3374.83	0.00	10.63	2011.18
	3374.85	0.00	10.71	2050.18
	3374.86	0.00	10.81	2084.19
	3374.87	0.00	10.99	2135.18
	3374.88	0.00	11.10	2139.20
	3374.89	0.00	11.22	2134.17
	3374.91	0.00	11.34	2115.13
	3374.92	0.00	11.44	2100.11
	3374.93	0.00	11.57	2075.00
	3374.94	0.00	11.68	2048.04
	3374.95	0.00	11.85	1992.98
	3374.96	0.00	11.97	1968.85
	3374.98	0.00	12.12	1930.81
	3374.99	0.00	12.38	1860.75
	3375.00	0.00	12.53	1820.65
	3375.01	0.00	12.60	1806.57
	3375.02	0.00	12.64	1785.50
	3375.04	0.00	12.70	1774.39
	3375.05	0.00	12.74	1759.29
	3375.06	0.00	12.75	1748.24
	3375.07	0.00	12.87	1757.19
	3375.08	0.00	12.87	1744.13
	3375.09	0.00	12.88	1740.15
	3375.11	0.00	12.93	1741.11
	3375.12	0.00	13.07	1757.09
	3375.13	0.00	13.13	1758.07
	3375.14	0.00	13.16	1756.05
	3375.15	0.00	13.25	1754.95
	3375.16	0.00	13.29	1761.97
	3375.18	0.00	13.32	1760.96
	3375.19	0.00	13.34	1758.95
	3375.20	0.00	13.39	1765.95
	3375.21	0.00	13.44	1766.92
	3375.22	0.00	13.48	1770.92
	3375.24	0.00	13.47	1766.92
	3375.25	0.00	13.55	1778.91
	3375.26	0.00	13.57	1786.95
	3375.27	0.00	13.60	1788.91
	3375.28	0.00	13.65	1797.90
	3375.29	0.00	13.67	1803.91
	3375.30	0.00	13.68	1806.92
	3375.32	0.00	13.69	1803.88
	3375.33	0.00	13.69	1802.87
	3375.34	0.00	13.69	1806.86
	3375.35	0.00	13.68	1808.85
	3375.36	0.00	13.62	1797.86
	3375.38	0.00	13.54	1778.85
	3375.39	0.00	13.45	1760.87
	3375.40	0.00	13.29	1732.91
	3375.41	0.00	13.07	1673.93
	3375.42	0.00	12.67	1562.01
	3375.43	0.00	12.15	1464.96
	3375.45	0.00	12.05	1443.98
	3375.46	0.00	11.90	1413.06
	3375.47	0.00	11.87	1412.11
	3375.48	0.00	11.88	1416.11
	3375.49	0.00	11.88	1417.11
	3375.50	0.00	11.84	1403.10
	3375.52	0.00	11.90	1417.09
	3375.53	0.00	11.93	1423.07
	3375.54	0.00	11.97	1432.05
	3375.55	0.00	12.01	1434.02
	3375.56	0.00	12.02	1437.02
	3375.58	0.00	12.03	1437.00
	3375.59	0.00	12.06	1441.97
	3375.60	0.00	12.17	1479.90
	3375.61	0.00	12.19	1486.89
	3375.62	0.00	12.19	1483.88
	3375.63	0.00	12.20	1483.87
	3375.65	0.00	12.20	1483.86
	3375.66	0.00	12.20	1484.88
	3375.67	0.00	12.22	1485.85
	3375.68	0.00	12.23	1486.85
	3375.69	0.00	12.23	1488.85
	3375.70	0.00	12.22	1487.86
	3375.72	0.00	12.23	1485.85
	3375.73	0.00	12.19	1479.90
	3375.74	0.00	12.19	1481.92
	3375.75	0.00	12.17	1480.94
	3375.76	0.00	12.16	1481.97
	3375.77	0.00	12.16	1479.96
	3375.79	0.00	12.15	1475.96
	3375.80	0.00	12.15	1475.96
	3375.81	0.00	12.18	1475.89
	3375.82	0.00	12.19	1481.92
	3375.83	0.00	12.18	1480.93
	3375.85	0.00	12.18	1483.93
	3375.86	0.00	12.18	1487.93
	3375.87	0.00	12.17	1490.96
	3375.88	0.00	12.18	1491.94
	3375.89	0.00	12.18	1494.94
	3375.90	0.00	12.30	1497.69
	3375.92	0.00	12.34	1503.63
	3375.93	0.00	12.35	1513.65
	3375.94	0.00	12.37	1520.66
	3375.95	0.00	12.33	1515.71
	3375.96	0.00	12.29	1523.77
	3375.97	0.00	12.18	1540.92
	3375.99	0.00	11.97	1555.10
	3376.00	0.00	11.67	1601.42
	3376.01	0.00	11.49	1647.59
	3376.02	0.00	11.45	1663.65
	3376.03	0.00	11.42	1687.69
	3376.05	0.00	11.39	1681.65
	3376.06	0.00	11.43	1705.69
	3376.07	0.00	11.49	1724.70
	3376.08	0.00	11.53	1737.61	1657.47
	3379.19	0.00	11.56	1659.58
	3379.20	0.00	11.51	1659.69
	3379.21	0.00	11.52	1655.72
	3379.22	0.00	11.53	1658.72
	3379.23	0.00	11.47	1639.68
	3379.25	0.00	11.48	1647.71
	3379.26	0.00	11.49	1650.71
	3379.27	0.00	11.51	1650.72
	3379.28	0.00	11.51	1656.72
	3379.29	0.00	11.50	1657.73
	3379.30	0.00	11.54	1672.69
	3379.32	0.00	11.54	1675.71
	3379.33	0.00	11.54	1679.72
	3379.34	0.00	11.52	1684.73
	3379.35	0.00	11.52	1683.71
	3379.36	0.00	11.51	1690.74
	3379.37	0.00	11.53	1692.74
	3379.39	0.00	11.53	1695.74
	3379.40	0.00	11.54	1697.74
	3379.41	0.00	11.55	1697.70
	3379.42	0.00	11.55	1700.69
	3379.43	0.00	11.56	1705.68
	3379.44	0.00	11.55	1705.70
	3379.46	0.00	11.56	1710.68
	3379.47	0.00	11.54	1705.68
	3379.48	0.00	11.54	1708.68
	3379.49	0.00	11.54	1711.68
	3379.50	0.00	11.53	1714.69
	3379.52	0.00	11.54	1717.69
	3379.53	0.00	11.51	1717.68
	3379.54	0.00	11.53	1722.69
	3379.55	0.00	11.54	1727.70
	3379.56	0.00	11.54	1729.69
	3379.57	0.00	11.53	1731.74
	3379.59	0.00	11.54	1735.75
	3379.60	0.00	11.56	1739.76
	3379.61	0.00	11.58	1738.72
	3379.62	0.00	11.60	1741.74
	3379.63	0.00	11.60	1741.74
	3379.65	0.00	11.61	1747.75
	3379.66	0.00	11.75	1752.43
	3379.67	0.00	11.75	1754.47
	3379.68	0.00	11.74	1746.49
	3379.69	0.00	11.73	1747.50
	3379.70	0.00	11.66	1736.66
	3379.72	0.00	11.65	1739.72
	3379.73	0.00	11.69	1742.72
	3379.74	0.00	11.69	1743.73
	3379.75	0.00	11.67	1731.70
	3379.76	0.00	11.69	1739.71
	3379.78	0.00	11.72	1734.71
	3379.79	0.00	11.71	1739.72
	3379.80	0.00	11.74	1744.68
	3379.81	0.00	11.76	1753.70
	3379.82	0.00	11.74	1747.70
	3379.83	0.00	11.77	1751.70
	3379.85	0.00	11.76	1753.70
	3379.86	0.00	11.77	1752.70
	3379.87	0.00	11.77	1754.72
	3379.88	0.00	11.79	1752.72
	3379.89	0.00	11.78	1754.72
	3379.91	0.00	11.78	1748.68
	3379.92	0.00	11.79	1752.68
	3379.93	0.00	11.79	1749.66
	3379.94	0.00	11.79	1756.66
	3379.95	0.00	11.78	1760.66
	3379.96	0.00	11.76	1755.66
	3379.98	0.00	11.75	1750.66
	3379.99	0.00	11.77	1754.65
	3380.00	0.00	11.77	1754.65
	3380.01	0.00	11.78	1755.65
	3380.02	0.00	11.76	1748.64
	3380.04	0.00	11.77	1751.65
	3380.05	0.00	11.78	1751.65
	3380.06	0.00	11.78	1749.65
	3380.07	0.00	11.78	1746.65
	3380.08	0.00	11.79	1742.65
	3380.09	0.00	11.79	1733.67
	3380.11	0.00	11.81	1728.69
	3380.12	0.00	11.82	1723.70
	3380.13	0.00	11.84	1715.69
	3380.14	0.00	11.86	1710.67
	3380.15	0.00	11.87	1706.68
	3380.16	0.00	11.87	1704.69
	3380.18	0.00	11.89	1698.62
	3380.19	0.00	11.98	1698.39
	3380.20	0.00	11.97	1699.41
	3380.21	0.00	11.94	1689.43
	3380.22	0.00	11.92	1688.45
	3380.24	0.00	11.85	1674.51
	3380.25	0.00	11.80	1672.59
	3380.26	0.00	11.76	1667.64
	3380.27	0.00	11.73	1666.66
	3380.28	0.00	11.73	1658.67
	3380.29	0.00	11.67	1644.63
	3380.31	0.00	11.64	1644.67
	3380.32	0.00	11.61	1650.69
	3380.33	0.00	11.59	1652.69
	3380.34	0.00	11.55	1646.72
	3380.35	0.00	11.54	1644.70
	3380.37	0.00	11.51	1635.66
	3380.38	0.00	11.52	1677.67
	3380.39	0.00	11.51	1672.70
	3380.40	0.00	11.51	1678.69
	3380.41	0.00	11.49	1681.69
	3380.42	0.00	11.48	1676.64
	3380.44	0.00	11.46	1683.67
	3380.45	0.00	11.44	1692.71
	3380.46	0.00	11.43	1698.72
	3380.47	0.00	11.41	1708.73
	3380.48	0.00	11.305	0.00	12.62	1654.02
	3381.06	0.00	12.58	1627.98
	3381.07	0.00	12.53	1607.99
	3381.09	0.00	12.45	1586.03
	3381.10	0.00	12.42	1571.02
	3381.11	0.00	12.37	1557.03
	3381.12	0.00	12.32	1538.02
	3381.13	0.00	12.27	1518.01
	3381.14	0.00	12.25	1514.00
	3381.16	0.00	12.22	1503.00
	3381.17	0.00	12.22	1499.99
	3381.18	0.00	12.21	1495.99
	3381.19	0.00	12.21	1495.98
	3381.20	0.00	12.22	1492.97
	3381.21	0.00	12.22	1489.97
	3381.23	0.00	12.22	1492.97
	3381.24	0.00	12.23	1494.97
	3381.25	0.00	12.22	1491.98
	3381.26	0.00	12.21	1487.96
	3381.27	0.00	12.23	1491.96
	3381.28	0.00	12.23	1490.96
	3381.30	0.00	12.23	1489.95
	3381.31	0.00	12.21	1487.97
	3381.32	0.00	12.22	1487.97
	3381.33	0.00	12.22	1487.97
	3381.34	0.00	12.22	1486.97
	3381.36	0.00	12.24	1482.90
	3381.37	0.00	12.22	1484.98
	3381.38	0.00	12.20	1488.01
	3381.39	0.00	12.20	1484.02
	3381.40	0.00	12.21	1486.02
	3381.41	0.00	12.20	1484.02
	3381.43	0.00	12.20	1485.02
	3381.44	0.00	12.19	1485.05
	3381.45	0.00	12.22	1490.01
	3381.46	0.00	12.23	1495.00
	3381.47	0.00	12.22	1501.02
	3381.48	0.00	12.23	1509.03
	3381.50	0.00	12.20	1516.10
	3381.51	0.00	12.17	1514.12
	3381.52	0.00	12.17	1515.13
	3381.53	0.00	12.17	1513.11
	3381.54	0.00	12.22	1512.00
	3381.56	0.00	12.22	1518.01
	3381.57	0.00	12.21	1527.04
	3381.58	0.00	12.17	1529.10
	3381.59	0.00	12.14	1545.14
	3381.60	0.00	12.08	1572.27
	3381.61	0.00	12.05	1593.35
	3381.63	0.00	11.96	1599.50
	3381.64	0.00	11.95	1617.58
	3381.65	0.00	11.93	1635.62
	3381.66	0.00	11.91	1651.66
	3381.67	0.00	11.87	1664.71
	3381.68	0.00	11.84	1671.70
	3381.70	0.00	11.80	1695.77
	3381.71	0.00	11.80	1714.81
	3381.72	0.00	11.79	1734.86
	3381.73	0.00	11.81	1747.87
	3381.74	0.00	11.87	1772.85
	3381.75	0.00	11.89	1814.88
	3381.77	0.00	11.87	1818.90
	3381.78	0.00	11.89	1828.91
	3381.79	0.00	11.90	1828.88
	3381.80	0.00	11.90	1836.93
	3381.81	0.00	11.92	1840.93
	3381.83	0.00	11.93	1842.94
	3381.84	0.00	11.96	1841.92
	3381.85	0.00	11.98	1833.87
	3381.86	0.00	12.01	1837.85
	3381.87	0.00	12.01	1829.85
	3381.88	0.00	12.05	1834.83
	3381.90	0.00	12.05	1828.83
	3381.91	0.00	12.08	1828.81
	3381.92	0.00	12.10	1829.82
	3381.93	0.00	12.13	1832.81
	3381.94	0.00	12.14	1832.81
	3381.96	0.00	12.16	1834.80
	3381.97	0.00	12.16	1839.80
	3381.98	0.00	12.18	1844.81
	3381.99	0.00	12.18	1848.81
	3382.00	0.00	12.18	1850.83
	3382.02	0.00	12.19	1854.84
	3382.03	0.00	12.21	1859.83
	3382.04	0.00	12.20	1858.85
	3382.05	0.00	12.23	1862.82
	3382.06	0.00	12.24	1863.83
	3382.07	0.00	12.24	1859.81
	3382.09	0.00	12.22	1859.82
	3382.10	0.00	12.22	1859.82
	3382.11	0.00	12.25	1858.78
	3382.12	0.00	12.26	1862.78
	3382.13	0.00	12.24	1851.78
	3382.15	0.00	12.26	1859.78
	3382.16	0.00	12.22	1857.84
	3382.17	0.00	12.24	1861.84
	3382.18	0.00	12.24	1853.83
	3382.19	0.00	12.26	1860.83
	3382.20	0.00	12.26	1860.82
	3382.22	0.00	12.27	1857.78
	3382.23	0.00	12.29	1864.78
	3382.24	0.00	12.29	1860.78
	3382.25	0.00	12.28	1859.78
	3382.26	0.00	12.34	1856.65
	3382.27	0.00	12.31	1855.74
	3382.29	0.00	12.31	1849.74
	3382.30	0.00	12.32	1845.73
	3382.31	0.00	12.34	1840.70
	3382.32	0.00	12.32	1834.70
	3382.33	0.00	12.33	1828.70
	3382.34	0.00	12.34	1818.68
	3382.300	12.85	1678.41
	3384.89	0.00	12.69	1640.36
	3384.90	0.00	12.54	1603.33
	3384.91	0.00	12.33	1560.33
	3384.92	0.00	12.26	1531.29
	3384.93	0.00	12.20	1507.22
	3384.95	0.00	12.13	1490.23
	3384.96	0.00	12.10	1481.22
	3384.97	0.00	12.12	1486.23
	3384.98	0.00	12.13	1488.22
	3384.99	0.00	12.15	1488.21
	3385.01	0.00	12.20	1493.14
	3385.02	0.00	12.17	1489.20
	3385.03	0.00	12.20	1487.12
	3385.04	0.00	12.22	1492.11
	3385.05	0.00	12.23	1492.11
	3385.06	0.00	12.23	1495.10
	3385.08	0.00	12.24	1496.10
	3385.09	0.00	12.24	1497.10
	3385.10	0.00	12.24	1495.11
	3385.11	0.00	12.22	1491.09
	3385.12	0.00	12.22	1492.09
	3385.13	0.00	12.23	1494.09
	3385.15	0.00	12.23	1492.10
	3385.16	0.00	12.22	1487.09
	3385.17	0.00	12.23	1491.08
	3385.18	0.00	12.23	1490.09
	3385.19	0.00	12.20	1484.11
	3385.20	0.00	12.23	1490.09
	3385.22	0.00	12.23	1492.09
	3385.23	0.00	12.23	1489.08
	3385.24	0.00	12.23	1486.08
	3385.25	0.00	12.23	1489.08
	3385.26	0.00	12.23	1490.07
	3385.28	0.00	12.20	1486.14
	3385.29	0.00	12.19	1485.14
	3385.30	0.00	12.20	1488.15
	3385.31	0.00	12.19	1488.16
	3385.32	0.00	12.18	1486.16
	3385.33	0.00	12.20	1491.17
	3385.35	0.00	12.24	1491.10
	3385.36	0.00	12.23	1491.12
	3385.37	0.00	12.21	1492.16
	3385.38	0.00	12.22	1492.14
	3385.39	0.00	12.22	1490.14
	3385.40	0.00	12.22	1492.14
	3385.42	0.00	12.20	1493.18
	3385.43	0.00	12.27	1493.05
	3385.44	0.00	12.28	1506.07
	3385.45	0.00	12.25	1522.11
	3385.46	0.00	12.24	1538.18
	3385.48	0.00	12.18	1555.27
	3385.49	0.00	12.14	1570.35
	3385.50	0.00	12.09	1572.41
	3385.51	0.00	12.05	1587.55
	3385.52	0.00	12.05	1598.58
	3385.53	0.00	12.05	1602.60
	3385.55	0.00	12.06	1608.62
	3385.56	0.00	12.07	1618.62
	3385.57	0.00	12.08	1618.57
	3385.58	0.00	12.07	1625.61
	3385.59	0.00	12.05	1631.65
	3385.60	0.00	12.03	1636.65
	3385.62	0.00	12.01	1643.68
	3385.63	0.00	11.98	1648.70
	3385.64	0.00	11.98	1660.69
	3385.65	0.00	11.95	1670.73
	3385.66	0.00	11.92	1675.76
	3385.67	0.00	11.90	1683.79
	3385.69	0.00	11.88	1684.79
	3385.70	0.00	11.87	1702.85
	3385.71	0.00	11.85	1709.87
	3385.72	0.00	11.82	1720.90
	3385.73	0.00	11.79	1721.95
	3385.75	0.00	11.80	1732.88
	3385.76	0.00	11.77	1747.90
	3385.77	0.00	11.72	1755.93
	3385.78	0.00	11.65	1781.90
	3385.79	0.00	11.59	1793.97
	3385.80	0.00	11.55	1803.97
	3385.82	0.00	11.54	1820.99
	3385.83	0.00	11.52	1833.00
	3385.84	0.00	11.48	1836.01
	3385.85	0.00	11.46	1845.03
	3385.86	0.00	11.45	1852.03
	3385.88	0.00	11.44	1857.05
	3385.89	0.00	11.42	1858.07
	3385.90	0.00	11.42	1861.09
	3385.91	0.00	11.42	1865.10
	3385.92	0.00	11.42	1863.12
	3385.93	0.00	11.45	1864.06
	3385.95	0.00	11.45	1863.08
	3385.96	0.00	11.45	1859.08
	3385.97	0.00	11.48	1856.01
	3385.98	0.00	11.50	1860.03
	3386.00	0.00	11.50	1855.03
	3386.01	0.00	11.50	1856.05
	3386.02	0.00	11.50	1848.03
	3386.03	0.00	11.48	1843.10
	3386.04	0.00	11.49	1844.09
	3386.05	0.00	11.50	1839.10
	3386.06	0.00	11.48	1830.09
	3386.08	0.00	11.51	1833.09
	3386.09	0.00	11.53	1829.04
	3386.10	0.00	11.51	1830.06
	3386.11	0.00	11.50	1821.05
	3386.12	0.00	11.51	1820.05
	3386.14	0.00	11.51	1816.04
	3386.15	0.00	11.53	1808.06
	3386.16	0.00	11.58	1798.00
	3386.17	0.00	11.61	1784.01
	3386.18	0.00	11.65	1768.00
	3386.19	0.00	11.69	1738.97
	3386.21	0.00	11.73	1736.00
	3386.22	0.00	11.77	1721.00
	3386.23	0.00	11.77	1717.01
	3386.24	0.00	11.76	1697.98
	3386.25	0.00	11.82	1702.91
	3386.27	0.00	11.83	1694.90
	3386.28	0.00	11.83	1689.89
	3386.29	0.00	11.83	1685.89
	3386.30	0.00	11.82	1685.88
	3386.31	0.00	11.81	1678.87
	3386.33	0.00	11.82	1674.86
	3386.34	0.00	11.83	1668.85
	3386.35	0.00	11.83	1663.84
	3386.36	0.00	11.82	1654.83
	3386.37	0.00	11.82	1650.82
	3386.38	0.00	11.82	1647.82
	3386.40	0.00	11.82	1641.81
	3386.41	0.00	11.83	1636.80
	3386.42	0.00	11.83	1631.82
	3386.43	0.00	11.83	1622.83
	3386.44	0.00	11.82	1621.84
	3386.46	0.00	11.83	1620.84
	3386.47	0.00	11.84	1618.83
	3386.48	0.00	11.85	1614.83
	3386.49	0.00	11.87	1611.81
	3386.50	0.00	11.92	1605.69
	3386.51	0.00	11.90	1626.76
	3386.52	0.00	11.90	1620.74
	3386.54	0.00	11.92	1610.72
	3386.55	0.00	11.93	1577.69
	338