	2992.21	0.00	11.97	1575.51
	2992.22	0.00	11.96	1573.53
	2992.24	0.00	11.97	1575.52
	2992.25	0.00	12.11	1573.19
	2992.26	0.00	12.12	1579.19
	2992.27	0.00	12.14	1573.16
	2992.28	0.00	12.09	1570.23
	2992.29	0.00	12.09	1570.23
	2992.31	0.00	12.09	1573.23
	2992.32	0.00	12.02	1557.28
	2992.33	0.00	11.97	1560.41
	2992.34	0.00	11.98	1552.45
	2992.35	0.00	11.99	1555.46
	2992.37	0.00	11.91	1527.44
	2992.38	0.00	11.93	1539.48
	2992.39	0.00	11.96	1544.48
	2992.40	0.00	11.98	1540.49
	2992.41	0.00	11.98	1544.49
	2992.42	0.00	11.98	1547.49
	2992.44	0.00	12.00	1551.46
	2992.45	0.00	12.03	1559.47
	2992.46	0.00	12.03	1559.48
	2992.47	0.00	12.01	1562.49
	2992.48	0.00	12.01	1559.46
	2992.50	0.00	12.03	1565.45
	2992.51	0.00	12.01	1564.49
	2992.52	0.00	12.01	1566.50
	2992.53	0.00	12.01	1565.51
	2992.54	0.00	12.01	1569.51
	2992.55	0.00	12.01	1569.51
	2992.57	0.00	12.01	1564.47
	2992.58	0.00	12.01	1566.47
	2992.59	0.00	12.02	1567.46
	2992.60	0.00	12.02	1567.46
	2992.61	0.00	12.03	1568.46
	2992.62	0.00	12.02	1569.46
	2992.64	0.00	12.01	1570.48
	2992.65	0.00	12.00	1563.46
	2992.66	0.00	11.99	1564.46
	2992.67	0.00	11.99	1564.46
	2992.68	0.00	12.01	1566.44
	2992.70	0.00	12.00	1566.46
	2992.71	0.00	11.99	1566.46
	2992.72	0.00	11.99	1566.46
	2992.73	0.00	11.98	1563.46
	2992.74	0.00	11.98	1562.46
	2992.75	0.00	12.00	1565.46
	2992.77	0.00	11.99	1566.46
	2992.78	0.00	11.99	1567.46
	2992.79	0.00	12.01	1567.46
	2992.80	0.00	11.99	1568.46
	2992.81	0.00	12.02	1568.42
	2992.83	0.00	11.99	1568.49
	2992.84	0.00	11.96	1564.51
	2992.85	0.00	11.97	1568.52
	2992.86	0.00	11.97	1571.52
	2992.87	0.00	11.98	1571.53
	2992.88	0.00	11.99	1572.50
	2992.90	0.00	12.00	1572.48
	2992.91	0.00	12.00	1574.50
	2992.92	0.00	11.99	1573.51
	2992.93	0.00	11.99	1576.51
	2992.94	0.00	12.14	1573.18
	2992.95	0.00	12.14	1576.18
	2992.97	0.00	12.13	1570.21
	2992.98	0.00	12.12	1568.21
	2992.99	0.00	12.13	1569.21
	2993.00	0.00	12.13	1569.22
	2993.01	0.00	12.05	1547.26
	2993.03	0.00	12.01	1554.40
	2993.04	0.00	12.01	1548.44
	2993.05	0.00	12.02	1553.44
	2993.06	0.00	12.03	1556.45
	2993.07	0.00	12.02	1554.45
	2993.08	0.00	11.95	1530.45
	2993.10	0.00	11.98	1542.46
	2993.11	0.00	12.00	1535.48
	2993.12	0.00	12.01	1547.49
	2993.13	0.00	11.98	1542.48
	2993.14	0.00	12.03	1559.48
	2993.15	0.00	12.06	1564.47
	2993.17	0.00	12.04	1566.48
	2993.18	0.00	12.04	1567.48
	2993.19	0.00	12.04	1568.49
	2993.20	0.00	12.03	1566.49
	2993.21	0.00	12.03	1568.49
	2993.22	0.00	12.04	1572.50
	2993.24	0.00	12.03	1573.51
	2993.25	0.00	12.03	1570.51
	2993.26	0.00	12.04	1574.51
	2993.27	0.00	12.04	1571.49
	2993.28	0.00	12.04	1571.47
	2993.30	0.00	12.05	1574.46
	2993.31	0.00	12.05	1572.46
	2993.32	0.00	12.04	1573.47
	2993.33	0.00	12.02	1567.46
	2993.34	0.00	12.02	1569.46
	2993.35	0.00	12.02	1567.45
	2993.37	0.00	12.02	1567.47
	2993.38	0.00	12.02	1570.46
	2993.39	0.00	12.02	1568.46
	2993.40	0.00	12.01	1564.46
	2993.41	0.00	12.03	1569.44
	2993.43	0.00	12.03	1572.46
	2993.44	0.00	12.02	1569.46
	2993.45	0.00	12.01	1567.47
	2993.46	0.00	12.03	1568.44
	2993.47	0.00	12.01	1569.50
	2993.48	0.00	12.00	1568.51
	2993.50	0.00	12.00	1570.52
	2993.51	0.00	11.99	1568.53
	2993.52	0.00	12.02	1572.48
	2993.53	0.00	12.02	1571.50
	2993.54	0.00	12.01	1572.50
	2993.55	0.00	12.01	1573.52
	2993.57	0.00	12.02	1575.51
	2993.58	0.00	12.15	1571.19
	2993.59	0.00	12.17	1577.17
	2993.60	0.00	12.15	1572.22
	2993.61	0.00	12.14	1569.21
	2993.63	0.00	12.14	1570.22
	2993.64	0.00	12.07	1554.28
	2993.65	0.00	12.02	1555.40
	2993.66	0.00	12.03	1548.43
	2993.67	0.00	12.03	1551.43
	2993.68	0.00	12.04	1554.44
	2993.70	0.00	12.04	1555.44
	2993.71	0.00	11.97	1535.45
	2993.72	0.00	11.99	1545.47
	2993.73	0.00	12.03	1545.48
	2993.74	0.00	12.02	1549.48
	2993.76	0.00	12.01	1544.47
	2993.77	0.00	12.05	1559.45
	2993.78	0.00	12.07	1564.45
	2993.79	0.00	12.08	1565.42
	2993.80	0.00	12.08	1564.46
	2993.81	0.00	12.06	1567.47
	2993.83	0.00	12.06	1566.47
	2993.84	0.00	12.05	1569.49
	2993.85	0.00	12.07	1570.48
	2993.86	0.00	12.06	1570.49
	2993.87	0.00	12.06	1570.49
	2993.88	0.00	12.07	1571.49
	2993.90	0.00	12.07	1567.44
	2993.91	0.00	12.08	1571.44
	2993.92	0.00	12.08	1573.44
	2993.93	0.00	12.09	1571.44
	2993.94	0.00	12.09	1572.44
	2993.95	0.00	12.08	1572.44
	2993.97	0.00	12.06	1565.44
	2993.98	0.00	12.08	1569.43
	2993.99	0.00	12.07	1566.43
	2994.00	0.00	12.07	1566.43
	2994.01	0.00	12.06	1562.43
	2994.03	0.00	12.07	1565.44
	2994.04	0.00	12.07	1566.44
	2994.05	0.00	12.07	1567.44
	2994.06	0.00	12.07	1568.45
	2994.07	0.00	12.09	1569.41
	2994.08	0.00	12.05	1566.47
	2994.10	0.00	12.04	1568.49
	2994.11	0.00	12.04	1570.50
	2994.12	0.00	12.05	1571.51
	2994.13	0.00	12.06	1571.46
	2994.14	0.00	12.05	1573.48
	2994.16	0.00	12.04	1571.49
	2994.17	0.00	12.02	1567.50
	2994.18	0.00	12.04	1574.50
	2994.19	0.00	12.04	1573.51
	2994.20	0.00	12.18	1573.16
	2994.21	0.00	12.19	1577.18
	2994.23	0.00	12.17	1569.20
	2994.24	0.00	12.16	1572.21
	2994.25	0.00	12.15	1570.23
	2994.26	0.00	12.15	1564.17
	2994.27	0.00	12.10	1553.22
	2994.28	0.00	12.03	1555.38
	2994.30	0.00	12.02	1550.44
	2994.31	0.00	12.03	1557.45
	2994.32	0.00	11.98	1538.42
	2994.33	0.00	11.96	1542.47
	2994.34	0.00	11.97	1552.50
	2994.36	0.00	11.98	1549.49
	2994.37	0.00	11.99	1554.49
	2994.38	0.00	11.98	1557.50
	2994.39	0.00	11.98	1556.48
	2994.40	0.00	12.02	1572.48
	2994.41	0.00	12.02	1573.49
	2994.43	0.00	12.01	1575.49
	2994.44	0.00	12.00	1577.50
	2994.45	0.00	12.00	1578.49
	2994.46	0.00	12.00	1578.50
	2994.47	0.00	12.00	1579.51
	2994.48	0.00	12.00	1581.51
	2994.50	0.00	11.98	1581.52
	2994.51	0.00	11.99	1583.52
	2994.52	0.00	12.02	1580.40
	2994.53	0.00	11.99	1581.47
	2994.54	0.00	11.99	1582.47
	2994.55	0.00	12.00	1579.47
	2994.57	0.00	11.99	1580.49
	2994.58	0.00	12.00	1583.47
	2994.59	0.00	11.99	1579.46
	2994.60	0.00	11.97	1573.46
	2994.61	0.00	11.98	1577.46
	2994.63	0.00	11.98	1575.46
	2994.64	0.00	11.99	1576.46
	2994.65	0.00	11.98	1573.46
	2994.66	0.00	11.97	1574.48
	2994.67	0.00	11.96	1573.46
	2994.68	0.00	11.97	1572.46
	2994.70	0.00	11.97	1574.46
	2994.71	0.00	11.99	1576.45
	2994.72	0.00	11.99	1577.46
	2994.73	0.00	11.98	1575.47
	2994.74	0.00	11.98	1575.48
	2994.76	0.00	11.97	1574.49
	2994.77	0.00	11.97	1575.51
	2994.78	0.00	11.96	1577.52
	2994.79	0.00	11.95	1577.53
	2994.80	0.00	11.98	1578.48
	2994.81	0.00	11.98	1582.50
	2994.83	0.00	11.97	1581.51
	2994.84	0.00	11.97	1579.51
	2994.85	0.00	11.97	1582.52
	2994.86	0.00	12.10	1582.19
	2994.87	0.00	12.11	1583.19
	2994.88	0.00	12.10	1579.21
	2994.90	0.00	12.10	1576.20
	2994.91	0.00	12.09	1578.23
	2994.92	0.00	12.08	1565.15
	2994.93	0.00	11.99	1559.34
	2994.94	0.00	11.97	1563.39
	2994.96	0.00	11.97	1559.44
	2994.97	0.00	11.97	1562.46
	2994.98	0.00	11.93	1546.42
	2994.99	0.00	11.91	1546.48
	2995.00	0.00	11.93	1554.49
	2995.01	0.00	11.95	1555.50
	2995.03	0.00	11.95	1557.49
	2995.04	0.00	11.95	1558.50
	2995.05	0.00	11.95	1554.46
	2995.06	0.00	11.99	1570.47
	2995.07	0.00	12.00	1573.48
	2995.09	0.00	11.99	1575.49
	2995.10	0.00	11.99	1578.49
	2995.11	0.00	11.98	1579.49
	2995.12	0.00	11.99	1581.50
	2995.13	0.00	11.98	1580.51
	2995.14	0.00	11.98	1581.51
	2995.16	0.00	11.98	1584.51
	2995.17	0.00	11.97	1582.53
	2995.18	0.00	11.97	1575.47
	2995.19	0.00	12.00	1583.46
	2995.20	0.00	12.01	1580.46
	2995.21	0.00	12.02	1579.45
	2995.23	0.00	12.03	1578.46
	2995.24	0.00	11.99	1571.46
	2995.25	0.00	11.98	1568.46
	2995.26	0.00	11.99	1570.46
	2995.27	0.00	11.98	1570.46
	2995.29	0.00	11.99	1572.46
	2995.30	0.00	11.98	1573.46
	2995.31	0.00	11.98	1573.46
	2995.32	0.00	11.97	1571.46
	2995.33	0.00	11.97	1571.46
	2995.34	0.00	11.97	1573.46
	2995.36	0.00	11.97	1574.46
	2995.37	0.00	11.97	1574.46
	2995.38	0.00	11.97	1573.46
	2995.39	0.00	11.96	1573.48
	2995.40	0.00	11.94	1569.51
	2995.42	0.00	11.93	1573.52
	2995.43	0.00	11.93	1574.53
	2995.44	0.00	11.93	1574.53
	2995.45	0.00	11.93	1577.54
	2995.46	0.00	11.95	1575.49
	2995.47	0.00	11.94	1576.51
	2995.49	0.00	11.95	1576.50
	2995.50	0.00	11.92	1572.52
	2995.51	0.00	12.07	1575.21
	2995.52	0.00	12.09	1578.18
	2995.53	0.00	12.08	1579.20
	2995.54	0.00	12.08	1578.21
	2995.56	0.00	12.06	1573.23
	2995.57	0.00	12.06	1574.23
	2995.58	0.00	12.01	1559.23
	2995.59	0.00	11.93	1562.39
	2995.60	0.00	11.92	1562.43
	2995.61	0.00	11.92	1555.45
	2995.63	0.00	11.92	1558.46
	2995.64	0.00	11.92	1559.47
	2995.65	0.00	11.83	1533.47
	2995.66	0.00	11.85	1545.50
	2995.67	0.00	11.88	1545.51
	2995.69	0.00	11.89	1552.51
	2995.70	0.00	11.85	1543.49
	2995.71	0.00	11.90	1556.47
	2995.72	0.00	11.91	1564.49
	2995.73	0.00	11.91	1567.51
	2995.75	0.00	11.90	1568.51
	2995.76	0.00	11.88	1571.54
	2995.77	0.00	11.88	1569.51
	2995.78	0.00	11.89	1573.53
	2995.79	0.00	11.89	1575.54
	2995.80	0.00	11.88	1575.54
	2995.82	0.00	11.88	1576.54
	2995.83	0.00	11.88	1577.54
	2995.84	0.00	11.87	1575.54
	2995.85	0.00	11.86	1564.50
	2995.86	0.00	11.89	1576.50
	2995.87	0.00	11.89	1572.49
	2995.89	0.00	11.89	1574.50
	2995.90	0.00	11.89	1576.49
	2995.91	0.00	11.86	1568.49
	2995.92	0.00	11.86	1566.49
	2995.93	0.00	11.85	1566.51
	2995.94	0.00	11.85	1565.49
	2995.96	0.00	11.86	1567.49
	2995.97	0.00	11.86	1567.49
	2995.98	0.00	11.86	1568.49
	2995.99	0.00	11.85	1562.49
	2996.00	0.00	11.85	1564.49
	2996.02	0.00	11.86	1567.49
	2996.03	0.00	11.86	1568.49
	2996.04	0.00	11.86	1567.49
	2996.05	0.00	11.86	1567.49
	2996.06	0.00	11.86	1566.50
	2996.07	0.00	11.87	1568.49
	2996.09	0.00	11.85	1567.53
	2996.10	0.00	11.84	1566.54
	2996.11	0.00	11.83	1565.56
	2996.12	0.00	11.84	1568.55
	2996.13	0.00	11.83	1566.55
	2996.15	0.00	11.85	1566.51
	2996.16	0.00	11.85	1567.53
	2996.17	0.00	11.84	1567.54
	2996.18	0.00	11.84	1570.55
	2996.19	0.00	11.84	1570.55
	2996.20	0.00	11.89	1566.41
	2996.22	0.00	11.98	1569.21
	2996.23	0.00	11.98	1572.23
	2996.24	0.00	11.96	1566.26
	2996.25	0.00	11.96	1567.25
	2996.26	0.00	11.95	1561.24
	2996.27	0.00	11.87	1552.36
	2996.29	0.00	11.83	1553.46
	2996.30	0.00	11.86	1547.47
	2996.31	0.00	11.84	1551.48
	2996.32	0.00	11.85	1556.49
	2996.33	0.00	11.76	1527.49
	2996.34	0.00	11.80	1537.51
	2996.36	0.00	11.81	1544.53
	2996.37	0.00	11.82	1548.53
	2996.38	0.00	11.82	1555.54
	2996.39	0.00	11.83	1558.51
	2996.40	0.00	11.83	1560.51
	2996.42	0.00	11.85	1568.53
	2996.43	0.00	11.84	1569.53
	2996.44	0.00	11.83	1570.54
	2996.45	0.00	11.84	1571.50
	2996.46	0.00	11.82	1575.57
	2996.47	0.00	11.82	1575.55
	2996.49	0.00	11.82	1576.56
	2996.50	0.00	11.81	1577.56
	2996.51	0.00	11.80	1578.57
	2996.52	0.00	11.81	1576.52
	2996.53	0.00	11.82	1579.52
	2996.55	0.00	11.82	1580.53
	2996.56	0.00	11.82	1580.52
	2996.57	0.00	11.82	1581.51
	2996.58	0.00	11.82	1580.51
	2996.59	0.00	11.79	1572.51
	2996.60	0.00	11.78	1568.51
	2996.62	0.00	11.79	1573.51
	2996.63	0.00	11.79	1573.51
	2996.64	0.00	11.78	1576.52
	2996.65	0.00	11.78	1572.52
	2996.66	0.00	11.78	1572.52
	2996.68	0.00	11.82	1573.43
	2996.69	0.00	11.79	1575.52
	2996.70	0.00	11.79	1575.51
	2996.71	0.00	11.79	1575.52
	2996.72	0.00	11.81	1576.48
	2996.73	0.00	11.80	1578.51
	2996.75	0.00	11.77	1578.55
	2996.76	0.00	11.76	1578.57
	2996.77	0.00	11.75	1576.58
	2996.78	0.00	11.76	1580.58
	2996.79	0.00	11.75	1580.59
	2996.81	0.00	11.77	1578.54
	2996.82	0.00	11.75	1578.58
	2996.83	0.00	11.76	1582.57
	2996.84	0.00	11.75	1582.58
	2996.85	0.00	11.77	1582.52
	2996.86	0.00	11.89	1582.24
	2996.88	0.00	11.88	1587.27
	2996.89	0.00	11.88	1578.27
	2996.90	0.00	11.86	1577.28
	2996.91	0.00	11.86	1580.29
	2996.92	0.00	11.80	1565.30
	2996.93	0.00	11.74	1566.46
	2996.95	0.00	11.73	1559.52
	2996.96	0.00	11.74	1565.52
	2996.97	0.00	11.66	1538.52
	2996.98	0.00	11.67	1543.52
	2997.00	0.00	11.69	1554.55
	2997.01	0.00	11.72	1553.56
	2997.02	0.00	11.72	1558.56
	2997.03	0.00	11.71	1554.54
	2997.04	0.00	11.76	1572.54
	2997.05	0.00	11.77	1575.54
	2997.06	0.00	11.76	1575.54
	2997.08	0.00	11.78	1575.54
	2997.09	0.00	11.76	1577.56
	2997.10	0.00	11.77	1578.55
	2997.11	0.00	11.76	1578.54
	2997.12	0.00	11.75	1581.59
	2997.14	0.00	11.77	1582.57
	2997.15	0.00	11.76	1581.57
	2997.16	0.00	11.76	1583.58
	2997.17	0.00	11.77	1582.55
	2997.18	0.00	11.77	1577.53
	2997.19	0.00	11.78	1581.52
	2997.21	0.00	11.78	1582.52
	2997.22	0.00	11.78	1580.52
	2997.23	0.00	11.79	1581.52
	2997.24	0.00	11.77	1577.52
	2997.25	0.00	11.76	1574.52
	2997.27	0.00	11.77	1572.51
	2997.28	0.00	11.77	1574.51
	2997.29	0.00	11.77	1573.51
	2997.30	0.00	11.78	1575.51
	2997.31	0.00	11.78	1574.51
	2997.32	0.00	11.76	156958
	3019.72	0.00	11.67	1609.58
	3019.73	0.00	11.66	1610.59
	3019.75	0.00	11.67	1606.54
	3019.76	0.00	11.671	0.00	11.66	1607.58
	3019.72	0.00	11.67	1609.58
	3019.73	0.00	11.66	1610.59
	3019.75	0.00	11.67	1606.54
	3019.76	0.00	11.67	1606.55
	3019.77	0.00	11.69	1607.53
	3019.78	0.00	11.68	1607.53
	3019.79	0.00	11.69	1608.53
	3019.80	0.00	11.69	1606.52
	3019.82	0.00	11.66	1599.53
	3019.83	0.00	11.66	1600.53
	3019.84	0.00	11.66	1598.52
	3019.85	0.00	11.67	1596.48
	3019.86	0.00	11.67	1599.52
	3019.88	0.00	11.66	1598.52
	3019.89	0.00	11.65	1593.52
	3019.90	0.00	11.66	1596.53
	3019.91	0.00	11.67	1599.52
	3019.92	0.00	11.68	1599.52
	3019.93	0.00	11.69	1598.48
	3019.95	0.00	11.67	1600.54
	3019.96	0.00	11.66	1598.56
	3019.97	0.00	11.66	1597.57
	3019.98	0.00	11.66	1597.59
	3019.99	0.00	11.65	1597.59
	3020.01	0.00	11.68	1596.54
	3020.02	0.00	11.67	1599.56
	3020.03	0.00	11.68	1597.57
	3020.04	0.00	11.68	1599.57
	3020.05	0.00	11.67	1598.58
	3020.06	0.00	11.73	1592.38
	3020.08	0.00	11.81	1598.25
	3020.09	0.00	11.81	1597.26
	3020.10	0.00	11.78	1593.27
	3020.11	0.00	11.79	1595.26
	3020.12	0.00	11.70	1580.39
	3020.14	0.00	11.68	1582.44
	3020.15	0.00	11.67	1574.49
	3020.16	0.00	11.68	1578.49
	3020.17	0.00	11.68	1582.52
	3020.18	0.00	11.59	1557.53
	3020.19	0.00	11.62	1569.55
	3020.21	0.00	11.65	1568.55
	3020.22	0.00	11.65	1576.56
	3020.23	0.00	11.66	1573.52
	3020.24	0.00	11.69	1586.54
	3020.25	0.00	11.69	1588.54
	3020.26	0.00	11.69	1588.55
	3020.28	0.00	11.69	1591.55
	3020.29	0.00	11.70	1593.52
	3020.30	0.00	11.69	1595.55
	3020.31	0.00	11.67	1596.57
	3020.32	0.00	11.68	1596.57
	3020.34	0.00	11.68	1596.58
	3020.35	0.00	11.67	1596.58
	3020.36	0.00	11.68	1597.58
	3020.37	0.00	11.68	1594.54
	3020.38	0.00	11.67	1595.55
	3020.39	0.00	11.69	1598.53
	3020.41	0.00	11.69	1594.53
	3020.42	0.00	11.69	1596.53
	3020.43	0.00	11.67	1588.52
	3020.44	0.00	11.67	1589.52
	3020.45	0.00	11.67	1591.52
	3020.47	0.00	11.70	1589.46
	3020.48	0.00	11.67	1589.52
	3020.49	0.00	11.68	1589.52
	3020.50	0.00	11.68	1590.52
	3020.51	0.00	11.66	1587.54
	3020.52	0.00	11.67	1589.52
	3020.54	0.00	11.68	1590.52
	3020.55	0.00	11.68	1591.52
	3020.56	0.00	11.67	1588.53
	3020.57	0.00	11.69	1592.52
	3020.58	0.00	11.70	1591.48
	3020.60	0.00	11.66	1590.57
	3020.61	0.00	11.67	1591.56
	3020.62	0.00	11.67	1591.57
	3020.63	0.00	11.66	1590.57
	3020.64	0.00	11.66	1591.59
	3020.65	0.00	11.67	1594.58
	3020.67	0.00	11.68	1590.54
	3020.68	0.00	11.68	1594.55
	3020.69	0.00	11.67	1592.58
	3020.70	0.00	11.67	1594.57
	3020.71	0.00	11.67	1595.58
	3020.73	0.00	11.80	1592.26
	3020.74	0.00	11.83	1595.22
	3020.75	0.00	11.81	1597.25
	3020.76	0.00	11.79	1589.27
	3020.77	0.00	11.79	1590.27
	3020.78	0.00	11.73	1575.30
	3020.80	0.00	11.68	1575.41
	3020.81	0.00	11.67	1572.49
	3020.82	0.00	11.67	1571.50
	3020.83	0.00	11.66	1576.52
	3020.84	0.00	11.61	1554.49
	3020.85	0.00	11.61	1560.53
	3020.87	0.00	11.63	1570.55
	3020.88	0.00	11.66	1569.56
	3020.89	0.00	11.65	1570.56
	3020.90	0.00	11.66	1572.54
	3020.91	0.00	11.69	1579.53
	3020.92	0.00	11.70	1583.54
	3020.94	0.00	11.70	1586.55
	3020.95	0.00	11.69	1588.56
	3020.96	0.00	11.69	1588.55
	3020.97	0.00	11.69	1588.52
	3020.98	0.00	11.68	1590.55
	3021.00	0.00	11.69	1595.57
	3021.01	0.00	11.68	1593.58
	3021.02	0.00	11.68	1595.58
	3021.03	0.00	11.67	1593.59
	3021.04	0.00	11.69	1592.53
	3021.06	0.00	11.69	1591.53
	3021.07	0.00	11.69	1593.53
	3021.08	0.00	11.70	1592.52
	3021.09	0.00	11.70	1592.52
	3021.10	0.00	11.70	1593.52
	3021.11	0.00	11.68	1591.55
	3021.13	0.00	11.70	1592.52
	3021.14	0.00	11.67	1584.52
	3021.15	0.00	11.68	1586.52
	3021.16	0.00	11.68	1586.51
	3021.17	0.00	11.68	1587.52
	3021.19	0.00	11.68	1586.52
	3021.20	0.00	11.66	1582.52
	3021.21	0.00	11.67	1583.52
	3021.22	0.00	11.65	1581.52
	3021.23	0.00	11.67	1584.52
	3021.24	0.00	11.68	1586.49
	3021.26	0.00	11.68	1588.52
	3021.27	0.00	11.68	1586.52
	3021.28	0.00	11.68	1586.51
	3021.29	0.00	11.67	1587.55
	3021.30	0.00	11.66	1586.56
	3021.31	0.00	11.66	1587.56
	3021.33	0.00	11.66	1586.57
	3021.34	0.00	11.65	1587.60
	3021.35	0.00	11.65	1584.58
	3021.36	0.00	11.69	1586.53
	3021.37	0.00	11.68	1588.55
	3021.39	0.00	11.68	1587.55
	3021.40	0.00	11.68	1587.56
	3021.41	0.00	11.68	1588.56
	3021.42	0.00	11.67	1589.59
	3021.43	0.00	11.82	1587.21
	3021.44	0.00	11.83	1592.23
	3021.46	0.00	11.81	1584.25
	3021.47	0.00	11.82	1584.22
	3021.48	0.00	11.80	1586.27
	3021.49	0.00	11.73	1571.33
	3021.50	0.00	11.69	1571.43
	3021.51	0.00	11.69	1568.48
	3021.53	0.00	11.69	1572.50
	3021.54	0.00	11.65	1555.47
	3021.55	0.00	11.62	1554.54
	3021.56	0.00	11.64	1563.54
	3021.57	0.00	11.67	1566.55
	3021.59	0.00	11.67	1569.55
	3021.60	0.00	11.66	1569.56
	3021.61	0.00	11.66	1562.51
	3021.62	0.00	11.71	1578.52
	3021.63	0.00	11.73	1585.53
	3021.64	0.00	11.72	1584.56
	3021.66	0.00	11.72	1587.54
	3021.67	0.00	11.72	1587.50
	3021.68	0.00	11.71	1589.54
	3021.69	0.00	11.72	1591.55
	3021.70	0.00	11.72	1591.55
	3021.72	0.00	11.72	1590.55
	3021.73	0.00	11.72	1592.57
	3021.74	0.00	11.72	1594.56
	3021.75	0.00	11.73	1592.51
	3021.76	0.00	11.74	1594.51
	3021.77	0.00	11.74	1593.50
	3021.79	0.00	11.74	1594.51
	3021.80	0.00	11.75	1592.50
	3021.81	0.00	11.75	1593.50
	3021.82	0.00	11.74	1589.49
	3021.83	0.00	11.73	1586.50
	3021.85	0.00	11.72	1585.50
	3021.86	0.00	11.73	1585.50
	3021.87	0.00	11.73	1587.50
	3021.88	0.00	11.73	1586.50
	3021.89	0.00	11.73	1588.50
	3021.90	0.00	11.71	1583.52
	3021.92	0.00	11.72	1585.50
	3021.93	0.00	11.73	1586.50
	3021.94	0.00	11.74	1587.50
	3021.95	0.00	11.74	1587.50
	3021.96	0.00	11.73	1589.52
	3021.97	0.00	11.72	1587.54
	3021.99	0.00	11.72	1587.55
	3022.00	0.00	11.71	1589.57
	3022.01	0.00	11.72	1590.56
	3022.02	0.00	11.72	1590.56
	3022.03	0.00	11.74	1590.52
	3022.05	0.00	11.73	1591.54
	3022.06	0.00	11.71	1593.55
	3022.07	0.00	11.71	1595.55
	3022.08	0.00	11.73	1596.51
	3022.09	0.00	11.86	1596.21
	3022.10	0.00	11.86	1598.22
	3022.12	0.00	11.84	1591.24
	3022.13	0.00	11.84	1593.24
	3022.14	0.00	11.80	1578.21
	3022.15	0.00	11.72	1579.41
	3022.16	0.00	11.71	1571.47
	3022.18	0.00	11.72	1578.47
	3022.19	0.00	11.71	1578.50
	3022.20	0.00	11.63	1551.48
	3022.21	0.00	11.65	1564.54
	3022.22	0.00	11.70	1567.53
	3022.23	0.00	11.70	1570.53
	3022.25	0.00	11.68	1569.54
	3022.26	0.00	11.74	1581.47
	3022.27	0.00	11.75	1589.52
	3022.28	0.00	11.74	1585.52
	3022.29	0.00	11.74	1586.52
	3022.31	0.00	11.74	1593.53
	3022.32	0.00	11.72	1590.52
	3022.33	0.00	11.73	1595.54
	3022.34	0.00	11.73	1592.54
	3022.35	0.00	11.75	1594.51
	3022.36	0.00	11.73	1597.55
	3022.38	0.00	11.74	1590.50
	3022.39	0.00	11.75	1595.50
	3022.40	0.00	11.74	1591.50
	3022.41	0.00	11.76	1594.49
	3022.42	0.00	11.76	1595.49
	3022.44	0.00	11.73	1586.50
	3022.45	0.00	11.74	1588.49
	3022.46	0.00	11.73	1589.49
	3022.47	0.00	11.73	1585.49
	3022.48	0.00	11.73	1588.51
	3022.49	0.00	11.74	1589.49
	3022.51	0.00	11.74	1586.49
	3022.52	0.00	11.73	1584.49
	3022.53	0.00	11.74	1587.50
	3022.54	0.00	11.75	1589.49
	3022.55	0.00	11.75	1588.49
	3022.56	0.00	11.75	1588.49
	3022.58	0.00	11.78	1589.43
	3022.59	0.00	11.75	1589.51
	3022.60	0.00	11.74	1588.53
	3022.61	0.00	11.74	1588.54
	3022.62	0.00	11.74	1591.55
	3022.64	0.00	11.74	1590.55
	3022.65	0.00	11.74	1591.55
	3022.66	0.00	11.75	1590.53
	3022.67	0.00	11.76	1591.53
	3022.68	0.00	11.75	1592.54
	3022.69	0.00	11.82	1588.33
	3022.71	0.00	11.89	1594.21
	3022.72	0.00	11.89	1597.23
	3022.73	0.00	11.86	1588.24
	3022.74	0.00	11.86	1589.25
	3022.75	0.00	11.86	1589.25
	3022.77	0.00	11.79	1574.29
	3022.78	0.00	11.73	1574.43
	3022.79	0.00	11.74	1571.47
	3022.80	0.00	11.74	1575.49
	3022.81	0.00	11.66	1551.49
	3022.82	0.00	11.68	1565.51
	3022.84	0.00	11.72	1565.52
	3022.85	0.00	11.70	1567.53
	3022.86	0.00	11.69	1561.51
	3022.87	0.00	11.71	1570.50
	3022.88	0.00	11.75	1584.52
	3022.90	0.00	11.76	1587.52
	3022.91	0.00	11.74	1588.53
	3022.92	0.00	11.73	1586.50
	3022.93	0.00	11.73	1593.54
	3022.94	0.00	11.73	1592.55
	3022.95	0.00	11.72	1591.55
	3022.97	0.00	11.73	1593.54
	3022.98	0.00	11.72	1596.55
	3022.99	0.00	11.72	1590.51
	3023.00	0.00	11.73	1592.51
	3023.01	0.00	11.74	1595.49
	3023.03	0.00	11.73	1592.50
	3023.04	0.00	11.74	1593.50
	3023.05	0.00	11.71	1587.50
	3023.06	0.00	11.70	1583.48
	3023.07	0.00	11.70	1586.50
	3023.08	0.00	11.69	1586.51
	3023.10	0.00	11.70	1585.51
	3023.11	0.00	11.69	1587.52
	3023.12	0.00	11.70	1587.51
	3023.13	0.00	11.68	1582.51
	3023.14	0.00	11.69	1585.51
	3023.15	0.00	11.69	1586.51
	3023.17	0.00	11.69	1586.51
	3023.18	0.00	11.70	1587.51
	3023.19	0.00	11.71	1587.47
	3023.20	0.00	11.70	1589.51
	3023.21	0.00	11.70	1586.49
	3023.22	0.00	11.69	1587.54
	3023.24	0.00	11.68	1586.55
	3023.25	0.00	11.68	1586.56
	3023.26	0.00	11.68	1588.57
	3023.27	0.00	11.67	1587.58
	3023.28	0.00	11.69	1588.52
	3023.30	0.00	11.69	1590.55
	3023.31	0.00	11.68	1587.56
	3023.32	0.00	11.68	1589.56
	3023.33	0.00	11.82	1590.22
	3023.34	0.00	11.82	1590.22
	3023.35	0.00	11.82	1592.23
	3023.37	0.00	11.81	1584.23
	3023.38	0.00	11.79	1587.27
	3023.39	0.00	11.77	1573.20
	3023.40	0.00	11.68	1571.41
	3023.41	0.00	11.66	1567.48
	3023.43	0.00	11.67	1569.50
	3023.44	0.00	11.67	1575.52
	3023.45	0.00	11.64	1559.48
	3023.46	0.00	11.59	1555.53
	3023.47	0.00	11.61	1564.55
	3023.48	0.00	11.64	1564.56
	3023.50	0.00	11.64	1568.56
	3023.51	0.00	11.65	1570.53
	3023.52	0.00	11.67	1579.54
	3023.53	0.00	11.67	1581.54
	3023.54	0.00	11.67	1584.55
	3023.56	0.00	11.68	1582.55
	3023.57	0.00	11.65	1586.56
	3023.58	0.00	11.65	1582.53
	3023.59	0.00	11.64	1588.58
	3023.60	0.00	11.65	1587.57
	3023.61	0.00	11.65	1589.58
	3023.63	0.00	11.65	1591.58
	3023.64	0.00	11.64	1590.58
	3023.65	0.00	11.64	1586.54
	3023.66	0.00	11.65	1589.53
	3023.67	0.00	11.63	1589.56
	3023.69	0.00	11.65	1589.53
	3023.70	0.00	11.64	1588.53
	3023.71	0.00	11.61	1584.53
	3023.72	0.00	11.63	1584.49
	3023.73	0.00	11.61	1587.53
	3023.75	0.00	11.61	1587.53
	3023.76	0.00	11.61	1587.53
	3023.77	0.00	11.61	1588.53
	3023.78	0.00	11.59	1585.53
	3023.79	0.00	11.60	1588.53
	3023.80	0.00	11.62	1589.49
	3023.81	0.00	11.61	1592.53
	3023.83	0.00	11.60	1591.53
	3023.84	0.00	11.60	1592.53
	3023.85	0.00	11.59	1592.53
	3023.86	0.00	11.58	1595.57
	3023.87	0.00	11.57	1594.59
	3023.89	0.00	11.57	1594.59
	3023.90	0.00	11.55	1592.62
	3023.91	0.00	11.55	1596.60
	3023.92	0.00	11.56	1593.59
	3023.93	0.00	11.57	1597.56
	3023.94	0.00	11.57	1597.58
	3023.96	0.00	11.56	1596.59
	3023.97	0.00	11.56	1599.59
	3023.98	0.00	11.58	1600.56
	3023.99	0.00	11.70	1601.25
	3024.00	0.00	11.70	1604.26
	3024.02	0.00	11.70	1605.27
	3024.03	0.00	11.67	1595.31
	3024.04	0.00	11.67	1598.30
	3024.05	0.00	11.60	1584.33
	3024.06	0.00	11.54	1586.49
	3024.07	0.00	11.54	1581.55
	3024.09	0.00	11.54	1585.54
	3024.10	0.00	11.49	1565.51
	3024.11	0.00	11.45	1563.55
	3024.12	0.00	11.47	1569.57
	3024.13	0.00	11.52	1575.58
	3024.15	0.00	11.52	1581.59
	3024.16	0.00	11.54	1585.54
	3024.17	0.00	11.57	1597.57
	3024.18	0.00	11.56	1597.58
	3024.19	0.00	11.56	1602.58
	3024.20	0.00	11.55	1599.56
	3024.22	0.00	11.55	1599.56
	3024.23	0.00	11.56	1604.57
	3024.24	0.00	11.56	1606.59
	3024.25	0.00	11.55	1606.61
	3024.26	0.00	11.55	1606.60
	3024.28	0.00	11.56	1604.55
	3024.29	0.00	11.55	1607.55
	3024.30	0.00	11.57	1608.53
	3024.31	0.00	11.57	1613.55
	3024.32	0.00	11.57	1609.55
	3024.33	0.00	11.57	1610.54
	3024.35	0.00	11.57	1611.54
	3024.36	0.00	11.55	1602.54
	3024.37	0.00	11.55	1603.54
	3024.38	0.00	11.54	1604.55
	3024.39	0.00	11.55	1603.54
	3024.40	0.00	11.55	1604.54
	3024.42	0.00	11.56	1605.54
	3024.43	0.00	11.56	1604.52
	3024.44	0.00	11.54	1603.54
	3024.45	0.00	11.55	1603.54
	3024.46	0.00	11.56	1604.53
	3024.48	0.00	11.57	1605.53
	3024.49	0.00	11.57	1605.53
	3024.50	0.00	11.57	1606.53
	3024.51	0.00	11.56	1606.55
	3024.52	0.00	11.56	1607.58
	3024.53	0.00	11.55	1606.59
	3024.55	0.00	11.55	1607.60
	3024.56	0.00	11.56	1606.57
	3024.57	0.00	11.57	1608.55
	3024.58	0.00	11.57	1607.57
	3024.59	0.00	11.56	1606.58
	3024.61	0.00	11.58	1609.55
	3024.62	0.00	11.71	1607.22
	3024.63	0.00	11.71	1611.25
	3024.64	0.00	11.69	1602.27
	3024.65	0.00	11.67	1606.31
	3024.66	0.00	11.68	1593.20
	3024.68	0.00	11.60	1590.37
	3024.69	0.00	11.56	1592.48
	3024.70	0.00	11.56	1586.52
	3024.71	0.00	11.57	1594.53
	3024.72	0.00	11.50	1571.54
	3024.74	0.00	11.52	1582.56
	3024.75	0.00	11.54	1580.56
	3024.76	0.00	11.56	1589.57
	3024.77	0.00	11.53	1580.55
	3024.78	0.00	11.58	1593.53
	3024.79	0.00	11.60	1602.55
	3024.81	0.00	11.61	1604.55
	3024.82	0.00	11.60	1607.56
	3024.83	0.00	11.59	1606.56
	3024.84	0.00	11.60	1610.57
	3024.85	0.00	11.60	1610.57
	3024.86	0.00	11.59	1610.58
	3024.88	0.00	11.60	1607.54
	3024.89	0.00	11.60	1607.53
	3024.90	0.00	11.61	1608.53
	3024.91	0.00	11.62	1612.52
	3024.92	0.00	11.62	1609.52
	3024.93	0.00	11.63	1609.52
	3024.95	0.00	11.62	1610.52
	3024.96	0.00	11.59	1600.53
	3024.97	0.00	11.61	1603.52
	3024.98	0.00	11.61	1601.52
	3025.00	0.00	11.61	1603.52
	3025.01	0.00	11.61	1601.52
	3025.02	0.00	11.61	1602.52
	3025.03	0.00	11.61	1602.52
	3025.04	0.00	11.59	1597.54
	3025.05	0.00	11.62	1602.52
	3025.06	0.00	11.62	1602.52
	3025.08	0.00	11.62	1601.52
	3025.09	0.00	11.65	1601.45
	3025.10	0.00	11.63	1603.52
	3025.11	0.00	11.65	1601.46
	3025.12	0.00	11.61	1599.54
	3025.14	0.00	11.61	1600.55
	3025.15	0.00	11.61	1600.57
	3025.16	0.00	11.60	1603.58
	3025.17	0.00	11.61	1602.58
	3025.18	0.00	11.61	1600.58
	3025.20	0.00	11.61	1600.56
	3025.21	0.00	11.62	1602.54
	3025.22	0.00	11.61	1602.58
	3025.23	0.00	11.62	1604.57
	3025.24	0.00	11.61	1603.58
	3025.25	0.00	11.69	1600.35
	3025.27	0.00	11.77	1603.18
	3025.28	0.00	11.76	1605.22
	3025.29	0.00	11.76	1607.24
	3025.30	0.00	11.74	1598.26
	3025.31	0.00	11.73	1599.27
	3025.32	0.00	11.72	1585.20
	3025.34	0.00	11.62	1586.42
	3025.35	0.00	11.60	1579.51
	3025.36	0.00	11.62	1582.50
	3025.37	0.00	11.61	1584.51
	3025.38	0.00	11.53	1558.50
	3025.40	0.00	11.56	1574.52
	3025.41	0.00	11.59	1575.55
	3025.42	0.00	11.59	1581.56
	3025.43	0.00	11.57	1572.53
	3025.44	0.00	11.62	1596.56
	3025.45	0.00	11.63	1597.54
	3025.47	0.00	11.63	1598.54
	3025.48	0.00	11.63	1599.55
	3025.49	0.00	11.60	1595.55
	3025.50	0.00	11.61	1597.53
	3025.51	0.00	11.61	1603.56
	3025.52	0.00	11.62	1605.54
	3025.54	0.00	11.60	1600.56
	3025.55	0.00	11.61	1604.57
	3025.56	0.00	11.61	1605.57
	3025.57	0.00	11.61	1608.57
	3025.58	0.00	11.62	1603.52
	3025.60	0.00	11.62	1605.52
	3025.61	0.00	11.62	1606.52
	3025.62	0.00	11.63	1606.51
	3025.63	0.00	11.62	1605.52
	3025.64	0.00	11.60	1599.52
	3025.65	0.00	11.60	1597.50
	3025.67	0.00	11.59	1598.52
	3025.68	0.00	11.60	1600.52
	3025.69	0.00	11.60	1600.52
	3025.70	0.00	11.61	1599.51
	3025.71	0.00	11.60	1599.52
	3025.73	0.00	11.58	1594.52
	3025.74	0.00	11.59	1595.51
	3025.75	0.00	11.59	1599.53
	3025.76	0.00	11.60	1601.52
	3025.77	0.00	11.60	1598.51
	3025.78	0.00	11.61	1599.51
	3025.80	0.00	11.60	1598.52
	3025.81	0.00	11.59	1599.55
	3025.82	0.00	11.59	1599.56
	3025.83	0.00	11.58	1600.59
	3025.84	0.00	11.59	1601.57
	3025.86	0.00	11.58	1601.58
	3025.87	0.00	11.59	1601.56
	3025.88	0.00	11.60	1601.54
	3025.89	0.00	11.61	1603.56
	3025.90	0.00	11.60	1603.57
	3025.91	0.00	11.68	1601.33
	3025.93	0.00	11.74	1604.20
	3025.94	0.00	11.74	1607.24
	3025.95	0.00	11.73	1604.25
	3025.96	0.00	11.72	1600.26
	3025.97	0.00	11.70	1590.20
	3025.99	0.00	11.60	1589.43
	3026.00	0.00	11.59	1582.49
	3026.01	0.00	11.60	1588.50
	3026.02	0.00	11.60	1588.52
	3026.03	0.00	11.54	1568.49
	3026.04	0.00	11.52	1567.53
	3026.06	0.00	11.53	1576.56
	3026.07	0.00	11.58	1579.56
	3026.08	0.00	11.58	1582.56
	3026.09	0.00	11.57	1578.52
	3026.10	0.00	11.62	1595.53
	3026.11	0.00	11.62	1596.54
	3026.13	0.00	11.61	1596.55
	3026.14	0.00	11.61	1598.56
	3026.15	0.00	11.61	1600.55
	3026.16	0.00	11.61	1602.55
	3026.17	0.00	11.61	1603.56
	3026.19	0.00	11.60	1603.57
	3026.20	0.00	11.60	1606.57
	3026.21	0.00	11.60	1605.57
	3026.22	0.00	11.61	1601.52
	3026.23	0.00	11.63	1603.50
	3026.25	0.00	11.63	1603.52
	3026.26	0.00	11.62	1602.52
	3026.27	0.00	11.63	1603.52
	3026.28	0.00	11.64	1605.51
	3026.29	0.00	11.63	1602.51
	3026.30	0.00	11.60	1591.51
	3026.32	0.00	11.63	1593.47
	3026.33	0.00	11.62	1594.51
	3026.34	0.00	11.62	1592.51
	3026.35	0.00	11.63	1591.50
	3026.36	0.00	11.63	1592.49
	3026.37	0.00	11.63	1593.50
	3026.39	0.00	11.61	1586.50
	3026.40	0.00	11.62	1590.50
	3026.41	0.00	11.63	1591.50
	3026.42	0.00	11.63	1593.51
	3026.43	0.00	11.63	1592.51
	3026.45	0.00	11.64	1593.50
	3026.46	0.00	11.61	1593.54
	3026.47	0.00	11.62	1594.55
	3026.48	0.00	11.61	1594.56
	3026.49	0.00	11.60	1594.58
	3026.50	0.00	11.61	1594.57
	3026.52	0.00	11.61	1592.54
	3026.53	0.00	11.62	1596.54
	3026.54	0.00	11.61	1596.57
	3026.55	0.00	11.62	1598.56
	3026.56	0.00	11.66	1589.38
	3026.57	0.00	11.76	1599.20
	3026.59	0.00	11.76	1599.22
	3026.60	0.00	11.75	1601.23
	3026.61	0.00	11.73	1594.25
	3026.62	0.00	11.71	1596.28
	3026.63	0.00	11.63	1583.36
	3026.65	0.00	11.60	1582.47
	3026.66	0.00	11.59	1580.50
	3026.67	0.00	11.54	1564.51
	3026.68	0.00	11.52	1561.52
	3026.69	0.00	11.53	1565.52
	3026.70	0.00	11.54	1569.53
	3026.72	0.00	11.56	1571.56
	3026.73	0.00	11.57	1577.55
	3026.74	0.00	11.56	1574.51
	3026.75	0.00	11.60	1592.55
	3026.76	0.00	11.62	1595.54
	3026.78	0.00	11.61	1595.54
	3026.79	0.00	11.61	1600.55
	3026.80	0.00	11.60	1598.56
	3026.81	0.00	11.60	1599.55
	3026.82	0.00	11.61	1601.54
	3026.83	0.00	11.60	1602.56
	3026.85	0.00	11.61	1604.56
	3026.86	0.00	11.59	1602.57
	3026.87	0.00	11.59	1600.57
	3026.88	0.00	11.60	1601.54
	3026.89	0.00	11.60	1600.53
	3026.91	0.00	11.61	1603.52
	3026.92	0.00	11.62	1604.52
	3026.93	0.00	11.61	1606.53
	3026.94	0.00	11.60	1598.51
	3026.95	0.00	11.62	1607.52
	3026.96	0.00	11.59	1598.51
	3026.98	0.00	11.59	1597.53
	3026.99	0.00	11.60	1597.51
	3027.00	0.00	11.60	1600.52
	3027.01	0.00	11.60	1600.51
	3027.02	0.00	11.60	1600.52
	3027.04	0.00	11.60	1600.51
	3027.05	0.00	11.58	1594.51
	3027.06	0.00	11.60	1599.51
	3027.07	0.00	11.59	1597.51
	3027.08	0.00	11.59	1598.52
	3027.09	0.00	11.61	1601.51
	3027.11	0.00	11.63	1600.44
	3027.12	0.00	11.62	1600.47
	3027.13	0.00	11.59	1599.54
	3027.14	0.00	11.59	1601.56
	3027.15	0.00	11.58	1601.57
	3027.16	0.00	11.59	1605.58
	3027.18	0.00	11.59	1602.58
	3027.19	0.00	11.60	1602.53
	3027.20	0.00	11.60	1603.54
	3027.21	0.00	11.60	1602.56
	3027.22	0.00	11.59	1603.57
	3027.24	0.00	11.60	1610.57
	3027.25	0.00	11.75	1608.22
	3027.26	0.00	11.73	1608.25
	3027.27	0.00	11.71	1598.26
	3027.28	0.00	11.74	1602.19
	3027.29	0.00	11.70	1597.23
	3027.31	0.00	11.60	1586.40
	3027.32	0.00	11.58	1580.49
	3027.33	0.00	11.59	1584.50
	3027.34	0.00	11.50	1558.49
	3027.35	0.00	11.53	1570.53
	3027.36	0.00	11.55	1579.52
	3027.38	0.00	11.58	1580.55
	3027.39	0.00	11.56	1583.56
	3027.40	0.00	11.57	1583.55
	3027.41	0.00	11.57	1582.53
	3027.42	0.00	11.59	1591.53
	3027.44	0.00	11.61	1596.54
	3027.45	0.00	11.61	1598.54
	3027.46	0.00	11.60	1600.55
	3027.47	0.00	11.61	1602.55
	3027.48	0.00	11.60	1600.55
	3027.50	0.00	11.59	1599.54
	3027.51	0.00	11.59	1602.56
	3027.52	0.00	11.60	1604.56
	3027.53	0.00	11.59	1603.57
	3027.54	0.00	11.59	1604.56
	3027.55	0.00	11.61	1609.57
	3027.57	0.00	11.59	1605.57
	3027.58	0.00	11.60	1601.52
	3027.59	0.00	11.61	1606.52
	3027.60	0.00	11.60	1604.52
	3027.61	0.00	11.61	1603.52
	3027.62	0.00	11.61	1604.52
	3027.64	0.00	11.56	1590.53
	3027.65	0.00	11.58	1600.52
	3027.66	0.00	11.58	1599.52
	3027.67	0.00	11.59	1599.52
	3027.68	0.00	11.59	1599.52
	3027.70	0.00	11.59	1599.52
	3027.71	0.00	11.58	1596.52
	3027.72	0.00	11.56	1593.53
	3027.73	0.00	11.58	1595.52
	3027.74	0.00	11.58	1598.52
	3027.75	0.00	11.59	1598.52
	3027.77	0.00	11.57	1598.54
	3027.78	0.00	11.59	1598.52
	3027.79	0.00	11.60	1599.52
	3027.80	0.00	11.59	1597.51
	3027.81	0.00	11.57	1599.56
	3027.82	0.00	11.57	1597.57
	3027.84	0.00	11.58	1600.57
	3027.85	0.00	11.56	1598.60
	3027.86	0.00	11.57	1600.58
	3027.87	0.00	11.58	1599.55
	3027.88	0.00	11.58	1600.55
	3027.90	0.00	11.58	1600.58
	3027.91	0.00	11.58	1601.57
	3027.92	0.00	11.58	1603.57
	3027.93	0.00	11.72	1601.21
	3027.94	0.00	11.71	1604.26
	3027.95	0.00	11.71	1598.25
	3027.97	0.00	11.70	1597.26
	3027.98	0.00	11.69	1599.27
	3027.99	0.00	11.64	1585.30
	3028.00	0.00	11.58	1587.46
	3028.01	0.00	11.59	1582.50
	3028.03	0.00	11.58	1583.52
	3028.04	0.00	11.57	1576.48
	3028.05	0.00	11.50	1557.48
	3028.06	0.00	11.50	1557.50
	3028.07	0.00	11.53	1573.54
	3028.08	0.00	11.56	1571.55
	3028.10	0.00	11.57	1580.55
	3028.11	0.00	11.55	1572.52
	3028.12	0.00	11.62	1593.49
	3028.13	0.00	11.63	1596.54
	3028.14	0.00	11.61	1596.54
	3028.16	0.00	11.62	1598.53
	3028.17	0.00	11.60	1600.55
	3028.18	0.00	11.60	1597.52
	3028.19	0.00	11.60	1603.55
	3028.20	0.00	11.61	1605.55
	3028.21	0.00	11.60	1603.56
	3028.23	0.00	11.60	1605.57
	3028.24	0.00	11.61	1601.54
	3028.25	0.00	11.61	1602.52
	3028.26	0.00	11.62	1604.52
	3028.27	0.00	11.62	1603.51
	3028.28	0.00	11.62	1605.51
	3028.30	0.00	11.62	1603.51
	3028.31	0.00	11.63	1605.51
	3028.32	0.00	11.61	1598.51
	3028.33	0.00	11.60	1596.51
	3028.34	0.00	11.60	1595.51
	3028.36	0.00	11.60	1596.51
	3028.37	0.00	11.60	1596.51
	3028.38	0.00	11.61	1597.51
	3028.39	0.00	11.61	1598.50
	3028.40	0.00	11.60	1597.51
	3028.41	0.00	11.59	1594.51
	3028.43	0.00	11.61	1594.47
	3028.44	0.00	11.60	1597.51
	3028.45	0.00	11.61	1596.50
	3028.46	0.00	11.61	1597.51
	3028.47	0.00	11.61	1597.51
	3028.49	0.00	11.63	1596.47
	3028.50	0.00	11.60	1597.54
	3028.51	0.00	11.59	1598.56
	3028.52	0.00	11.59	1596.56
	3028.53	0.00	11.60	1597.56
	3028.54	0.00	11.60	1599.56
	3028.56	0.00	11.59	1598.58
	3028.57	0.00	11.61	1598.52
	3028.58	0.00	11.62	1600.54
	3028.59	0.00	11.60	1599.55
	3028.60	0.00	11.61	1601.56
	3028.62	0.00	11.61	1602.56
	3028.63	0.00	11.62	1595.47
	3028.64	0.00	11.75	1601.22
	3028.65	0.00	11.75	1604.23
	3028.66	0.00	11.73	1595.25
	3028.67	0.00	11.72	1589.19
	3028.69	0.00	11.61	1582.40
	3028.70	0.00	11.60	1577.48
	3028.71	0.00	11.61	1582.49
	3028.72	0.00	11.54	1559.47
	3028.73	0.00	11.52	1558.52
	3028.75	0.00	11.56	1572.53
	3028.76	0.00	11.60	1571.54
	3028.77	0.00	11.59	1575.54
	3028.78	0.00	11.60	1577.51
	3028.79	0.00	11.63	1591.52
	3028.80	0.00	11.64	1593.53
	3028.82	0.00	11.63	1593.54
	3028.83	0.00	11.63	1598.54
	3028.84	0.00	11.63	1594.50
	3028.85	0.00	11.62	1599.54
	3028.86	0.00	11.63	1600.52
	3028.87	0.00	11.62	1601.56
	3028.89	0.00	11.61	1601.56
	3028.90	0.00	11.62	1599.52
	3028.91	0.00	11.62	1601.52
	3028.92	0.00	11.62	1603.51
	3028.93	0.00	11.63	1602.51
	3028.95	0.00	11.63	1602.52
	3028.96	0.00	11.63	1603.51
	3028.97	0.00	11.64	1602.50
	3028.98	0.00	11.60	1594.51
	3028.99	0.00	11.61	1596.49
	3029.00	0.00	11.62	1596.50
	3029.02	0.00	11.61	1595.50
	3029.03	0.00	11.61	1595.51
	3029.04	0.00	11.60	1596.52
	3029.05	0.00	11.61	1596.50
	3029.06	0.00	11.59	1592.51
	3029.07	0.00	11.60	1594.51
	3029.09	0.00	11.60	1594.50
	3029.10	0.00	11.60	1596.51
	3029.11	0.00	11.61	1595.50
	3029.12	0.00	11.65	1596.43
	3029.13	0.00	11.60	1590.50
	3029.15	0.00	11.63	1595.47
	3029.16	0.00	11.60	1595.53
	3029.17	0.00	11.59	1595.56
	3029.18	0.00	11.59	1596.56
	3029.19	0.00	11.59	1598.57
	3029.21	0.00	11.59	1597.57
	3029.22	0.00	11.61	1596.51
	3029.23	0.00	11.60	1599.53
	3029.24	0.00	11.61	1600.55
	3029.25	0.00	11.59	1601.58
	3029.26	0.00	11.61	1601.56
	3029.28	0.00	11.75	1601.21
	3029.29	0.00	11.75	1603.22
	3029.30	0.00	11.72	1596.26
	3029.31	0.00	11.71	1595.26
	3029.32	0.00	11.72	1598.26
	3029.34	0.00	11.67	1584.24
	3029.35	0.00	11.58	1584.46
	3029.36	0.00	11.58	1579.49
	3029.37	0.00	11.59	1584.50
	3029.38	0.00	11.52	1559.48
	3029.39	0.00	11.50	1555.50
	3029.41	0.00	11.53	1567.52
	3029.42	0.00	11.55	1576.54
	3029.43	0.00	11.60	1577.49
	3029.44	0.00	11.54	1572.55
	3029.45	0.00	11.60	1587.52
	3029.46	0.00	11.62	1595.53
	3029.48	0.00	11.61	1594.54
	3029.49	0.00	11.61	1599.54
	3029.50	0.00	11.60	1599.55
	3029.51	0.00	11.60	1597.52
	3029.52	0.00	11.60	1603.57
	3029.53	0.00	11.60	1603.56
	3029.55	0.00	11.60	1603.57
	3029.56	0.00	11.60	1603.57
	3029.57	0.00	11.58	1594.52
	3029.58	0.00	11.61	1603.52
	3029.59	0.00	11.62	1605.51
	3029.61	0.00	11.62	1603.51
	3029.62	0.00	11.62	1604.51
	3029.63	0.00	11.62	1604.51
	3029.64	0.00	11.62	1606.51
	3029.65	0.00	11.58	1596.53
	3029.66	0.00	11.59	1598.51
	3029.68	0.00	11.59	1598.51
	3029.69	0.00	11.59	1598.51
	3029.70	0.00	11.60	1598.51
	3029.71	0.00	11.60	1598.51
	3029.72	0.00	11.59	1597.51
	3029.74	0.00	11.57	1593.53
	3029.75	0.00	11.59	1596.51
	3029.76	0.00	11.59	1597.51
	3029.77	0.00	11.60	1598.51
	3029.78	0.00	11.60	1599.51
	3029.79	0.00	11.61	1598.48
	3029.81	0.00	11.61	1598.49
	3029.82	0.00	11.58	1595.54
	3029.83	0.00	11.59	1596.54
	3029.84	0.00	11.59	1599.56
	3029.85	0.00	11.58	1599.57
	3029.87	0.00	11.61	1599.51
	3029.88	0.00	11.60	1602.54
	3029.89	0.00	11.60	1600.55
	3029.90	0.00	11.59	1599.56
	3029.91	0.00	11.61	1603.53
	3029.92	0.00	11.69	1599.30
	3029.94	0.00	11.74	1604.22
	3029.95	0.00	11.73	1599.24
	3029.96	0.00	11.71	1599.27
	3029.97	0.00	11.66	1575.21
	3029.98	0.00	11.63	1585.34
	3030.00	0.00	11.60	1585.41
	3030.01	0.00	11.59	1581.48
	3030.02	0.00	11.59	1585.50
	3030.03	0.00	11.54	1566.47
	3030.04	0.00	11.53	1572.54
	3030.05	0.00	11.57	1575.54
	3030.07	0.00	11.58	1579.55
	3030.08	0.00	11.58	1581.55
	3030.09	1.00	11.59	1582.51
	3030.10	1.00	11.61	1592.53
	3030.11	1.00	11.61	1596.54
	3030.13	1.00	11.60	1600.54
	3030.14	1.00	11.62	1597.48
	3030.15	1.00	11.60	1603.55
	3030.16	1.00	11.60	1602.56
	3030.17	1.00	11.60	1604.56
	3030.18	1.00	11.61	1605.56
	3030.20	1.00	11.60	1605.57
	3030.21	1.00	11.60	1602.52
	3030.22	1.00	11.62	1606.49
	3030.23	1.00	11.62	1604.51
	3030.24	1.00	11.62	1604.51
	3030.25	1.00	11.62	1604.51
	3030.27	1.00	11.61	1605.51
	3030.28	1.00	11.59	1599.51
	3030.29	1.00	11.60	1600.51
	3030.30	1.00	11.60	1597.51
	3030.31	0.00	11.60	1598.51
	3030.33	0.00	11.59	1597.51
	3030.34	0.00	11.58	1594.51
	3030.35	0.00	11.59	1595.50
	3030.36	0.00	11.61	1599.51
	3030.37	0.00	11.59	1597.51
	3030.38	0.00	11.59	1597.51
	3030.40	0.00	11.60	1598.51
	3030.41	0.00	11.60	1599.51
	3030.42	0.00	11.60	1597.51
	3030.43	0.00	11.59	1597.54
	3030.44	0.00	11.57	1596.58
	3030.46	0.00	11.59	1600.56
	3030.47	0.00	11.58	1599.57
	3030.48	0.00	11.58	1597.57
	3030.49	0.00	11.60	1600.53
	3030.50	0.00	11.60	1600.55
	3030.51	0.00	11.59	1602.56
	3030.53	0.00	11.57	1599.56
	3030.54	0.00	11.74	1605.21
	3030.55	0.00	11.73	1606.24
	3030.56	0.00	11.72	1597.25
	3030.57	0.00	11.73	1599.21
	3030.59	0.00	11.71	1593.19
	3030.60	0.00	11.60	1586.39
	3030.61	0.00	11.57	1584.47
	3030.62	0.00	11.59	1586.50
	3030.63	0.00	11.51	1561.48
	3030.64	0.00	11.53	1572.53
	3030.66	0.00	11.53	1577.56
	3030.67	0.00	11.57	1576.54
	3030.68	0.00	11.57	1578.55
	3030.69	0.00	11.57	1583.55
	3030.70	0.00	11.58	1586.53
	3030.72	0.00	11.62	1598.53
	3030.73	0.00	11.61	1598.54
	3030.74	0.00	11.60	1602.54
	3030.75	0.00	11.59	1601.55
	3030.76	0.00	11.60	1602.54
	3030.77	0.00	11.59	1604.55
	3030.79	0.00	11.59	1606.56
	3030.80	0.00	11.59	1605.56
	3030.81	0.00	11.59	1607.56
	3030.82	0.00	11.59	1603.52
	3030.83	0.00	11.59	1604.53
	3030.84	0.00	11.57	1596.52
	3030.86	0.00	11.60	1606.52
	3030.87	0.00	11.61	1605.51
	3030.88	0.00	11.60	1604.51
	3030.89	0.00	11.60	1604.51
	3030.90	0.00	11.58	1597.51
	3030.92	0.00	11.59	1601.51
	3030.93	0.00	11.57	1598.53
	3030.94	0.00	11.58	1601.51
	3030.95	0.00	11.59	1600.51
	3030.96	0.00	11.56	1594.53
	3030.97	0.00	11.57	1597.51
	3030.99	0.00	11.57	1596.51
	3031.00	0.00	11.58	1600.51
	3031.01	0.00	11.58	1598.53
	3031.02	0.00	11.59	1599.51
	3031.03	0.00	11.58	1598.51
	3031.05	0.00	11.59	1600.51
	3031.06	0.00	11.60	1598.47
	3031.07	0.00	11.57	1599.54
	3031.08	0.00	11.57	1599.56
	3031.09	0.00	11.56	1598.57
	3031.10	0.00	11.56	1600.57
	3031.12	0.00	11.57	1599.55
	3031.13	0.00	11.58	1600.53
	3031.14	0.00	11.58	1600.52
	3031.15	0.00	11.58	1602.56
	3031.16	0.00	11.57	1601.56
	3031.18	0.00	11.56	1601.57
	3031.19	0.00	11.74	1604.16
	3031.20	0.00	11.72	1606.24
	3031.21	0.00	11.69	1596.25
	3031.22	0.00	11.68	1597.27
	3031.23	0.00	11.66	1585.20
	3031.25	0.00	11.58	1577.35
	3031.26	0.00	11.55	1585.47
	3031.27	0.00	11.57	1580.48
	3031.28	0.00	11.57	1588.51
	3031.29	0.00	11.49	1563.52
	3031.31	0.00	11.51	1574.54
	3031.32	0.00	11.54	1571.54
	3031.33	0.00	11.55	1578.55
	3031.34	0.00	11.54	1579.55
	3031.35	0.00	11.54	1574.52
	3031.36	0.00	11.59	1591.51
	3031.38	0.00	11.60	1597.54
	3031.39	0.00	11.58	1593.55
	3031.40	0.00	11.57	1596.55
	3031.41	0.00	11.56	1594.53
	3031.42	0.00	11.57	1598.54
	3031.43	0.00	11.57	1601.56
	3031.45	0.00	11.58	1602.55
	3031.46	0.00	11.57	1601.57
	3031.47	0.00	11.56	1602.57
	3031.48	0.00	11.57	1599.52
	3031.49	0.00	11.58	1601.52
	3031.51	0.00	11.59	1605.52
	3031.52	0.00	11.58	1602.52
	3031.53	0.00	11.59	1604.52
	3031.54	0.00	11.59	1604.50
	3031.55	0.00	11.57	1598.52
	3031.56	0.00	11.55	1595.52
	3031.58	0.00	11.56	1598.52
	3031.59	0.00	11.57	1597.52
	3031.60	0.00	11.56	1598.52
	3031.61	0.00	11.56	1597.52
	3031.62	0.00	11.55	1594.53
	3031.63	0.00	11.54	1593.52
	3031.65	0.00	11.56	1596.52
	3031.66	0.00	11.56	1598.52
	3031.67	0.00	11.56	1598.53
	3031.68	0.00	11.57	1600.52
	3031.69	0.00	11.59	1598.46
	3031.71	0.00	11.57	1598.50
	3031.72	0.00	11.56	1598.54
	3031.73	0.00	11.55	1597.56
	3031.74	0.00	11.55	1599.57
	3031.75	0.00	11.55	1600.58
	3031.77	0.00	11.55	1599.58
	3031.78	0.00	11.57	1601.53
	3031.79	0.00	11.56	1601.55
	3031.80	0.00	11.56	1602.57
	3031.81	0.00	11.55	1600.56
	3031.82	0.00	11.56	1602.57
	3031.84	0.00	11.55	1603.58
	3031.85	0.00	11.71	1605.21
	3031.86	0.00	11.71	1608.24
	3031.87	0.00	11.67	1598.26
	3031.88	0.00	11.67	1599.27
	3031.90	0.00	11.66	1600.30
	3031.91	0.00	11.58	1583.35
	3031.92	0.00	11.54	1587.48
	3031.93	0.00	11.55	1584.51
	3031.94	0.00	11.55	1588.52
	3031.95	0.00	11.47	1562.52
	3031.97	0.00	11.50	1574.54
	3031.98	0.00	11.53	1574.55
	3031.99	0.00	11.53	1577.56
	3032.00	0.00	11.52	1574.54
	3032.01	0.00	11.55	1582.52
	3032.02	0.00	11.56	1587.54
	3032.04	0.00	11.56	1590.54
	3032.05	0.00	11.58	1597.55
	3032.06	0.00	11.57	1598.55
	3032.07	0.00	11.57	1598.53
	3032.08	0.00	11.58	1601.55
	3032.10	0.00	11.57	1603.56
	3032.11	0.00	11.57	1604.56
	3032.12	0.00	11.57	1605.57
	3032.13	0.00	11.57	1605.57
	3032.14	0.00	11.56	1604.57
	3032.15	0.00	11.57	1600.52
	3032.17	0.00	11.59	1605.52
	3032.18	0.00	11.58	1606.53
	3032.19	0.00	11.57	1606.54
	3032.20	0.00	11.58	1607.54
	3032.21	0.00	11.58	1607.54
	3032.22	0.00	11.58	1606.53
	3032.24	0.00	11.56	1602.53
	3032.25	0.00	11.54	1598.55
	3032.26	0.00	11.54	1597.53
	3032.27	0.00	11.56	1600.53
	3032.28	0.00	11.56	1600.53
	3032.30	0.00	11.56	1601.53
	3032.31	0.00	11.55	1594.53
	3032.32	0.00	11.55	1596.53
	3032.33	0.00	11.55	1599.55
	3032.34	0.00	11.56	1600.53
	3032.35	0.00	11.57	1600.53
	3032.37	0.00	11.57	1600.53
	3032.38	0.00	11.58	1600.49
	3032.39	0.00	11.58	1599.51
	3032.40	0.00	11.55	1601.55
	3032.41	0.00	11.55	1601.57
	3032.43	0.00	11.54	1600.59
	3032.44	0.00	11.55	1603.58
	3032.45	0.00	11.57	1601.53
	3032.46	0.00	11.58	1602.53
	3032.47	0.00	11.57	1602.55
	3032.48	0.00	11.57	1602.56
	3032.50	0.00	11.56	1603.57
	3032.51	0.00	11.56	1593.49
	3032.52	0.00	11.71	1604.21
	3032.53	0.00	11.70	1605.24
	3032.54	0.00	11.68	1600.26
	3032.56	0.00	11.68	1597.23
	3032.57	0.00	11.59	1588.39
	3032.58	0.00	11.56	1587.45
	3032.59	0.00	11.55	1587.47
	3032.60	0.00	11.56	1582.51
	3032.61	0.00	11.57	1589.51
	3032.63	0.00	11.50	1568.52
	3032.64	0.00	11.52	1579.54
	3032.65	0.00	11.54	1576.55
	3032.66	0.00	11.55	1583.55
	3032.67	0.00	11.59	1592.52
	3032.68	0.00	11.59	1597.55
	3032.70	0.00	11.60	1595.54
	3032.71	0.00	11.59	1599.54
	3032.72	0.00	11.59	1598.51
	3032.73	0.00	11.58	1605.55
	3032.74	0.00	11.58	1604.56
	3032.76	0.00	11.58	1604.56
	3032.77	0.00	11.58	1606.57
	3032.78	0.00	11.58	1605.55
	3032.79	0.00	11.58	1602.52
	3032.80	0.00	11.59	1603.52
	3032.81	0.00	11.62	1606.47
	3032.83	0.00	11.58	1600.51
	3032.84	0.00	11.60	1606.51
	3032.85	0.00	11.59	1606.51
	3032.86	0.00	11.59	1606.53
	3032.87	0.00	11.57	1598.51
	3032.89	0.00	11.57	1600.51
	3032.90	0.00	11.57	1600.51
	3032.91	0.00	11.60	1600.47
	3032.92	0.00	11.57	1600.51
	3032.93	0.00	11.58	1599.51
	3032.94	0.00	11.56	1595.51
	3032.96	0.00	11.55	1592.51
	3032.97	0.00	11.57	1600.51
	3032.98	0.00	11.58	1599.51
	3032.99	0.00	11.59	1599.47
	3033.00	0.00	11.58	1601.51
	3033.02	0.00	11.60	1601.47
	3033.03	0.00	11.57	1600.54
	3033.04	0.00	11.57	1600.53
	3033.05	0.00	11.57	1600.55
	3033.06	0.00	11.56	1601.56
	3033.07	0.00	11.56	1600.56
	3033.09	0.00	11.57	1603.57
	3033.10	0.00	11.58	1602.52
	3033.11	0.00	11.57	1603.55
	3033.12	0.00	11.57	1603.56
	3033.13	0.00	11.57	1604.57
	3033.15	0.00	11.72	1605.20
	3033.16	0.00	11.72	1607.22
	3033.17	0.00	11.71	1607.24
	3033.18	0.00	11.68	1594.25
	3033.19	0.00	11.69	1600.26
	3033.20	0.00	11.61	1586.32
	3033.22	0.00	11.57	1588.42
	3033.23	0.00	11.56	1586.50
	3033.24	0.00	11.56	1588.51
	3033.25	0.00	11.49	1562.50
	3033.26	0.00	11.49	1571.53
	3033.27	0.00	11.51	1575.53
	3033.29	0.00	11.54	1576.55
	3033.30	0.00	11.54	1581.56
	3033.31	0.00	11.52	1575.52
	3033.32	0.00	11.58	1594.53
	3033.33	0.00	11.60	1600.54
	3033.35	0.00	11.60	1601.53
	3033.36	0.00	11.59	1603.54
	3033.37	0.00	11.57	1600.55
	3033.38	0.00	11.58	1605.55
	3033.39	0.00	11.56	1606.58
	3033.40	0.00	11.58	1609.57
	3033.42	0.00	11.57	1607.57
	3033.43	0.00	11.58	1608.57
	3033.44	0.00	11.57	1604.53
	3033.45	0.00	11.59	1606.52
	3033.46	0.00	11.58	1606.52
	3033.48	0.00	11.59	1609.52
	3033.49	0.00	11.59	1607.52
	3033.50	0.00	11.59	1607.52
	3033.51	0.00	11.57	1601.52
	3033.52	0.00	11.57	1601.52
	3033.53	0.00	11.57	1602.51
	3033.55	0.00	11.57	1600.51
	3033.56	0.00	11.57	1602.51
	3033.57	0.00	11.56	1598.53
	3033.58	0.00	11.57	1598.51
	3033.59	0.00	11.57	1598.51
	3033.61	0.00	11.58	1601.51
	3033.62	0.00	11.58	1600.51
	3033.63	0.00	11.59	1603.51
	3033.64	0.00	11.58	1600.51
	3033.65	0.00	11.58	1600.51
	3033.66	0.00	11.58	1600.52
	3033.68	0.00	11.55	1594.54
	3033.69	0.00	11.56	1601.56
	3033.70	0.00	11.56	1601.56
	3033.71	0.00	11.56	1602.57
	3033.72	0.00	11.58	1601.52
	3033.74	0.00	11.58	1603.54
	3033.75	0.00	11.59	1603.51
	3033.76	0.00	11.58	1603.56
	3033.77	0.00	11.57	1604.56
	3033.78	0.00	11.73	1605.20
	3033.79	0.00	11.71	1608.23
	3033.81	0.00	11.70	1601.25
	3033.82	0.00	11.70	1603.26
	3033.83	0.00	11.66	1588.22
	3033.84	0.00	11.60	1590.37
	3033.85	0.00	11.57	1591.45
	3033.86	0.00	11.58	1586.49
	3033.88	0.00	11.58	1589.51
	3033.89	0.00	11.50	1566.51
	3033.90	0.00	11.53	1581.54
	3033.91	0.00	11.56	1582.55
	3033.92	0.00	11.56	1587.55
	3033.93	0.00	11.58	1594.54
	3033.95	0.00	11.59	1598.53
	3033.96	0.00	11.60	1603.54
	3033.97	0.00	11.59	1606.55
	3033.98	0.00	11.57	1608.56
	3034.00	0.00	11.57	1610.55
	3034.01	0.00	11.57	1614.57
	3034.02	0.00	11.56	1616.56
	3034.03	0.00	11.54	1616.59
	3034.04	0.00	11.56	1617.59
	3034.05	0.00	11.56	1619.55
	3034.06	0.00	11.56	1623.55
	3034.08	0.00	11.55	1625.56
	3034.09	0.00	11.53	1629.57
	3034.10	0.00	11.49	1631.58
	3034.11	0.00	11.46	1636.60
	3034.12	0.00	11.45	1640.60
	3034.14	0.00	11.43	1645.62
	3034.15	0.00	11.39	1651.65
	3034.16	0.00	11.37	1654.66
	3034.17	0.00	11.33	1662.68
	3034.18	0.00	11.30	1668.69
	3034.19	0.00	11.28	1674.66
	3034.21	0.00	11.19	1681.78
	3034.22	0.00	11.13	1687.85
	3034.23	0.00	11.09	1697.87
	3034.24	0.00	11.04	1699.87
	3034.25	0.00	11.00	1697.87
	3034.27	0.00	10.96	1699.90
	3034.28	0.00	10.92	1699.92
	3034.29	0.00	10.92	1697.86
	3034.30	0.00	11.02	1691.57
	3034.31	0.00	11.01	1688.60
	3034.33	0.00	10.99	1668.61
	3034.34	0.00	11.00	1659.61
	3034.35	0.00	10.99	1630.53
	3034.36	0.00	10.95	1612.72
	3034.37	0.00	10.99	1592.75
	3034.38	0.00	11.04	1579.74
	3034.40	0.00	11.10	1562.72
	3034.41	0.00	11.10	1522.65
	3034.42	0.00	11.15	1515.65
	3034.43	0.00	11.35	1458.58
	3034.44	0.00	11.48	1435.51
	3034.45	0.00	11.65	1379.39
	3034.47	0.00	11.74	1368.29
	3034.48	0.00	11.80	1364.21
	3034.49	0.00	11.88	1367.09
	3034.50	0.00	11.86	1368.15
	3034.51	0.00	11.86	1363.11
	3034.52	0.00	11.88	1360.08
	3034.54	0.00	11.91	1361.06
	3034.55	0.00	11.93	1361.06
	3034.56	0.00	11.97	1364.05
	3034.57	0.00	11.98	1365.04
	3034.58	0.00	12.00	1368.02
	3034.60	0.00	11.99	1369.02
	3034.61	0.00	12.00	1371.02
	3034.62	0.00	12.01	1371.01
	3034.63	0.00	12.02	1373.00
	3034.64	0.00	12.01	1363.96
	3034.65	0.00	12.06	1379.96
	3034.67	0.00	12.08	1385.96
	3034.68	0.00	12.10	1391.96
	3034.69	0.00	12.11	1392.94
	3034.70	0.00	12.11	1392.96
	3034.71	0.00	12.12	1393.95
	3034.72	0.00	12.12	1393.95
	3034.74	0.00	12.14	1393.92
	3034.75	0.00	12.12	1393.95
	3034.76	0.00	12.13	1399.96
	3034.77	0.00	12.14	1402.96
	3034.78	0.00	12.13	1404.95
	3034.80	0.00	12.14	1402.95
	3034.81	0.00	12.13	1398.94
	3034.82	0.00	12.14	1403.94
	3034.83	0.00	12.14	1403.93
	3034.84	0.00	12.14	1401.91
	3034.85	0.00	12.15	1408.93
	3034.87	0.00	12.15	1410.93
	3034.88	0.00	12.16	1408.92
	3034.89	0.00	12.18	1410.88
	3034.90	0.00	12.16	1410.91
	3034.91	0.00	12.15	1409.92
	3034.92	0.00	12.09	1412.99
	3034.94	0.00	11.87	1441.10
	3034.95	0.00	11.52	1505.34
	3034.96	0.00	11.26	1556.52
	3034.97	0.00	11.12	1588.60
	3034.98	0.00	11.03	1612.66
	3035.00	0.00	11.04	1640.72
	3035.01	0.00	11.05	1648.74
	3035.02	0.00	11.05	1661.77
	3035.03	0.00	11.05	1688.82
	3035.04	0.00	11.03	1712.83
	3035.05	0.00	10.99	1740.87
	3035.07	0.00	10.96	1763.92
	3035.08	0.00	10.93	1778.94
	3035.09	0.00	10.99	1812.95
	3035.10	0.00	11.00	1833.01
	3035.11	0.00	11.04	1847.02
	3035.12	0.00	11.12	1862.01
	3035.14	0.00	11.20	1865.96
	3035.15	0.00	11.28	1867.94
	3035.16	0.00	11.33	1863.93
	3035.17	0.00	11.42	1866.90
	3035.18	0.00	11.50	1863.88
	3035.20	0.00	11.62	1856.78
	3035.21	0.00	11.71	1852.76
	3035.22	0.00	11.81	1837.72
	3035.23	0.00	11.87	1830.71
	3035.24	0.00	11.90	1813.72
	3035.25	0.00	11.98	1810.69
	3035.27	0.00	12.09	1793.65
	3035.28	0.00	12.20	1774.62
	3035.29	0.00	12.28	1757.52
	3035.30	0.00	12.32	1751.52
	3035.31	0.00	12.40	1751.50
	3035.33	0.00	12.46	1745.49
	3035.34	0.00	12.51	1751.48
	3035.35	0.00	12.66	1775.44
	3035.36	0.00	12.84	1765.44
	3035.37	0.00	12.87	1771.43
	3035.38	0.00	12.92	1776.40
	3035.40	0.00	12.96	1781.38
	3035.41	0.00	13.02	1788.36
	3035.42	0.00	13.05	1780.34
	3035.43	0.00	13.30	1820.26
	3035.44	0.00	13.41	1827.14
	3035.45	0.00	13.52	1871.07
	3035.47	0.00	13.63	1862.01
	3035.48	0.00	13.72	1872.95
	3035.49	0.00	13.79	1880.91
	3035.50	0.00	13.84	1876.87
	3035.51	0.00	13.88	1871.83
	3035.53	0.00	13.92	1869.77
	3035.54	0.00	13.90	1847.74
	3035.55	0.00	13.84	1810.69
	3035.56	0.00	13.71	1772.68
	3035.57	0.00	13.52	1709.66
	3035.58	0.00	13.19	1629.67
	3035.60	0.00	13.00	1575.69
	3035.61	0.00	12.67	1505.73
	3035.62	0.00	12.52	1469.77
	3035.63	0.00	12.40	1442.82
	3035.64	0.00	12.34	1434.81
	3035.65	0.00	12.32	1426.83
	3035.67	0.00	12.31	1424.83
	3035.68	0.00	12.32	1422.82
	3035.69	0.00	12.31	1419.82
	3035.70	0.00	12.32	1418.80
	3035.71	0.00	12.33	1418.79
	3035.72	0.00	12.34	1419.79
	3035.74	0.00	12.34	1420.79
	3035.75	0.00	12.35	1422.79
	3035.76	0.00	12.37	1424.79
	3035.77	0.00	12.37	1427.79
	3035.78	0.00	12.39	1429.77
	3035.80	0.00	12.37	1427.79
	3035.81	0.00	12.38	1433.79
	3035.82	0.00	12.39	1435.78
	3035.83	0.00	12.42	1437.74
	3035.84	0.00	12.38	1432.78
	3035.85	0.00	12.39	1435.78
	3035.87	0.00	12.41	1439.78
	3035.88	0.00	12.41	1438.77
	3035.89	0.00	12.41	1439.78
	3035.90	0.00	12.41	1438.77
	3035.91	0.00	12.41	1438.77
	3035.92	0.00	12.41	1438.77
	3035.94	0.00	12.40	1432.77
	3035.95	0.00	12.48	1439.63
	3035.96	0.00	12.46	1439.67
	3035.97	0.00	12.46	1442.68
	3035.98	0.00	12.49	1441.64
	3036.00	0.00	12.47	1442.67
	3036.01	0.00	12.47	1442.67
	3036.02	0.00	12.46	1438.69
	3036.03	0.00	12.44	1436.71
	3036.04	0.00	12.45	1436.71
	3036.05	0.00	12.45	1438.71
	3036.06	0.00	12.40	1441.75
	3036.08	0.00	12.13	1475.83
	3036.09	0.00	11.60	1565.19
	3036.10	0.00	11.24	1645.49
	3036.11	0.00	11.04	1701.70
	3036.12	0.00	10.95	1744.79
	3036.14	0.00	10.91	1777.85
	3036.15	0.00	10.98	1797.76
	3036.16	0.00	11.02	1829.79
	3036.17	0.00	11.01	1862.84
	3036.18	0.00	10.95	1889.90
	3036.19	0.00	10.94	1920.93
	3036.21	0.00	10.90	1939.03
	3036.22	0.00	10.92	1954.02
	3036.23	0.00	10.96	1961.01
	3036.24	0.00	11.01	1963.95
	3036.25	0.00	11.07	1991.95
	3036.27	0.00	11.13	1989.94
	3036.28	0.00	11.18	1983.90
	3036.29	0.00	11.29	1982.82
	3036.30	0.00	11.37	1964.80
	3036.31	0.00	11.47	1950.78
	3036.32	0.00	11.56	1929.73
	3036.34	0.00	11.71	1923.70
	3036.35	0.00	11.80	1911.68
	3036.36	0.00	11.90	1909.64
	3036.37	0.00	11.96	1900.61
	3036.38	0.00	12.07	1906.53
	3036.40	0.00	12.15	1892.50
	3036.41	0.00	12.29	1875.46
	3036.42	0.00	12.41	1865.40
	3036.43	0.00	12.54	1859.38
	3036.44	0.00	12.66	1848.34
	3036.45	0.00	12.76	1842.30
	3036.47	0.00	12.83	1843.25
	3036.48	0.00	12.89	1842.18
	3036.49	0.00	12.93	1841.13
	3036.50	0.00	12.99	1842.07
	3036.51	0.00	13.06	1825.01
	3036.53	0.00	13.23	1853.96
	3036.54	0.00	13.26	1856.96
	3036.55	0.00	13.26	1883.94
	3036.56	0.00	13.34	1895.88
	3036.57	0.00	13.40	1891.87
	3036.58	0.00	13.62	1900.87
	3036.60	0.00	13.70	1909.89
	3036.61	0.00	13.80	1915.83
	3036.62	0.00	13.88	1916.79
	3036.63	0.00	13.95	1917.74
	3036.64	0.00	13.94	1899.72
	3036.66	0.00	13.93	1885.71
	3036.67	0.00	13.89	1867.68
	3036.68	0.00	13.93	1840.46
	3036.69	0.00	13.84	1785.30
	3036.70	0.00	13.51	1703.34
	3036.71	0.00	13.22	1623.43
	3036.73	0.00	12.86	1542.47
	3036.74	0.00	12.67	1497.52
	3036.75	0.00	12.52	1463.56
	3036.76	0.00	12.51	1469.57
	3036.77	0.00	12.45	1454.56
	3036.78	0.00	12.45	1454.55
	3036.80	0.00	12.45	1455.56
	3036.81	0.00	12.45	1455.56
	3036.82	0.00	12.43	1447.55
	3036.83	0.00	12.43	1438.51
	3036.84	0.00	12.38	1434.58
	3036.86	0.00	12.44	1436.49
	3036.87	0.00	12.42	1437.54
	3036.88	0.00	12.45	1435.47
	3036.89	0.00	12.42	1429.51
	3036.90	0.00	12.38	1432.60
	3036.91	0.00	12.36	1439.69
	3036.92	0.00	12.34	1440.73
	3036.94	0.00	12.35	1438.76
	3036.95	0.00	12.35	1437.77
	3036.96	0.00	12.36	1436.76
	3036.97	0.00	12.37	1441.75
	3036.98	0.00	12.37	1445.76
	3037.00	0.00	12.36	1447.79
	3037.01	0.00	12.38	1452.77
	3037.02	0.00	12.34	1439.77
	3037.03	0.00	12.30	1422.75
	3037.04	0.00	12.31	1424.76
	3037.06	0.00	12.31	1424.73
	3037.07	0.00	12.36	1434.72
	3037.08	0.00	12.32	1428.74
	3037.09	0.00	12.34	1443.77
	3037.10	0.00	12.36	1455.79
	3037.11	0.00	12.39	1459.80
	3037.12	0.00	12.42	1480.79
	3037.14	0.00	12.42	1482.78
	3037.15	0.00	12.43	1491.79
	3037.16	0.00	12.35	1496.89
	3037.17	0.00	12.09	1535.04
	3037.18	0.00	11.53	1633.39
	3037.20	0.00	11.19	1716.63
	3037.21	0.00	10.94	1772.80
	3037.22	0.00	10.88	1810.87
	3037.23	0.00	10.88	1839.88
	3037.24	0.00	10.90	1866.88
	3037.25	0.00	10.97	1896.83
	3037.27	0.00	11.03	1936.87
	3037.28	0.00	11.06	1969.89
	3037.29	0.00	11.08	1983.91
	3037.30	0.00	11.09	2020.96
	3037.31	0.00	11.15	2038.95
	3037.33	0.00	11.20	2045.93
	3037.34	0.00	11.26	2044.90
	3037.35	0.00	11.33	2040.87
	3037.36	0.00	11.36	2015.86
	3037.37	0.00	11.47	2022.84
	3037.39	0.00	11.53	2006.83
	3037.40	0.00	11.62	1985.81
	3037.41	0.00	11.70	1968.75
	3037.42	0.00	11.80	1950.70
	3037.43	0.00	11.86	1942.69
	3037.44	0.00	11.93	1929.67
	3037.46	0.00	11.98	1926.66
	3037.47	0.00	12.06	1913.55
	3037.48	0.00	12.14	1900.52
	3037.49	0.00	12.24	1886.51
	3037.50	0.00	12.37	1846.48
	3037.52	0.00	12.47	1821.57
	3037.53	0.00	12.58	1815.52
	3037.54	0.00	12.67	1834.47
	3037.55	0.00	12.75	1822.43
	3037.56	0.00	12.85	1825.30
	3037.57	0.00	12.93	1840.29
	3037.59	0.00	13.02	1844.22
	3037.60	0.00	13.14	1855.12
	3037.61	0.00	13.36	1870.04
	3037.62	0.00	13.45	1887.93
	3037.63	0.00	13.51	1893.85
	3037.64	0.00	13.70	1924.79
	3037.66	0.00	13.77	1928.75
	3037.67	0.00	13.84	1933.68
	3037.68	0.00	13.83	1916.64
	3037.69	0.00	13.90	1932.60
	3037.70	0.00	13.93	1931.57
	3037.72	0.00	13.90	1922.61
	3037.73	0.00	13.92	1910.54
	3037.74	0.00	13.90	1881.45
	3037.75	0.00	13.74	1824.40
	3037.76	0.00	13.50	1760.41
	3037.77	0.00	13.32	1696.48
	3037.79	0.00	13.08	1629.57
	3037.80	0.00	12.84	1562.60
	3037.81	0.00	12.65	1524.73
	3037.82	0.00	12.50	1494.78
	3037.83	0.00	12.42	1477.78
	3037.84	0.00	12.41	1475.77
	3037.86	0.00	12.41	1473.76
	3037.87	0.00	12.43	1467.69
	3037.88	0.00	12.37	1460.76
	3037.89	0.00	12.36	1455.76
	3037.90	0.00	12.35	1451.75
	3037.92	0.00	12.35	1449.75
	3037.93	0.00	12.32	1439.75
	3037.94	0.00	12.31	1436.75
	3037.95	0.00	12.31	1436.75
	3037.96	0.00	12.31	1437.76
	3037.97	0.00	12.32	1438.74
	3037.99	0.00	12.32	1438.74
	3038.00	0.00	12.32	1436.75
	3038.01	0.00	12.32	1436.75
	3038.02	0.00	12.32	1440.75
	3038.03	0.00	12.34	1442.74
	3038.04	0.00	12.35	1446.74
	3038.06	0.00	12.34	1445.73
	3038.07	0.00	12.36	1453.73
	3038.08	0.00	12.35	1449.73
	3038.09	0.00	12.34	1446.72
	3038.10	0.00	12.35	1446.72
	3038.11	0.00	12.35	1446.71
	3038.13	0.00	12.35	1443.70
	3038.14	0.00	12.35	1443.69
	3038.15	0.00	12.36	1444.68
	3038.16	0.00	12.38	1443.66
	3038.17	0.00	12.38	1441.65
	3038.19	0.00	12.38	1440.64
	3038.20	0.00	12.36	1439.66
	3038.21	0.00	12.35	1441.70
	3038.22	0.00	12.35	1438.70
	3038.23	0.00	12.25	1447.85
	3038.24	0.00	11.90	1506.07
	3038.26	0.00	11.34	1621.42
	3038.27	0.00	10.88	1742.65
	3038.28	0.00	10.65	1818.80
	3038.29	0.00	10.60	1856.88
	3038.30	0.00	10.68	1874.91
	3038.31	0.00	10.74	1906.91
	3038.33	0.00	10.83	1946.88
	3038.34	0.00	10.93	1988.90
	3038.35	0.00	10.98	2028.90
	3038.36	0.00	11.06	2061.90
	3038.37	0.00	11.05	2058.96
	3038.39	0.00	11.17	2073.93
	3038.40	0.00	11.26	2076.90
	3038.41	0.00	11.36	2074.83
	3038.42	0.00	11.46	2060.82
	3038.43	0.00	11.58	2045.77
	3038.44	0.00	11.72	2045.71
	3038.46	0.00	11.88	2035.62
	3038.47	0.00	11.97	2018.59
	3038.48	0.00	12.08	2004.53
	3038.49	0.00	12.17	1955.48
	3038.50	0.00	12.34	1936.39
	3038.52	0.00	12.54	1897.30
	3038.53	0.00	12.65	1876.26
	3038.54	0.00	12.82	1864.12
	3038.55	0.00	12.92	1851.04
	3038.56	0.00	12.95	1846.98
	3038.57	0.00	12.99	1846.89
	3038.59	0.00	13.02	1839.84
	3038.60	0.00	13.16	1857.80
	3038.61	0.00	13.18	1855.78
	3038.62	0.00	13.19	1851.77
	3038.63	0.00	13.23	1847.75
	3038.65	0.00	13.25	1851.73
	3038.66	0.00	13.29	1854.72
	3038.67	0.00	13.28	1840.71
	3038.68	0.00	13.35	1825.70
	3038.69	0.00	13.39	1826.68
	3038.70	0.00	13.44	1839.65
	3038.72	0.00	13.49	1851.66
	3038.73	0.00	13.58	1865.62
	3038.74	0.00	13.63	1870.61
	3038.75	0.00	13.67	1870.57
	3038.76	0.00	13.83	1894.52
	3038.78	0.00	13.92	1895.37
	3038.79	0.00	14.00	1908.33
	3038.80	0.00	14.05	1905.24
	3038.81	0.00	14.10	1904.21
	3038.82	0.00	14.16	1898.14
	3038.83	0.00	14.17	1881.10
	3038.84	0.00	14.23	1861.92
	3038.86	0.00	14.22	1837.88
	3038.87	0.00	14.07	1800.97
	3038.88	0.00	13.92	1754.03
	3038.89	0.00	13.66	1692.18
	3038.90	0.00	13.28	1620.27
	3038.92	0.00	13.06	1573.36
	3038.93	0.00	12.75	1513.40
	3038.94	0.00	12.64	1490.44
	3038.95	0.00	12.60	1488.46
	3038.96	0.00	12.53	1468.47
	3038.98	0.00	12.49	1456.47
	3038.99	0.00	12.44	1439.48
	3039.00	0.00	12.47	1444.48
	3039.01	0.00	12.47	1441.48
	3039.02	0.00	12.41	1439.58
	3039.03	0.00	12.40	1442.61
	3039.05	0.00	12.39	1434.66
	3039.06	0.00	12.41	1442.68
	3039.07	0.00	12.42	1450.70
	3039.08	0.00	12.42	1451.70
	3039.09	0.00	12.44	1451.67
	3039.10	0.00	12.41	1438.65
	3039.12	0.00	12.44	1447.65
	3039.13	0.00	12.45	1452.66
	3039.14	0.00	12.44	1453.68
	3039.15	0.00	12.47	1459.66
	3039.16	0.00	12.51	1466.61
	3039.17	0.00	12.53	1475.61
	3039.19	0.00	12.54	1482.61
	3039.20	0.00	12.55	1485.61
	3039.21	0.00	12.53	1477.61
	3039.22	0.00	12.53	1482.61
	3039.23	0.00	12.51	1470.58
	3039.25	0.00	12.50	1478.63
	3039.26	0.00	12.49	1478.64
	3039.27	0.00	12.49	1477.64
	3039.28	0.00	12.50	1480.65
	3039.29	0.00	12.50	1480.64
	3039.30	0.00	12.48	1476.65
	3039.32	0.00	12.42	1477.68
	3039.33	0.00	12.17	1516.82
	3039.34	0.00	11.72	1589.12
	3039.35	0.00	11.25	1698.45
	3039.36	0.00	10.87	1808.65
	3039.37	0.00	10.72	1855.73
	3039.39	0.00	10.78	1908.79
	3039.40	0.00	10.84	1928.81
	3039.41	0.00	10.96	1978.87
	3039.42	0.00	11.03	2008.88
	3039.43	0.00	11.13	2052.91
	3039.45	0.00	11.19	2095.89
	3039.46	0.00	11.24	2114.98
	3039.47	0.00	11.30	2118.97
	3039.48	0.00	11.38	2126.96
	3039.49	0.00	11.45	2110.89
	3039.51	0.00	11.57	2108.81
	3039.52	0.00	11.63	2081.84
	3039.53	0.00	11.73	2062.80
	3039.54	0.00	11.88	2038.60
	3039.55	0.00	11.97	2020.57
	3039.56	0.00	12.05	1995.53
	3039.58	0.00	12.12	1971.53
	3039.59	0.00	12.20	1948.54
	3039.60	0.00	12.32	1919.48
	3039.61	0.00	12.51	1876.38
	3039.62	0.00	12.63	1855.34
	3039.64	0.00	12.73	1844.26
	3039.65	0.00	12.85	1819.22
	3039.66	0.00	12.91	1826.17
	3039.67	0.00	12.95	1837.14
	3039.68	0.00	13.00	1839.11
	3039.69	0.00	13.07	1852.03
	3039.71	0.00	13.11	1861.98
	3039.72	0.00	13.18	1881.92
	3039.73	0.00	13.20	1877.87
	3039.74	0.00	13.22	1881.89
	3039.75	0.00	13.22	1866.87
	3039.77	0.00	13.29	1878.82
	3039.78	0.00	13.47	1885.77
	3039.79	0.00	13.50	1884.72
	3039.80	0.00	13.53	1876.65
	3039.81	0.00	13.61	1888.60
	3039.82	0.00	13.64	1888.57
	3039.84	0.00	13.69	1889.49
	3039.85	0.00	13.74	1885.41
	3039.86	0.00	13.79	1888.35
	3039.87	0.00	13.85	1888.29
	3039.88	0.00	13.87	1884.28
	3039.89	0.00	13.89	1880.22
	3039.91	0.00	13.93	1878.19
	3039.92	0.00	13.94	1851.11
	3039.93	0.00	13.92	1823.06
	3039.94	0.00	13.93	1813.01
	3039.95	0.00	13.96	1788.84
	3039.97	0.00	14.01	1766.65
	3039.98	0.00	13.56	1704.07
	3039.99	0.00	13.35	1650.21
	3040.00	0.00	13.08	1596.44
	3040.01	0.00	12.92	1576.54
	3040.02	0.00	12.69	1523.63
	3040.04	0.00	12.53	1499.74
	3040.05	0.00	12.49	1487.76
	3040.06	0.00	12.49	1489.75
	3040.07	0.00	12.45	1478.76
	3040.08	0.00	12.43	1470.76
	3040.09	0.00	12.43	1469.75
	3040.11	0.00	12.38	1457.78
	3040.12	0.00	12.41	1459.75
	3040.13	0.00	12.43	1457.71
	3040.14	0.00	12.44	1459.70
	3040.15	0.00	12.47	1459.64
	3040.16	0.00	12.41	1450.71
	3040.18	0.00	12.44	1461.72
	3040.19	0.00	12.45	1467.73
	3040.20	0.00	12.45	1470.73
	3040.21	0.00	12.44	1466.74
	3040.22	0.00	12.46	1471.74
	3040.24	0.00	12.51	1471.60
	3040.25	0.00	12.63	1474.41
	3040.26	0.00	12.63	1474.39
	3040.27	0.00	12.63	1478.41
	3040.28	0.00	12.62	1481.43
	3040.29	0.00	12.60	1469.46
	3040.31	0.00	12.59	1466.44
	3040.32	0.00	12.62	1478.45
	3040.33	0.00	12.58	1457.40
	3040.34	0.00	12.52	1458.53
	3040.35	0.00	12.48	1457.62
	3040.36	0.00	12.46	1459.64
	3040.38	0.00	12.46	1460.65
	3040.39	0.00	12.49	1457.65
	3040.40	0.00	12.48	1465.72
	3040.41	0.00	12.47	1476.74
	3040.42	0.00	12.47	1465.69
	3040.44	0.00	12.50	1474.69
	3040.45	0.00	12.50	1473.69
	3040.46	0.00	12.49	1473.70
	3040.47	0.00	12.49	1472.70
	3040.48	0.00	12.48	1478.70
	3040.49	0.00	12.31	1494.87
	3040.51	0.00	11.77	1593.18
	3040.52	0.00	11.28	1692.50
	3040.53	0.00	11.05	1763.67
	3040.54	0.00	10.95	1797.73
	3040.55	0.00	10.92	1824.78
	3040.56	0.00	10.98	1856.80
	3040.58	0.00	11.05	1897.83
	3040.59	0.00	11.06	1938.87
	3040.60	0.00	11.06	1971.87
	3040.61	0.00	11.10	2011.85
	3040.62	0.00	11.14	2032.87
	3040.64	0.00	11.21	2061.89
	3040.65	0.00	11.27	2094.90
	3040.66	0.00	11.36	2106.87
	3040.67	0.00	11.42	2100.85
	3040.68	0.00	11.49	2096.82
	3040.70	0.00	11.55	2086.79
	3040.71	0.00	11.63	2074.72
	3040.72	0.00	11.68	2055.75
	3040.73	0.00	11.70	2043.76
	3040.74	0.00	11.74	2032.75
	3040.75	0.00	11.79	2019.73
	3040.77	0.00	11.83	1978.71
	3040.78	0.00	11.87	1982.65
	3040.79	0.00	11.88	1974.68
	3040.80	0.00	11.88	1956.68
	3040.81	0.00	11.90	1947.70
	3040.83	0.00	12.01	1947.56
	3040.84	0.00	12.04	1945.57
	3040.85	0.00	12.11	1953.56
	3040.86	0.00	12.18	1956.58
	3040.87	0.00	12.27	1936.63
	3040.88	0.00	12.40	1927.63
	3040.90	0.00	12.54	1923.60
	3040.91	0.00	12.71	1916.50
	3040.92	0.00	12.90	1918.47
	3040.93	0.00	13.03	1921.36
	3040.94	0.00	13.18	1917.25
	3040.96	0.00	13.42	1923.09
	3040.97	0.00	13.50	1921.96
	3040.98	0.00	13.59	1933.90
	3040.99	0.00	13.75	1954.85
	3041.00	0.00	13.84	1955.80
	3041.01	0.00	13.92	1964.75
	3041.03	0.00	14.02	1976.73
	3041.04	0.00	14.12	1980.64
	3041.05	0.00	14.22	1992.61
	3041.06	0.00	14.33	2000.50
	3041.07	0.00	14.46	2012.38
	3041.08	0.00	14.54	2018.31
	3041.10	0.00	14.62	2012.21
	3041.11	0.00	14.63	2001.14
	3041.12	0.00	14.79	1980.72
	3041.13	0.00	14.82	1963.51
	3041.14	0.00	14.82	1925.30
	3041.16	0.00	14.68	1872.25
	3041.17	0.00	14.43	1797.35
	3041.18	0.00	13.75	1691.89
	3041.19	0.00	13.35	1627.24
	3041.20	0.00	12.81	1545.56
	3041.21	0.00	12.56	1493.67
	3041.22	0.00	12.38	1450.71
	3041.24	0.00	12.33	1447.72
	3041.25	0.00	12.32	1450.74
	3041.26	0.00	12.31	1449.74
	3041.27	0.00	12.32	1447.73
	3041.28	0.00	12.33	1450.74
	3041.30	0.00	12.33	1446.73
	3041.31	0.00	12.34	1447.73
	3041.32	0.00	12.34	1448.73
	3041.33	0.00	12.34	1448.73
	3041.34	0.00	12.35	1449.72
	3041.35	0.00	12.35	1450.72
	3041.37	0.00	12.35	1451.72
	3041.38	0.00	12.33	1447.74
	3041.39	0.00	12.35	1449.72
	3041.40	0.00	12.37	1454.72
	3041.41	0.00	12.38	1459.72
	3041.42	0.00	12.39	1459.71
	3041.44	0.00	12.38	1454.70
	3041.45	0.00	12.40	1459.70
	3041.46	0.00	12.41	1460.68
	3041.47	0.00	12.38	1457.73
	3041.48	0.00	12.39	1462.74
	3041.50	0.00	12.37	1459.75
	3041.51	0.00	12.37	1461.76
	3041.52	0.00	12.38	1464.75
	3041.53	0.00	12.38	1469.75
	3041.54	0.00	12.37	1469.76
	3041.55	0.00	12.41	1469.70
	3041.57	0.00	12.42	1469.68
	3041.58	0.00	12.41	1468.70
	3041.59	0.00	12.41	1468.70
	3041.60	0.00	12.41	1470.70
	3041.61	0.00	12.41	1468.69
	3041.62	0.00	12.50	1466.53
	3041.64	0.00	12.49	1469.57
	3041.65	0.00	12.49	1470.57
	3041.66	0.00	12.48	1472.60
	3041.67	0.00	12.48	1472.62
	3041.68	0.00	12.46	1471.65
	3041.69	0.00	12.45	1470.64
	3041.71	0.00	12.44	1472.68
	3041.72	0.00	12.44	1475.68
	3041.73	0.00	12.33	1487.86
	3041.74	0.00	11.67	1600.20
	3041.75	0.00	10.73	1827.71
	3041.77	0.00	10.16	2010.01
	3041.78	0.00	10.08	2036.08
	3041.79	0.00	10.24	2030.06
	3041.80	0.00	10.44	2007.98
	3041.81	0.00	10.59	2002.08
	3041.82	0.00	10.55	2004.12
	3041.84	0.00	10.84	2121.11
	3041.85	0.00	10.85	2140.17
	3041.86	0.00	10.95	2171.15
	3041.87	0.00	10.98	2165.15
	3041.88	0.00	11.10	2179.14
	3041.90	0.00	11.19	2164.10
	3041.91	0.00	11.28	2148.09
	3041.92	0.00	11.42	2130.97
	3041.93	0.00	11.54	2109.93
	3041.94	0.00	11.65	2072.88
	3041.95	0.00	11.76	2041.85
	3041.97	0.00	11.86	2013.78
	3041.98	0.00	11.95	1977.74
	3041.99	0.00	12.06	1949.66
	3042.00	0.00	12.20	1908.60
	3042.01	0.00	12.39	1864.55
	3042.03	0.00	12.57	1839.43
	3042.04	0.00	12.82	1800.32
	3042.05	0.00	12.99	1790.17
	3042.06	0.00	13.08	1800.10
	3042.07	0.00	13.19	1797.00
	3042.08	0.00	13.29	1818.93
	3042.10	0.00	13.35	1835.90
	3042.11	0.00	13.42	1863.89
	3042.12	0.00	13.46	1879.89
	3042.13	0.00	13.52	1898.88
	3042.14	0.00	13.54	1913.90
	3042.16	0.00	13.63	1924.77
	3042.17	0.00	13.66	1941.77
	3042.18	0.00	13.71	1944.71
	3042.19	0.00	13.73	1943.68
	3042.20	0.00	13.87	1972.65
	3042.21	0.00	13.91	1979.66
	3042.23	0.00	13.94	1975.69
	3042.24	0.00	14.09	2000.64
	3042.25	0.00	14.22	2007.54
	3042.26	0.00	14.32	2001.38
	3042.27	0.00	14.36	1978.26
	3042.29	0.00	14.42	1975.20
	3042.30	0.00	14.48	1970.15
	3042.31	0.00	14.51	1953.04
	3042.32	0.00	14.62	1925.71
	3042.33	0.00	14.68	1902.53
	3042.34	0.00	14.71	1863.32
	3042.36	0.00	14.65	1828.26
	3042.37	0.00	14.43	1763.33
	3042.38	0.00	13.97	1674.69
	3042.39	0.00	13.32	1569.18
	3042.40	0.00	12.92	1483.29
	3042.41	0.00	12.61	1430.44
	3042.43	0.00	12.40	1395.57
	3042.44	0.00	12.32	1386.63
	3042.45	0.00	12.32	1394.62
	3042.46	0.00	12.36	1396.55
	3042.47	0.00	12.36	1397.57
	3042.48	0.00	12.35	1399.58
	3042.50	0.00	12.40	1423.57
	3042.51	0.00	12.36	1424.63
	3042.52	0.00	12.37	1430.64
	3042.53	0.00	12.38	1427.60
	3042.54	0.00	12.37	1432.66
	3042.55	0.00	12.35	1432.67
	3042.57	0.00	12.36	1434.67
	3042.58	0.00	12.35	1431.68
	3042.59	0.00	12.36	1433.68
	3042.60	0.00	12.35	1430.68
	3042.61	0.00	12.35	1429.68
	3042.63	0.00	12.35	1430.68
	3042.64	0.00	12.37	1429.63
	3042.65	0.00	12.40	1432.61
	3042.66	0.00	12.40	1435.61
	3042.67	0.00	12.41	1432.60
	3042.68	0.00	12.41	1434.61
	3042.70	0.00	12.41	1435.60
	3042.71	0.00	12.40	1435.60
	3042.72	0.00	12.39	1430.60
	3042.73	0.00	12.41	1432.59
	3042.74	0.00	12.40	1431.59
	3042.75	0.00	12.40	1428.59
	3042.77	0.00	12.41	1429.59
	3042.78	0.00	12.40	1426.58
	3042.79	0.00	12.37	1418.60
	3042.80	0.00	12.39	1422.58
	3042.81	0.00	12.38	1420.58
	3042.82	0.00	12.37	1418.58
	3042.84	0.00	12.37	1417.59
	3042.85	0.00	12.38	1417.56
	3042.86	0.00	12.38	1418.58
	3042.87	0.00	12.36	1421.62
	3042.88	0.00	12.40	1435.61
	3042.89	0.00	12.39	1437.63
	3042.91	0.00	12.38	1436.63
	3042.92	0.00	12.39	1436.62
	3042.93	0.00	11.93	1482.96
	3042.94	0.00	11.18	1630.38
	3042.95	0.00	10.16	1924.77
	3042.97	0.00	9.98	2018.97
	3042.98	0.00	10.10	2000.00
	3042.99	0.00	10.27	1971.97
	3043.00	0.00	10.47	1994.99
	3043.01	0.00	10.52	2078.07
	3043.02	0.00	10.42	2065.02
	3043.04	0.00	10.81	2200.02
	3043.05	0.00	10.92	2228.05
	3043.06	0.00	10.96	2242.15
	3043.07	0.00	11.05	2232.13
	3043.08	0.00	11.14	2214.10
	3043.10	0.00	11.23	2183.05
	3043.11	0.00	11.32	2149.98
	3043.12	0.00	11.43	2121.94
	3043.13	0.00	11.54	2091.90
	3043.14	0.00	11.70	2048.78
	3043.15	0.00	11.83	2018.72
	3043.17	0.00	11.95	1974.66
	3043.18	0.00	12.08	1938.56
	3043.19	0.00	12.27	1889.47
	3043.20	0.00	12.54	1827.32
	3043.21	0.00	12.72	1800.16
	3043.23	0.00	12.83	1789.02
	3043.24	0.00	12.94	1764.87
	3043.25	0.00	12.99	1764.83
	3043.26	0.00	13.05	1756.75
	3043.27	0.00	13.11	1734.69
	3043.29	0.00	13.13	1733.66
	3043.30	0.00	13.16	1735.63
	3043.31	0.00	13.19	1739.61
	3043.32	0.00	13.23	1739.58
	3043.33	0.00	13.27	1742.55
	3043.34	0.00	13.42	1776.54
	3043.36	0.00	13.49	1790.52
	3043.37	0.00	13.54	1807.54
	3043.38	0.00	13.60	1819.52
	3043.39	0.00	13.70	1843.50
	3043.40	0.00	13.88	1881.48
	3043.41	0.00	13.94	1891.47
	3043.43	0.00	14.06	1916.41
	3043.44	0.00	14.18	1937.37
	3043.45	0.00	14.27	1941.28
	3043.46	0.00	14.35	1956.23
	3043.47	0.00	14.45	1962.14
	3043.48	0.00	14.47	1964.13
	3043.50	0.00	14.63	1963.86
	3043.51	0.00	14.72	1947.65
	3043.52	0.00	14.78	1940.54
	3043.53	0.00	14.81	1922.41
	3043.54	0.00	14.83	1907.32
	3043.55	0.00	14.78	1876.28
	3043.57	0.00	14.68	1844.27
	3043.58	0.00	14.41	1787.47
	3043.59	0.00	13.96	1718.95
	3043.60	0.00	13.57	1636.14
	3043.61	0.00	13.10	1541.26
	3043.62	0.00	12.53	1425.43
	3043.64	0.00	12.25	1363.61
	3043.65	0.00	12.15	1353.68
	3043.66	0.00	12.17	1367.67
	3043.67	0.00	12.14	1356.69
	3043.68	0.00	12.19	1369.64
	3043.70	0.00	12.22	1370.61
	3043.71	0.00	12.23	1369.61
	3043.72	0.00	12.24	1373.61
	3043.73	0.00	12.18	1349.62
	3043.74	0.00	12.11	1348.73
	3043.75	0.00	12.08	1350.82
	3043.77	0.00	12.07	1351.84
	3043.78	0.00	12.13	1358.82
	3043.79	0.00	12.14	1360.81
	3043.80	0.00	12.14	1363.84
	3043.81	0.00	12.10	1359.87
	3043.82	0.00	12.09	1348.81
	3043.84	0.00	12.11	1352.81
	3043.85	0.00	12.14	1362.82
	3043.86	0.00	12.12	1355.83
	3043.87	0.00	12.12	1360.83
	3043.88	0.00	12.15	1368.82
	3043.90	0.00	12.15	1368.82
	3043.91	0.00	12.22	1388.76
	3043.92	0.00	12.29	1407.72
	3043.93	0.00	12.29	1407.72
	3043.94	0.00	12.31	1415.73
	3043.95	0.00	12.32	1419.73
	3043.97	0.00	12.34	1424.72
	3043.98	0.00	12.30	1417.74
	3043.99	0.00	12.30	1417.74
	3044.00	0.00	12.29	1417.74
	3044.01	0.00	12.27	1414.77
	3044.02	0.00	12.26	1414.77
	3044.04	0.00	12.27	1415.77
	3044.05	0.00	12.27	1418.77
	3044.06	0.00	12.32	1415.67
	3044.07	0.00	12.33	1419.66
	3044.08	0.00	12.36	1427.66
	3044.10	0.00	12.37	1430.66
	3044.11	0.00	12.36	1430.68
	3044.12	0.00	12.35	1424.66
	3044.13	0.00	12.38	1432.66
	3044.14	0.00	12.30	1433.77
	3044.15	0.00	11.77	1510.19
	3044.17	0.00	11.07	1687.63
	3044.18	0.00	10.37	1897.94
	3044.19	0.00	10.33	1933.04
	3044.20	0.00	10.44	1918.04
	3044.21	0.00	10.57	1896.02
	3044.22	0.00	10.57	1933.03
	3044.24	0.00	10.35	1940.10
	3044.25	0.00	10.60	2043.17
	3044.26	0.00	10.71	2100.26
	3044.27	0.00	10.77	2141.29
	3044.28	0.00	10.81	2161.28
	3044.30	0.00	10.89	2170.26
	3044.31	0.00	10.96	2166.24
	3044.32	0.00	11.05	2156.21
	3044.33	0.00	11.14	2147.19
	3044.34	0.00	11.28	2132.03
	3044.36	0.00	11.38	2115.98
	3044.37	0.00	11.51	2097.93
	3044.38	0.00	11.61	2060.96
	3044.39	0.00	11.74	2026.94
	3044.40	0.00	11.94	1998.85
	3044.41	0.00	12.11	1962.76
	3044.43	0.00	12.38	1901.56
	3044.44	0.00	12.67	1842.42
	3044.45	0.00	12.79	1831.22
	3044.46	0.00	12.91	1803.04
	3044.47	0.00	13.11	1805.91
	3044.49	0.00	13.13	1788.84
	3044.50	0.00	13.20	1761.77
	3044.51	0.00	13.24	1755.71
	3044.52	0.00	13.24	1745.71
	3044.53	0.00	13.22	1735.72
	3044.54	0.00	13.25	1730.72
	3044.56	0.00	13.26	1727.72
	3044.57	0.00	13.31	1730.73
	3044.58	0.00	13.36	1737.70
	3044.59	0.00	13.54	1767.69
	3044.60	0.00	13.65	1790.68
	3044.61	0.00	13.73	1809.68
	3044.63	0.00	13.88	1840.61
	3044.64	0.00	13.93	1856.64
	3044.65	0.00	14.04	1883.62
	3044.66	0.00	14.13	1907.62
	3044.67	0.00	14.19	1925.63
	3044.68	0.00	14.28	1948.59
	3044.70	0.00	14.35	1970.57
	3044.71	0.00	14.41	1982.50
	3044.72	0.00	14.52	1990.35
	3044.73	0.00	14.57	1993.24
	3044.74	0.00	14.61	1986.15
	3044.76	0.00	14.65	1964.93
	3044.77	0.00	14.71	1932.67
	3044.78	0.00	14.64	1890.59
	3044.79	0.00	14.33	1817.76
	3044.80	0.00	13.81	1737.21
	3044.81	0.00	13.39	1665.51
	3044.83	0.00	12.82	1556.65
	3044.84	0.00	12.59	1494.66
	3044.85	0.00	12.42	1461.73
	3044.86	0.00	12.41	1454.68
	3044.87	0.00	12.35	1447.74
	3044.88	0.00	12.35	1439.73
	3044.90	0.00	12.34	1437.73
	3044.91	0.00	12.36	1436.72
	3044.92	0.00	12.37	1439.72
	3044.93	0.00	12.38	1440.71
	3044.94	0.00	12.40	1439.70
	3044.95	0.00	12.39	1435.70
	3044.97	0.00	12.41	1437.68
	3044.98	0.00	12.39	1431.69
	3044.99	0.00	12.38	1430.70
	3045.00	0.00	12.40	1429.66
	3045.01	0.00	12.35	1426.75
	3045.02	0.00	12.31	1414.75
	3045.04	0.00	12.34	1424.76
	3045.05	0.00	12.33	1423.77
	3045.06	0.00	12.34	1427.79
	3045.07	0.00	12.36	1435.79
	3045.08	0.00	12.36	1437.78
	3045.10	0.00	12.39	1438.73
	3045.11	0.00	12.39	1443.75
	3045.12	0.00	12.40	1446.75
	3045.13	0.00	12.42	1451.74
	3045.14	0.00	12.43	1455.74
	3045.15	0.00	12.43	1456.74
	3045.17	0.00	12.43	1457.74
	3045.18	0.00	12.43	1460.74
	3045.19	0.00	12.50	1458.59
	3045.20	0.00	12.54	1465.54
	3045.21	0.00	12.54	1463.54
	3045.22	0.00	12.51	1460.60
	3045.24	0.00	12.50	1458.60
	3045.25	0.00	12.49	1458.62
	3045.26	0.00	12.50	1460.60
	3045.27	0.00	12.53	1471.58
	3045.28	0.00	12.48	1463.64
	3045.30	0.00	12.46	1463.68
	3045.31	0.00	12.46	1469.69
	3045.32	0.00	12.46	1463.69
	3045.33	0.00	12.46	1467.70
	3045.34	0.00	12.46	1466.70
	3045.35	0.00	12.45	1462.70
	3045.36	0.00	12.35	1467.85
	3045.38	0.00	11.80	1558.14
	3045.39	0.00	10.97	1757.67
	3045.40	0.00	10.45	1919.94
	3045.41	0.00	10.37	1959.04
	3045.42	0.00	10.47	1975.04
	3045.44	0.00	10.58	1990.96
	3045.45	0.00	10.65	2012.99
	3045.46	0.00	10.73	2059.04
	3045.47	0.00	10.82	2108.07
	3045.48	0.00	10.85	2125.09
	3045.50	0.00	10.91	2149.13
	3045.51	0.00	10.99	2156.12
	3045.52	0.00	11.11	2162.05
	3045.53	0.00	11.22	2164.04
	3045.54	0.00	11.35	2158.98
	3045.55	0.00	11.49	2150.93
	3045.57	0.00	11.61	2126.87
	3045.58	0.00	11.74	2101.81
	3045.59	0.00	11.83	2075.77
	3045.60	0.00	11.93	2058.71
	3045.61	0.00	12.05	2029.65
	3045.63	0.00	12.17	2008.55
	3045.64	0.00	12.33	1961.44
	3045.65	0.00	12.59	1919.26
	3045.66	0.00	12.71	1886.26
	3045.67	0.00	12.85	1867.14
	3045.68	0.00	12.94	1845.02
	3045.70	0.00	12.98	1829.92
	3045.71	0.00	13.04	1816.80
	3045.72	0.00	13.06	1814.80
	3045.73	0.00	13.08	1800.79
	3045.74	0.00	1	13.25	1774.75
	3045.85	0.00	13.30	1779.68
	3045.86	0.00	13.41	1809.59
	3045.87	0.00	13.62	1852.55
	3045.88	0.00	13.68	1866.52
	3045.90	0.00	13.76	1888.46
	3045.91	0.00	13.86	1911.45
	3045.92	0.00	13.94	1926.41
	3045.93	0.00	14.04	1943.32
	3045.94	0.00	14.24	1971.22
	3045.95	0.00	14.34	1976.08
	3045.97	0.00	14.50	1993.86
	3045.98	0.00	14.64	2008.69
	3045.99	0.00	14.73	1997.49
	3046.00	0.00	14.84	1996.29
	3046.01	0.00	14.86	1973.16
	3046.03	0.00	14.86	1938.07
	3046.04	0.00	14.80	1897.03
	3046.05	0.00	14.60	1835.03
	3046.06	0.00	14.48	1783.03
	3046.07	0.00	14.17	1696.09
	3046.08	0.00	13.69	1616.54
	3046.10	0.00	13.08	1534.25
	3046.11	0.00	12.56	1432.64
	3046.12	0.00	12.35	1404.79
	3046.13	0.00	12.25	1381.84
	3046.14	0.00	12.32	1415.80
	3046.15	0.00	12.32	1418.82
	3046.17	0.00	12.30	1415.82
	3046.18	0.00	12.27	1403.83
	3046.19	0.00	12.30	1409.81
	3046.20	0.00	12.32	1422.78
	3046.21	0.00	12.32	1426.80
	3046.22	0.00	12.32	1426.81
	3046.24	0.00	12.32	1418.77
	3046.25	0.00	12.32	1422.77
	3046.26	0.00	12.32	1419.77
	3046.27	0.00	12.34	1426.76
	3046.28	0.00	12.34	1424.76
	3046.30	0.00	12.34	1423.75
	3046.31	0.00	12.36	1431.75
	3046.32	0.00	12.34	1424.75
	3046.33	0.00	12.35	1426.75
	3046.34	0.00	12.42	1430.63
	3046.35	0.00	12.37	1434.75
	3046.37	0.00	12.38	1434.74
	3046.38	0.00	12.38	1433.74
	3046.39	0.00	12.38	1435.75
	3046.40	0.00	12.38	1433.73
	3046.41	0.00	12.40	1441.73
	3046.42	0.00	12.37	1433.72
	3046.44	0.00	12.37	1435.73
	3046.45	0.00	12.38	1437.71
	3046.46	0.00	12.39	1436.70
	3046.47	0.00	12.40	1438.68
	3046.48	0.00	12.42	1438.66
	3046.50	0.00	12.43	1440.65
	3046.51	0.00	12.44	1445.66
	3046.52	0.00	12.41	1441.69
	3046.53	0.00	12.41	1444.70
	3046.54	0.00	12.39	1442.72
	3046.55	0.00	12.42	1444.68
	3046.57	0.00	12.43	1444.67
	3046.58	0.00	12.42	1443.67
	3046.59	0.00	12.42	1443.68
	3046.60	0.00	12.44	1444.66
	3046.61	0.00	12.08	1488.96
	3046.62	0.00	11.46	1608.41
	3046.64	0.00	10.59	1824.83
	3046.65	0.00	10.26	1937.07
	3046.66	0.00	10.24	1959.13
	3046.67	0.00	10.34	1946.10
	3046.68	0.00	10.55	1917.02
	3046.69	0.00	10.56	1935.04
	3046.71	0.00	10.59	2031.10
	3046.72	0.00	10.69	2079.12
	3046.73	0.00	10.73	2098.19
	3046.74	0.00	10.83	2121.21
	3046.75	0.00	10.95	2140.18
	3046.77	0.00	11.09	2138.11
	3046.78	0.00	11.24	2129.07
	3046.79	0.00	11.39	2120.02
	3046.80	0.00	11.56	2094.91
	3046.81	0.00	11.73	2075.85
	3046.82	0.00	11.85	2052.79
	3046.84	0.00	11.97	2032.75
	3046.85	0.00	12.09	2001.68
	3046.86	0.00	12.33	1996.61
	3046.87	0.00	12.63	1940.47
	3046.88	0.00	12.80	1910.35
	3046.90	0.00	12.93	1878.23
	3046.91	0.00	13.04	1854.01
	3046.92	0.00	13.09	1836.89
	3046.93	0.00	13.09	1810.82
	3046.94	0.00	13.12	1802.77
	3046.96	0.00	13.18	1795.73
	3046.97	0.00	13.19	1774.70
	3046.98	0.00	13.19	1767.67
	3046.99	0.00	13.20	1763.68
	3047.00	0.00	13.23	1761.67
	3047.01	0.00	13.26	1761.67
	3047.03	0.00	13.31	1767.67
	3047.04	0.00	13.34	1767.63
	3047.05	0.00	13.50	1798.65
	3047.06	0.00	13.59	1796.67
	3047.07	0.00	13.66	1831.66
	3047.08	0.00	13.73	1846.72
	3047.10	0.00	13.82	1835.76
	3047.11	0.00	13.89	1844.74
	3047.12	0.00	13.95	1849.72
	3047.13	0.00	14.00	1856.73
	3047.14	0.00	0	14.21	1867.50
	3047.25	0.00	14.22	1866.43
	3047.26	0.00	14.18	1843.39
	3047.27	0.00	14.09	1823.42
	3047.28	0.00	14.00	1799.43
	3047.30	0.00	13.82	1755.47
	3047.31	0.00	13.41	1666.68
	3047.32	0.00	13.17	1608.68
	3047.33	0.00	12.92	1541.54
	3047.34	0.00	12.68	1487.53
	3047.35	0.00	12.42	1445.58
	3047.37	0.00	12.36	1445.67
	3047.38	0.00	12.30	1439.74
	3047.39	0.00	12.29	1433.75
	3047.40	0.00	12.26	1428.76
	3047.41	0.00	12.25	1425.76
	3047.43	0.00	12.25	1425.79
	3047.44	0.00	12.26	1420.82
	3047.45	0.00	12.30	1426.78
	3047.46	0.00	12.31	1428.78
	3047.47	0.00	12.29	1408.71
	3047.48	0.00	12.33	1422.72
	3047.50	0.00	12.36	1429.70
	3047.51	0.00	12.37	1432.71
	3047.52	0.00	12.39	1431.70
	3047.53	0.00	12.38	1437.70
	3047.54	0.00	12.39	1440.70
	3047.55	0.00	12.43	1446.65
	3047.57	0.00	12.45	1452.65
	3047.58	0.00	12.48	1465.66
	3047.59	0.00	12.50	1473.67
	3047.60	0.00	12.49	1476.70
	3047.61	0.00	12.53	1482.67
	3047.62	0.00	12.50	1478.66
	3047.64	0.00	12.49	1476.70
	3047.65	0.00	12.48	1477.70
	3047.66	0.00	12.49	1476.70
	3047.67	0.00	12.46	1471.70
	3047.68	0.00	12.49	1482.70
	3047.70	0.00	12.51	1476.64
	3047.71	0.00	12.51	1484.67
	3047.72	0.00	12.45	1486.70
	3047.73	0.00	12.44	1513.74
	3047.74	0.00	12.28	1585.75
	3047.75	0.00	12.06	1669.88
	3047.77	0.00	11.81	1784.30
	3047.78	0.00	11.63	1846.49
	3047.79	0.00	11.61	1909.59
	3047.80	0.00	11.57	1934.63
	3047.81	0.00	11.57	1957.67
	3047.82	0.00	11.61	1970.65
	3047.84	0.00	11.62	1990.64
	3047.85	0.00	11.63	1993.64
	3047.86	0.00	11.61	1986.68
	3047.87	0.00	11.61	1986.69
	3047.88	0.00	11.61	1985.670.00	11.43	1760.56
	3051.47	0.00	11.40	1754.56
	3051.48	0.00	11.41	1757.56
	3051.49	0.00	11.41	1753.56
	3051.51	0.00	11.38	1746.57
	3051.52	0.00	11.40	1754.57
	3051.53	0.00	11.41	1753.56
	3051.54	0.00	11.42	1753.52
	3051.55	0.00	11.40	1752.60
	3051.57	0.00	11.40	1753.61
	3051.58	0.00	11.39	1752.62
	3051.59	0.00	11.39	1753.64
	3051.60	0.00	11.42	1757.58
	3051.61	0.00	11.40	1753.61
	3051.62	0.00	11.41	1756.61
	3051.64	0.00	11.39	1756.64
	3051.65	0.00	11.41	1758.62
	3051.66	0.00	11.51	1756.33
	3051.67	0.00	11.50	1753.37
	3051.68	0.00	11.47	1752.41
	3051.70	0.00	11.46	1741.35
	3051.71	0.00	11.40	1742.52
	3051.72	0.00	11.40	1734.55
	3051.73	0.00	11.40	1739.57
	3051.74	0.00	11.41	1741.57
	3051.75	0.00	11.33	1719.55
	3051.77	0.00	11.37	1734.58
	3051.78	0.00	11.39	1729.61
	3051.79	0.00	11.41	1736.60
	3051.80	0.00	11.40	1734.56
	3051.81	0.00	11.43	1746.57
	3051.83	0.00	11.43	1742.60
	3051.84	0.00	11.43	1748.59
	3051.85	0.00	11.42	1746.55
	3051.86	0.00	11.40	1750.61
	3051.87	0.00	11.40	1753.63
	3051.88	0.00	11.41	1756.62
	3051.90	0.00	11.41	1752.57
	3051.91	0.00	11.42	1756.56
	3051.92	0.00	11.42	1754.58
	3051.93	0.00	11.43	1755.56
	3051.94	0.00	11.43	1757.56
	3051.96	0.00	11.40	1750.56
	3051.97	0.00	11.40	1750.58
	3051.98	0.00	11.42	1750.56
	3051.99	0.00	11.39	1746.56
	3052.00	0.00	11.40	1747.56
	3052.01	0.00	11.41	1749.52
	3052.03	0.00	11.38	1742.56
	3052.04	0.00	11.41	1749.54
	3052.05	0.00	11.39	1750.61
	3052.06	0.00	11.38	1749.61
	3052.07	0.00	11.38	1750.63
	3052.09	0.00	11.40	1751.59
	3052.10	0.00	11.39	1753.61
	3052.11	0.00	11.39	1753	3053.25	0.00	11.34	1911.83
	3053.26	0.00	11.42	1891.81
	3053.27	0.00	11.46	1857.79
	3053.28	0.00	11.52	1822.71
	3053.29	0.00	11.60	1780.67
	3053.30	0.00	11.75	1723.60
	3053.32	0.00	11.99	1652.50
	3053.33	0.00	12.07	1611.39
	3053.34	0.00	12.12	1570.23
	3053.35	0.00	12.16	1551.15
	3053.36	0.00	12.17	1536.08
	3053.38	0.00	12.16	1518.06
	3053.39	0.00	12.16	1508.04
	3053.40	0.00	12.13	1493.01
	3053.41	0.00	12.12	1480.99
	3053.42	0.00	12.13	1477.97
	3053.43	0.00	12.12	1471.96
	3053.45	0.00	12.11	1465.95
	3053.46	0.00	12.11	1440.95
	3053.47	0.00	12.13	1439.94
	3053.48	0.00	12.13	1437.94
	3053.49	0.00	12.12	1430.94
	3053.50	0.00	12.11	1423.94
	3053.52	0.00	12.11	1423.95
	3053.53	0.00	12.12	1422.94
	3053.54	0.00	12.12	1417.94
	3053.55	0.00	12.14	1424.94
	3053.56	0.00	12.13	1416.94
	3053.58	0.00	12.14	1409.90
	3053.59	0.00	12.13	1411.93
	3053.60	0.00	12.14	1416.95
	3053.61	0.00	12.14	1416.95
	3053.62	0.00	12.14	1415.95
	3053.63	0.00	12.13	1416.96
	3053.65	0.00	12.13	1412.96
	3053.66	0.00	12.13	1414.97
	3053.67	0.00	12.12	1412.97
	3053.68	0.00	12.16	1416.92
	3053.69	0.00	12.17	1421.93
	3053.70	0.00	12.18	1423.93
	3053.72	0.00	12.17	1422.93
	3053.73	0.00	12.17	1423.93
	3053.74	0.00	12.15	1423.95
	3053.75	0.00	12.27	1422.70
	3053.76	0.00	12.33	1425.64
	3053.77	0.00	12.32	1425.66
	3053.79	0.00	12.35	1419.57
	3053.80	0.00	12.27	1414.68
	3053.81	0.00	12.27	1417.69
	3053.82	0.00	12.27	1420.69
	3053.83	0.00	12.20	1409.77
	3053.85	0.00	12.14	1410.87
	3053.86	0.00	12.12	1409.93
	3053.87	0.00	12.13	1410.95
	3053.88	0.00	12.13	1417.97
	3053.89	0.00	12.13	1417.92
	3053.90	0.00	12.12	1424.92
	3053.92	0.00	12.13	1441.96
	3053.93	0.00	12.04	1479.00
	3053.94	0.00	12.01	1503.05
	3053.95	0.00	12.01	1515.07
	3053.96	0.00	12.04	1530.08
	3053.97	0.00	12.08	1544.06
	3053.99	0.00	12.07	1551.07
	3054.00	0.00	12.06	1561.09
	3054.01	0.00	12.03	1572.17
	3054.02	0.00	11.96	1581.23
	3054.03	0.00	11.92	1602.29
	3054.05	0.00	11.85	1617.32
	3054.06	0.00	11.83	1641.39
	3054.07	0.00	11.78	1681.43
	3054.08	0.00	11.77	1706.47
	3054.09	0.00	11.75	1729.51
	3054.10	0.00	11.74	1751.50
	3054.12	0.00	11.76	1779.48
	3054.13	0.00	11.73	1800.56
	3054.14	0.00	11.72	1795.58
	3054.15	0.00	11.71	1807.60
	3054.16	0.00	11.70	1818.62
	3054.18	0.00	11.71	1828.62
	3054.19	0.00	11.71	1838.63
	3054.20	0.00	11.73	1847.63
	3054.21	0.00	11.75	1849.59
	3054.22	0.00	11.77	1859.64
	3054.23	0.00	11.79	1862.64
	3054.25	0.00	11.80	1866.67
	3054.26	0.00	11.82	1868.68
	3054.27	0.00	11.82	1867.68
	3054.28	0.00	11.83	1864.68
	3054.29	0.00	11.85	1860.67
	3054.31	0.00	11.88	1860.63
	3054.32	0.00	11.87	1854.65
	3054.33	0.00	11.89	1855.65
	3054.34	0.00	11.89	1855.65
	3054.35	0.00	11.91	1855.59
	3054.36	0.00	11.92	1858.57
	3054.38	0.00	11.91	1864.61
	3054.39	0.00	11.90	1868.61
	3054.40	0.00	11.88	1875.63
	3054.41	0.00	11.83	1880.68
	3054.42	0.00	11.79	1885.73
	3054.44	0.00	11.75	1891.75
	3054.45	0.00	11.73	1915.76
	3054.46	0.00	11.71	1917.72
	3054.47	0.00	11.67	1921.77
	3054.48	0.00	11.66	1928.77
	3054.49	0.00	11.63	1926.78
	3054.51	0.00	11.59	1926.80
	3054.52	0.00	11.60	1931.78
	3054.53	0.00	11.56	1919.80
	3054.54	0.00	11.53	1919.80
	
	3054.65	0.00	11.33	1858.80
	3054.66	0.00	11.31	1848.82
	3054.67	0.00	11.30	1830.80
	3054.68	0.00	11.29	1814.79
	3054.70	0.00	11.27	1791.78
	3054.71	0.00	11.29	1779.76
	3054.72	0.00	11.31	1768.77
	3054.73	0.00	11.34	1751.73
	3054.74	0.00	11.33	1713.75
	3054.75	0.00	11.33	1702.74
	3054.77	0.00	11.34	1721.72
	3054.78	0.00	11.37	1708.72
	3054.79	0.00	11.38	1700.71
	3054.80	0.00	11.42	1689.65
	3054.81	0.00	11.43	1681.66
	3054.83	0.00	11.42	1669.66
	3054.84	0.00	11.45	1665.66
	3054.85	0.00	11.63	1650.28
	3054.86	0.00	11.66	1640.26
	3054.87	0.00	11.69	1627.26
	3054.88	0.00	11.73	1613.25
	3054.90	0.00	11.71	1596.25
	3054.91	0.00	11.73	1585.24
	3054.92	0.00	11.60	1561.45
	3054.93	0.00	11.58	1557.54
	3054.94	0.00	11.59	1546.56
	3054.96	0.00	11.63	1545.56
	3054.97	0.00	11.62	1547.56
	3054.98	0.00	11.61	1544.57
	3054.99	0.00	11.58	1522.50
	3055.00	0.00	11.58	1532.52
	3055.01	0.00	11.57	1545.53
	3055.03	0.00	11.59	1545.52
	3055.04	0.00	11.59	1551.53
	3055.05	0.00	11.56	1554.53
	3055.06	0.00	11.55	1552.53
	3055.07	0.00	11.55	1554.53
	3055.09	0.00	11.61	1566.49
	3055.10	0.00	11.63	1570.49
	3055.11	0.00	11.62	1566.49
	3055.12	0.00	11.60	1564.49
	3055.13	0.00	11.58	1563.47
	3055.14	0.00	11.58	1560.48
	3055.16	0.00	11.58	1538.44
	3055.17	0.00	11.56	1561.47
	3055.18	0.00	11.55	1559.48
	3055.19	0.00	11.55	1561.49
	3055.20	0.00	11.55	1558.49
	3055.21	0.00	11.56	1560.48
	3055.23	0.00	11.55	1559.50
	3055.24	0.00	11.57	1559.48
	3055.25	0.00	11.56	1553.42
	3055.26	0.00	11.58	1553.42
	3055.27	0.00	11.58	1554.42
	3055.29	0.00	11.61	1530.41
	3055.30	0.00	11.60	1549.41
	3055.31	0.00	11.60	1547.41
	3055.32	0.00	11.62	1541.40
	3055.33	0.00	11.63	1534.40
	3055.34	0.00	11.63	1522.40
	3055.36	0.00	11.65	1528.39
	3055.37	0.00	11.66	1527.39
	3055.38	0.00	11.67	1505.40
	3055.39	0.00	11.70	1507.38
	3055.40	0.00	11.71	1505.37
	3055.42	0.00	11.73	1512.37
	3055.43	0.00	11.74	1515.37
	3055.44	0.00	11.74	1512.37
	3055.45	0.00	11.76	1514.37
	3055.46	0.00	11.77	1518.37
	3055.47	0.00	11.78	1522.39
	3055.49	0.00	11.80	1526.37
	3055.50	0.00	11.81	1531.37
	3055.51	0.00	11.81	1551.37
	3055.52	0.00	11.79	1548.39
	3055.53	0.00	11.82	1551.37
	3055.54	0.00	11.82	1546.37
	3055.56	0.00	11.85	1546.35
	3055.57	0.00	11.84	1536.41
	3055.58	0.00	11.89	1533.41
	3055.59	0.00	11.87	1532.42
	3055.60	0.00	11.88	1532.42
	3055.62	0.00	11.88	1530.43
	3055.63	0.00	11.89	1530.43
	3055.64	0.00	11.88	1531.44
	3055.65	0.00	11.87	1532.45
	3055.66	0.00	11.92	1534.35
	3055.67	0.00	11.89	1537.42
	3055.69	0.00	11.89	1539.44
	3055.70	0.00	11.85	1546.45
	3055.71	0.00	11.82	1535.48
	3055.72	0.00	11.80	1557.47
	3055.73	0.00	11.89	1561.26
	3055.75	0.00	11.97	1565.07
	3055.76	0.00	11.97	1567.07
	3055.77	0.00	11.97	1571.09
	3055.78	0.00	11.95	1564.10
	3055.79	0.00	11.93	1565.12
	3055.80	0.00	11.86	1556.18
	3055.82	0.00	11.74	1554.42
	3055.83	0.00	11.71	1555.47
	3055.84	0.00	11.75	1556.48
	3055.85	0.00	11.75	1566.49
	3055.86	0.00	11.71	1542.38
	3055.87	0.00	11.70	1555.46
	3055.89	0.00	11.72	1557.46
	3055.90	0.00	11.74	1563.47
	3055.91	0.00	11.77	1563.47
	3055.92	0.00	11.77	1568.48
	3055.93	0.00	11.81	1570.45
	3055.94	0.00	11.83	1578.44
	3055.96	0.00	11.86	1582.44
	3055.97	0.00	11.85	1583.45
	3055.98	0.00	11.84	1585.46
	3055.99	0.00	11.82	1588.47
	3056.00	0.00	11.81	1586.47
	3056.02	0.00	11.81	1586.46
	3056.03	0.00	11.81	1588.47
	3056.04	0.00	11.79	1592.48
	3056.05	0.00	11.77	1593.50
	3056.06	0.00	11.78	1594.49
	3056.07	0.00	11.77	1592.49
	3056.09	0.00	11.78	1594.49
	3056.10	0.00	11.77	1590.45
	3056.11	0.00	11.77	1598.45
	3056.12	0.00	11.77	1601.45
	3056.13	0.00	11.76	1599.45
	3056.15	0.00	11.76	1599.44
	3056.16	0.00	11.74	1600.45
	3056.17	0.00	11.74	1602.45
	3056.18	0.00	11.71	1599.45
	3056.19	0.00	11.71	1602.45
	3056.20	0.00	11.70	1600.46
	3056.22	0.00	11.69	1601.46
	3056.23	0.00	11.69	1604.46
	3056.24	0.00	11.68	1606.46
	3056.25	0.00	11.66	1606.47
	3056.26	0.00	11.65	1603.47
	3056.28	0.00	11.65	1610.48
	3056.29	0.00	11.64	1612.50
	3056.30	0.00	11.65	1618.48
	3056.31	0.00	11.63	1618.48
	3056.32	0.00	11.62	1620.49
	3056.33	0.00	11.62	1621.49
	3056.35	0.00	11.62	1621.49
	3056.36	0.00	11.62	1622.48
	3056.37	0.00	11.59	1623.52
	3056.38	0.00	11.59	1625.54
	3056.39	0.00	11.58	1628.54
	3056.40	0.00	11.58	1629.54
	3056.42	0.00	11.58	1629.55
	3056.43	0.00	11.59	1629.56
	3056.44	0.00	11.60	1632.55
	3056.45	0.00	11.62	1632.50
	3056.46	0.00	11.61	1633.52
	3056.48	0.00	11.62	1634.53
	3056.49	0.00	11.62	1637.54
	3056.50	0.00	11.61	1637.54
	3056.51	0.00	11.74	1635.21
	3056.52	0.00	11.78	1638.13
	3056.53	0.00	11.79	1640.14
	3056.55	0.00	11.79	1640.15
	3056.56	0.00	11.79	1637.16
	3056.57	0.00	11.77	1628.16
	3056.58	0.00	11.77	1629.16
	3056.59	0.00	11.77	1626.16
	3056.61	0.00	11.73	1612.17
	3056.62	0.00	11.64	1605.36
	3056.63	0.00	11.59	1602.46
	3056.64	0.00	11.60	1595.47
	3056.65	0.00	11.62	1596.48
	3056.66	0.00	11.62	1595.48
	3056.68	0.00	11.61	1595.50
	3056.69	0.00	11.57	1561.42
	3056.70	0.00	11.57	1559.42
	3056.71	0.00	11.63	1564.43
	3056.72	0.00	11.68	1565.43
	3056.74	0.00	11.76	1550.41
	3056.75	0.00	11.83	1544.39
	3056.76	0.00	11.87	1540.33
	3056.77	0.00	11.88	1537.34
	3056.78	0.00	11.95	1529.27
	3056.79	0.00	12.03	1519.24
	3056.81	0.00	12.11	1506.16
	3056.82	0.00	12.20	1516.11
	3056.83	0.00	12.23	1513.08
	3056.84	0.00	12.25	1491.06
	3056.85	0.00	12.27	1483.02
	3056.86	0.00	12.30	1475.98
	3056.88	0.00	12.32	1472.95
	3056.89	0.00	12.31	1471.94
	3056.90	0.00	12.31	1468.94
	3056.91	0.00	12.30	1465.92
	3056.92	0.00	12.30	1466.94
	3056.93	0.00	12.28	1458.92
	3056.95	0.00	12.27	1455.93
	3056.96	0.00	12.25	1453.95
	3056.97	0.00	12.25	1450.94
	3056.98	0.00	12.24	1447.94
	3056.99	0.00	12.24	1446.94
	3057.01	0.00	12.24	1446.94
	3057.02	0.00	12.20	1432.93
	3057.03	0.00	12.22	1439.93
	3057.04	0.00	12.22	1437.93
	3057.05	0.00	12.22	1436.94
	3057.06	0.00	12.24	1440.92
	3057.08	0.00	12.23	1436.92
	3057.09	0.00	12.23	1437.92
	3057.10	0.00	12.22	1434.93
	3057.11	0.00	12.23	1434.91
	3057.12	0.00	12.23	1435.91
	3057.13	0.00	12.22	1436.91
	3057.15	0.00	12.24	1430.85
	3057.16	0.00	12.24	1433.86
	3057.17	0.00	12.26	1434.83
	3057.18	0.00	12.26	1434.83
	3057.19	0.00	12.27	1433.82
	3057.21	0.00	12.25	1453.83
	3057.22	0.00	12.28	1433.81
	3057.23	0.00	12.27	1429.81
	3057.24	0.00	12.27	1425.81
	3057.25	0.00	12.27	1426.81
	3057.26	0.00	12.27	1426.80
	3057.27	0.00	12.28	1426.80
	3057.29	0.00	12.30	1446.73
	3057.30	0.00	12.24	1414.80
	3057.31	0.00	12.25	1418.80
	3057.32	0.00	12.25	1419.80
	3057.33	0.00	12.24	1420.82
	3057.35	0.00	12.27	1422.79
	3057.36	0.00	12.25	1418.79
	3057.37	0.00	12.25	1418.79
	3057.38	0.00	12.25	1419.78
	3057.39	0.00	12.26	1419.79
	3057.40	0.00	12.25	1419.78
	3057.42	0.00	12.26	1419.78
	3057.43	0.00	12.28	1421.75
	3057.44	0.00	12.24	1414.78
	3057.45	0.00	12.24	1415.78
	3057.46	0.00	12.24	1415.78
	3057.47	0.00	12.23	1414.79
	3057.49	0.00	12.23	1411.78
	3057.50	0.00	12.25	1418.78
	3057.51	0.00	12.26	1420.77
	3057.52	0.00	12.25	1420.79
	3057.53	0.00	12.25	1420.78
	3057.55	0.00	12.26	1421.77
	3057.56	0.00	12.25	1420.78
	3057.57	0.00	12.26	1421.78
	3057.58	0.00	12.24	1415.78
	3057.59	0.00	12.27	1420.77
	3057.60	0.00	12.27	1421.76
	3057.62	0.00	12.23	1419.83
	3057.63	0.00	12.25	1424.81
	3057.64	0.00	12.24	1420.82
	3057.65	0.00	12.25	1421.81
	3057.66	0.00	12.25	1419.80
	3057.67	0.00	12.24	1422.82
	3057.69	0.00	12.23	1418.83
	3057.70	0.00	12.22	1416.83
	3057.71	0.00	12.24	1419.81
	3057.72	0.00	12.21	1417.84
	3057.73	0.00	12.23	1420.84
	3057.75	0.00	12.22	1421.85
	3057.76	0.00	12.20	1416.86
	3057.77	0.00	12.23	1423.84
	3057.78	0.00	12.25	1422.79
	3057.79	0.00	12.25	1423.81
	3057.80	0.00	12.26	1424.81
	3057.82	0.00	12.25	1425.82
	3057.83	0.00	12.25	1425.82
	3057.84	0.00	12.25	1422.82
	3057.85	0.00	12.26	1425.82
	3057.86	0.00	12.26	1429.82
	3057.87	0.00	12.26	1428.82
	3057.89	0.00	12.24	1422.83
	3057.90	0.00	12.40	1428.55
	3057.91	0.00	12.46	1430.43
	3057.92	0.00	12.48	1434.43
	3057.93	0.00	12.49	1437.42
	3057.94	0.00	12.49	1438.44
	3057.96	0.00	12.49	1438.44
	3057.97	0.00	12.46	1429.45
	3057.98	0.00	12.46	1432.45
	3057.99	0.00	12.43	1431.49
	3058.00	0.00	12.36	1415.51
	3058.02	0.00	12.24	1418.70
	3058.03	0.00	12.19	1424.79
	3058.04	0.00	12.16	1429.83
	3058.05	0.00	12.11	1433.91
	3058.06	0.00	12.10	1435.95
	3058.07	0.00	12.11	1429.97
	3058.08	0.00	12.12	1431.98
	3058.10	0.00	12.12	1431.98
	3058.11	0.00	12.12	1430.99
	3058.12	0.00	12.13	1429.96
	3058.13	0.00	12.12	1431.98
	3058.14	0.00	12.03	1396.93
	3058.16	0.00	12.06	1404.95
	3058.17	0.00	12.08	1413.95
	3058.18	0.00	12.10	1419.96
	3058.19	0.00	12.10	1420.96
	3058.20	0.00	12.11	1424.97
	3058.21	0.00	12.12	1417.96
	3058.23	0.00	12.11	1422.96
	3058.24	0.00	12.12	1420.96
	3058.25	0.00	12.11	1424.96
	3058.26	0.00	12.11	1426.97
	3058.27	0.00	12.11	1427.97
	3058.28	0.00	12.12	1427.93
	3058.30	0.00	12.17	1445.93
	3058.31	0.00	12.18	1449.95
	3058.32	0.00	12.18	1449.95
	3058.33	0.00	12.18	1449.96
	3058.34	0.00	12.18	1449.96
	3058.36	0.00	12.17	1455.97
	3058.37	0.00	12.15	1452.98
	3058.38	0.00	12.10	1463.99
	3058.39	0.00	12.07	1464.92
	3058.40	0.00	12.05	1470.99
	3058.41	0.00	12.03	1473.00
	3058.43	0.00	12.02	1474.00
	3058.44	0.00	12.02	1475.00
	3058.45	0.00	12.02	1478.01
	3058.46	0.00	12.00	1480.03
	3058.47	0.00	12.00	1481.03
	3058.48	0.00	11.98	1483.06
	3058.50	0.00	11.99	1486.05
	3058.51	0.00	11.98	1486.05
	3058.52	0.00	11.99	1487.05
	3058.53	0.00	11.97	1489.07
	3058.54	0.00	11.98	1492.06
	3058.55	0.00	11.95	1512.07
	3.30	1671.64
	3060.63	0.00	11.30	1671.65
	3060.65	0.00	11.30	1671.66
	3060.66	0.00	11.30	1671.67
	3060.67	0.00	11.30	1670.68
	3060.68	0.00	11.30	1671.68
	3060.69	0.00	11.45	1670.29
	3060.70	0.00	11.47	1674.29
	3060.72	0.00	11.44	1664.31
	3060.73	0.00	11.44	1666.32
	3060.74	0.00	11.34	1650.44
	3060.75	0.00	11.26	1647.62
	3060.76	0.00	11.26	1649.64
	3060.78	0.00	11.26	1647.65
	3060.79	0.00	11.30	1647.66
	3060.80	0.00	11.30	1652.67
	3060.81	0.00	11.25	1630.62
	3060.82	0.00	11.28	1641.64
	3060.83	0.00	11.32	1638.63
	3060.85	0.00	11.31	1644.65
	3060.86	0.00	11.32	1646.65
	3060.87	0.00	11.34	1650.63
	3060.88	0.00	11.38	1663.61
	3060.89	0.00	11.37	1664.63
	3060.90	0.00	11.36	1667.63
	3060.92	0.00	11.34	1669.64
	3060.93	0.00	11.35	1665.60
	3060.94	0.00	11.33	1667.65
	3060.95	0.00	11.33	1671.66
	3060.96	0.00	11.34	1671.66
	3060.98	0.00	11.35	1671.65
	3060.99	0.00	11.34	1674.67
	3061.00	0.00	11.34	1669.62
	3061.01	0.00	11.35	1674.62
	3061.02	0.00	11.35	1675.62
	3061.04	0.00	11.36	1674.62
	3061.05	0.00	11.36	1676.62
	3061.06	0.00	11.33	1668.62
	3061.07	0.00	11.34	1673.61
	3061.08	0.00	11.34	1676.63
	3061.09	0.00	11.34	1676.63
	3061.11	0.00	11.33	1672.63
	3061.12	0.00	11.34	1674.62
	3061.13	0.00	11.33	1674.63
	3061.14	0.00	11.35	1677.62
	3061.15	0.00	11.35	1676.62
	3061.17	0.00	11.35	1677.62
	3061.18	0.00	11.35	1677.63
	3061.19	0.00	11.35	1677.65
	3061.20	0.00	11.33	1678.67
	3061.21	0.00	11.33	1677.68
	3061.22	0.00	11.34	1679.69
	3061.24	0.00	11.35	1680.67
	3061.25	0.00	11.37	1682.63
	3061.26	0.00	11.36	1684.66
	3061.27	0.00	11.35	1683.67
	3	1705.66
	3061.85	0.00	11.36	1709.67
	3061.86	0.00	11.36	1707.67
	3061.87	0.00	11.35	1709.69
	3061.88	0.00	11.33	1707.71
	3061.90	0.00	11.49	1708.30
	3061.91	0.00	11.49	1708.32
	3061.92	0.00	11.47	1701.33
	3061.93	0.00	11.47	1701.33
	3061.94	0.00	11.35	1688.50
	3061.95	0.00	11.30	1689.65
	3061.97	0.00	11.29	1686.68
	3061.98	0.00	11.30	1684.70
	3061.99	0.00	11.33	1687.68
	3062.00	0.00	11.33	1690.69
	3062.01	0.00	11.29	1673.65
	3062.03	0.00	11.30	1681.67
	3062.04	0.00	11.33	1678.67
	3062.05	0.00	11.33	1683.67
	3062.06	0.00	11.33	1685.67
	3062.07	0.00	11.41	1700.61
	3062.08	0.00	11.39	1703.65
	3062.10	0.00	11.38	1704.65
	3062.11	0.00	11.36	1705.66
	3062.12	0.00	11.37	1708.65
	3062.13	0.00	11.35	1698.62
	3062.14	0.00	11.36	1706.66
	3062.16	0.00	11.36	1703.67
	3062.17	0.00	11.36	1707.67
	3062.18	0.00	11.36	1707.67
	3062.19	0.00	11.37	1705.63
	3062.20	0.00	11.37	1705.63
	3062.21	0.00	11.37	1707.63
	3062.23	0.00	11.36	1703.63
	3062.24	0.00	11.38	1706.62
	3062.25	0.00	11.36	1701.62
	3062.26	0.00	11.37	1701.62
	3062.27	0.00	11.37	1700.62
	3062.29	0.00	11.37	1699.62
	3062.30	0.00	11.36	1695.62
	3062.31	0.00	11.38	1700.62
	3062.32	0.00	11.38	1700.62
	3062.33	0.00	11.38	1701.62
	3062.34	0.00	11.38	1701.62
	3062.36	0.00	11.36	1700.66
	3062.37	0.00	11.37	1702.66
	3062.38	0.00	11.36	1702.68
	3062.39	0.00	11.36	1703.68
	3062.40	0.00	11.38	1703.64
	3062.41	0.00	11.38	1702.66
	3062.43	0.00	11.37	1705.67
	3062.44	0.00	11.37	1705.67
	3062.45	0.00	11.36	1706.68
	3062.46	0.00	11.52	1708.28
	3062.47	0.00	11.52	1710.31
	3062.49	0.00	11.50	1701.32
	3062.50	0.00	11.49	1703.34
	3062.51	0.00	11.35	1686.54
	3062.52	0.00	11.33	1686.61
	3062.53	0.00	11.31	1685.64
	3062.54	0.00	11.32	1683.67
	3062.56	0.00	11.34	1688.67
	3062.57	0.00	11.35	1690.67
	3062.58	0.00	11.31	1673.63
	3062.59	0.00	11.33	1682.66
	3062.60	0.00	11.36	1681.65
	3062.62	0.00	11.36	1685.66
	3062.63	0.00	11.38	1690.62
	3062.64	0.00	11.42	1703.64
	3062.65	0.00	11.41	1706.64
	3062.66	0.00	11.41	1704.64
	3062.67	0.00	11.39	1708.64
	3062.69	0.00	11.39	1711.66
	3062.70	0.00	11.39	1707.64
	3062.71	0.00	11.38	1710.66
	3062.72	0.00	11.38	1708.66
	3062.73	0.00	11.38	1709.67
	3062.75	0.00	11.38	1709.66
	3062.76	0.00	11.38	1706.62
	3062.77	0.00	11.39	1710.62
	3062.78	0.00	11.40	1715.62
	3062.79	0.00	11.41	1712.62
	3062.80	0.00	11.41	1713.62
	3062.82	0.00	11.38	1704.60
	3062.83	0.00	11.38	1706.62
	3062.84	0.00	11.39	1708.62
	3062.85	0.00	11.38	1704.62
	3062.86	0.00	11.41	1709.5