	868.00
	1819.95	0.00	6.06	864.00
	1819.96	0.00	5.99	858.00
	1819.97	0.00	6.07	883.00
	1819.98	0.00	6.06	881.00
	1820.00	0.00	6.06	881.00
	1820.01	0.00	6.06	880.00
	1820.02	0.00	6.06	879.00
	1820.03	0.00	6.07	879.00
	1820.04	0.00	6.06	875.00
	1820.05	0.00	6.04	872.00
	1820.06	0.00	6.03	869.00
	1820.08	0.00	6.03	864.00
	1820.09	0.00	5.98	855.00
	1820.10	0.00	5.97	848.00
	1820.11	0.00	5.96	845.00
	1820.12	0.00	5.96	845.00
	1820.13	0.00	6.14	863.00
	1820.15	0.00	6.12	868.00
	1820.16	0.00	6.14	868.00
	1820.17	0.00	6.14	866.00
	1820.18	0.00	6.15	867.00
	1820.19	0.00	6.15	866.00
	1820.20	0.00	6.15	866.00
	1820.21	0.00	6.14	862.00
	1820.22	0.00	6.12	858.00
	1820.24	0.00	6.14	859.00
	1820.25	0.00	6.16	862.00
	1820.26	0.00	6.12	855.00
	1820.27	0.00	6.02	840.00
	1820.28	0.00	6.11	857.00
	1820.30	0.00	6.16	862.00
	1820.31	0.00	6.15	864.00
	1820.32	0.00	6.15	863.00
	1820.33	0.00	6.15	865.00
	1820.34	0.00	6.14	866.00
	1820.35	0.00	6.14	863.00
	1820.36	0.00	6.11	862.00
	1820.38	0.00	6.11	862.00
	1820.39	0.00	6.11	861.00
	1820.40	0.00	6.10	859.00
	1820.41	0.00	6.10	860.00
	1820.42	0.00	6.12	860.00
	1820.43	0.00	6.12	855.00
	1820.44	0.00	6.11	860.00
	1820.46	0.00	6.12	861.00
	1820.47	0.00	6.12	860.00
	1820.48	0.00	6.13	862.00
	1820.49	0.00	6.14	861.00
	1820.50	0.00	6.13	862.00
	1820.51	0.00	6.14	862.00
	1820.53	0.00	6.13	863.00
	1820.54	0.00	6.15	863.00
	1820.55	0.00	6.14	864.00
	1820.56	0.00	6.13	860.00
	1820.57	0.00	6.09	860.00
	1820.58	0.00	6.08	862.00
	1820.59	0.00	6.07	862.00
	1820.61	0.00	6.08	861.00
	1820.62	0.00	6.08	860.00
	1820.63	0.00	6.05	859.00
	1820.64	0.00	6.00	854.00
	1820.65	0.00	6.00	851.00
	1820.66	0.00	5.99	843.00
	1820.68	0.00	6.10	830.00
	1820.69	0.00	6.10	833.00
	1820.70	0.00	6.07	832.00
	1820.71	0.00	6.07	833.00
	1820.72	0.00	6.11	836.00
	1820.73	0.00	6.15	833.00
	1820.74	0.00	6.14	833.00
	1820.76	0.00	6.15	837.00
	1820.77	0.00	6.21	842.00
	1820.78	0.00	6.20	842.00
	1820.79	0.00	6.00	816.00
	1820.80	0.00	5.97	811.00
	1820.81	0.00	5.94	810.00
	1820.82	0.00	5.95	809.00
	1820.84	0.00	5.94	809.00
	1820.85	0.00	5.95	811.00
	1820.86	0.00	5.93	809.00
	1820.87	0.00	5.93	809.00
	1820.88	0.00	5.94	806.00
	1820.89	0.00	5.95	805.00
	1820.91	0.00	5.96	810.00
	1820.92	0.00	5.96	808.00
	1820.93	0.00	5.95	807.00
	1820.94	0.00	5.94	806.00
	1820.95	0.00	5.96	806.00
	1820.96	0.00	5.96	806.00
	1820.97	0.00	5.96	808.00
	1820.99	0.00	5.97	806.00
	1821.00	0.00	6.04	812.00
	1821.01	0.00	6.03	809.00
	1821.02	0.00	6.03	808.00
	1821.03	0.00	5.93	822.00
	1821.04	0.00	5.90	833.00
	1821.05	0.00	5.97	831.00
	1821.07	0.00	5.97	830.00
	1821.08	0.00	5.94	825.00
	1821.09	0.00	5.95	827.00
	1821.10	0.00	5.97	827.00
	1821.11	0.00	5.96	827.00
	1821.12	0.00	5.96	825.00
	1821.14	0.00	5.87	818.00
	1821.15	0.00	5.44	765.00
	1821.16	0.00	5.45	764.00
	1821.17	0.00	5.44	763.00
	1821.18	0.00	5.45	765.00
	1821.19	0.00	5.92	821.00
	1821.20	0.00	6.07	837.00
	1821.22	0.00	6.10	840.00
	1821.23	0.00	6.08	835.00
	1821.24	0.00	6.09	833.00
	1821.25	0.00	6.15	834.00
	1821.26	0.00	6.19	838.00
	1821.27	0.00	6.14	833.00
	1821.29	0.00	6.10	826.00
	1821.30	0.00	6.13	846.00
	1821.31	0.00	6.06	833.00
	1821.32	0.00	6.13	847.00
	1821.33	0.00	6.12	848.00
	1821.34	0.00	6.13	846.00
	1821.35	0.00	6.14	850.00
	1821.37	0.00	6.11	846.00
	1821.38	0.00	6.11	846.00
	1821.39	0.00	6.10	846.00
	1821.40	0.00	6.11	845.00
	1821.41	0.00	6.09	842.00
	1821.42	0.00	6.08	837.00
	1821.43	0.00	6.04	828.00
	1821.45	0.00	6.02	823.00
	1821.46	0.00	6.18	854.00
	1821.47	0.00	6.17	853.00
	1821.48	0.00	6.18	853.00
	1821.49	0.00	6.18	853.00
	1821.50	0.00	6.15	851.00
	1821.52	0.00	6.18	853.00
	1821.53	0.00	6.18	853.00
	1821.54	0.00	6.19	853.00
	1821.55	0.00	6.09	848.00
	1821.56	0.00	6.13	855.00
	1821.57	0.00	6.17	853.00
	1821.58	0.00	6.18	854.00
	1821.60	0.00	6.11	854.00
	1821.61	0.00	6.04	845.00
	1821.62	0.00	6.13	842.00
	1821.63	0.00	6.08	856.00
	1821.64	0.00	6.06	857.00
	1821.65	0.00	6.13	857.00
	1821.67	0.00	6.07	857.00
	1821.68	0.00	6.17	859.00
	1821.69	0.00	6.14	855.00
	1821.70	0.00	6.15	860.00
	1821.71	0.00	6.12	860.00
	1821.72	0.00	6.08	859.00
	1821.73	0.00	6.13	860.00
	1821.75	0.00	6.12	858.00
	1821.76	0.00	6.13	854.00
	1821.77	0.00	6.13	857.00
	1821.78	0.00	6.14	856.00
	1821.79	0.00	6.13	857.00
	1821.80	0.00	6.13	857.00
	1821.81	0.00	6.00	857.00
	1821.83	0.00	6.05	858.00
	1821.84	0.00	6.06	858.00
	1821.85	0.00	6.07	858.00
	1821.86	0.00	6.09	857.00
	1821.87	0.00	6.18	856.00
	1821.89	0.00	6.16	858.00
	1821.90	0.00	6.16	856.00
	1821.91	0.00	6.16	858.00
	1821.92	0.00	6.16	856.00
	1821.93	0.00	6.16	855.00
	1821.94	0.00	6.11	851.00
	1821.95	0.00	6.15	851.00
	1821.96	0.00	6.16	853.00
	1821.98	0.00	6.14	851.00
	1821.99	0.00	6.06	855.00
	1822.00	0.00	6.01	854.00
	1822.01	0.00	6.11	855.00
	1822.02	0.00	6.10	854.00
	1822.03	0.00	6.08	853.00
	1822.05	0.00	6.02	847.00
	1822.06	0.00	5.89	847.00
	1822.07	0.00	5.91	847.00
	1822.08	0.00	5.90	846.00
	1822.09	0.00	5.97	844.00
	1822.10	0.00	5.98	832.00
	1822.11	0.00	5.98	824.00
	1822.13	0.00	6.06	824.00
	1822.14	0.00	6.15	825.00
	1822.15	0.00	6.07	826.00
	1822.16	0.00	6.14	826.00
	1822.17	0.00	6.15	824.00
	1822.18	0.00	6.16	824.00
	1822.20	0.00	6.17	825.00
	1822.21	0.00	6.19	825.00
	1822.22	0.00	6.21	826.00
	1822.23	0.00	6.23	829.00
	1822.24	0.00	6.25	829.00
	1822.25	0.00	6.25	827.00
	1822.27	0.00	6.13	827.00
	1822.28	0.00	6.09	825.00
	1822.29	0.00	6.12	823.00
	1822.30	0.00	5.93	796.00
	1822.31	0.00	5.90	788.00
	1822.32	0.00	5.89	787.00
	1822.33	0.00	5.88	787.00
	1822.35	0.00	5.90	785.00
	1822.36	0.00	5.88	783.00
	1822.37	0.00	6.02	781.00
	1822.38	0.00	5.86	781.00
	1822.39	0.00	5.89	783.00
	1822.40	0.00	5.88	780.00
	1822.42	0.00	5.86	780.00
	1822.43	0.00	5.88	778.00
	1822.44	0.00	5.88	778.00
	1822.45	0.00	5.91	777.00
	1822.46	0.00	5.91	778.00
	1822.47	0.00	5.94	775.00
	1822.48	0.00	5.95	774.00
	1822.50	0.00	5.95	779.00
	1822.51	0.00	5.96	778.00
	1822.52	0.00	6.01	777.00
	1822.53	0.00	5.45	713.00
	1822.54	0.00	6.09	779.00
	1822.55	0.00	6.11	779.00
	1822.56	0.00	6.11	776.00
	1822.58	0.00	6.06	770.00
	1822.59	0.00	6.12	777.00
	1822.60	0.00	6.12	777.00
	1822.61	0.00	6.12	776.00
	1822.62	0.00	6.09	775.00
	1822.64	0.00	6.07	795.00
	1822.65	0.00	6.06	796.00
	1822.66	0.00	6.06	797.00
	1822.67	0.00	6.07	799.00
	1822.68	0.00	6.07	798.00
	1822.69	0.00	6.05	797.00
	1822.70	0.00	6.05	797.00
	1822.71	0.00	5.95	786.00
	1822.73	0.00	6.05	795.00
	1822.74	0.00	6.05	793.00
	1822.75	0.00	6.03	791.00
	1822.76	0.00	6.04	793.00
	1822.77	0.00	6.02	790.00
	1822.78	0.00	6.00	784.00
	1822.80	0.00	5.52	728.00
	1822.81	0.00	5.97	780.00
	1822.82	0.00	5.98	781.00
	1822.83	0.00	5.52	729.00
	1822.84	0.00	6.00	784.00
	1822.85	0.00	6.17	807.00
	1822.86	0.00	6.15	805.00
	1822.88	0.00	6.16	806.00
	1822.89	0.00	6.15	805.00
	1822.90	0.00	6.15	806.00
	1822.91	0.00	6.14	805.00
	1822.92	0.00	6.16	805.00
	1822.94	0.00	6.15	802.00
	1822.95	0.00	6.16	803.00
	1822.96	0.00	6.19	803.00
	1822.97	0.00	6.22	804.00
	1822.98	0.00	6.22	804.00
	1822.99	0.00	6.22	805.00
	1823.00	0.00	6.22	804.00
	1823.02	0.00	6.22	802.00
	1823.03	0.00	6.20	799.00
	1823.04	0.00	6.20	796.00
	1823.05	0.00	6.20	795.00
	1823.06	0.00	6.20	796.00
	1823.07	0.00	6.18	793.00
	1823.08	0.00	6.14	804.00
	1823.10	0.00	6.21	816.00
	1823.11	0.00	6.21	816.00
	1823.12	0.00	6.20	814.00
	1823.13	0.00	6.10	800.00
	1823.14	0.00	6.18	808.00
	1823.15	0.00	6.17	810.00
	1823.17	0.00	6.17	808.00
	1823.18	0.00	6.18	806.00
	1823.19	0.00	6.14	800.00
	1823.20	0.00	6.10	792.00
	1823.21	0.00	6.13	792.00
	1823.22	0.00	6.25	817.00
	1823.23	0.00	6.26	818.00
	1823.25	0.00	6.26	817.00
	1823.26	0.00	6.26	817.00
	1823.27	0.00	6.26	816.00
	1823.28	0.00	6.26	817.00
	1823.29	0.00	6.17	818.00
	1823.30	0.00	6.22	817.00
	1823.31	0.00	6.23	816.00
	1823.33	0.00	6.24	817.00
	1823.34	0.00	6.23	817.00
	1823.35	0.00	6.22	815.00
	1823.36	0.00	6.24	816.00
	1823.37	0.00	6.22	816.00
	1823.38	0.00	6.21	812.00
	1823.40	0.00	6.11	799.00
	1823.41	0.00	6.24	821.00
	1823.42	0.00	6.26	822.00
	1823.43	0.00	6.25	821.00
	1823.44	0.00	6.23	821.00
	1823.45	0.00	6.25	821.00
	1823.46	0.00	6.25	824.00
	1823.48	0.00	6.24	823.00
	1823.49	0.00	6.25	822.00
	1823.50	0.00	6.23	822.00
	1823.51	0.00	6.22	823.00
	1823.52	0.00	6.20	822.00
	1823.54	0.00	6.20	820.00
	1823.55	0.00	6.20	824.00
	1823.56	0.00	6.21	824.00
	1823.57	0.00	6.20	824.00
	1823.58	0.00	6.20	819.00
	1823.59	0.00	6.20	817.00
	1823.60	0.00	6.23	824.00
	1823.62	0.00	6.21	821.00
	1823.63	0.00	6.19	821.00
	1823.64	0.00	6.21	822.00
	1823.65	0.00	6.22	822.00
	1823.66	0.00	6.21	824.00
	1823.67	0.00	6.21	825.00
	1823.68	0.00	6.22	825.00
	1823.69	0.00	6.22	826.00
	1823.71	0.00	6.21	827.00
	1823.72	0.00	6.22	829.00
	1823.73	0.00	6.23	829.00
	1823.74	0.00	6.25	831.00
	1823.75	0.00	6.21	827.00
	1823.77	0.00	6.22	830.00
	1823.78	0.00	6.22	831.00
	1823.79	0.00	6.22	832.00
	1823.80	0.00	6.19	827.00
	1823.81	0.00	6.16	831.00
	1823.82	0.00	6.16	832.00
	1823.83	0.00	6.17	828.00
	1823.85	0.00	6.15	833.00
	1823.86	0.00	6.15	835.00
	1823.87	0.00	6.13	836.00
	1823.88	0.00	6.14	835.00
	1823.89	0.00	6.12	834.00
	1823.90	0.00	6.07	831.00
	1823.92	0.00	6.06	834.00
	1823.93	0.00	6.06	835.00
	1823.94	0.00	6.05	834.00
	1823.95	0.00	6.05	836.00
	1823.96	0.00	6.06	827.00
	1823.97	0.00	6.08	811.00
	1823.98	0.00	6.18	801.00
	1824.00	0.00	6.19	798.00
	1824.01	0.00	6.20	799.00
	1824.02	0.00	6.18	796.00
	1824.03	0.00	6.24	800.00
	1824.04	0.00	6.24	804.00
	1824.05	0.00	6.24	805.00
	1824.06	0.00	6.25	810.00
	1824.08	0.00	6.25	814.00
	1824.09	0.00	6.28	818.00
	1824.10	0.00	6.24	817.00
	1824.11	0.00	6.04	795.00
	1824.12	0.00	6.02	794.00
	1824.13	0.00	6.01	795.00
	1824.15	0.00	6.02	794.00
	1824.16	0.00	6.03	796.00
	1824.17	0.00	6.02	793.00
	1824.18	0.00	6.02	794.00
	1824.19	0.00	6.02	794.00
	1824.20	0.00	6.02	794.00
	1824.21	0.00	6.02	793.00
	1824.23	0.00	6.02	794.00
	1824.24	0.00	6.02	794.00
	1824.25	0.00	6.02	794.00
	1824.26	0.00	6.02	792.00
	1824.27	0.00	6.02	793.00
	1824.28	0.00	6.01	796.00
	1824.30	0.00	6.02	797.00
	1824.31	0.00	6.04	799.00
	1824.32	0.00	6.01	795.00
	1824.33	0.00	6.00	797.00
	1824.34	0.00	6.00	796.00
	1824.35	0.00	6.01	797.00
	1824.36	0.00	6.04	797.00
	1824.38	0.00	6.09	800.00
	1824.39	0.00	6.09	799.00
	1824.40	0.00	6.09	796.00
	1824.41	0.00	6.09	800.00
	1824.42	0.00	6.08	798.00
	1824.43	0.00	6.05	805.00
	1824.45	0.00	6.08	801.00
	1824.46	0.00	6.04	818.00
	1824.47	0.00	6.03	816.00
	1824.48	0.00	6.02	818.00
	1824.49	0.00	6.02	818.00
	1824.50	0.00	6.01	816.00
	1824.52	0.00	6.01	816.00
	1824.53	0.00	6.02	817.00
	1824.54	0.00	6.02	816.00
	1824.55	0.00	6.00	815.00
	1824.56	0.00	6.01	818.00
	1824.57	0.00	5.98	814.00
	1824.58	0.00	5.95	806.00
	1824.59	0.00	5.49	754.00
	1824.61	0.00	5.49	755.00
	1824.62	0.00	6.10	835.00
	1824.63	0.00	6.12	833.00
	1824.64	0.00	6.11	832.00
	1824.65	0.00	6.11	832.00
	1824.67	0.00	6.12	831.00
	1824.68	0.00	6.11	832.00
	1824.69	0.00	6.11	830.00
	1824.70	0.00	6.14	832.00
	1824.71	0.00	6.17	832.00
	1824.72	0.00	6.16	830.00
	1824.73	0.00	6.15	827.00
	1824.75	0.00	6.17	825.00
	1824.76	0.00	6.18	828.00
	1824.77	0.00	6.16	823.00
	1824.78	0.00	6.13	822.00
	1824.79	0.00	6.09	831.00
	1824.80	0.00	6.15	846.00
	1824.81	0.00	6.15	845.00
	1824.83	0.00	6.14	845.00
	1824.84	0.00	6.15	844.00
	1824.85	0.00	6.15	847.00
	1824.86	0.00	6.16	848.00
	1824.87	0.00	6.15	847.00
	1824.88	0.00	6.13	842.00
	1824.90	0.00	6.12	846.00
	1824.91	0.00	6.13	841.00
	1824.92	0.00	6.13	844.00
	1824.93	0.00	6.13	845.00
	1824.94	0.00	6.10	844.00
	1824.95	0.00	6.09	840.00
	1824.96	0.00	6.06	836.00
	1824.98	0.00	6.03	829.00
	1824.99	0.00	6.20	850.00
	1825.00	0.00	6.20	855.00
	1825.01	0.00	6.20	854.00
	1825.02	0.00	6.19	854.00
	1825.03	0.00	6.18	852.00
	1825.05	0.00	6.22	855.00
	1825.06	0.00	6.19	851.00
	1825.07	0.00	6.20	852.00
	1825.08	0.00	6.19	851.00
	1825.09	0.00	6.20	852.00
	1825.10	0.00	6.20	848.00
	1825.11	0.00	6.19	849.00
	1825.13	0.00	6.19	848.00
	1825.14	0.00	6.21	850.00
	1825.15	0.00	6.19	847.00
	1825.16	0.00	6.16	842.00
	1825.17	0.00	6.06	829.00
	1825.18	0.00	6.20	850.00
	1825.20	0.00	6.20	852.00
	1825.21	0.00	6.19	851.00
	1825.22	0.00	6.19	852.	475.00
	1837.42	0.00	5.96	475.0037	0.00	5.98	474.00
	1837.38	0.00	5.98	476.00
	1837.40	0.00	5.97	474.00
	1837.41	0.00	5.96	475.00
	1837.42	0.00	5.96	475.0037	0.00	5.98	474.00
	1837.38	0.00	5.98	476.00
	1837.40	0.00	5.97	474.00
	1837.41	0.00	5.96	475.00
	1837.42	0.00	5.96	475.00
	1837.43	0.00	5.96	476.00
	1837.44	0.00	5.99	476.00
	1837.45	0.00	5.98	476.00
	1837.46	0.00	5.98	475.00
	1837.47	0.00	5.96	477.00
	1837.49	0.00	5.89	477.00
	1837.50	0.00	5.93	479.00
	1837.51	0.00	5.93	480.00
	1837.52	0.00	5.93	480.00
	1837.53	0.00	5.94	481.00
	1837.55	0.00	5.93	482.00
	1837.56	0.00	5.94	484.00
	1837.57	0.00	5.92	495.00
	1837.58	0.00	5.92	500.00
	1837.59	0.00	5.90	504.00
	1837.60	0.00	6.56	576.00
	1837.61	0.00	6.52	589.00
	1837.63	0.00	6.49	607.00
	1837.64	0.00	6.49	625.00
	1837.65	0.00	6.42	640.00
	1837.66	0.00	6.29	654.00
	1837.67	0.00	6.25	675.00
	1837.68	0.00	6.20	696.00
	1837.69	0.00	6.19	709.00
	1837.71	0.00	6.29	715.00
	1837.72	0.00	6.27	723.00
	1837.73	0.00	6.26	738.00
	1837.74	0.00	6.27	749.00
	1837.75	0.00	6.19	751.00
	1837.76	0.00	6.30	768.00
	1837.78	0.00	6.31	774.00
	1837.79	0.00	6.32	777.00
	1837.80	0.00	6.31	780.00
	1837.81	0.00	6.31	783.00
	1837.82	0.00	6.32	790.00
	1837.83	0.00	6.29	787.00
	1837.84	0.00	6.07	761.00
	1837.86	0.00	6.06	762.00
	1837.87	0.00	6.07	762.00
	1837.88	0.00	6.05	761.00
	1837.89	0.00	6.07	764.00
	1837.90	0.00	6.06	765.00
	1837.91	0.00	6.06	765.00
	1837.93	0.00	6.00	768.00
	1837.94	0.00	6.04	771.00
	1837.95	0.00	5.98	772.00
	1837.96	0.00	5.99	773.00
	1837.97	0.00	6.01	775.00
	1837.98	0.00	6.02	776.00
	1838.00	0.00	6.01	779.00
	1838.01	0.00	6.02	779.00
	1838.02	0.00	6.02	778.00
	1838.03	0.00	6.03	783.00
	1838.04	0.00	6.00	782.00
	1838.05	0.00	6.02	779.00
	1838.06	0.00	6.02	778.00
	1838.07	0.00	6.05	776.00
	1838.09	0.00	6.03	776.00
	1838.10	0.00	6.03	774.00
	1838.11	0.00	6.02	774.00
	1838.12	0.00	6.13	780.00
	1838.13	0.00	6.13	777.00
	1838.15	0.00	6.13	774.00
	1838.16	0.00	6.04	775.00
	1838.17	0.00	6.05	781.00
	1838.18	0.00	6.01	794.00
	1838.19	0.00	6.02	788.00
	1838.20	0.00	6.12	773.00
	1838.21	0.00	6.10	790.00
	1838.23	0.00	6.07	786.00
	1838.24	0.00	6.08	785.00
	1838.25	0.00	6.07	783.00
	1838.26	0.00	6.09	785.00
	1838.27	0.00	6.05	781.00
	1838.28	0.00	6.06	781.00
	1838.30	0.00	6.07	781.00
	1838.31	0.00	6.04	777.00
	1838.32	0.00	6.07	778.00
	1838.33	0.00	6.05	773.00
	1838.34	0.00	5.99	764.00
	1838.35	0.00	5.54	710.00
	1838.36	0.00	6.09	778.00
	1838.38	0.00	6.00	763.00
	1838.39	0.00	5.55	709.00
	1838.40	0.00	6.20	783.00
	1838.41	0.00	6.19	783.00
	1838.42	0.00	6.21	780.00
	1838.43	0.00	6.22	780.00
	1838.44	0.00	6.28	781.00
	1838.46	0.00	6.29	779.00
	1838.47	0.00	6.28	774.00
	1838.48	0.00	6.26	770.00
	1838.49	0.00	6.28	771.00
	1838.50	0.00	6.24	763.00
	1838.51	0.00	6.29	784.00
	1838.53	0.00	6.29	782.00
	1838.54	0.00	6.27	780.00
	1838.55	0.00	6.29	778.00
	1838.56	0.00	6.28	776.00
	1838.57	0.00	6.28	775.00
	1838.58	0.00	6.30	779.00
	1838.59	0.00	6.24	775.00
	1838.61	0.00	6.23	773.00
	1838.62	0.00	6.19	764.00
	1838.63	0.00	6.14	754.00
	1838.64	0.00	6.34	786.00
	1838.65	0.00	6.34	786.00
	1838.66	0.00	6.34	785.00
	1838.68	0.00	6.36	787.00
	1838.69	0.00	6.35	787.00
	1838.70	0.00	6.35	786.00
	1838.71	0.00	6.35	787.00
	1838.72	0.00	6.33	782.00
	1838.73	0.00	6.34	785.00
	1838.74	0.00	6.35	786.00
	1838.76	0.00	6.33	781.00
	1838.77	0.00	6.22	765.00
	1838.78	0.00	6.25	768.00
	1838.79	0.00	6.32	774.00
	1838.80	0.00	6.35	783.00
	1838.81	0.00	6.31	778.00
	1838.82	0.00	6.35	782.00
	1838.84	0.00	6.35	782.00
	1838.85	0.00	6.35	780.00
	1838.86	0.00	6.30	777.00
	1838.87	0.00	6.35	780.00
	1838.88	0.00	6.35	780.00
	1838.90	0.00	6.30	780.00
	1838.91	0.00	6.32	783.00
	1838.92	0.00	6.31	778.00
	1838.93	0.00	6.32	773.00
	1838.94	0.00	6.32	777.00
	1838.95	0.00	6.30	772.00
	1838.96	0.00	6.34	775.00
	1838.98	0.00	6.32	773.00
	1838.99	0.00	6.33	772.00
	1839.00	0.00	6.34	774.00
	1839.01	0.00	6.34	775.00
	1839.02	0.00	6.34	778.00
	1839.03	0.00	6.35	779.00
	1839.04	0.00	6.35	780.00
	1839.06	0.00	6.34	780.00
	1839.07	0.00	6.33	783.00
	1839.08	0.00	6.35	784.00
	1839.09	0.00	6.37	787.00
	1839.10	0.00	6.28	783.00
	1839.11	0.00	6.29	784.00
	1839.13	0.00	6.28	784.00
	1839.14	0.00	6.27	785.00
	1839.15	0.00	6.27	785.00
	1839.16	0.00	6.25	784.00
	1839.17	0.00	6.26	784.00
	1839.18	0.00	6.25	779.00
	1839.19	0.00	6.19	777.00
	1839.21	0.00	6.19	774.00
	1839.22	0.00	6.20	772.00
	1839.23	0.00	6.18	767.00
	1839.24	0.00	6.20	761.00
	1839.25	0.00	6.20	752.00
	1839.26	0.00	6.21	755.00
	1839.28	0.00	6.20	763.00
	1839.29	0.00	6.20	753.00
	1839.30	0.00	6.30	752.00
	1839.31	0.00	6.33	753.00
	1839.32	0.00	6.32	754.00
	1839.33	0.00	6.33	755.00
	1839.34	0.00	6.35	756.00
	1839.36	0.00	6.35	756.00
	1839.37	0.00	6.33	754.00
	1839.38	0.00	6.36	757.00
	1839.39	0.00	6.36	757.00
	1839.40	0.00	6.39	761.00
	1839.41	0.00	6.42	765.00
	1839.43	0.00	6.42	766.00
	1839.44	0.00	6.39	760.00
	1839.45	0.00	6.16	735.00
	1839.46	0.00	6.29	753.00
	1839.47	0.00	6.15	736.00
	1839.48	0.00	6.16	735.00
	1839.50	0.00	6.15	738.00
	1839.51	0.00	6.15	742.00
	1839.52	0.00	6.15	742.00
	1839.53	0.00	6.14	742.00
	1839.54	0.00	6.14	744.00
	1839.55	0.00	6.12	746.00
	1839.56	0.00	6.13	747.00
	1839.58	0.00	6.13	748.00
	1839.59	0.00	6.15	749.00
	1839.60	0.00	6.13	747.00
	1839.61	0.00	6.13	749.00
	1839.62	0.00	6.11	751.00
	1839.63	0.00	6.13	753.00
	1839.65	0.00	6.13	751.00
	1839.66	0.00	6.12	753.00
	1839.67	0.00	6.14	749.00
	1839.68	0.00	6.15	758.00
	1839.69	0.00	6.11	756.00
	1839.70	0.00	6.11	754.00
	1839.71	0.00	6.12	753.00
	1839.72	0.00	6.21	760.00
	1839.74	0.00	6.19	758.00
	1839.75	0.00	6.12	758.00
	1839.76	0.00	6.19	763.00
	1839.77	0.00	6.08	751.00
	1839.78	0.00	6.18	765.00
	1839.80	0.00	6.18	769.00
	1839.81	0.00	6.16	778.00
	1839.82	0.00	6.14	791.00
	1839.83	0.00	6.12	788.00
	1839.84	0.00	6.12	790.00
	1839.85	0.00	6.10	787.00
	1839.86	0.00	6.10	786.00
	1839.88	0.00	6.10	785.00
	1839.89	0.00	6.10	786.00
	1839.90	0.00	6.10	783.00
	1839.91	0.00	6.11	784.00
	1839.92	0.00	6.09	781.00
	1839.93	0.00	6.06	775.00
	1839.94	0.00	6.07	776.00
	1839.96	0.00	6.09	775.00
	1839.97	0.00	6.00	766.00
	1839.98	0.00	5.56	714.00
	1839.99	0.00	6.21	795.00
	1840.00	0.00	6.09	781.00
	1840.01	0.00	6.22	796.00
	1840.03	0.00	6.22	795.00
	1840.04	0.00	6.22	794.00
	1840.05	0.00	6.29	796.00
	1840.06	0.00	6.29	795.00
	1840.07	0.00	6.28	790.00
	1840.08	0.00	6.26	787.00
	1840.09	0.00	6.26	787.00
	1840.11	0.00	6.27	789.00
	1840.12	0.00	6.23	785.00
	1840.13	0.00	6.28	806.00
	1840.14	0.00	6.28	806.00
	1840.15	0.00	6.27	808.00
	1840.16	0.00	6.27	808.00
	1840.18	0.00	6.26	809.00
	1840.19	0.00	6.28	807.00
	1840.20	0.00	6.27	808.00
	1840.21	0.00	6.27	804.00
	1840.22	0.00	6.27	806.00
	1840.23	0.00	6.26	806.00
	1840.25	0.00	6.26	804.00
	1840.26	0.00	6.23	805.00
	1840.27	0.00	6.22	803.00
	1840.28	0.00	6.19	801.00
	1840.29	0.00	6.16	795.00
	1840.30	0.00	6.21	799.00
	1840.31	0.00	6.30	820.00
	1840.32	0.00	6.31	820.00
	1840.34	0.00	6.30	822.00
	1840.35	0.00	6.30	824.00
	1840.36	0.00	6.30	823.00
	1840.37	0.00	6.33	829.00
	1840.38	0.00	6.31	825.00
	1840.40	0.00	6.30	825.00
	1840.41	0.00	6.29	826.00
	1840.42	0.00	6.30	826.00
	1840.43	0.00	6.28	825.00
	1840.44	0.00	6.29	826.00
	1840.45	0.00	6.28	826.00
	1840.46	0.00	6.24	820.00
	1840.48	0.00	6.21	812.00
	1840.49	0.00	6.28	829.00
	1840.50	0.00	6.28	830.00
	1840.51	0.00	6.28	832.00
	1840.52	0.00	6.27	829.00
	1840.53	0.00	6.28	831.00
	1840.55	0.00	6.27	829.00
	1840.56	0.00	6.29	832.00
	1840.57	0.00	6.28	830.00
	1840.58	0.00	6.23	829.00
	1840.59	0.00	6.22	829.00
	1840.60	0.00	6.25	830.00
	1840.61	0.00	6.24	827.00
	1840.63	0.00	6.23	824.00
	1840.64	0.00	6.25	825.00
	1840.65	0.00	6.24	825.00
	1840.66	0.00	6.24	825.00
	1840.67	0.00	6.25	826.00
	1840.68	0.00	6.24	827.00
	1840.69	0.00	6.29	830.00
	1840.71	0.00	6.25	830.00
	1840.72	0.00	6.26	831.00
	1840.73	0.00	6.26	830.00
	1840.74	0.00	6.25	827.00
	1840.75	0.00	6.25	827.00
	1840.76	0.00	6.26	828.00
	1840.78	0.00	6.21	829.00
	1840.79	0.00	6.23	826.00
	1840.80	0.00	6.21	823.00
	1840.81	0.00	6.20	822.00
	1840.82	0.00	6.16	818.00
	1840.83	0.00	6.12	815.00
	1840.84	0.00	6.13	815.00
	1840.86	0.00	6.13	816.00
	1840.87	0.00	6.12	814.00
	1840.88	0.00	6.10	806.00
	1840.89	0.00	6.12	797.00
	1840.90	0.00	6.22	795.00
	1840.91	0.00	6.23	795.00
	1840.93	0.00	6.25	797.00
	1840.94	0.00	6.24	795.00
	1840.95	0.00	6.24	797.00
	1840.96	0.00	6.26	798.00
	1840.97	0.00	6.28	802.00
	1840.98	0.00	6.29	802.00
	1840.99	0.00	6.30	807.00
	1841.01	0.00	6.32	809.00
	1841.02	0.00	6.18	790.00
	1841.03	0.00	6.19	792.00
	1841.04	0.00	6.28	805.00
	1841.05	0.00	6.07	779.00
	1841.06	0.00	6.07	780.00
	1841.07	0.00	6.07	780.00
	1841.09	0.00	6.06	780.00
	1841.10	0.00	6.07	781.00
	1841.11	0.00	6.07	780.00
	1841.12	0.00	6.07	780.00
	1841.13	0.00	6.07	780.00
	1841.14	0.00	6.07	779.00
	1841.16	0.00	6.06	780.00
	1841.17	0.00	6.07	778.00
	1841.18	0.00	6.07	780.00
	1841.19	0.00	6.06	778.00
	1841.20	0.00	6.06	778.00
	1841.21	0.00	6.07	777.00
	1841.22	0.00	6.14	781.00
	1841.23	0.00	6.15	779.00
	1841.25	0.00	6.15	779.00
	1841.26	0.00	6.15	780.00
	1841.27	0.00	6.15	777.00
	1841.28	0.00	6.15	778.00
	1841.29	0.00	6.15	781.00
	1841.31	0.00	6.10	797.00
	1841.32	0.00	6.10	797.00
	1841.33	0.00	6.11	796.00
	1841.34	0.00	6.10	796.00
	1841.35	0.00	6.10	797.00
	1841.36	0.00	6.09	796.00
	1841.38	0.00	6.05	792.00
	1841.39	0.00	6.09	794.00
	1841.40	0.00	6.06	790.00
	1841.41	0.00	6.06	791.00
	1841.42	0.00	6.10	793.00
	1841.43	0.00	6.03	782.00
	1841.44	0.00	5.55	727.00
	1841.46	0.00	6.19	808.00
	1841.47	0.00	6.18	805.00
	1841.48	0.00	6.21	804.00
	1841.49	0.00	6.21	805.00
	1841.50	0.00	6.22	805.00
	1841.51	0.00	6.26	807.00
	1841.52	0.00	6.27	803.00
	1841.54	0.00	6.26	807.00
	1841.55	0.00	6.26	807.00
	1841.56	0.00	6.26	805.00
	1841.57	0.00	6.23	802.00
	1841.58	0.00	6.18	800.00
	1841.59	0.00	6.25	821.00
	1841.60	0.00	6.23	820.00
	1841.62	0.00	6.24	819.00
	1841.63	0.00	6.25	822.00
	1841.64	0.00	6.25	821.00
	1841.65	0.00	6.25	823.00
	1841.66	0.00	6.24	821.00
	1841.67	0.00	6.22	818.00
	1841.69	0.00	6.20	818.00
	1841.70	0.00	6.19	816.00
	1841.71	0.00	6.13	808.00
	1841.72	0.00	6.13	804.00
	1841.73	0.00	6.29	831.00
	1841.74	0.00	6.16	816.00
	1841.76	0.00	6.29	827.00
	1841.77	0.00	6.29	830.00
	1841.78	0.00	6.29	831.00
	1841.79	0.00	6.31	834.00
	1841.80	0.00	6.29	831.00
	1841.81	0.00	6.29	831.00
	1841.82	0.00	6.29	831.00
	1841.84	0.00	6.29	832.00
	1841.85	0.00	6.28	831.00
	1841.86	0.00	6.27	831.00
	1841.87	0.00	6.25	826.00
	1841.88	0.00	6.14	811.00
	1841.89	0.00	6.28	833.00
	1841.90	0.00	6.27	834.00
	1841.92	0.00	6.27	835.00
	1841.93	0.00	6.29	838.00
	1841.94	0.00	6.26	837.00
	1841.95	0.00	6.26	838.00
	1841.96	0.00	6.26	837.00
	1841.97	0.00	6.21	837.00
	1841.98	0.00	6.21	839.00
	1842.00	0.00	6.22	838.00
	1842.01	0.00	6.21	837.00
	1842.02	0.00	6.21	839.00
	1842.03	0.00	6.22	837.00
	1842.04	0.00	6.21	840.00
	1842.06	0.00	6.20	835.00
	1842.07	0.00	6.24	846.00
	1842.08	0.00	6.20	842.00
	1842.09	0.00	6.21	843.00
	1842.10	0.00	6.22	844.00
	1842.11	0.00	6.25	849.00
	1842.12	0.00	6.20	846.00
	1842.14	0.00	6.21	849.00
	1842.15	0.00	6.20	852.00
	1842.16	0.00	6.22	855.00
	1842.17	0.00	6.21	855.00
	1842.18	0.00	6.21	855.00
	1842.19	0.00	6.16	850.00
	1842.20	0.00	6.16	850.00
	1842.22	0.00	6.16	851.00
	1842.23	0.00	6.14	857.00
	1842.24	0.00	6.14	859.00
	1842.25	0.00	6.10	856.00
	1842.26	0.00	6.12	857.00
	1842.27	0.00	6.08	856.00
	1842.29	0.00	6.04	852.00
	1842.30	0.00	6.06	854.00
	1842.31	0.00	6.04	851.00
	1842.32	0.00	6.05	851.00
	1842.33	0.00	6.04	847.00
	1842.34	0.00	6.05	833.00
	1842.35	0.00	6.15	829.00
	1842.37	0.00	6.15	831.00
	1842.38	0.00	6.16	832.00
	1842.39	0.00	6.20	834.00
	1842.40	0.00	6.19	836.00
	1842.41	0.00	6.21	837.00
	1842.42	0.00	6.25	842.00
	1842.44	0.00	6.26	842.00
	1842.45	0.00	6.24	838.00
	1842.46	0.00	6.26	843.00
	1842.47	0.00	6.23	837.00
	1842.48	0.00	6.16	830.00
	1842.49	0.00	6.14	827.00
	1842.50	0.00	5.99	809.00
	1842.52	0.00	6.00	810.00
	1842.53	0.00	6.03	813.00
	1842.54	0.00	6.00	808.00
	1842.55	1.00	6.00	807.00
	1842.56	1.00	6.00	805.00
	1842.57	1.00	5.96	799.00
	1842.58	1.00	6.01	803.00
	1842.60	1.00	6.01	801.00
	1842.61	1.00	6.01	799.00
	1842.62	1.00	6.02	806.00
	1842.63	1.00	5.99	804.00
	1842.64	1.00	6.01	804.00
	1842.65	1.00	6.01	801.00
	1842.67	1.00	6.09	805.00
	1842.68	1.00	6.10	803.00
	1842.69	1.00	6.10	802.00
	1842.70	1.00	6.09	803.00
	1842.71	1.00	6.04	822.00
	1842.72	0.00	6.05	820.00
	1842.73	0.00	6.04	818.00
	1842.75	0.00	6.04	817.00
	1842.76	0.00	6.06	819.00
	1842.77	0.00	6.03	817.00
	1842.78	0.00	6.03	816.00
	1842.79	0.00	6.01	811.00
	1842.80	0.00	6.02	813.00
	1842.82	0.00	6.00	810.00
	1842.83	0.00	5.94	800.00
	1842.84	0.00	5.50	750.00
	1842.85	0.00	6.11	827.00
	1842.86	0.00	6.15	829.00
	1842.87	0.00	6.14	829.00
	1842.88	0.00	6.14	829.00
	1842.90	0.00	6.16	829.00
	1842.91	0.00	6.18	828.00
	1842.92	0.00	6.16	828.00
	1842.93	0.00	6.22	832.00
	1842.94	0.00	6.20	828.00
	1842.95	0.00	6.20	827.00
	1842.96	0.00	6.16	822.00
	1842.98	0.00	6.21	843.00
	1842.99	0.00	6.21	846.00
	1843.00	0.00	6.18	844.00
	1843.01	0.00	6.20	844.00
	1843.02	0.00	6.19	844.00
	1843.03	0.00	6.20	844.00
	1843.05	0.00	6.16	839.00
	1843.06	0.00	6.16	842.00
	1843.07	0.00	6.15	839.00
	1843.08	0.00	6.10	831.00
	1843.09	0.00	6.10	831.00
	1843.10	0.00	6.07	825.00
	1843.11	0.00	6.06	826.00
	1843.13	0.00	6.16	833.00
	1843.14	0.00	6.24	852.00
	1843.15	0.00	6.25	853.00
	1843.16	0.00	6.25	850.00
	1843.17	0.00	6.27	853.00
	1843.18	0.00	6.26	851.00
	1843.19	0.00	6.25	850.00
	1843.21	0.00	6.25	851.00
	1843.22	0.00	6.26	851.00
	1843.23	0.00	6.25	851.00
	1843.24	0.00	6.25	849.00
	1843.25	0.00	6.23	846.00
	1843.26	0.00	6.12	827.00
	1843.28	0.00	6.12	829.00
	1843.29	0.00	6.14	828.00
	1843.30	0.00	6.20	841.00
	1843.31	0.00	6.26	852.00
	1843.32	0.00	6.24	851.00
	1843.33	0.00	6.26	851.00
	1843.34	0.00	6.23	850.00
	1843.36	0.00	6.21	850.00
	1843.37	0.00	6.20	849.00
	1843.38	0.00	6.21	846.00
	1843.39	0.00	6.20	841.00
	1843.40	0.00	6.21	844.00
	1843.42	0.00	6.21	847.00
	1843.43	0.00	6.21	847.00
	1843.44	0.00	6.21	847.00
	1843.45	0.00	6.24	850.00
	1843.46	0.00	6.22	850.00
	1843.47	0.00	6.22	851.00
	1843.48	0.00	6.21	850.00
	1843.49	0.00	6.21	851.00
	1843.51	0.00	6.22	853.00
	1843.52	0.00	6.22	852.00
	1843.53	0.00	6.22	851.00
	1843.54	0.00	6.21	849.00
	1843.55	0.00	6.17	849.00
	1843.56	0.00	6.15	851.00
	1843.57	0.00	6.16	848.00
	1843.59	0.00	6.16	852.00
	1843.60	0.00	6.13	848.00
	1843.61	0.00	6.14	852.00
	1843.62	0.00	6.11	849.00
	1843.63	0.00	6.08	846.00
	1843.65	0.00	6.06	842.00
	1843.66	0.00	6.06	840.00
	1843.67	0.00	6.05	831.00
	1843.68	0.00	6.04	824.00
	1843.69	0.00	6.07	823.00
	1843.70	0.00	6.17	826.00
	1843.71	0.00	6.18	827.00
	1843.73	0.00	6.15	825.00
	1843.74	0.00	6.22	832.00
	1843.75	0.00	6.22	834.00
	1843.76	0.00	6.24	837.00
	1843.77	0.00	6.29	844.00
	1843.78	0.00	6.28	842.00
	1843.79	0.00	6.26	841.00
	1843.81	0.00	6.19	832.00
	1843.82	0.00	6.00	808.00
	1843.83	0.00	6.00	810.00
	1843.84	0.00	6.00	811.00
	1843.85	0.00	6.01	809.00
	1843.86	0.00	6.01	810.00
	1843.87	0.00	6.00	810.00
	1843.89	0.00	6.00	808.00
	1843.90	0.00	6.00	808.00
	1843.91	0.00	6.00	808.00
	1843.92	0.00	5.99	811.00
	1843.93	0.00	6.01	810.00
	1843.94	0.00	5.99	807.00
	1843.95	0.00	6.00	806.00
	1843.97	0.00	6.01	808.00
	1843.98	0.00	6.01	809.00
	1843.99	0.00	6.09	814.00
	1844.00	0.00	6.09	812.00
	1844.01	0.00	6.09	813.00
	1844.03	0.00	6.07	817.00
	1844.04	0.00	6.03	830.00
	1844.05	0.00	6.04	831.00
	1844.06	0.00	6.02	827.00
	1844.07	0.00	6.01	826.00
	1844.08	0.00	6.03	829.00
	1844.09	0.00	6.00	827.00
	1844.10	0.00	5.99	822.00
	1844.12	0.00	5.48	763.00
	1844.13	0.00	5.48	763.00
	1844.14	0.00	6.13	844.00
	1844.15	0.00	6.13	844.00
	1844.16	0.00	6.14	844.00
	1844.17	0.00	6.14	842.00
	1844.19	0.00	6.15	846.00
	1844.20	0.00	6.12	842.00
	1844.21	0.00	6.20	845.00
	1844.22	0.00	6.20	844.00
	1844.23	0.00	6.18	841.00
	1844.24	0.00	6.15	833.00
	1844.25	0.00	6.19	856.00
	1844.27	0.00	6.09	841.00
	1844.28	0.00	6.18	856.00
	1844.29	0.00	6.18	856.00
	1844.30	0.00	6.17	854.00
	1844.31	0.00	6.18	854.00
	1844.32	0.00	6.16	854.00
	1844.33	0.00	6.14	848.00
	1844.35	0.00	6.11	845.00
	1844.36	0.00	6.07	839.00
	1844.37	0.00	6.08	840.00
	1844.38	0.00	6.06	835.00
	1844.39	0.00	6.24	864.00
	1844.40	0.00	6.23	865.00
	1844.42	0.00	6.24	864.00
	1844.43	0.00	6.24	864.00
	1844.44	0.00	6.24	864.00
	1844.45	0.00	6.23	864.00
	1844.46	0.00	6.24	864.00
	1844.47	0.00	6.25	863.00
	1844.48	0.00	6.24	864.00
	1844.50	0.00	6.23	863.00
	1844.51	0.00	6.23	861.00
	1844.52	0.00	6.14	847.00
	1844.53	0.00	6.22	865.00
	1844.54	0.00	6.22	867.00
	1844.55	0.00	6.22	866.00
	1844.57	0.00	6.23	867.00
	1844.58	0.00	6.22	864.00
	1844.59	0.00	6.23	866.00
	1844.60	0.00	6.23	866.00
	1844.61	0.00	6.22	865.00
	1844.62	0.00	6.17	864.00
	1844.64	0.00	6.18	864.00
	1844.65	0.00	6.18	864.00
	1844.66	0.00	6.17	862.00
	1844.67	0.00	6.18	865.00
	1844.68	0.00	6.17	864.00
	1844.69	0.00	6.19	863.00
	1844.70	0.00	6.18	858.00
	1844.72	0.00	6.18	863.00
	1844.73	0.00	6.19	863.00
	1844.74	0.00	6.17	860.00
	1844.75	0.00	6.20	864.00
	1844.76	0.00	6.18	862.00
	1844.77	0.00	6.19	863.00
	1844.79	0.00	6.15	860.00
	1844.80	0.00	6.18	867.00
	1844.81	0.00	6.19	866.00
	1844.82	0.00	6.19	865.00
	1844.83	0.00	6.18	861.00
	1844.84	0.00	6.15	864.00
	1844.85	0.00	6.14	860.00
	1844.87	0.00	6.14	866.00
	1844.88	0.00	6.11	864.00
	1844.89	0.00	6.13	868.00
	1844.90	0.00	6.11	866.00
	1844.91	0.00	6.04	863.00
	1844.92	0.00	6.05	865.00
	1844.93	0.00	6.03	860.00
	1844.94	0.00	6.04	843.00
	1844.96	0.00	6.13	848.00
	1844.97	0.00	6.13	847.00
	1844.98	0.00	6.12	845.00
	1844.99	0.00	6.14	847.00
	1845.00	0.00	6.16	850.00
	1845.02	0.00	6.15	846.00
	1845.03	0.00	6.21	854.00
	1845.04	0.00	6.23	858.00
	1845.05	0.00	6.21	855.00
	1845.06	0.00	5.97	824.00
	1845.07	0.00	5.98	825.00
	1845.08	0.00	5.97	826.00
	1845.10	0.00	5.98	828.00
	1845.11	0.00	5.97	827.00
	1845.12	0.00	5.98	828.00
	1845.13	0.00	5.98	827.00
	1845.14	0.00	5.97	827.00
	1845.15	0.00	5.87	817.00
	1845.17	0.00	5.96	830.00
	1845.18	0.00	5.96	828.00
	1845.19	0.00	5.96	828.00
	1845.20	0.00	5.97	826.00
	1845.21	0.00	5.98	825.00
	1845.22	0.00	5.95	825.00
	1845.23	0.00	5.97	822.00
	1845.25	0.00	5.98	821.00
	1845.26	0.00	5.97	819.00
	1845.27	0.00	5.97	819.00
	1845.28	0.00	5.98	819.00
	1845.29	0.00	6.07	820.00
	1845.30	0.00	6.06	813.00
	1845.31	0.00	6.07	812.00
	1845.32	0.00	6.06	812.00
	1845.34	0.00	6.02	824.00
	1845.35	0.00	6.03	825.00
	1845.36	0.00	6.03	821.00
	1845.37	0.00	6.02	822.00
	1845.38	0.00	6.02	822.00
	1845.40	0.00	6.02	817.00
	1845.41	0.00	6.01	817.00
	1845.42	0.00	5.99	816.00
	1845.43	0.00	5.98	811.00
	1845.44	0.00	5.92	804.00
	1845.45	0.00	5.94	806.00
	1845.46	0.00	5.93	805.00
	1845.48	0.00	5.47	753.00
	1845.49	0.00	5.92	808.00
	1845.50	0.00	6.10	833.00
	1845.51	0.00	6.11	833.00
	1845.52	0.00	6.10	834.00
	1845.53	0.00	6.14	836.00
	1845.54	0.00	6.15	836.00
	1845.56	0.00	6.14	837.00
	1845.57	0.00	6.13	836.00
	1845.58	0.00	6.10	831.00
	1845.59	0.00	6.10	852.00
	1845.60	0.00	6.10	854.00
	1845.61	0.00	6.08	857.00
	1845.63	0.00	6.06	857.00
	1845.64	0.00	6.02	859.00
	1845.65	0.00	6.01	863.00
	1845.66	0.00	6.01	869.00
	1845.67	0.00	5.98	876.00
	1845.68	0.00	5.89	869.00
	1845.69	0.00	6.04	911.00
	1845.71	0.00	6.02	921.00
	1845.72	0.00	6.01	944.00
	1845.73	0.00	5.98	965.00
	1845.74	0.00	5.95	985.00
	1845.75	0.00	5.85	994.00
	1845.76	0.00	5.93	1022.00
	1845.78	0.00	5.90	1038.00
	1845.79	0.00	5.88	1059.00
	1845.80	0.00	5.88	1078.00
	1845.81	0.00	5.84	1098.00
	1845.82	0.00	5.83	1115.00
	1845.83	0.00	5.82	1130.00
	1845.84	0.00	5.83	1145.00
	1845.86	0.00	5.81	1149.00
	1845.87	0.00	5.85	1155.00
	1845.88	0.00	5.87	1151.00
	1845.89	0.00	5.90	1144.00
	1845.90	0.00	5.92	1132.00
	1845.92	0.00	5.95	1121.00
	1845.93	0.00	5.97	1112.00
	1845.94	0.00	5.97	1099.00
	1845.95	0.00	5.87	1061.00
	1845.96	0.00	5.89	1046.00
	1845.97	0.00	5.92	1032.00
	1845.98	0.00	5.96	1018.00
	1846.00	0.00	5.97	998.00
	1846.01	0.00	6.19	1010.00
	1846.02	0.00	6.08	978.00
	1846.03	0.00	6.16	971.00
	1846.04	0.00	6.21	958.00
	1846.05	0.00	6.22	944.00
	1846.07	0.00	6.24	929.00
	1846.08	0.00	6.28	915.00
	1846.09	0.00	6.46	931.00
	1846.10	0.00	6.52	920.00
	1846.11	0.00	6.54	908.00
	1846.12	0.00	6.58	894.00
	1846.14	0.00	6.57	882.00
	1846.15	0.00	6.51	848.00
	1846.16	0.00	6.60	855.00
	1846.17	0.00	6.55	851.00
	1846.18	0.00	6.99	893.00
	1846.19	0.00	7.01	886.00
	1846.20	0.00	7.04	879.00
	1846.22	0.00	7.11	875.00
	1846.23	0.00	7.25	867.00
	1846.24	0.00	7.35	854.00
	1846.25	0.00	7.43	843.00
	1846.26	0.00	7.50	831.00
	1846.27	0.00	7.68	836.00
	1846.29	0.00	7.79	829.00
	1846.30	0.00	7.82	815.00
	1846.31	0.00	8.57	822.00
	1846.32	0.00	8.34	749.00
	1846.33	0.00	8.43	753.00
	1846.34	0.00	8.54	742.00
	1846.35	0.00	8.64	742.00
	1846.37	0.00	8.67	741.00
	1846.38	0.00	8.65	735.00
	1846.39	0.00	8.68	728.00
	1846.40	0.00	8.65	721.00
	1846.41	0.00	8.33	689.00
	1846.42	0.00	8.07	661.00
	1846.44	0.00	7.84	632.00
	1846.45	0.00	7.65	605.00
	1846.46	0.00	6.50	529.00
	1846.47	0.00	6.36	520.00
	1846.48	0.00	5.61	464.00
	1846.49	0.00	5.63	464.00
	1846.51	0.00	5.60	486.00
	1846.52	0.00	5.57	502.00
	1846.53	0.00	5.55	496.00
	1846.54	0.00	5.55	497.00
	1846.55	0.00	5.58	493.00
	1846.56	0.00	5.53	489.00
	1846.57	0.00	5.53	489.00
	1846.59	0.00	5.54	488.00
	1846.60	0.00	5.54	488.00
	1846.61	0.00	5.52	488.00
	1846.62	0.00	5.55	488.00
	1846.63	0.00	5.57	489.00
	1846.64	0.00	5.55	489.00
	1846.65	0.00	5.56	488.00
	1846.67	0.00	5.51	488.00
	1846.68	0.00	5.56	488.00
	1846.69	0.00	5.58	482.00
	1846.70	0.00	5.50	467.00
	1846.71	0.00	5.50	464.00
	1846.72	0.00	5.51	464.00
	1846.73	0.00	5.52	462.00
	1846.75	0.00	5.52	460.00
	1846.76	0.00	5.53	455.00
	1846.77	0.00	5.53	456.00
	1846.78	0.00	5.48	455.00
	1846.79	0.00	5.50	455.00
	1846.80	0.00	5.48	454.00
	1846.81	0.00	5.51	456.00
	1846.83	0.00	5.49	456.00
	1846.84	0.00	5.52	457.00
	1846.85	0.00	5.50	458.00
	1846.86	0.00	5.53	462.00
	1846.87	0.00	5.48	466.00
	1846.89	0.00	5.47	477.00
	1846.90	0.00	5.44	503.00
	1846.91	0.00	5.30	574.00
	1846.92	0.00	5.24	676.00
	1846.93	0.00	5.12	795.00
	1846.94	0.00	5.06	873.00
	1846.95	0.00	5.04	906.00
	1846.96	0.00	5.04	934.00
	1846.98	0.00	5.02	956.00
	1846.99	0.00	5.43	1036.00
	1847.00	0.00	5.45	1068.00
	1847.01	0.00	5.40	1097.00
	1847.02	0.00	5.46	1131.00
	1847.03	0.00	5.44	1135.00
	1847.05	0.00	5.44	1138.00
	1847.06	0.00	5.47	1139.00
	1847.07	0.00	5.51	1127.00
	1847.08	0.00	5.47	1099.00
	1847.09	0.00	5.63	1065.00
	1847.10	0.00	5.64	1028.00
	1847.12	0.00	5.70	992.00
	1847.13	0.00	6.21	1013.00
	1847.14	0.00	6.27	986.00
	1847.15	0.00	6.34	963.00
	1847.16	0.00	6.38	933.00
	1847.17	0.00	6.43	911.00
	1847.19	0.00	6.47	889.00
	1847.20	0.00	6.53	867.00
	1847.21	0.00	6.60	846.00
	1847.22	0.00	6.64	829.00
	1847.23	0.00	6.70	809.00
	1847.24	0.00	6.74	800.00
	1847.26	0.00	6.79	787.00
	1847.27	0.00	6.85	770.00
	1847.28	0.00	6.94	753.00
	1847.29	0.00	6.97	746.00
	1847.30	0.00	7.00	743.00
	1847.31	0.00	7.04	731.00
	1847.32	0.00	7.11	727.00
	1847.34	0.00	7.92	778.00
	1847.35	0.00	7.91	774.00
	1847.36	0.00	8.11	747.00
	1847.37	0.00	8.16	753.00
	1847.38	0.00	8.21	756.00
	1847.39	0.00	8.34	764.00
	1847.41	0.00	8.08	715.00
	1847.42	0.00	8.14	716.00
	1847.43	0.00	8.18	718.00
	1847.44	0.00	8.32	728.00
	1847.45	0.00	8.47	730.00
	1847.46	0.00	8.62	734.00
	1847.47	0.00	8.58	734.00
	1847.49	0.00	8.66	737.00
	1847.50	0.00	8.51	725.00
	1847.51	0.00	8.36	707.00
	1847.52	0.00	8.22	691.00
	1847.53	0.00	7.65	646.00
	1847.54	0.00	7.37	614.00
	1847.56	0.00	7.22	594.00
	1847.57	0.00	7.15	574.00
	1847.58	0.00	6.49	513.00
	1847.59	0.00	5.39	458.00
	1847.60	0.00	5.39	457.00
	1847.61	0.00	5.40	457.00
	1847.63	0.00	5.43	463.00
	1847.64	0.00	5.43	465.00
	1847.65	0.00	5.56	470.00
	1847.66	0.00	5.57	469.00
	1847.67	0.00	5.56	465.00
	1847.68	0.00	5.52	474.00
	1847.69	0.00	5.50	475.00
	1847.71	0.00	5.52	475.00
	1847.72	0.00	5.52	474.00
	1847.73	0.00	5.53	473.00
	1847.74	0.00	5.51	473.00
	1847.75	0.00	5.54	474.00
	1847.76	0.00	5.54	474.00
	1847.78	0.00	5.56	470.00
	1847.79	0.00	5.56	473.00
	1847.80	0.00	5.55	474.00
	1847.81	0.00	5.55	472.00
	1847.82	0.00	5.54	472.00
	1847.83	0.00	5.64	473.00
	1847.84	0.00	5.64	472.00
	1847.86	0.00	5.64	471.00
	1847.87	0.00	5.57	475.00
	1847.88	0.00	5.59	475.00
	1847.89	0.00	5.58	474.00
	1847.90	0.00	5.55	472.00
	1847.91	0.00	5.58	473.00
	1847.93	0.00	5.64	475.00
	1847.94	0.00	5.63	473.00
	1847.95	0.00	5.64	474.00
	1847.96	0.00	5.65	472.00
	1847.97	0.00	5.62	473.00
	1847.98	0.00	5.64	474.00
	1847.99	0.00	5.62	473.00
	1848.01	0.00	5.64	474.00
	1848.02	0.00	5.64	474.00
	1848.03	0.00	5.60	481.00
	1848.04	0.00	5.57	499.00
	1848.05	0.00	5.44	564.00
	1848.06	0.00	5.20	726.00
	1848.07	0.00	5.07	873.00
	1848.09	0.00	5.02	947.00
	1848.10	0.00	5.03	972.00
	1848.11	0.00	5.03	979.00
	1848.12	0.00	5.56	1050.00
	1848.13	0.00	5.53	1061.00
	1848.14	0.00	5.55	1077.00
	1848.16	0.00	5.61	1102.00
	1848.17	0.00	5.65	1113.00
	1848.18	0.00	5.70	1112.00
	1848.19	0.00	5.74	1102.00
	1848.20	0.00	5.78	1086.00
	1848.21	0.00	5.81	1058.00
	1848.22	0.00	6.30	1080.00
	1848.24	0.00	6.37	1040.00
	1848.25	0.00	5.99	939.00
	1848.26	0.00	6.52	956.00
	1848.27	0.00	6.60	916.00
	1848.28	0.00	6.67	878.00
	1848.30	0.00	6.74	850.00
	1848.31	0.00	6.78	831.00
	1848.32	0.00	6.84	812.00
	1848.33	0.00	6.90	789.00
	1848.34	0.00	6.95	777.00
	1848.35	0.00	6.99	765.00
	1848.36	0.00	7.04	755.00
	1848.38	0.00	7.06	749.00
	1848.39	0.00	7.10	744.00
	1848.40	0.00	7.12	743.00
	1848.41	0.00	7.16	741.00
	1848.42	0.00	7.23	749.00
	1848.43	0.00	7.24	749.00
	1848.44	0.00	7.27	751.00
	1848.46	0.00	7.31	749.00
	1848.47	0.00	7.34	749.00
	1848.48	0.00	7.33	737.00
	1848.49	0.00	7.41	709.00
	1848.50	0.00	7.41	712.00
	1848.52	0.00	7.42	716.00
	1848.53	0.00	7.80	703.00
	1848.54	0.00	7.87	708.00
	1848.55	0.00	7.94	714.00
	1848.56	0.00	8.04	718.00
	1848.57	0.00	8.14	715.00
	1848.58	0.00	8.28	710.00
	1848.60	0.00	8.52	724.00
	1848.61	0.00	8.44	721.00
	1848.62	0.00	8.53	724.00
	1848.63	0.00	8.32	711.00
	1848.64	0.00	8.27	702.00
	1848.65	0.00	8.11	683.00
	1848.67	0.00	7.90	665.00
	1848.68	0.00	7.71	632.00
	1848.69	0.00	7.58	554.00
	1848.70	0.00	7.41	588.00
	1848.71	0.00	6.72	523.00
	1848.72	0.00	6.69	516.00
	1848.73	0.00	5.60	465.00
	1848.75	0.00	5.60	464.00
	1848.76	0.00	5.52	475.00
	1848.77	0.00	5.53	481.00
	1848.78	0.00	5.52	483.00
	1848.79	0.00	5.53	481.00
	1848.80	0.00	5.52	480.00
	1848.81	0.00	5.54	482.00
	1848.83	0.00	5.55	480.00
	1848.84	0.00	5.55	479.00
	1848.85	0.00	5.56	481.00
	1848.86	0.00	5.54	479.00
	1848.87	0.00	5.56	480.00
	1848.89	0.00	5.57	477.00
	1848.90	0.00	5.58	479.00
	1848.91	0.00	5.56	479.00
	1848.92	0.00	5.58	478.00
	1848.93	0.00	5.57	475.00
	1848.94	0.00	5.49	472.00
	1848.95	0.00	5.49	471.00
	1848.96	0.00	5.50	467.00
	1848.98	0.00	5.52	462.00
	1848.99	0.00	5.57	463.00
	1849.00	0.00	5.53	465.00
	1849.01	0.00	5.53	466.00
	1849.02	0.00	5.54	465.00
	1849.03	0.00	5.54	465.00
	1849.05	0.00	5.54	465.00
	1849.06	0.00	5.54	466.00
	1849.07	0.00	5.51	466.00
	1849.08	0.00	5.50	466.00
	1849.09	0.00	5.51	465.00
	1849.10	0.00	5.52	467.00
	1849.11	0.00	5.54	465.00
	1849.13	0.00	5.52	466.00
	1849.14	0.00	5.53	469.00
	1849.15	0.00	5.53	471.00
	1849.16	0.00	5.54	474.00
	1849.17	0.00	5.50	488.00
	1849.18	0.00	5.46	531.00
	1849.19	0.00	5.26	666.00
	1849.21	0.00	5.09	842.00
	1849.22	0.00	5.04	933.00
	1849.23	0.00	5.02	972.00
	1849.24	0.00	5.02	976.00
	1849.25	0.00	5.05	971.00
	1849.27	0.00	5.49	1031.00
	1849.28	0.00	5.47	1056.00
	1849.29	0.00	5.51	1088.00
	1849.30	0.00	5.52	1110.00
	1849.31	0.00	5.50	1114.00
	1849.32	0.00	5.49	1106.00
	1849.33	0.00	5.51	1102.00
	1849.35	0.00	5.53	1093.00
	1849.36	0.00	5.56	1080.00
	1849.37	0.00	5.59	1061.00
	1849.38	0.00	5.66	1042.00
	1849.39	0.00	5.70	1020.00
	1849.40	0.00	5.75	996.00
	1849.42	0.00	5.82	972.00
	1849.43	0.00	5.91	947.00
	1849.44	0.00	5.98	929.00
	1849.45	0.00	6.09	901.00
	1849.46	0.00	6.21	873.00
	1849.47	0.00	6.32	851.00
	1849.48	0.00	6.44	832.00
	1849.50	0.00	6.51	809.00
	1849.51	0.00	6.59	799.00
	1849.52	0.00	6.66	787.00
	1849.53	0.00	6.68	779.00
	1849.54	0.00	6.70	769.00
	1849.55	0.00	6.70	763.00
	1849.57	0.00	6.70	756.00
	1849.58	0.00	6.65	748.00
	1849.59	0.00	6.59	732.00
	1849.60	0.00	6.59	719.00
	1849.61	0.00	6.55	706.00
	1849.62	0.00	6.50	688.00
	1849.64	0.00	6.94	720.00
	1849.65	0.00	7.02	714.00
	1849.66	0.00	7.09	715.00
	1849.67	0.00	7.20	701.00
	1849.68	0.00	8.03	752.00
	1849.69	0.00	8.14	767.00
	1849.70	0.00	8.17	763.00
	1849.72	0.00	7.80	701.00
	1849.73	0.00	7.82	694.00
	1849.74	0.00	7.79	695.00
	1849.75	0.00	7.92	692.00
	1849.76	0.00	7.91	687.00
	1849.78	0.00	7.96	686.00
	1849.79	0.00	7.92	677.00
	1849.80	0.00	7.92	673.00
	1849.81	0.00	7.78	656.00
	1849.82	0.00	7.56	631.00
	1849.83	0.00	7.32	600.00
	1849.84	0.00	7.29	583.00
	1849.86	0.00	6.69	524.00
	1849.87	0.00	6.48	508.00
	1849.88	0.00	6.47	508.00
	1849.89	0.00	5.42	407.00
	1849.90	0.00	5.46	408.00
	1849.91	0.00	5.45	465.00
	1849.93	0.00	5.45	464.00
	1849.94	0.00	5.47	463.00
	1849.95	0.00	5.57	467.00
	1849.96	0.00	5.57	467.00
	1849.97	0.00	5.54	465.00
	1849.98	0.00	5.56	465.00
	1849.99	0.00	5.55	471.00
	1850.01	0.00	5.54	469.00
	1850.02	0.00	5.53	468.00
	1850.03	0.00	5.56	471.00
	1850.04	0.00	5.56	468.00
	1850.05	0.00	5.54	468.00
	1850.06	0.00	5.58	468.00
	1850.07	0.00	5.57	468.00
	1850.09	0.00	5.55	469.00
	1850.10	0.00	5.50	469.00
	1850.11	0.00	5.50	469.00
	1850.12	0.00	5.61	471.00
	1850.13	0.00	5.62	471.00
	1850.14	0.00	5.64	471.00
	1850.16	0.00	5.63	470.00
	1850.17	0.00	5.64	469.00
	1850.18	0.00	5.64	472.00
	1850.19	0.00	5.62	474.00
	1850.20	0.00	5.63	473.00
	1850.21	0.00	5.61	472.00
	1850.22	0.00	5.63	473.00
	1850.24	0.00	5.62	472.00
	1850.25	0.00	5.62	473.00
	1850.26	0.00	5.61	473.00
	1850.27	0.00	5.63	473.00
	1850.28	0.00	5.63	470.00
	1850.29	0.00	5.63	470.00
	1850.31	0.00	5.62	476.00
	1850.32	0.00	5.60	485.00
	1850.33	0.00	5.55	506.00
	1850.34	0.00	5.39	583.00
	1850.35	0.00	5.17	747.00
	1850.36	0.00	5.05	893.00
	1850.38	0.00	4.99	977.00
	1850.39	0.00	5.01	1005.00
	1850.40	0.00	5.45	1075.00
	1850.41	0.00	5.60	1097.00
	1850.42	0.00	5.62	1111.00
	1850.43	0.00	5.64	1130.00
	1850.44	0.00	5.68	1150.00
	1850.46	0.00	5.69	1156.00
	1850.47	0.00	5.72	1155.00
	1850.48	0.00	5.76	1143.00
	1850.49	0.00	5.78	1120.00
	1850.50	0.00	5.82	1092.00
	1850.51	0.00	5.87	1060.00
	1850.53	0.00	5.77	996.00
	1850.54	0.00	5.80	957.00
	1850.55	0.00	5.86	925.00
	1850.56	0.00	6.33	937.00
	1850.57	0.00	6.35	909.00
	1850.58	0.00	6.41	885.00
	1850.59	0.00	6.47	862.00
	1850.61	0.00	6.52	847.00
	1850.62	0.00	6.21	785.00
	1850.63	0.00	6.80	847.00
	1850.64	0.00	6.84	843.00
	1850.65	0.00	6.87	833.00
	1850.66	0.00	6.74	804.00
	1850.68	0.00	6.82	806.00
	1850.69	0.00	6.97	832.00
	1850.70	0.00	7.00	840.00
	1850.71	0.00	7.02	849.00
	1850.72	0.00	7.04	856.00
	1850.73	0.00	7.05	854.00
	1850.75	0.00	7.09	854.00
	1850.76	0.00	7.15	849.00
	1850.77	0.00	7.24	834.00
	1850.78	0.00	7.33	817.00
	1850.79	0.00	7.42	805.00
	1850.80	0.00	7.46	791.00
	1850.81	0.00	7.43	774.00
	1850.83	0.00	7.89	763.00
	1850.84	0.00	8.07	746.00
	1850.85	0.00	8.16	738.00
	1850.86	0.00	8.45	761.00
	1850.87	0.00	8.52	767.00
	1850.88	0.00	8.61	774.00
	1850.90	0.00	8.71	774.00
	1850.91	0.00	8.70	781.00
	1850.92	0.00	8.77	778.00
	1850.93	0.00	8.88	772.00
	1850.94	0.00	8.89	760.00
	1850.95	0.00	8.60	734.00
	1850.96	0.00	8.36	709.00
	1850.98	0.00	8.11	678.00
	1850.99	0.00	7.85	653.00
	1851.00	0.00	7.56	627.00
	1851.01	0.00	7.45	604.00
	1851.02	0.00	7.42	589.00
	1851.03	0.00	6.83	530.00
	1851.05	0.00	6.81	522.00
	1851.06	0.00	5.63	465.00
	1851.07	0.00	5.63	466.00
	1851.08	0.00	5.59	474.00
	1851.09	0.00	5.56	482.00
	1851.10	0.00	5.56	490.00
	1851.11	0.00	5.56	488.00
	1851.13	0.00	5.51	487.00
	1851.14	0.00	5.52	487.00
	1851.15	0.00	5.52	488.00
	1851.16	0.00	5.52	487.00
	1851.17	0.00	5.52	482.00
	1851.19	0.00	5.56	480.00
	1851.20	0.00	5.57	477.00
	1851.21	0.00	5.57	478.00
	1851.22	0.00	5.57	476.00
	1851.23	0.00	5.57	476.00
	1851.24	0.00	5.57	475.00
	1851.25	0.00	5.58	477.00
	1851.27	0.00	5.55	478.00
	1851.28	0.00	5.60	477.00
	1851.29	0.00	5.58	477.00
	1851.30	0.00	5.59	476.00
	1851.31	0.00	5.60	475.00
	1851.32	0.00	5.58	474.00
	1851.33	0.00	5.52	469.00
	1851.34	0.00	5.53	468.00
	1851.36	0.00	5.54	468.00
	1851.37	0.00	5.54	462.00
	1851.38	0.00	5.54	462.00
	1851.39	0.00	5.56	463.00
	1851.40	0.00	5.57	464.00
	1851.41	0.00	5.56	464.00
	1851.43	0.00	5.58	466.00
	1851.44	0.00	5.57	465.00
	1851.45	0.00	5.58	467.00
	1851.46	0.00	5.58	469.00
	1851.47	0.00	5.58	471.00
	1851.48	0.00	5.60	472.00
	1851.50	0.00	5.60	472.00
	1851.51	0.00	5.59	473.00
	1851.52	0.00	5.60	474.00
	1851.53	0.00	5.60	473.00
	1851.54	0.00	5.56	494.00
	1851.55	0.00	5.50	529.00
	1851.56	0.00	5.28	645.00
	1851.58	0.00	5.11	800.00
	1851.59	0.00	5.02	920.00
	1851.60	0.00	5.00	970.00
	1851.61	0.00	5.00	980.00
	1851.62	0.00	5.40	1034.00
	1851.63	0.00	5.04	990.00
	1851.64	0.00	5.46	1051.00
	1851.66	0.00	5.47	1059.00
	1851.67	0.00	5.49	1070.00
	1851.68	0.00	5.50	1067.00
	1851.69	0.00	5.52	1059.00
	1851.70	0.00	5.53	1043.00
	1851.71	0.00	5.55	1027.00
	1851.73	0.00	6.02	1058.00
	1851.74	0.00	6.09	1031.00
	1851.75	0.00	6.14	1005.00
	1851.76	0.00	6.19	968.00
	1851.77	0.00	6.19	930.00
	1851.79	0.00	6.27	912.00
	1851.80	0.00	6.31	889.00
	1851.81	0.00	6.35	873.00
	1851.82	0.00	6.36	863.00
	1851.83	0.00	6.37	851.00
	1851.84	0.00	6.41	840.00
	1851.85	0.00	6.45	834.00
	1851.87	0.00	6.45	824.00
	1851.88	0.00	6.48	820.00
	1851.89	0.00	6.50	815.00
	1851.90	0.00	6.52	815.00
	1851.91	0.00	6.56	813.00
	1851.92	0.00	6.58	811.00
	1851.94	0.00	6.59	804.00
	1851.95	0.00	6.66	803.00
	1851.96	0.00	6.69	791.00
	1851.97	0.00	6.64	774.00
	1851.98	0.00	6.79	758.00
	1851.99	0.00	6.85	748.00
	1852.01	0.00	7.00	751.00
	1852.02	0.00	7.08	748.00
	1852.03	0.00	7.10	739.00
	1852.04	0.00	7.06	732.00
	1852.05	0.00	7.02	721.00
	1852.06	0.00	7.10	687.00
	1852.07	0.00	7.21	689.00
	1852.09	0.00	7.20	701.00
	1852.10	0.00	7.25	702.00
	1852.11	0.00	7.92	743.00
	1852.12	0.00	7.93	740.00
	1852.13	0.00	7.47	659.00
	1852.14	0.00	7.56	658.00
	1852.16	0.00	7.53	653.00
	1852.17	0.00	7.56	650.00
	1852.18	0.00	7.54	647.00
	1852.19	0.00	7.49	636.00
	1852.20	0.00	7.49	635.00
	1852.21	0.00	7.46	627.00
	1852.22	0.00	7.40	618.00
	1852.24	0.00	7.29	606.00
	1852.25	0.00	6.84	550.00
	1852.26	0.00	7.02	550.00
	1852.27	0.00	6.83	531.00
	1852.28	0.00	6.66	518.00
	1852.30	0.00	5.45	459.00
	1852.31	0.00	5.44	460.00
	1852.32	0.00	5.43	463.00
	1852.33	0.00	5.47	467.00
	1852.34	0.00	5.49	466.00
	1852.35	0.00	5.48	464.00
	1852.36	0.00	5.50	412.00
	1852.38	0.00	5.50	463.00
	1852.39	0.00	5.49	463.00
	1852.40	0.00	5.50	463.00
	1852.41	0.00	5.59	468.00
	1852.42	0.00	5.58	466.00
	1852.43	0.00	5.59	465.00
	1852.44	0.00	5.59	465.00
	1852.46	0.00	5.57	472.00
	1852.47	0.00	5.58	470.00
	1852.48	0.00	5.51	466.00
	1852.49	0.00	5.59	468.00
	1852.50	0.00	5.59	468.00
	1852.51	0.00	5.59	466.00
	1852.53	0.00	5.60	467.00
	1852.54	0.00	5.60	465.00
	1852.55	0.00	5.60	468.00
	1852.56	0.00	5.60	468.00
	1852.57	0.00	5.59	467.00
	1852.58	0.00	5.67	471.00
	1852.59	0.00	5.67	470.00
	1852.61	0.00	5.69	469.00
	1852.62	0.00	5.68	468.00
	1852.63	0.00	5.69	467.00
	1852.64	0.00	5.67	472.00
	1852.65	0.00	5.67	471.00
	1852.66	0.00	5.68	471.00
	1852.68	0.00	5.63	472.00
	1852.69	0.00	5.67	470.00
	1852.70	0.00	5.68	469.00
	1852.71	0.00	5.65	469.00
	1852.72	0.00	5.67	470.00
	1852.73	0.00	5.66	472.00
	1852.74	0.00	5.67	472.00
	1852.76	0.00	5.65	471.00
	1852.77	0.00	5.67	472.00
	1852.78	0.00	5.64	472.00
	1852.79	0.00	5.64	472.00
	1852.80	0.00	5.62	486.00
	1852.81	0.00	5.54	517.00
	1852.82	0.00	5.31	634.00
	1852.84	0.00	5.13	780.00
	1852.85	0.00	5.07	881.00
	1852.86	0.00	5.04	931.00
	1852.87	0.00	5.03	965.00
	1852.88	0.00	5.03	987.00
	1852.89	0.00	5.02	1028.00
	1852.91	0.00	5.01	1071.00
	1852.92	0.00	5.44	1179.00
	1852.93	0.00	5.46	1208.00
	1852.94	0.00	5.47	1220.00
	1852.95	0.00	5.50	1227.00
	1852.96	0.00	5.52	1225.00
	1852.97	0.00	5.53	1214.00
	1852.99	0.00	5.54	1203.00
	1853.00	0.00	5.53	1176.00
	1853.01	0.00	5.58	1142.00
	1853.02	0.00	5.62	1098.00
	1853.03	0.00	5.68	1058.00
	1853.05	0.00	5.71	1026.00
	1853.06	0.00	5.75	989.00
	1853.07	0.00	5.80	948.00
	1853.08	0.00	5.87	911.00
	1853.09	0.00	5.92	880.00
	1853.10	0.00	5.95	855.00
	1853.11	0.00	6.45	882.00
	1853.13	0.00	6.49	867.00
	1853.14	0.00	6.51	857.00
	1853.15	0.00	6.56	856.00
	1853.16	0.00	6.60	848.00
	1853.17	0.00	6.63	843.00
	1853.18	0.00	6.67	839.00
	1853.20	0.00	6.71	832.00
	1853.21	0.00	6.76	829.00
	1853.22	0.00	6.82	818.00
	1853.23	0.00	6.89	818.00
	1853.24	0.00	6.99	816.00
	1853.25	0.00	6.99	799.00
	1853.26	0.00	6.66	735.00
	1853.28	0.00	6.76	729.00
	1853.29	0.00	6.86	724.00
	1853.30	0.00	6.93	709.00
	1853.31	0.00	7.81	758.00
	1853.32	0.00	7.92	757.00
	1853.33	0.00	8.05	763.00
	1853.34	0.00	8.13	769.00
	1853.36	0.00	8.29	765.00
	1853.37	0.00	8.35	770.00
	1853.38	0.00	8.44	766.00
	1853.39	0.00	8.52	785.00
	1853.40	0.00	8.55	794.00
	1853.42	0.00	8.65	797.00
	1853.43	0.00	8.73	799.00
	1853.44	0.00	8.77	776.00
	1853.45	0.00	8.75	764.00
	1853.46	0.00	8.53	742.00
	1853.47	0.00	8.27	715.00
	1853.48	0.00	7.96	683.00
	1853.50	0.00	7.71	655.00
	1853.51	0.00	7.42	624.00
	1853.52	0.00	7.39	605.00
	1853.53	0.00	7.27	584.00
	1853.54	0.00	6.58	520.00
	1853.55	0.00	5.46	471.00
	1853.56	0.00	5.47	479.00
	1853.58	0.00	5.43	500.00
	1853.59	0.00	5.43	505.00
	1853.60	0.00	5.43	501.00
	1853.61	0.00	5.42	504.00
	1853.62	0.00	5.43	502.00
	1853.64	0.00	5.45	495.00
	1853.65	0.00	5.48	494.00
	1853.66	0.00	5.51	491.00
	1853.67	0.00	5.54	487.00
	1853.68	0.00	5.55	483.00
	1853.69	0.00	5.57	482.00
	1853.70	0.00	5.58	481.00
	1853.72	0.00	5.52	479.00
	1853.73	0.00	5.53	476.00
	1853.74	0.00	5.52	475.00
	1853.75	0.00	5.52	476.00
	1853.76	0.00	5.53	474.00
	1853.77	0.00	5.53	474.00
	1853.79	0.00	5.53	472.00
	1853.80	0.00	5.54	472.00
	1853.81	0.00	5.56	473.00
	1853.82	0.00	5.55	473.00
	1853.83	0.00	5.56	473.00
	1853.84	0.00	5.57	472.00
	1853.85	0.00	5.56	473.00
	1853.86	0.00	5.55	472.00
	1853.88	0.00	5.57	471.00
	1853.89	0.00	5.57	473.00
	1853.90	0.00	5.58	468.00
	1853.91	0.00	5.59	467.00
	1853.92	0.00	5.58	467.00
	1853.93	0.00	5.46	464.00
	1853.95	0.00	5.48	464.00
	1853.96	0.00	5.47	465.00
	1853.97	0.00	5.50	462.00
	1853.98	0.00	5.49	462.00
	1853.99	0.00	5.50	464.00
	1854.00	0.00	5.51	466.00
	1854.02	0.00	5.51	466.00
	1854.03	0.00	5.50	467.00
	1854.04	0.00	5.51	475.00
	1854.05	0.00	5.42	509.00
	1854.06	0.00	5.23	626.00
	1854.07	0.00	4.83	909.00
	1854.08	0.00	4.86	1046.00
	1854.10	0.00	4.89	1089.00
	1854.11	0.00	4.87	1106.00
	1854.12	0.00	4.88	1136.00
	1854.13	0.00	4.87	1182.00
	1854.14	0.00	4.87	1220.00
	1854.15	0.00	4.85	1236.00
	1854.17	0.00	5.30	1311.00
	1854.18	0.00	5.38	1307.00
	1854.19	0.00	5.78	1345.00
	1854.20	0.00	5.86	1337.00
	1854.21	0.00	5.91	1311.00
	1854.22	0.00	5.95	1281.00
	1854.23	0.00	6.00	1244.00
	1854.25	0.00	6.06	1201.00
	1854.26	0.00	6.12	1164.00
	1854.27	0.00	6.17	1115.00
	1854.28	0.00	6.26	1070.00
	1854.29	0.00	6.30	1030.00
	1854.31	0.00	6.35	978.00
	1854.32	0.00	6.44	927.00
	1854.33	0.00	6.51	867.00
	1854.34	0.00	6.57	821.00
	1854.35	0.00	6.65	776.00
	1854.36	0.00	6.71	740.00
	1854.37	0.00	6.76	718.00
	1854.39	0.00	6.79	705.00
	1854.40	0.00	6.81	691.00
	1854.41	0.00	6.78	678.00
	1854.42	0.00	6.45	628.00
	1854.43	0.00	6.56	629.00
	1854.44	0.00	6.65	632.00
	1854.45	0.00	7.51	684.00
	1854.47	0.00	7.61	695.00
	1854.48	0.00	7.71	705.00
	1854.49	0.00	7.89	713.00
	1854.50	0.00	7.97	721.00
	1854.51	0.00	8.19	719.00
	1854.53	0.00	8.30	731.00
	1854.54	0.00	8.40	737.00
	1854.55	0.00	8.49	742.00
	1854.56	0.00	8.62	752.00
	1854.57	0.00	8.69	757.00
	1854.58	0.00	8.80	765.00
	1854.59	0.00	8.83	756.00
	1854.61	0.00	8.77	750.00
	1854.62	0.00	8.66	739.00
	1854.63	0.00	8.40	710.00
	1854.64	0.00	8.16	683.00
	1854.65	0.00	8.00	662.00
	1854.66	0.00	7.88	646.00
	1854.68	0.00	7.82	629.00
	1854.69	0.00	7.53	597.00
	1854.70	0.00	7.23	572.00
	1854.71	0.00	5.37	460.00
	1854.72	0.00	5.38	464.00
	1854.73	0.00	5.37	475.00
	1854.74	0.00	5.41	475.00
	1854.76	0.00	5.43	476.00
	1854.77	0.00	5.41	475.00
	1854.78	0.00	5.44	470.00
	1854.79	0.00	5.45	470.00
	1854.80	0.00	5.46	468.00
	1854.81	0.00	5.46	471.00
	1854.82	0.00	5.46	470.00
	1854.84	0.00	5.43	467.00
	1854.85	0.00	5.43	468.00
	1854.86	0.00	5.53	471.00
	1854.87	0.00	5.51	469.00
	1854.88	0.00	5.50	470.00
	1854.90	0.00	5.52	472.00
	1854.91	0.00	5.50	474.00
	1854.92	0.00	5.50	472.00
	1854.93	0.00	5.51	471.00
	1854.94	0.00	5.49	468.00
	1854.95	0.00	5.53	465.00
	1854.96	0.00	5.53	462.00
	1854.97	0.00	5.52	457.00
	1854.99	0.00	5.53	459.00
	1855.00	0.00	5.54	458.00
	1855.01	0.00	5.53	411.00
	1855.02	0.00	5.53	462.00
	1855.03	0.00	5.54	462.00
	1855.04	0.00	5.54	463.00
	1855.06	0.00	5.53	464.00
	1855.07	0.00	5.52	463.00
	1855.08	0.00	5.53	460.00
	1855.09	0.00	5.53	459.00
	1855.10	0.00	5.54	459.00
	1855.11	0.00	5.61	464.00
	1855.12	0.00	5.61	464.00
	1855.14	0.00	5.61	463.00
	1855.15	0.00	5.62	464.00
	1855.16	0.00	5.62	464.00
	1855.17	0.00	5.63	465.00
	1855.18	0.00	5.58	473.00
	1855.19	0.00	5.54	502.00
	1855.20	0.00	5.33	608.00
	1855.22	0.00	5.10	809.00
	1855.23	0.00	5.00	941.00
	1855.24	0.00	5.03	949.00
	1855.25	0.00	5.03	943.00
	1855.26	0.00	5.07	961.00
	1855.28	0.00	5.05	1018.00
	1855.29	0.00	5.03	1088.00
	1855.30	0.00	5.50	1172.00
	1855.31	0.00	5.57	1190.00
	1855.32	0.00	5.65	1198.00
	1855.33	0.00	5.71	1190.00
	1855.34	0.00	5.78	1172.00
	1855.35	0.00	5.86	1144.00
	1855.37	0.00	5.96	1111.00
	1855.38	0.00	6.04	1070.00
	1855.39	0.00	6.11	1015.00
	1855.40	0.00	6.18	961.00
	1855.41	0.00	6.26	903.00
	1855.43	0.00	6.36	845.00
	1855.44	0.00	6.47	780.00
	1855.45	0.00	6.59	723.00
	1855.46	0.00	6.65	689.00
	1855.47	0.00	6.65	665.00
	1855.48	0.00	6.58	637.00
	1855.50	0.00	6.54	623.00
	1855.51	0.00	6.46	605.00
	1855.52	0.00	6.36	591.00
	1855.53	0.00	6.31	581.00
	1855.54	0.00	6.30	555.00
	1855.55	0.00	6.30	540.00
	1855.56	0.00	5.65	487.00
	1855.58	0.00	5.68	487.00
	1855.59	0.00	6.71	537.00
	1855.60	0.00	6.79	541.00
	1855.61	0.00	6.77	541.00
	1855.62	0.00	7.35	591.00
	1855.63	0.00	7.38	591.00
	1855.65	0.00	7.43	596.00
	1855.66	0.00	7.50	606.00
	1855.67	0.00	7.59	616.00
	1855.68	0.00	7.76	632.00
	1855.69	0.00	7.87	646.00
	1855.70	0.00	8.11	666.00
	1855.71	0.00	8.24	681.00
	1855.73	0.00	8.31	697.00
	1855.74	0.00	8.40	706.00
	1855.75	0.00	8.42	714.00
	1855.76	0.00	8.42	720.00
	1855.77	0.00	8.43	719.00
	1855.78	0.00	8.42	657.00
	1855.80	0.00	8.20	696.00
	1855.81	0.00	8.32	640.00
	1855.82	0.00	8.16	619.00
	1855.83	0.00	8.10	601.00
	1855.84	0.00	7.94	576.00
	1855.85	0.00	7.72	546.00
	1855.86	0.00	6.88	475.00
	1855.88	0.00	5.61	413.00
	1855.89	0.00	5.56	463.00
	1855.90	0.00	5.52	462.00
	1855.91	0.00	5.56	467.00
	1855.92	0.00	5.58	466.00
	1855.93	0.00	5.56	466.00
	1855.94	0.00	5.58	462.00
	1855.96	0.00	5.59	461.00
	1855.97	0.00	5.60	466.00
	1855.98	0.00	5.58	466.00
	1855.99	0.00	5.63	462.00
	1856.00	0.00	5.54	463.00
	1856.02	0.00	5.50	462.00
	1856.03	0.00	5.55	463.00
	1856.04	0.00	5.53	463.00
	1856.05	0.00	5.54	463.00
	1856.06	0.00	5.54	463.00
	1856.07	0.00	5.54	462.00
	1856.08	0.00	5.56	463.00
	1856.09	0.00	5.56	461.00
	1856.11	0.00	5.55	462.00
	1856.12	0.00	5.56	457.00
	1856.13	0.00	5.55	461.00
	1856.14	0.00	5.55	460.00
	1856.15	0.00	5.56	460.00
	1856.16	0.00	5.56	460.00
	1856.18	0.00	5.56	460.00
	1856.19	0.00	5.55	460.00
	1856.20	0.00	5.51	455.00
	1856.21	0.00	5.52	458.00
	1856.22	0.00	5.48	455.00
	1856.23	0.00	5.53	456.00
	1856.25	0.00	5.51	456.00
	1856.26	0.00	5.52	455.00
	1856.27	0.00	5.53	455.00
	1856.28	0.00	5.52	454.00
	1856.29	0.00	5.52	454.00
	1856.30	0.00	5.54	454.00
	1856.31	0.00	5.56	455.00
	1856.32	0.00	5.55	455.00
	1856.34	0.00	5.55	456.00
	1856.35	0.00	5.55	455.00
	1856.36	0.00	5.57	457.00
	1856.37	0.00	5.55	462.00
	1856.38	0.00	5.47	496.00
	1856.40	0.00	5.25	631.00
	1856.41	0.00	5.02	854.00
	1856.42	0.00	4.96	976.00
	1856.43	0.00	4.97	1000.00
	1856.44	0.00	4.99	994.00
	1856.45	0.00	4.98	1000.00
	1856.46	0.00	4.96	1039.00
	1856.48	0.00	4.98	1106.00
	1856.49	0.00	4.97	1125.00
	1856.50	0.00	5.39	1192.00
	1856.51	0.00	5.41	1202.00
	1856.52	0.00	5.80	1254.00
	1856.53	0.00	5.88	1251.00
	1856.55	0.00	5.93	1242.00
	1856.56	0.00	5.71	1176.00
	1856.57	0.00	5.77	1158.00
	1856.58	0.00	5.83	1135.00
	1856.59	0.00	5.88	1109.00
	1856.60	0.00	5.92	1083.00
	1856.61	0.00	6.02	1051.00
	1856.63	0.00	6.10	1022.00
	1856.64	0.00	6.20	987.00
	1856.65	0.00	6.28	955.00
	1856.66	0.00	6.38	920.00
	1856.67	0.00	6.48	881.00
	1856.69	0.00	6.59	833.00
	1856.70	0.00	6.71	795.00
	1856.71	0.00	7.60	805.00
	1856.72	0.00	7.73	767.00
	1856.73	0.00	7.82	742.00
	1856.74	0.00	7.94	738.00
	1856.75	0.00	7.96	726.00
	1856.77	0.00	8.09	728.00
	1856.78	0.00	8.17	729.00
	1856.79	0.00	8.25	731.00
	1856.80	0.00	8.26	730.00
	1856.81	0.00	8.36	733.00
	1856.82	0.00	8.36	728.00
	1856.83	0.00	8.45	732.00
	1856.85	0.00	8.50	735.00
	1856.86	0.00	8.52	736.00
	1856.87	0.00	8.55	734.00
	1856.88	0.00	8.63	729.00
	1856.89	0.00	8.69	737.00
	1856.90	0.00	8.68	724.00
	1856.92	0.00	8.69	721.00
	1856.93	0.00	8.66	716.00
	1856.94	0.00	8.62	707.00
	1856.95	0.00	8.53	696.00
	1856.96	0.00	8.44	687.00
	1856.97	0.00	8.29	603.00
	1856.98	0.00	8.01	636.00
	1857.00	0.00	7.81	617.00
	1857.01	0.00	7.75	607.00
	1857.02	0.00	7.57	587.00
	1857.03	0.00	6.86	526.00
	1857.04	0.00	6.69	462.00
	1857.05	0.00	5.40	406.00
	1857.06	0.00	5.41	457.00
	1857.08	0.00	5.40	457.00
	1857.09	0.00	5.40	458.00
	1857.10	0.00	5.42	457.00
	1857.11	0.00	5.52	460.00
	1857.12	0.00	5.52	460.00
	1857.13	0.00	5.54	459.00
	1857.15	0.00	5.54	464.00
	1857.16	0.00	5.52	465.00
	1857.17	0.00	5.52	465.00
	1857.18	0.00	5.53	465.00
	1857.19	0.00	5.53	463.00
	1857.20	0.00	5.53	464.00
	1857.21	0.00	5.53	463.00
	1857.23	0.00	5.54	464.00
	1857.24	0.00	5.54	464.00
	1857.25	0.00	5.53	462.00
	1857.26	0.00	5.60	465.00
	1857.27	0.00	5.59	465.00
	1857.28	0.00	5.58	463.00
	1857.30	0.00	5.56	461.00
	1857.31	0.00	5.55	461.00
	1857.32	0.00	5.55	466.00
	1857.33	0.00	5.55	466.00
	1857.34	0.00	5.55	466.00
	1857.35	0.00	5.53	464.00
	1857.36	0.00	5.55	467.00
	1857.38	0.00	5.55	466.00
	1857.39	0.00	5.53	466.00
	1857.40	0.00	5.54	464.00
	1857.41	0.00	5.54	464.00
	1857.42	0.00	5.56	465.00
	1857.43	0.00	5.55	463.00
	1857.44	0.00	5.56	463.00
	1857.46	0.00	5.55	461.00
	1857.47	0.00	5.57	465.00
	1857.48	0.00	5.54	464.00
	1857.49	0.00	5.54	463.00
	1857.50	0.00	5.54	464.00
	1857.51	0.00	5.54	464.00
	1857.53	0.00	5.57	465.00
	1857.54	0.00	5.56	465.00
	1857.55	0.00	5.55	473.00
	1857.56	0.00	5.48	496.00
	1857.57	0.00	5.30	606.00
	1857.58	0.00	5.03	861.00
	1857.59	0.00	4.91	1054.00
	1857.61	0.00	4.92	1100.00
	1857.62	0.00	4.96	1080.00
	1857.63	0.00	4.98	1066.00
	1857.64	0.00	5.04	1095.00
	1857.65	0.00	5.07	1122.00
	1857.67	0.00	5.05	1138.00
	1857.68	0.00	5.07	1145.00
	1857.69	0.00	5.89	1237.00
	1857.70	0.00	5.98	1216.00
	1857.71	0.00	6.08	1182.00
	1857.72	0.00	6.19	1143.00
	1857.73	0.00	6.25	1097.00
	1857.75	0.00	6.32	1051.00
	1857.76	0.00	6.39	1004.00
	1857.77	0.00	6.44	966.00
	1857.78	0.00	6.47	930.00
	1857.79	0.00	6.47	893.00
	1857.81	0.00	6.50	852.00
	1857.82	0.00	6.59	822.00
	1857.83	0.00	6.67	786.00
	1857.84	0.00	6.38	697.00
	1857.85	0.00	6.42	671.00
	1857.86	0.00	6.42	655.00
	1857.87	0.00	6.45	640.00
	1857.89	0.00	6.37	627.00
	1857.90	0.00	6.36	619.00
	1857.91	0.00	6.43	610.00
	1857.92	0.00	6.44	590.00
	1857.93	0.00	6.51	574.00
	1857.94	0.00	6.48	573.00
	1857.95	0.00	6.51	570.00
	1857.97	0.00	6.54	569.00
	1857.98	0.00	6.57	569.00
	1857.99	0.00	6.58	567.00
	1858.00	0.00	6.58	567.00
	1858.01	0.00	6.60	567.00
	1858.03	0.00	6.67	573.00
	1858.04	0.00	6.74	581.00
	1858.05	0.00	6.86	593.00
	1858.06	0.00	7.82	655.00
	1858.07	0.00	7.98	673.00
	1858.08	0.00	8.10	683.00
	1858.09	0.00	8.29	705.00
	1858.11	0.00	8.48	722.00
	1858.12	0.00	8.61	742.00
	1858.13	0.00	8.76	753.00
	1858.14	0.00	8.93	767.00
	1858.15	0.00	9.06	782.00
	1858.16	0.00	9.10	787.00
	1858.18	0.00	9.10	789.00
	1858.19	0.00	9.05	786.00
	1858.20	0.00	9.00	717.00
	1858.21	0.00	8.69	688.00
	1858.22	0.00	8.24	698.00
	1858.23	0.00	8.08	611.00
	1858.25	0.00	7.80	641.00
	1858.26	0.00	7.66	617.00
	1858.27	0.00	7.43	584.00
	1858.28	0.00	6.75	520.00
	1858.29	0.00	5.58	463.00
	1858.30	0.00	5.56	463.00
	1858.31	0.00	5.54	465.00
	1858.33	0.00	5.54	466.00
	1858.34	0.00	5.53	467.00
	1858.35	0.00	5.54	466.00
	1858.36	0.00	5.55	465.00
	1858.37	0.00	5.56	463.00
	1858.38	0.00	5.57	464.00
	1858.40	0.00	5.58	465.00
	1858.41	0.00	5.58	464.00
	1858.42	0.00	5.60	463.00
	1858.43	0.00	5.56	462.00
	1858.44	0.00	5.53	464.00
	1858.45	0.00	5.52	468.00
	1858.46	0.00	5.52	465.00
	1858.48	0.00	5.53	465.00
	1858.49	0.00	5.51	460.00
	1858.50	0.00	5.55	458.00
	1858.51	0.00	5.54	458.00
	1858.52	0.00	5.54	459.00
	1858.53	0.00	5.54	458.00
	1858.55	0.00	5.55	460.00
	1858.56	0.00	5.56	461.00
	1858.57	0.00	5.52	461.00
	1858.58	0.00	5.50	460.00
	1858.59	0.00	5.53	460.00
	1858.60	0.00	5.55	460.00
	1858.61	0.00	5.55	461.00
	1858.63	0.00	5.56	460.00
	1858.64	0.00	5.47	457.00
	1858.65	0.00	5.48	458.00
	1858.66	0.00	5.48	458.00
	1858.67	0.00	5.49	454.00
	1858.68	0.00	5.49	454.00
	1858.69	0.00	5.49	454.00
	1858.71	0.00	5.50	453.00
	1858.72	0.00	5.50	454.00
	1858.73	0.00	5.51	455.00
	1858.74	0.00	5.50	454.00
	1858.75	0.00	5.51	455.00
	1858.76	0.00	5.52	454.00
	1858.78	0.00	5.52	455.00
	1858.79	0.00	5.52	455.00
	1858.80	0.00	5.52	455.00
	1858.81	0.00	5.52	455.00
	1858.82	0.00	5.52	455.00
	1858.83	0.00	5.50	470.00
	1858.84	0.00	5.37	532.00
	1858.85	0.00	5.09	738.00
	1858.87	0.00	4.71	1068.00
	1858.88	0.00	4.85	1130.00
	1858.89	0.00	4.88	1160.00
	1858.90	0.00	4.93	1145.00
	1858.91	0.00	4.96	1114.00
	1858.93	0.00	4.97	1124.00
	1858.94	0.00	4.96	1163.00
	1858.95	0.00	5.00	1196.00
	1858.96	0.00	5.00	1189.00
	1858.97	0.00	5.01	1180.00
	1858.98	0.00	5.42	1215.00
	1859.00	0.00	5.48	1193.00
	1859.01	0.00	5.50	1164.00
	1859.02	0.00	5.57	1132.00
	1859.03	0.00	5.62	1093.00
	1859.04	0.00	5.69	1046.00
	1859.05	0.00	5.73	998.00
	1859.06	0.00	5.78	954.00
	1859.08	0.00	5.84	909.00
	1859.09	0.00	5.93	858.00
	1859.10	0.00	6.04	798.00
	1859.11	0.00	6.11	737.00
	1859.12	0.00	6.18	702.00
	1859.13	0.00	7.04	724.00
	1859.15	0.00	7.12	710.00
	1859.16	0.00	7.18	699.00
	1859.17	0.00	7.12	683.00
	1859.18	0.00	7.19	680.00
	1859.19	0.00	7.24	676.00
	1859.20	0.00	7.23	679.00
	1859.21	0.00	7.25	679.00
	1859.23	0.00	7.30	681.00
	1859.24	0.00	7.32	677.00
	1859.25	0.00	7.30	679.00
	1859.26	0.00	7.33	682.00
	1859.27	0.00	7.41	697.00
	1859.28	0.00	7.42	710.00
	1859.30	0.00	7.38	720.00
	1859.31	0.00	7.36	729.00
	1859.32	0.00	7.34	741.00
	1859.33	0.00	7.33	752.00
	1859.34	0.00	7.33	755.00
	1859.35	0.00	7.32	757.00
	1859.36	0.00	7.33	757.00
	1859.38	0.00	7.29	758.00
	1859.39	0.00	7.16	757.00
	1859.40	0.00	7.10	768.00
	1859.41	0.00	7.02	775.00
	1859.42	0.00	6.90	793.00
	1859.44	0.00	6.80	804.00
	1859.45	0.00	6.77	809.00
	1859.46	0.00	5.90	756.00
	1859.47	0.00	5.86	748.00
	1859.48	0.00	5.83	735.00
	1859.49	0.00	5.24	673.00
	1859.51	0.00	5.27	662.00
	1859.52	0.00	5.29	650.00
	1859.53	0.00	5.32	636.00
	1859.54	0.00	5.32	620.00
	1859.55	0.00	5.34	604.00
	1859.56	0.00	5.36	586.00
	1859.57	0.00	5.38	578.00
	1859.58	0.00	5.38	570.00
	1859.60	0.00	5.39	566.00
	1859.61	0.00	5.39	560.00
	1859.62	0.00	5.49	565.00
	1859.63	0.00	5.49	562.00
	1859.64	0.00	5.49	559.00
	1859.65	0.00	5.46	579.00
	1859.67	0.00	5.46	579.00
	1859.68	0.00	5.46	579.00
	1859.69	0.00	5.44	577.00
	1859.70	0.00	5.46	577.00
	1859.71	0.00	5.47	575.00
	1859.72	0.00	5.48	575.00
	1859.73	0.00	5.49	578.00
	1859.75	0.00	5.48	576.00
	1859.76	0.00	5.47	572.00
	1859.77	0.00	5.58	578.00
	1859.78	0.00	5.57	574.00
	1859.79	0.00	5.56	582.00
	1859.80	0.00	5.53	592.00
	1859.81	0.00	5.54	595.00
	1859.83	0.00	5.50	594.00
	1859.84	0.00	5.52	601.00
	1859.85	0.00	5.52	603.00
	1859.86	0.00	5.53	601.00
	1859.87	0.00	5.51	607.00
	1859.88	0.00	5.51	610.00
	1859.90	0.00	5.50	611.00
	1859.91	0.00	5.48	614.00
	1859.92	0.00	5.50	618.00
	1859.93	0.00	5.48	620.00
	1859.94	0.00	5.49	623.00
	1859.95	0.00	5.48	627.00
	1859.96	0.00	5.48	629.00
	1859.98	0.00	5.48	634.00
	1859.99	0.00	5.41	636.00
	1860.00	0.00	5.40	641.00
	1860.01	0.00	5.41	642.00
	1860.02	0.00	5.41	649.00
	1860.03	0.00	5.40	656.00
	1860.04	0.00	5.40	660.00
	1860.06	0.00	5.28	670.00
	1860.07	0.00	5.40	677.00
	1860.08	0.00	5.37	684.00
	1860.09	0.00	5.32	686.00
	1860.10	0.00	5.23	696.00
	1860.11	0.00	5.33	699.00
	1860.13	0.00	5.33	701.00
	1860.14	0.00	5.24	701.00
	1860.15	0.00	5.18	703.00
	1860.16	0.00	5.21	690.00
	1860.17	0.00	5.21	683.00
	1860.18	0.00	5.23	684.00
	1860.19	0.00	5.21	684.00
	1860.20	0.00	5.26	684.00
	1860.22	0.00	5.30	683.00
	1860.23	0.00	5.24	683.00
	1860.24	0.00	5.21	683.00
	1860.25	0.00	5.32	683.00
	1860.26	0.00	5.30	683.00
	1860.27	0.00	5.30	682.00
	1860.29	0.00	5.21	681.00
	1860.30	0.00	5.26	679.00
	1860.31	0.00	5.21	681.00
	1860.32	0.00	5.19	682.00
	1860.33	0.00	5.20	679.00
	1860.34	0.00	5.19	678.00
	1860.35	0.00	5.22	679.00
	1860.37	0.00	5.29	684.00
	1860.38	0.00	5.28	685.00
	1860.39	0.00	5.28	685.00
	1860.40	0.00	5.28	687.00
	1860.41	0.00	5.38	691.00
	1860.42	0.00	5.39	694.00
	1860.44	0.00	5.41	697.00
	1860.45	0.00	5.35	715.00
	1860.46	0.00	5.35	716.00
	1860.47	0.00	5.36	717.00
	1860.48	0.00	5.36	717.00
	1860.49	0.00	5.37	714.00
	1860.51	0.00	5.36	713.00
	1860.52	0.00	5.36	713.00
	1860.53	0.00	5.32	715.00
	1860.54	0.00	5.32	714.00
	1860.55	0.00	5.33	714.00
	1860.56	0.00	5.44	717.00
	1860.57	0.00	5.44	715.00
	1860.58	0.00	5.44	713.00
	1860.60	0.00	5.42	726.00
	1860.61	0.00	5.42	726.00
	1860.62	0.00	5.42	726.00
	1860.63	0.00	5.41	727.00
	1860.64	0.00	5.42	728.00
	1860.66	0.00	.37	738.00
	1860.86	0.00	5.36	738.00
	1860.87	0.00	5.37	737.00
	1860.88	0.00	5.36	738.00
	1860.90	0.00	5.34	738.00
	1860.91	0.00	5.34	739.00
	1860.92	0.00	5.33	736.00
	1860.93	0.00	5.25	732.00
	1860.94	0.00	5.26	728.00
	1860.95	0.00	5.17	703.00
	1860.96	0.00	5.17	707.00
	1860.98	0.00	5.20	706.00
	1860.99	0.00	5.21	706.00
	1861.00	0.00	5.20	706.00
	1861.01	0.00	5.21	705.00
	1861.02	0.00	5.20	707.00
	1861.03	0.00	5.65	757.00
	1861.05	0.00	5.65	756.00
	1861.06	0.00	5.66	757.00
	1861.07	0.00	5.21	706.00
	1861.08	0.00	5.22	706.00
	1861.09	0.00	5.22	706.00
	1861.10	0.00	5.21	706.00
	1861.11	0.00	5.21	705.00
	1861.13	0.00	5.21	703.00
	1861.14	0.00	5.31	702.00
	1861.15	0.00	5.30	700.00
	1861.16	0.00	5.31	702.00
	1861.17	0.00	5.29	701.00
	1861.18	0.00	5.30	700.00
	1861.19	0.00	5.37	701.00
	1861.21	0.00	5.40	703.00
	1861.22	0.00	5.39	701.00
	1861.23	0.00	5.40	700.00
	1861.24	0.00	5.3	729.00
	1861.45	0.00	5.44	729.00
	1861.46	0.00	5.44	726.00
	1861.47	0.00	5.42	731.00
	1861.48	0.00	5.42	732.00
	1861.49	0.00	5.43	730.00
	1861.51	0.00	5.40	728.00
	1861.52	0.00	5.42	730.00
	1861.53	0.00	5.42	732.00
	186173	0.00	5.31	713.00
	1861.75	0.00	5.31	714.00
	1861.76	0.00	5.30	717.00
	1861.77	0.00	5.32	718.00
	1861.78	0.00	5.31	719.00
	1861.79	0.00	5.79	776.00
	1861.80	0.00	5.31	722.00
	1861.81	0.00	5.30	726.00
	1861.83	0.00	5.30	728.00
	1861.84	0.00	5.30	729.00
	1861.85	0.00	5.28	730.00
	1861.86	0.00	5.29	732.00
	1861.87	0.00	5.28	736.00
	1861.88	0.00	5.29	738.00
	1861.90	0.00	5.28	737.00
	1861.91	0.00	5.35	743.00
	1861.92	0.00	5.37	743.00
	1861.93	0.00	5.38	743.00
	1861.94	0.00	5.34	764.00
	1861.95	0.00	5.33	764.00
	1861.96	0.00	5.33	767.00
	1861.98	0.00	5.34	769.00
	1861.99	0.00	5.35	768.00
	1862.00	0.00	5.34	766.00
	1862.01	0.00	5.35	770.00
	1862.02	0.00	5.34	773.00
	1862.03	0.00	5.34	773.00
	1862.04	0.00	5.40	782.00
	1862.06	0.00	5.41	784.00
	1862.07	0.00	5.41	787.00
	1862.08	0.00	5.39	797.00
	1862.09	0.00	5.37	813.00
	1862.10	0.00	5.37	815.00
	1862.11	0.00	5.36	828.00
	1862.1200
	1862.42	0.00	5.31	800.00
	1862.44	0.00	5.32	798.00
	1862.45	0.00	5.31	789.00
	1862.46	0.00	5.29	800.00
	1862.47	0.00	5.29	800.00
	1862.48	0.00	5.28	801.00
	1862.49	0.00	5.21	793.00
	1862.50	0.00	5.20	792.00
	1862.52	00	5.70	520.00
	1862.92	0.00	5.70	516.00
	1862.93	0.00	5.67	510.00
	1862.94	0.00	5.65	507.00
	1862.95	0.00	5.64	505.00
	1862.96	0.00	5.63	505.00
	1862.98	0.00	5.59	518.00
	1862.99	0.00	5.58	518.00
	1863.00	0.00	5.59	517.00
	1863.01	0.00	5.58	518.00
	1863.02	0.00	5.60	517.00
	1863.03	0.00	5.59	516.00
	1863.05	0.00	5.58	517.00
	1863.06	0.00	5.60	515.00
	1863.07	0.00	5.58	511.00
	1863.08	0.00	5.58	515.00
	1863.09	0.00	5.59	515.00
	1863.10	0.00	5.58	514.00
	1863.11	0.00	5.59	514.00
	1863.13	0.00	5.60	512.00
	1863.14	0.00	5.58	511.00
	1863.15	0.00	5.59	511.00
	1863.16	0.00	5.57	510.00
	1863.17	0.00	5.57	509.00
	1863.18	0.00	5.58	508.00
	1863.20	0.00	5.58	507.00
	1863.21	0.00	5.53	505.00
	1863.22	0.00	5.54	501.00
	1863.23	0.00	5.54	503.00
	1863.24	0.00	5.55	500.00
	1863.25	0.00	5.54	501.00
	1863.27	0.00	5.55	499.00
	1863.28	0.00	5.55	499.00
	1863.29	0.00	5.55	498.00
	1863.30	0.00	5.57	498.00
	1863.31	0.00	5.58	498.00
	1863.32	0.00	5.56	496.00
	1863.33	0.00	5.55	496.00
	1863.35	0.00	5.57	497.00
	1863.36	0.00	5.57	496.00
	1863.37	0.00	5.58	498.00
	1863.38	0.00	5.58	496.00
	1863.39	0.00	6.73	544.00
	1863.40	0.00	6.91	524.00
	1863.42	0.00	6.97	531.00
	1863.43	0.00	6.98	535.00
	1863.44	0.00	6.96	536.00
	1863.45	0.00	6.96	539.00
	1863.46	0.00	6.96	544.00
	1863.47	0.00	6.84	572.00
	1863.48	0.00	6.64	646.00
	1863.50	0.00	5.54	683.00
	1863.51	0.00	5.50	745.00
	1863.52	0.00	5.43	794.00
	1863.53	0.00	5.42	815.00
	1863.54	0.00	5.41	828.00
	1863.56	0.00	5.37	856.00
	1863.57	0.00	5.30	887.00
	1863.58	0.00	5.25	933.00
	1863.59	0.00	5.20	979.00
	1863.60	0.00	5.11	1032.00
	1863.61	0.00	5.08	1074.00
	1863.62	0.00	5.04	1108.00
	1863.64	0.00	5.02	1134.00
	1863.65	0.00	5.00	1156.00
	1863.66	0.00	4.97	1177.00
	1863.67	0.00	4.95	1189.00
	1863.68	0.00	4.94	1197.00
	1863.69	0.00	4.92	1216.00
	1863.70	0.00	4.92	1223.00
	1863.72	0.00	4.91	1226.00
	1863.73	0.00	4.91	1227.00
	1863.74	0.00	4.91	1225.00
	1863.75	0.00	4.91	1223.00
	1863.76	0.00	4.92	1219.00
	1863.78	0.00	4.92	1212.00
	1863.79	0.00	4.94	1199.00
	1863.80	0.00	4.95	1192.00
	1863.81	0.00	4.95	1190.00
	1863.82	0.00	4.97	1188.00
	1863.83	0.00	4.97	1188.00
	1863.84	0.00	4.98	1187.00
	1863.86	0.00	4.98	1186.00
	1863.87	0.00	4.99	1185.00
	1863.88	0.00	4.99	1173.00
	1863.89	0.00	4.98	1167.00
	1863.90	0.00	5.00	1165.00
	1863.92	0.00	5.00	1156.00
	1863.93	0.00	5.00	1152.00
	1863.94	0.00	5.01	1147.00
	1863.95	0.00	5.00	1139.00
	1863.96	0.00	5.45	1177.00
	1863.97	0.00	5.50	1161.00
	1863.99	0.00	5.55	1142.00
	1864.00	0.00	5.55	1132.00
	1864.01	0.00	5.67	1113.00
	1864.02	0.00	5.71	1090.00
	1864.03	0.00	5.75	1067.00
	1864.04	0.00	5.83	1042.00
	1864.06	0.00	5.87	1012.00
	1864.07	0.00	5.93	986.00
	1864.08	0.00	6.04	955.00
	1864.09	0.00	6.13	911.00
	1864.10	0.00	6.22	860.00
	1864.11	0.00	6.32	810.00
	1864.12	0.00	6.36	759.00
	1864.14	0.00	6.39	707.00
	1864.15	0.00	6.45	656.00
	1864.16	0.00	6.47	606.00
	1864.17	0.00	6.48	578.00
	1864.18	0.00	6.43	547.00
	1864.19	0.00	6.29	531.00
	1864.20	0.00	5.57	480.00
	1864.22	0.00	5.56	480.00
	1864.23	0.00	5.46	476.00
	1864.24	0.00	5.47	478.00
	1864.25	0.00	5.47	478.00
	1864.26	0.00	5.47	474.00
	1864.27	0.00	5.50	471.00
	1864.29	0.00	5.50	472.00
	1864.30	0.00	5.50	471.00
	1864.31	0.00	5.50	471.00
	1864.32	0.00	5.52	472.00
	1864.33	0.00	5.51	470.00
	1864.34	0.00	5.51	469.00
	1864.35	0.00	5.53	470.00
	1864.37	0.00	5.53	468.00
	1864.38	0.00	5.51	468.00
	1864.39	0.00	5.52	467.00
	1864.40	0.00	5.53	465.00
	1864.41	0.00	5.53	466.00
	1864.42	0.00	5.53	464.00
	1864.44	0.00	5.52	459.00
	1864.45	0.00	5.54	457.00
	1864.46	0.00	5.66	461.00
	1864.47	0.00	5.68	458.00
	1864.48	0.00	5.64	458.00
	1864.49	0.00	5.54	461.00
	1864.50	0.00	5.60	459.00
	1864.52	0.00	5.56	458.00
	1864.53	0.00	5.68	456.00
	1864.54	0.00	5.67	456.00
	1864.55	0.00	5.69	454.00
	1864.56	0.00	5.69	457.00
	1864.57	0.00	5.70	456.00
	1864.58	0.00	5.66	459.00
	1864.60	0.00	5.76	464.00
	1864.61	0.00	5.75	464.00
	1864.62	0.00	5.74	471.00
	1864.63	0.00	5.68	493.00
	1864.64	0.00	5.62	516.00
	1864.65	0.00	5.56	546.00
	1864.67	0.00	5.43	602.00
	1864.68	0.00	5.38	683.00
	1864.69	0.00	5.34	744.00
	1864.70	0.00	5.29	793.00
	1864.71	0.00	5.28	823.00
	1864.72	0.00	5.27	839.00
	1864.73	0.00	5.26	852.00
	1864.75	0.00	5.27	866.00
	1864.76	0.00	5.25	883.00
	1864.77	0.00	5.25	896.00
	1864.78	0.00	5.25	908.00
	1864.79	0.00	5.24	924.00
	1864.80	0.00	5.22	938.00
	1864.81	0.00	5.21	957.00
	1864.83	0.00	5.19	977.00
	1864.84	0.00	5.18	996.00
	1864.85	0.00	5.17	1018.00
	1864.86	0.00	5.16	1035.00
	1864.87	0.00	5.15	1048.00
	1864.89	0.00	5.14	1063.00
	1864.90	0.00	5.14	1071.00
	1864.91	0.00	5.13	1079.00
	1864.92	0.00	5.14	1084.00
	1864.93	0.00	5.13	1087.00
	1864.94	0.00	5.13	1090.00
	1864.95	0.00	5.13	1089.00
	1864.97	0.00	5.13	1087.00
	1864.98	0.00	5.13	1084.00
	1864.99	0.00	5.13	1082.00
	1865.00	0.00	5.14	1078.00
	1865.01	0.00	5.16	1071.00
	1865.02	0.00	5.15	1068.00
	1865.04	0.00	5.16	1065.00
	1865.05	0.00	5.16	1061.00
	1865.06	0.00	5.17	1060.00
	1865.07	0.00	5.17	1056.00
	1865.08	0.00	5.18	1047.00
	1865.09	0.00	5.18	1050.00
	1865.11	0.00	5.18	1044.00
	1865.12	0.00	5.19	1042.00
	1865.13	0.00	5.19	1041.00
	1865.14	0.00	5.20	1041.00
	1865.15	0.00	5.20	1038.00
	1865.16	0.00	5.20	1035.00
	1865.18	0.00	5.21	1030.00
	1865.19	0.00	5.22	1028.00
	1865.20	0.00	5.22	1024.00
	1865.21	0.00	5.22	1018.00
	1865.22	0.00	5.15	1015.00
	1865.23	0.00	5.15	1007.00
	1865.25	0.00	5.15	1005.00
	1865.26	0.00	5.17	1005.00
	1865.27	0.00	5.18	1001.00
	1865.28	0.00	5.18	998.00
	1865.29	0.00	5.19	993.00
	1865.30	0.00	5.19	986.00
	1865.31	0.00	5.19	981.00
	1865.33	0.00	5.20	971.00
	1865.34	0.00	5.22	964.00
	1865.35	0.00	5.23	957.00
	1865.36	0.00	5.22	945.00
	1865.37	0.00	5.30	936.00
	1865.38	0.00	5.31	936.00
	1865.40	0.00	5.31	931.00
	1865.41	0.00	5.32	927.00
	1865.42	0.00	5.32	920.00
	1865.43	0.00	5.33	916.00
	1865.44	0.00	5.32	910.00
	1865.45	0.00	5.32	906.00
	1865.46	0.00	5.33	899.00
	1865.48	0.00	5.33	889.00
	1865.49	0.00	5.33	884.00
	1865.50	0.00	5.33	876.00
	1865.51	0.00	5.34	868.00
	1865.52	0.00	5.34	867.00
	1865.53	0.00	5.34	860.00
	1865.55	0.00	5.35	856.00
	1865.56	0.00	5.34	853.00
	1865.57	0.00	5.34	848.00
	1865.58	0.00	5.34	847.00
	1865.59	0.00	5.30	843.00
	1865.60	0.00	5.30	839.00
	1865.61	0.00	5.31	832.00
	1865.63	0.00	5.31	827.00
	1865.64	0.00	5.30	823.00
	1865.65	0.00	5.31	821.00
	1865.66	0.00	5.31	819.00
	1865.67	0.00	5.32	815.00
	1865.68	0.00	5.34	810.00
	1865.70	0.00	5.33	808.00
	1865.71	0.00	5.34	798.00
	1865.72	0.00	5.34	791.00
	1865.73	0.00	5.32	791.00
	1865.74	0.00	5.33	788.00
	1865.75	0.00	5.32	780.00
	1865.76	0.00	5.25	772.00
	1865.78	0.00	5.26	767.00
	1865.79	0.00	5.26	761.00
	1865.80	0.00	5.83	800.00
	1865.81	0.00	5.86	791.00
	1865.82	0.00	5.89	787.00
	1865.83	0.00	5.96	767.00
	1865.84	0.00	5.99	752.00
	1865.86	0.00	6.01	748.00
	1865.87	0.00	6.02	741.00
	1865.88	0.00	6.03	739.00
	1865.89	0.00	6.04	733.00
	1865.90	0.00	6.01	730.00
	1865.92	0.00	6.00	728.00
	1865.93	0.00	6.00	722.00
	1865.94	0.00	5.97	717.00
	1865.95	0.00	5.37	665.00
	1865.96	0.00	5.39	661.00
	1865.97	0.00	5.39	657.00
	1865.98	0.00	5.40	654.00
	1866.00	0.00	5.41	653.00
	1866.01	0.00	5.41	652.00
	1866.02	0.00	5.42	653.00
	1866.03	0.00	5.41	653.00
	1866.04	0.00	5.41	651.00
	1866.05	0.00	5.49	657.00
	1866.06	0.00	5.48	655.00
	1866.08	0.00	5.49	655.00
	1866.09	0.00	5.46	672.00
	1866.10	0.00	5.46	670.00
	1866.11	0.00	5.46	668.00
	1866.12	0.00	5.47	666.00
	1866.13	0.00	5.47	662.00
	1866.15	0.00	5.48	659.00
	1866.16	0.00	5.49	656.00
	1866.17	0.00	5.49	655.00
	1866.18	0.00	5.50	650.00
	1866.19	0.00	5.50	653.00
	1866.20	0.00	5.49	656.00
	1866.21	0.00	5.49	652.00
	1866.22	0.00	5.50	652.00
	1866.24	0.00	5.59	652.00
	1866.25	0.00	5.58	650.00
	1866.26	0.00	5.57	651.00
	1866.27	0.00	5.55	669.00
	1866.28	0.00	5.56	667.00
	1866.30	0.00	5.55	665.00
	1866.31	0.00	5.54	666.00
	1866.32	0.00	5.55	665.00
	1866.33	0.00	5.55	661.00
	1866.34	0.00	5.54	666.00
	1866.35	0.00	5.55	663.00
	1866.36	0.00	5.54	666.00
	1866.38	0.00	5.55	666.00
	1866.39	0.00	5.55	666.00
	1866.40	0.00	5.54	667.00
	1866.41	0.00	5.55	666.00
	1866.42	0.00	5.54	668.00
	1866.43	0.00	5.54	670.00
	1866.44	0.00	5.54	666.00
	1866.46	0.00	5.55	668.00
	1866.47	0.00	6.13	720.00
	1866.48	0.00	5.54	671.00
	1866.49	0.00	5.54	669.00
	1866.50	0.00	5.52	669.00
	1866.51	0.00	5.54	669.00
	1866.53	0.00	6.10	719.00
	1866.54	0.00	6.09	719.00
	1866.55	0.00	6.09	718.00
	1866.56	0.00	6.13	714.00
	1866.57	0.00	5.53	665.00
	1866.58	0.00	6.12	715.00
	1866.59	0.00	5.52	665.00
	1866.61	0.00	6.12	714.00
	1866.62	0.00	5.54	663.00
	1866.63	0.00	5.54	663.00
	1866.64	0.00	5.54	663.00
	1866.65	0.00	6.14	711.00
	1866.66	0.00	6.14	705.00
	1866.68	0.00	5.55	662.00
	1866.69	0.00	6.13	711.00
	1866.70	0.00	6.12	712.00
	1866.71	0.00	6.10	709.00
	1866.72	0.00	6.03	704.00
	1866.73	0.00	5.43	652.00
	1866.74	0.00	5.44	646.00
	1866.76	0.00	6.07	691.00
	1866.77	0.00	6.06	678.00
	1866.78	0.00	5.49	627.00
	1866.79	0.00	5.50	628.00
	1866.80	0.00	5.47	627.00
	1866.81	0.00	5.51	627.00
	1866.82	0.00	6.10	677.00
	1866.84	0.00	6.11	678.00
	1866.85	0.00	6.11	678.00
	1866.86	0.00	6.12	679.00
	1866.87	0.00	6.11	678.00
	1866.88	0.00	6.11	678.00
	1866.90	0.00	6.12	678.00
	1866.91	0.00	6.07	678.00
	1866.92	0.00	6.10	678.00
	1866.93	0.00	6.12	678.00
	1866.94	0.00	5.50	628.00
	1866.95	0.00	5.48	627.00
	1866.96	0.00	5.49	629.00
	1866.97	0.00	5.48	627.00
	1866.99	0.00	5.49	628.00
	1867.00	0.00	5.48	629.00
	1867.01	0.00	5.50	633.00
	1867.02	0.00	5.49	631.00
	1867.03	0.00	5.49	631.00
	1867.04	0.00	5.55	633.00
	1867.06	0.00	5.57	634.00
	1867.07	0.00	5.59	635.00
	1867.08	0.00	5.57	640.00
	1867.09	0.00	5.53	655.00
	1867.10	0.00	5.53	655.00
	1867.11	0.00	5.53	655.00
	1867.13	0.00	5.53	655.00
	1867.14	0.00	5.45	654.00
	1867.15	0.00	5.48	657.00
	1867.16	0.00	5.47	658.00
	1867.17	0.00	5.48	657.00
	1867.18	0.00	5.47	658.00
	1867.19	0.00	5.47	662.00
	1867.21	0.00	5.46	662.00
	1867.22	0.00	5.46	662.00
	1867.23	0.00	5.47	662.00
	1867.24	0.00	5.47	659.00
	1867.25	0.00	5.56	666.00
	1867.26	0.00	5.55	663.00
	1867.28	0.00	5.57	662.00
	1867.29	0.00	5.57	660.00
	1867.30	0.00	5.55	667.00
	1867.31	0.00	5.53	677.00
	1867.32	0.00	5.54	676.00
	1867.33	0.00	5.54	675.00
	1867.34	0.00	5.55	674.00
	1867.36	0.00	5.55	672.00
	1867.37	0.00	5.57	675.00
	1867.38	0.00	5.59	673.00
	1867.39	0.00	5.59	672.00
	1867.40	0.00	5.60	670.00
	1867.41	0.00	5.59	669.00
	1867.43	0.00	5.56	674.00
	1867.44	0.00	5.55	675.00
	1867.45	0.00	5.57	673.00
	1867.46	0.00	5.59	675.00
	1867.47	0.00	5.58	673.00
	1867.48	0.00	6.18	725.00
	1867.50	0.00	6.18	725.00
	1867.51	0.00	6.19	725.00
	1867.52	0.00	6.18	725.00
	1867.53	0.00	6.18	725.00
	1867.54	0.00	6.18	725.00
	1867.55	0.00	6.19	726.00
	1867.56	0.00	6.16	724.00
	1867.57	0.00	6.12	723.00
	1867.59	0.00	6.14	722.00
	1867.60	0.00	6.14	720.00
	1867.61	0.00	6.14	719.00
	1867.62	0.00	6.15	719.00
	1867.63	0.00	6.13	716.00
	1867.64	0.00	6.16	718.00
	1867.66	0.00	6.16	718.00
	1867.67	0.00	6.15	718.00
	1867.68	0.00	6.13	716.00
	1867.69	0.00	6.16	720.00
	1867.70	0.00	6.15	720.00
	1867.71	0.00	6.15	719.00
	1867.72	0.00	6.14	716.00
	1867.74	0.00	6.12	721.00
	1867.75	0.00	6.09	723.00
	1867.76	0.00	6.12	721.00
	1867.77	0.00	6.00	715.00
	1867.78	0.00	6.01	712.00
	1867.79	0.00	5.98	708.00
	1867.81	0.00	6.06	695.00
	1867.82	0.00	6.09	685.00
	1867.83	0.00	6.09	686.00
	1867.84	0.00	6.05	685.00
	1867.85	0.00	6.10	686.00
	1867.86	0.00	6.10	685.00
	1867.88	0.00	6.11	687.00
	1867.89	0.00	6.12	687.00
	1867.90	0.00	6.10	686.00
	1867.91	0.00	6.12	685.00
	1867.92	0.00	6.11	686.00
	1867.93	0.00	6.12	686.00
	1867.94	0.00	6.11	686.00
	1867.96	0.00	6.12	683.00
	1867.97	0.00	6.10	682.00
	1867.98	0.00	5.51	630.00
	1867.99	0.00	5.52	630.00
	1868.00	0.00	5.50	629.00
	1868.01	0.00	5.50	629.00
	1868.03	0.00	5.51	626.00
	1868.04	0.00	5.51	627.00
	1868.05	0.00	5.51	626.00
	1868.06	0.00	5.52	623.00
	1868.07	0.00	5.62	625.00
	1868.08	0.00	5.62	624.00
	1868.09	0.00	5.62	623.00
	1868.11	0.00	5.63	622.00
	1868.12	0.00	5.63	620.00
	1868.13	0.00	5.62	623.00
	1868.14	0.00	5.58	639.00
	1868.15	0.00	5.58	639.00
	1868.16	0.00	5.58	637.00
	1868.18	0.00	5.59	636.00
	1868.19	0.00	5.59	635.00
	1868.20	0.00	5.59	635.00
	1868.21	0.00	5.59	638.00
	1868.22	0.00	5.60	635.00
	1868.23	0.00	5.61	634.00
	1868.24	0.00	5.61	638.00
	1868.26	0.00	5.61	638.00
	1868.27	0.00	5.61	635.00
	1868.28	0.00	5.61	633.00
	1868.29	0.00	5.67	639.00
	1868.30	0.00	5.68	636.00
	1868.31	0.00	6.30	683.00
	1868.32	0.00	6.34	673.00
	1868.34	0.00	6.35	668.00
	1868.35	0.00	6.37	658.00
	1868.36	0.00	6.30	666.00
	1868.37	0.00	6.32	661.00
	1868.38	0.00	6.33	652.00
	1868.40	0.00	6.34	650.00
	1868.41	0.00	6.33	646.00
	1868.42	0.00	6.35	648.00
	1868.43	0.00	6.21	650.00
	1868.44	0.00	6.23	652.00
	1868.45	0.00	6.22	661.00
	1868.46	0.00	6.28	668.00
	1868.47	0.00	6.16	675.00
	1868.49	0.00	6.26	680.00
	1868.50	0.00	6.23	684.00
	1868.51	0.00	5.62	637.00
	1868.52	0.00	5.61	641.00
	1868.53	0.00	5.62	644.00
	1868.55	0.00	5.62	646.00
	1868.56	0.00	5.61	647.00
	1868.57	0.00	5.62	649.00
	1868.58	0.00	5.60	655.00
	1868.59	0.00	5.59	660.00
	1868.60	0.00	5.59	663.00
	1868.61	0.00	5.59	666.00
	1868.63	0.00	5.53	667.00
	1868.64	0.00	5.52	669.00
	1868.65	0.00	5.54	670.00
	1868.66	0.00	5.55	673.00
	1868.67	0.00	5.54	672.00
	1868.68	0.00	5.55	670.00
	1868.69	0.00	5.56	670.00
	1868.71	0.00	5.57	668.00
	1868.72	0.00	5.57	667.00
	1868.73	0.00	5.59	666.00
	1868.74	0.00	5.59	667.00
	1868.75	0.00	5.59	663.00
	1868.76	0.00	5.60	659.00
	1868.78	0.00	5.58	661.00
	1868.79	0.00	5.58	656.00
	1868.80	0.00	5.59	654.00
	1868.81	0.00	5.60	649.00
	1868.82	0.00	5.57	647.00
	1868.83	0.00	5.58	643.00
	1868.84	0.00	5.52	638.00
	1868.86	0.00	5.52	633.00
	1868.87	0.00	5.53	627.00
	1868.88	0.00	5.53	626.00
	1868.89	0.00	5.54	623.00
	1868.90	0.00	5.58	604.00
	1868.91	0.00	5.59	598.00
	1868.93	0.00	5.59	599.00
	1868.94	0.00	5.59	601.00
	1868.95	0.00	5.59	603.00
	1868.96	0.00	5.60	603.00
	1868.97	0.00	5.61	599.00
	1868.98	0.00	5.60	594.00
	1868.99	0.00	5.61	586.00
	1869.01	0.00	5.62	579.00
	1869.02	0.00	5.64	576.00
	1869.03	0.00	5.64	571.00
	1869.04	0.00	5.67	566.00
	1869.05	0.00	5.67	562.00
	1869.06	0.00	5.68	560.00
	1869.07	0.00	5.68	560.00
	1869.09	0.00	5.70	559.00
	1869.10	0.00	5.71	559.00
	1869.11	0.00	5.70	561.00
	1869.12	0.00	5.71	561.00
	1869.13	0.00	5.72	560.00
	1869.15	0.00	5.72	558.00
	1869.16	0.00	5.75	558.00
	1869.17	0.00	5.83	563.00
	1869.18	0.00	5.85	565.00
	1869.19	0.00	5.84	566.00
	1869.20	0.00	5.83	566.00
	1869.21	0.00	5.85	565.00
	1869.22	0.00	5.86	568.00
	1869.24	0.00	5.86	571.00
	1869.25	0.00	5.87	567.00
	1869.26	0.00	5.85	586.00
	1869.27	0.00	5.86	584.00
	1869.28	0.00	5.85	582.00
	1869.30	0.00	5.88	582.00
	1869.31	0.00	5.88	578.00
	1869.32	0.00	5.89	575.00
	1869.33	0.00	5.91	569.00
	1869.34	0.00	5.93	565.00
	1869.35	0.00	5.96	559.00
	1869.36	0.00	5.97	555.00
	1869.38	0.00	5.99	547.00
	1869.39	0.00	6.02	545.00
	1869.40	0.00	6.02	545.00
	1869.41	0.00	6.05	544.00
	1869.42	0.00	6.05	540.00
	1869.43	0.00	6.05	542.00
	1869.44	0.00	6.09	547.00
	1869.46	0.00	6.08	552.00
	1869.47	0.00	6.12	560.00
	1869.48	0.00	6.10	567.00
	1869.49	0.00	6.10	570.00
	1869.50	0.00	6.06	584.00
	1869.51	0.00	6.06	586.00
	1869.53	0.00	6.06	583.00
	1869.54	0.00	6.05	583.00
	1869.55	0.00	6.05	580.00
	1869.56	0.00	6.06	579.00
	1869.57	0.00	6.05	577.00
	1869.58	0.00	6.07	576.00
	1869.59	0.00	6.08	573.00
	1869.61	0.00	6.08	572.00
	1869.62	0.00	6.09	569.00
	1869.63	0.00	6.09	569.00
	1869.64	0.00	6.09	568.00
	1869.65	0.00	6.11	559.00
	1869.67	0.00	6.11	554.00
	1869.68	0.00	6.15	547.00
	1869.69	0.00	6.17	542.00
	1869.70	0.00	6.22	527.00
	1869.71	0.00	6.26	521.00
	1869.72	0.00	6.26	520.00
	1869.73	0.00	6.25	519.00
	1869.75	0.00	6.26	518.00
	1869.76	0.00	6.29	513.00
	1869.77	0.00	6.28	515.00
	1869.78	0.00	6.30	515.00
	1869.79	0.00	6.27	514.00
	1869.80	0.00	6.28	511.00
	1869.81	0.00	6.23	511.00
	1869.83	0.00	6.23	511.00
	1869.84	0.00	6.23	511.00
	1869.85	0.00	6.22	510.00
	1869.86	0.00	6.20	512.00
	1869.87	0.00	6.23	512.00
	1869.88	0.00	6.24	513.00
	1869.90	0.00	6.25	513.00
	1869.91	0.00	6.24	512.00
	1869.92	0.00	6.25	513.00
	1869.93	0.00	6.26	513.00
	1869.94	0.00	6.26	513.00
	1869.95	0.00	6.27	514.00
	1869.96	0.00	6.27	512.00
	1869.98	0.00	6.26	514.00
	1869.99	0.00	6.26	514.00
	1870.00	0.00	6.27	511.00
	1870.01	0.00	6.27	510.00
	1870.02	0.00	6.27	511.00
	1870.03	0.00	6.26	513.00
	1870.05	0.00	6.26	511.00
	1870.06	0.00	6.24	513.00
	1870.07	0.00	6.24	512.00
	1870.08	0.00	6.21	509.00
	1870.09	0.00	6.14	505.00
	1870.10	0.00	6.12	505.00
	1870.11	0.00	6.13	507.00
	1870.13	0.00	6.15	507.00
	1870.14	0.00	6.16	502.00
	1870.15	0.00	6.15	512.00
	1870.16	0.00	6.14	515.00
	1870.17	0.00	6.13	518.00
	1870.19	0.00	6.14	522.00
	1870.20	0.00	6.14	524.00
	1870.21	0.00	6.62	584.00
	1870.22	0.00	6.61	589.00
	1870.23	0.00	6.58	594.00
	1870.24	0.00	6.57	602.00
	1870.26	0.00	6.58	609.00
	1870.27	0.00	6.59	620.00
	1870.28	0.00	6.58	624.00
	1870.29	0.00	6.02	570.00
	1870.30	0.00	6.02	572.00
	1870.31	0.00	6.02	575.00
	1870.32	0.00	6.01	576.00
	1870.34	0.00	6.01	580.00
	1870.35	0.00	6.00	583.00
	1870.36	0.00	5.98	583.00
	1870.37	0.00	5.98	584.00
	1870.38	0.00	5.97	585.00
	1870.39	0.00	5.95	586.00
	1870.40	0.00	5.94	589.00
	1870.42	0.00	5.93	592.00
	1870.43	0.00	5.92	593.00
	1870.44	0.00	5.92	596.00
	1870.45	0.00	5.91	597.00
	1870.46	0.00	5.89	597.00
	1870.47	0.00	5.88	595.00
	1870.48	0.00	5.89	596.00
	1870.50	0.00	5.98	604.00
	1870.51	0.00	5.94	607.00
	1870.52	0.00	5.93	614.00
	1870.53	0.00	5.92	617.00
	1870.54	0.00	5.90	621.00
	1870.56	0.00	5.88	622.00
	1870.57	0.00	5.89	623.00
	1870.58	0.00	5.88	623.00
	1870.59	0.00	5.85	629.00
	1870.60	0.00	5.81	641.00
	1870.61	0.00	5.80	639.00
	1870.62	0.00	5.79	640.00
	1870.64	0.00	5.77	640.00
	1870.65	0.00	5.76	640.00
	1870.66	0.00	5.75	640.00
	1870.67	0.00	5.73	640.00
	1870.68	0.00	5.71	641.00
	1870.69	0.00	5.72	643.00
	1870.70	0.00	5.71	643.00
	1870.71	0.00	5.71	645.00
	1870.73	0.00	5.71	647.00
	1870.74	0.00	5.69	649.00
	1870.75	0.00	5.69	653.00
	1870.76	0.00	5.67	654.00
	1870.77	0.00	5.66	652.00
	1870.79	0.00	5.73	658.00
	1870.80	0.00	5.73	659.00
	1870.81	0.00	5.73	662.00
	1870.82	0.00	5.69	675.00
	1870.83	0.00	5.68	678.00
	1870.84	0.00	5.69	678.00
	1870.85	0.00	5.66	675.00
	1870.86	0.00	5.65	676.00
	1870.88	0.00	5.65	673.00
	1870.89	0.00	5.64	673.00
	1870.90	0.00	5.65	672.00
	1870.91	0.00	5.64	674.00
	1870.92	0.00	5.64	679.00
	1870.94	0.00	5.63	679.00
	1870.95	0.00	5.62	679.00
	1870.96	0.00	5.61	678.00
	1870.97	0.00	5.62	677.00
	1870.98	0.00	5.61	676.00
	1870.99	0.00	5.61	674.00
	1871.00	0.00	5.60	673.00
	1871.02	0.00	5.62	673.00
	1871.03	0.00	5.60	676.00
	1871.04	0.00	5.59	679.00
	1871.05	0.00	5.60	683.00
	1871.06	0.00	5.58	688.00
	1871.07	0.00	5.54	693.00
	1871.08	0.00	5.54	696.00
	1871.10	0.00	5.53	699.00
	1871.11	0.00	5.54	700.00
	1871.12	0.00	5.52	699.00
	1871.13	0.00	5.52	703.00
	1871.14	0.00	5.52	706.00
	1871.15	0.00	5.52	710.00
	1871.17	0.00	5.52	713.00
	1871.18	0.00	5.52	718.00
	1871.19	0.00	5.49	721.00
	1871.20	0.00	5.50	719.00
	1871.21	0.00	5.51	717.00
	1871.22	0.00	5.49	721.00
	1871.23	0.00	5.49	719.00
	1871.25	0.00	5.48	718.00
	1871.26	0.00	5.47	718.00
	1871.27	0.00	5.43	713.00
	1871.28	0.00	5.38	707.00
	1871.29	0.00	5.39	702.00
	1871.30	0.00	5.42	691.00
	1871.31	0.00	5.42	686.00
	1871.33	0.00	5.44	676.00
	1871.34	0.00	5.45	677.00
	1871.35	0.00	5.44	674.00
	1871.36	0.00	5.47	670.00
	1871.37	0.00	5.46	666.00
	1871.38	0.00	5.46	663.00
	1871.40	0.00	5.46	663.00
	1871.41	0.00	5.47	661.00
	1871.42	0.00	5.47	661.00
	1871.43	0.00	5.48	657.00
	1871.44	0.00	5.49	654.00
	1871.45	0.00	5.45	651.00
	1871.46	0.00	5.36	649.00
	1871.48	0.00	5.35	648.00
	1871.49	0.00	5.38	647.00
	1871.50	0.00	5.37	650.00
	1871.51	0.00	5.36	649.00
	1871.52	0.00	5.50	649.00
	1871.53	0.00	5.38	649.00
	1871.55	0.00	5.36	650.00
	1871.56	0.00	5.41	650.00
	1871.57	0.00	5.47	654.00
	1871.58	0.00	5.45	654.00
	1871.59	0.00	5.48	656.00
	1871.60	0.00	5.46	673.00
	1871.61	0.00	5.46	672.00
	1871.63	0.00	5.45	673.00
	1871.64	0.00	5.44	672.00
	1871.65	0.00	5.45	670.00
	1871.66	0.00	5.57	670.00
	1871.67	0.00	5.57	670.00
	1871.68	0.00	5.57	667.00
	1871.69	0.00	5.56	667.00
	1871.71	0.00	5.57	665.00
	1871.72	0.00	5.58	667.00
	1871.73	0.00	5.58	669.00
	1871.74	0.00	5.58	669.00
	1871.75	0.00	5.57	666.00
	1871.76	0.00	5.65	671.00
	1871.78	0.00	5.65	672.00
	1871.79	0.00	5.66	671.00
	1871.80	0.00	5.62	683.00
	1871.81	0.00	5.62	688.00
	1871.82	0.00	5.63	687.00
	1871.83	0.00	5.62	689.00
	1871.84	0.00	5.62	687.00
	1871.86	0.00	5.62	690.00
	1871.87	0.00	5.62	691.00
	1871.88	0.00	5.61	692.00
	1871.89	0.00	5.62	693.00
	1871.90	0.00	5.62	693.00
	1871.91	0.00	5.62	692.00
	1871.93	0.00	5.61	697.00
	1871.94	0.00	5.61	698.00
	1871.95	0.00	5.51	697.00
	1871.96	0.00	5.52	699.00
	1871.97	0.00	5.51	698.00
	1871.98	0.00	5.53	698.00
	1871.99	0.00	5.59	699.00
	1872.01	0.00	5.57	702.00
	1872.02	0.00	5.55	703.00
	1872.03	0.00	5.58	703.00
	1872.04	0.00	5.58	704.00
	1872.05	0.00	5.55	703.00
	1872.06	0.00	5.53	706.00
	1872.07	0.00	5.51	705.00
	1872.09	0.00	5.51	706.00
	1872.10	0.00	5.52	706.00
	1872.11	0.00	5.54	703.00
	1872.12	0.00	5.53	705.00
	1872.13	0.00	5.53	706.00
	1872.14	0.00	5.54	705.00
	1872.16	0.00	5.54	707.00
	1872.17	0.00	5.53	708.00
	1872.18	0.00	5.54	707.00
	1872.19	0.00	5.53	710.00
	1872.20	0.00	5.51	711.00
	1872.21	0.00	5.51	712.00
	1872.22	0.00	5.44	707.00
	1872.24	0.00	5.43	703.00
	1872.25	0.00	5.44	701.00
	1872.26	0.00	5.45	695.00
	1872.27	0.00	5.47	685.00
	1872.28	0.00	5.46	686.00
	1872.29	0.00	5.47	686.00
	1872.31	0.00	5.46	688.00
	1872.32	0.00	5.46	692.00
	1872.33	0.00	5.46	692.00
	1872.34	0.00	5.46	695.00
	1872.35	0.00	5.45	697.00
	1872.36	0.00	5.44	699.00
	1872.37	0.00	5.44	701.00
	1872.39	0.00	5.44	707.00
	1872.40	0.00	5.43	708.00
	1872.41	0.00	5.44	713.00
	1872.42	0.00	5.44	716.00
	1872.43	0.00	5.42	721.00
	1872.44	0.00	5.41	725.00
	1872.45	0.00	5.41	727.00
	1872.47	0.00	5.40	735.00
	1872.48	0.00	5.40	738.00
	1872.49	0.00	5.41	740.00
	1872.50	0.00	5.40	743.00
	1872.51	0.00	5.39	747.00
	1872.53	0.00	5.38	749.00
	1872.54	0.00	5.43	752.00
	1872.55	0.00	5.47	757.00
	1872.56	0.00	5.46	754.00
	1872.57	0.00	5.47	763.00
	1872.58	0.00	5.46	763.00
	1872.59	0.00	5.44	767.00
	1872.60	0.00	5.43	772.00
	1872.62	0.00	5.40	788.00
	1872.63	0.00	5.40	790.00
	1872.64	0.00	5.39	793.00
	1872.65	0.00	5.40	792.00
	1872.66	0.00	5.41	794.00
	1872.67	0.00	5.41	796.00
	1872.69	0.00	5.40	796.00
	1872.70	0.00	5.40	796.00
	1872.71	0.00	5.40	799.00
	1872.72	0.00	5.40	800.00
	1872.73	0.00	5.41	804.00
	1872.74	0.00	5.39	805.00
	1872.75	0.00	5.40	806.00
	1872.77	0.00	5.40	807.00
	1872.78	0.00	5.40	808.00
	1872.79	0.00	5.39	810.00
	1872.80	0.00	5.40	810.00
	1872.81	0.00	5.40	811.00
	1872.82	0.00	5.47	814.00
	1872.83	0.00	5.47	814.00
	1872.85	0.00	5.48	814.00
	1872.86	0.00	5.46	831.00
	1872.87	0.00	5.45	832.00
	1872.88	0.00	5.46	833.00
	1872.89	0.00	5.45	834.00
	1872.91	0.00	5.45	835.00
	1872.92	0.00	5.45	836.00
	1872.93	0.00	5.44	837.00
	1872.94	0.00	5.45	836.00
	1872.95	0.00	5.44	836.00
	1872.96	0.00	5.44	833.00
	1872.97	0.00	5.43	839.00
	1872.98	0.00	5.44	840.00
	1873.00	0.00	5.43	839.00
	1873.01	0.00	5.44	840.00
	1873.02	0.00	5.44	841.00
	1873.03	0.00	5.43	839.00
	1873.04	0.00	5.43	838.00
	1873.05	0.00	5.42	841.00
	1873.06	0.00	5.43	842.00
	1873.08	0.00	5.43	842.00
	1873.09	0.00	5.44	844.00
	1873.10	0.00	5.43	843.00
	1873.11	0.00	5.42	843.00
	1873.12	0.00	5.38	842.00
	1873.13	0.00	5.38	842.00
	1873.15	0.00	5.39	843.00
	1873.16	0.00	5.40	841.00
	1873.17	0.00	5.40	840.00
	1873.18	0.00	5.39	842.00
	1873.19	0.00	5.39	842.00
	1873.20	0.00	5.38	843.00
	1873.21	0.00	5.39	842.00
	1873.23	0.00	5.39	843.00
	1873.24	0.00	5.39	843.00
	1873.25	0.00	5.39	842.00
	1873.26	0.00	5.40	844.00
	1873.27	0.00	5.40	842.00
	1873.28	0.00	5.39	841.00
	1873.30	0.00	5.39	838.00
	1873.31	0.00	5.41	836.00
	1873.32	0.00	5.41	833.00
	1873.33	0.00	5.41	829.00
	1873.34	0.00	5.40	831.00
	1873.35	0.00	5.40	829.00
	1873.36	0.00	5.40	825.00
	1873.38	0.00	5.40	824.00
	1873.39	0.00	5.40	821.00
	1873.40	0.00	5.39	819.00
	1873.41	0.00	5.32	812.00
	1873.42	0.00	5.33	809.00
	1873.43	0.00	5.34	800.00
	1873.44	0.00	5.37	781.00
	1873.46	0.00	5.37	780.00
	1873.47	0.00	5.37	780.00
	1873.48	0.00	5.39	778.00
	1873.49	0.00	5.81	826.00
	1873.50	0.00	5.84	828.00
	1873.51	0.00	5.36	770.00
	1873.53	0.00	5.39	767.00
	1873.54	0.00	5.37	764.00
	1873.55	0.00	5.38	763.00
	1873.56	0.00	5.38	761.00
	1873.57	0.00	5.38	760.00
	1873.58	0.00	5.37	759.00
	1873.59	0.00	5.36	759.00
	1873.61	0.00	5.37	758.00
	1873.62	0.00	5.39	756.00
	1873.63	0.00	5.38	753.00
	1873.64	0.00	5.37	754.00
	1873.65	0.00	5.38	752.00
	1873.66	0.00	5.39	748.00
	1873.68	0.00	5.42	752.00
	1873.69	0.00	5.40	749.00
	1873.70	0.00	5.46	749.00
	1873.71	0.00	5.47	747.00
	1873.72	0.00	5.47	745.00
	1873.73	0.00	5.47	742.00
	1873.74	0.00	5.46	744.00
	1873.76	0.00	5.43	756.00
	1873.77	0.00	5.44	754.00
	1873.78	0.00	5.44	752.00
	1873.79	0.00	5.44	750.00
	1873.80	0.00	5.45	746.00
	1873.81	0.00	5.44	742.00
	1873.82	0.00	5.43	736.00
	1873.84	0.00	5.46	734.00
	1873.85	0.00	5.46	729.00
	1873.86	0.00	5.46	725.00
	1873.87	0.00	5.47	722.00
	1873.88	0.00	5.47	714.00
	1873.89	0.00	5.47	710.00
	1873.91	0.00	5.49	702.00
	1873.92	0.00	5.49	696.00
	1873.93	0.00	5.50	689.00
	1873.94	0.00	5.50	687.00
	1873.95	0.00	5.51	682.00
	1873.96	0.00	5.55	684.00
	1873.97	0.00	5.58	684.00
	1873.99	0.00	5.58	681.00
	1874.00	0.00	5.58	682.00
	1874.01	0.00	5.55	692.00
	1874.02	0.00	5.54	696.00
	1874.03	0.00	5.55	695.00
	1874.04	0.00	5.52	693.00
	1874.06	0.00	5.53	693.00
	1874.07	0.00	5.54	692.00
	1874.08	0.00	5.53	691.00
	1874.09	0.00	5.56	688.00
	1874.10	0.00	5.54	686.00
	1874.11	0.00	5.54	691.00
	1874.12	0.00	5.53	690.00
	1874.14	0.00	5.53	689.00
	1874.15	0.00	5.54	687.00
	1874.16	0.00	5.53	687.00
	1874.17	0.00	5.55	685.00
	1874.18	0.00	5.54	682.00
	1874.19	0.00	5.53	682.00
	1874.20	0.00	5.54	682.00
	1874.22	0.00	5.56	680.00
	1874.23	0.00	5.51	678.00
	1874.24	0.00	5.51	676.00
	1874.25	0.00	5.53	672.00
	1874.26	0.00	5.53	666.00
	1874.27	0.00	5.58	667.00
	1874.29	0.00	5.53	665.00
	1874.30	0.00	5.53	660.00
	1874.31	0.00	5.53	663.00
	1874.32	0.00	5.53	664.00
	1874.33	0.00	5.57	661.00
	1874.34	0.00	5.56	658.00
	1874.35	0.00	5.55	659.00
	1874.37	0.00	5.54	655.00
	1874.38	0.00	5.54	651.00
	1874.39	0.00	5.52	648.00
	1874.40	0.00	5.51	642.00
	1874.41	0.00	5.44	634.00
	1874.42	0.00	5.45	627.00
	1874.44	0.00	5.48	606.00
	1874.45	0.00	5.50	604.00
	1874.46	0.00	5.50	602.00
	1874.47	0.00	5.52	600.00
	1874.48	0.00	6.15	648.00
	1874.49	0.00	5.50	598.00
	1874.50	0.00	5.51	597.00
	1874.52	0.00	5.51	595.00
	1874.53	0.00	5.51	593.00
	1874.54	0.00	5.58	592.00
	1874.55	0.00	5.59	592.00
	1874.56	0.00	5.60	589.00
	1874.57	0.00	5.59	588.00
	1874.58	0.00	5.61	586.00
	1874.60	0.00	5.62	583.00
	1874.61	0.00	5.61	581.00
	1874.62	0.00	5.61	583.00
	1874.63	0.00	5.61	582.00
	1874.64	0.00	5.62	580.00
	1874.65	0.00	5.62	579.00
	1874.67	0.00	5.62	578.00
	1874.68	0.00	5.71	583.00
	1874.69	0.00	5.72	583.00
	1874.70	0.00	5.72	584.00
	1874.71	0.00	5.71	588.00
	1874.72	0.00	5.67	602.00
	1874.73	0.00	5.67	605.00
	1874.75	0.00	5.65	606.00
	1874.76	0.00	5.67	606.00
	1874.77	0.00	5.66	605.00
	1874.78	0.00	5.66	605.00
	1874.79	0.00	5.67	604.00
	1874.80	0.00	5.66	606.00
	1874.82	0.00	5.68	603.00
	1874.83	0.00	5.67	604.00
	1874.84	0.00	5.67	607.00
	1874.85	0.00	5.67	606.00
	1874.86	0.00	5.67	607.00
	1874.87	0.00	5.67	608.00
	1874.88	0.00	5.68	607.00
	1874.90	0.00	5.68	609.00
	1874.91	0.00	5.78	613.00
	1874.92	0.00	5.79	612.00
	1874.93	0.00	5.78	613.00
	1874.94	0.00	5.71	613.00
	1874.95	0.00	5.77	616.00
	1874.96	0.00	5.73	629.00
	1874.98	0.00	5.73	629.00
	1874.99	0.00	5.74	629.00
	1875.00	0.00	5.73	630.00
	1875.01	0.00	5.72	630.00
	1875.02	0.00	5.73	629.00
	1875.03	0.00	5.73	628.00
	1875.05	0.00	5.74	626.00
	1875.06	0.00	5.73	630.00
	1875.07	0.00	5.73	633.00
	1875.08	0.00	5.71	637.00
	1875.09	0.00	5.72	638.00
	1875.10	0.00	5.72	639.00
	1875.11	0.00	5.72	641.00
	1875.13	0.00	5.72	642.00
	1875.14	0.00	5.73	645.00
	1875.15	0.00	5.72	647.00
	1875.16	0.00	5.72	648.00
	1875.17	0.00	5.71	651.00
	1875.18	0.00	5.72	651.00
	1875.19	0.00	5.66	652.00
	1875.21	0.00	5.66	652.00
	1875.22	0.00	5.66	653.00
	1875.23	0.00	5.66	654.00
	1875.24	0.00	5.67	650.00
	1875.25	0.00	5.66	653.00
	1875.26	0.00	5.65	656.00
	1875.28	0.00	5.65	658.00
	1875.29	0.00	5.65	659.00
	1875.30	0.00	5.66	660.00
	1875.31	0.00	5.68	661.00
	1875.32	0.00	5.67	664.00
	1875.33	0.00	5.67	664.00
	1875.34	0.00	5.66	663.00
	1875.36	0.0